PEPSEQ,REF1,REF2,IP1,IP2,REF_SUM,IP_SUM,T_I,TOXICITY
RDIIGGCV,41,49,416,425,90,841,-6.258333333333334,anti-toxic
CYDICNIG,46,27,349,362,73,711,-6.194174757281553,anti-toxic
FVVDYDRN,12,15,187,193,27,380,-6.192982456140351,anti-toxic
HLGGVYVR,22,11,201,213,33,414,-6.0476190476190474,anti-toxic
GFDLFSGC,43,28,329,320,71,649,-5.7227722772277225,anti-toxic
ISVNGSGF,37,28,299,306,65,605,-5.684210526315789,anti-toxic
CCLSSRFV,17,20,192,208,37,400,-5.417910447761194,anti-toxic
VCDSVGRH,29,27,264,255,56,519,-5.383720930232558,anti-toxic
YISFYFSD,55,45,393,403,100,796,-5.3538461538461535,anti-toxic
CDGRHHGF,10,9,131,147,19,278,-5.285714285714286,anti-toxic
CFHDRVDV,35,19,239,249,54,488,-5.166666666666667,anti-toxic
CDLLYDVL,53,35,335,344,88,679,-5.008474576271187,anti-toxic
CHVDVFRN,21,12,167,176,33,343,-4.920634920634921,anti-toxic
CINNGCDV,20,18,176,195,38,371,-4.897058823529412,anti-toxic
GSCSISFG,25,16,194,192,41,386,-4.859154929577465,anti-toxic
FCFVDIHC,27,18,198,204,45,402,-4.76,anti-toxic
CDVFDVVL,12,8,122,136,20,258,-4.76,anti-toxic
SIRYSIHV,18,18,165,182,36,347,-4.712121212121212,anti-toxic
FFNCCGRY,33,20,213,229,53,442,-4.686746987951807,anti-toxic
IRVNDCLI,20,9,148,152,29,300,-4.593220338983051,anti-toxic
LINVGCRF,45,26,252,271,71,523,-4.475247524752476,anti-toxic
RVDRGICI,31,35,252,243,66,495,-4.46875,anti-toxic
CFDVCNGR,35,21,217,217,56,434,-4.395348837209302,anti-toxic
LGCDCSRF,17,9,136,136,26,272,-4.392857142857143,anti-toxic
GCNVRLCD,38,20,225,219,58,444,-4.386363636363637,anti-toxic
FCGNFFRF,15,17,149,154,32,303,-4.370967741935484,anti-toxic
NYICGCSF,35,17,198,211,52,409,-4.353658536585366,anti-toxic
CVNVDVGG,24,9,151,155,33,306,-4.333333333333333,anti-toxic
SSCCHGVV,18,12,147,139,30,286,-4.266666666666667,anti-toxic
CGYHSDDI,19,15,147,160,34,307,-4.265625,anti-toxic
RGHGRFRG,23,15,158,169,38,327,-4.25,anti-toxic
NDYDVGVR,15,7,114,129,22,243,-4.25,anti-toxic
RNRFYSGR,24,13,151,169,37,320,-4.223880597014926,anti-toxic
SNGHGGVI,32,19,187,206,51,393,-4.222222222222222,anti-toxic
RSCIFHNV,23,17,172,159,40,331,-4.1571428571428575,anti-toxic
VDVVCLNY,52,36,284,294,88,578,-4.1525423728813555,anti-toxic
SCYFIHDY,24,6,133,146,30,279,-4.15,anti-toxic
DYGILFSL,19,16,157,144,35,301,-4.092307692307692,anti-toxic
DGDYVICC,9,9,98,116,18,214,-4.083333333333333,anti-toxic
FINGCVVG,29,26,198,202,55,400,-4.0588235294117645,anti-toxic
RFDGCLVC,32,23,205,195,55,400,-4.0588235294117645,anti-toxic
NNNGHGDL,18,13,133,145,31,278,-4.049180327868853,anti-toxic
CLSCGVGC,24,15,157,159,39,316,-4.0144927536231885,anti-toxic
CCCDVNIS,10,4,96,93,14,189,-3.977272727272727,anti-toxic
FCCGICVY,50,33,257,273,83,530,-3.9557522123893807,anti-toxic
RCVNGIGV,18,8,115,131,26,246,-3.9285714285714284,anti-toxic
LFDCRIVC,36,32,218,234,68,452,-3.9183673469387754,anti-toxic
CINVIING,34,16,187,176,50,363,-3.9125,anti-toxic
FISSSYGD,26,20,166,176,46,342,-3.8947368421052633,anti-toxic
GDRSYLGF,23,21,160,172,44,332,-3.891891891891892,anti-toxic
FHNVRDGF,29,20,178,175,49,353,-3.848101265822785,anti-toxic
VCLDCVDI,21,7,126,125,28,251,-3.8448275862068964,anti-toxic
IGHLDYGD,23,19,150,167,42,317,-3.8194444444444446,anti-toxic
RCRRGVYC,34,45,249,246,79,495,-3.81651376146789,anti-toxic
FHNFCRIY,13,12,108,126,25,234,-3.8,anti-toxic
LVDCFCGG,12,4,96,92,16,188,-3.739130434782609,anti-toxic
HFRFDDCR,20,16,137,145,36,282,-3.727272727272727,anti-toxic
GFDDGDNC,14,13,111,128,27,239,-3.719298245614035,anti-toxic
FDYVVGSN,21,14,136,140,35,276,-3.707692307692308,anti-toxic
RVRDVVYC,25,13,136,152,38,288,-3.676470588235294,anti-toxic
LGVFCHRF,16,5,111,97,21,208,-3.6666666666666665,anti-toxic
HCVGVVGY,16,10,111,120,26,231,-3.6607142857142856,anti-toxic
FSRYVCGH,13,10,102,115,23,217,-3.660377358490566,anti-toxic
FFYCSVGG,18,8,115,115,26,230,-3.642857142857143,anti-toxic
LLGYSDGV,19,14,123,138,33,261,-3.619047619047619,anti-toxic
HVLDFCSR,21,25,160,161,46,321,-3.6184210526315788,anti-toxic
DDVIFDRY,43,30,213,232,73,445,-3.6116504854368934,anti-toxic
CLFNFVSD,8,6,78,94,14,172,-3.590909090909091,anti-toxic
CHFFNFCG,26,19,153,161,45,314,-3.5866666666666664,anti-toxic
RRFHVCCG,16,13,124,116,29,240,-3.5762711864406778,anti-toxic
FGDGYIVY,16,16,132,121,32,253,-3.564516129032258,anti-toxic
GSHCCSCV,25,22,153,168,47,321,-3.5584415584415585,anti-toxic
YLLYDNRF,24,13,137,138,37,275,-3.5522388059701493,anti-toxic
CIGGRSCR,32,19,164,174,51,338,-3.54320987654321,anti-toxic
FCCICVDN,21,15,130,138,36,268,-3.515151515151515,anti-toxic
YYVSSIVR,9,4,87,77,13,164,-3.511627906976744,anti-toxic
LSRFDDCC,12,7,101,90,19,191,-3.510204081632653,anti-toxic
HHYYNFGN,29,13,141,153,42,294,-3.5,anti-toxic
CNRFGNCG,27,18,151,156,45,307,-3.493333333333333,anti-toxic
FIDLGYCC,23,14,129,142,37,271,-3.4925373134328357,anti-toxic
RFRFFDCL,29,14,142,154,43,296,-3.4657534246575343,anti-toxic
CVSDCLSL,24,9,135,116,33,251,-3.4603174603174605,anti-toxic
CVHNCFRD,13,5,86,98,18,184,-3.4583333333333335,anti-toxic
CDVNCICI,22,8,122,115,30,237,-3.45,anti-toxic
CIDGLFLG,23,9,121,124,32,245,-3.435483870967742,anti-toxic
DFGSDFRL,13,9,100,100,22,200,-3.423076923076923,anti-toxic
NCSCIFFG,9,13,91,108,22,199,-3.4038461538461537,anti-toxic
ISGVCDGG,20,7,109,112,27,221,-3.4035087719298245,anti-toxic
LYGSHFVG,16,5,97,97,21,194,-3.392156862745098,anti-toxic
VVRNRSYV,19,8,105,115,27,220,-3.3859649122807016,anti-toxic
FHSVSRFV,12,4,77,94,16,171,-3.369565217391304,anti-toxic
CNCCSYGG,21,22,142,146,43,288,-3.356164383561644,anti-toxic
GYRCDSHC,30,18,158,150,48,308,-3.3333333333333335,anti-toxic
SICYGVDH,24,19,136,150,43,286,-3.328767123287671,anti-toxic
RCDLFLNF,11,8,96,86,19,182,-3.326530612244898,anti-toxic
NVHHDRIL,3,2,65,56,5,121,-3.3142857142857145,anti-toxic
GYGNHDDS,22,16,136,127,38,263,-3.3088235294117645,anti-toxic
FGRVICHV,21,8,113,111,29,224,-3.305084745762712,anti-toxic
CNVRDCGG,44,25,191,205,69,396,-3.303030303030303,anti-toxic
NHRCCDYN,6,2,58,75,8,133,-3.289473684210526,anti-toxic
GCVLVDRY,13,13,98,112,26,210,-3.2857142857142856,anti-toxic
CVCCIISC,28,14,148,130,42,278,-3.2777777777777777,anti-toxic
YVLCNSHV,13,3,76,89,16,165,-3.239130434782609,anti-toxic
SYVGLCYG,13,9,93,97,22,190,-3.230769230769231,anti-toxic
CILCGVGV,25,20,147,140,45,287,-3.2266666666666666,anti-toxic
YLSCSINL,15,13,98,117,28,215,-3.2241379310344827,anti-toxic
ISLGFDVG,16,13,115,104,29,219,-3.2203389830508473,anti-toxic
GNSIYSFR,5,6,72,71,11,143,-3.2195121951219514,anti-toxic
GSFCCVCL,10,7,82,86,17,168,-3.2127659574468086,anti-toxic
SGLGGFYH,13,9,95,94,22,189,-3.2115384615384617,anti-toxic
CHCCGVYG,25,16,131,138,41,269,-3.211267605633803,anti-toxic
GNLSHCFC,6,8,69,85,14,154,-3.1818181818181817,anti-toxic
CYVNFIVR,7,6,67,82,13,149,-3.1627906976744184,anti-toxic
RHDFIRLF,18,9,97,110,27,207,-3.1578947368421053,anti-toxic
LYRSFDLG,26,20,138,148,46,286,-3.1578947368421053,anti-toxic
IDGHCHLH,30,15,132,147,45,279,-3.12,anti-toxic
FRRGDCVR,21,15,113,128,36,241,-3.106060606060606,anti-toxic
CYNVDNGI,31,18,146,148,49,294,-3.1012658227848102,anti-toxic
RDNSVCLR,2,8,63,71,10,134,-3.1,anti-toxic
CGCSDCSG,6,4,65,69,10,134,-3.1,anti-toxic
GRFINNSH,15,7,92,90,22,182,-3.076923076923077,anti-toxic
CVGCFVCL,35,27,180,165,62,345,-3.0760869565217392,anti-toxic
FDFYNCHS,18,14,107,115,32,222,-3.064516129032258,anti-toxic
GCGVVSNF,8,7,71,81,15,152,-3.0444444444444443,anti-toxic
VCGIRFDH,30,15,131,141,45,272,-3.026666666666667,anti-toxic
CLCSDYHR,11,2,63,80,13,143,-3.0232558139534884,anti-toxic
VCGVFGGC,13,6,78,89,19,167,-3.020408163265306,anti-toxic
FGNGVFYF,12,9,83,92,21,175,-3.019607843137255,anti-toxic
GISDFVCC,2,0,45,53,2,98,-3,anti-toxic
GYLGGCVV,11,4,72,78,15,150,-3,anti-toxic
HVIFGIDV,11,3,78,68,14,146,-3,anti-toxic
SRRNVILH,14,13,95,103,27,198,-3,anti-toxic
CFLRGCRF,41,24,182,168,65,350,-3,anti-toxic
FHRHVIDF,9,10,84,82,19,166,-3,anti-toxic
RDFVICCI,20,16,119,114,36,233,-2.984848484848485,anti-toxic
FIDNGLGC,7,5,67,70,12,137,-2.9761904761904763,anti-toxic
SYCVFCDY,21,13,109,115,34,224,-2.96875,anti-toxic
CLFLFNVF,26,24,142,144,50,286,-2.95,anti-toxic
YIDDCCVC,14,10,96,87,24,183,-2.9444444444444446,anti-toxic
SVHFHGCV,18,19,124,110,37,234,-2.9402985074626864,anti-toxic
LCCCHGVV,15,2,79,76,17,155,-2.9361702127659575,anti-toxic
VCCHISVN,69,63,307,300,132,607,-2.932098765432099,anti-toxic
HFIGGGGD,20,11,103,106,31,209,-2.918032786885246,anti-toxic
VCIVHGLY,13,5,79,79,18,158,-2.9166666666666665,anti-toxic
YSYDGHHF,21,9,95,110,30,205,-2.9166666666666665,anti-toxic
FYDFVFCG,11,4,71,75,15,146,-2.911111111111111,anti-toxic
NFCYHCFL,22,24,125,142,46,267,-2.9078947368421053,anti-toxic
HYRGVLVD,11,0,60,70,11,130,-2.902439024390244,anti-toxic
LNFGCFGI,11,6,74,79,17,153,-2.893617021276596,anti-toxic
HDVCFDHD,21,3,93,87,24,180,-2.888888888888889,anti-toxic
DCCCDNHV,6,8,73,68,14,141,-2.8863636363636362,anti-toxic
HIICHDHL,33,30,162,167,63,329,-2.860215053763441,anti-toxic
YRCSYCGD,25,16,115,129,41,244,-2.859154929577465,anti-toxic
FIVDGYFG,5,4,57,63,9,120,-2.8461538461538463,anti-toxic
FYGVSHRC,26,15,121,122,41,243,-2.8450704225352115,anti-toxic
LYVSNFVI,8,5,62,73,13,135,-2.8372093023255816,anti-toxic
GLFCDLGV,10,14,87,90,24,177,-2.8333333333333335,anti-toxic
CFFYVCCG,29,18,135,130,47,265,-2.831168831168831,anti-toxic
IFGDVVLR,8,9,75,75,17,150,-2.8297872340425534,anti-toxic
VCRGNCCG,19,14,109,102,33,211,-2.8253968253968256,anti-toxic
FIGFGDFF,22,20,116,129,42,245,-2.8194444444444446,anti-toxic
SNHLVVCY,6,3,58,60,9,118,-2.7948717948717947,anti-toxic
FVHVCYHD,12,9,76,87,21,163,-2.784313725490196,anti-toxic
FCFICGYS,17,19,111,107,36,218,-2.757575757575758,anti-toxic
CYFYSGVN,26,18,128,120,44,248,-2.7567567567567566,anti-toxic
FYCHDYGD,42,29,172,177,71,349,-2.7524752475247523,anti-toxic
ISGRGCGR,19,11,99,96,30,195,-2.75,anti-toxic
FGSCYCLC,37,23,153,154,60,307,-2.7444444444444445,anti-toxic
VHRSDIDH,6,6,64,63,12,127,-2.738095238095238,anti-toxic
SRDVGIFC,17,7,79,91,24,170,-2.7037037037037037,anti-toxic
HNVIFGVY,6,4,61,57,10,118,-2.7,anti-toxic
GFVGCIVC,5,4,56,58,9,114,-2.6923076923076925,anti-toxic
HIYFYRCD,22,9,95,100,31,195,-2.6885245901639343,anti-toxic
FLNVGIVL,19,11,92,99,30,191,-2.683333333333333,anti-toxic
YVFSLRSL,16,14,89,100,30,189,-2.65,anti-toxic
LDCYDVLL,7,3,52,64,10,116,-2.65,anti-toxic
HLSIGVGG,21,11,93,103,32,196,-2.6451612903225805,anti-toxic
CFSCVCGY,12,2,61,69,14,130,-2.6363636363636362,anti-toxic
DGRFRCGG,13,9,82,77,22,159,-2.6346153846153846,anti-toxic
FYVGHFHF,34,28,150,154,62,304,-2.630434782608696,anti-toxic
CGCRVFLG,1,3,40,53,4,93,-2.6176470588235294,anti-toxic
RRINNNYF,13,10,72,89,23,161,-2.6037735849056602,anti-toxic
VCVCVHLS,24,10,98,102,34,200,-2.59375,anti-toxic
GSSCRYFH,31,19,129,128,50,257,-2.5875,anti-toxic
CVHGSGVS,16,17,106,90,33,196,-2.5873015873015874,anti-toxic
LICRGDNG,8,5,64,60,13,124,-2.5813953488372094,anti-toxic
VGVFIDYL,7,3,51,62,10,113,-2.575,anti-toxic
LCDCSSLF,25,15,107,113,40,220,-2.5714285714285716,anti-toxic
SGHNHHSG,4,1,45,50,5,95,-2.5714285714285716,anti-toxic
HCIFDNLR,20,10,88,96,30,184,-2.566666666666667,anti-toxic
GCCCDGFF,5,4,52,57,9,109,-2.5641025641025643,anti-toxic
CILGRGRS,58,46,224,223,104,447,-2.5597014925373136,anti-toxic
HVFLHVGF,18,15,89,105,33,194,-2.5555555555555554,anti-toxic
FYDVRDFG,20,24,111,122,44,233,-2.554054054054054,anti-toxic
ICYFDFSV,17,6,75,83,23,158,-2.547169811320755,anti-toxic
VCYCGVGY,31,16,113,130,47,243,-2.5454545454545454,anti-toxic
CFVCYDHF,28,14,113,112,42,225,-2.5416666666666665,anti-toxic
FFHVRNGC,9,11,65,82,20,147,-2.54,anti-toxic
FYSVGIGC,24,13,98,109,37,207,-2.537313432835821,anti-toxic
VHGCFNVY,22,19,112,109,41,221,-2.535211267605634,anti-toxic
LDLVNIFI,16,5,69,81,21,150,-2.5294117647058822,anti-toxic
CFGCDDYL,3,3,39,58,6,97,-2.5277777777777777,anti-toxic
INVGCSGG,20,7,77,94,27,171,-2.526315789473684,anti-toxic
LRVHSFSG,10,3,59,62,13,121,-2.511627906976744,anti-toxic
VFFFHDFC,46,27,156,175,73,331,-2.504854368932039,anti-toxic
VCRGRICC,12,14,76,90,26,166,-2.5,anti-toxic
YFCCCCGI,12,7,69,72,19,141,-2.489795918367347,anti-toxic
NIVLSSGG,14,6,70,74,20,144,-2.48,anti-toxic
CYSFRGVG,42,26,156,155,68,311,-2.479591836734694,anti-toxic
VYCLRDHH,42,32,157,174,74,331,-2.4711538461538463,anti-toxic
CCNYHDVC,46,30,172,165,76,337,-2.4622641509433962,anti-toxic
LRRCHFFS,41,25,147,155,66,302,-2.4583333333333335,anti-toxic
LCISCHLG,15,10,74,86,25,160,-2.4545454545454546,anti-toxic
VNNDCVRH,13,2,59,66,15,125,-2.4444444444444446,anti-toxic
GSHNFDCG,35,19,128,131,54,259,-2.4404761904761907,anti-toxic
IYHDVSGR,10,6,64,64,16,128,-2.4347826086956523,anti-toxic
FVGVFGLS,29,28,137,131,57,268,-2.425287356321839,anti-toxic
FGVNFGCL,5,5,49,58,10,107,-2.425,anti-toxic
YCRHRYGV,5,3,50,50,8,100,-2.4210526315789473,anti-toxic
LRFCCCSG,48,30,168,171,78,339,-2.4166666666666665,anti-toxic
GCRGNGCN,46,35,168,179,81,347,-2.3963963963963963,anti-toxic
DCSVSGVF,10,3,60,56,13,116,-2.395348837209302,anti-toxic
HFGRCCLL,13,6,70,65,19,135,-2.36734693877551,anti-toxic
FLHRCNCI,20,13,88,94,33,182,-2.365079365079365,anti-toxic
CVYSVLCC,22,15,106,89,37,195,-2.3582089552238807,anti-toxic
SSFSGGGD,21,4,74,80,25,154,-2.3454545454545452,anti-toxic
VCNFFLFC,20,9,77,90,29,167,-2.3389830508474576,anti-toxic
RDSVNRCS,40,21,133,140,61,273,-2.32967032967033,anti-toxic
VINNCCLV,33,22,125,128,55,253,-2.3294117647058825,anti-toxic
NCCFGVRR,14,2,60,63,16,123,-2.3260869565217392,anti-toxic
CSFYNCRN,15,8,68,78,23,146,-2.3207547169811322,anti-toxic
RYDIRICV,11,3,56,60,14,116,-2.3181818181818183,anti-toxic
GCHCRSLR,18,15,86,93,33,179,-2.3174603174603177,anti-toxic
SGFLLGYY,7,4,48,58,11,106,-2.317073170731707,anti-toxic
DIVGDGGL,12,10,69,73,22,142,-2.3076923076923075,anti-toxic
GRRCCDDF,37,21,122,139,58,261,-2.3068181818181817,anti-toxic
VDSCRDIS,56,50,204,215,106,419,-2.301470588235294,anti-toxic
CFRSGRLR,21,15,87,100,36,187,-2.287878787878788,anti-toxic
GGVLDICR,8,4,54,54,12,108,-2.2857142857142856,anti-toxic
FLYYGVCN,5,4,56,42,9,98,-2.282051282051282,anti-toxic
FHVLGRCV,15,6,63,74,21,137,-2.2745098039215685,anti-toxic
YCSCVVHS,18,14,80,93,32,173,-2.274193548387097,anti-toxic
LRGICSCS,27,13,96,103,40,199,-2.2714285714285714,anti-toxic
VCFSVGGY,25,16,95,107,41,202,-2.267605633802817,anti-toxic
VSSFVYVC,29,16,101,114,45,215,-2.2666666666666666,anti-toxic
GNFIRRNI,44,28,155,148,72,303,-2.264705882352941,anti-toxic
FDHGFVNF,12,11,73,70,23,143,-2.2641509433962264,anti-toxic
LLCGIILC,70,51,222,240,121,462,-2.2582781456953644,anti-toxic
CDHCGIGG,6,3,43,54,9,97,-2.2564102564102564,anti-toxic
HIHNFYCF,15,10,66,83,25,149,-2.2545454545454544,anti-toxic
LGRCGVGS,5,5,47,53,10,100,-2.25,anti-toxic
VCGCVRYF,39,27,133,149,66,282,-2.25,anti-toxic
YCDCFRYF,16,14,82,83,30,165,-2.25,anti-toxic
CGFGCLCC,15,9,71,74,24,145,-2.240740740740741,anti-toxic
YRLGGSVD,8,9,59,63,17,122,-2.234042553191489,anti-toxic
FHFCHGCF,24,9,77,96,33,173,-2.2222222222222223,anti-toxic
RGVFVRYC,20,16,83,99,36,182,-2.212121212121212,anti-toxic
NFDIHDGH,1,4,33,49,5,82,-2.2,anti-toxic
CNDRHYGR,11,5,58,59,16,117,-2.1956521739130435,anti-toxic
FNNSYLCL,6,10,57,60,16,117,-2.1956521739130435,anti-toxic
FHCVHIRG,8,12,67,62,20,129,-2.18,anti-toxic
CVDLSCCL,15,6,61,71,21,132,-2.176470588235294,anti-toxic
VCSIILCH,21,16,82,100,37,182,-2.1641791044776117,anti-toxic
CDFFVGNG,13,7,68,60,20,128,-2.16,anti-toxic
CIYCVCRD,24,15,102,85,39,187,-2.1449275362318843,anti-toxic
IGGHVFGS,34,20,114,120,54,234,-2.142857142857143,anti-toxic
VCIFGSVN,4,4,38,51,8,89,-2.1315789473684212,anti-toxic
CCGLCGRS,17,15,74,90,32,164,-2.129032258064516,anti-toxic
CCNVCVYL,21,20,92,100,41,192,-2.1267605633802815,anti-toxic
GGILRYVC,0,2,30,40,2,70,-2.125,anti-toxic
IGGYVCFV,10,8,52,68,18,120,-2.125,anti-toxic
VFYFLDIS,39,30,138,140,69,278,-2.111111111111111,anti-toxic
VIRVCGSC,15,11,67,77,26,144,-2.107142857142857,anti-toxic
VFRCIIGV,16,12,68,82,28,150,-2.103448275862069,anti-toxic
FGVSRHHG,7,3,48,46,10,94,-2.1,anti-toxic
IRGGCVRN,33,17,113,105,50,218,-2.1,anti-toxic
LRGGRDLR,38,26,135,126,64,261,-2.095744680851064,anti-toxic
GCGCFHFS,5,7,42,58,12,100,-2.0952380952380953,anti-toxic
GCCYCDDF,15,8,60,74,23,134,-2.0943396226415096,anti-toxic
GVRCVCCV,1,1,26,43,2,69,-2.09375,anti-toxic
LGYFGFCR,38,19,110,129,57,239,-2.0919540229885056,anti-toxic
FCVYSSCV,10,5,50,59,15,109,-2.088888888888889,anti-toxic
YFFDHVGH,20,7,74,72,27,146,-2.087719298245614,anti-toxic
CFDFCHYF,17,10,72,74,27,146,-2.087719298245614,anti-toxic
HVICDLDF,13,3,55,57,16,112,-2.0869565217391304,anti-toxic
FCRFDGRC,3,3,41,40,6,81,-2.0833333333333335,anti-toxic
FCYDCYGR,13,9,59,71,22,130,-2.076923076923077,anti-toxic
RNHCRIHG,26,10,85,88,36,173,-2.0757575757575757,anti-toxic
SFHFNFLL,5,8,47,55,13,102,-2.0697674418604652,anti-toxic
HCFIYGSS,27,30,120,117,57,237,-2.0689655172413794,anti-toxic
YVVNCCDL,5,9,52,53,14,105,-2.0681818181818183,anti-toxic
FVRCCYGG,20,9,77,74,29,151,-2.0677966101694913,anti-toxic
VNLGHGFN,9,11,53,70,20,123,-2.06,anti-toxic
CCHGDCLH,12,11,67,65,23,132,-2.056603773584906,anti-toxic
VRLNRLSV,29,16,107,92,45,199,-2.0533333333333332,anti-toxic
SYDFCFYL,20,8,70,77,28,147,-2.0517241379310347,anti-toxic
LCGCVFGH,8,3,44,51,11,95,-2.048780487804878,anti-toxic
DCLCDGNV,9,2,48,47,11,95,-2.048780487804878,anti-toxic
SHRRRYRL,45,28,142,142,73,284,-2.0485436893203883,anti-toxic
FIHCCDSD,6,6,51,47,12,98,-2.0476190476190474,anti-toxic
IGGYSRFY,20,14,83,82,34,165,-2.046875,anti-toxic
RLHVCRGS,22,13,83,85,35,168,-2.046153846153846,anti-toxic
FSNLVRVF,28,9,79,95,37,174,-2.044776119402985,anti-toxic
CCDCDHVS,9,6,50,57,15,107,-2.0444444444444443,anti-toxic
HLGYYDCC,9,8,52,61,17,113,-2.0425531914893615,anti-toxic
CYFGICVD,14,10,64,70,24,134,-2.037037037037037,anti-toxic
CFNRVCVF,18,11,84,65,29,149,-2.0338983050847457,anti-toxic
DYGLSLCN,27,10,82,91,37,173,-2.029850746268657,anti-toxic
DCGIRGLF,3,2,37,39,5,76,-2.0285714285714285,anti-toxic
HNVGNYVS,103,87,317,319,190,636,-2.0272727272727273,anti-toxic
SSRCGRHC,5,5,38,53,10,91,-2.025,anti-toxic
GYLVNLYD,18,8,71,68,26,139,-2.017857142857143,anti-toxic
DRSFRSRG,49,34,161,150,83,311,-2.017699115044248,anti-toxic
VRSRCIHN,84,67,258,257,151,515,-2.0110497237569063,anti-toxic
RNHGDSRR,6,2,44,40,8,84,-2,anti-toxic
VCFVNYVF,21,8,72,75,29,147,-2,anti-toxic
SFVHCDCR,39,26,121,133,65,254,-1.9894736842105263,anti-toxic
CFGHGFRF,19,10,67,79,29,146,-1.9830508474576272,anti-toxic
YCYCFSGI,13,8,58,64,21,122,-1.9803921568627452,anti-toxic
SYDLSSCG,88,71,264,269,159,533,-1.9788359788359788,anti-toxic
GLCFDRSC,10,5,54,50,15,104,-1.9777777777777779,anti-toxic
RIVRLHGF,11,2,43,55,13,98,-1.9767441860465116,anti-toxic
VHRLDGIR,9,4,43,55,13,98,-1.9767441860465116,anti-toxic
SLRGDCVY,6,5,53,39,11,92,-1.975609756097561,anti-toxic
GYFSYILG,5,5,49,40,10,89,-1.975,anti-toxic
YDYFDFGL,6,4,40,49,10,89,-1.975,anti-toxic
RICVGIFC,16,12,68,74,28,142,-1.9655172413793103,anti-toxic
DRSRVRIS,20,5,60,73,25,133,-1.9636363636363636,anti-toxic
SHYRVFCC,15,4,61,54,19,115,-1.9591836734693877,anti-toxic
VYFCHVSG,9,5,46,54,14,100,-1.9545454545454546,anti-toxic
FHGYGNGV,9,3,38,56,12,94,-1.9523809523809523,anti-toxic
RCCSGGRV,4,5,44,41,9,85,-1.9487179487179487,anti-toxic
VYGGVFCY,19,8,63,75,27,138,-1.9473684210526316,anti-toxic
YHVRHSRV,2,3,37,36,5,73,-1.9428571428571428,anti-toxic
RNRLGNSV,23,10,74,81,33,155,-1.9365079365079365,anti-toxic
HGGIRSIR,58,50,187,188,108,375,-1.934782608695652,anti-toxic
GRYCGLRS,47,41,149,167,88,316,-1.9322033898305084,anti-toxic
LLGVLGLN,8,4,39,54,12,93,-1.9285714285714286,anti-toxic
FNRLFIVR,22,18,80,95,40,175,-1.9285714285714286,anti-toxic
FYVIDSCL,23,16,84,88,39,172,-1.9275362318840579,anti-toxic
FGFVVCNH,6,4,38,49,10,87,-1.925,anti-toxic
CSGFFDCG,6,1,33,45,7,78,-1.9189189189189189,anti-toxic
CCNGLIFN,10,5,56,45,15,101,-1.9111111111111112,anti-toxic
IVVDHDYS,26,11,75,90,37,165,-1.9104477611940298,anti-toxic
RVGSFYCL,16,7,54,70,23,124,-1.9056603773584906,anti-toxic
IHGHRICS,25,18,94,88,43,182,-1.904109589041096,anti-toxic
DIDRRRYS,56,39,157,176,95,333,-1.904,anti-toxic
CRGDRVGG,33,20,100,111,53,211,-1.9036144578313252,anti-toxic
GFNSSIVR,6,4,39,47,10,86,-1.9,anti-toxic
CIYVGSLL,14,4,54,55,18,109,-1.8958333333333333,anti-toxic
VLGVSFDY,2,3,28,43,5,71,-1.8857142857142857,anti-toxic
FFCGCLDF,7,6,46,48,13,94,-1.8837209302325582,anti-toxic
IHVRSDDY,13,14,69,65,27,134,-1.8771929824561404,anti-toxic
IYVCGDVN,18,17,82,75,35,157,-1.876923076923077,anti-toxic
FCCLNYNH,17,18,70,87,35,157,-1.876923076923077,anti-toxic
LFLGFGVF,8,2,33,52,10,85,-1.875,anti-toxic
VDCYSLYC,29,11,86,85,40,171,-1.8714285714285714,anti-toxic
GFCISSRS,18,4,60,59,22,119,-1.8653846153846154,anti-toxic
FNDRCVIY,9,5,49,47,14,96,-1.8636363636363635,anti-toxic
HNNCFHSV,40,24,121,118,64,239,-1.8617021276595744,anti-toxic
DSICYCFR,4,2,42,31,6,73,-1.8611111111111112,anti-toxic
INSVCFGI,3,3,32,41,6,73,-1.8611111111111112,anti-toxic
VNSLYYYV,18,8,61,69,26,130,-1.8571428571428572,anti-toxic
RCGRVVSI,41,30,125,133,71,258,-1.8514851485148516,anti-toxic
CVVFNVVN,10,3,48,44,13,92,-1.8372093023255813,anti-toxic
VFDDCYFF,31,18,101,93,49,194,-1.8354430379746836,anti-toxic
IFCCHYYF,29,19,88,103,48,191,-1.8333333333333333,anti-toxic
ICVSFCRV,8,4,39,50,12,89,-1.8333333333333333,anti-toxic
GISGVVCC,0,4,30,36,4,66,-1.8235294117647058,anti-toxic
CHGRRISG,58,42,164,173,100,337,-1.823076923076923,anti-toxic
CDGHLVGH,6,3,39,41,9,80,-1.8205128205128205,anti-toxic
LHSCVYVC,10,8,55,50,18,105,-1.8125,anti-toxic
LFYVFDSF,5,7,38,50,12,88,-1.8095238095238095,anti-toxic
IFHRCGGY,51,38,145,158,89,303,-1.7983193277310925,anti-toxic
GFLDFGYD,15,14,68,67,29,135,-1.7966101694915255,anti-toxic
YHLCSVRC,15,9,63,58,24,121,-1.7962962962962963,anti-toxic
DGDRVHLV,24,13,83,74,37,157,-1.791044776119403,anti-toxic
SVGGSRSV,40,49,149,153,89,302,-1.7899159663865547,anti-toxic
GLGRHGYL,16,11,62,67,27,129,-1.7894736842105263,anti-toxic
NDSVRYVI,52,35,144,151,87,295,-1.7777777777777777,anti-toxic
YGGRRSVC,4,2,29,41,6,70,-1.7777777777777777,anti-toxic
CCVYSVDH,17,5,56,58,22,114,-1.7692307692307692,anti-toxic
GFCNYVSF,7,2,39,39,9,78,-1.7692307692307692,anti-toxic
RSGHNLCS,22,16,70,88,38,158,-1.7647058823529411,anti-toxic
VFYLCFSD,37,22,105,111,59,216,-1.7640449438202248,anti-toxic
NVCCNLSC,6,2,34,41,8,75,-1.763157894736842,anti-toxic
YDHHCGGS,9,3,39,47,12,86,-1.7619047619047619,anti-toxic
CCLRFCVS,52,35,138,154,87,292,-1.7521367521367521,anti-toxic
VHGIVGRS,59,43,161,172,102,333,-1.75,anti-toxic
CCDVCSNG,8,5,45,43,13,88,-1.744186046511628,anti-toxic
CFFRLDSV,8,1,31,46,9,77,-1.7435897435897436,anti-toxic
LVCYFGVN,5,3,39,35,8,74,-1.736842105263158,anti-toxic
HRFIRFYL,17,6,51,64,23,115,-1.7358490566037736,anti-toxic
IHCRNIRG,36,21,102,106,57,208,-1.735632183908046,anti-toxic
LCFCFGRR,13,6,44,60,19,104,-1.7346938775510203,anti-toxic
RNDGCRRI,58,42,170,155,100,325,-1.7307692307692308,anti-toxic
CFYNVLHI,7,7,36,54,14,90,-1.7272727272727273,anti-toxic
GHCGVSVR,33,16,84,101,49,185,-1.7215189873417722,anti-toxic
FSGFGVHD,8,5,39,48,13,87,-1.7209302325581395,anti-toxic
FFFYGSCG,19,7,54,68,26,122,-1.7142857142857142,anti-toxic
GDRIRNIR,49,33,132,142,82,274,-1.7142857142857142,anti-toxic
YCCFLDRD,12,3,42,50,15,92,-1.711111111111111,anti-toxic
VGCVDYGG,12,16,66,61,28,127,-1.706896551724138,anti-toxic
VGVVYCIN,27,17,86,84,44,170,-1.7027027027027026,anti-toxic
FCGCRFVC,3,4,40,30,7,70,-1.7027027027027026,anti-toxic
DCGHHHGS,32,14,78,97,46,175,-1.6973684210526316,anti-toxic
CHVDFHYH,22,7,57,72,29,129,-1.694915254237288,anti-toxic
CYSSLCFH,21,17,71,82,38,153,-1.6911764705882353,anti-toxic
GFGSGISL,2,0,27,29,2,56,-1.6875,anti-toxic
CHRHIRNS,54,36,143,149,90,292,-1.6833333333333333,anti-toxic
VCGILGVY,13,4,52,44,17,96,-1.6808510638297873,anti-toxic
RGRFCSSV,51,38,148,141,89,289,-1.680672268907563,anti-toxic
GGVSGLVS,71,52,184,196,123,380,-1.6797385620915033,anti-toxic
SFVFVGNY,6,1,29,40,7,69,-1.6756756756756757,anti-toxic
FSSRNCDG,4,3,25,44,7,69,-1.6756756756756757,anti-toxic
YYRGGLRR,7,3,42,35,10,77,-1.675,anti-toxic
DFSCGVDH,7,3,38,39,10,77,-1.675,anti-toxic
DGRRVVIS,25,9,61,80,34,141,-1.671875,anti-toxic
NIGCFRYI,23,16,69,85,39,154,-1.6666666666666667,anti-toxic
FCYVRFDN,3,3,28,38,6,66,-1.6666666666666667,anti-toxic
CHGGSGRV,10,11,59,47,21,106,-1.6666666666666667,anti-toxic
DYFHYRVD,24,11,68,75,35,143,-1.6615384615384616,anti-toxic
IVVSFCIC,39,36,126,122,75,248,-1.6476190476190475,anti-toxic
CSGSIFVH,23,17,68,87,40,155,-1.6428571428571428,anti-toxic
CFHIYYCV,19,7,51,67,26,118,-1.6428571428571428,anti-toxic
FCGFVFRS,6,3,34,39,9,73,-1.641025641025641,anti-toxic
GYRCVGRS,35,18,94,95,53,189,-1.6385542168674698,anti-toxic
HNVGGRRL,79,68,226,210,147,436,-1.6327683615819208,anti-toxic
IIVGGFDR,12,7,41,58,19,99,-1.6326530612244898,anti-toxic
VCHGRLVH,62,44,161,167,106,328,-1.6323529411764706,anti-toxic
YVDRCDRS,35,22,105,94,57,199,-1.632183908045977,anti-toxic
VRNSRSVV,22,10,57,76,32,133,-1.6290322580645162,anti-toxic
GSVRCLHS,41,26,105,120,67,225,-1.6288659793814433,anti-toxic
IRVHCNHS,29,30,101,102,59,203,-1.6179775280898876,anti-toxic
GCGNRRSF,65,46,160,179,111,339,-1.6170212765957446,anti-toxic
DCYFFFVH,32,26,93,107,58,200,-1.6136363636363635,anti-toxic
GIVGGVRC,43,30,129,110,73,239,-1.6116504854368932,anti-toxic
VCGDVCRD,1,2,26,30,3,56,-1.606060606060606,anti-toxic
CYNRVYSS,5,3,33,36,8,69,-1.605263157894737,anti-toxic
HRNFGVSC,4,9,42,40,13,82,-1.6046511627906976,anti-toxic
YVDFCFFV,8,5,35,47,13,82,-1.6046511627906976,anti-toxic
CSRNFVCV,7,5,37,42,12,79,-1.5952380952380953,anti-toxic
VGDCRFCY,27,9,68,73,36,141,-1.5909090909090908,anti-toxic
DVLDGFCF,36,17,84,101,53,185,-1.5903614457831325,anti-toxic
RNCGSIGR,16,10,54,61,26,115,-1.5892857142857142,anti-toxic
GLFCVSGN,8,3,35,41,11,76,-1.5853658536585367,anti-toxic
ISNRDIVS,40,24,106,107,64,213,-1.5851063829787233,anti-toxic
RGVCGIGS,48,29,117,129,77,246,-1.5794392523364487,anti-toxic
CFCFDDCV,5,5,31,42,10,73,-1.575,anti-toxic
RLCGILRS,14,5,51,45,19,96,-1.5714285714285714,anti-toxic
GSISVDLS,32,24,91,100,56,191,-1.569767441860465,anti-toxic
RCVGNCGD,5,9,42,41,14,83,-1.5681818181818181,anti-toxic
HYCYYFCY,8,6,37,46,14,83,-1.5681818181818181,anti-toxic
GNVNYCIG,8,1,27,43,9,70,-1.564102564102564,anti-toxic
RGNCVLRG,58,44,148,160,102,308,-1.5606060606060606,anti-toxic
FYVVGNCY,10,5,36,49,15,85,-1.5555555555555556,anti-toxic
LYFYRYRN,13,13,55,58,26,113,-1.5535714285714286,anti-toxic
SFGVRSCS,24,13,66,75,37,141,-1.5522388059701493,anti-toxic
HFLCCCGV,7,3,33,39,10,72,-1.55,anti-toxic
YCFFFFDS,10,11,42,58,21,100,-1.5490196078431373,anti-toxic
HGVVVDCS,49,49,152,144,98,296,-1.546875,anti-toxic
DHDVLDSL,2,1,26,28,3,54,-1.5454545454545454,anti-toxic
GYCRGSCL,3,0,24,30,3,54,-1.5454545454545454,anti-toxic
YDCILSYS,10,6,44,43,16,87,-1.5434782608695652,anti-toxic
NYICGLRS,52,36,132,138,88,270,-1.5423728813559323,anti-toxic
GVNVNVLC,22,9,62,63,31,125,-1.540983606557377,anti-toxic
GGVLVGGG,4,3,26,38,7,64,-1.5405405405405406,anti-toxic
RNLRCYRY,9,2,44,30,11,74,-1.5365853658536586,anti-toxic
YICCCCCS,56,39,134,153,95,287,-1.536,anti-toxic
RGNLRHGG,42,27,109,112,69,221,-1.5353535353535352,anti-toxic
VDGGRLRG,81,69,212,214,150,426,-1.5333333333333334,anti-toxic
ICSRVRNL,38,19,97,93,57,190,-1.528735632183908,anti-toxic
FFGSLFRG,19,8,55,59,27,114,-1.5263157894736843,anti-toxic
SNNFGVRS,30,18,83,84,48,167,-1.5256410256410255,anti-toxic
RNGRLSSC,22,11,55,74,33,129,-1.5238095238095237,anti-toxic
FCVSCCGG,9,5,39,42,14,81,-1.5227272727272727,anti-toxic
HRVGCDCS,13,3,38,48,16,86,-1.5217391304347827,anti-toxic
FLVCGCSL,19,7,55,56,26,111,-1.5178571428571428,anti-toxic
GDVVDDRC,0,3,23,30,3,53,-1.5151515151515151,anti-toxic
NCVHDRLC,4,1,25,33,5,58,-1.5142857142857142,anti-toxic
VDDLRSRS,32,14,79,82,46,161,-1.513157894736842,anti-toxic
LHGRNVCS,8,7,33,50,15,83,-1.511111111111111,anti-toxic
ILCGRRSC,16,11,51,62,27,113,-1.5087719298245614,anti-toxic
RFNSVRVG,20,11,54,69,31,123,-1.5081967213114753,anti-toxic
RYLGHSNG,47,42,131,137,89,268,-1.504201680672269,anti-toxic
GVLININN,8,2,33,37,10,70,-1.5,anti-toxic
VSFGHGRS,27,23,87,83,50,170,-1.5,anti-toxic
FDIRGLRR,6,2,27,38,8,65,-1.5,anti-toxic
IVVYHVLV,56,37,142,135,93,277,-1.4959349593495934,anti-toxic
VNRFHNFS,97,82,241,249,179,490,-1.4880382775119618,anti-toxic
VFGILGCL,5,6,35,37,11,72,-1.4878048780487805,anti-toxic
VCLSLFNV,4,3,31,31,7,62,-1.4864864864864864,anti-toxic
FSNVCYYV,4,3,29,33,7,62,-1.4864864864864864,anti-toxic
FGYGCING,3,2,31,26,5,57,-1.4857142857142858,anti-toxic
VLVVRVRN,2,3,27,30,5,57,-1.4857142857142858,anti-toxic
IGYRRFIG,3,0,20,32,3,52,-1.4848484848484849,anti-toxic
VNDSFVCS,3,0,21,31,3,52,-1.4848484848484849,anti-toxic
SNRGDFCS,36,21,93,93,57,186,-1.4827586206896552,anti-toxic
CYFHYHVC,56,37,134,141,93,275,-1.4796747967479675,anti-toxic
RFLHCNRG,13,16,61,55,29,116,-1.4745762711864407,anti-toxic
GHNGRNRC,28,18,73,85,46,158,-1.4736842105263157,anti-toxic
CHNFRIGS,52,39,138,131,91,269,-1.4710743801652892,anti-toxic
YVCVYNRH,3,1,24,30,4,54,-1.4705882352941178,anti-toxic
RFIYNLVF,3,1,29,25,4,54,-1.4705882352941178,anti-toxic
LDCHLCNY,23,11,56,72,34,128,-1.46875,anti-toxic
DCRRVRIR,22,10,58,65,32,123,-1.467741935483871,anti-toxic
GCFFDCVN,5,6,40,31,11,71,-1.4634146341463414,anti-toxic
SCNDHVRV,29,11,73,69,40,142,-1.457142857142857,anti-toxic
GDNYSNGR,6,2,29,34,8,63,-1.4473684210526316,anti-toxic
CCGIVCRV,4,4,22,41,8,63,-1.4473684210526316,anti-toxic
VNRVRSSL,34,21,82,96,55,178,-1.4470588235294117,anti-toxic
GDCGGRRG,44,34,111,123,78,234,-1.4444444444444444,anti-toxic
YGLYGLLS,4,2,28,30,6,58,-1.4444444444444444,anti-toxic
FFSCGLRY,4,2,24,34,6,58,-1.4444444444444444,anti-toxic
LFGVDGRN,4,2,23,35,6,58,-1.4444444444444444,anti-toxic
FDVVYGLV,8,3,34,36,11,70,-1.4390243902439024,anti-toxic
LFICSFCF,5,4,33,32,9,65,-1.435897435897436,anti-toxic
YCGLRYGC,5,18,42,57,23,99,-1.4339622641509433,anti-toxic
RHGHYCRI,59,41,146,140,100,286,-1.4307692307692308,anti-toxic
SRRGCSIV,40,26,102,101,66,203,-1.4270833333333333,anti-toxic
SVYCCGSN,15,9,44,57,24,101,-1.4259259259259258,anti-toxic
HDSGDIRG,25,18,70,77,43,147,-1.4246575342465753,anti-toxic
GCLCFRRF,5,3,26,36,8,62,-1.4210526315789473,anti-toxic
VCYYHVRF,25,12,60,72,37,132,-1.4179104477611941,anti-toxic
SGGNIRSS,45,33,120,111,78,231,-1.4166666666666667,anti-toxic
RNLHSCRV,38,28,95,107,66,202,-1.4166666666666667,anti-toxic
CICSVIRC,10,8,44,42,18,86,-1.4166666666666667,anti-toxic
YFDDIICG,3,3,21,36,6,57,-1.4166666666666667,anti-toxic
VVSCCVYH,22,13,58,69,35,127,-1.4153846153846155,anti-toxic
SHRGIDVC,45,29,102,119,74,221,-1.4134615384615385,anti-toxic
SHCGHFRS,51,38,120,137,89,257,-1.411764705882353,anti-toxic
RDNRLLNS,32,23,83,92,55,175,-1.411764705882353,anti-toxic
FCFRVCVC,13,13,49,56,26,105,-1.4107142857142858,anti-toxic
FCCIFNIG,17,14,64,53,31,117,-1.4098360655737705,anti-toxic
HGVNLLGV,24,12,63,66,36,129,-1.4090909090909092,anti-toxic
ICFGRSRG,11,8,49,39,19,88,-1.4081632653061225,anti-toxic
HSVLGRSC,92,73,211,228,165,439,-1.405128205128205,anti-toxic
VSRIICGY,53,48,134,151,101,285,-1.4045801526717556,anti-toxic
YCLGRVLG,10,7,36,47,17,83,-1.4042553191489362,anti-toxic
DSCVSRGS,27,15,69,74,42,143,-1.4027777777777777,anti-toxic
VIRGCYRG,33,19,77,90,52,167,-1.4024390243902438,anti-toxic
IVVSGIGV,58,44,151,136,102,287,-1.4015151515151516,anti-toxic
IHCCGVCS,35,25,92,94,60,186,-1.4,anti-toxic
RRGSNRDH,5,0,28,26,5,54,-1.4,anti-toxic
RGRVHICG,11,9,45,45,20,90,-1.4,anti-toxic
LYGCVLRF,5,8,32,41,13,73,-1.3953488372093024,anti-toxic
FGLCHIRD,5,8,38,35,13,73,-1.3953488372093024,anti-toxic
IFCLVGNV,5,3,29,32,8,61,-1.394736842105263,anti-toxic
YVRCGNRG,45,34,115,116,79,231,-1.3944954128440368,anti-toxic
YCVIFCYN,10,11,52,40,21,92,-1.392156862745098,anti-toxic
VHSGVRLS,28,16,75,72,44,147,-1.3918918918918919,anti-toxic
FCFDYFSD,9,2,30,38,11,68,-1.3902439024390243,anti-toxic
LSGNRCVI,53,40,134,130,93,264,-1.3902439024390243,anti-toxic
FGGLYGID,33,14,77,77,47,154,-1.3896103896103895,anti-toxic
GIGVRGRV,32,23,84,89,55,173,-1.388235294117647,anti-toxic
LCDIVRFL,1,0,19,25,1,44,-1.3870967741935485,anti-toxic
VGYGVYCL,5,4,36,27,9,63,-1.3846153846153846,anti-toxic
VIRCDDSC,44,38,114,123,82,237,-1.3839285714285714,anti-toxic
VVYCDICF,20,10,47,66,30,113,-1.3833333333333333,anti-toxic
CDVNGLLR,3,1,20,31,4,51,-1.3823529411764706,anti-toxic
HRRYRGGG,27,14,67,72,41,139,-1.380281690140845,anti-toxic
RSVFRSLS,49,32,111,123,81,234,-1.3783783783783783,anti-toxic
DFGGVGHY,5,2,23,35,7,58,-1.3783783783783783,anti-toxic
CIGDHRCG,5,2,26,32,7,58,-1.3783783783783783,anti-toxic
NFVRCLHG,12,11,40,56,23,96,-1.3773584905660377,anti-toxic
CNSHGRRG,43,28,101,109,71,210,-1.3762376237623761,anti-toxic
VCVSCYRL,7,3,38,27,10,65,-1.375,anti-toxic
FCCLRVYS,1,1,21,25,2,46,-1.375,anti-toxic
RYVGIHCC,1,1,22,24,2,46,-1.375,anti-toxic
NSSDDLRS,50,46,138,131,96,269,-1.373015873015873,anti-toxic
GLFLFRCL,1,4,21,32,5,53,-1.3714285714285714,anti-toxic
VRRGHVSC,16,11,46,59,27,105,-1.368421052631579,anti-toxic
LSRHHIHG,87,73,218,202,160,420,-1.368421052631579,anti-toxic
VVLGNIIS,48,42,122,132,90,254,-1.3666666666666667,anti-toxic
CGVRHLRG,17,8,48,52,25,100,-1.3636363636363635,anti-toxic
VFSRIVSS,25,22,72,80,47,152,-1.3636363636363635,anti-toxic
CDVVDIGS,21,10,58,56,31,114,-1.360655737704918,anti-toxic
VRCSFSYR,38,21,88,92,59,180,-1.3595505617977528,anti-toxic
SYCNVRVS,51,36,127,119,87,246,-1.358974358974359,anti-toxic
CLGSRRVC,41,24,98,96,65,194,-1.3578947368421053,anti-toxic
CSYSCLNY,14,4,38,45,18,83,-1.3541666666666667,anti-toxic
RGLGRCGC,51,32,125,111,83,236,-1.3539823008849559,anti-toxic
FCRVRVGV,34,24,98,79,58,177,-1.3522727272727273,anti-toxic
YLHYIVSY,16,8,45,52,24,97,-1.3518518518518519,anti-toxic
IHFFGFVD,8,5,37,34,13,71,-1.3488372093023255,anti-toxic
VVSGVDHV,16,9,51,48,25,99,-1.3454545454545455,anti-toxic
LCVVLCSI,22,12,61,59,34,120,-1.34375,anti-toxic
IGRIRNGS,20,17,71,56,37,127,-1.3432835820895523,anti-toxic
YLHYCYFF,12,5,32,48,17,80,-1.3404255319148937,anti-toxic
GVCRFGRG,46,31,111,109,77,220,-1.3364485981308412,anti-toxic
DVSGRVYC,25,14,57,74,39,131,-1.3333333333333333,anti-toxic
RHISVLCS,9,6,40,35,15,75,-1.3333333333333333,anti-toxic
ISGGCVRS,45,30,109,106,75,215,-1.3333333333333333,anti-toxic
VIRCRGRG,83,65,187,198,148,385,-1.3314606741573034,anti-toxic
FIICCFDF,47,35,116,115,82,231,-1.3303571428571428,anti-toxic
VRRLCFDF,14,8,46,45,22,91,-1.3269230769230769,anti-toxic
GDHIVRVI,34,28,89,95,62,184,-1.326086956521739,anti-toxic
LRVRIFRH,10,6,35,42,16,77,-1.326086956521739,anti-toxic
FFFSCYHL,3,4,31,25,7,56,-1.3243243243243243,anti-toxic
GRIGLSCV,44,34,112,109,78,221,-1.3240740740740742,anti-toxic
YFCLCVCD,16,10,53,47,26,100,-1.3214285714285714,anti-toxic
IRDGVHRC,24,12,67,56,36,123,-1.3181818181818181,anti-toxic
IIVGRRRG,54,52,134,151,106,285,-1.3161764705882353,anti-toxic
CNHNGDGG,5,3,27,31,8,58,-1.3157894736842106,anti-toxic
LLGYHICY,11,7,40,41,18,81,-1.3125,anti-toxic
FVFRCGNV,1,1,18,26,2,44,-1.3125,anti-toxic
CFGGVVGS,28,13,68,66,41,134,-1.3098591549295775,anti-toxic
FVHCFYFR,24,17,68,66,41,134,-1.3098591549295775,anti-toxic
VCVCCFCD,10,2,29,38,12,67,-1.3095238095238095,anti-toxic
CCDNFGCC,18,20,61,66,38,127,-1.3088235294117647,anti-toxic
CLCYCLRC,34,30,95,92,64,187,-1.3085106382978724,anti-toxic
FCVDCDSR,7,2,33,27,9,60,-1.3076923076923077,anti-toxic
CGYGRVRC,38,20,86,87,58,173,-1.3068181818181819,anti-toxic
IHCGLYLC,12,7,37,46,19,83,-1.3061224489795917,anti-toxic
GIRFVHGL,23,19,62,74,42,136,-1.3055555555555556,anti-toxic
FSRIGRCS,21,19,66,65,40,131,-1.3,anti-toxic
HLRNGRCV,69,50,158,154,119,312,-1.2953020134228188,anti-toxic
FGRSCNRS,27,11,58,68,38,126,-1.2941176470588236,anti-toxic
RGFRYIFN,33,19,72,86,52,158,-1.2926829268292683,anti-toxic
RCRSFRCL,6,2,26,31,8,57,-1.2894736842105263,anti-toxic
ICHSRGLL,28,18,74,70,46,144,-1.2894736842105263,anti-toxic
CCFCCFGF,10,5,29,44,15,73,-1.288888888888889,anti-toxic
SRVCRVGI,28,15,66,71,43,137,-1.2876712328767124,anti-toxic
VHGSVGSV,43,28,108,93,71,201,-1.2871287128712872,anti-toxic
HGDHHGSL,52,35,111,126,87,237,-1.2820512820512822,anti-toxic
GHLGDSVV,71,52,159,160,123,319,-1.2810457516339868,anti-toxic
RVGGFVRC,31,14,68,73,45,141,-1.28,anti-toxic
VDCRRLGH,34,26,83,92,60,175,-1.2777777777777777,anti-toxic
RSSLRHCN,21,21,59,75,42,134,-1.2777777777777777,anti-toxic
GRNSVRVH,45,27,96,106,72,202,-1.2745098039215685,anti-toxic
LRSGRSCH,33,21,78,83,54,161,-1.2738095238095237,anti-toxic
FRNCVVGS,30,28,92,78,58,170,-1.2727272727272727,anti-toxic
IVCGCLVL,46,34,107,113,80,220,-1.2727272727272727,anti-toxic
DHGSHCVV,46,27,96,108,73,204,-1.2718446601941749,anti-toxic
VSVRGDRG,12,10,45,43,22,88,-1.2692307692307692,anti-toxic
IGVNRCGR,41,26,86,104,67,190,-1.268041237113402,anti-toxic
VFCLGCVC,29,16,63,77,45,140,-1.2666666666666666,anti-toxic
SRVGGLSS,38,41,100,117,79,217,-1.2660550458715596,anti-toxic
DSCFIVSG,6,2,25,31,8,56,-1.263157894736842,anti-toxic
GLDVSRRG,28,19,66,78,47,144,-1.2597402597402598,anti-toxic
YCFLSCRG,3,2,20,29,5,49,-1.2571428571428571,anti-toxic
CDGHGHRY,3,2,24,25,5,49,-1.2571428571428571,anti-toxic
LRHRGGRG,30,14,65,72,44,137,-1.2567567567567568,anti-toxic
VVIFHVIS,5,4,27,31,9,58,-1.2564102564102564,anti-toxic
IFNICFHL,12,5,44,32,17,76,-1.2553191489361701,anti-toxic
VLISGRDV,40,25,87,97,65,184,-1.2526315789473683,anti-toxic
DGRVCSVC,44,29,92,110,73,202,-1.2524271844660195,anti-toxic
FFGVCFCD,2,4,22,29,6,51,-1.25,anti-toxic
IFCCLVFC,52,42,126,123,94,249,-1.25,anti-toxic
VGDFDNND,11,3,30,39,14,69,-1.25,anti-toxic
RGNGRFVI,63,44,144,134,107,278,-1.2481751824817517,anti-toxic
VVNRICSR,33,19,73,81,52,154,-1.2439024390243902,anti-toxic
FCSRRVSL,48,45,132,114,93,246,-1.2439024390243902,anti-toxic
FVHLVCYD,4,3,24,29,7,53,-1.2432432432432432,anti-toxic
FRGGLFVY,58,48,132,143,106,275,-1.2426470588235294,anti-toxic
SCFCGYCF,1,2,26,18,3,44,-1.2424242424242424,anti-toxic
NSLIISVC,41,28,92,100,69,192,-1.2424242424242424,anti-toxic
SIVRGDVC,30,19,72,75,49,147,-1.240506329113924,anti-toxic
LGNIRGRG,27,14,65,64,41,129,-1.2394366197183098,anti-toxic
SVGRILCN,32,30,88,88,62,176,-1.2391304347826086,anti-toxic
NIGCVGRS,34,16,77,72,50,149,-1.2375,anti-toxic
GCVRSVYD,6,2,28,27,8,55,-1.236842105263158,anti-toxic
VDVIVIGF,13,8,36,48,21,84,-1.2352941176470589,anti-toxic
SLIVCRGD,2,2,26,20,4,46,-1.2352941176470589,anti-toxic
CDCHLSVH,25,9,55,58,34,113,-1.234375,anti-toxic
YIYGHNCL,58,41,126,132,99,258,-1.2325581395348837,anti-toxic
CCCCDYCL,9,4,38,28,13,66,-1.2325581395348837,anti-toxic
DVIGGCDS,48,34,102,118,82,220,-1.2321428571428572,anti-toxic
FCYHCILN,25,19,69,66,44,135,-1.2297297297297298,anti-toxic
DCDGRVSL,28,21,75,71,49,146,-1.2278481012658229,anti-toxic
GIRVGGRG,69,52,145,161,121,306,-1.2251655629139073,anti-toxic
CSVVRDRG,27,10,55,64,37,119,-1.2238805970149254,anti-toxic
GFVYGRRS,20,13,56,54,33,110,-1.2222222222222223,anti-toxic
GDVVLSHS,23,10,55,55,33,110,-1.2222222222222223,anti-toxic
RRVDIVGS,8,7,31,39,15,70,-1.2222222222222223,anti-toxic
IVCLCGIN,17,16,51,59,33,110,-1.2222222222222223,anti-toxic
SVVGIVSR,22,16,53,68,38,121,-1.2205882352941178,anti-toxic
YRGGVRLI,46,33,97,115,79,212,-1.2201834862385321,anti-toxic
SDHHCFHC,5,6,28,33,11,61,-1.2195121951219512,anti-toxic
DSSSDYVC,1,1,18,23,2,41,-1.21875,anti-toxic
VGSSNIVS,15,6,39,44,21,83,-1.2156862745098038,anti-toxic
FVGGCHRS,41,31,92,104,72,196,-1.2156862745098038,anti-toxic
FGNGVVRR,29,20,67,78,49,145,-1.2151898734177216,anti-toxic
VYLFVYDF,21,10,44,61,31,105,-1.2131147540983607,anti-toxic
CNCGCIDY,35,20,74,84,55,158,-1.2117647058823529,anti-toxic
VGRISIRG,68,49,145,150,117,295,-1.2108843537414966,anti-toxic
NIGDCHDC,6,2,21,33,8,54,-1.2105263157894737,anti-toxic
FFFDFFDI,9,4,35,30,13,65,-1.2093023255813953,anti-toxic
SVGNRIGV,59,41,126,131,100,257,-1.2076923076923076,anti-toxic
RFDGCVRG,50,31,116,99,81,215,-1.2072072072072073,anti-toxic
RNHFYNHS,43,39,106,111,82,217,-1.2053571428571428,anti-toxic
LFRHHNRC,9,0,33,23,9,56,-1.205128205128205,anti-toxic
HHSVRVGI,9,5,36,31,14,67,-1.2045454545454546,anti-toxic
VVVVNGFL,14,5,42,36,19,78,-1.2040816326530612,anti-toxic
FGVHRRSC,21,9,53,49,30,102,-1.2,anti-toxic
CYCICNNF,44,41,102,121,85,223,-1.2,anti-toxic
YCCIRRSC,10,5,30,39,15,69,-1.2,anti-toxic
SHSLSHSC,47,34,101,113,81,214,-1.1981981981981982,anti-toxic
DCDSFNRS,60,57,155,138,117,293,-1.1972789115646258,anti-toxic
YYNSVIGG,47,40,110,117,87,227,-1.1965811965811965,anti-toxic
VLHNRYCS,23,14,49,68,37,117,-1.1940298507462686,anti-toxic
VSLLRCRS,51,49,120,135,100,255,-1.1923076923076923,anti-toxic
VHRHNSVC,60,41,132,125,101,257,-1.1908396946564885,anti-toxic
SVILYCCC,15,13,40,57,28,97,-1.1896551724137931,anti-toxic
CHLFDGCI,6,1,21,30,7,51,-1.1891891891891893,anti-toxic
CCCGIVHY,8,6,27,39,14,66,-1.1818181818181819,anti-toxic
VCGDVVRS,13,7,39,40,20,79,-1.18,anti-toxic
VDGDGRRV,33,16,72,70,49,142,-1.1772151898734178,anti-toxic
DSVSHVVV,54,35,109,120,89,229,-1.1764705882352942,anti-toxic
FFDHVCNI,3,1,20,24,4,44,-1.1764705882352942,anti-toxic
CSGRVVRG,9,12,41,40,21,81,-1.1764705882352942,anti-toxic
IRSGSLVR,55,40,123,119,95,242,-1.176,anti-toxic
GIGLNIIS,54,36,111,120,90,231,-1.175,anti-toxic
GCVRSVRC,24,9,50,57,33,107,-1.1746031746031746,anti-toxic
FHSHYGGY,13,3,33,37,16,70,-1.173913043478261,anti-toxic
ICSDINNG,32,30,86,84,62,170,-1.173913043478261,anti-toxic
HNLIDSGC,18,10,45,51,28,96,-1.1724137931034482,anti-toxic
DSVSHHNS,6,5,37,22,11,59,-1.170731707317073,anti-toxic
GVRVGSDC,61,44,129,134,105,263,-1.1703703703703703,anti-toxic
IFGHRCGG,10,7,35,37,17,72,-1.1702127659574468,anti-toxic
GVGFGGLV,32,21,71,79,53,150,-1.1686746987951808,anti-toxic
HCDCLYCF,29,24,72,78,53,150,-1.1686746987951808,anti-toxic
RHGFCRGV,33,21,78,74,54,152,-1.1666666666666667,anti-toxic
IYLGINGY,14,10,35,52,24,87,-1.1666666666666667,anti-toxic
FGGCCDYV,5,1,20,28,6,48,-1.1666666666666667,anti-toxic
FFCSFCFF,43,30,92,101,73,193,-1.1650485436893203,anti-toxic
RVFNIYSS,25,14,63,56,39,119,-1.1594202898550725,anti-toxic
FCGCCGVL,6,8,38,27,14,65,-1.1590909090909092,anti-toxic
SVVSSCGV,45,26,94,94,71,188,-1.1584158415841583,anti-toxic
LFFDNHGY,5,3,23,29,8,52,-1.1578947368421053,anti-toxic
VCGVRYYC,6,2,29,23,8,52,-1.1578947368421053,anti-toxic
DGRIDVVL,57,42,122,126,99,248,-1.1550387596899225,anti-toxic
SDGRGNRG,31,18,62,78,49,140,-1.1518987341772151,anti-toxic
FGCGDDRL,1,2,25,16,3,41,-1.1515151515151516,anti-toxic
DGYFYRCI,16,7,36,48,23,84,-1.150943396226415,anti-toxic
GSSFDGDG,18,12,55,44,30,99,-1.15,anti-toxic
DVGRVIVG,50,47,124,119,97,243,-1.1496062992125984,anti-toxic
LVSGSSRI,51,34,111,106,85,217,-1.1478260869565218,anti-toxic
VFVDGVRY,3,1,27,16,4,43,-1.1470588235294117,anti-toxic
SYGDLVRG,72,55,156,151,127,307,-1.1464968152866242,anti-toxic
SVRNHSGC,22,24,58,75,46,133,-1.144736842105263,anti-toxic
IRGVSLIG,39,21,86,77,60,163,-1.1444444444444444,anti-toxic
CCGVCFCF,17,9,47,43,26,90,-1.1428571428571428,anti-toxic
HHIVSRSI,38,23,87,78,61,165,-1.1428571428571428,anti-toxic
FCSRVINR,56,41,114,128,97,242,-1.141732283464567,anti-toxic
RCNGVRNV,30,11,53,69,41,122,-1.1408450704225352,anti-toxic
RHRFGCGV,62,43,129,130,105,259,-1.1407407407407408,anti-toxic
LVFYFHFN,17,10,49,43,27,92,-1.1403508771929824,anti-toxic
LDYISHGL,4,2,17,30,6,47,-1.1388888888888888,anti-toxic
HRDRLVCG,4,2,22,25,6,47,-1.1388888888888888,anti-toxic
GICRRLVS,17,11,43,51,28,94,-1.1379310344827587,anti-toxic
CVVHCCGH,40,25,85,88,65,173,-1.1368421052631579,anti-toxic
GVRRGRCC,63,47,127,142,110,269,-1.1357142857142857,anti-toxic
FDDCCYGI,12,3,25,41,15,66,-1.1333333333333333,anti-toxic
GRHVSVRN,39,22,79,85,61,164,-1.1318681318681318,anti-toxic
NIRRVLVG,22,9,42,58,31,100,-1.1311475409836065,anti-toxic
VIDSFCRG,25,14,61,56,39,117,-1.1304347826086956,anti-toxic
RRISRCIS,53,49,116,135,102,251,-1.128787878787879,anti-toxic
FIRSVCRS,21,27,74,62,48,136,-1.1282051282051282,anti-toxic
IYGFFHVV,5,4,29,24,9,53,-1.1282051282051282,anti-toxic
DCLGSSRV,57,40,113,127,97,240,-1.125984251968504,anti-toxic
FLSYSYCF,16,2,33,39,18,72,-1.125,anti-toxic
NGSVRNYR,35,24,71,88,59,159,-1.1235955056179776,anti-toxic
FGGIHSRG,34,25,84,75,59,159,-1.1235955056179776,anti-toxic
VNSYRVRC,55,47,124,126,102,250,-1.121212121212121,anti-toxic
VIVYGSHG,10,10,41,35,20,76,-1.12,anti-toxic
IGCRRGNV,48,31,97,104,79,201,-1.1192660550458715,anti-toxic
YFYCILGV,15,14,38,57,29,95,-1.11864406779661,anti-toxic
HCHLSCRL,3,1,26,16,4,42,-1.1176470588235294,anti-toxic
FGHRVCVV,3,1,17,25,4,42,-1.1176470588235294,anti-toxic
LRHYVSCH,5,8,32,29,13,61,-1.1162790697674418,anti-toxic
SVISHHVS,29,28,77,77,57,154,-1.1149425287356323,anti-toxic
FDSGLGRS,35,23,73,83,58,156,-1.1136363636363635,anti-toxic
VDVHVLGL,28,23,63,78,51,141,-1.1111111111111112,anti-toxic
INVSSIIC,5,1,20,26,6,46,-1.1111111111111112,anti-toxic
VFFCNLVS,26,8,50,55,34,105,-1.109375,anti-toxic
VRCCGYCY,13,13,41,47,26,88,-1.1071428571428572,anti-toxic
VHRGFLRS,19,7,37,51,26,88,-1.1071428571428572,anti-toxic
YNRCIFRL,4,4,26,24,8,50,-1.105263157894737,anti-toxic
GRCGHSRH,16,11,40,50,27,90,-1.105263157894737,anti-toxic
FCVNIIVY,11,7,31,40,18,71,-1.1041666666666667,anti-toxic
NFCHVYVS,38,28,78,94,66,172,-1.1041666666666667,anti-toxic
NCGSRVDC,27,22,65,71,49,136,-1.1012658227848102,anti-toxic
FCSGRDCD,23,17,52,65,40,117,-1.1,anti-toxic
FNGSNYRG,21,11,44,56,32,100,-1.096774193548387,anti-toxic
FCDRRRHV,25,28,65,79,53,144,-1.0963855421686748,anti-toxic
SGVGVVGV,27,16,52,71,43,123,-1.095890410958904,anti-toxic
DVGCHSGV,47,42,106,113,89,219,-1.0924369747899159,anti-toxic
FYCNGVCN,6,8,24,38,14,62,-1.0909090909090908,anti-toxic
GRLCVLID,37,22,77,79,59,156,-1.0898876404494382,anti-toxic
LCFCDGFD,15,11,39,48,26,87,-1.0892857142857142,anti-toxic
FSHDRRIG,28,22,63,74,50,137,-1.0875,anti-toxic
LFCLDFLV,4,1,17,26,5,43,-1.0857142857142856,anti-toxic
IGCISYVY,4,1,23,20,5,43,-1.0857142857142856,anti-toxic
CFIHFHCD,14,3,28,40,17,68,-1.0851063829787233,anti-toxic
GYCGNCDD,2,4,26,19,6,45,-1.0833333333333333,anti-toxic
GRFDGDNV,18,12,40,55,30,95,-1.0833333333333333,anti-toxic
CVHVSYRD,3,4,22,25,7,47,-1.0810810810810811,anti-toxic
SLIDGSRG,22,23,56,70,45,126,-1.08,anti-toxic
YSRYYRVY,6,2,25,24,8,49,-1.0789473684210527,anti-toxic
VRGNCVRG,16,7,44,36,23,80,-1.0754716981132075,anti-toxic
FFGIVIFD,14,14,40,50,28,90,-1.0689655172413792,anti-toxic
CIDSRHSH,59,43,116,127,102,243,-1.0681818181818181,anti-toxic
SSLHGHYG,5,9,25,36,14,61,-1.0681818181818181,anti-toxic
SSRLSHDC,18,12,50,44,30,94,-1.0666666666666667,anti-toxic
SCNRILVR,39,22,74,84,61,158,-1.065934065934066,anti-toxic
IYNRCRSC,45,32,99,92,77,191,-1.0654205607476634,anti-toxic
GFGGRYVV,41,25,77,91,66,168,-1.0625,anti-toxic
CIGFCCCY,10,8,32,37,18,69,-1.0625,anti-toxic
HDSLVDRS,33,17,73,62,50,135,-1.0625,anti-toxic
RRCGSFRV,41,26,83,87,67,170,-1.0618556701030928,anti-toxic
VRGGVYGS,30,21,63,74,51,137,-1.0617283950617284,anti-toxic
RNNGYCIH,11,8,35,36,19,71,-1.0612244897959184,anti-toxic
INCGVRGV,52,36,100,113,88,213,-1.0593220338983051,anti-toxic
HCYRRLHG,49,39,111,102,88,213,-1.0593220338983051,anti-toxic
CDGIVSGD,61,44,116,132,105,248,-1.0592592592592593,anti-toxic
FCFDGFVC,3,1,17,23,4,40,-1.0588235294117647,anti-toxic
LNVYCVVH,15,6,45,30,21,75,-1.0588235294117647,anti-toxic
IHGIGVRS,45,29,86,98,74,184,-1.0576923076923077,anti-toxic
GGRLYFRS,52,40,102,119,92,221,-1.0573770491803278,anti-toxic
LNGFIDGN,5,0,18,24,5,42,-1.0571428571428572,anti-toxic
FVLIFSFS,29,13,56,62,42,118,-1.0555555555555556,anti-toxic
CIGSDCSD,52,47,113,122,99,235,-1.054263565891473,anti-toxic
FLCGFIVR,5,2,23,23,7,46,-1.054054054054054,anti-toxic
FFGYGGVC,5,3,22,26,8,48,-1.0526315789473684,anti-toxic
ICNGIGNG,18,9,38,49,27,87,-1.0526315789473684,anti-toxic
LDLGRSRV,52,34,106,102,86,208,-1.0517241379310345,anti-toxic
GGLCYCLC,20,11,48,47,31,95,-1.0491803278688525,anti-toxic
GSHIGNVS,49,46,111,115,95,226,-1.048,anti-toxic
FYRVVNRD,6,6,28,28,12,56,-1.0476190476190477,anti-toxic
HGNCDIGS,75,56,152,147,131,299,-1.0434782608695652,anti-toxic
SDGRDGVI,22,17,51,60,39,111,-1.0434782608695652,anti-toxic
GHNRCYRS,25,22,65,62,47,127,-1.0389610389610389,anti-toxic
VDGDSVGL,45,30,98,86,75,184,-1.0380952380952382,anti-toxic
CCGGNRVS,31,18,66,65,49,131,-1.0379746835443038,anti-toxic
GNVISVHH,47,32,90,102,79,192,-1.036697247706422,anti-toxic
LRHGRVCS,17,9,47,37,26,84,-1.0357142857142858,anti-toxic
CRDFVRGL,19,7,40,44,26,84,-1.0357142857142858,anti-toxic
SGVSDVSI,33,25,65,84,58,149,-1.0340909090909092,anti-toxic
CSGRGLRR,35,23,76,73,58,149,-1.0340909090909092,anti-toxic
IHFYNVHL,3,1,18,21,4,39,-1.0294117647058822,anti-toxic
LDVRGLSI,3,1,19,20,4,39,-1.0294117647058822,anti-toxic
FYRFCGCR,3,3,19,24,6,43,-1.0277777777777777,anti-toxic
IHVNSCRV,87,68,178,167,155,345,-1.027027027027027,anti-toxic
RYICHCCS,5,3,19,28,8,47,-1.0263157894736843,anti-toxic
FFCRFHSI,5,4,22,27,9,49,-1.0256410256410255,anti-toxic
CIICFCDD,7,4,23,30,11,53,-1.024390243902439,anti-toxic
LRDSGSRG,35,17,65,71,52,136,-1.024390243902439,anti-toxic
YCCNIGYD,9,3,22,33,12,55,-1.0238095238095237,anti-toxic
DYGSRRIR,33,22,71,71,55,142,-1.0235294117647058,anti-toxic
GCDRVRVC,40,33,90,88,73,178,-1.0194174757281553,anti-toxic
SVSVVSSC,17,10,37,48,27,85,-1.0175438596491229,anti-toxic
VDLRVDLS,17,10,44,41,27,85,-1.0175438596491229,anti-toxic
FCLFVIFL,22,7,40,49,29,89,-1.0169491525423728,anti-toxic
HIVSCFVV,53,39,108,108,92,216,-1.0163934426229508,anti-toxic
FIGRHHRG,89,74,173,186,163,359,-1.0155440414507773,anti-toxic
HNVCSIRH,27,17,63,56,44,119,-1.0135135135135136,anti-toxic
ICRGHDSG,31,23,69,70,54,139,-1.0119047619047619,anti-toxic
HGGFRRIC,38,33,82,91,71,173,-1.00990099009901,anti-toxic
FGLFYCNC,8,1,28,20,9,48,-1,anti-toxic
CFFRRGRG,38,26,85,73,64,158,-1,anti-toxic
FCIRGLFG,12,6,37,29,18,66,-1,anti-toxic
RIFDRVRC,5,3,15,31,8,46,-1,anti-toxic
VCDVSVRD,38,31,78,90,69,168,-1,anti-toxic
LVFLCVRV,17,16,41,55,33,96,-1,anti-toxic
VYDYYGRD,2,2,17,21,4,38,-1,anti-toxic
SILGSNRV,10,12,39,35,22,74,-1,anti-toxic
SSHVIGIL,31,26,67,77,57,144,-1,anti-toxic
SFIFCVLY,28,9,56,48,37,104,-1,anti-toxic
FGHSFIVR,12,4,33,29,16,62,-1,anti-toxic
LGHDLNGR,6,2,16,30,8,46,-1,anti-toxic
FFYCNHFI,4,1,17,23,5,40,-1,anti-toxic
LRGRHIGG,34,18,67,67,52,134,-1,anti-toxic
GYLYSGRR,9,5,27,31,14,58,-1,anti-toxic
FFVCHVGY,3,2,15,25,5,40,-1,anti-toxic
LNGNDCVG,4,1,17,23,5,40,-1,anti-toxic
VGGRVSVI,26,15,51,61,41,112,-1,anti-toxic
VCSSVVSG,46,44,100,110,90,210,-1,anti-toxic
VYILGCVG,29,18,58,66,47,124,-1,anti-toxic
HRDDSVSC,30,17,53,71,47,124,-1,anti-toxic
GGRGSGLH,6,7,34,22,13,56,-1,anti-toxic
IYRGRLVN,28,23,62,70,51,132,-1,anti-toxic
CNGHHRLI,53,42,102,117,95,219,-0.992,anti-toxic
IGVDCRNS,36,29,83,76,65,159,-0.9894736842105263,anti-toxic
DFLRRNHG,77,62,157,149,139,306,-0.9881656804733728,anti-toxic
VSYRGGRC,27,15,51,62,42,113,-0.9861111111111112,anti-toxic
LVVVGFVF,21,19,56,53,40,109,-0.9857142857142858,anti-toxic
CVIDYVRH,25,12,48,55,37,103,-0.9850746268656716,anti-toxic
VDGDLIVS,18,12,45,44,30,89,-0.9833333333333333,anti-toxic
FCGVCLGF,17,9,41,40,26,81,-0.9821428571428571,anti-toxic
DDVGILSH,49,32,93,97,81,190,-0.9819819819819819,anti-toxic
LSRNVCGN,18,6,39,38,24,77,-0.9814814814814815,anti-toxic
HRSVVSGL,45,31,83,97,76,180,-0.9811320754716981,anti-toxic
RHYNVCSR,10,10,36,33,20,69,-0.98,anti-toxic
LDHLRCGI,66,54,125,142,120,267,-0.98,anti-toxic
ISFRCVRR,12,7,33,34,19,67,-0.9795918367346939,anti-toxic
GCVVGGVL,42,26,75,89,68,164,-0.9795918367346939,anti-toxic
SVGCGVHV,32,25,74,68,57,142,-0.9770114942528736,anti-toxic
CGRGGNRL,36,20,64,76,56,140,-0.9767441860465116,anti-toxic
VFFYHSCG,4,6,22,27,10,49,-0.975,anti-toxic
LFGRFDHH,5,5,21,28,10,49,-0.975,anti-toxic
GDDSIIVG,53,37,96,111,90,207,-0.975,anti-toxic
NGLRIRRD,25,23,55,69,48,124,-0.9743589743589743,anti-toxic
FCVCCFRV,25,21,59,61,46,120,-0.9736842105263158,anti-toxic
DDLRCVRG,46,36,94,97,82,191,-0.9732142857142857,anti-toxic
FCIDDGLS,1,6,20,23,7,43,-0.972972972972973,anti-toxic
CGVLDNRG,48,32,94,93,80,187,-0.9727272727272728,anti-toxic
VSRSCFIH,19,23,55,57,42,112,-0.9722222222222222,anti-toxic
DSRCDRVC,45,33,83,100,78,183,-0.9722222222222222,anti-toxic
HLGGGLVH,26,10,47,53,36,100,-0.9696969696969697,anti-toxic
SVCLGFNV,1,0,15,16,1,31,-0.967741935483871,anti-toxic
VDFRHDVN,38,22,64,83,60,147,-0.9666666666666667,anti-toxic
SFNRRRLC,34,22,61,78,56,139,-0.9651162790697675,anti-toxic
FGCYNFCS,34,15,59,66,49,125,-0.9620253164556962,anti-toxic
DYGSRRIC,30,18,59,64,48,123,-0.9615384615384616,anti-toxic
HSGVRSCI,28,20,69,54,48,123,-0.9615384615384616,anti-toxic
LSFYHYCS,30,16,56,63,46,119,-0.9605263157894737,anti-toxic
RNVGVYCV,41,28,86,78,69,164,-0.9595959595959596,anti-toxic
LVGHRIGR,43,24,78,82,67,160,-0.9587628865979382,anti-toxic
RINDLGNV,39,28,77,83,67,160,-0.9587628865979382,anti-toxic
HICSNISS,29,13,59,52,42,111,-0.9583333333333334,anti-toxic
GHHCRNVH,15,26,54,55,41,109,-0.9577464788732394,anti-toxic
SVRRSCHC,51,32,96,95,83,191,-0.9557522123893806,anti-toxic
DRVGDYSC,35,21,65,73,56,138,-0.9534883720930233,anti-toxic
GRFSCIGN,30,26,67,71,56,138,-0.9534883720930233,anti-toxic
SFVGGNSC,69,50,132,129,119,261,-0.9530201342281879,anti-toxic
VLGSVRVR,66,51,133,124,117,257,-0.9523809523809523,anti-toxic
GSLDGLIN,77,60,140,156,137,296,-0.9520958083832335,anti-toxic
FYNGHYSY,6,5,22,28,11,50,-0.9512195121951219,anti-toxic
FFSYCHRF,9,2,27,23,11,50,-0.9512195121951219,anti-toxic
GSDIGYRG,20,10,38,49,30,87,-0.95,anti-toxic
CVSRVIIS,62,48,114,129,110,243,-0.95,anti-toxic
YSGYVYRF,47,43,100,104,90,204,-0.95,anti-toxic
VNSVGLCI,42,23,76,79,65,155,-0.9473684210526315,anti-toxic
DVLVYYVY,15,12,34,47,27,81,-0.9473684210526315,anti-toxic
CVGNIDRS,32,31,69,82,63,151,-0.946236559139785,anti-toxic
SYSDCIRS,32,29,71,76,61,147,-0.945054945054945,anti-toxic
FFCRGRGL,2,4,25,15,6,40,-0.9444444444444444,anti-toxic
HYDRCRCR,4,2,17,23,6,40,-0.9444444444444444,anti-toxic
CRLRNRCV,4,2,20,20,6,40,-0.9444444444444444,anti-toxic
DIHCCRRG,6,0,18,22,6,40,-0.9444444444444444,anti-toxic
FHSRRLCL,24,17,49,59,41,108,-0.9436619718309859,anti-toxic
SCDCFVVG,1,4,17,21,5,38,-0.9428571428571428,anti-toxic
DVCDGSRY,3,2,13,25,5,38,-0.9428571428571428,anti-toxic
HCGVRRVH,29,10,45,59,39,104,-0.9420289855072463,anti-toxic
SYNGIFVC,27,12,50,54,39,104,-0.9420289855072463,anti-toxic
HRGNVRIG,42,29,81,85,71,166,-0.9405940594059405,anti-toxic
VSDSICRH,24,13,48,52,37,100,-0.9402985074626866,anti-toxic
NRDVVFVC,44,26,77,87,70,164,-0.94,anti-toxic
YCHRRDVR,32,20,56,73,52,129,-0.9390243902439024,anti-toxic
LRDCLVGF,1,1,10,22,2,32,-0.9375,anti-toxic
GVLGNFLC,2,0,17,15,2,32,-0.9375,anti-toxic
CVNVDHSC,19,14,45,47,33,92,-0.9365079365079365,anti-toxic
HVHHDVRH,22,11,44,48,33,92,-0.9365079365079365,anti-toxic
RLLRFRGC,47,31,98,81,78,179,-0.9351851851851852,anti-toxic
HLCSRRSI,47,30,89,88,77,177,-0.9345794392523364,anti-toxic
FYCLCLHF,22,8,42,44,30,86,-0.9333333333333333,anti-toxic
SISSLVRG,60,43,119,108,103,227,-0.9323308270676691,anti-toxic
FVCCHCGY,14,15,38,46,29,84,-0.9322033898305084,anti-toxic
FNSFHRVS,16,13,40,44,29,84,-0.9322033898305084,anti-toxic
DFGSCHRS,19,9,33,49,28,82,-0.9310344827586207,anti-toxic
GNRFRSVL,33,24,70,68,57,138,-0.9310344827586207,anti-toxic
IRDIRSHC,41,30,87,78,71,165,-0.9306930693069307,anti-toxic
CHSNDSVI,60,54,117,131,114,248,-0.9305555555555556,anti-toxic
FGCFVFHF,17,9,37,41,26,78,-0.9285714285714286,anti-toxic
SNCFGRLI,27,13,49,56,40,105,-0.9285714285714286,anti-toxic
CNVGSVRD,35,19,63,69,54,132,-0.9285714285714286,anti-toxic
GGHGCVRL,30,24,72,60,54,132,-0.9285714285714286,anti-toxic
IHVSGFVG,9,2,28,21,11,49,-0.926829268292683,anti-toxic
SRHVHIGR,40,38,88,90,78,178,-0.9259259259259259,anti-toxic
YRFRVCNG,24,13,43,56,37,99,-0.9253731343283582,anti-toxic
SGSLVYGH,61,43,111,117,104,228,-0.9253731343283582,anti-toxic
GIRGNHSC,24,13,44,55,37,99,-0.9253731343283582,anti-toxic
IRGGHCCS,38,25,71,78,63,149,-0.9247311827956989,anti-toxic
LHLCVDHV,6,3,22,23,9,45,-0.9230769230769231,anti-toxic
VRCYNRGV,45,27,79,87,72,166,-0.9215686274509803,anti-toxic
VGVNVVDS,8,0,15,28,8,43,-0.9210526315789473,anti-toxic
FLRHISCV,23,21,56,56,44,112,-0.918918918918919,anti-toxic
CRGFRLIS,64,51,120,128,115,248,-0.9172413793103448,anti-toxic
FIGCRLRG,53,37,95,105,90,200,-0.9166666666666666,anti-toxic
DNGIDNYS,28,25,66,63,53,129,-0.9156626506024096,anti-toxic
SRVSRFGC,36,28,67,83,64,150,-0.9148936170212766,anti-toxic
FRCGHDGS,74,59,132,150,133,282,-0.9141104294478528,anti-toxic
LGVVNFVC,3,1,23,12,4,35,-0.9117647058823529,anti-toxic
GYCCVCLC,2,2,12,23,4,35,-0.9117647058823529,anti-toxic
FGSRGDHN,16,10,42,35,26,77,-0.9107142857142857,anti-toxic
CSSFVFRS,19,6,37,38,25,75,-0.9090909090909091,anti-toxic
FLDFGGGG,8,6,26,28,14,54,-0.9090909090909091,anti-toxic
HSRVCVVG,47,32,92,86,79,178,-0.908256880733945,anti-toxic
VDRDVCSL,52,37,105,92,89,197,-0.907563025210084,anti-toxic
SDSGHLCV,36,20,58,76,56,134,-0.9069767441860465,anti-toxic
CRVGNFRG,83,69,150,167,152,317,-0.9065934065934066,anti-toxic
GVHSGLCD,47,30,85,89,77,174,-0.9065420560747663,anti-toxic
CGCVFHFL,2,0,16,15,2,31,-0.90625,anti-toxic
CICLDFRS,1,1,15,16,2,31,-0.90625,anti-toxic
LCVCDSLG,2,0,19,12,2,31,-0.90625,anti-toxic
VVDRIVSH,43,33,85,87,76,172,-0.9056603773584906,anti-toxic
YSGGRIRC,17,16,48,42,33,90,-0.9047619047619048,anti-toxic
LVDVRVSG,57,39,96,114,96,210,-0.9047619047619048,anti-toxic
VRRGCLVC,61,44,108,119,105,227,-0.9037037037037037,anti-toxic
FIGNHHLS,33,17,58,64,50,122,-0.9,anti-toxic
GVGVNFVV,25,15,55,48,40,103,-0.9,anti-toxic
SRDSVIRH,4,5,20,24,9,44,-0.8974358974358975,anti-toxic
RNVDSVRR,27,11,49,50,38,99,-0.8970588235294118,anti-toxic
GCGSRHVI,22,16,49,50,38,99,-0.8970588235294118,anti-toxic
CLDIDRVS,25,22,56,60,47,116,-0.8961038961038961,anti-toxic
SILCRRGG,76,57,130,149,133,279,-0.8957055214723927,anti-toxic
GLISDCGR,33,23,69,64,56,133,-0.8953488372093024,anti-toxic
LCLVLGCH,5,3,21,21,8,42,-0.8947368421052632,anti-toxic
CVVSGDGV,22,14,47,48,36,95,-0.8939393939393939,anti-toxic
NVIGVDSL,42,29,77,84,71,161,-0.8910891089108911,anti-toxic
DCDVGLRG,44,26,77,82,70,159,-0.89,anti-toxic
SGHFYLVD,2,4,13,25,6,38,-0.8888888888888888,anti-toxic
GFGFHRGS,45,32,84,88,77,172,-0.8878504672897196,anti-toxic
YNFYRDGS,2,3,14,22,5,36,-0.8857142857142857,anti-toxic
GCLGDCGC,2,3,13,23,5,36,-0.8857142857142857,anti-toxic
DVYFDFVC,3,2,22,14,5,36,-0.8857142857142857,anti-toxic
VGGCRVRR,4,1,12,24,5,36,-0.8857142857142857,anti-toxic
VCYCFYGV,3,2,13,23,5,36,-0.8857142857142857,anti-toxic
HHSIRCIG,11,11,28,40,22,68,-0.8846153846153846,anti-toxic
CVHGSVGR,26,13,50,50,39,100,-0.8840579710144928,anti-toxic
RHCRSVGC,53,37,94,102,90,196,-0.8833333333333333,anti-toxic
FYLFSVGL,17,4,30,36,21,66,-0.8823529411764706,anti-toxic
FGDGRCGG,39,33,80,82,72,162,-0.8823529411764706,anti-toxic
LHYSGYCF,3,1,19,15,4,34,-0.8823529411764706,anti-toxic
SVGVGVGL,10,2,23,26,12,49,-0.8809523809523809,anti-toxic
NHRSCSGL,23,14,49,47,37,96,-0.8805970149253731,anti-toxic
GLRHHIRG,41,29,83,75,70,158,-0.88,anti-toxic
IFFILCIV,2,18,25,39,20,64,-0.88,anti-toxic
RCHVSRDC,29,16,50,61,45,111,-0.88,anti-toxic
VIVRNYNR,2,1,13,19,3,32,-0.8787878787878788,anti-toxic
FFVGCLNN,2,1,13,19,3,32,-0.8787878787878788,anti-toxic
HRCRHIVV,81,62,142,153,143,295,-0.8786127167630058,anti-toxic
IHVSHGGV,46,31,86,85,77,171,-0.8785046728971962,anti-toxic
IIGGCHRV,10,8,26,34,18,60,-0.875,anti-toxic
VLGYRCYC,14,12,31,44,26,75,-0.875,anti-toxic
RHGVVCVG,19,14,41,47,33,88,-0.873015873015873,anti-toxic
CFSGGVRS,22,11,36,52,33,88,-0.873015873015873,anti-toxic
FVIGICCC,10,7,26,32,17,58,-0.8723404255319149,anti-toxic
VDICVRSS,22,18,50,51,40,101,-0.8714285714285714,anti-toxic
VVNYHGGV,1,0,11,17,1,28,-0.8709677419354839,anti-toxic
VGVSVSHD,43,27,75,82,70,157,-0.87,anti-toxic
CRVRRIGN,42,28,84,73,70,157,-0.87,anti-toxic
CCFSGYIC,8,8,27,29,16,56,-0.8695652173913043,anti-toxic
HRHCGRGL,46,30,79,89,76,168,-0.8679245283018868,anti-toxic
VRGVNNDS,53,38,96,100,91,196,-0.8677685950413223,anti-toxic
VVHNGSRC,19,11,41,41,30,82,-0.8666666666666667,anti-toxic
FLRCRDRH,36,31,66,85,67,151,-0.865979381443299,anti-toxic
VDVCNRSV,39,28,69,82,67,151,-0.865979381443299,anti-toxic
VGGVLRLV,35,17,56,67,52,123,-0.8658536585365854,anti-toxic
LYCCFLVH,12,10,37,30,22,67,-0.8653846153846154,anti-toxic
DIRVSGSL,89,72,160,166,161,326,-0.8638743455497382,anti-toxic
VVGSGSHS,18,10,36,42,28,78,-0.8620689655172413,anti-toxic
FCFLLCVG,33,31,74,71,64,145,-0.8617021276595744,anti-toxic
GCGSYVYG,6,0,21,16,6,37,-0.8611111111111112,anti-toxic
IHGNRFGS,28,14,43,61,42,104,-0.8611111111111112,anti-toxic
CHVGVVGC,32,17,58,59,49,117,-0.8607594936708861,anti-toxic
RCVIDSGS,50,42,97,100,92,197,-0.860655737704918,anti-toxic
VFGSCRGI,38,25,79,64,63,143,-0.8602150537634409,anti-toxic
VGRHYRIC,28,13,44,58,41,102,-0.8591549295774648,anti-toxic
FCVIHFCV,10,9,34,27,19,61,-0.8571428571428571,anti-toxic
GNGRGRSL,36,32,74,78,68,152,-0.8571428571428571,anti-toxic
GVHFLDFV,3,2,20,15,5,35,-0.8571428571428571,anti-toxic
VLRHLGSC,53,35,96,93,88,189,-0.8559322033898306,anti-toxic
VSVDHCCS,23,9,37,48,32,85,-0.8548387096774194,anti-toxic
LDICSVRG,54,40,92,108,94,200,-0.8548387096774194,anti-toxic
LFYFGLNL,22,10,34,51,32,85,-0.8548387096774194,anti-toxic
VGCYCLVG,8,3,27,19,11,46,-0.8536585365853658,anti-toxic
RCVNRFFN,69,50,117,129,119,246,-0.8523489932885906,anti-toxic
DIICNDDD,14,10,34,36,24,70,-0.8518518518518519,anti-toxic
GLRSRLGF,45,26,78,79,71,157,-0.8514851485148515,anti-toxic
GNDDHVIV,25,19,46,61,44,107,-0.8513513513513513,anti-toxic
GCIVGVNC,48,36,89,92,84,181,-0.8508771929824561,anti-toxic
FCYFCFRF,7,3,14,30,10,44,-0.85,anti-toxic
RDRVDCLS,46,30,75,91,76,166,-0.8490566037735849,anti-toxic
CCVVRVHD,3,0,14,17,3,31,-0.8484848484848485,anti-toxic
NCNDNVYL,1,2,14,17,3,31,-0.8484848484848485,anti-toxic
FFRRRVSN,38,31,74,79,69,153,-0.8484848484848485,anti-toxic
CHSHCIRV,2,1,12,19,3,31,-0.8484848484848485,anti-toxic
HHRISGSC,59,49,112,113,108,225,-0.8478260869565217,anti-toxic
VIDRDSSV,43,32,74,90,75,164,-0.8476190476190476,anti-toxic
FRYSRSSC,49,39,102,86,88,188,-0.847457627118644,anti-toxic
IISSIVRH,10,12,25,41,22,66,-0.8461538461538461,anti-toxic
GGYGVDVS,22,13,45,45,35,90,-0.8461538461538461,anti-toxic
LGGSRDGC,47,33,78,95,80,173,-0.8454545454545455,anti-toxic
RSGRCLRD,24,17,48,53,41,101,-0.8450704225352113,anti-toxic
SNHDRCCG,57,42,99,109,99,208,-0.8449612403100775,anti-toxic
SSHNVRRD,24,16,53,46,40,99,-0.8428571428571429,anti-toxic
GDNVSVRR,38,21,68,66,59,134,-0.8426966292134831,anti-toxic
IRYCRSLV,15,12,42,33,27,75,-0.8421052631578947,anti-toxic
RCGHFRGC,53,43,105,97,96,202,-0.8412698412698413,anti-toxic
VIGGHFVN,92,78,165,173,170,338,-0.84,anti-toxic
RINDVCDS,18,14,36,48,32,84,-0.8387096774193549,anti-toxic
FRFCFDYI,1,0,7,20,1,27,-0.8387096774193549,anti-toxic
DHSNCVLS,28,16,51,55,44,106,-0.8378378378378378,anti-toxic
VSGRFVSL,77,59,130,145,136,275,-0.8373493975903614,anti-toxic
GCYVGFII,26,23,54,61,49,115,-0.8354430379746836,anti-toxic
YSGYVFVG,33,16,57,58,49,115,-0.8354430379746836,anti-toxic
VVGSVRCI,48,37,90,91,85,181,-0.8347826086956521,anti-toxic
CGRHVNRL,51,34,87,94,85,181,-0.8347826086956521,anti-toxic
SRDGICCN,45,40,89,92,85,181,-0.8347826086956521,anti-toxic
SLVGRCGG,14,16,39,41,30,80,-0.8333333333333334,anti-toxic
NRFGVLVR,34,26,69,66,60,135,-0.8333333333333334,anti-toxic
GVGSHVFH,18,6,33,36,24,69,-0.8333333333333334,anti-toxic
FSFYCSDN,12,12,37,32,24,69,-0.8333333333333334,anti-toxic
LYYYLIFF,6,6,19,28,12,47,-0.8333333333333334,anti-toxic
IYHFYSCH,21,9,34,46,30,80,-0.8333333333333334,anti-toxic
VDVNGVDC,30,18,54,59,48,113,-0.8333333333333334,anti-toxic
SGHRVCLG,31,16,61,50,47,111,-0.8311688311688312,anti-toxic
VHRGIRRD,26,21,51,60,47,111,-0.8311688311688312,anti-toxic
ILSSNSHS,17,12,36,42,29,78,-0.8305084745762712,anti-toxic
VGGLGNRI,70,59,125,136,129,261,-0.8301886792452831,anti-toxic
FFLNYSVL,7,10,23,33,17,56,-0.8297872340425532,anti-toxic
CSIVGGGL,8,9,23,33,17,56,-0.8297872340425532,anti-toxic
SVVRGVRL,33,25,58,73,58,131,-0.8295454545454546,anti-toxic
VSCNRRHD,37,21,59,72,58,131,-0.8295454545454546,anti-toxic
CGCVGNRG,2,3,14,20,5,34,-0.8285714285714286,anti-toxic
NFGIGRLS,3,2,17,17,5,34,-0.8285714285714286,anti-toxic
IHHVHCGS,63,51,118,115,114,233,-0.8263888888888888,anti-toxic
DGVRGLVC,52,33,86,94,85,180,-0.8260869565217391,anti-toxic
NLRHDSRC,44,29,80,78,73,158,-0.8252427184466019,anti-toxic
FCVDRVNG,16,16,34,49,32,83,-0.8225806451612904,anti-toxic
IFSGRGSV,20,12,45,38,32,83,-0.8225806451612904,anti-toxic
HVSVVGIV,12,3,32,20,15,52,-0.8222222222222222,anti-toxic
GGCVHNRS,21,16,48,44,37,92,-0.8208955223880597,anti-toxic
FNILCSGV,6,3,15,26,9,41,-0.8205128205128205,anti-toxic
CSRVNHVG,86,67,149,154,153,303,-0.819672131147541,anti-toxic
HINGSLSR,50,36,85,96,86,181,-0.8189655172413793,anti-toxic
GFGGGDYY,1,2,10,20,3,30,-0.8181818181818182,anti-toxic
GIDHIVHH,38,20,62,68,58,130,-0.8181818181818182,anti-toxic
ICRLRRII,66,47,109,121,113,230,-0.8181818181818182,anti-toxic
GCGVSDVI,51,44,104,93,95,197,-0.816,anti-toxic
IVSGHSCC,6,2,20,19,8,39,-0.8157894736842105,anti-toxic
CFRINRGC,59,45,112,101,104,213,-0.8134328358208955,anti-toxic
FGDDGSRV,28,22,58,57,50,115,-0.8125,anti-toxic
NIGVLFYS,51,36,92,90,87,182,-0.811965811965812,anti-toxic
GRNVSGNV,53,44,103,97,97,200,-0.8110236220472441,anti-toxic
LIVRYYGC,4,3,21,16,7,37,-0.8108108108108109,anti-toxic
YICCYDVH,5,2,19,18,7,37,-0.8108108108108109,anti-toxic
SCIHILDF,42,28,72,79,70,151,-0.81,anti-toxic
GFRLSGRI,51,45,90,108,96,198,-0.8095238095238095,anti-toxic
VNCRRYVC,61,45,102,114,106,216,-0.8088235294117647,anti-toxic
LHVNGLVH,27,21,50,61,48,111,-0.8076923076923077,anti-toxic
VGIGCVRS,19,8,38,35,27,73,-0.8070175438596491,anti-toxic
CRVSFIRG,40,23,67,71,63,138,-0.8064516129032258,anti-toxic
YVDIYYRR,2,4,18,17,6,35,-0.8055555555555556,anti-toxic
FRFCYCCH,35,17,58,60,52,118,-0.8048780487804879,anti-toxic
VFSGGSIR,11,10,31,31,21,62,-0.803921568627451,anti-toxic
FDGVVIRG,14,7,36,26,21,62,-0.803921568627451,anti-toxic
GGGLCRRI,46,41,85,96,87,181,-0.8034188034188035,anti-toxic
FLYHVCYH,16,15,35,45,31,80,-0.8032786885245902,anti-toxic
VNGLSLSH,27,19,51,56,46,107,-0.8026315789473685,anti-toxic
NGRLDSCS,17,13,40,38,30,78,-0.8,anti-toxic
IRFDCLVH,7,3,15,27,10,42,-0.8,anti-toxic
IDNRVCRG,31,19,60,54,50,114,-0.8,anti-toxic
DGVGGGLV,48,32,81,87,80,168,-0.8,anti-toxic
SNICDVRH,34,21,58,65,55,123,-0.8,anti-toxic
LGHLRHSV,43,31,72,85,74,157,-0.7980769230769231,anti-toxic
YSVIVNGS,34,15,47,65,49,112,-0.7974683544303798,anti-toxic
DCRIISIS,16,13,30,46,29,76,-0.7966101694915254,anti-toxic
LIGFDGRG,34,24,67,61,58,128,-0.7954545454545454,anti-toxic
NYINVRRV,56,41,99,99,97,198,-0.7952755905511811,anti-toxic
VCVGRSFS,29,24,54,65,53,119,-0.7951807228915663,anti-toxic
RSFRGSHH,28,20,49,61,48,110,-0.7948717948717948,anti-toxic
GRSGNFFR,3,1,12,19,4,31,-0.7941176470588235,anti-toxic
IYVIVCNL,1,3,11,20,4,31,-0.7941176470588235,anti-toxic
VGNGFIRG,18,10,36,38,28,74,-0.7931034482758621,anti-toxic
RDRSDHIS,41,35,82,78,76,160,-0.7924528301886793,anti-toxic
CSVDGIVS,12,6,28,28,18,56,-0.7916666666666666,anti-toxic
HVRGCDHH,26,16,47,52,42,99,-0.7916666666666666,anti-toxic
IIRCSRVS,33,23,56,68,56,124,-0.7906976744186046,anti-toxic
YSHCNNIS,12,15,37,35,27,72,-0.7894736842105263,anti-toxic
CSSFSVGR,56,37,86,104,93,190,-0.7886178861788617,anti-toxic
VLGFRCRG,3,0,11,18,3,29,-0.7878787878787878,anti-toxic
RYSFRDLV,2,1,13,16,3,29,-0.7878787878787878,anti-toxic
LVFHYILS,3,0,16,13,3,29,-0.7878787878787878,anti-toxic
CFYDRNRS,67,49,111,120,116,231,-0.7876712328767124,anti-toxic
CGRHGRLV,11,6,23,31,17,54,-0.7872340425531915,anti-toxic
GVHCRIGG,37,22,74,55,59,129,-0.7865168539325843,anti-toxic
GCVGVSHC,15,11,36,34,26,70,-0.7857142857142857,anti-toxic
HNLRRFSC,36,32,76,69,68,145,-0.7857142857142857,anti-toxic
SNSNHIVC,34,20,55,65,54,120,-0.7857142857142857,anti-toxic
YDYVCFVI,9,3,21,24,12,45,-0.7857142857142857,anti-toxic
FGNDNVRG,26,23,47,64,49,111,-0.7848101265822784,anti-toxic
FCSGHNIS,26,9,37,49,35,86,-0.7846153846153846,anti-toxic
RVYGRSCS,19,16,42,44,35,86,-0.7846153846153846,anti-toxic
VNVGGYSS,19,16,45,41,35,86,-0.7846153846153846,anti-toxic
ICDHLSRV,52,43,98,95,95,193,-0.784,anti-toxic
VDDRRVLS,3,4,15,21,7,36,-0.7837837837837838,anti-toxic
INHSIYIR,50,31,75,93,81,168,-0.7837837837837838,anti-toxic
LGDVSSLF,2,5,19,17,7,36,-0.7837837837837838,anti-toxic
DGGIVVSG,52,38,97,87,90,184,-0.7833333333333333,anti-toxic
GRRFISLL,7,4,25,18,11,43,-0.7804878048780488,anti-toxic
FHRCVLCL,10,1,15,28,11,43,-0.7804878048780488,anti-toxic
YGGSRRVG,39,35,74,81,74,155,-0.7788461538461539,anti-toxic
VVGLGLGR,51,32,85,86,83,171,-0.7787610619469026,anti-toxic
YGDGNCRC,50,33,87,84,83,171,-0.7787610619469026,anti-toxic
LDNSHCRR,38,22,64,66,60,130,-0.7777777777777778,anti-toxic
DRSVGGGG,3,3,20,14,6,34,-0.7777777777777778,anti-toxic
CCYCGFVH,15,9,25,41,24,66,-0.7777777777777778,anti-toxic
GNDSIIVR,27,15,52,46,42,98,-0.7777777777777778,anti-toxic
IYGCVRHS,55,45,93,108,100,201,-0.7769230769230769,anti-toxic
CSRGDGRI,26,11,42,47,37,89,-0.7761194029850746,anti-toxic
FHIRCSSI,26,11,51,38,37,89,-0.7761194029850746,anti-toxic
SDINDFHS,65,52,113,118,117,231,-0.7755102040816326,anti-toxic
VLSGRLHV,38,21,61,67,59,128,-0.7752808988764045,anti-toxic
GDHDSDGL,32,27,66,62,59,128,-0.7752808988764045,anti-toxic
GGCISIVG,54,45,102,97,99,199,-0.7751937984496124,anti-toxic
VHRDGYCV,44,28,72,79,72,151,-0.7745098039215687,anti-toxic
FVCYYCGV,20,12,36,44,32,80,-0.7741935483870968,anti-toxic
YLSHGHRS,58,49,106,107,107,213,-0.7737226277372263,anti-toxic
VRVGVLGN,13,10,25,39,23,64,-0.7735849056603774,anti-toxic
SFRSRFRL,27,18,48,55,45,103,-0.7733333333333333,anti-toxic
VGNCVVSD,31,18,49,61,49,110,-0.7721518987341772,anti-toxic
SVGCGFVS,26,14,51,43,40,94,-0.7714285714285715,anti-toxic
SNGDDYVN,4,1,9,23,5,32,-0.7714285714285715,anti-toxic
SCFNDRGV,24,16,42,52,40,94,-0.7714285714285715,anti-toxic
IGFCNGRS,49,30,80,83,79,163,-0.7706422018348624,anti-toxic
VCNDDRNC,37,20,56,68,57,124,-0.7701149425287356,anti-toxic
CHSIRRRD,62,47,113,103,109,216,-0.7697841726618705,anti-toxic
VSLGSRIC,45,29,77,77,74,154,-0.7692307692307693,anti-toxic
SSFVSNDV,42,23,60,78,65,138,-0.7684210526315789,anti-toxic
HHSNVFLC,25,14,42,50,39,92,-0.7681159420289855,anti-toxic
YRRSVLRC,17,9,27,42,26,69,-0.7678571428571429,anti-toxic
FDDSGVNV,32,19,61,52,51,113,-0.7654320987654321,anti-toxic
VFVFVICV,15,6,24,36,21,60,-0.7647058823529411,anti-toxic
FDIHCGGD,3,1,15,15,4,30,-0.7647058823529411,anti-toxic
VSILDFYC,3,1,12,18,4,30,-0.7647058823529411,anti-toxic
ICCFCYGC,3,1,12,18,4,30,-0.7647058823529411,anti-toxic
GVSVDSDS,11,10,31,29,21,60,-0.7647058823529411,anti-toxic
DRHGIYLS,23,15,43,47,38,90,-0.7647058823529411,anti-toxic
LIRGSLRG,40,36,71,86,76,157,-0.7641509433962265,anti-toxic
FFDYVYVY,4,4,19,18,8,37,-0.7631578947368421,anti-toxic
FDDFYCII,21,25,57,47,46,104,-0.7631578947368421,anti-toxic
ICCGRGDN,6,2,17,20,8,37,-0.7631578947368421,anti-toxic
VGCVGVVS,15,14,34,40,29,74,-0.7627118644067796,anti-toxic
YNGRGRSH,45,30,71,84,75,155,-0.7619047619047619,anti-toxic
SYVDCHRS,22,19,46,49,41,95,-0.7605633802816901,anti-toxic
CGGVSRCR,43,27,71,75,70,146,-0.76,anti-toxic
GGIHRVRI,29,20,53,56,49,109,-0.759493670886076,anti-toxic
YNFYNFCL,36,17,52,64,53,116,-0.7590361445783133,anti-toxic
RGIGSCGC,37,20,58,65,57,123,-0.7586206896551724,anti-toxic
LGSRRSRV,39,26,70,67,65,137,-0.7578947368421053,anti-toxic
IVDLGGVV,44,25,64,80,69,144,-0.7575757575757576,anti-toxic
DRCVVYCS,39,30,69,75,69,144,-0.7575757575757576,anti-toxic
IGYGICGG,6,1,10,25,7,35,-0.7567567567567568,anti-toxic
HHLGVHSL,33,19,63,51,52,114,-0.7560975609756098,anti-toxic
DSGVGHVC,57,40,93,100,97,193,-0.7559055118110236,anti-toxic
DVCSVVHR,11,4,24,25,15,49,-0.7555555555555555,anti-toxic
SNNRRLLR,32,28,62,66,60,128,-0.7555555555555555,anti-toxic
VSDNIYHG,12,3,20,29,15,49,-0.7555555555555555,anti-toxic
FYYIGVVC,16,7,36,27,23,63,-0.7547169811320755,anti-toxic
RSGSGLSG,49,31,88,75,80,163,-0.7545454545454545,anti-toxic
CVSCCIYY,21,10,29,48,31,77,-0.7540983606557377,anti-toxic
NSGVFSRS,24,19,41,57,43,98,-0.7534246575342466,anti-toxic
VSLVHSRG,33,18,57,55,51,112,-0.7530864197530864,anti-toxic
DIGGCSHH,31,24,54,65,55,119,-0.7529411764705882,anti-toxic
YCVRGDHS,34,21,50,69,55,119,-0.7529411764705882,anti-toxic
YGNNIISR,46,28,76,76,74,152,-0.75,anti-toxic
NSHCVVGI,16,18,35,47,34,82,-0.75,anti-toxic
CGYIGFFR,3,3,11,22,6,33,-0.75,anti-toxic
GNHCVNVD,39,31,69,76,70,145,-0.75,anti-toxic
SSHCVNHD,72,65,132,130,137,262,-0.7485029940119761,anti-toxic
FCSGRING,31,30,70,59,61,129,-0.7472527472527473,anti-toxic
CDLRLHHV,37,20,55,67,57,122,-0.7471264367816092,anti-toxic
DGSRLLGL,25,16,51,43,41,94,-0.7464788732394366,anti-toxic
VRCCILVY,26,11,45,42,37,87,-0.746268656716418,anti-toxic
FDRSRIDS,23,10,35,45,33,80,-0.746031746031746,anti-toxic
DGIFRVCS,57,39,88,102,96,190,-0.746031746031746,anti-toxic
GRDVRRRI,21,12,35,45,33,80,-0.746031746031746,anti-toxic
NFSCRIGG,16,9,28,38,25,66,-0.7454545454545455,anti-toxic
IHDLSGSL,72,55,124,120,127,244,-0.7452229299363057,anti-toxic
LSCGRRLN,42,30,82,66,72,148,-0.7450980392156863,anti-toxic
FRLRCRHN,8,13,26,33,21,59,-0.7450980392156863,anti-toxic
GGLGVGRC,39,25,75,59,64,134,-0.7446808510638298,anti-toxic
VRDCSLGD,38,22,64,63,60,127,-0.7444444444444445,anti-toxic
DYSVRRHD,37,19,54,66,56,120,-0.7441860465116279,anti-toxic
GNVSHYIS,29,23,54,59,52,113,-0.7439024390243902,anti-toxic
CLNGRLVR,2,3,15,16,5,31,-0.7428571428571429,anti-toxic
VCDGVNVD,29,11,49,43,40,92,-0.7428571428571429,anti-toxic
HSRCGHGG,22,18,40,52,40,92,-0.7428571428571429,anti-toxic
LNDGLICS,79,62,138,130,141,268,-0.7426900584795322,anti-toxic
RHVNHIII,38,33,66,80,71,146,-0.7425742574257426,anti-toxic
HRSIVVGN,76,57,118,136,133,254,-0.7423312883435583,anti-toxic
YHNCLYDV,1,0,8,16,1,24,-0.7419354838709677,anti-toxic
LRGRVRID,1,0,9,15,1,24,-0.7419354838709677,anti-toxic
FGLCYVRV,1,0,11,13,1,24,-0.7419354838709677,anti-toxic
DSLSIRSL,38,25,59,73,63,132,-0.7419354838709677,anti-toxic
FGVSHSGV,41,22,62,70,63,132,-0.7419354838709677,anti-toxic
NGRRHCLV,32,19,57,54,51,111,-0.7407407407407407,anti-toxic
DFDCGGNV,71,61,120,132,132,252,-0.7407407407407407,anti-toxic
FGNGRIGV,30,17,51,53,47,104,-0.7402597402597403,anti-toxic
RVCGDGVV,38,32,81,63,70,144,-0.74,anti-toxic
GCGVDRRC,35,31,67,70,66,137,-0.7395833333333334,anti-toxic
GRVHGFRC,26,13,44,46,39,90,-0.7391304347826086,anti-toxic
CGDDIGNV,33,29,62,68,62,130,-0.7391304347826086,anti-toxic
GSFVRLVH,39,23,58,72,62,130,-0.7391304347826086,anti-toxic
FRNCGIRV,36,18,53,63,54,116,-0.7380952380952381,anti-toxic
CGNGGVGC,19,8,32,37,27,69,-0.7368421052631579,anti-toxic
GNVFRVSV,32,14,48,54,46,102,-0.7368421052631579,anti-toxic
RVCHNGRL,45,31,76,78,76,154,-0.7358490566037735,anti-toxic
RHDHCDSH,25,13,42,46,38,88,-0.7352941176470589,anti-toxic
FDYFDYGI,1,3,12,17,4,29,-0.7352941176470589,anti-toxic
DGHCSVDC,45,42,86,87,87,173,-0.7350427350427351,anti-toxic
RGCLGRGV,35,18,66,48,53,114,-0.7349397590361446,anti-toxic
RSSGSICN,21,9,34,40,30,74,-0.7333333333333333,anti-toxic
CRCFCSYN,11,4,20,28,15,48,-0.7333333333333333,anti-toxic
LRHRGCYF,7,4,20,21,11,41,-0.7317073170731707,anti-toxic
RSGCISGC,48,30,73,84,78,157,-0.7314814814814815,anti-toxic
CGNGYIRG,28,20,51,54,48,105,-0.7307692307692307,anti-toxic
GCFGLHFR,5,2,17,17,7,34,-0.7297297297297297,anti-toxic
CRGNVRNC,4,3,18,16,7,34,-0.7297297297297297,anti-toxic
IHHHSCLV,11,7,26,27,18,53,-0.7291666666666666,anti-toxic
LCGRVVSL,14,4,26,27,18,53,-0.7291666666666666,anti-toxic
FVINGLSN,17,12,43,29,29,72,-0.7288135593220338,anti-toxic
DLDCSSGH,36,26,64,65,62,129,-0.7282608695652174,anti-toxic
HRDGRVGS,2,1,13,14,3,27,-0.7272727272727273,anti-toxic
RDVSGILG,44,25,62,79,69,141,-0.7272727272727273,anti-toxic
SGLNCGRD,19,6,38,27,25,65,-0.7272727272727273,anti-toxic
VCFDLIVI,2,1,6,21,3,27,-0.7272727272727273,anti-toxic
FNSRLFRC,25,7,37,40,32,77,-0.7258064516129032,anti-toxic
DVGNRCSC,39,22,54,73,61,127,-0.7252747252747253,anti-toxic
RDSIVGNI,31,19,55,53,50,108,-0.725,anti-toxic
GSSLGSNV,47,35,88,75,82,163,-0.7232142857142857,anti-toxic
DCGSVSGD,58,42,97,97,100,194,-0.7230769230769231,anti-toxic
GLISSSSI,77,59,132,124,136,256,-0.7228915662650602,anti-toxic
VSSLDVNL,12,12,30,33,24,63,-0.7222222222222222,anti-toxic
VFIVSRSC,14,10,31,32,24,63,-0.7222222222222222,anti-toxic
RGVCGVDG,39,28,73,64,67,137,-0.7216494845360825,anti-toxic
RDSCGVRL,34,22,60,58,56,118,-0.7209302325581395,anti-toxic
HHGNCNDS,50,31,79,82,81,161,-0.7207207207207207,anti-toxic
GGFSCIRH,13,7,28,28,20,56,-0.72,anti-toxic
HGCGRIFH,32,13,44,55,45,99,-0.72,anti-toxic
SYCSGDSV,20,7,29,39,27,68,-0.7192982456140351,anti-toxic
LCVNFFGI,17,10,34,34,27,68,-0.7192982456140351,anti-toxic
HFCFRRIC,22,12,42,38,34,80,-0.71875,anti-toxic
FVFGHIVV,2,0,9,16,2,25,-0.71875,anti-toxic
HVRGGNNC,27,14,44,48,41,92,-0.7183098591549296,anti-toxic
HGNCDSRD,7,2,17,20,9,37,-0.717948717948718,anti-toxic
SFISNGSL,33,22,56,60,55,116,-0.7176470588235294,anti-toxic
SFSVSVSH,19,4,28,33,23,61,-0.71698113207547165,anti-toxic
VCDGGVGS,42,23,62,71,65,133,-0.7157894736842105,anti-toxic
DSYRININ,31,23,55,59,54,114,-0.7142857142857143,anti-toxic
DVSHGRNH,40,21,61,65,61,126,-0.7142857142857143,anti-toxic
VGIRVFGV,27,34,58,68,61,126,-0.7142857142857143,anti-toxic
VCCCYGSS,7,5,20,22,12,42,-0.7142857142857143,anti-toxic
DDCGGVRL,44,27,76,67,71,143,-0.7128712871287128,anti-toxic
SVRGSDCV,37,34,71,72,71,143,-0.7128712871287128,anti-toxic
GGSGILCS,36,21,57,62,57,119,-0.7126436781609196,anti-toxic
LNDGNNSI,32,18,54,53,50,107,-0.7125,anti-toxic
SYGDRNCR,32,18,49,58,50,107,-0.7125,anti-toxic
VDRIIRCG,27,9,41,42,36,83,-0.7121212121212122,anti-toxic
HVCGSNCD,21,8,37,34,29,71,-0.711864406779661,anti-toxic
VRFRFVRG,12,17,32,39,29,71,-0.711864406779661,anti-toxic
LGRRCLDS,21,8,39,32,29,71,-0.711864406779661,anti-toxic
CCVLHVVV,16,6,30,29,22,59,-0.7115384615384616,anti-toxic
NHRCSRVV,36,17,54,58,53,112,-0.7108433734939759,anti-toxic
VVCHHVYG,3,5,9,26,8,35,-0.7105263157894737,anti-toxic
VNCGINRS,5,3,11,24,8,35,-0.7105263157894737,anti-toxic
FFVISCVS,6,2,15,20,8,35,-0.7105263157894737,anti-toxic
HCGRIGRN,47,30,71,82,77,153,-0.7102803738317757,anti-toxic
VDDLGNSH,25,14,42,46,39,88,-0.7101449275362319,anti-toxic
FRRSSVRV,23,16,38,50,39,88,-0.7101449275362319,anti-toxic
RSGSSGRG,36,34,70,71,70,141,-0.71,anti-toxic
IFVSSYRL,1,0,11,12,1,23,-0.7096774193548387,anti-toxic
SCGDVSLN,30,26,55,62,56,117,-0.7093023255813954,anti-toxic
HNDCVSRS,28,21,44,61,49,105,-0.7088607594936709,anti-toxic
SFVNDIFD,85,67,142,139,152,281,-0.7087912087912088,anti-toxic
SCHVGSCD,88,74,141,157,162,298,-0.7083333333333334,anti-toxic
VYVDRHDD,37,22,54,68,59,122,-0.7078651685393258,anti-toxic
CIGGVRHI,21,14,37,44,35,81,-0.7076923076923077,anti-toxic
GFVDGRRV,44,25,63,76,69,139,-0.7070707070707071,anti-toxic
DGYGRRNH,24,21,52,46,45,98,-0.7066666666666667,anti-toxic
DCSVNCDN,64,49,100,114,113,214,-0.7062937062937062,anti-toxic
CHRGLGSL,37,35,80,64,72,144,-0.7058823529411765,anti-toxic
NGYVRFVG,21,17,45,41,38,86,-0.7058823529411765,anti-toxic
VIGSVVGV,15,6,27,30,21,57,-0.7058823529411765,anti-toxic
ICLFLDYF,2,2,17,11,4,28,-0.7058823529411765,anti-toxic
CLFSLRFD,4,0,17,11,4,28,-0.7058823529411765,anti-toxic
RIVNCRGV,18,13,28,46,31,74,-0.7049180327868853,anti-toxic
FCLYCLFC,8,6,20,25,14,45,-0.7045454545454546,anti-toxic
FCYYGFLR,32,26,57,63,58,120,-0.7045454545454546,anti-toxic
IHHDSSHD,48,30,77,77,78,154,-0.7037037037037037,anti-toxic
FNFVLVFF,35,16,61,47,51,108,-0.7037037037037037,anti-toxic
GFDRGISV,37,27,64,66,64,130,-0.7021276595744681,anti-toxic
SFNSRYVG,18,9,31,36,27,67,-0.7017543859649122,anti-toxic
VCHSRFRN,17,10,41,26,27,67,-0.7017543859649122,anti-toxic
SNRDVRIH,33,27,60,63,60,123,-0.7,anti-toxic
RHNRICGC,33,17,58,48,50,106,-0.7,anti-toxic
IGHNRICN,29,21,52,54,50,106,-0.7,anti-toxic
RCVRHICN,23,17,39,50,40,89,-0.7,anti-toxic
YCNICGLL,7,3,16,22,10,38,-0.7,anti-toxic
ICVSSDGV,51,32,79,83,83,162,-0.6991150442477876,anti-toxic
GCDVNHVC,50,33,84,78,83,162,-0.6991150442477876,anti-toxic
VSRCGSSG,35,18,46,65,53,111,-0.6987951807228916,anti-toxic
CNVCFVDL,24,9,32,45,33,77,-0.6984126984126984,anti-toxic
YRRCDSRS,14,9,34,26,23,60,-0.6981132075471698,anti-toxic
VRDVSLYV,45,31,70,80,76,150,-0.6981132075471698,anti-toxic
CGLCLLSH,8,5,16,27,13,43,-0.6976744186046512,anti-toxic
VHRNVCSF,36,20,57,59,56,116,-0.6976744186046512,anti-toxic
RFCIGLNH,32,14,47,52,46,99,-0.6973684210526315,anti-toxic
HNSCRIHG,49,30,73,82,79,155,-0.6972477064220184,anti-toxic
GFVRRHRG,45,34,71,84,79,155,-0.6972477064220184,anti-toxic
DRDNVGSI,1,2,15,11,3,26,-0.696969696969697,anti-toxic
FLSIHYCI,2,1,13,13,3,26,-0.696969696969697,anti-toxic
RVNVCHRC,44,25,68,70,69,138,-0.696969696969697,anti-toxic
CDVSNSSV,38,21,51,70,59,121,-0.6966292134831461,anti-toxic
VRGFGSNC,43,29,73,70,72,143,-0.696078431372549,anti-toxic
SYNSHIGR,31,41,65,78,72,143,-0.696078431372549,anti-toxic
RLRCNVRH,12,4,21,27,16,48,-0.6956521739130435,anti-toxic
HNSGDIVG,38,24,54,72,62,126,-0.6956521739130435,anti-toxic
CVLRFDFH,6,10,23,25,16,48,-0.6956521739130435,anti-toxic
CVRDRHIR,52,36,88,82,88,170,-0.6949152542372882,anti-toxic
GGFICRCG,4,2,18,13,6,31,-0.6944444444444444,anti-toxic
VVDNVVRG,30,12,42,50,42,92,-0.6944444444444444,anti-toxic
GSFCRVRG,22,10,38,37,32,75,-0.6935483870967742,anti-toxic
IGCFNHSS,56,38,84,96,94,180,-0.6935483870967742,anti-toxic
LCVRVSGS,16,6,29,29,22,58,-0.6923076923076923,anti-toxic
GCGRDFRG,31,17,55,47,48,102,-0.6923076923076923,anti-toxic
RRFVFGNC,15,7,28,30,22,58,-0.6923076923076923,anti-toxic
DGGFRDGS,44,30,70,76,74,146,-0.6923076923076923,anti-toxic
FGILGFHL,4,5,21,15,9,36,-0.6923076923076923,anti-toxic
CRVRRCNG,38,29,68,66,67,134,-0.6907216494845361,anti-toxic
GLVCCLRG,8,4,21,20,12,41,-0.6904761904761905,anti-toxic
DNCVRCID,28,26,51,61,54,112,-0.6904761904761905,anti-toxic
DRVLRVRH,36,18,61,51,54,112,-0.6904761904761905,anti-toxic
VDRIFRRG,49,34,80,81,83,161,-0.6902654867256637,anti-toxic
FHGVGNRC,19,9,34,34,28,68,-0.6896551724137931,anti-toxic
VSNVVIGG,46,27,70,74,73,144,-0.6893203883495146,anti-toxic
RHCFVHHI,17,14,38,35,31,73,-0.6885245901639344,anti-toxic
SDGLCNHC,24,23,46,54,47,100,-0.6883116883116883,anti-toxic
VSGVGGGC,12,6,25,26,18,51,-0.6875,anti-toxic
DCLVHRSV,64,50,102,111,114,213,-0.6875,anti-toxic
IFSGVSVR,0,2,10,14,2,24,-0.6875,anti-toxic
SFNRVVHV,20,14,37,41,34,78,-0.6875,anti-toxic
FLVCFSNF,27,26,59,51,53,110,-0.6867469879518072,anti-toxic
DHRYVVSR,25,15,50,38,40,88,-0.6857142857142857,anti-toxic
NCNVSVGV,41,34,78,69,75,147,-0.6857142857142857,anti-toxic
SDVSVRCG,83,68,128,147,151,275,-0.6850828729281768,anti-toxic
ISDVDGGH,57,40,95,89,97,184,-0.6850393700787402,anti-toxic
VSSGNGLI,57,40,87,97,97,184,-0.6850393700787402,anti-toxic
GDVINSDC,32,30,56,69,62,125,-0.6847826086956522,anti-toxic
RSVSCNIR,2,6,21,13,8,34,-0.6842105263157895,anti-toxic
RGLCNGSL,17,10,35,31,27,66,-0.6842105263157895,anti-toxic
SDSHINVD,18,9,26,40,27,66,-0.6842105263157895,anti-toxic
YGVSSCSR,28,21,43,60,49,103,-0.6835443037974683,anti-toxic
VHCSHIRS,6,5,18,21,11,39,-0.6829268292682927,anti-toxic
CVGDSCRI,17,16,33,43,33,76,-0.6825396825396826,anti-toxic
HCGDRVYS,36,19,61,52,55,113,-0.6823529411764706,anti-toxic
GDIISRVI,27,28,48,65,55,113,-0.6823529411764706,anti-toxic
HNRCVNVH,36,19,61,52,55,113,-0.6823529411764706,anti-toxic
CVDSDVCC,66,55,110,114,121,224,-0.6821192052980133,anti-toxic
YRHHRVSS,60,45,93,104,105,197,-0.6814814814814815,anti-toxic
RIGRCYIV,29,10,40,46,39,86,-0.6811594202898551,anti-toxic
SGHVDINR,75,61,122,127,136,249,-0.6807228915662651,anti-toxic
SYNVHSRS,23,19,38,53,42,91,-0.6805555555555556,anti-toxic
CLSLLYGF,15,5,29,25,20,54,-0.68,anti-toxic
DRLCVIGV,29,16,52,44,45,96,-0.68,anti-toxic
DRYDRIHS,46,27,67,76,73,143,-0.6796116504854369,anti-toxic
SNGGSCGV,44,32,72,76,76,148,-0.6792452830188679,anti-toxic
CGDGLSRI,45,31,68,80,76,148,-0.6792452830188679,anti-toxic
GGSVDCCD,31,23,50,61,54,111,-0.6785714285714286,anti-toxic
FNVVNRVV,33,27,55,66,60,121,-0.6777777777777778,anti-toxic
CGNFCDVL,1,0,9,13,1,22,-0.6774193548387096,anti-toxic
FFVCLGGF,19,13,28,46,32,74,-0.6774193548387096,anti-toxic
HIGLYDGF,0,1,11,11,1,22,-0.6774193548387096,anti-toxic
IVCSRRVL,19,13,34,40,32,74,-0.6774193548387096,anti-toxic
CFRGHGVV,23,12,42,37,35,79,-0.676923076923077,anti-toxic
IDCSLIRG,21,14,41,38,35,79,-0.676923076923077,anti-toxic
GSHRVSLG,44,31,78,68,75,146,-0.6761904761904762,anti-toxic
RCSLRGRL,38,37,67,79,75,146,-0.6761904761904762,anti-toxic
GDFCGISS,53,34,78,88,87,166,-0.6752136752136753,anti-toxic
LCRVRGHH,50,37,77,89,87,166,-0.6752136752136753,anti-toxic
FCRCGFRH,2,8,13,24,10,37,-0.675,anti-toxic
CNFGFCVF,7,3,21,16,10,37,-0.675,anti-toxic
GIDHNGVI,50,40,90,81,90,171,-0.675,anti-toxic
DVCGVRHV,10,3,22,20,13,42,-0.6744186046511628,anti-toxic
LDCVSNRG,8,5,24,18,13,42,-0.6744186046511628,anti-toxic
RFVSSNLN,39,26,64,65,65,129,-0.6736842105263158,anti-toxic
IGFHRYSC,43,31,74,70,74,144,-0.6730769230769231,anti-toxic
GLGHRCGC,50,33,77,82,83,159,-0.672566371681416,anti-toxic
CHHIRNDS,18,10,32,35,28,67,-0.6724137931034483,anti-toxic
SILGGISN,20,8,28,39,28,67,-0.6724137931034483,anti-toxic
GDRDDDID,25,15,39,48,40,87,-0.6714285714285714,anti-toxic
DCCLSSRG,37,18,50,62,55,112,-0.6705882352941176,anti-toxic
ISVRHSNV,37,21,50,67,58,117,-0.6704545454545454,anti-toxic
GDSHHVGS,37,27,61,66,64,127,-0.6702127659574468,anti-toxic
CHRRGNRV,38,26,69,58,64,127,-0.6702127659574468,anti-toxic
LICRVRNC,38,32,76,61,70,137,-0.67,anti-toxic
HFDSVNCS,43,30,70,72,73,142,-0.6699029126213593,anti-toxic
RYHIVNNS,85,66,143,129,151,272,-0.6685082872928176,anti-toxic
LGYDVRRS,6,0,16,14,6,30,-0.6666666666666666,anti-toxic
DGVNNLCH,19,11,34,36,30,70,-0.6666666666666666,anti-toxic
RSVGRNRG,14,10,30,30,24,60,-0.6666666666666666,anti-toxic
FRRNCGRY,2,7,16,19,9,35,-0.6666666666666666,anti-toxic
SFHIGGRC,27,12,41,44,39,85,-0.6666666666666666,anti-toxic
GVHCRGVL,27,21,44,56,48,100,-0.6666666666666666,anti-toxic
RDVGCGDC,20,10,29,41,30,70,-0.6666666666666666,anti-toxic
FIFDIFGR,4,2,14,16,6,30,-0.6666666666666666,anti-toxic
CCGHSSRG,46,29,64,81,75,145,-0.6666666666666666,anti-toxic
YRSYCHVV,27,21,59,41,48,100,-0.6666666666666666,anti-toxic
GSYFRSRV,30,18,50,50,48,100,-0.6666666666666666,anti-toxic
DNGIRVIV,57,38,90,88,95,178,-0.664,anti-toxic
DHVRNHRG,42,29,60,78,71,138,-0.6633663366336634,anti-toxic
CVGGSDGR,43,28,65,73,71,138,-0.6633663366336634,anti-toxic
DNIRVCSS,37,22,56,62,59,118,-0.6629213483146067,anti-toxic
DVVDNLRG,34,16,50,53,50,103,-0.6625,anti-toxic
FVHGGSLS,31,13,49,44,44,93,-0.6621621621621622,anti-toxic
DRCVRRFH,28,16,46,47,44,93,-0.6621621621621622,anti-toxic
NYVNSVGS,55,54,107,94,109,201,-0.6618705035971223,anti-toxic
IRVLGLGS,23,9,34,39,32,73,-0.6612903225806451,anti-toxic
CDVSCVRS,24,8,35,38,32,73,-0.6612903225806451,anti-toxic
SCCDGCGD,17,9,24,39,26,63,-0.6607142857142857,anti-toxic
ICVRNIVG,46,33,77,74,79,151,-0.6605504587155964,anti-toxic
FIYSNYVV,15,5,25,28,20,53,-0.66,anti-toxic
RLGSFCSR,9,8,20,28,17,48,-0.6595744680851063,anti-toxic
FRYVCFVF,7,4,25,13,11,38,-0.6585365853658537,anti-toxic
HFNRSGRG,5,6,12,26,11,38,-0.6585365853658537,anti-toxic
CCVGCVHC,9,2,14,24,11,38,-0.6585365853658537,anti-toxic
VYIRCGRS,47,43,89,80,90,169,-0.6583333333333333,anti-toxic
HRRHHVFC,29,17,44,52,46,96,-0.6578947368421053,anti-toxic
CRRRVLCH,26,20,41,55,46,96,-0.6578947368421053,anti-toxic
FYHIDLHL,5,3,14,19,8,33,-0.6578947368421053,anti-toxic
IHVRGIRH,58,43,87,100,101,187,-0.6564885496183206,anti-toxic
ICGVSGRL,1,1,11,12,2,23,-0.65625,anti-toxic
GFGNYFVV,1,1,13,10,2,23,-0.65625,anti-toxic
HRRIVSVN,58,57,98,112,115,210,-0.6551724137931034,anti-toxic
GDSHLSCV,19,9,34,32,28,66,-0.6551724137931034,anti-toxic
VGRVVLGN,48,35,83,74,83,157,-0.6548672566371682,anti-toxic
VYIIGFGG,30,21,47,57,51,104,-0.654320987654321,anti-toxic
CSGCDLDD,41,36,74,73,77,147,-0.6542056074766355,anti-toxic
GCSFVGSH,60,43,86,104,103,190,-0.6541353383458647,anti-toxic
IRCGNNCS,27,21,50,49,48,99,-0.6538461538461539,anti-toxic
SRIGSFIV,40,31,70,67,71,137,-0.6534653465346535,anti-toxic
RDVGNVNL,41,30,62,75,71,137,-0.6534653465346535,anti-toxic
VGHVCRVI,65,46,94,109,111,203,-0.6524822695035462,anti-toxic
FCGSVSNG,25,14,45,39,39,84,-0.6521739130434783,anti-toxic
SFGDGIIR,11,5,23,23,16,46,-0.6521739130434783,anti-toxic
CHIRGDRC,44,32,72,73,76,145,-0.6509433962264151,anti-toxic
FSHVRCGV,32,21,50,57,53,107,-0.6506024096385542,anti-toxic
GNCHVGRD,48,42,79,89,90,168,-0.65,anti-toxic
SCGSGSGC,4,6,19,17,10,36,-0.65,anti-toxic
LCVRGDSR,53,34,81,82,87,163,-0.6495726495726496,anti-toxic
IHVIGDHC,39,25,54,71,64,125,-0.648936170212766,anti-toxic
RGGRGGNG,25,19,41,51,44,92,-0.6486486486486487,anti-toxic
GCFDGDRR,21,23,44,48,44,92,-0.6486486486486487,anti-toxic
YVVNRRIG,33,28,58,62,61,120,-0.6483516483516484,anti-toxic
VSGGDNHL,28,13,45,42,41,87,-0.647887323943662,anti-toxic
VGRCRVRI,28,13,41,46,41,87,-0.647887323943662,anti-toxic
SDSVCNIR,10,11,24,30,21,54,-0.6470588235294118,anti-toxic
FSHCRCFF,3,1,6,20,4,26,-0.6470588235294118,anti-toxic
CCYNHFGV,3,1,13,13,4,26,-0.6470588235294118,anti-toxic
CVHHVRSC,14,7,26,28,21,54,-0.6470588235294118,anti-toxic
DCDVGGNI,53,36,82,84,89,166,-0.6470588235294118,anti-toxic
LSDSLISS,23,15,37,45,38,82,-0.6470588235294118,anti-toxic
HHVHVHVV,14,7,26,28,21,54,-0.6470588235294118,anti-toxic
RFCCDISS,25,13,34,48,38,82,-0.6470588235294118,anti-toxic
SFLGCDVC,41,28,75,58,69,133,-0.6464646464646465,anti-toxic
CVLRGIRR,11,7,22,27,18,49,-0.6458333333333334,anti-toxic
VLSNILGS,27,19,46,49,46,95,-0.6447368421052632,anti-toxic
RCVYDNIS,46,28,80,61,74,141,-0.6442307692307693,anti-toxic
VVSLLCRG,19,10,32,35,29,67,-0.6440677966101694,anti-toxic
VRFCGNRL,90,71,135,149,161,284,-0.643979057591623,anti-toxic
FDVVVGRS,31,12,40,50,43,90,-0.6438356164383562,anti-toxic
CGDDCRVN,57,42,94,88,99,182,-0.6434108527131783,anti-toxic
CNRRDSSC,25,15,48,37,40,85,-0.6428571428571429,anti-toxic
NHSGLRVC,33,18,52,51,51,103,-0.6419753086419753,anti-toxic
VVVSGGLN,44,29,68,71,73,139,-0.6407766990291263,anti-toxic
VCGVRSNV,21,13,34,41,34,75,-0.640625,anti-toxic
HLDVRCVR,36,23,61,55,59,116,-0.6404494382022472,anti-toxic
CLCCISLY,29,27,63,48,56,111,-0.6395348837209303,anti-toxic
SIGGVCCG,54,38,86,84,92,170,-0.639344262295082,anti-toxic
VCVSSSSC,60,43,100,88,103,188,-0.6390977443609023,anti-toxic
GGGDVLVC,24,18,40,48,42,88,-0.6388888888888888,anti-toxic
VVGRRCSC,40,35,68,74,75,142,-0.638095238095238,anti-toxic
GSRRDSNH,51,35,76,84,86,160,-0.6379310344827587,anti-toxic
CRGGSSRC,57,40,88,90,97,178,-0.6377952755905512,anti-toxic
SVIGSCDH,59,43,85,101,102,186,-0.6363636363636364,anti-toxic
RCHIYVRS,45,35,77,73,80,150,-0.6363636363636364,anti-toxic
NFFHYFVD,2,1,13,11,3,24,-0.6363636363636364,anti-toxic
IICISDGI,1,2,10,14,3,24,-0.6363636363636364,anti-toxic
HHIDYFGI,2,1,9,15,3,24,-0.6363636363636364,anti-toxic
VFIYDCLR,1,2,7,17,3,24,-0.6363636363636364,anti-toxic
RDRVYRSS,23,13,33,45,36,78,-0.6363636363636364,anti-toxic
GISIGSGH,26,21,48,48,47,96,-0.6363636363636364,anti-toxic
DHDVGRRF,59,51,106,93,110,199,-0.6357142857142857,anti-toxic
VCSGIGGI,53,35,75,88,88,163,-0.635593220338983,anti-toxic
SHCVHIVH,40,26,63,64,66,127,-0.6354166666666666,anti-toxic
RNFFRCVR,36,19,51,58,55,109,-0.6352941176470588,anti-toxic
GHRVLNIV,94,76,150,147,170,297,-0.635,anti-toxic
DRGVSYRG,11,11,32,23,22,55,-0.6346153846153846,anti-toxic
LCGSNCVS,64,51,96,111,115,207,-0.6344827586206897,anti-toxic
SGDGRGNN,61,43,97,92,104,189,-0.6343283582089553,anti-toxic
YYDSGNRI,7,4,17,20,11,37,-0.6341463414634146,anti-toxic
NYRSGNVS,7,4,16,21,11,37,-0.6341463414634146,anti-toxic
DYDCNRIG,37,23,54,63,60,117,-0.6333333333333333,anti-toxic
SSGSCGRL,63,46,101,96,109,197,-0.6330935251798561,anti-toxic
CVSNRCHH,30,19,47,52,49,99,-0.6329113924050633,anti-toxic
FVRHYNRG,55,43,84,95,98,179,-0.6328125,anti-toxic
SDRCCGRI,13,6,32,18,19,50,-0.6326530612244898,anti-toxic
RDRNSSID,37,31,68,62,68,130,-0.6326530612244898,anti-toxic
HVRFDGRC,38,30,60,70,68,130,-0.6326530612244898,anti-toxic
FFYNVGCS,3,5,15,17,8,32,-0.631578947368421,anti-toxic
GSRIHSVL,4,4,15,17,8,32,-0.631578947368421,anti-toxic
FGDRIGRG,30,24,45,62,54,107,-0.6309523809523809,anti-toxic
CVGVNSVL,63,53,107,101,116,208,-0.6301369863013698,anti-toxic
LVNGDSRG,57,40,83,94,97,177,-0.6299212598425197,anti-toxic
FCGGVSSV,29,22,48,54,51,102,-0.6296296296296297,anti-toxic
FNCIVLGS,36,23,56,59,59,115,-0.6292134831460674,anti-toxic
FYGRGVRV,30,18,40,57,48,97,-0.6282051282051282,anti-toxic
RFCYYCCC,7,6,18,22,13,40,-0.627906976744186,anti-toxic
CYSSHCRS,7,6,20,20,13,40,-0.627906976744186,anti-toxic
IHHNGRSV,35,21,55,55,56,110,-0.627906976744186,anti-toxic
VSVGSDVV,16,5,23,30,21,53,-0.6274509803921569,anti-toxic
NDDVSCVR,54,50,85,103,104,188,-0.6268656716417911,anti-toxic
CYCFVVVC,24,13,35,44,37,79,-0.6268656716417911,anti-toxic
SDRYRRYC,24,21,49,43,45,92,-0.6266666666666667,anti-toxic
VVGCVNGG,44,30,75,64,74,139,-0.625,anti-toxic
DVIRGYSH,9,1,13,22,10,35,-0.625,anti-toxic
GIGHGNCS,29,21,51,49,50,100,-0.625,anti-toxic
RGFIRIGV,38,20,59,54,58,113,-0.625,anti-toxic
SGSFVRVG,20,14,33,41,34,74,-0.625,anti-toxic
FHHRSSDG,2,0,9,13,2,22,-0.625,anti-toxic
VCGIDSVR,53,34,76,84,87,160,-0.6239316239316239,anti-toxic
IRYGSCRG,25,6,38,31,31,69,-0.6229508196721312,anti-toxic
DSLNCGGI,58,55,101,101,113,202,-0.6223776223776224,anti-toxic
SCGVSGRL,38,22,56,60,60,116,-0.6222222222222222,anti-toxic
VCIDRDHH,17,19,32,45,36,77,-0.6212121212121212,anti-toxic
IRGCNYGS,65,58,103,115,123,218,-0.6209150326797386,anti-toxic
DLVSRRLD,36,21,49,62,57,111,-0.6206896551724138,anti-toxic
DYIRSRLH,13,15,28,36,28,64,-0.6206896551724138,anti-toxic
SIGIGFGN,15,13,24,40,28,64,-0.6206896551724138,anti-toxic
RSSNVIGL,36,21,47,64,57,111,-0.6206896551724138,anti-toxic
HILCRHHS,28,29,54,57,57,111,-0.6206896551724138,anti-toxic
DNILILRS,14,14,33,31,28,64,-0.6206896551724138,anti-toxic
SGFDRSHV,26,23,52,46,49,98,-0.620253164556962,anti-toxic
FCLNRSRG,25,16,38,47,41,85,-0.6197183098591549,anti-toxic
GGIGVRGL,27,14,40,45,41,85,-0.6197183098591549,anti-toxic
CSGSDSVL,26,15,41,44,41,85,-0.6197183098591549,anti-toxic
GIGSIRNV,68,49,105,103,117,208,-0.6190476190476191,anti-toxic
VCGLGLRG,89,70,142,134,159,276,-0.6190476190476191,anti-toxic
VRGCRNGI,40,27,68,59,67,127,-0.6185567010309279,anti-toxic
SNGSDVHL,40,27,59,68,67,127,-0.6185567010309279,anti-toxic
IICDCGYC,3,1,12,13,4,25,-0.6176470588235294,anti-toxic
SICYNFRY,1,3,12,13,4,25,-0.6176470588235294,anti-toxic
HCYGGHGN,2,2,13,12,4,25,-0.6176470588235294,anti-toxic
SSRVCRDL,11,6,20,26,17,46,-0.6170212765957447,anti-toxic
SHLSDIVV,33,31,65,57,64,122,-0.6170212765957447,anti-toxic
DGCVIVIC,10,7,19,27,17,46,-0.6170212765957447,anti-toxic
SSNCHGIS,69,55,107,112,124,219,-0.6168831168831169,anti-toxic
RDGLGSVL,54,36,77,87,90,164,-0.6166666666666667,anti-toxic
VVVGRRNC,51,39,78,86,90,164,-0.6166666666666667,anti-toxic
FNGFVFGC,31,25,47,62,56,109,-0.6162790697674418,anti-toxic
SRRGLDSV,52,35,74,85,87,159,-0.6153846153846154,anti-toxic
LCDNRIRD,23,12,38,37,35,75,-0.6153846153846154,anti-toxic
LGCSGDDC,20,15,40,35,35,75,-0.6153846153846154,anti-toxic
VVCRGVDS,20,15,34,41,35,75,-0.6153846153846154,anti-toxic
VCRDVDHL,15,20,40,35,35,75,-0.6153846153846154,anti-toxic
VCIVSGRH,51,41,82,85,92,167,-0.6147540983606558,anti-toxic
LVHSSVGL,22,18,48,35,40,83,-0.6142857142857143,anti-toxic
VSHCHDSR,26,14,41,42,40,83,-0.6142857142857143,anti-toxic
GHGVGGGD,30,28,57,55,58,112,-0.6136363636363636,anti-toxic
GRCGVVSI,6,8,19,22,14,41,-0.6136363636363636,anti-toxic
NVDDVCVS,38,20,49,63,58,112,-0.6136363636363636,anti-toxic
LYFCGRHI,1,0,8,12,1,20,-0.6129032258064516,anti-toxic
GGNHCSGV,41,22,57,63,63,120,-0.6129032258064516,anti-toxic
NYDCSSGS,33,17,45,54,50,99,-0.6125,anti-toxic
FGGRHVVC,32,18,40,59,50,99,-0.6125,anti-toxic
YCFIIFCL,16,3,20,29,19,49,-0.6122448979591837,anti-toxic
GHYVSSSV,42,26,66,62,68,128,-0.6122448979591837,anti-toxic
IFRNILIS,18,6,24,33,24,57,-0.6111111111111112,anti-toxic
SNVCCGGG,2,4,8,20,6,28,-0.6111111111111112,anti-toxic
VLNVGVHL,28,14,39,47,42,86,-0.6111111111111112,anti-toxic
DRVRVHVV,12,12,33,24,24,57,-0.6111111111111112,anti-toxic
FRHGVRSH,27,20,47,47,47,94,-0.6103896103896104,anti-toxic
FGNRFGRC,52,36,81,79,88,160,-0.6101694915254238,anti-toxic
CHDNGFRG,44,26,57,74,70,131,-0.61,anti-toxic
RGHDCHCS,38,32,62,69,70,131,-0.61,anti-toxic
IIGCRIVG,33,19,51,51,52,102,-0.6097560975609756,anti-toxic
CFSNRRGD,34,18,46,56,52,102,-0.6097560975609756,anti-toxic
FHNRCGNI,5,6,18,18,11,36,-0.6097560975609756,anti-toxic
GFDGSGRV,45,30,66,73,75,139,-0.6095238095238096,anti-toxic
SRRVIVGC,18,16,36,37,34,73,-0.609375,anti-toxic
VVSRGYRC,35,22,47,63,57,110,-0.6091954022988506,anti-toxic
NSSCDNLC,18,21,45,36,39,81,-0.6086956521739131,anti-toxic
SRSYLHCC,39,28,62,64,67,126,-0.6082474226804123,anti-toxic
DGSRLFCI,28,16,38,51,44,89,-0.6081081081081081,anti-toxic
VNCISNCG,41,31,62,72,72,134,-0.6078431372549019,anti-toxic
RLDVGIRD,44,33,78,64,77,142,-0.6074766355140186,anti-toxic
DRCDLSCG,43,34,70,72,77,142,-0.6074766355140186,anti-toxic
RIGVNGRL,18,8,28,32,26,60,-0.6071428571428571,anti-toxic
RVNRGHVV,40,29,61,68,69,129,-0.6060606060606061,anti-toxic
YGGGRCCY,2,1,11,12,3,23,-0.6060606060606061,anti-toxic
SNFRVCRN,4,4,11,20,8,31,-0.6052631578947368,anti-toxic
CRGNIVSD,53,36,84,77,89,161,-0.6050420168067226,anti-toxic
RSRRVSHL,54,40,86,83,94,169,-0.6048387096774194,anti-toxic
DSISCSRH,31,25,53,55,56,108,-0.6046511627906976,anti-toxic
GSGIGIIC,59,40,82,95,99,177,-0.6046511627906976,anti-toxic
FRRGRNDV,63,46,91,102,109,193,-0.60431654676259,anti-toxic
GGSGVLCV,8,10,26,21,18,47,-0.6041666666666666,anti-toxic
DCGGRGCD,51,35,75,81,86,156,-0.603448275862069,anti-toxic
NCSGRVNV,23,10,28,43,33,71,-0.6031746031746031,anti-toxic
ISGFVVCG,45,33,66,77,78,143,-0.6018518518518519,anti-toxic
HGGVIRVG,41,37,62,81,78,143,-0.6018518518518519,anti-toxic
SDVSGLNV,46,37,71,80,83,151,-0.6017699115044248,anti-toxic
VLSGGLSG,47,41,72,87,88,159,-0.6016949152542372,anti-toxic
YCHGHVRV,81,62,115,132,143,247,-0.6011560693641619,anti-toxic
FNGGVVCR,24,11,32,42,35,74,-0.6,anti-toxic
NISGDSDR,23,7,34,32,30,66,-0.6,anti-toxic
SSNLHYCS,25,15,37,45,40,82,-0.6,anti-toxic
GRLYYSRG,29,21,41,57,50,98,-0.6,anti-toxic
DGSDHGRL,32,18,43,55,50,98,-0.6,anti-toxic
LFCGRSDS,42,33,68,70,75,138,-0.6,anti-toxic
FGCRVRSC,18,7,33,25,25,58,-0.6,anti-toxic
CRGVDIVR,49,36,74,80,85,154,-0.6,anti-toxic
YRFRRDSV,6,4,18,16,10,34,-0.6,anti-toxic
NVGDVVVV,58,39,80,93,97,173,-0.5984251968503937,anti-toxic
VNIVGLCG,51,36,69,88,87,157,-0.5982905982905983,anti-toxic
LRRSDGGC,41,31,61,72,72,133,-0.5980392156862745,anti-toxic
LCHSGGRL,31,21,49,52,52,101,-0.5975609756097561,anti-toxic
RFINRVHI,29,23,44,57,52,101,-0.5975609756097561,anti-toxic
CGHRSSCI,26,16,48,37,42,85,-0.5972222222222222,anti-toxic
LRSDSGVC,24,13,36,41,37,77,-0.5970149253731343,anti-toxic
GGYGGIRV,26,11,40,37,37,77,-0.5970149253731343,anti-toxic
RCRFGLGI,22,10,32,37,32,69,-0.5967741935483871,anti-toxic
YGCYVHSL,24,8,28,41,32,69,-0.5967741935483871,anti-toxic
NGVVRCCR,17,10,26,35,27,61,-0.5964912280701754,anti-toxic
GNICRDCS,34,20,47,57,54,104,-0.5952380952380952,anti-toxic
ISSNVSSD,9,3,20,17,12,37,-0.5952380952380952,anti-toxic
CSGDGSDV,7,5,18,19,12,37,-0.5952380952380952,anti-toxic
FIVRFSCG,6,1,16,13,7,29,-0.5945945945945946,anti-toxic
SSSSNVCV,23,16,32,48,39,80,-0.5942028985507246,anti-toxic
VSDGGCCV,41,30,60,71,71,131,-0.594059405940594,anti-toxic
IDVCVVRN,73,57,105,120,130,225,-0.59375,anti-toxic
CRHGGHNG,23,11,32,40,34,72,-0.59375,anti-toxic
GNCISNRV,39,27,66,57,66,123,-0.59375,anti-toxic
GNIRINRV,20,14,38,34,34,72,-0.59375,anti-toxic
DYGCGDRV,52,36,88,70,88,158,-0.5932203389830508,anti-toxic
DLNSHVGC,44,44,76,82,88,158,-0.5932203389830508,anti-toxic
VGVLHNHC,65,50,92,109,115,201,-0.593103448275862,anti-toxic
CFNDHRRV,33,23,44,63,56,107,-0.5930232558139535,anti-toxic
GSHRVFVV,17,7,23,33,24,56,-0.5925925925925926,anti-toxic
SISGRDRD,34,17,42,57,51,99,-0.5925925925925926,anti-toxic
SDGDHDLG,67,60,114,106,127,220,-0.5923566878980892,anti-toxic
DRSGNCGV,24,17,37,46,41,83,-0.5915492957746479,anti-toxic
IVNVDVDG,20,16,31,44,36,75,-0.5909090909090909,anti-toxic
IFGRNRSL,25,11,35,40,36,75,-0.5909090909090909,anti-toxic
HVVLNRGC,34,24,52,58,58,110,-0.5909090909090909,anti-toxic
HHCGYSRR,21,15,37,38,36,75,-0.5909090909090909,anti-toxic
SVLHGGSV,34,24,54,56,58,110,-0.5909090909090909,anti-toxic
LLGCGGRG,22,14,34,41,36,75,-0.5909090909090909,anti-toxic
FVDGRSCC,58,39,85,87,97,172,-0.5905511811023622,anti-toxic
LNFRSFVI,56,41,87,85,97,172,-0.5905511811023622,anti-toxic
INNCVNVL,35,18,52,50,53,102,-0.5903614457831325,anti-toxic
LGGNGFGS,17,14,27,40,31,67,-0.5901639344262295,anti-toxic
NGIHIGNS,41,29,61,68,70,129,-0.59,anti-toxic
RIVDLRSI,8,1,16,16,9,32,-0.5897435897435898,anti-toxic
SCGISVGH,48,29,65,75,77,140,-0.5887850467289719,anti-toxic
IFSGRRDI,26,12,37,41,38,78,-0.5882352941176471,anti-toxic
VHVVNGGI,36,19,51,54,55,105,-0.5882352941176471,anti-toxic
RRVDRVIL,26,12,35,43,38,78,-0.5882352941176471,anti-toxic
FSVGRVVL,26,12,39,39,38,78,-0.5882352941176471,anti-toxic
VIGGLSSL,35,20,52,53,55,105,-0.5882352941176471,anti-toxic
IIGFCGVG,15,6,25,26,21,51,-0.5882352941176471,anti-toxic
VNGNIYVV,21,12,28,42,33,70,-0.5873015873015873,anti-toxic
SGFVGDRC,24,21,43,46,45,89,-0.5866666666666667,anti-toxic
NFGVGVRC,57,41,87,86,98,173,-0.5859375,anti-toxic
FSSGCVGN,44,25,60,67,69,127,-0.5858585858585859,anti-toxic
GVGVRIDL,23,17,47,34,40,81,-0.5857142857142857,anti-toxic
YVCSRNRC,49,32,69,77,81,146,-0.5855855855855856,anti-toxic
GNRHGDLC,32,20,46,54,52,100,-0.5853658536585366,anti-toxic
RSHRICRL,7,4,20,15,11,35,-0.5853658536585366,anti-toxic
FFYYSIFD,7,4,18,17,11,35,-0.5853658536585366,anti-toxic
RISCVLNR,39,25,62,57,64,119,-0.5851063829787234,anti-toxic
DFDSSSDV,39,25,65,54,64,119,-0.5851063829787234,anti-toxic
NVGIGDVR,43,33,63,75,76,138,-0.5849056603773585,anti-toxic
HGNDCNCS,25,10,33,40,35,73,-0.5846153846153846,anti-toxic
CVDNHVSD,24,11,35,38,35,73,-0.5846153846153846,anti-toxic
LGVGGCVV,39,20,61,50,59,111,-0.5842696629213483,anti-toxic
GLCFSDRG,41,30,62,68,71,130,-0.5841584158415841,anti-toxic
DSFINGSC,44,27,64,66,71,130,-0.5841584158415841,anti-toxic
DRVCVSGL,12,6,27,19,18,46,-0.5833333333333334,anti-toxic
VDIFVYIV,3,3,13,14,6,27,-0.5833333333333334,anti-toxic
FRVCGLHV,48,30,69,72,78,141,-0.5833333333333334,anti-toxic
IVCGRFSS,51,34,75,77,85,152,-0.5826086956521739,anti-toxic
CGSNYVGR,26,23,41,54,49,95,-0.5822784810126582,anti-toxic
CSNSGCRS,40,28,61,64,68,125,-0.5816326530612245,anti-toxic
GVHFYGRS,40,28,59,66,68,125,-0.5816326530612245,anti-toxic
FVSGSSSL,6,7,16,22,13,38,-0.5813953488372093,anti-toxic
SDSGNIGC,49,38,73,82,87,155,-0.5811965811965812,anti-toxic
SLGVSDGS,27,17,48,39,44,87,-0.581081081081081,anti-toxic
FRSDNCVI,1,0,8,11,1,19,-0.5806451612903226,anti-toxic
FGVVNGIF,1,0,11,8,1,19,-0.5806451612903226,anti-toxic
SYNDVLIG,1,0,8,11,1,19,-0.5806451612903226,anti-toxic
VFGNGRCH,35,16,47,51,51,98,-0.5802469135802469,anti-toxic
CSRYSHRI,34,17,42,56,51,98,-0.5802469135802469,anti-toxic
CRLGGHSG,24,15,31,48,39,79,-0.5797101449275363,anti-toxic
FCSSHVNG,26,13,40,39,39,79,-0.5797101449275363,anti-toxic
SSVYSRIV,55,41,83,86,96,169,-0.5793650793650794,anti-toxic
RDIGCGIV,18,9,28,32,27,60,-0.5789473684210527,anti-toxic
IDRHSVGL,16,11,31,29,27,60,-0.5789473684210527,anti-toxic
CDSSSLIH,25,16,39,43,41,82,-0.5774647887323944,anti-toxic
RSDSFGHC,64,48,97,97,112,194,-0.5774647887323944,anti-toxic
SYDSDNHG,41,26,55,68,67,123,-0.5773195876288659,anti-toxic
YSGSIISH,21,15,29,45,36,74,-0.5757575757575758,anti-toxic
VGGLCDGD,38,31,59,67,69,126,-0.5757575757575758,anti-toxic
SCVFYYGC,3,0,14,8,3,22,-0.5757575757575758,anti-toxic
YVRSGLRL,22,21,43,42,43,85,-0.5753424657534246,anti-toxic
SSRGGSFL,49,34,71,77,83,148,-0.5752212389380531,anti-toxic
GVSDRGVL,51,32,71,77,83,148,-0.5752212389380531,anti-toxic
VDCSSSGN,50,47,77,93,97,170,-0.5748031496062992,anti-toxic
GGFDHVSS,33,24,54,53,57,107,-0.5747126436781609,anti-toxic
GVHRHVRH,13,4,22,22,17,44,-0.574468085106383,anti-toxic
GRFSRFGF,16,15,29,37,31,66,-0.5737704918032787,anti-toxic
GYVRRISV,28,17,48,40,45,88,-0.5733333333333334,anti-toxic
RIVGDGLI,47,33,79,64,80,143,-0.5727272727272728,anti-toxic
IDGSRVGL,52,35,74,80,87,154,-0.5726495726495726,anti-toxic
SLIRCLRR,70,52,114,95,122,209,-0.5723684210526315,anti-toxic
FFCNDFSV,3,9,13,23,12,36,-0.5714285714285714,anti-toxic
GHGNDHSV,15,18,28,41,33,69,-0.5714285714285714,anti-toxic
IDRHHRDC,20,6,21,37,26,58,-0.5714285714285714,anti-toxic
HVNGCFVR,38,23,54,59,61,113,-0.5714285714285714,anti-toxic
LCGGSVFG,4,1,10,15,5,25,-0.5714285714285714,anti-toxic
FRCGRNLV,25,8,34,35,33,69,-0.5714285714285714,anti-toxic
SNRCSDIV,18,15,36,33,33,69,-0.5714285714285714,anti-toxic
CVDSDCGG,40,23,66,50,63,116,-0.5698924731182796,anti-toxic
DCVVSSDD,37,26,50,66,63,116,-0.5698924731182796,anti-toxic
SCSVVHVG,33,16,47,47,49,94,-0.569620253164557,anti-toxic
GDDSDLHH,55,38,85,78,93,163,-0.5691056910569106,anti-toxic
IGFSIRRS,8,13,22,28,21,50,-0.5686274509803921,anti-toxic
IVCVIIVF,11,3,15,24,14,39,-0.5681818181818182,anti-toxic
ICSGNGGD,36,22,55,53,58,108,-0.5681818181818182,anti-toxic
IFYCYSCI,6,1,16,12,7,28,-0.5675675675675675,anti-toxic
RSDDNIGV,11,12,23,30,23,53,-0.5660377358490566,anti-toxic
GGYFHHIR,19,4,23,30,23,53,-0.5660377358490566,anti-toxic
VNDSSGNS,27,19,41,48,46,89,-0.5657894736842105,anti-toxic
IHVRRSRI,24,15,38,40,39,78,-0.5652173913043478,anti-toxic
SHGIIFLI,25,14,36,42,39,78,-0.5652173913043478,anti-toxic
RIFCGNII,26,13,35,43,39,78,-0.5652173913043478,anti-toxic
GGVGYDGV,34,21,42,61,55,103,-0.5647058823529412,anti-toxic
FSGVVSCS,37,18,45,58,55,103,-0.5647058823529412,anti-toxic
HYGRRCRI,72,54,109,105,126,214,-0.5641025641025641,anti-toxic
YVSCRIRD,49,38,71,82,87,153,-0.5641025641025641,anti-toxic
DSNVRGNR,59,44,83,95,103,178,-0.5639097744360902,anti-toxic
SCRNYVSV,60,43,80,98,103,178,-0.5639097744360902,anti-toxic
GLGCHGNG,84,74,124,140,158,264,-0.5638297872340425,anti-toxic
FVDVDNDG,42,38,70,72,80,142,-0.5636363636363636,anti-toxic
HHYDGCDS,44,36,67,75,80,142,-0.5636363636363636,anti-toxic
VDNGIRCH,39,27,63,57,66,120,-0.5625,anti-toxic
VDNGRVHV,39,27,65,55,66,120,-0.5625,anti-toxic
CHVLSGCS,2,0,13,7,2,20,-0.5625,anti-toxic
FVSGCVGR,19,15,31,39,34,70,-0.5625,anti-toxic
CLDGGSCV,21,13,41,29,34,70,-0.5625,anti-toxic
GDDFVLNS,70,53,101,108,123,209,-0.5620915032679739,anti-toxic
HFRDVNVS,40,35,64,70,75,134,-0.5619047619047619,anti-toxic
RRFSCFVR,32,27,52,57,59,109,-0.5617977528089888,anti-toxic
SGLGGICI,32,27,57,52,59,109,-0.5617977528089888,anti-toxic
RLGCHRHV,28,15,42,42,43,84,-0.5616438356164384,anti-toxic
IFSSGYVC,25,18,50,34,43,84,-0.5616438356164384,anti-toxic
SCFGRGSR,24,19,37,47,43,84,-0.5616438356164384,anti-toxic
DCSNFHGS,16,11,26,33,27,59,-0.5614035087719298,anti-toxic
CVFRDSNG,26,26,42,56,52,98,-0.5609756097560976,anti-toxic
RCDNRVIH,39,38,59,78,77,137,-0.5607476635514018,anti-toxic
ICYSRHRV,24,12,29,44,36,73,-0.5606060606060606,anti-toxic
NCGIIVGS,38,23,59,53,61,112,-0.5604395604395604,anti-toxic
SGRLHDHC,31,30,53,59,61,112,-0.5604395604395604,anti-toxic
CILGDRSV,72,57,104,114,129,218,-0.559748427672956,anti-toxic
YCVSVRRG,35,19,42,59,54,101,-0.5595238095238095,anti-toxic
RFHSVHLI,40,23,59,56,63,115,-0.5591397849462365,anti-toxic
LLRRVCRV,51,39,74,83,90,157,-0.5583333333333333,anti-toxic
RDRDRFHV,41,24,64,54,65,118,-0.5578947368421052,anti-toxic
GFCRRVVV,42,23,54,64,65,118,-0.5578947368421052,anti-toxic
DIGFRDRG,19,12,30,35,31,65,-0.5573770491803278,anti-toxic
FGVGGNIV,19,12,28,37,31,65,-0.5573770491803278,anti-toxic
VVCSSRIR,31,18,51,42,49,93,-0.5569620253164557,anti-toxic
GSHLHSGI,37,30,64,57,67,121,-0.5567010309278351,anti-toxic
RCGSRGLL,59,44,91,86,103,177,-0.556390977443609,anti-toxic
CSDGNGCD,56,40,83,83,96,166,-0.5555555555555556,anti-toxic
ICSVDSHS,26,16,40,42,42,82,-0.5555555555555556,anti-toxic
SGNCSLGR,43,35,68,70,78,138,-0.5555555555555556,anti-toxic
CCSCHGGD,3,3,13,13,6,26,-0.5555555555555556,anti-toxic
YVCSVGRV,56,40,86,80,96,166,-0.5555555555555556,anti-toxic
IFSRNVRG,3,3,10,16,6,26,-0.5555555555555556,anti-toxic
LFRDSVGS,14,10,26,28,24,54,-0.5555555555555556,anti-toxic
VFFFGHCV,1,5,9,17,6,26,-0.5555555555555556,anti-toxic
LHCLCSIL,3,3,15,11,6,26,-0.5555555555555556,anti-toxic
DVDGGCRR,91,79,133,148,170,281,-0.555,anti-toxic
GLLGGFRG,51,47,86,83,98,169,-0.5546875,anti-toxic
GYSVGNRG,42,29,62,65,71,127,-0.5544554455445545,anti-toxic
GNVHHVGC,76,60,109,119,136,228,-0.5542168674698795,anti-toxic
GICNRVDC,51,40,74,84,91,158,-0.5537190082644629,anti-toxic
YDLFDSSF,17,9,26,31,26,57,-0.5535714285714286,anti-toxic
SRCSDNIH,15,11,33,24,26,57,-0.5535714285714286,anti-toxic
NNRYRFSG,29,17,46,42,46,88,-0.5526315789473685,anti-toxic
IVVGRGSV,45,32,65,71,77,136,-0.5514018691588785,anti-toxic
HSSSISSD,40,37,71,65,77,136,-0.5514018691588785,anti-toxic
CRVDYISS,23,25,45,46,48,91,-0.5512820512820513,anti-toxic
VGSFSNCS,46,33,70,69,79,139,-0.5504587155963303,anti-toxic
NCGGLVRV,59,40,76,94,99,170,-0.5503875968992248,anti-toxic
VNVIGINL,18,12,25,38,30,63,-0.55,anti-toxic
SRYGCRSV,33,17,42,52,50,94,-0.55,anti-toxic
IGNGSRCH,42,28,70,55,70,125,-0.55,anti-toxic
NVVDLHHV,40,30,60,65,70,125,-0.55,anti-toxic
ISCIGRDC,41,31,65,63,72,128,-0.5490196078431373,anti-toxic
GRIGVHIG,22,10,33,33,32,66,-0.5483870967741935,anti-toxic
GLINCIRV,38,25,61,53,63,114,-0.5483870967741935,anti-toxic
VLRDCLVV,62,43,84,95,105,179,-0.5481481481481482,anti-toxic
RDRRSNLC,34,31,50,67,65,117,-0.5473684210526316,anti-toxic
SHGIRGIC,10,13,30,22,23,52,-0.5471698113207547,anti-toxic
ISLVNNVD,52,35,79,72,87,151,-0.5470085470085471,anti-toxic
FSDCGNRR,49,38,70,81,87,151,-0.5470085470085471,anti-toxic
ILGVGVRS,22,12,31,38,34,69,-0.546875,anti-toxic
GHFCDHNS,35,21,44,59,56,103,-0.5465116279069767,anti-toxic
HGVHYCRI,36,22,49,57,58,106,-0.5454545454545454,anti-toxic
SYFDFIVG,2,1,10,11,3,21,-0.5454545454545454,anti-toxic
NSGGFVRR,43,39,62,81,82,143,-0.5446428571428571,anti-toxic
RDVLHDSH,43,28,62,64,71,126,-0.5445544554455446,anti-toxic
CYRVNRRC,38,33,63,63,71,126,-0.5445544554455446,anti-toxic
LCGVSSNV,31,18,45,47,49,92,-0.5443037974683544,anti-toxic
RSSNIYSC,22,16,33,42,38,75,-0.5441176470588235,anti-toxic
HFISISSS,23,15,30,45,38,75,-0.5441176470588235,anti-toxic
RLVCSVRC,21,17,29,46,38,75,-0.5441176470588235,anti-toxic
LDRLFVSF,34,28,58,54,62,112,-0.5434782608695652,anti-toxic
SFNSVLGH,30,21,40,55,51,95,-0.5432098765432098,anti-toxic
RGNFGYSV,51,35,68,81,86,149,-0.5431034482758621,anti-toxic
RCGFGRNF,51,35,81,68,86,149,-0.5431034482758621,anti-toxic
VYCVGIFR,17,12,29,32,29,61,-0.5423728813559322,anti-toxic
NRCSGFVC,18,11,31,30,29,61,-0.5423728813559322,anti-toxic
VGDGVVGH,46,31,64,71,77,135,-0.5420560747663551,anti-toxic
SNSGDFSS,10,8,19,25,18,44,-0.5416666666666666,anti-toxic
CNFSVVRD,42,28,53,71,70,124,-0.54,anti-toxic
YRHYVFSC,48,35,66,78,83,144,-0.5398230088495575,anti-toxic
SNSGLVHC,56,42,82,85,98,167,-0.5390625,anti-toxic
YINGRYVN,72,65,110,117,137,227,-0.5389221556886228,anti-toxic
GRDFRVVL,27,21,43,47,48,90,-0.5384615384615384,anti-toxic
CSNGGYCD,4,5,14,16,9,30,-0.5384615384615384,anti-toxic
CRHIHVNH,20,15,34,36,35,70,-0.5384615384615384,anti-toxic
VSCHSVGI,15,7,23,27,22,50,-0.5384615384615384,anti-toxic
INRCRHSS,5,4,16,14,9,30,-0.5384615384615384,anti-toxic
DCGGGDVD,60,42,96,77,102,173,-0.5378787878787878,anti-toxic
LSDHVIVR,27,23,45,48,50,93,-0.5375,anti-toxic
GSNGGNVR,33,17,48,45,50,93,-0.5375,anti-toxic
IGDGVGVI,52,39,77,79,91,156,-0.5371900826446281,anti-toxic
VSDGVCNH,41,24,49,67,65,116,-0.5368421052631579,anti-toxic
HRGDCLHN,40,25,58,58,65,116,-0.5368421052631579,anti-toxic
DSHNNVLI,82,65,117,125,147,242,-0.536723163841808,anti-toxic
CSVRFDRS,6,5,12,21,11,33,-0.5365853658536586,anti-toxic
SLGFFVCF,7,4,18,15,11,33,-0.5365853658536586,anti-toxic
LYGRGVRC,63,45,95,87,108,182,-0.5362318840579711,anti-toxic
SCSSDGVC,58,50,89,93,108,182,-0.5362318840579711,anti-toxic
HDVINHVG,84,67,128,120,151,248,-0.5359116022099447,anti-toxic
LCDRSVRN,17,9,26,30,26,56,-0.5357142857142857,anti-toxic
SLGNLGNC,72,53,103,105,125,208,-0.535483870967742,anti-toxic
GSVGCYVN,40,29,70,52,69,122,-0.5353535353535354,anti-toxic
GIGCSHHD,41,28,57,65,69,122,-0.5353535353535354,anti-toxic
GVGISHSH,25,16,47,32,41,79,-0.5352112676056338,anti-toxic
SGNCLLVH,35,21,53,49,56,102,-0.5348837209302325,anti-toxic
VDSRVSLH,7,6,20,16,13,36,-0.5348837209302325,anti-toxic
GCGRVHNH,44,27,56,69,71,125,-0.5346534653465347,anti-toxic
RNCVDCGS,23,5,32,27,28,59,-0.5344827586206896,anti-toxic
DSFVCDGS,46,42,66,85,88,151,-0.5338983050847458,anti-toxic
DVRGNDCV,35,25,55,53,60,108,-0.5333333333333333,anti-toxic
IVRSGLGV,29,16,40,45,45,85,-0.5333333333333333,anti-toxic
ICVRHVRS,24,21,35,50,45,85,-0.5333333333333333,anti-toxic
YGHGRGNR,70,67,111,115,137,226,-0.5329341317365269,anti-toxic
VHVGNFSC,63,44,83,97,107,180,-0.5328467153284672,anti-toxic
VGNSISLL,35,27,48,63,62,111,-0.532608695652174,anti-toxic
GSFVSNCH,20,12,25,40,32,65,-0.532258064516129,anti-toxic
CRSRGRHD,19,13,24,41,32,65,-0.532258064516129,anti-toxic
SHSCVHCD,15,17,29,36,32,65,-0.532258064516129,anti-toxic
IRIGRFGC,36,28,52,62,64,114,-0.5319148936170213,anti-toxic
CGRGRFLN,48,33,65,75,81,140,-0.5315315315315315,anti-toxic
FCVICVGR,2,0,13,6,2,19,-0.53125,anti-toxic
DLFLIGYG,2,0,10,9,2,19,-0.53125,anti-toxic
RSGFVYRS,1,1,6,13,2,19,-0.53125,anti-toxic
LRNSHVGI,22,12,35,33,34,68,-0.53125,anti-toxic
SRVHGVRL,20,14,38,30,34,68,-0.53125,anti-toxic
HSGGDLIF,34,17,38,56,51,94,-0.5308641975308642,anti-toxic
DRRGGVGV,3,1,13,9,4,22,-0.5294117647058824,anti-toxic
SGYSSIRH,15,6,21,27,21,48,-0.5294117647058824,anti-toxic
FVDSYDDS,2,2,10,12,4,22,-0.5294117647058824,anti-toxic
RRHYCRIN,35,20,49,51,55,100,-0.5294117647058824,anti-toxic
RFVHYRRS,54,37,69,86,91,155,-0.5289256198347108,anti-toxic
FCVGVVSS,44,30,65,64,74,129,-0.5288461538461539,anti-toxic
RDRIISHL,29,11,37,40,40,77,-0.5285714285714286,anti-toxic
VSYVGNRD,10,13,23,28,23,51,-0.5283018867924528,anti-toxic
YINVRRCV,13,10,25,26,23,51,-0.5283018867924528,anti-toxic
VIGVSRRV,3,3,14,11,6,25,-0.5277777777777778,anti-toxic
SSVCGVDG,32,29,48,61,61,109,-0.5274725274725275,anti-toxic
GIIGRRNS,14,11,26,28,25,54,-0.5272727272727272,anti-toxic
IICGVNGR,35,28,53,59,63,112,-0.5268817204301075,anti-toxic
GLDSYVRG,30,16,40,46,46,86,-0.5263157894736842,anti-toxic
CRNVDFGS,42,23,54,61,65,115,-0.5263157894736842,anti-toxic
VYVDGGGH,57,46,88,85,103,173,-0.5263157894736842,anti-toxic
FIRHRGRC,29,19,43,46,48,89,-0.5256410256410257,anti-toxic
FVNCRVRC,32,16,43,46,48,89,-0.5256410256410257,anti-toxic
CLIRGIRR,14,15,26,34,29,60,-0.5254237288135594,anti-toxic
CSGDGCGV,25,25,38,54,50,92,-0.525,anti-toxic
ISCIRRRN,22,9,28,35,31,63,-0.5245901639344263,anti-toxic
SCRINVSG,29,23,50,45,52,95,-0.524390243902439,anti-toxic
VDVSGSCL,25,10,31,38,35,69,-0.5230769230769231,anti-toxic
RLRGRSVI,68,55,98,105,123,203,-0.5228758169934641,anti-toxic
VSGRHSLN,12,2,17,20,14,37,-0.5227272727272727,anti-toxic
CGSIDRNC,10,4,20,17,14,37,-0.5227272727272727,anti-toxic
GVYHRVGC,36,22,52,52,58,104,-0.5227272727272727,anti-toxic
YYVVVYVY,46,35,69,70,81,139,-0.5225225225225225,anti-toxic
SSGGDSSC,59,45,84,90,104,174,-0.5223880597014925,anti-toxic
GLVDRVCG,34,26,54,53,60,107,-0.5222222222222223,anti-toxic
RYRFNYVC,50,33,66,76,83,142,-0.5221238938053098,anti-toxic
CYDGYVGF,22,17,30,45,39,75,-0.5217391304347826,anti-toxic
SIVRNLVC,45,40,72,73,85,145,-0.5217391304347826,anti-toxic
CSVRHCRD,28,11,42,33,39,75,-0.5217391304347826,anti-toxic
GVGHCLND,49,38,70,78,87,148,-0.5213675213675214,anti-toxic
VVRGLVSV,24,17,36,42,41,78,-0.5211267605633803,anti-toxic
SNVRRSGL,29,12,40,38,41,78,-0.5211267605633803,anti-toxic
LRGDDYHG,26,17,42,39,43,81,-0.5205479452054794,anti-toxic
GNHGRHHD,56,37,72,85,93,157,-0.5203252032520326,anti-toxic
CSDVCHSN,40,30,65,57,70,122,-0.52,anti-toxic
GDGVVVSI,15,5,19,27,20,46,-0.52,anti-toxic
LCGLRFRS,27,20,36,51,47,87,-0.5194805194805194,anti-toxic
CVGVRRGG,23,24,45,42,47,87,-0.5194805194805194,anti-toxic
SRRGRCSG,10,12,15,34,22,49,-0.5192307692307693,anti-toxic
NVCDGVDG,31,20,42,51,51,93,-0.5185185185185185,anti-toxic
VFDVDLLL,16,8,19,33,24,52,-0.5185185185185185,anti-toxic
VDGYRIGG,16,10,34,21,26,55,-0.5178571428571429,anti-toxic
FGFRRCRV,15,11,24,31,26,55,-0.5178571428571429,anti-toxic
YVRGVVSV,19,7,23,32,26,55,-0.5178571428571429,anti-toxic
GGHSNGCL,35,20,54,45,55,99,-0.5176470588235295,anti-toxic
FVNGRFCG,16,12,31,27,28,58,-0.5172413793103449,anti-toxic
IDLRRCHN,37,20,55,47,57,102,-0.5172413793103449,anti-toxic
GNGVCDDI,20,8,28,30,28,58,-0.5172413793103449,anti-toxic
VLRGVGCL,36,23,55,50,59,105,-0.5168539325842697,anti-toxic
VHSCYGRG,38,23,49,59,61,108,-0.5164835164835165,anti-toxic
RILSGSGL,39,24,50,61,63,111,-0.5161290322580645,anti-toxic
FVFFFCYL,0,1,6,11,1,17,-0.5161290322580645,anti-toxic
CDVHDHHD,40,25,50,64,65,114,-0.5157894736842106,anti-toxic
YGIGVLYI,20,14,25,42,34,67,-0.515625,anti-toxic
YGDNRDCS,39,28,58,59,67,117,-0.5154639175257731,anti-toxic
CICSSCGI,2,1,7,13,3,20,-0.5151515151515151,anti-toxic
INGSCVSS,25,11,26,44,36,70,-0.5151515151515151,anti-toxic
SGVGSLLD,21,15,29,41,36,70,-0.5151515151515151,anti-toxic
CSVCDNRG,3,0,9,11,3,20,-0.5151515151515151,anti-toxic
FLLGHGIV,1,2,9,11,3,20,-0.5151515151515151,anti-toxic
RIGCGRIL,27,11,35,38,38,73,-0.5147058823529411,anti-toxic
HNGVFGRV,23,15,40,33,38,73,-0.5147058823529411,anti-toxic
RGIDDDHL,28,10,36,37,38,73,-0.5147058823529411,anti-toxic
CYVGRVGV,24,16,40,36,40,76,-0.5142857142857142,anti-toxic
LFFIHRGF,3,2,11,12,5,23,-0.5142857142857142,anti-toxic
VHCSGSRY,63,49,97,88,112,185,-0.5140845070422535,anti-toxic
VSDCNVGV,64,48,83,102,112,185,-0.5140845070422535,anti-toxic
HVLCNHSC,47,30,60,72,77,132,-0.514018691588785,anti-toxic
SGVCFSIV,26,16,39,40,42,79,-0.5138888888888888,anti-toxic
DGSSSCLD,30,12,44,35,42,79,-0.5138888888888888,anti-toxic
VRHVVRVG,48,31,65,70,79,135,-0.5137614678899083,anti-toxic
CFRFINRH,21,23,34,48,44,82,-0.5135135135135135,anti-toxic
SSGVLYVV,27,19,34,51,46,85,-0.5131578947368421,anti-toxic
VYVCSGYD,25,21,36,49,46,85,-0.5131578947368421,anti-toxic
RFGCRVCS,90,71,123,136,161,259,-0.5130890052356021,anti-toxic
LLVRLHCG,4,5,13,16,9,29,-0.5128205128205128,anti-toxic
FRRGVVSR,50,37,76,71,87,147,-0.5128205128205128,anti-toxic
RNFIYLSS,3,8,13,19,11,32,-0.5121951219512195,anti-toxic
DCFCDLCL,32,20,53,41,52,94,-0.5121951219512195,anti-toxic
IHRRRIND,23,29,51,43,52,94,-0.5121951219512195,anti-toxic
GRRIINVV,29,25,49,48,54,97,-0.5119047619047619,anti-toxic
GIDSDLIV,31,25,52,48,56,100,-0.5116279069767442,anti-toxic
LGNCYRRC,9,4,22,13,13,35,-0.5116279069767442,anti-toxic
VGGCDVGG,26,32,47,56,58,103,-0.5113636363636364,anti-toxic
RDFDRIDG,34,24,52,51,58,103,-0.5113636363636364,anti-toxic
RHVICGNV,7,10,21,20,17,41,-0.5106382978723404,anti-toxic
VDHGVLCS,65,48,85,101,113,186,-0.5104895104895105,anti-toxic
LRVDHVDC,41,25,55,60,66,115,-0.5104166666666666,anti-toxic
IGHDGGNV,35,31,48,67,66,115,-0.5104166666666666,anti-toxic
LGHVDIRH,72,53,107,97,125,204,-0.5096774193548387,anti-toxic
ISDCRNIG,44,30,59,68,74,127,-0.5096153846153846,anti-toxic
DSLRVRHG,43,31,67,60,74,127,-0.5096153846153846,anti-toxic
LIYNLGCC,15,12,31,25,27,56,-0.5087719298245614,anti-toxic
YGDGHDLN,19,12,29,33,31,62,-0.5081967213114754,anti-toxic
IVNRIDSI,20,13,26,39,33,65,-0.5079365079365079,anti-toxic
DNVLGLVR,23,14,37,34,37,71,-0.5074626865671642,anti-toxic
GFRRSDNR,23,14,33,38,37,71,-0.5074626865671642,anti-toxic
LDHVGFSS,26,13,38,36,39,74,-0.5072463768115942,anti-toxic
GSDIGSSI,26,15,35,42,41,77,-0.5070422535211268,anti-toxic
FVSNSSID,24,17,41,36,41,77,-0.5070422535211268,anti-toxic
GRGCCISL,31,16,45,41,47,86,-0.5064935064935064,anti-toxic
FHNVIHLH,33,18,42,50,51,92,-0.5061728395061729,anti-toxic
ISCVGVNG,33,18,41,51,51,92,-0.5061728395061729,anti-toxic
RVSDNCRC,81,67,125,113,148,238,-0.5056179775280899,anti-toxic
ISCDGSGR,37,24,54,53,61,107,-0.5054945054945055,anti-toxic
RSSICSSV,38,25,56,54,63,110,-0.5053763440860215,anti-toxic
NFCRRHLN,44,27,68,54,71,122,-0.504950495049505,anti-toxic
DFCSVDGR,46,29,58,70,75,128,-0.5047619047619047,anti-toxic
LHDCRGGV,46,35,66,71,81,137,-0.5045045045045045,anti-toxic
DYRGDSGV,48,35,62,78,83,140,-0.504424778761062,anti-toxic
YRGLRLIG,48,41,70,79,89,149,-0.5042016806722689,anti-toxic
DGVGRCFG,58,41,84,80,99,164,-0.5038759689922481,anti-toxic
DIVGLRIS,85,66,125,117,151,242,-0.5027624309392266,anti-toxic
HLVVCHGV,80,73,123,122,153,245,-0.5027322404371585,anti-toxic
VIDHRCCR,15,11,25,29,26,54,-0.5,anti-toxic
SSDVGRDL,20,16,28,41,36,69,-0.5,anti-toxic
CLNGVGRL,64,50,100,86,114,186,-0.5,anti-toxic
IRYGIVRH,16,12,28,29,28,57,-0.5,anti-toxic
GNFGNFCS,20,10,29,31,30,60,-0.5,anti-toxic
DGCGVLGS,22,10,32,31,32,63,-0.5,anti-toxic
FCLRHCLD,1,1,11,7,2,18,-0.5,anti-toxic
DYVVDDGD,30,22,41,52,52,93,-0.5,anti-toxic
CIFNFCRV,10,4,14,22,14,36,-0.5,anti-toxic
FSDSVVSR,27,9,33,36,36,69,-0.5,anti-toxic
FSGRVISC,3,3,11,13,6,24,-0.5,anti-toxic
CNYNRYRS,31,17,41,46,48,87,-0.5,anti-toxic
YILFDLYV,1,3,7,14,4,21,-0.5,anti-toxic
IDFFCSHR,2,2,11,10,4,21,-0.5,anti-toxic
INGIGYLV,41,31,59,64,72,123,-0.5,anti-toxic
CGFRRGRF,23,17,34,41,40,75,-0.5,anti-toxic
FYGYCFGN,1,5,11,13,6,24,-0.5,anti-toxic
CCSSVVRS,39,21,61,44,60,105,-0.5,anti-toxic
GNILRYVG,37,21,42,60,58,102,-0.5,anti-toxic
VNVSGVIC,7,3,14,16,10,30,-0.5,anti-toxic
LRLNGSLS,32,22,40,56,54,96,-0.5,anti-toxic
SFRDVHGN,34,22,51,48,56,99,-0.5,anti-toxic
FCSLISVC,8,4,16,17,12,33,-0.5,anti-toxic
NSHRSRLF,32,20,54,39,52,93,-0.5,anti-toxic
CFVDGRGC,14,12,29,25,26,54,-0.5,anti-toxic
DVGIRILH,13,9,22,26,22,48,-0.5,anti-toxic
VNCGGFRV,23,7,25,35,30,60,-0.5,anti-toxic
NSCGLGCD,44,30,56,70,74,126,-0.5,anti-toxic
VSGSHYSG,6,8,10,26,14,36,-0.5,anti-toxic
GGDVGRVL,20,20,42,33,40,75,-0.5,anti-toxic
VHGGGISR,23,9,32,31,32,63,-0.5,anti-toxic
RFLHRFYF,14,2,13,26,16,39,-0.5,anti-toxic
GINSRIIV,37,27,54,57,64,111,-0.5,anti-toxic
CSCDCFRC,25,11,40,29,36,69,-0.5,anti-toxic
FYYCCVCF,0,2,10,8,2,18,-0.5,anti-toxic
VCRHSGRN,5,3,12,15,8,27,-0.5,anti-toxic
GCRGIYVR,38,28,64,50,66,114,-0.5,anti-toxic
NDDVDRCD,65,47,98,85,112,183,-0.5,anti-toxic
GVHIDVSI,139,123,201,206,262,407,-0.4965753424657534,anti-toxic
IDGRDGGH,62,49,85,96,111,181,-0.49645390070921985,anti-toxic
DGVDNGDR,54,35,72,76,89,148,-0.4957983193277311,anti-toxic
IDVGVCRL,50,39,79,69,89,148,-0.4957983193277311,anti-toxic
FGCFVRSV,49,38,73,72,87,145,-0.49572649572649574,anti-toxic
HFDCVGNS,51,34,70,72,85,142,-0.4956521739130435,anti-toxic
NFGVSGGL,35,32,54,61,67,115,-0.4948453608247423,anti-toxic
VCRSGDNC,90,72,129,128,162,257,-0.4947916666666667,anti-toxic
NRNLGCVS,38,21,44,59,59,103,-0.4943820224719101,anti-toxic
IRGRGVSV,35,20,50,47,55,97,-0.49411764705882355,anti-toxic
CGSLRDVH,34,21,47,50,55,97,-0.49411764705882355,anti-toxic
VRHDDHSV,37,18,44,53,55,97,-0.49411764705882355,anti-toxic
VDVGLCDR,33,14,47,38,47,85,-0.4935064935064935,anti-toxic
FDRRFICS,27,20,48,37,47,85,-0.4935064935064935,anti-toxic
SRLDGRII,27,20,38,47,47,85,-0.4935064935064935,anti-toxic
GFRCRSDG,31,12,40,39,43,79,-0.4931506849315068,anti-toxic
SSVLLDRD,28,15,42,37,43,79,-0.4931506849315068,anti-toxic
VRCGRFRC,55,57,91,91,112,182,-0.49295774647887325,anti-toxic
FGGVGISN,27,14,35,41,41,76,-0.49295774647887325,anti-toxic
YVRNVCGG,57,47,78,92,104,170,-0.4925373134328358,anti-toxic
VCVDVIGH,19,16,28,39,35,67,-0.49230769230769234,anti-toxic
GNDGVLRN,26,9,32,35,35,67,-0.49230769230769234,anti-toxic
FVHSSIRH,23,8,25,36,31,61,-0.4918032786885246,anti-toxic
FSNNHVLS,53,37,76,73,90,149,-0.49166666666666664,anti-toxic
VIIGHSIN,18,9,26,29,27,55,-0.49122807017543857,anti-toxic
FDGVSDDD,17,10,28,27,27,55,-0.49122807017543857,anti-toxic
LDLVDLGS,45,37,59,78,82,137,-0.49107142857142855,anti-toxic
VNNSSRCV,15,10,17,35,25,52,-0.4909090909090909,anti-toxic
GISVCHNL,16,9,28,24,25,52,-0.4909090909090909,anti-toxic
VRGRRHSV,19,6,26,26,25,52,-0.4909090909090909,anti-toxic
GLRHGRGV,45,31,67,61,76,128,-0.49056603773584906,anti-toxic
HGIGGVIV,46,30,69,59,76,128,-0.49056603773584906,anti-toxic
NSICGIVG,46,30,64,64,76,128,-0.49056603773584906,anti-toxic
FVVGHRCG,69,54,103,95,123,198,-0.49019607843137253,anti-toxic
YCGIRVSV,67,52,92,100,119,192,-0.4899328859060403,anti-toxic
FCICRVHC,11,8,19,24,19,43,-0.4897959183673469,anti-toxic
FHGCGYRG,9,10,18,25,19,43,-0.4897959183673469,anti-toxic
SDVDILRH,36,26,54,53,62,107,-0.4891304347826087,anti-toxic
FCCVCFYG,9,6,15,22,15,37,-0.4888888888888889,anti-toxic
LCSGRSSG,30,28,53,48,58,101,-0.48863636363636365,anti-toxic
NIRSHRRN,59,42,73,92,101,165,-0.48854961832061067,anti-toxic
DGDCNVVD,28,24,42,50,52,92,-0.4878048780487805,anti-toxic
DVRCGHVV,5,6,16,15,11,31,-0.4878048780487805,anti-toxic
NLYGNCRR,32,18,44,45,50,89,-0.4875,anti-toxic
RVRYCHGC,52,37,79,68,89,147,-0.48739495798319327,anti-toxic
SGHFVDVV,31,17,39,47,48,86,-0.48717948717948717,anti-toxic
VVYHSIFC,7,2,14,14,9,28,-0.48717948717948717,anti-toxic
FFVYLNCL,6,3,13,15,9,28,-0.48717948717948717,anti-toxic
SDVCVHGC,27,21,40,46,48,86,-0.48717948717948717,anti-toxic
GGSLVYIH,30,18,39,47,48,86,-0.48717948717948717,anti-toxic
SSNSVRHN,3,4,11,14,7,25,-0.4864864864864865,anti-toxic
LIIGCDRG,47,30,61,68,77,129,-0.48598130841121495,anti-toxic
VGGDCGDV,43,34,66,63,77,129,-0.48598130841121495,anti-toxic
FYFCFFCR,19,21,37,37,40,74,-0.4857142857142857,anti-toxic
SHNFVCRR,2,3,13,9,5,22,-0.4857142857142857,anti-toxic
GFFHFGYG,5,0,11,11,5,22,-0.4857142857142857,anti-toxic
FDSIVRVR,23,17,38,36,40,74,-0.4857142857142857,anti-toxic
DVDGHGSH,24,14,37,34,38,71,-0.4852941176470588,anti-toxic
RGVCRLRG,0,3,10,9,3,19,-0.48484848484848486,anti-toxic
RDHSGVNH,25,11,33,35,36,68,-0.48484848484848486,anti-toxic
DLFCVNVC,0,3,11,8,3,19,-0.48484848484848486,anti-toxic
CVYRSLHC,22,12,32,33,34,65,-0.484375,anti-toxic
FYHRVIGL,1,0,8,8,1,16,-0.4838709677419355,anti-toxic
CCGGRSGH,56,38,68,86,94,154,-0.4838709677419355,anti-toxic
CGHFCGVV,1,0,7,9,1,16,-0.4838709677419355,anti-toxic
NLFFVFGL,1,0,8,8,1,16,-0.4838709677419355,anti-toxic
CFVGDSCL,1,0,7,9,1,16,-0.4838709677419355,anti-toxic
CVGGVVSC,19,13,29,33,32,62,-0.4838709677419355,anti-toxic
ICGGRGSI,15,15,29,30,30,59,-0.48333333333333334,anti-toxic
VCGRVDLS,39,20,60,42,59,102,-0.48314606741573035,anti-toxic
IHRCDSVC,20,8,28,28,28,56,-0.4827586206896552,anti-toxic
DYGLHGGD,15,11,19,34,26,53,-0.48214285714285715,anti-toxic
FCDLHLVS,17,9,26,27,26,53,-0.48214285714285715,anti-toxic
VVFGGLRG,15,9,34,16,24,50,-0.48148148148148145,anti-toxic
RLSCCDHG,12,12,28,22,24,50,-0.48148148148148145,anti-toxic
IGFSDDRR,32,19,41,49,51,90,-0.48148148148148145,anti-toxic
RNGCIIGC,53,48,76,88,101,164,-0.48091603053435117,anti-toxic
INSGDLGG,56,43,76,85,99,161,-0.4806201550387597,anti-toxic
SHYSHIVR,57,38,77,78,95,155,-0.48,anti-toxic
GSFDCLGS,42,26,62,53,68,115,-0.47959183673469385,anti-toxic
IRVGGNVI,25,18,35,43,43,78,-0.4794520547945205,anti-toxic
IRRYSLRG,54,37,68,81,91,149,-0.4793388429752066,anti-toxic
VCSLGNLS,51,38,77,69,89,146,-0.4789915966386555,anti-toxic
VHVCNSVV,22,19,34,41,41,75,-0.4788732394366197,anti-toxic
SIDCVNNG,9,7,16,22,16,38,-0.4782608695652174,anti-toxic
VFLDGRVD,52,33,63,77,85,140,-0.4782608695652174,anti-toxic
GGILNVSC,72,59,97,111,131,208,-0.4782608695652174,anti-toxic
CNGGIIVG,8,8,18,20,16,38,-0.4782608695652174,anti-toxic
SVDFRVCG,51,34,77,63,85,140,-0.4782608695652174,anti-toxic
FVHNRSVL,11,5,21,17,16,38,-0.4782608695652174,anti-toxic
FCCDRVGS,49,36,67,73,85,140,-0.4782608695652174,anti-toxic
GRRVVRFV,34,26,54,49,60,103,-0.4777777777777778,anti-toxic
RGCFCLSF,25,12,29,40,37,69,-0.47761194029850745,anti-toxic
FIFYYFFC,9,5,16,19,14,35,-0.4772727272727273,anti-toxic
GGNGRGGI,36,22,43,57,58,100,-0.4772727272727273,anti-toxic
SISVDVSR,33,23,45,52,56,97,-0.47674418604651164,anti-toxic
CLGVVGHN,44,33,63,65,77,128,-0.4766355140186916,anti-toxic
RRHSCYHG,44,33,63,65,77,128,-0.4766355140186916,anti-toxic
LIYSCYCC,7,5,16,16,12,32,-0.47619047619047616,anti-toxic
RIGSYYRN,8,4,14,18,12,32,-0.47619047619047616,anti-toxic
IVRGRILL,23,10,27,36,33,63,-0.47619047619047616,anti-toxic
IGSRHCGV,54,40,68,85,94,153,-0.47580645161290325,anti-toxic
YIRGRNCL,36,37,63,59,73,122,-0.47572815533980584,anti-toxic
RINGCVDR,34,18,41,50,52,91,-0.47560975609756095,anti-toxic
VDLHNCRS,34,18,42,49,52,91,-0.47560975609756095,anti-toxic
GVVSIHCS,31,21,49,42,52,91,-0.47560975609756095,anti-toxic
CVHRVVSV,21,10,25,35,31,60,-0.47540983606557374,anti-toxic
ICNVGIGV,21,10,28,32,31,60,-0.47540983606557374,anti-toxic
GLDVGHRG,16,15,24,36,31,60,-0.47540983606557374,anti-toxic
LGDSDVVS,15,16,32,28,31,60,-0.47540983606557374,anti-toxic
RFHRGIRC,19,12,23,37,31,60,-0.47540983606557374,anti-toxic
SGCFVFSH,39,32,54,65,71,119,-0.4752475247524752,anti-toxic
SNDLSCNL,49,41,77,70,90,147,-0.475,anti-toxic
DDHCSNGS,39,30,49,67,69,116,-0.47474747474747475,anti-toxic
FCDVVSGS,11,18,23,34,29,57,-0.4745762711864407,anti-toxic
CGGSGVDC,14,15,29,28,29,57,-0.4745762711864407,anti-toxic
LFSRRNCV,17,12,27,30,29,57,-0.4745762711864407,anti-toxic
IVFCCRVF,33,15,37,48,48,85,-0.47435897435897434,anti-toxic
IFVDRGSV,29,19,41,44,48,85,-0.47435897435897434,anti-toxic
RYDLRGNC,40,27,51,62,67,113,-0.4742268041237113,anti-toxic
SDVIVRCG,33,32,56,54,65,110,-0.47368421052631576,anti-toxic
GIRVCSVR,44,40,68,70,84,138,-0.47368421052631576,anti-toxic
FHIDGSGV,49,35,68,70,84,138,-0.47368421052631576,anti-toxic
HCGVRVSN,36,29,47,63,65,110,-0.47368421052631576,anti-toxic
HRGDHGCI,36,29,50,60,65,110,-0.47368421052631576,anti-toxic
FRISVVRL,40,23,47,60,63,107,-0.4731182795698925,anti-toxic
VSHCNGHI,11,14,22,29,25,51,-0.4727272727272727,anti-toxic
GSCDRGCR,76,57,101,109,133,210,-0.4723926380368098,anti-toxic
GDLDVIID,94,75,123,140,169,263,-0.4723618090452261,anti-toxic
RHDRDCRR,65,49,89,93,114,182,-0.4722222222222222,anti-toxic
VHNRGSLI,3,3,10,13,6,23,-0.4722222222222222,anti-toxic
LHGSNCGL,22,20,31,45,42,76,-0.4722222222222222,anti-toxic
VDGVSVIH,12,11,21,27,23,48,-0.4716981132075472,anti-toxic
IRNRVYHC,23,17,43,30,40,73,-0.4714285714285714,anti-toxic
SSGDHGRV,35,22,49,49,57,98,-0.47126436781609193,anti-toxic
CCRVRCCR,1,3,7,13,4,20,-0.47058823529411764,anti-toxic
FISRFLRD,22,16,36,34,38,70,-0.47058823529411764,anti-toxic
FRDDCVSI,37,18,39,56,55,95,-0.47058823529411764,anti-toxic
VVGCGDHC,20,18,31,39,38,70,-0.47058823529411764,anti-toxic
DLDFSISV,36,19,45,50,55,95,-0.47058823529411764,anti-toxic
IVNSHSLG,12,9,24,21,21,45,-0.47058823529411764,anti-toxic
LVNRCGCV,41,31,58,62,72,120,-0.47058823529411764,anti-toxic
YISCCCVH,2,2,7,13,4,20,-0.47058823529411764,anti-toxic
IHGLGSVV,11,10,22,23,21,45,-0.47058823529411764,anti-toxic
SLSDSNVG,60,42,73,91,102,164,-0.4696969696969697,anti-toxic
HFYSLFCH,22,14,36,31,36,67,-0.4696969696969697,anti-toxic
LNGDRYRF,1,1,8,9,2,17,-0.46875,anti-toxic
CGVFVYYD,1,1,10,7,2,17,-0.46875,anti-toxic
YYFFVNSN,2,0,4,13,2,17,-0.46875,anti-toxic
CFRCFYFL,1,1,13,4,2,17,-0.46875,anti-toxic
HICGRIVR,10,7,23,16,17,39,-0.46808510638297873,anti-toxic
HNVSVFRV,41,23,51,57,64,108,-0.46808510638297873,anti-toxic
SGNLDCVI,52,42,72,80,94,152,-0.46774193548387094,anti-toxic
CDRVNRVL,29,33,47,58,62,105,-0.4673913043478261,anti-toxic
CSGGRGSC,48,29,54,73,77,127,-0.4672897196261682,anti-toxic
NRSCDCGD,36,24,51,51,60,102,-0.4666666666666667,anti-toxic
DISGRCDD,10,5,15,21,15,36,-0.4666666666666667,anti-toxic
IDDVCRGV,67,53,86,104,120,190,-0.4666666666666667,anti-toxic
FRVVSFFC,6,9,15,21,15,36,-0.4666666666666667,anti-toxic
RIDGCRSN,19,11,27,31,30,58,-0.4666666666666667,anti-toxic
VFGRRDNI,39,21,59,43,60,102,-0.4666666666666667,anti-toxic
GFCGSIIV,46,29,61,63,75,124,-0.4666666666666667,anti-toxic
DCVGGGII,11,4,17,19,15,36,-0.4666666666666667,anti-toxic
GLVGFNVR,35,23,51,48,58,99,-0.4659090909090909,anti-toxic
FRHSGLCV,27,16,41,36,43,77,-0.4657534246575342,anti-toxic
CHGSNDIR,18,10,23,32,28,55,-0.46551724137931033,anti-toxic
GCVDSLHV,120,110,183,168,230,351,-0.4653846153846154,anti-toxic
VGCCSSGR,44,27,52,66,71,118,-0.46534653465346537,anti-toxic
YFSFCCRG,26,15,36,38,41,74,-0.4647887323943662,anti-toxic
VYHVCCVV,39,30,52,63,69,115,-0.46464646464646464,anti-toxic
VDVDCLRN,49,33,66,68,82,134,-0.4642857142857143,anti-toxic
IGCDLRHV,49,33,67,67,82,134,-0.4642857142857143,anti-toxic
GYHCIGRS,42,36,72,56,78,128,-0.46296296296296297,anti-toxic
VVSDNCVR,23,27,44,43,50,87,-0.4625,anti-toxic
HVNVCGNI,46,28,57,65,74,122,-0.46153846153846156,anti-toxic
SYRCVRRI,11,11,17,29,22,46,-0.46153846153846156,anti-toxic
LLIYCDCC,4,5,13,14,9,27,-0.46153846153846156,anti-toxic
RVSCSSLV,37,24,42,61,61,103,-0.46153846153846156,anti-toxic
DGFSSCGV,50,35,67,71,85,138,-0.4608695652173913,anti-toxic
GDNGRIHD,51,34,70,68,85,138,-0.4608695652173913,anti-toxic
VRLRVVNR,42,30,53,66,72,119,-0.46078431372549017,anti-toxic
RLIGSIIV,30,16,31,50,46,81,-0.4605263157894737,anti-toxic
HSGSSRHY,26,20,34,47,46,81,-0.4605263157894737,anti-toxic
DIRCGGRG,18,15,34,28,33,62,-0.4603174603174603,anti-toxic
FISFVVYY,14,6,16,27,20,43,-0.46,anti-toxic
NCDLSYRV,13,7,15,28,20,43,-0.46,anti-toxic
YCVCLGRY,4,3,11,13,7,24,-0.4594594594594595,anti-toxic
VYSGRRGR,29,15,42,36,44,78,-0.4594594594594595,anti-toxic
SNSVHVIR,30,14,36,42,44,78,-0.4594594594594595,anti-toxic
CISLRSNR,22,9,21,38,31,59,-0.45901639344262296,anti-toxic
YGSSRGGV,20,11,24,35,31,59,-0.45901639344262296,anti-toxic
LSSRCLSD,36,19,52,42,55,94,-0.4588235294117647,anti-toxic
RCRIYYRR,13,5,17,23,18,40,-0.4583333333333333,anti-toxic
RGVHCNRI,11,7,19,21,18,40,-0.4583333333333333,anti-toxic
SSSIHRIH,20,22,40,35,42,75,-0.4583333333333333,anti-toxic
VGVGHDCV,18,11,26,30,29,56,-0.4576271186440678,anti-toxic
GVDRVGGL,40,24,49,58,64,107,-0.4574468085106383,anti-toxic
LRCFGVYH,4,1,11,10,5,21,-0.45714285714285713,anti-toxic
NCCVISVG,25,15,33,39,40,72,-0.45714285714285713,anti-toxic
RFRFIVGS,5,0,9,12,5,21,-0.45714285714285713,anti-toxic
VHIRGIRV,3,2,14,7,5,21,-0.45714285714285713,anti-toxic
YHCRHIVS,27,13,31,41,40,72,-0.45714285714285713,anti-toxic
SDRIDCRC,63,58,86,104,121,190,-0.45695364238410596,anti-toxic
SHVFGIRV,31,20,38,50,51,88,-0.4567901234567901,anti-toxic
RIGRSFVC,29,22,45,43,51,88,-0.4567901234567901,anti-toxic
DNYGSDCD,8,8,17,20,16,37,-0.45652173913043476,anti-toxic
RFRRVVCC,9,7,17,20,16,37,-0.45652173913043476,anti-toxic
DNVNNLYS,9,7,18,19,16,37,-0.45652173913043476,anti-toxic
CDRIRYGV,42,31,55,65,73,120,-0.4563106796116505,anti-toxic
ILGGGHDV,41,32,54,66,73,120,-0.4563106796116505,anti-toxic
CGYCFYLH,17,10,26,27,27,53,-0.45614035087719296,anti-toxic
CNHLNRIG,19,8,24,29,27,53,-0.45614035087719296,anti-toxic
CSFGRDLR,43,28,60,57,71,117,-0.45544554455445546,anti-toxic
DRRIIVRC,56,37,80,69,93,149,-0.45528455284552843,anti-toxic
FRYVNCRS,11,3,15,19,14,34,-0.45454545454545453,anti-toxic
IVSGVGVL,0,3,9,9,3,18,-0.45454545454545453,anti-toxic
GGNIIIGV,27,20,39,43,47,82,-0.45454545454545453,anti-toxic
VFGCDDCS,3,0,10,8,3,18,-0.45454545454545453,anti-toxic
CSHNVVGV,53,36,73,70,89,143,-0.453781512605042,anti-toxic
RCGRDGLV,44,34,69,58,78,127,-0.4537037037037037,anti-toxic
GGRHVVCG,25,20,38,41,45,79,-0.4533333333333333,anti-toxic
VGVCLGSR,62,47,80,92,109,172,-0.45323741007194246,anti-toxic
RDRFRVLG,41,35,57,67,76,124,-0.4528301886792453,anti-toxic
LSGYGDGD,46,50,78,75,96,153,-0.4523809523809524,anti-toxic
RFRDRIGH,25,18,41,35,43,76,-0.4520547945205479,anti-toxic
SNCNGVGS,67,58,100,95,125,195,-0.45161290322580644,anti-toxic
SIDFIRGV,30,22,43,46,52,89,-0.45121951219512196,anti-toxic
RLIGICRG,15,6,27,17,21,44,-0.45098039215686275,anti-toxic
SDRCGVHG,41,31,59,59,72,118,-0.45098039215686275,anti-toxic
VINFGSSC,13,8,21,23,21,44,-0.45098039215686275,anti-toxic
FVDGNSRG,39,22,51,51,61,102,-0.45054945054945056,anti-toxic
VCVDRFGS,42,39,68,63,81,131,-0.45045045045045046,anti-toxic
VDCCSSGD,19,11,22,35,30,57,-0.45,anti-toxic
CRFGRYFH,32,18,35,51,50,86,-0.45,anti-toxic
VCRVRCRI,34,25,48,51,59,99,-0.449438202247191,anti-toxic
VRRCVHRF,43,45,67,74,88,141,-0.4491525423728814,anti-toxic
IGHLSDRG,41,27,53,59,68,112,-0.4489795918367347,anti-toxic
GSLVRSVR,32,16,33,50,48,83,-0.44871794871794873,anti-toxic
IDHGLIYC,29,19,38,45,48,83,-0.44871794871794873,anti-toxic
VDSHLVSV,30,18,34,49,48,83,-0.44871794871794873,anti-toxic
DIRCFRRG,32,25,47,49,57,96,-0.4482758620689655,anti-toxic
FICYCILR,17,11,25,29,28,54,-0.4482758620689655,anti-toxic
RFSYRHSS,31,26,42,54,57,96,-0.4482758620689655,anti-toxic
NGSVRDCN,35,31,56,53,66,109,-0.4479166666666667,anti-toxic
NCGGLIGR,20,17,35,32,37,67,-0.44776119402985076,anti-toxic
NDSDGGCV,65,48,82,95,113,177,-0.44755244755244755,anti-toxic
GIDSRIGI,49,35,61,74,84,135,-0.4473684210526316,anti-toxic
VICVCSCN,4,4,11,14,8,25,-0.4473684210526316,anti-toxic
VGVNRRRS,3,5,12,13,8,25,-0.4473684210526316,anti-toxic
DLRLIFDF,1,16,18,20,17,38,-0.44680851063829785,anti-toxic
DVCSGRSR,10,7,18,20,17,38,-0.44680851063829785,anti-toxic
IHRRSCDR,20,6,27,24,26,51,-0.44642857142857145,anti-toxic
GRRIINSI,35,18,40,50,53,90,-0.4457831325301205,anti-toxic
GGGVLSYV,27,26,42,48,53,90,-0.4457831325301205,anti-toxic
GDVYGRVC,37,25,52,51,62,103,-0.44565217391304346,anti-toxic
LNGCFIRV,37,25,56,47,62,103,-0.44565217391304346,anti-toxic
FDCSCVHL,47,33,61,68,80,129,-0.44545454545454544,anti-toxic
VDFSGDLS,16,8,21,27,24,48,-0.4444444444444444,anti-toxic
RHRFCVRI,8,7,22,13,15,35,-0.4444444444444444,anti-toxic
YRHNVNCS,11,4,16,19,15,35,-0.4444444444444444,anti-toxic
DRGLRGGC,12,3,17,18,15,35,-0.4444444444444444,anti-toxic
VSRVSRSG,10,5,17,18,15,35,-0.4444444444444444,anti-toxic
GSISSRVC,11,4,19,16,15,35,-0.4444444444444444,anti-toxic
NCGVGHHG,21,12,25,36,33,61,-0.4444444444444444,anti-toxic
SFGGRYCL,16,8,26,22,24,48,-0.4444444444444444,anti-toxic
RSNSVDGH,39,21,51,49,60,100,-0.4444444444444444,anti-toxic
CRLGRGDV,43,33,59,64,76,123,-0.44339622641509435,anti-toxic
CGGHFILS,42,25,56,54,67,110,-0.44329896907216493,anti-toxic
GDVGDGRY,30,19,36,48,49,84,-0.4430379746835443,anti-toxic
GVCRGLHD,31,18,44,40,49,84,-0.4430379746835443,anti-toxic
GYISSNVS,15,16,26,32,31,58,-0.4426229508196721,anti-toxic
FCFFCCFF,21,10,32,26,31,58,-0.4426229508196721,anti-toxic
DFYRRLLH,13,9,26,19,22,45,-0.4423076923076923,anti-toxic
RNRVIINC,38,27,56,51,65,107,-0.4421052631578947,anti-toxic
RYGSVRCL,8,5,18,14,13,32,-0.4418604651162791,anti-toxic
CHYVVVVV,10,3,17,15,13,32,-0.4418604651162791,anti-toxic
LSISGFRS,7,6,13,19,13,32,-0.4418604651162791,anti-toxic
VLRRDGIV,24,14,31,37,38,68,-0.4411764705882353,anti-toxic
CGYVGISG,23,15,34,34,38,68,-0.4411764705882353,anti-toxic
NCCRNDGS,58,39,73,80,97,153,-0.4409448818897638,anti-toxic
RSCGNVNV,52,45,78,75,97,153,-0.4409448818897638,anti-toxic
FYRCRHRG,39,24,56,48,63,104,-0.44086021505376344,anti-toxic
GSYRGCSL,31,23,54,37,54,91,-0.44047619047619047,anti-toxic
FCHRRRIV,33,21,41,50,54,91,-0.44047619047619047,anti-toxic
GHGNLCNL,31,23,49,42,54,91,-0.44047619047619047,anti-toxic
VFCVFRNH,33,21,37,54,54,91,-0.44047619047619047,anti-toxic
LHSDHRSG,49,30,58,69,79,127,-0.44036697247706424,anti-toxic
DHGLIVVG,57,38,71,79,95,150,-0.44,anti-toxic
NVIGIVGL,32,13,43,35,45,78,-0.44,anti-toxic
GNNGDDIG,34,27,49,52,61,101,-0.43956043956043955,anti-toxic
NRSVVSVH,38,23,58,43,61,101,-0.43956043956043955,anti-toxic
YFDGVCHI,60,42,75,85,102,160,-0.4393939393939394,anti-toxic
GCDFRRGF,22,14,30,35,36,65,-0.4393939393939394,anti-toxic
NVVGVLNV,26,10,27,38,36,65,-0.4393939393939394,anti-toxic
RFCGINRC,6,5,15,14,11,29,-0.43902439024390244,anti-toxic
SHSSGGVV,33,19,47,41,52,88,-0.43902439024390244,anti-toxic
GICGSNNL,53,40,69,78,93,147,-0.43902439024390244,anti-toxic
SSDNGCSC,41,27,49,62,68,111,-0.4387755102040816,anti-toxic
RLFNGVNV,46,38,65,69,84,134,-0.43859649122807015,anti-toxic
NCHDHDCD,47,37,68,66,84,134,-0.43859649122807015,anti-toxic
SGIRHNSL,48,36,66,68,84,134,-0.43859649122807015,anti-toxic
RLVNVLCD,57,43,80,77,100,157,-0.43846153846153846,anti-toxic
ICDGDGNG,21,22,29,46,43,75,-0.4383561643835616,anti-toxic
DRVVVYDN,30,13,38,37,43,75,-0.4383561643835616,anti-toxic
CGRLHHNI,35,24,43,55,59,98,-0.43820224719101125,anti-toxic
FRRSGCGV,48,34,62,69,82,131,-0.4375,anti-toxic
LFDSNRCD,2,0,7,9,2,16,-0.4375,anti-toxic
SFDRVIRL,50,32,67,64,82,131,-0.4375,anti-toxic
GCFVVSVC,2,0,6,10,2,16,-0.4375,anti-toxic
DYCHGRFI,2,0,7,9,2,16,-0.4375,anti-toxic
RCVIDCGD,61,44,77,87,105,164,-0.43703703703703706,anti-toxic
ISVCRDGL,44,29,51,67,73,118,-0.4368932038834951,anti-toxic
FVDSDCDH,49,31,71,57,80,128,-0.43636363636363634,anti-toxic
SDGFGSVR,7,2,16,10,9,26,-0.4358974358974359,anti-toxic
CVVGGVVV,53,34,64,74,87,138,-0.4358974358974359,anti-toxic
DFDCHRRD,48,30,59,66,78,125,-0.4351851851851852,anti-toxic
INGVVRYL,44,34,60,65,78,125,-0.4351851851851852,anti-toxic
GHDVSLDG,24,15,35,34,39,69,-0.43478260869565216,anti-toxic
RVVDCCDR,21,18,29,40,39,69,-0.43478260869565216,anti-toxic
GLLGSVSC,9,7,16,20,16,36,-0.43478260869565216,anti-toxic
HCGDDIGC,38,24,47,55,62,102,-0.43478260869565216,anti-toxic
DCHDSIRN,36,33,48,64,69,112,-0.43434343434343436,anti-toxic
YCGGDRVV,42,34,61,61,76,122,-0.4339622641509434,anti-toxic
CFHSHSSN,15,15,23,33,30,56,-0.43333333333333335,anti-toxic
RYYGRVCL,52,38,77,65,90,142,-0.43333333333333335,anti-toxic
CYDDDRVS,48,42,65,77,90,142,-0.43333333333333335,anti-toxic
FVVSVRGN,40,27,54,55,67,109,-0.4329896907216495,anti-toxic
GVGVRDLG,45,29,65,54,74,119,-0.4326923076923077,anti-toxic
SGRDGFGH,26,18,37,39,44,76,-0.43243243243243246,anti-toxic
FFYCLFIG,25,19,32,44,44,76,-0.43243243243243246,anti-toxic
LCGIISHS,46,35,66,63,81,129,-0.43243243243243246,anti-toxic
SFCGRRLL,4,3,10,13,7,23,-0.43243243243243246,anti-toxic
FDRSVFIR,10,4,11,22,14,33,-0.4318181818181818,anti-toxic
GVGCYVLV,9,5,14,19,14,33,-0.4318181818181818,anti-toxic
LNNGVCGR,45,27,53,63,72,116,-0.43137254901960786,anti-toxic
IVVGRCSD,14,7,22,21,21,43,-0.43137254901960786,anti-toxic
CLDLVRSH,45,27,56,60,72,116,-0.43137254901960786,anti-toxic
NYDDVVRD,44,28,53,63,72,116,-0.43137254901960786,anti-toxic
GNVYYRRG,46,33,61,65,79,126,-0.43119266055045874,anti-toxic
SYHRILSV,52,34,66,70,86,136,-0.43103448275862066,anti-toxic
IFDFLYLV,21,7,26,27,28,53,-0.43103448275862066,anti-toxic
VFRVDCGV,17,11,30,23,28,53,-0.43103448275862066,anti-toxic
DISVVRHV,56,37,65,81,93,146,-0.43089430894308944,anti-toxic
LSSSSGDC,27,15,30,43,42,73,-0.4305555555555556,anti-toxic
FCRDRVNH,34,15,48,35,49,83,-0.43037974683544306,anti-toxic
LRGGGFCS,33,16,45,38,49,83,-0.43037974683544306,anti-toxic
DCFDRVSD,33,23,39,54,56,93,-0.43023255813953487,anti-toxic
YCRRRGNF,32,24,41,52,56,93,-0.43023255813953487,anti-toxic
CSVSSGSV,41,22,47,56,63,103,-0.43010752688172044,anti-toxic
GHVDLNVC,48,29,58,65,77,123,-0.42990654205607476,anti-toxic
GICNRGRN,13,13,26,24,26,50,-0.42857142857142855,anti-toxic
SGYRVVSC,20,13,25,35,33,60,-0.42857142857142855,anti-toxic
CGYNLVCG,15,18,29,31,33,60,-0.42857142857142855,anti-toxic
RGGNVSFC,53,43,74,76,96,150,-0.42857142857142855,anti-toxic
SNDHVCNI,34,20,37,53,54,90,-0.42857142857142855,anti-toxic
VCNSHGSH,47,28,62,58,75,120,-0.42857142857142855,anti-toxic
GRCLDGGV,28,19,35,45,47,80,-0.42857142857142855,anti-toxic
YGCSRNDS,30,17,42,38,47,80,-0.42857142857142855,anti-toxic
HDNSLGNH,15,11,27,23,26,50,-0.42857142857142855,anti-toxic
CNSDNRYS,61,42,89,71,103,160,-0.42857142857142855,anti-toxic
VVGNVLSL,37,24,44,56,61,100,-0.42857142857142855,anti-toxic
CNGVIHSV,32,15,47,33,47,80,-0.42857142857142855,anti-toxic
VLHNNVRC,14,12,17,33,26,50,-0.42857142857142855,anti-toxic
SGRCRHGF,24,16,33,37,40,70,-0.42857142857142855,anti-toxic
VCVGSDIV,74,55,107,90,129,197,-0.4276729559748428,anti-toxic
FHSSGGLV,63,45,83,84,108,167,-0.427536231884058,anti-toxic
GFRCVLRH,42,38,64,63,80,127,-0.42727272727272725,anti-toxic
CCSGNSVG,87,68,117,117,155,234,-0.42702702702702705,anti-toxic
GNSFHVFS,37,22,50,47,59,97,-0.42696629213483145,anti-toxic
ILHRLCSV,46,32,53,71,78,124,-0.42592592592592593,anti-toxic
FYFCCCFY,17,7,22,25,24,47,-0.42592592592592593,anti-toxic
FNDGSSGV,46,32,57,67,78,124,-0.42592592592592593,anti-toxic
SSDSVDFV,32,32,45,59,64,104,-0.425531914893617,anti-toxic
CDHGHDVD,32,32,44,60,64,104,-0.425531914893617,anti-toxic
CHVSHSHH,33,31,53,51,64,104,-0.425531914893617,anti-toxic
FLGFCRNR,34,23,55,39,57,94,-0.42528735632183906,anti-toxic
CVDRSIDG,37,20,39,55,57,94,-0.42528735632183906,anti-toxic
FSVFLHCY,8,2,11,16,10,27,-0.425,anti-toxic
VCGIVNCG,5,5,11,16,10,27,-0.425,anti-toxic
GRLRCFGL,30,20,34,50,50,84,-0.425,anti-toxic
VSRNIFRR,52,38,78,63,90,141,-0.425,anti-toxic
IVGRVISD,40,36,64,57,76,121,-0.42452830188679247,anti-toxic
LDCVISNS,63,46,80,88,109,168,-0.4244604316546763,anti-toxic
YCCRNLCF,2,1,8,9,3,17,-0.42424242424242425,anti-toxic
NVLVLDRR,3,0,5,12,3,17,-0.42424242424242425,anti-toxic
CFDDVRRC,56,46,71,87,102,158,-0.42424242424242425,anti-toxic
DGICGIGV,17,12,26,28,29,54,-0.423728813559322,anti-toxic
RFGYRSCV,74,59,98,104,133,202,-0.4233128834355828,anti-toxic
ISVNSCNC,16,6,21,23,22,44,-0.4230769230769231,anti-toxic
VGDRFRSI,42,32,52,66,74,118,-0.4230769230769231,anti-toxic
CNSVGNHD,24,24,46,35,48,81,-0.4230769230769231,anti-toxic
RYDCHDCS,29,19,42,39,48,81,-0.4230769230769231,anti-toxic
HSSYRINL,32,16,31,50,48,81,-0.4230769230769231,anti-toxic
FSRVRLSV,22,19,33,38,41,71,-0.4225352112676056,anti-toxic
YFFFLFIC,21,20,27,44,41,71,-0.4225352112676056,anti-toxic
IISHVSDD,34,26,43,55,60,98,-0.4222222222222222,anti-toxic
NVRGGIGI,11,4,14,20,15,34,-0.4222222222222222,anti-toxic
GNGGVLLL,31,22,46,42,53,88,-0.42168674698795183,anti-toxic
DSYHDVRH,44,28,60,55,72,115,-0.4215686274509804,anti-toxic
NFNGVVCG,49,42,67,75,91,142,-0.4214876033057851,anti-toxic
IGFRCLSS,48,36,66,66,84,132,-0.42105263157894735,anti-toxic
YCYVCVHD,15,12,24,27,27,51,-0.42105263157894735,anti-toxic
IYILCDNV,6,2,14,10,8,24,-0.42105263157894735,anti-toxic
CCLVCFIN,17,10,19,32,27,51,-0.42105263157894735,anti-toxic
NNHDGHGG,15,12,28,23,27,51,-0.42105263157894735,anti-toxic
SGHVNHCS,5,3,13,11,8,24,-0.42105263157894735,anti-toxic
FNRVCRGV,3,5,14,10,8,24,-0.42105263157894735,anti-toxic
GDGDNILD,53,43,72,77,96,149,-0.42063492063492064,anti-toxic
FNSISNSD,25,14,33,35,39,68,-0.42028985507246375,anti-toxic
DHRCGNHN,44,26,52,60,70,112,-0.42,anti-toxic
YRHFCYRL,43,27,57,55,70,112,-0.42,anti-toxic
FIHNGVVV,44,38,62,67,82,129,-0.41964285714285715,anti-toxic
SRCHLIGG,46,36,58,71,82,129,-0.41964285714285715,anti-toxic
GVIVDSGS,38,25,42,60,63,102,-0.41935483870967744,anti-toxic
FCVRHVCI,20,12,21,37,32,58,-0.41935483870967744,anti-toxic
RISCGVRL,35,28,51,51,63,102,-0.41935483870967744,anti-toxic
NFDVGDGG,34,29,46,56,63,102,-0.41935483870967744,anti-toxic
RSRCSRIL,0,1,6,8,1,14,-0.41935483870967744,anti-toxic
CFNIDVIC,1,0,7,7,1,14,-0.41935483870967744,anti-toxic
RNRGNCLV,1,0,5,9,1,14,-0.41935483870967744,anti-toxic
DYVRCFHR,1,0,6,8,1,14,-0.41935483870967744,anti-toxic
RGGVLRDL,47,28,50,69,75,119,-0.41904761904761906,anti-toxic
CSSGSGDY,67,51,87,93,118,180,-0.4189189189189189,anti-toxic
DLGGHGVC,30,14,38,37,44,75,-0.4189189189189189,anti-toxic
VHSSCVRL,8,5,12,19,13,31,-0.4186046511627907,anti-toxic
GLDVGVRN,34,22,43,49,56,92,-0.4186046511627907,anti-toxic
FSSVGSVS,9,4,12,19,13,31,-0.4186046511627907,anti-toxic
SCRGVNVS,8,5,12,19,13,31,-0.4186046511627907,anti-toxic
FCVSRLGN,41,27,46,63,68,109,-0.41836734693877553,anti-toxic
VYVHRDNR,41,27,53,56,68,109,-0.41836734693877553,anti-toxic
CSSFVRGR,81,66,112,109,147,221,-0.4180790960451977,anti-toxic
RNFCGGRC,55,37,65,78,92,143,-0.4180327868852459,anti-toxic
HDIRVRDC,22,15,26,39,37,65,-0.417910447761194,anti-toxic
VDVGSSIV,25,12,35,30,37,65,-0.417910447761194,anti-toxic
RFCSVSCI,30,19,44,38,49,82,-0.4177215189873418,anti-toxic
LDVGHCGD,37,24,47,52,61,99,-0.4175824175824176,anti-toxic
CRNLHGSL,39,22,51,48,61,99,-0.4175824175824176,anti-toxic
RCDLGSDL,45,28,52,64,73,116,-0.4174757281553398,anti-toxic
RHSVRSRI,38,35,59,57,73,116,-0.4174757281553398,anti-toxic
SFVNGNGD,57,40,67,83,97,150,-0.41732283464566927,anti-toxic
DSLDNGLV,11,7,21,17,18,38,-0.4166666666666667,anti-toxic
FICYYDRH,5,1,9,12,6,21,-0.4166666666666667,anti-toxic
VGHVFISV,21,9,27,28,30,55,-0.4166666666666667,anti-toxic
CSSSHRSG,19,11,20,35,30,55,-0.4166666666666667,anti-toxic
NRGCVCYF,4,2,12,9,6,21,-0.4166666666666667,anti-toxic
GFCVVGGV,18,12,20,35,30,55,-0.4166666666666667,anti-toxic
INGVSYVV,13,5,12,26,18,38,-0.4166666666666667,anti-toxic
GSGIGFVC,51,44,69,78,95,147,-0.416,anti-toxic
VGSHGIDL,31,28,48,48,59,96,-0.4157303370786517,anti-toxic
NVDGIDVR,65,52,91,87,117,178,-0.41496598639455784,anti-toxic
FFRLGIGV,37,27,50,53,64,103,-0.4148936170212766,anti-toxic
NYSGCSRS,7,4,16,12,11,28,-0.4146341463414634,anti-toxic
GGHRCGHV,7,4,17,11,11,28,-0.4146341463414634,anti-toxic
FSRNRGSN,21,19,40,29,40,69,-0.4142857142857143,anti-toxic
RIRIGCSC,28,12,29,40,40,69,-0.4142857142857143,anti-toxic
CGFSIGRG,19,9,20,32,28,52,-0.41379310344827586,anti-toxic
GDVRVGHV,32,25,44,49,57,93,-0.41379310344827586,anti-toxic
GNGLVVVG,43,31,53,64,74,117,-0.41346153846153844,anti-toxic
SGRFGRLF,19,26,47,29,45,76,-0.41333333333333333,anti-toxic
VCRDSGLV,40,22,49,51,62,100,-0.41304347826086957,anti-toxic
VRDDLGHI,37,25,55,45,62,100,-0.41304347826086957,anti-toxic
CGDVSVRF,48,31,62,62,79,124,-0.41284403669724773,anti-toxic
DCDDNYGG,45,34,62,62,79,124,-0.41284403669724773,anti-toxic
DNCCNSGH,80,62,105,108,142,213,-0.4127906976744186,anti-toxic
SIGRDGRF,21,12,29,30,33,59,-0.4126984126984127,anti-toxic
IFYVIGGF,21,12,29,30,33,59,-0.4126984126984127,anti-toxic
FYDCLRCF,17,16,24,35,33,59,-0.4126984126984127,anti-toxic
VGCNSHDI,31,19,44,39,50,83,-0.4125,anti-toxic
CVNVGLHV,28,27,45,45,55,90,-0.4117647058823529,anti-toxic
YCIFCSCI,3,1,8,10,4,18,-0.4117647058823529,anti-toxic
NNDVIYVV,13,8,23,19,21,42,-0.4117647058823529,anti-toxic
SVIDSVGI,28,10,30,36,38,66,-0.4117647058823529,anti-toxic
SDCDNVRV,3,1,10,8,4,18,-0.4117647058823529,anti-toxic
FNCDGRVD,28,15,37,36,43,73,-0.410958904109589,anti-toxic
GIDISVDC,59,40,68,84,99,152,-0.4108527131782946,anti-toxic
VNSFVVGC,27,21,46,34,48,80,-0.41025641025641024,anti-toxic
DNVGYCVD,4,5,9,16,9,25,-0.41025641025641024,anti-toxic
CRVRHCIG,71,55,104,86,126,190,-0.41025641025641024,anti-toxic
LGYIRRRV,39,31,48,63,70,111,-0.41,anti-toxic
GSHNCVGV,90,80,127,125,170,252,-0.41,anti-toxic
GFGSVHNV,42,28,47,64,70,111,-0.41,anti-toxic
CFSSLVRV,40,30,54,57,70,111,-0.41,anti-toxic
FLDGVGRG,21,10,30,26,31,56,-0.4098360655737705,anti-toxic
GGDFIRSV,22,9,30,26,31,56,-0.4098360655737705,anti-toxic
CICCYFVY,35,18,41,46,53,87,-0.40963855421686746,anti-toxic
YDGCDGSH,33,20,39,48,53,87,-0.40963855421686746,anti-toxic
RLFGRGCC,39,41,53,72,80,125,-0.4090909090909091,anti-toxic
VHNGCDHG,49,31,59,66,80,125,-0.4090909090909091,anti-toxic
FDSIGVSG,52,33,59,73,85,132,-0.40869565217391307,anti-toxic
LSHCGDNH,43,25,60,48,68,108,-0.40816326530612246,anti-toxic
GGGFSSLV,56,39,68,78,95,146,-0.408,anti-toxic
RCFSHVSR,26,20,36,41,46,77,-0.40789473684210525,anti-toxic
DHVISDGN,20,26,39,38,46,77,-0.40789473684210525,anti-toxic
CRSDLDFS,25,26,51,33,51,84,-0.4074074074074074,anti-toxic
VGYINRII,12,12,24,22,24,46,-0.4074074074074074,anti-toxic
IIGRHGGC,11,13,27,19,24,46,-0.4074074074074074,anti-toxic
SFDHHCDN,19,5,24,22,24,46,-0.4074074074074074,anti-toxic
RCNDYVVL,45,38,64,65,83,129,-0.40707964601769914,anti-toxic
GHVRGNHD,32,24,49,42,56,91,-0.4069767441860465,anti-toxic
VNINFVRG,21,8,20,33,29,53,-0.4067796610169492,anti-toxic
GGHRRIYC,16,13,27,26,29,53,-0.4067796610169492,anti-toxic
SCDGCDLD,48,40,62,74,88,136,-0.4067796610169492,anti-toxic
SHSRSLGS,69,51,85,96,120,181,-0.4066666666666667,anti-toxic
GNDGSIGG,34,27,50,48,61,98,-0.4065934065934066,anti-toxic
NVNVSGRD,88,69,126,107,157,233,-0.40641711229946526,anti-toxic
CGSCYCDF,2,0,11,4,2,15,-0.40625,anti-toxic
FCGGVLRY,2,0,5,10,2,15,-0.40625,anti-toxic
GDCLDDCG,23,11,27,33,34,60,-0.40625,anti-toxic
RFHCGVRR,22,17,29,38,39,67,-0.4057971014492754,anti-toxic
INDGHGCD,40,36,58,61,76,119,-0.4056603773584906,anti-toxic
DCNVSNGI,47,34,58,68,81,126,-0.40540540540540543,anti-toxic
RRGFRLCI,3,4,6,16,7,22,-0.40540540540540543,anti-toxic
RHNVCRGG,4,3,10,12,7,22,-0.40540540540540543,anti-toxic
CIFCFSLH,6,1,7,15,7,22,-0.40540540540540543,anti-toxic
LCGCSDRS,5,2,6,16,7,22,-0.40540540540540543,anti-toxic
LVRGDCNV,48,33,66,60,81,126,-0.40540540540540543,anti-toxic
SDHCHHRC,34,15,35,46,49,81,-0.4050632911392405,anti-toxic
DYCGGSRC,50,41,70,70,91,140,-0.4049586776859504,anti-toxic
SGFGNLVH,3,9,15,14,12,29,-0.40476190476190477,anti-toxic
RDVGCICS,32,22,40,48,54,88,-0.40476190476190477,anti-toxic
CVRVGVHG,28,26,41,47,54,88,-0.40476190476190477,anti-toxic
SLGVVFHS,5,7,12,17,12,29,-0.40476190476190477,anti-toxic
HDGRIVCD,30,24,42,46,54,88,-0.40476190476190477,anti-toxic
CYVSRVVS,11,6,17,19,17,36,-0.40425531914893614,anti-toxic
ISDGGHII,46,28,67,49,74,116,-0.40384615384615385,anti-toxic
DGVGHLDI,42,37,59,64,79,123,-0.4036697247706422,anti-toxic
GSVNGSLF,18,9,24,26,27,50,-0.40350877192982454,anti-toxic
GSVRICLG,16,11,29,21,27,50,-0.40350877192982454,anti-toxic
FIVRYHFC,18,9,22,28,27,50,-0.40350877192982454,anti-toxic
CSSDSYVG,55,44,73,78,99,151,-0.40310077519379844,anti-toxic
RSCFNFVS,25,12,32,32,37,64,-0.40298507462686567,anti-toxic
VVVNGRRN,23,19,27,44,42,71,-0.4027777777777778,anti-toxic
DRGFRCRL,30,12,31,40,42,71,-0.4027777777777778,anti-toxic
CIHSGRRN,32,15,35,43,47,78,-0.4025974025974026,anti-toxic
VVVRRVGC,30,22,40,45,52,85,-0.4024390243902439,anti-toxic
FVHRSGNC,33,19,43,42,52,85,-0.4024390243902439,anti-toxic
RRCGVCVV,31,26,45,47,57,92,-0.40229885057471265,anti-toxic
FLHRDSSC,36,21,38,54,57,92,-0.40229885057471265,anti-toxic
GDLFNRVV,40,32,52,61,72,113,-0.4019607843137255,anti-toxic
CISVNHNS,43,39,61,66,82,127,-0.4017857142857143,anti-toxic
NHFNLSLH,29,26,44,45,55,89,-0.4,anti-toxic
VGRVGLSD,7,3,13,13,10,26,-0.4,anti-toxic
HGIGCNFS,15,5,16,24,20,40,-0.4,anti-toxic
SDGICVDD,42,28,54,56,70,110,-0.4,anti-toxic
LDLFDGGF,12,18,26,28,30,54,-0.4,anti-toxic
IVRCCCNS,24,11,27,34,35,61,-0.4,anti-toxic
SCRCRFVV,0,5,5,14,5,19,-0.4,anti-toxic
NLCSIRLH,46,34,55,69,80,124,-0.4,anti-toxic
NCGDRVGD,28,17,31,44,45,75,-0.4,anti-toxic
IHGRNVVC,13,12,26,21,25,47,-0.4,anti-toxic
NYVNSGRV,23,22,32,43,45,75,-0.4,anti-toxic
GYSYVCFC,4,1,8,11,5,19,-0.4,anti-toxic
NRGSRVVH,19,6,22,25,25,47,-0.4,anti-toxic
YGSVGNND,7,3,11,15,10,26,-0.4,anti-toxic
ISGCRLGI,25,15,30,38,40,68,-0.4,anti-toxic
VCDSDRVC,18,7,24,23,25,47,-0.4,anti-toxic
FGLGCLGS,71,57,98,93,128,191,-0.3987341772151899,anti-toxic
NGGVIGCL,41,27,51,56,68,107,-0.3979591836734694,anti-toxic
DRYRCNNR,31,27,44,49,58,93,-0.3977272727272727,anti-toxic
FCCNVRNS,36,17,45,41,53,86,-0.39759036144578314,anti-toxic
INGHRCRF,34,19,44,42,53,86,-0.39759036144578314,anti-toxic
HDRVINCG,29,19,31,48,48,79,-0.3974358974358974,anti-toxic
FNGIRRRL,25,18,30,42,43,72,-0.3972602739726027,anti-toxic
VGIHCNDV,64,47,82,85,111,167,-0.3971631205673759,anti-toxic
HVCRHIHV,27,11,31,34,38,65,-0.39705882352941174,anti-toxic
FVYLRILH,11,27,30,35,38,65,-0.39705882352941174,anti-toxic
LIGVGLRS,28,10,31,34,38,65,-0.39705882352941174,anti-toxic
GCGGSDGG,19,19,42,23,38,65,-0.39705882352941174,anti-toxic
GVCRRILL,25,13,25,40,38,65,-0.39705882352941174,anti-toxic
SSVCRNLV,23,15,36,29,38,65,-0.39705882352941174,anti-toxic
FHFCCDRS,25,13,35,30,38,65,-0.39705882352941174,anti-toxic
SHLNGNRV,22,11,25,33,33,58,-0.3968253968253968,anti-toxic
SGGHRRVY,20,13,25,33,33,58,-0.3968253968253968,anti-toxic
RSCSIFGC,55,36,65,74,91,139,-0.39669421487603307,anti-toxic
SVNIRSCV,21,7,27,24,28,51,-0.39655172413793105,anti-toxic
DVSCFRRG,51,35,58,74,86,132,-0.39655172413793105,anti-toxic
SSDDSFIG,15,8,24,20,23,44,-0.39622641509433965,anti-toxic
HGLSGHVV,68,51,91,87,119,178,-0.3959731543624161,anti-toxic
NIDHSSSI,35,31,48,56,66,104,-0.3958333333333333,anti-toxic
RRDVNVCH,59,45,81,76,104,157,-0.39552238805970147,anti-toxic
RNCHSFVI,56,48,72,85,104,157,-0.39552238805970147,anti-toxic
NVGCGLGL,35,21,43,47,56,90,-0.3953488372093023,anti-toxic
YSHDRILN,9,4,15,15,13,30,-0.3953488372093023,anti-toxic
GDSYGRNG,31,20,39,44,51,83,-0.3950617283950617,anti-toxic
SVHVSSVV,3,5,15,8,8,23,-0.39473684210526316,anti-toxic
VCNRNRYC,26,15,31,38,41,69,-0.39436619718309857,anti-toxic
SDHGLSCL,24,17,34,35,41,69,-0.39436619718309857,anti-toxic
VIDHSVND,28,13,35,34,41,69,-0.39436619718309857,anti-toxic
HYRFGCLH,2,1,8,8,3,16,-0.3939393939393939,anti-toxic
YICRGDRI,1,2,9,7,3,16,-0.3939393939393939,anti-toxic
FLGFRRCR,36,33,50,58,69,108,-0.3939393939393939,anti-toxic
NFGVGCVC,2,1,3,13,3,16,-0.3939393939393939,anti-toxic
GYGNGVGI,3,0,7,9,3,16,-0.3939393939393939,anti-toxic
DNHVVIDC,26,10,30,32,36,62,-0.3939393939393939,anti-toxic
VNGCIVGV,40,24,51,50,64,101,-0.39361702127659576,anti-toxic
INICNGRV,17,14,27,28,31,55,-0.39344262295081966,anti-toxic
DVFRGDVV,17,14,28,27,31,55,-0.39344262295081966,anti-toxic
IYCGIRSS,49,38,59,74,87,133,-0.39316239316239315,anti-toxic
NVCRNCRV,19,7,23,25,26,48,-0.39285714285714285,anti-toxic
SSDGHHGI,49,33,68,58,82,126,-0.39285714285714285,anti-toxic
GCYRVDSV,29,20,41,39,49,80,-0.3924050632911392,anti-toxic
CVGSGVGC,30,19,43,37,49,80,-0.3924050632911392,anti-toxic
GHVVSGCL,11,10,14,27,21,41,-0.39215686274509803,anti-toxic
HSCGVVNG,14,7,19,22,21,41,-0.39215686274509803,anti-toxic
IYFICLDL,16,5,15,26,21,41,-0.39215686274509803,anti-toxic
VGGCVVHF,26,18,32,41,44,73,-0.3918918918918919,anti-toxic
FYFIFCRF,28,16,37,36,44,73,-0.3918918918918919,anti-toxic
INLGVSNL,54,36,71,66,90,137,-0.39166666666666666,anti-toxic
CCHDNIGS,28,11,38,28,39,66,-0.391304347826087,anti-toxic
DDLVCRGV,34,23,43,48,57,91,-0.39080459770114945,anti-toxic
YVRCGGVL,22,12,34,25,34,59,-0.390625,anti-toxic
RIRCNGDC,44,26,48,61,70,109,-0.39,anti-toxic
NGGGYISR,51,37,69,65,88,134,-0.3898305084745763,anti-toxic
LRDDVFVS,15,14,17,35,29,52,-0.3898305084745763,anti-toxic
FLFRGFCG,32,15,33,44,47,77,-0.38961038961038963,anti-toxic
GDCVRIRV,20,4,21,24,24,45,-0.3888888888888889,anti-toxic
CRRFISSL,4,2,9,11,6,20,-0.3888888888888889,anti-toxic
DLNVSCRV,39,21,42,53,60,95,-0.3888888888888889,anti-toxic
NSNNDLSG,26,16,32,38,42,70,-0.3888888888888889,anti-toxic
LCGIVRSH,60,49,78,85,109,163,-0.38848920863309355,anti-toxic
FFYVVNNG,45,28,55,58,73,113,-0.3883495145631068,anti-toxic
FCDHVSRG,31,24,47,41,55,88,-0.38823529411764707,anti-toxic
SHGFRVLN,22,15,30,33,37,63,-0.3880597014925373,anti-toxic
CDNDFIGS,52,34,69,62,86,131,-0.3879310344827586,anti-toxic
CVHSSGRR,32,18,36,45,50,81,-0.3875,anti-toxic
HINHRYVR,30,20,45,36,50,81,-0.3875,anti-toxic
FVDGDYIG,0,1,3,10,1,13,-0.3870967741935484,anti-toxic
GLFGRGCL,1,0,5,8,1,13,-0.3870967741935484,anti-toxic
GRRSIGRL,1,0,10,3,1,13,-0.3870967741935484,anti-toxic
IFGCGGRH,100,87,143,128,187,271,-0.3870967741935484,anti-toxic
GSLIGFGH,39,24,50,49,63,99,-0.3870967741935484,anti-toxic
SCYDRVGG,1,0,7,6,1,13,-0.3870967741935484,anti-toxic
SCSYRGRH,42,34,56,61,76,117,-0.3867924528301887,anti-toxic
CCDVRLRD,99,83,129,135,182,264,-0.3867924528301887,anti-toxic
LLCGVFRS,28,17,39,35,45,74,-0.38666666666666666,anti-toxic
GVCGNYGG,47,37,69,59,84,128,-0.38596491228070173,anti-toxic
CIYGFDCV,15,12,26,23,27,49,-0.38596491228070173,anti-toxic
IRNGVCNI,26,14,29,38,40,67,-0.38571428571428573,anti-toxic
FGGHVSRD,27,13,32,35,40,67,-0.38571428571428573,anti-toxic
LSNSSFRL,36,17,35,50,53,85,-0.3855421686746988,anti-toxic
VHDCVVSN,34,19,45,40,53,85,-0.3855421686746988,anti-toxic
SSHVVGVN,59,46,70,87,105,157,-0.3851851851851852,anti-toxic
NDLIGNNC,16,19,35,25,35,60,-0.38461538461538464,anti-toxic
CVVCCDCD,8,1,10,14,9,24,-0.38461538461538464,anti-toxic
GNRGICSH,11,11,21,21,22,42,-0.38461538461538464,anti-toxic
LIGRVVIR,38,23,46,50,61,96,-0.38461538461538464,anti-toxic
NCGVSRNR,17,5,19,23,22,42,-0.38461538461538464,anti-toxic
VHRGRDDC,63,45,71,90,108,161,-0.38405797101449274,anti-toxic
RDVRGCGI,57,38,76,67,95,143,-0.384,anti-toxic
ICNGNVHV,50,45,69,74,95,143,-0.384,anti-toxic
FCVSSVRH,50,32,57,68,82,125,-0.38392857142857145,anti-toxic
GSLLYRIG,34,22,35,54,56,89,-0.38372093023255816,anti-toxic
VNDDSVVH,33,23,48,41,56,89,-0.38372093023255816,anti-toxic
IIHGRGCL,27,16,37,34,43,71,-0.3835616438356164,anti-toxic
GCHHHSIG,67,49,84,88,116,172,-0.3835616438356164,anti-toxic
RVIGLIHS,26,17,36,35,43,71,-0.3835616438356164,anti-toxic
SNIVHVHS,52,38,64,72,90,136,-0.38333333333333336,anti-toxic
RGNLVICG,41,23,46,54,64,100,-0.3829787234042553,anti-toxic
HSGVHGSC,32,19,35,47,51,82,-0.38271604938271603,anti-toxic
CCDSVNSV,34,17,36,46,51,82,-0.38271604938271603,anti-toxic
IGYLRCFG,2,2,10,7,4,17,-0.38235294117647056,anti-toxic
RNIGYCIV,22,16,27,37,38,64,-0.38235294117647056,anti-toxic
FCFCVLGL,2,2,12,5,4,17,-0.38235294117647056,anti-toxic
RFYFSIDH,3,1,6,11,4,17,-0.38235294117647056,anti-toxic
CYDLHNRG,27,11,31,33,38,64,-0.38235294117647056,anti-toxic
LFDCSNVR,3,1,9,8,4,17,-0.38235294117647056,anti-toxic
SCILHGNG,26,12,28,36,38,64,-0.38235294117647056,anti-toxic
DFGGIDVN,73,54,96,91,127,187,-0.3821656050955414,anti-toxic
GRCCRSGL,49,31,57,65,80,122,-0.38181818181818183,anti-toxic
VHSVSHHV,59,42,82,69,101,151,-0.3816793893129771,anti-toxic
FNVIYHHG,39,28,58,46,67,104,-0.38144329896907214,anti-toxic
RRFHLYCH,21,12,26,31,33,57,-0.38095238095238093,anti-toxic
CNVRCLRN,22,11,27,30,33,57,-0.38095238095238093,anti-toxic
SNCCSINV,52,44,72,72,96,144,-0.38095238095238093,anti-toxic
HFCHGVRN,20,13,20,37,33,57,-0.38095238095238093,anti-toxic
CSHSGHGI,37,25,48,49,62,97,-0.3804347826086957,anti-toxic
VDHDDICV,27,14,34,34,41,68,-0.38028169014084506,anti-toxic
HVRSNVGC,25,16,36,32,41,68,-0.38028169014084506,anti-toxic
SCLVVGGV,10,10,19,20,20,39,-0.38,anti-toxic
NGDVCGRV,10,10,20,19,20,39,-0.38,anti-toxic
GVSFHSVH,42,28,57,51,70,108,-0.38,anti-toxic
IRVDYGRV,34,15,38,41,49,79,-0.379746835443038,anti-toxic
IIGNLCNS,27,30,42,48,57,90,-0.3793103448275862,anti-toxic
DDIVHIVD,64,51,82,88,115,170,-0.3793103448275862,anti-toxic
SFVVGVDG,37,20,44,46,57,90,-0.3793103448275862,anti-toxic
VRFGNNIL,34,31,49,52,65,101,-0.37894736842105264,anti-toxic
LNIVGDRG,27,9,27,34,36,61,-0.3787878787878788,anti-toxic
RSRHLHRD,21,15,29,32,36,61,-0.3787878787878788,anti-toxic
HHLCLNGS,68,50,88,86,118,174,-0.3783783783783784,anti-toxic
GRCISYHS,20,24,29,43,44,72,-0.3783783783783784,anti-toxic
DYGHDDGV,49,40,68,66,89,134,-0.37815126050420167,anti-toxic
VGVDYSND,10,5,16,16,15,32,-0.37777777777777777,anti-toxic
RGGICGRG,8,7,16,16,15,32,-0.37777777777777777,anti-toxic
CVGRNYCS,38,22,44,50,60,94,-0.37777777777777777,anti-toxic
GFIRDVSL,38,22,42,52,60,94,-0.37777777777777777,anti-toxic
YRGIVRRG,10,5,16,16,15,32,-0.37777777777777777,anti-toxic
ICCRDSSS,17,6,21,22,23,43,-0.37735849056603776,anti-toxic
LDLGGNVG,16,15,29,25,31,54,-0.3770491803278688,anti-toxic
RFGRHSDV,17,14,23,31,31,54,-0.3770491803278688,anti-toxic
CVFSISRG,82,71,111,111,153,222,-0.3770491803278688,anti-toxic
LRDDNVRH,22,9,29,25,31,54,-0.3770491803278688,anti-toxic
CSSVDISI,21,10,25,29,31,54,-0.3770491803278688,anti-toxic
YGVDRRVD,24,15,31,34,39,65,-0.37681159420289856,anti-toxic
SFRRIRGF,28,19,36,40,47,76,-0.37662337662337664,anti-toxic
VGLDVGVN,36,19,45,42,55,87,-0.3764705882352941,anti-toxic
GFDDCRHD,36,19,35,52,55,87,-0.3764705882352941,anti-toxic
GDNNVGDV,31,24,39,48,55,87,-0.3764705882352941,anti-toxic
GHRNGDHN,36,19,36,51,55,87,-0.3764705882352941,anti-toxic
GGNYRCLS,36,27,50,48,63,98,-0.3763440860215054,anti-toxic
VCCSSVNS,46,33,53,67,79,120,-0.3761467889908257,anti-toxic
SLSHSCGG,42,37,57,63,79,120,-0.3761467889908257,anti-toxic
YCSGSNIR,52,35,65,66,87,131,-0.37606837606837606,anti-toxic
HVVYSRGL,42,40,53,71,82,124,-0.375,anti-toxic
FFCCCSCF,0,2,5,9,2,14,-0.375,anti-toxic
FGVLFVRL,19,15,27,31,34,58,-0.375,anti-toxic
GFGGRIIV,19,7,26,21,26,47,-0.375,anti-toxic
HGRDGGVN,37,21,38,53,58,91,-0.375,anti-toxic
NSDIFDDS,29,13,34,35,42,69,-0.375,anti-toxic
VRGSCVHD,30,20,41,39,50,80,-0.375,anti-toxic
GCGSSDDG,7,3,12,13,10,25,-0.375,anti-toxic
GRVCGHRI,2,0,6,8,2,14,-0.375,anti-toxic
GRGILSYG,2,0,9,5,2,14,-0.375,anti-toxic
LIGVSGRS,2,0,6,8,2,14,-0.375,anti-toxic
CVHGCVYV,2,0,6,8,2,14,-0.375,anti-toxic
DGRFVLHV,41,25,44,58,66,102,-0.375,anti-toxic
CIGNSHGC,36,22,48,43,58,91,-0.375,anti-toxic
CGSVGDGH,48,29,53,64,77,117,-0.37383177570093457,anti-toxic
IDCCDCGD,39,22,46,49,61,95,-0.37362637362637363,anti-toxic
NNVGRVVR,30,23,43,41,53,84,-0.37349397590361444,anti-toxic
HFLSGLRV,26,19,35,38,45,73,-0.37333333333333335,anti-toxic
RFHSCHGL,43,29,48,62,72,110,-0.37254901960784315,anti-toxic
FHRVGHSH,11,10,25,15,21,40,-0.37254901960784315,anti-toxic
LVRGGIDC,31,25,42,46,56,88,-0.37209302325581395,anti-toxic
VGNVGNVH,34,22,37,51,56,88,-0.37209302325581395,anti-toxic
GGRCLSRC,29,27,43,45,56,88,-0.37209302325581395,anti-toxic
DIDVGLLL,35,21,52,36,56,88,-0.37209302325581395,anti-toxic
VSGFYSRV,54,37,73,63,91,136,-0.371900826446281,anti-toxic
RDCYRVRH,29,19,41,36,48,77,-0.3717948717948718,anti-toxic
IRSISVGN,50,33,56,69,83,125,-0.37168141592920356,anti-toxic
SYGVRICS,23,17,34,32,40,66,-0.37142857142857144,anti-toxic
CFSRVVSL,25,15,34,32,40,66,-0.37142857142857144,anti-toxic
CSDGRCGG,35,24,39,53,59,92,-0.3707865168539326,anti-toxic
CVSVGCSI,14,10,26,18,24,44,-0.37037037037037035,anti-toxic
RFSFLNFS,34,17,43,38,51,81,-0.37037037037037035,anti-toxic
GVHGSICD,27,16,40,30,43,70,-0.3698630136986301,anti-toxic
DGHSYIGH,26,17,35,35,43,70,-0.3698630136986301,anti-toxic
SCSGDGGI,29,14,35,35,43,70,-0.3698630136986301,anti-toxic
FSGHVSDG,57,43,70,78,100,148,-0.36923076923076925,anti-toxic
RFGCRGGC,33,21,42,43,54,85,-0.36904761904761907,anti-toxic
NHDGHSGI,32,22,48,37,54,85,-0.36904761904761907,anti-toxic
VSGSFRVI,43,49,76,61,92,137,-0.36885245901639346,anti-toxic
HFVHVCRV,62,49,77,86,111,163,-0.36879432624113473,anti-toxic
GHFVDSSV,16,11,25,23,27,48,-0.3684210526315789,anti-toxic
GIGLVCCG,14,13,22,26,27,48,-0.3684210526315789,anti-toxic
NDIVSSHI,4,4,8,14,8,22,-0.3684210526315789,anti-toxic
GSGGHSLR,46,38,65,61,84,126,-0.3684210526315789,anti-toxic
LVSGRHVF,48,36,70,56,84,126,-0.3684210526315789,anti-toxic
YGGVVVCH,30,16,35,39,46,74,-0.3684210526315789,anti-toxic
NGFSCNRV,41,24,43,57,65,100,-0.3684210526315789,anti-toxic
SLCNIGRG,23,23,32,42,46,74,-0.3684210526315789,anti-toxic
SILDLVIV,26,20,31,43,46,74,-0.3684210526315789,anti-toxic
CRDSCVND,14,13,26,22,27,48,-0.3684210526315789,anti-toxic
CDVRHNVI,44,32,52,63,76,115,-0.36792452830188677,anti-toxic
CHHFSCYY,40,36,59,56,76,115,-0.36792452830188677,anti-toxic
FDHNNRRC,46,30,61,54,76,115,-0.36792452830188677,anti-toxic
VRVCHLRR,78,66,98,110,144,208,-0.367816091954023,anti-toxic
GVHCVLIF,25,13,32,31,38,63,-0.36764705882352944,anti-toxic
GILNHLGR,43,25,55,49,68,104,-0.3673469387755102,anti-toxic
LGSGGGLR,16,3,15,22,19,37,-0.3673469387755102,anti-toxic
YINRGCRC,34,15,34,44,49,78,-0.3670886075949367,anti-toxic
LLGDFSNS,15,15,25,27,30,52,-0.36666666666666664,anti-toxic
CRSDGHHG,24,6,25,27,30,52,-0.36666666666666664,anti-toxic
NHIGRCGG,26,15,29,38,41,67,-0.36619718309859156,anti-toxic
FRFVSHRS,28,13,29,38,41,67,-0.36619718309859156,anti-toxic
SYGNIVHG,42,40,60,63,82,123,-0.36607142857142855,anti-toxic
DLHVVYRS,15,7,23,18,22,41,-0.36538461538461536,anti-toxic
VGCSIRDV,13,9,20,21,22,41,-0.36538461538461536,anti-toxic
NDSVCLSV,57,39,69,73,96,142,-0.36507936507936506,anti-toxic
GYVCDRNG,20,13,28,28,33,56,-0.36507936507936506,anti-toxic
NCVHGIRV,32,23,41,45,55,86,-0.36470588235294116,anti-toxic
FGNGRSGD,36,19,36,50,55,86,-0.36470588235294116,anti-toxic
GRRVDGHR,35,20,44,42,55,86,-0.36470588235294116,anti-toxic
VCDVIGLR,3,0,5,10,3,15,-0.36363636363636365,anti-toxic
RSVVGIVI,3,0,8,7,3,15,-0.36363636363636365,anti-toxic
VDFHGDDR,14,11,25,20,25,45,-0.36363636363636365,anti-toxic
GSVNIRLD,54,37,70,65,91,135,-0.36363636363636365,anti-toxic
NCSHGLSL,1,2,10,5,3,15,-0.36363636363636365,anti-toxic
FDRCGVRC,43,29,55,54,72,109,-0.3627450980392157,anti-toxic
FNCGVFVV,29,10,28,36,39,64,-0.36231884057971014,anti-toxic
FDRRVRND,23,16,31,33,39,64,-0.36231884057971014,anti-toxic
GGVRRCDC,35,29,48,50,64,98,-0.3617021276595745,anti-toxic
DIDDGYSD,39,25,49,49,64,98,-0.3617021276595745,anti-toxic
DSVSCDSR,51,38,63,69,89,132,-0.36134453781512604,anti-toxic
VRRCDLHC,27,15,36,32,42,68,-0.3611111111111111,anti-toxic
YVGLGGCD,5,1,9,10,6,19,-0.3611111111111111,anti-toxic
CFDNRDDG,5,1,8,11,6,19,-0.3611111111111111,anti-toxic
SRFFSYVC,3,3,9,10,6,19,-0.3611111111111111,anti-toxic
VCDDVVVR,29,13,36,32,42,68,-0.3611111111111111,anti-toxic
GNIVRCCG,3,3,12,7,6,19,-0.3611111111111111,anti-toxic
VNGIVCSI,58,45,79,72,103,151,-0.3609022556390977,anti-toxic
YHVRRYIS,22,9,19,34,31,53,-0.36065573770491804,anti-toxic
IGCFRRII,21,10,24,29,31,53,-0.36065573770491804,anti-toxic
SSVSDDIH,32,24,41,46,56,87,-0.36046511627906974,anti-toxic
RVYGYRGV,35,21,39,48,56,87,-0.36046511627906974,anti-toxic
CVRDHNDR,45,36,51,70,81,121,-0.36036036036036034,anti-toxic
NYGNYVRC,20,14,26,31,34,57,-0.359375,anti-toxic
SHICRLGG,24,10,33,24,34,57,-0.359375,anti-toxic
GNVRDVIC,24,10,24,33,34,57,-0.359375,anti-toxic
NCIDDNRH,46,27,53,57,73,110,-0.3592233009708738,anti-toxic
CDVSGICH,24,24,40,36,48,76,-0.358974358974359,anti-toxic
DCCDGVRC,51,36,65,64,87,129,-0.358974358974359,anti-toxic
FRHSCNVG,6,3,8,15,9,23,-0.358974358974359,anti-toxic
HGYCRNRH,59,42,75,73,101,148,-0.35877862595419846,anti-toxic
CIGIDFCG,36,26,48,47,62,95,-0.358695652173913,anti-toxic
NIGHHICG,31,31,52,43,62,95,-0.358695652173913,anti-toxic
YNRRSDSV,33,29,49,46,62,95,-0.358695652173913,anti-toxic
FGGNCSRN,38,38,52,62,76,114,-0.3584905660377358,anti-toxic
GCHLGHGV,17,6,25,17,23,42,-0.3584905660377358,anti-toxic
DISCHGVL,23,14,37,24,37,61,-0.3582089552238806,anti-toxic
VCVSHGNV,33,18,38,42,51,80,-0.35802469135802467,anti-toxic
CSIGVLGC,42,23,41,58,65,99,-0.35789473684210527,anti-toxic
DCCVRDVG,37,28,43,56,65,99,-0.35789473684210527,anti-toxic
LYVNRSCV,17,9,16,30,26,46,-0.35714285714285715,anti-toxic
VCGDGRNR,24,16,29,36,40,65,-0.35714285714285715,anti-toxic
GSIDNGRV,48,34,53,69,82,122,-0.35714285714285715,anti-toxic
HDCCISGR,26,14,32,33,40,65,-0.35714285714285715,anti-toxic
SFGCVRGV,15,11,21,25,26,46,-0.35714285714285715,anti-toxic
CNDDLVSS,59,40,69,76,99,145,-0.35658914728682173,anti-toxic
RIRNHSRG,47,38,59,67,85,126,-0.3565217391304348,anti-toxic
VSHDCNIN,16,13,23,27,29,50,-0.3559322033898305,anti-toxic
HYSVGSRD,18,11,30,20,29,50,-0.3559322033898305,anti-toxic
VFRCRSFS,18,11,20,30,29,50,-0.3559322033898305,anti-toxic
SFNDGVLS,73,60,90,101,133,191,-0.3558282208588957,anti-toxic
FSGFVFVS,9,6,13,18,15,31,-0.35555555555555557,anti-toxic
GDNFGLRS,11,4,11,20,15,31,-0.35555555555555557,anti-toxic
DSFNSGSD,55,36,65,69,91,134,-0.35537190082644626,anti-toxic
GFGIFRRV,61,47,79,78,108,157,-0.35507246376811596,anti-toxic
CNRCDCCV,1,0,3,9,1,12,-0.3548387096774194,anti-toxic
CLRCSYVV,0,1,5,7,1,12,-0.3548387096774194,anti-toxic
VIVHDDVS,52,42,62,76,94,138,-0.3548387096774194,anti-toxic
FSSRRLSS,40,23,47,49,63,96,-0.3548387096774194,anti-toxic
CLSFCCCY,0,1,3,9,1,12,-0.3548387096774194,anti-toxic
CHHDRRVD,1,0,9,3,1,12,-0.3548387096774194,anti-toxic
SLNIRCSV,18,14,18,36,32,54,-0.3548387096774194,anti-toxic
CNSDLVGD,24,8,23,31,32,54,-0.3548387096774194,anti-toxic
VGGSGHCF,20,12,26,28,32,54,-0.3548387096774194,anti-toxic
LYCDDVCG,1,0,3,9,1,12,-0.3548387096774194,anti-toxic
VVCGGLNI,28,21,36,41,49,77,-0.35443037974683544,anti-toxic
FLHRRHLC,58,39,66,76,97,142,-0.3543307086614173,anti-toxic
IHDNGVGL,80,65,95,112,145,207,-0.35428571428571426,anti-toxic
YCRGIVRC,36,30,55,45,66,100,-0.3541666666666667,anti-toxic
GDLGHDSH,9,9,20,15,18,35,-0.3541666666666667,anti-toxic
RHLHDRVL,47,36,56,67,83,123,-0.35398230088495575,anti-toxic
DVHFGCHS,28,24,41,40,52,81,-0.35365853658536583,anti-toxic
NCHDRGSD,50,39,66,65,89,131,-0.35294117647058826,anti-toxic
FRCNHYRV,22,16,27,35,38,62,-0.35294117647058826,anti-toxic
RRRSCGCI,16,5,20,19,21,39,-0.35294117647058826,anti-toxic
VICCCCRG,2,2,6,10,4,16,-0.35294117647058826,anti-toxic
GIGYSGVR,4,0,4,12,4,16,-0.35294117647058826,anti-toxic
LLYCRVFG,2,2,8,8,4,16,-0.35294117647058826,anti-toxic
NISGDNLV,28,10,28,34,38,62,-0.35294117647058826,anti-toxic
DCVSVRCL,37,18,43,42,55,85,-0.35294117647058826,anti-toxic
VIYVGHCC,2,2,10,6,4,16,-0.35294117647058826,anti-toxic
YNGVGIRV,43,29,55,53,72,108,-0.35294117647058826,anti-toxic
RFGGNCGC,55,37,65,70,92,135,-0.3524590163934426,anti-toxic
IGDFSRVR,50,42,68,67,92,135,-0.3524590163934426,anti-toxic
GVHCDCRG,33,25,48,41,58,89,-0.3522727272727273,anti-toxic
VSDVRCSL,26,15,31,35,41,66,-0.352112676056338,anti-toxic
FGGVRVGH,65,47,75,87,112,162,-0.352112676056338,anti-toxic
RGRYSRIF,74,58,87,102,132,189,-0.35185185185185186,anti-toxic
VRGHDHVG,25,19,40,30,44,70,-0.35135135135135137,anti-toxic
CGVGNLCV,60,41,75,72,101,147,-0.3511450381679389,anti-toxic
VFHGGRNG,19,8,16,31,27,47,-0.3508771929824561,anti-toxic
VCDIHHSH,45,39,66,58,84,124,-0.3508771929824561,anti-toxic
IGCGSCDG,51,33,65,59,84,124,-0.3508771929824561,anti-toxic
DFGCNVSG,23,24,35,39,47,74,-0.35064935064935066,anti-toxic
ICVVRRSV,31,36,44,57,67,101,-0.35051546391752575,anti-toxic
DIRGCGSL,16,14,32,19,30,51,-0.35,anti-toxic
GHRGSYHC,41,29,46,59,70,105,-0.35,anti-toxic
RHCHGISY,6,4,9,15,10,24,-0.35,anti-toxic
DRSGNCCV,38,32,57,48,70,105,-0.35,anti-toxic
DCHRDVDS,48,42,75,57,90,132,-0.35,anti-toxic
VVRFVCFF,16,14,23,28,30,51,-0.35,anti-toxic
HIDGHRNL,41,29,53,52,70,105,-0.35,anti-toxic
VFILVNVH,19,11,26,25,30,51,-0.35,anti-toxic
RCDDSGNR,50,46,70,70,96,140,-0.3492063492063492,anti-toxic
DCRVYNNC,42,34,49,64,76,113,-0.3490566037735849,anti-toxic
DDNRIGIR,57,42,67,77,99,144,-0.3488372093023256,anti-toxic
NCINVLSV,57,42,75,69,99,144,-0.3488372093023256,anti-toxic
RCGYVSCS,25,11,29,30,36,59,-0.3484848484848485,anti-toxic
SGFYDVVC,24,12,20,39,36,59,-0.3484848484848485,anti-toxic
VHVDGGCI,25,34,42,48,59,90,-0.34831460674157305,anti-toxic
FRFRYRIS,23,16,29,34,39,63,-0.34782608695652173,anti-toxic
VNVRRCGR,28,11,32,31,39,63,-0.34782608695652173,anti-toxic
INRFVNNS,37,25,56,38,62,94,-0.34782608695652173,anti-toxic
SHHFSVHG,30,12,24,43,42,67,-0.3472222222222222,anti-toxic
LVSNRLCN,22,20,29,38,42,67,-0.3472222222222222,anti-toxic
LGVRDDVC,11,8,21,15,19,36,-0.3469387755102041,anti-toxic
NRVIGYVV,42,26,51,51,68,102,-0.3469387755102041,anti-toxic
NFRCGINS,23,22,39,32,45,71,-0.3466666666666667,anti-toxic
GSDGDSRR,27,18,32,39,45,71,-0.3466666666666667,anti-toxic
DHLINCDN,31,14,32,39,45,71,-0.3466666666666667,anti-toxic
GSYRRSNH,32,13,32,39,45,71,-0.3466666666666667,anti-toxic
VCSHVIVR,69,54,96,80,123,176,-0.3464052287581699,anti-toxic
IRCSYVHV,15,7,19,21,22,40,-0.34615384615384615,anti-toxic
HFNVRYCV,30,18,45,30,48,75,-0.34615384615384615,anti-toxic
DSNGGVSL,10,12,28,12,22,40,-0.34615384615384615,anti-toxic
YRNCIIGC,62,44,76,77,106,153,-0.34558823529411764,anti-toxic
VGGCIVGR,18,7,22,22,25,44,-0.34545454545454546,anti-toxic
CVSYGLRS,18,10,23,25,28,48,-0.3448275862068966,anti-toxic
INGGGVSL,53,36,71,59,89,130,-0.3445378151260504,anti-toxic
CFHRRGRS,29,31,43,48,60,91,-0.34444444444444444,anti-toxic
RGSDIVLY,35,25,44,47,60,91,-0.34444444444444444,anti-toxic
GFRVGGRF,35,28,43,52,63,95,-0.34408602150537637,anti-toxic
CVIVVSYH,1,1,7,6,2,13,-0.34375,anti-toxic
VRCVSHHL,38,28,50,49,66,99,-0.34375,anti-toxic
LHLLRCGI,0,2,10,3,2,13,-0.34375,anti-toxic
CCDRIRGV,33,33,53,46,66,99,-0.34375,anti-toxic
DCLSVHRR,22,15,28,32,37,60,-0.34328358208955223,anti-toxic
VSGYGRGL,28,9,26,34,37,60,-0.34328358208955223,anti-toxic
CCDSGNDL,45,30,57,54,75,111,-0.34285714285714286,anti-toxic
CCCLVCYG,0,5,3,14,5,17,-0.34285714285714286,anti-toxic
SVCVDNLG,45,36,61,58,81,119,-0.34234234234234234,anti-toxic
VHGSVDVD,7,1,10,11,8,21,-0.34210526315789475,anti-toxic
GRRIIGGC,5,3,8,13,8,21,-0.34210526315789475,anti-toxic
RDRCGGGC,25,21,38,34,46,72,-0.34210526315789475,anti-toxic
GDVDCGDG,46,38,57,66,84,123,-0.34210526315789475,anti-toxic
GNHDGLRI,28,18,30,42,46,72,-0.34210526315789475,anti-toxic
SGVRDCIG,46,41,69,58,87,127,-0.3418803418803419,anti-toxic
FGVVRFGV,29,20,35,41,49,76,-0.34177215189873417,anti-toxic
GYIINGNV,35,17,41,39,52,80,-0.34146341463414637,anti-toxic
NVDVRSGR,30,22,43,37,52,80,-0.34146341463414637,anti-toxic
FNVGNVCH,5,6,15,10,11,25,-0.34146341463414637,anti-toxic
NYNDSRVV,76,61,99,95,137,194,-0.3413173652694611,anti-toxic
NSICSSIV,32,23,40,44,55,84,-0.3411764705882353,anti-toxic
RCDVDCDV,37,21,37,51,58,88,-0.3409090909090909,anti-toxic
FRRHCCNN,9,5,11,18,14,29,-0.3409090909090909,anti-toxic
GLRHDGRD,35,26,46,46,61,92,-0.34065934065934067,anti-toxic
IGSSDLRC,39,25,45,51,64,96,-0.3404255319148936,anti-toxic
FHLFLSCF,12,5,16,17,17,33,-0.3404255319148936,anti-toxic
FSRGCCIV,42,25,53,47,67,100,-0.3402061855670103,anti-toxic
GLCNGVGL,39,31,46,58,70,104,-0.34,anti-toxic
HNHVGRVV,12,8,18,19,20,37,-0.34,anti-toxic
DYRCVFSI,42,31,52,56,73,108,-0.33980582524271846,anti-toxic
VSNVGCDI,16,7,19,22,23,41,-0.33962264150943394,anti-toxic
RDDHRVRF,39,37,50,62,76,112,-0.33962264150943394,anti-toxic
HIYCYVSI,47,32,57,59,79,116,-0.3394495412844037,anti-toxic
HSRYSLSH,49,33,61,59,82,120,-0.3392857142857143,anti-toxic
FSGHVRLC,20,6,18,27,26,45,-0.3392857142857143,anti-toxic
LCGFNDRG,79,62,106,93,141,199,-0.3391812865497076,anti-toxic
DVSDGCVG,23,6,23,26,29,49,-0.3389830508474576,anti-toxic
GCHVDRDG,23,9,24,29,32,53,-0.3387096774193548,anti-toxic
RNGVSCNG,22,13,31,26,35,57,-0.3384615384615385,anti-toxic
FVRVGNDC,59,41,70,74,100,144,-0.3384615384615385,anti-toxic
VSNGFIHG,21,14,25,32,35,57,-0.3384615384615385,anti-toxic
RCIHGGSR,60,43,71,77,103,148,-0.3383458646616541,anti-toxic
YGLRRLRG,58,45,69,79,103,148,-0.3383458646616541,anti-toxic
SNGHFCIV,22,16,33,28,38,61,-0.3382352941176471,anti-toxic
LDLLVNRS,56,53,74,82,109,156,-0.3381294964028777,anti-toxic
DRFGSVCH,28,13,28,37,41,65,-0.3380281690140845,anti-toxic
YNVNGSGS,30,14,28,41,44,69,-0.33783783783783783,anti-toxic
NRDICVGR,34,16,37,40,50,77,-0.3375,anti-toxic
VNSLDCGG,34,22,38,47,56,85,-0.3372093023255814,anti-toxic
DGSGGGCY,77,65,109,91,142,200,-0.3372093023255814,anti-toxic
IDVHGGVV,30,26,40,45,56,85,-0.3372093023255814,anti-toxic
GIFNLGSI,36,20,40,45,56,85,-0.3372093023255814,anti-toxic
VNYIRGRV,36,23,45,44,59,89,-0.33707865168539325,anti-toxic
VNGCDFRH,31,28,42,47,59,89,-0.33707865168539325,anti-toxic
GCGFRFYS,39,26,46,51,65,97,-0.3368421052631579,anti-toxic
RLVHGCHV,44,30,48,61,74,109,-0.33653846153846156,anti-toxic
LNGRVDRV,47,30,64,49,77,113,-0.3364485981308411,anti-toxic
GHGCGLIR,40,40,53,64,80,117,-0.33636363636363636,anti-toxic
NLGDCRSG,47,36,58,63,83,121,-0.336283185840708,anti-toxic
FSNNRVFS,2,1,7,7,3,14,-0.3333333333333333,anti-toxic
VNIDSISV,8,7,13,17,15,30,-0.3333333333333333,anti-toxic
VVNNVSCD,26,13,28,34,39,62,-0.3333333333333333,anti-toxic
ISCSDIIR,6,3,9,13,9,22,-0.3333333333333333,anti-toxic
VGGVRSCG,27,15,25,41,42,66,-0.3333333333333333,anti-toxic
CSGRHVGD,41,28,52,50,69,102,-0.3333333333333333,anti-toxic
FDSGVLCR,34,20,38,44,54,82,-0.3333333333333333,anti-toxic
SLDRGCCN,60,42,78,68,102,146,-0.3333333333333333,anti-toxic
DIGGFGID,2,4,2,16,6,18,-0.3333333333333333,anti-toxic
YDILIIGC,10,2,13,13,12,26,-0.3333333333333333,anti-toxic
ICNSGGVC,12,3,16,14,15,30,-0.3333333333333333,anti-toxic
ICDRRVVF,12,12,24,18,24,42,-0.3333333333333333,anti-toxic
GYVNDLVV,31,17,34,40,48,74,-0.3333333333333333,anti-toxic
VDSSHFRI,23,10,23,31,33,54,-0.3333333333333333,anti-toxic
FHFNGRRC,5,1,9,9,6,18,-0.3333333333333333,anti-toxic
GDHNGVVL,50,31,52,66,81,118,-0.3333333333333333,anti-toxic
NIGGRFGG,61,47,77,77,108,154,-0.3333333333333333,anti-toxic
GFFNHILR,43,32,56,54,75,110,-0.3333333333333333,anti-toxic
ICHNDRDS,33,21,41,41,54,82,-0.3333333333333333,anti-toxic
NDRVCFRD,50,34,60,62,84,122,-0.3333333333333333,anti-toxic
GFVNGSIN,39,39,59,55,78,114,-0.3333333333333333,anti-toxic
GSNYGSSV,13,8,18,20,21,38,-0.3333333333333333,anti-toxic
LVSDGVDV,35,31,51,47,66,98,-0.3333333333333333,anti-toxic
NSVVHVNI,36,24,41,49,60,90,-0.3333333333333333,anti-toxic
GDSSYGCH,10,8,16,18,18,34,-0.3333333333333333,anti-toxic
FNRSCYRI,36,21,38,48,57,86,-0.3333333333333333,anti-toxic
RGIRGFCV,54,36,64,66,90,130,-0.3333333333333333,anti-toxic
CDVHSVYR,0,3,3,11,3,14,-0.3333333333333333,anti-toxic
RCGVGGDV,32,16,42,32,48,74,-0.3333333333333333,anti-toxic
DGIVYNCR,23,10,26,28,33,54,-0.3333333333333333,anti-toxic
VGLDICGV,22,11,24,30,33,54,-0.3333333333333333,anti-toxic
DFNGGDVC,4,2,5,13,6,18,-0.3333333333333333,anti-toxic
INGCFGRV,38,22,38,52,60,90,-0.3333333333333333,anti-toxic
IVYCDGFG,10,8,15,19,18,34,-0.3333333333333333,anti-toxic
GINFVSNH,17,7,17,25,24,42,-0.3333333333333333,anti-toxic
LVRSHGSL,17,7,18,24,24,42,-0.3333333333333333,anti-toxic
SGSGCRNL,11,7,13,21,18,34,-0.3333333333333333,anti-toxic
RNDGGFCG,12,6,19,15,18,34,-0.3333333333333333,anti-toxic
LNDSNCVG,91,72,108,119,163,227,-0.3316062176165803,anti-toxic
NDHVIGGR,65,47,75,84,112,159,-0.33098591549295775,anti-toxic
SGDGFVVL,40,30,54,49,70,103,-0.33,anti-toxic
VINHVSRC,40,21,48,43,61,91,-0.32967032967032966,anti-toxic
CDRSLCGS,33,19,33,46,52,79,-0.32926829268292684,anti-toxic
GVFRGRCI,29,23,43,36,52,79,-0.32926829268292684,anti-toxic
RCHDYDRG,30,13,30,37,43,67,-0.3287671232876712,anti-toxic
DHCCDSGG,66,47,76,84,113,160,-0.32867132867132864,anti-toxic
LCGDINRH,25,12,30,29,37,59,-0.3283582089552239,anti-toxic
RVCGNRCV,27,10,23,36,37,59,-0.3283582089552239,anti-toxic
YVSHRCRD,90,75,105,124,165,229,-0.3282051282051282,anti-toxic
DYGCRGNH,24,10,28,27,34,55,-0.328125,anti-toxic
RCVLRDYS,22,9,26,25,31,51,-0.32786885245901637,anti-toxic
GRDFHVYG,55,37,59,73,92,132,-0.32786885245901637,anti-toxic
NRGVGSGN,16,15,19,32,31,51,-0.32786885245901637,anti-toxic
RYGNGVRL,21,10,31,20,31,51,-0.32786885245901637,anti-toxic
NFFCGRRH,16,12,18,29,28,47,-0.3275862068965517,anti-toxic
DIVCVHRC,51,35,62,62,86,124,-0.3275862068965517,anti-toxic
RYRFINCL,15,13,22,25,28,47,-0.3275862068965517,anti-toxic
CDGVSLVV,51,32,64,56,83,120,-0.3274336283185841,anti-toxic
GFRCVHRN,19,6,24,19,25,43,-0.32727272727272727,anti-toxic
GSCRHRFN,49,31,57,59,80,116,-0.32727272727272727,anti-toxic
VVCYGNRG,46,31,48,64,77,112,-0.32710280373831774,anti-toxic
VIIGRHLL,40,34,54,54,74,108,-0.3269230769230769,anti-toxic
LCDDVGCR,17,5,21,18,22,39,-0.3269230769230769,anti-toxic
NYLGCVRS,46,28,50,58,74,108,-0.3269230769230769,anti-toxic
FFGVRDRD,12,10,17,22,22,39,-0.3269230769230769,anti-toxic
GSVVDIIH,46,28,48,60,74,108,-0.3269230769230769,anti-toxic
LCCGSDRG,14,8,23,16,22,39,-0.3269230769230769,anti-toxic
CFFRYGRV,71,52,85,88,123,173,-0.32679738562091504,anti-toxic
CDRNDCGI,39,32,49,55,71,104,-0.32673267326732675,anti-toxic
RYRNLYGV,41,30,54,50,71,104,-0.32673267326732675,anti-toxic
GDVIDVCD,42,29,44,60,71,104,-0.32673267326732675,anti-toxic
CSIGHIGI,43,25,46,54,68,100,-0.32653061224489793,anti-toxic
CLFYYNVI,11,8,17,18,19,35,-0.32653061224489793,anti-toxic
RFHNVRCL,65,46,72,85,111,157,-0.3262411347517731,anti-toxic
ISLRVVGL,37,25,45,47,62,92,-0.32608695652173914,anti-toxic
VNSVYGSL,8,8,12,19,16,31,-0.32608695652173914,anti-toxic
VCGRVRSY,37,19,49,35,56,84,-0.32558139534883723,anti-toxic
CGGNHCGV,35,18,35,45,53,80,-0.3253012048192771,anti-toxic
VLHGGDLN,32,21,31,49,53,80,-0.3253012048192771,anti-toxic
CYSVGGGV,10,0,10,13,10,23,-0.325,anti-toxic
HDDHHCRR,7,3,10,13,10,23,-0.325,anti-toxic
NFRVRSLS,8,2,9,14,10,23,-0.325,anti-toxic
YCGFIFGV,7,3,12,11,10,23,-0.325,anti-toxic
FVYFFCVF,8,2,12,11,10,23,-0.325,anti-toxic
IVVRDGNV,7,3,17,6,10,23,-0.325,anti-toxic
HGIVCNGR,48,39,66,59,87,125,-0.3247863247863248,anti-toxic
DRGLNDHV,28,19,34,38,47,72,-0.3246753246753247,anti-toxic
VLSCGRHH,5,2,7,12,7,19,-0.32432432432432434,anti-toxic
VCDIGVGC,27,17,26,42,44,68,-0.32432432432432434,anti-toxic
FVRHVLRG,5,2,14,5,7,19,-0.32432432432432434,anti-toxic
LRDVGSVV,26,15,30,34,41,64,-0.323943661971831,anti-toxic
LSVCDSRI,22,19,34,30,41,64,-0.323943661971831,anti-toxic
CRVLDNIN,42,33,51,58,75,109,-0.3238095238095238,anti-toxic
VYRVGVGY,4,0,8,7,4,15,-0.3235294117647059,anti-toxic
GFYRYLIH,2,2,7,8,4,15,-0.3235294117647059,anti-toxic
RCRHINCV,62,44,77,73,106,150,-0.3235294117647059,anti-toxic
LRSVLFRC,22,16,32,28,38,60,-0.3235294117647059,anti-toxic
SYGGIHRD,38,34,49,56,72,105,-0.3235294117647059,anti-toxic
NVVRCCRS,41,28,48,53,69,101,-0.32323232323232326,anti-toxic
RIIGHFCV,37,29,41,56,66,97,-0.3229166666666667,anti-toxic
GNLYDSCG,40,26,45,52,66,97,-0.3229166666666667,anti-toxic
GFRCGRGV,25,7,24,28,32,52,-0.3225806451612903,anti-toxic
VGGRIRHL,1,0,5,6,1,11,-0.3225806451612903,anti-toxic
IFGRYIGC,37,26,49,44,63,93,-0.3225806451612903,anti-toxic
LIYRDDVL,1,0,6,5,1,11,-0.3225806451612903,anti-toxic
GISSYDSV,18,14,27,25,32,52,-0.3225806451612903,anti-toxic
LSNCIHVH,39,24,52,41,63,93,-0.3225806451612903,anti-toxic
CYCCFFRL,1,0,6,5,1,11,-0.3225806451612903,anti-toxic
FVYCVNGF,19,13,29,23,32,52,-0.3225806451612903,anti-toxic
GIDCNRIC,67,55,76,95,122,171,-0.3223684210526316,anti-toxic
CVGISICH,37,23,39,50,60,89,-0.32222222222222224,anti-toxic
VSRSHDDV,48,37,53,69,85,122,-0.3217391304347826,anti-toxic
FSVGDRGI,49,33,64,54,82,118,-0.32142857142857145,anti-toxic
GRSLGVCS,48,31,48,66,79,114,-0.3211009174311927,anti-toxic
SIGCGHCD,32,19,34,43,51,77,-0.32098765432098764,anti-toxic
SSLRVLGF,86,71,111,106,157,217,-0.32085561497326204,anti-toxic
SLFGRHGV,14,9,15,25,23,40,-0.32075471698113206,anti-toxic
VHRDIYRG,15,8,23,17,23,40,-0.32075471698113206,anti-toxic
RVGNGHCC,26,22,32,41,48,73,-0.32051282051282054,anti-toxic
VIGGCGSC,69,54,82,90,123,172,-0.3202614379084967,anti-toxic
VRRVHNVG,15,5,15,21,20,36,-0.32,anti-toxic
FRVGGVCL,12,8,20,16,20,36,-0.32,anti-toxic
HDGNGCGR,53,39,62,69,92,131,-0.319672131147541,anti-toxic
RGCFSNIG,53,39,57,74,92,131,-0.319672131147541,anti-toxic
SGVVGCDL,34,33,55,43,67,98,-0.31958762886597936,anti-toxic
HHDVSLDV,24,18,29,36,42,65,-0.3194444444444444,anti-toxic
NGSGVRCG,50,39,61,66,89,127,-0.31932773109243695,anti-toxic
HVRFVVSG,86,72,103,115,158,218,-0.3191489361702128,anti-toxic
RVNCVCVD,34,30,42,52,64,94,-0.3191489361702128,anti-toxic
HFRSVIFV,13,4,14,18,17,32,-0.3191489361702128,anti-toxic
SNGINHRC,25,14,27,34,39,61,-0.3188405797101449,anti-toxic
CSVCVIVC,37,24,40,50,61,90,-0.31868131868131866,anti-toxic
CRINSFVI,38,23,39,51,61,90,-0.31868131868131866,anti-toxic
SICGHRHD,33,25,40,46,58,86,-0.3181818181818182,anti-toxic
VCGHIIFG,8,6,6,22,14,28,-0.3181818181818182,anti-toxic
RVDGSRVD,8,6,16,12,14,28,-0.3181818181818182,anti-toxic
SGVSSISH,8,6,14,14,14,28,-0.3181818181818182,anti-toxic
DLILICDS,12,2,12,16,14,28,-0.3181818181818182,anti-toxic
GGSCDLLR,24,12,25,32,36,57,-0.3181818181818182,anti-toxic
FGSIINVS,27,9,19,38,36,57,-0.3181818181818182,anti-toxic
SCIGNIRC,31,24,35,47,55,82,-0.3176470588235294,anti-toxic
GNSCCIGD,34,21,42,40,55,82,-0.3176470588235294,anti-toxic
DSVSSSGS,36,19,38,44,55,82,-0.3176470588235294,anti-toxic
GIIFGSRL,21,12,20,33,33,53,-0.31746031746031744,anti-toxic
GILRVISG,40,34,52,55,74,107,-0.3173076923076923,anti-toxic
FGHNDGIR,44,30,63,44,74,107,-0.3173076923076923,anti-toxic
LHVVGGSV,7,4,12,12,11,24,-0.3170731707317073,anti-toxic
SRNLNGGC,31,21,32,46,52,78,-0.3170731707317073,anti-toxic
CLNLNRGV,5,6,9,15,11,24,-0.3170731707317073,anti-toxic
GHLFRYCV,35,17,40,38,52,78,-0.3170731707317073,anti-toxic
RYDSSCRC,7,4,12,12,11,24,-0.3170731707317073,anti-toxic
FYCHYLVS,7,4,13,11,11,24,-0.3170731707317073,anti-toxic
ISVDGCHH,42,29,56,47,71,103,-0.31683168316831684,anti-toxic
HNSSCRGC,23,7,25,24,30,49,-0.31666666666666665,anti-toxic
DHGDCCDC,52,38,65,63,90,128,-0.31666666666666665,anti-toxic
CSNVSLIV,13,17,20,29,30,49,-0.31666666666666665,anti-toxic
SGGCYSGG,26,23,36,38,49,74,-0.31645569620253167,anti-toxic
VGFGDHRV,17,10,26,19,27,45,-0.3157894736842105,anti-toxic
CIVSDGIV,38,27,48,47,65,95,-0.3157894736842105,anti-toxic
VRNFGSGR,32,14,35,35,46,70,-0.3157894736842105,anti-toxic
FCVLGRSN,24,22,35,35,46,70,-0.3157894736842105,anti-toxic
RYDGVDVL,39,26,48,47,65,95,-0.3157894736842105,anti-toxic
GCCGSFFH,8,0,12,8,8,20,-0.3157894736842105,anti-toxic
RSGSNLGL,5,3,8,12,8,20,-0.3157894736842105,anti-toxic
VVDGIDVC,57,46,71,74,103,145,-0.3157894736842105,anti-toxic
GGGRYGHI,14,13,18,27,27,45,-0.3157894736842105,anti-toxic
RYGDDVGG,37,25,49,42,62,91,-0.31521739130434784,anti-toxic
GCVCCNFY,39,23,36,55,62,91,-0.31521739130434784,anti-toxic
VRDGHRGD,24,19,36,30,43,66,-0.3150684931506849,anti-toxic
DDIGGCNG,29,14,27,39,43,66,-0.3150684931506849,anti-toxic
DDNIRVFH,67,49,74,88,116,162,-0.3150684931506849,anti-toxic
NNLVGSVG,18,6,24,17,24,41,-0.3148148148148148,anti-toxic
LDGDCGRI,14,10,24,17,24,41,-0.3148148148148148,anti-toxic
RINYSISI,17,7,23,18,24,41,-0.3148148148148148,anti-toxic
GCSSNCSR,39,20,37,50,59,87,-0.3146067415730337,anti-toxic
IISGRFVD,34,25,48,39,59,87,-0.3146067415730337,anti-toxic
DDVRLRLC,61,49,72,82,110,154,-0.3142857142857143,anti-toxic
GHNHSCVI,4,1,7,9,5,16,-0.3142857142857143,anti-toxic
INDCFVHS,3,2,9,7,5,16,-0.3142857142857143,anti-toxic
VIDFVRVR,2,3,8,8,5,16,-0.3142857142857143,anti-toxic
VRHIRVSV,2,3,8,8,5,16,-0.3142857142857143,anti-toxic
SYVGSSNC,37,19,34,49,56,83,-0.313953488372093,anti-toxic
CGNRGFRL,34,22,38,45,56,83,-0.313953488372093,anti-toxic
CYFCCGRC,7,14,11,26,21,37,-0.3137254901960784,anti-toxic
IGSDLVGD,44,28,54,50,72,104,-0.3137254901960784,anti-toxic
IYCIFDLC,13,8,18,19,21,37,-0.3137254901960784,anti-toxic
FGNVSGHC,18,3,20,17,21,37,-0.3137254901960784,anti-toxic
LVRLRHSV,49,39,56,69,88,125,-0.3135593220338983,anti-toxic
RSCLLGGI,24,13,30,28,37,58,-0.31343283582089554,anti-toxic
GVVNDCRL,32,21,33,46,53,79,-0.3132530120481928,anti-toxic
CNLGGVHL,29,24,34,45,53,79,-0.3132530120481928,anti-toxic
GVRDIRRF,30,23,41,38,53,79,-0.3132530120481928,anti-toxic
NCGLVYIR,51,50,66,76,101,142,-0.31297709923664124,anti-toxic
LIFCVLHC,9,9,15,18,18,33,-0.3125,anti-toxic
VNDCDGLV,24,10,25,29,34,54,-0.3125,anti-toxic
DGGSGISS,11,7,10,23,18,33,-0.3125,anti-toxic
FGVGHSGD,12,6,12,21,18,33,-0.3125,anti-toxic
FHGCDRSL,47,35,52,65,82,117,-0.3125,anti-toxic
INCGIHVI,31,19,34,41,50,75,-0.3125,anti-toxic
VNGYVCVC,28,22,31,44,50,75,-0.3125,anti-toxic
NGIGGLCL,22,12,24,30,34,54,-0.3125,anti-toxic
DIGDCVGL,25,9,26,28,34,54,-0.3125,anti-toxic
DSCCFNHR,2,0,5,7,2,12,-0.3125,anti-toxic
FLSHCCYH,45,34,60,53,79,113,-0.3119266055045872,anti-toxic
IFIFGLDS,30,17,37,34,47,71,-0.3116883116883117,anti-toxic
FYDDRCRR,17,14,25,25,31,50,-0.3114754098360656,anti-toxic
YSGLCVGS,39,21,45,43,60,88,-0.3111111111111111,anti-toxic
HVGIGDLH,39,21,36,52,60,88,-0.3111111111111111,anti-toxic
RSRHYCCI,33,27,39,49,60,88,-0.3111111111111111,anti-toxic
LGGGDYGS,50,39,63,63,89,126,-0.31092436974789917,anti-toxic
IFSSHFGG,26,18,30,37,44,67,-0.3108108108108108,anti-toxic
YRLRGGCL,26,18,30,37,44,67,-0.3108108108108108,anti-toxic
FRRGCVGC,44,29,44,61,73,105,-0.3106796116504854,anti-toxic
GSFSHIFS,34,23,43,41,57,84,-0.3103448275862069,anti-toxic
NFHCVHGV,38,19,46,38,57,84,-0.3103448275862069,anti-toxic
NSGNDYRR,19,9,21,25,28,46,-0.3103448275862069,anti-toxic
SHGSSVFC,15,13,17,29,28,46,-0.3103448275862069,anti-toxic
RDCIINHR,15,13,22,24,28,46,-0.3103448275862069,anti-toxic
YLRDLHVS,36,21,38,46,57,84,-0.3103448275862069,anti-toxic
SYVSRSLC,37,20,39,45,57,84,-0.3103448275862069,anti-toxic
NCDGSVIH,38,19,36,48,57,84,-0.3103448275862069,anti-toxic
HCVRIRSF,57,42,71,68,99,139,-0.31007751937984496,anti-toxic
GDNCNCVI,25,16,33,30,41,63,-0.30985915492957744,anti-toxic
GYSDGIRC,64,45,80,72,109,152,-0.30935251798561153,anti-toxic
INCVRYRC,42,25,52,45,67,97,-0.30927835051546393,anti-toxic
DVNCGYVS,42,25,45,52,67,97,-0.30927835051546393,anti-toxic
LCVDRSVI,37,30,50,47,67,97,-0.30927835051546393,anti-toxic
SGFGGVLS,13,12,22,20,25,42,-0.3090909090909091,anti-toxic
DGGCLSDD,56,37,67,64,93,131,-0.3089430894308943,anti-toxic
CSRVVSFL,90,71,104,116,161,220,-0.3089005235602094,anti-toxic
FSSVVCSG,24,14,32,27,38,59,-0.3088235294117647,anti-toxic
RSFGDGGV,26,12,31,28,38,59,-0.3088235294117647,anti-toxic
RDRCCYVG,31,20,35,41,51,76,-0.30864197530864196,anti-toxic
VHGRFHLV,26,25,38,38,51,76,-0.30864197530864196,anti-toxic
RCLDDCVH,40,24,37,56,64,93,-0.30851063829787234,anti-toxic
GDSVLVGC,39,25,50,43,64,93,-0.30851063829787234,anti-toxic
NGGVNHDG,53,37,71,56,90,127,-0.30833333333333335,anti-toxic
SNVGYCGR,35,26,43,46,61,89,-0.3076923076923077,anti-toxic
CLNGCNVR,6,3,8,13,9,21,-0.3076923076923077,anti-toxic
YFSVRRNI,42,32,52,54,74,106,-0.3076923076923077,anti-toxic
DCDGSVGI,25,10,24,31,35,55,-0.3076923076923077,anti-toxic
NCSGSRDF,18,4,19,19,22,38,-0.3076923076923077,anti-toxic
YFGRHRNI,18,17,28,27,35,55,-0.3076923076923077,anti-toxic
FVGVRGSI,46,38,62,57,84,119,-0.30701754385964913,anti-toxic
LVVNDLGI,45,26,44,58,71,102,-0.3069306930693069,anti-toxic
RDCHIDRL,35,23,43,42,58,85,-0.3068181818181818,anti-toxic
CSGGVFRL,31,14,31,37,45,68,-0.30666666666666664,anti-toxic
VRCGSCGS,18,14,24,27,32,51,-0.3064516129032258,anti-toxic
SGGVVDDR,53,41,62,70,94,132,-0.3064516129032258,anti-toxic
HGLHGCSL,14,5,12,22,19,34,-0.30612244897959184,anti-toxic
RHDLRGDI,11,8,17,17,19,34,-0.30612244897959184,anti-toxic
DRVCGFGG,43,25,46,52,68,98,-0.30612244897959184,anti-toxic
LGRSDYRI,10,9,16,18,19,34,-0.30612244897959184,anti-toxic
CDVFVGRV,84,69,96,113,153,209,-0.30601092896174864,anti-toxic
GLGCCGRD,56,48,67,78,104,145,-0.30597014925373134,anti-toxic
VIRRFGHC,54,37,55,73,91,128,-0.30578512396694213,anti-toxic
GFSSIRCG,73,54,86,89,127,175,-0.3057324840764331,anti-toxic
LFLRYGFI,2,4,14,3,6,17,-0.3055555555555556,anti-toxic
IDIGIGSR,45,33,54,57,78,111,-0.3055555555555556,anti-toxic
SYGVVRCD,36,29,44,50,65,94,-0.30526315789473685,anti-toxic
IRNVGFNG,19,10,26,21,29,47,-0.3050847457627119,anti-toxic
LNGRRVRF,15,14,16,31,29,47,-0.3050847457627119,anti-toxic
VDGGVCGL,15,14,21,26,29,47,-0.3050847457627119,anti-toxic
HDGGVVIR,22,7,22,25,29,47,-0.3050847457627119,anti-toxic
VCYDRDSH,45,30,49,58,75,107,-0.3047619047619048,anti-toxic
CLSGGNGV,8,8,11,19,16,30,-0.30434782608695654,anti-toxic
CNHVRGDL,57,38,66,67,95,133,-0.304,anti-toxic
SRFNNVVI,12,14,22,21,26,43,-0.30357142857142855,anti-toxic
VFVNGHGV,46,36,52,64,82,116,-0.30357142857142855,anti-toxic
DNYSVCVR,47,35,52,64,82,116,-0.30357142857142855,anti-toxic
SDCNLGSR,34,25,39,47,59,86,-0.30337078651685395,anti-toxic
GDLSVVVL,37,22,38,48,59,86,-0.30337078651685395,anti-toxic
GSRIISSL,3,0,6,7,3,13,-0.30303030303030304,anti-toxic
DSSVHIGH,1,2,8,5,3,13,-0.30303030303030304,anti-toxic
NSRIGCGD,44,25,54,45,69,99,-0.30303030303030304,anti-toxic
RHHHNVIS,2,1,6,7,3,13,-0.30303030303030304,anti-toxic
VDFLNRIS,2,1,5,8,3,13,-0.30303030303030304,anti-toxic
LFNYVFSH,24,12,29,27,36,56,-0.30303030303030304,anti-toxic
RGSIGCGS,31,15,32,37,46,69,-0.3026315789473684,anti-toxic
SDCCNSRC,32,14,29,40,46,69,-0.3026315789473684,anti-toxic
DCHGILHI,37,19,39,43,56,82,-0.3023255813953488,anti-toxic
ILDLVCVH,10,3,15,11,13,26,-0.3023255813953488,anti-toxic
VFCGSFVH,55,44,68,70,99,138,-0.3023255813953488,anti-toxic
VIDYRNSD,35,21,39,43,56,82,-0.3023255813953488,anti-toxic
VRSHHDLF,8,5,12,14,13,26,-0.3023255813953488,anti-toxic
CIVGGFGS,11,2,10,16,13,26,-0.3023255813953488,anti-toxic
GCNFNLFD,12,11,14,25,23,39,-0.3018867924528302,anti-toxic
VFNLCSSS,14,9,13,26,23,39,-0.3018867924528302,anti-toxic
GHHSGCGC,21,12,27,25,33,52,-0.30158730158730157,anti-toxic
NCHVNIGS,24,19,29,36,43,65,-0.3013698630136986,anti-toxic
VYGDNGSD,34,19,32,46,53,78,-0.30120481927710846,anti-toxic
IRNVDHRD,77,59,84,102,136,186,-0.30120481927710846,anti-toxic
RSLGVFVC,35,28,44,47,63,91,-0.3010752688172043,anti-toxic
FSSDCRHG,40,23,38,53,63,91,-0.3010752688172043,anti-toxic
LRGGCVGF,38,25,38,53,63,91,-0.3010752688172043,anti-toxic
GSVINCIL,36,27,51,40,63,91,-0.3010752688172043,anti-toxic
VGDYGSSL,50,33,54,63,83,117,-0.3008849557522124,anti-toxic
NFRCIVNR,51,32,55,62,83,117,-0.3008849557522124,anti-toxic
IIHHHGRH,6,4,11,11,10,22,-0.3,anti-toxic
RSIVHVFS,37,33,43,57,70,100,-0.3,anti-toxic
NNHVGDVI,20,20,26,35,40,61,-0.3,anti-toxic
ISSLFCRH,16,4,22,13,20,35,-0.3,anti-toxic
RDCSGLGG,8,2,9,13,10,22,-0.3,anti-toxic
CGLGSVSD,24,6,26,22,30,48,-0.3,anti-toxic
FSHGNRVH,32,28,38,49,60,87,-0.3,anti-toxic
GGSLRCLH,21,9,20,28,30,48,-0.3,anti-toxic
CFGGILVR,22,8,21,27,30,48,-0.3,anti-toxic
IVDLRLRV,25,15,25,36,40,61,-0.3,anti-toxic
CCGDHNVC,29,11,28,33,40,61,-0.3,anti-toxic
DGISVGDI,21,9,24,24,30,48,-0.3,anti-toxic
DGSRSVGY,33,17,28,46,50,74,-0.3,anti-toxic
FYDCCGGF,83,71,95,114,154,209,-0.29891304347826086,anti-toxic
VCHISLGG,34,23,38,45,57,83,-0.2988505747126437,anti-toxic
FRGGDCRC,30,27,34,49,57,83,-0.2988505747126437,anti-toxic
GIHLGISD,30,17,31,39,47,70,-0.2987012987012987,anti-toxic
ICGVDGLD,26,21,35,35,47,70,-0.2987012987012987,anti-toxic
VGRSLDLD,22,15,22,35,37,57,-0.29850746268656714,anti-toxic
YNNGVVHR,23,4,18,26,27,44,-0.2982456140350877,anti-toxic
RDFCIHGD,18,9,20,24,27,44,-0.2982456140350877,anti-toxic
FGNSVVVH,16,11,18,26,27,44,-0.2982456140350877,anti-toxic
RCVLNGGC,46,28,47,58,74,105,-0.2980769230769231,anti-toxic
FSRGGVIL,41,23,40,52,64,92,-0.2978723404255319,anti-toxic
GFSHRCSD,15,2,13,18,17,31,-0.2978723404255319,anti-toxic
VYVGCVRI,13,4,17,14,17,31,-0.2978723404255319,anti-toxic
NNSGNSFV,12,5,16,15,17,31,-0.2978723404255319,anti-toxic
FFRRSLRD,33,21,41,38,54,79,-0.2976190476190476,anti-toxic
NFVSGSDL,3,4,6,12,7,18,-0.2972972972972973,anti-toxic
NSDVDSHV,3,4,13,5,7,18,-0.2972972972972973,anti-toxic
CLVGRDCG,27,17,35,31,44,66,-0.2972972972972973,anti-toxic
LHSSRVRR,1,6,11,7,7,18,-0.2972972972972973,anti-toxic
CLRFDSRG,44,27,44,57,71,101,-0.297029702970297,anti-toxic
HVSCNGND,22,12,29,24,34,53,-0.296875,anti-toxic
NICISSCS,20,14,29,24,34,53,-0.296875,anti-toxic
NRGYIFSI,36,25,42,46,61,88,-0.2967032967032967,anti-toxic
GSCLGSGG,34,27,43,45,61,88,-0.2967032967032967,anti-toxic
INDFHGDH,23,28,32,43,51,75,-0.2962962962962963,anti-toxic
CRYFYIGC,48,30,47,63,78,110,-0.2962962962962963,anti-toxic
LNDSGHLV,17,7,20,20,24,40,-0.2962962962962963,anti-toxic
NDISYHRC,27,24,38,37,51,75,-0.2962962962962963,anti-toxic
VGNSCDGH,26,15,23,39,41,62,-0.29577464788732394,anti-toxic
CDGILHLS,32,26,37,47,58,84,-0.29545454545454547,anti-toxic
FCGGHRSI,38,20,46,38,58,84,-0.29545454545454547,anti-toxic
IRICSGSL,38,20,42,42,58,84,-0.29545454545454547,anti-toxic
FNGCRFFN,19,12,24,25,31,49,-0.29508196721311475,anti-toxic
CIHSVRLR,15,16,15,34,31,49,-0.29508196721311475,anti-toxic
HHVGCNRC,28,20,30,41,48,71,-0.2948717948717949,anti-toxic
NDSCHIGC,25,23,38,33,48,71,-0.2948717948717949,anti-toxic
HRHNICCI,28,20,31,40,48,71,-0.2948717948717949,anti-toxic
LSHDVGIH,36,29,37,56,65,93,-0.29473684210526313,anti-toxic
NRHYFHLV,26,12,24,34,38,58,-0.29411764705882354,anti-toxic
CHVFRSGD,36,19,39,41,55,80,-0.29411764705882354,anti-toxic
CVHDCGRD,22,16,31,27,38,58,-0.29411764705882354,anti-toxic
VIDNGLLR,28,27,46,34,55,80,-0.29411764705882354,anti-toxic
FNGDNGGG,13,8,18,18,21,36,-0.29411764705882354,anti-toxic
IYCVVISD,3,1,8,6,4,14,-0.29411764705882354,anti-toxic
NDCNGVYH,13,8,18,18,21,36,-0.29411764705882354,anti-toxic
VICDSGDD,51,38,58,66,89,124,-0.29411764705882354,anti-toxic
GDGSDFGV,55,41,68,65,96,133,-0.29365079365079366,anti-toxic
GVGCDFDG,31,14,37,30,45,67,-0.29333333333333333,anti-toxic
YGCHYDDC,15,13,15,30,28,45,-0.29310344827586204,anti-toxic
GICNGFSG,18,10,18,27,28,45,-0.29310344827586204,anti-toxic
CNGGRDRL,41,28,46,52,69,98,-0.29292929292929293,anti-toxic
GGNSRVVG,35,17,34,42,52,76,-0.2926829268292683,anti-toxic
NCLGSSSI,10,1,10,13,11,23,-0.2926829268292683,anti-toxic
GLSGRFDD,5,6,12,11,11,23,-0.2926829268292683,anti-toxic
NFRNVVFH,8,3,14,9,11,23,-0.2926829268292683,anti-toxic
CGVLGGGH,34,18,41,35,52,76,-0.2926829268292683,anti-toxic
SFYSRLSR,47,29,51,56,76,107,-0.29245283018867924,anti-toxic
DDDCGGHG,47,29,51,56,76,107,-0.29245283018867924,anti-toxic
NHRISVNL,23,12,25,29,35,54,-0.2923076923076923,anti-toxic
VSNVDGGV,24,11,25,29,35,54,-0.2923076923076923,anti-toxic
CNGNDNGH,53,37,62,63,90,125,-0.2916666666666667,anti-toxic
GIGVDVRF,40,26,44,50,66,94,-0.2916666666666667,anti-toxic
FRFDNISG,41,25,49,45,66,94,-0.2916666666666667,anti-toxic
CHVRIDCV,25,17,27,36,42,63,-0.2916666666666667,anti-toxic
VSYDGGGH,39,27,47,47,66,94,-0.2916666666666667,anti-toxic
CYICFCLN,9,9,12,20,18,32,-0.2916666666666667,anti-toxic
VSLGDRHD,33,16,43,29,49,72,-0.2911392405063291,anti-toxic
GNCFRLVR,60,44,77,66,104,143,-0.291044776119403,anti-toxic
LSLRGNIG,12,13,21,20,25,41,-0.2909090909090909,anti-toxic
FCHRGILH,15,10,16,25,25,41,-0.2909090909090909,anti-toxic
NCCSHVSG,31,25,33,48,56,81,-0.29069767441860467,anti-toxic
GCHGGGDC,31,25,35,46,56,81,-0.29069767441860467,anti-toxic
CHLRIRRR,37,26,42,48,63,90,-0.2903225806451613,anti-toxic
SGVCRCFR,1,0,4,6,1,10,-0.2903225806451613,anti-toxic
FFVRCSNV,0,1,2,8,1,10,-0.2903225806451613,anti-toxic
ILIHHFCG,0,1,5,5,1,10,-0.2903225806451613,anti-toxic
NHDGSIID,0,1,6,4,1,10,-0.2903225806451613,anti-toxic
RGSHCCDI,32,31,43,47,63,90,-0.2903225806451613,anti-toxic
DSGVINSF,41,29,44,55,70,99,-0.29,anti-toxic
RCFVHCRD,24,15,27,32,39,59,-0.2898550724637681,anti-toxic
FCFFVCFC,16,23,25,34,39,59,-0.2898550724637681,anti-toxic
CHVSNNGR,21,18,34,25,39,59,-0.2898550724637681,anti-toxic
GFRGVIFG,47,30,45,63,77,108,-0.2897196261682243,anti-toxic
CYDLCVFG,4,4,7,12,8,19,-0.2894736842105263,anti-toxic
IHNGRFRV,29,17,30,38,46,68,-0.2894736842105263,anti-toxic
NDCDGDCR,30,16,32,36,46,68,-0.2894736842105263,anti-toxic
GSGIGLHC,52,39,56,70,91,126,-0.2892561983471074,anti-toxic
CLSFGLRS,32,21,32,45,53,77,-0.2891566265060241,anti-toxic
CGYNGDNN,32,21,36,41,53,77,-0.2891566265060241,anti-toxic
HVCRLGLG,26,27,41,36,53,77,-0.2891566265060241,anti-toxic
VCRRIIRV,34,19,40,37,53,77,-0.2891566265060241,anti-toxic
RYVRHISL,37,23,40,46,60,86,-0.28888888888888886,anti-toxic
YGVGGRVV,8,7,15,13,15,28,-0.28888888888888886,anti-toxic
VSGNIDLV,9,6,17,11,15,28,-0.28888888888888886,anti-toxic
DGSCCIND,9,6,15,13,15,28,-0.28888888888888886,anti-toxic
CLDHSRNN,9,6,10,18,15,28,-0.28888888888888886,anti-toxic
CSVNVVCV,16,6,13,24,22,37,-0.28846153846153844,anti-toxic
HHGVCIRV,17,5,12,25,22,37,-0.28846153846153844,anti-toxic
NISCCLVD,12,10,20,17,22,37,-0.28846153846153844,anti-toxic
VSIGRHDV,19,17,28,27,36,55,-0.2878787878787879,anti-toxic
RVGISCGI,25,11,29,26,36,55,-0.2878787878787879,anti-toxic
GVCIVRSD,60,56,76,82,116,158,-0.2876712328767123,anti-toxic
IFNSSRVV,27,23,33,40,50,73,-0.2875,anti-toxic
FYDFCVLR,32,25,41,41,57,82,-0.28735632183908044,anti-toxic
GRRLYRCF,31,26,35,47,57,82,-0.28735632183908044,anti-toxic
VFFFCCLH,39,25,47,44,64,91,-0.2872340425531915,anti-toxic
VCCIGSDS,48,30,51,58,78,109,-0.28703703703703703,anti-toxic
NFGRNYSR,52,33,55,63,85,118,-0.28695652173913044,anti-toxic
INGYCRVI,52,40,71,56,92,127,-0.28688524590163933,anti-toxic
DFVGCYII,74,60,83,98,134,181,-0.2865853658536585,anti-toxic
GDVCGRGG,41,27,48,48,68,96,-0.2857142857142857,anti-toxic
IRVHHVNL,5,7,8,16,12,24,-0.2857142857142857,anti-toxic
GDVDGVCH,12,7,15,18,19,33,-0.2857142857142857,anti-toxic
VGNNSCCD,5,7,12,12,12,24,-0.2857142857142857,anti-toxic
DVRHDDCN,42,33,46,59,75,105,-0.2857142857142857,anti-toxic
SVFRGDSR,2,3,7,8,5,15,-0.2857142857142857,anti-toxic
NCNGVFIH,25,8,26,25,33,51,-0.2857142857142857,anti-toxic
FCGRRRCV,9,3,14,10,12,24,-0.2857142857142857,anti-toxic
FIGRCNGF,4,1,1,14,5,15,-0.2857142857142857,anti-toxic
FDRGNGRL,46,29,52,53,75,105,-0.2857142857142857,anti-toxic
VGGLGYGG,9,3,12,12,12,24,-0.2857142857142857,anti-toxic
VRNSGVHG,38,23,43,44,61,87,-0.2857142857142857,anti-toxic
LRNCRRVR,9,3,6,18,12,24,-0.2857142857142857,anti-toxic
RFDCSGRD,27,20,35,34,47,69,-0.2857142857142857,anti-toxic
DSIVCRVF,2,3,10,5,5,15,-0.2857142857142857,anti-toxic
GIFDVIRS,21,12,17,34,33,51,-0.2857142857142857,anti-toxic
GSRYLRLC,14,12,21,21,26,42,-0.2857142857142857,anti-toxic
NCRGGLHN,18,15,23,28,33,51,-0.2857142857142857,anti-toxic
SGNCNILG,27,20,30,39,47,69,-0.2857142857142857,anti-toxic
FYNFGVRS,26,21,41,28,47,69,-0.2857142857142857,anti-toxic
RRCGFGNC,15,4,12,21,19,33,-0.2857142857142857,anti-toxic
LRCGCVYV,4,1,6,9,5,15,-0.2857142857142857,anti-toxic
CVLHRGSC,76,59,92,90,135,182,-0.28484848484848485,anti-toxic
YVSGDGDC,53,47,68,69,100,137,-0.2846153846153846,anti-toxic
CCGSGISG,51,35,57,62,86,119,-0.28448275862068967,anti-toxic
HFCDGNVR,44,28,48,53,72,101,-0.28431372549019607,anti-toxic
HNGDGHNL,40,25,37,55,65,92,-0.28421052631578947,anti-toxic
CYLFRGRS,31,27,35,48,58,83,-0.2840909090909091,anti-toxic
YGVDSGCD,35,16,33,41,51,74,-0.2839506172839506,anti-toxic
VRCVRVCH,35,16,30,44,51,74,-0.2839506172839506,anti-toxic
LNGGIVHG,29,15,31,34,44,65,-0.28378378378378377,anti-toxic
NNHCRIRR,25,12,27,29,37,56,-0.2835820895522388,anti-toxic
LNCRRCNS,21,16,29,27,37,56,-0.2835820895522388,anti-toxic
RHGCSVGC,16,14,24,23,30,47,-0.2833333333333333,anti-toxic
DICCLNRG,19,11,14,33,30,47,-0.2833333333333333,anti-toxic
FRSILFGC,19,11,20,27,30,47,-0.2833333333333333,anti-toxic
FSLRVCRV,76,60,87,96,136,183,-0.28313253012048195,anti-toxic
GVFCGRRH,15,8,13,25,23,38,-0.2830188679245283,anti-toxic
FFRLRNVV,41,28,51,46,69,97,-0.2828282828282828,anti-toxic
DFDDDGCV,11,5,12,17,16,29,-0.2826086956521739,anti-toxic
CFCVCGFH,9,7,12,17,16,29,-0.2826086956521739,anti-toxic
CSRGGYIV,30,32,37,51,62,88,-0.2826086956521739,anti-toxic
GDILHCNS,37,25,41,47,62,88,-0.2826086956521739,anti-toxic
DCSCDIHS,36,19,38,41,55,79,-0.2823529411764706,anti-toxic
NSDFDSCN,29,26,36,43,55,79,-0.2823529411764706,anti-toxic
INDFSDNR,35,20,38,41,55,79,-0.2823529411764706,anti-toxic
DLNDDHCC,33,15,27,43,48,70,-0.28205128205128205,anti-toxic
VRNRHCLR,28,13,33,28,41,61,-0.28169014084507044,anti-toxic
YFIIGCVL,2,0,6,5,2,11,-0.28125,anti-toxic
YVRFGSVG,1,1,4,7,2,11,-0.28125,anti-toxic
GCGVLSIC,2,0,4,7,2,11,-0.28125,anti-toxic
CFDGHSSR,41,25,41,52,66,93,-0.28125,anti-toxic
IIVFCLFG,0,2,5,6,2,11,-0.28125,anti-toxic
RFDGIHIG,46,45,63,62,91,125,-0.2809917355371901,anti-toxic
VGSSCIGI,38,21,40,44,59,84,-0.2808988764044944,anti-toxic
CVDNSLNR,36,23,42,42,59,84,-0.2808988764044944,anti-toxic
HFVNIRGC,15,12,17,26,27,43,-0.2807017543859649,anti-toxic
YCSDGGNC,51,33,54,62,84,116,-0.2807017543859649,anti-toxic
NDDSHCCV,49,35,54,62,84,116,-0.2807017543859649,anti-toxic
SIRSRVYN,34,18,39,36,52,75,-0.2804878048780488,anti-toxic
SSVRDCDC,56,46,77,62,102,139,-0.2803030303030303,anti-toxic
VDCLNSRC,23,22,29,37,45,66,-0.28,anti-toxic
VYGNCRLV,43,27,48,50,70,98,-0.28,anti-toxic
CDVDRCVV,25,20,27,39,45,66,-0.28,anti-toxic
VDGIHVCN,55,51,80,64,106,144,-0.27941176470588236,anti-toxic
VDVLGSCH,22,16,27,30,38,57,-0.27941176470588236,anti-toxic
LFGVGGRR,9,4,10,15,13,25,-0.27906976744186046,anti-toxic
CNGGHLLG,42,32,45,58,74,103,-0.27884615384615385,anti-toxic
LIDRCIRH,18,13,24,24,31,48,-0.2786885245901639,anti-toxic
CDHHGYRN,20,11,27,21,31,48,-0.2786885245901639,anti-toxic
VGGNLCVG,64,46,70,79,110,149,-0.2785714285714286,anti-toxic
VNCNIRIR,29,20,28,43,49,71,-0.27848101265822783,anti-toxic
RSVVRVDR,59,44,65,75,103,140,-0.2781954887218045,anti-toxic
VNCHVSII,4,2,13,3,6,16,-0.2777777777777778,anti-toxic
GHVVCYNV,17,7,18,21,24,39,-0.2777777777777778,anti-toxic
IIVDSDRI,26,16,34,28,42,62,-0.2777777777777778,anti-toxic
DHNNSSVH,48,30,49,59,78,108,-0.2777777777777778,anti-toxic
LCLNGLRG,26,16,28,34,42,62,-0.2777777777777778,anti-toxic
FIGIGCCL,2,4,6,10,6,16,-0.2777777777777778,anti-toxic
CSDGLCLS,6,0,9,7,6,16,-0.2777777777777778,anti-toxic
GNNGCRHD,2,4,7,9,6,16,-0.2777777777777778,anti-toxic
VRFCDGRV,54,35,66,56,89,122,-0.2773109243697479,anti-toxic
GRCRVRGD,25,10,21,32,35,53,-0.27692307692307694,anti-toxic
RIRVCNLY,16,19,30,23,35,53,-0.27692307692307694,anti-toxic
ILHHGVVL,23,12,28,25,35,53,-0.27692307692307694,anti-toxic
VLNVRRDN,49,33,61,52,82,113,-0.2767857142857143,anti-toxic
GCVGDCHV,36,28,50,40,64,90,-0.2765957446808511,anti-toxic
SRSLGGCL,41,23,36,54,64,90,-0.2765957446808511,anti-toxic
SSSSFVDC,14,3,12,18,17,30,-0.2765957446808511,anti-toxic
FRSSLVLS,35,29,43,47,64,90,-0.2765957446808511,anti-toxic
NCVISSIR,12,5,12,18,17,30,-0.2765957446808511,anti-toxic
VVNLNLHC,30,16,41,26,46,67,-0.27631578947368424,anti-toxic
GLSFHVNH,27,19,29,38,46,67,-0.27631578947368424,anti-toxic
SHHLRCDD,29,17,33,34,46,67,-0.27631578947368424,anti-toxic
GFGGGHDH,45,30,51,53,75,104,-0.2761904761904762,anti-toxic
HFHSDIDG,32,25,35,46,57,81,-0.27586206896551724,anti-toxic
VCSDVGVI,18,10,19,25,28,44,-0.27586206896551724,anti-toxic
RCVLRVVG,43,25,45,50,68,95,-0.2755102040816326,anti-toxic
VFDGHGGC,77,60,89,94,137,183,-0.2754491017964072,anti-toxic
CGVLGLVV,23,16,28,30,39,58,-0.2753623188405797,anti-toxic
DHVGDVNH,47,32,52,57,79,109,-0.27522935779816515,anti-toxic
CISVSCLI,6,4,8,13,10,21,-0.275,anti-toxic
FCRFHFSV,31,19,38,34,50,72,-0.275,anti-toxic
GYGDCSNC,51,39,65,58,90,123,-0.275,anti-toxic
LSYSLYID,7,3,9,12,10,21,-0.275,anti-toxic
SCFSYRNV,7,3,14,7,10,21,-0.275,anti-toxic
IFDDRGCS,31,19,31,41,50,72,-0.275,anti-toxic
CDGSVHGG,53,37,65,58,90,123,-0.275,anti-toxic
RCSSGGCV,60,41,60,77,101,137,-0.2748091603053435,anti-toxic
CYVNRRVG,36,25,45,41,61,86,-0.27472527472527475,anti-toxic
VSRFVCGC,32,29,42,44,61,86,-0.27472527472527475,anti-toxic
RFYNCRGC,11,10,14,21,21,35,-0.27450980392156865,anti-toxic
VSFCLSGV,45,27,54,46,72,100,-0.27450980392156865,anti-toxic
DGSHLFRG,15,6,16,19,21,35,-0.27450980392156865,anti-toxic
LCRRGDCV,79,66,89,104,145,193,-0.2742857142857143,anti-toxic
VVNGNLYH,18,14,22,27,32,49,-0.27419354838709675,anti-toxic
NRDSVGLD,30,13,27,36,43,63,-0.273972602739726,anti-toxic
CYRHVVNR,29,25,43,34,54,77,-0.27380952380952384,anti-toxic
CINGHVVL,31,23,34,43,54,77,-0.27380952380952384,anti-toxic
FRNSSRGF,40,25,38,53,65,91,-0.2736842105263158,anti-toxic
NVSFGIRL,40,25,40,51,65,91,-0.2736842105263158,anti-toxic
VCVLIVHV,2,1,8,4,3,12,-0.2727272727272727,anti-toxic
RCDCNLRI,66,58,85,81,124,166,-0.2727272727272727,anti-toxic
CIGDLRGC,9,5,10,16,14,26,-0.2727272727272727,anti-toxic
LHCSSSHC,2,1,5,7,3,12,-0.2727272727272727,anti-toxic
CCDRSLVV,2,1,9,3,3,12,-0.2727272727272727,anti-toxic
DHLRDGNF,54,37,59,65,91,124,-0.2727272727272727,anti-toxic
LCNGNILG,15,10,13,27,25,40,-0.2727272727272727,anti-toxic
LICRSLVN,26,10,26,28,36,54,-0.2727272727272727,anti-toxic
CHNHDVGI,35,23,38,44,58,82,-0.2727272727272727,anti-toxic
GCLGGVGC,34,24,42,40,58,82,-0.2727272727272727,anti-toxic
GISLRYVV,23,13,25,29,36,54,-0.2727272727272727,anti-toxic
CRSSYLLH,6,8,14,12,14,26,-0.2727272727272727,anti-toxic
DFRVGGLN,16,9,22,18,25,40,-0.2727272727272727,anti-toxic
FFLSIDVY,2,1,6,6,3,12,-0.2727272727272727,anti-toxic
GVNVGRSN,8,6,13,13,14,26,-0.2727272727272727,anti-toxic
INGCRNDH,35,23,39,43,58,82,-0.2727272727272727,anti-toxic
LRCFVVFN,6,8,13,13,14,26,-0.2727272727272727,anti-toxic
DSCCGLVR,66,51,69,88,117,157,-0.272108843537415,anti-toxic
DHSNFVSV,58,48,63,80,106,143,-0.27205882352941174,anti-toxic
SNFCNIVD,48,36,54,61,84,115,-0.2719298245614035,anti-toxic
RFCGSVGN,41,32,49,52,73,101,-0.27184466019417475,anti-toxic
LSGVGGIL,25,15,28,31,40,59,-0.2714285714285714,anti-toxic
DNDHHFVS,19,10,20,25,29,45,-0.2711864406779661,anti-toxic
VVGVIFGS,20,9,21,24,29,45,-0.2711864406779661,anti-toxic
VFNCVDVR,22,7,21,24,29,45,-0.2711864406779661,anti-toxic
DSGSRYHG,18,11,24,21,29,45,-0.2711864406779661,anti-toxic
VNGCYGRD,17,12,14,31,29,45,-0.2711864406779661,anti-toxic
FSLIDRRN,10,8,12,19,18,31,-0.2708333333333333,anti-toxic
GLDGRGIH,11,7,16,15,18,31,-0.2708333333333333,anti-toxic
GIYVSHSN,37,29,46,46,66,92,-0.2708333333333333,anti-toxic
VVCCRDSD,42,24,45,47,66,92,-0.2708333333333333,anti-toxic
YGCGGRRC,14,4,15,16,18,31,-0.2708333333333333,anti-toxic
ICDDCGSR,59,44,66,73,103,139,-0.2706766917293233,anti-toxic
YLVGGSRC,3,4,7,10,7,17,-0.2702702702702703,anti-toxic
CFLRDLIN,57,50,67,77,107,144,-0.27007299270072993,anti-toxic
CFNNVIVG,41,29,52,45,70,97,-0.27,anti-toxic
SDVVRYCV,43,27,46,51,70,97,-0.27,anti-toxic
FCRHVNGR,37,22,40,43,59,83,-0.2696629213483146,anti-toxic
SNFVDNDI,46,28,43,59,74,102,-0.2692307692307692,anti-toxic
NGVCVDRV,32,16,37,32,48,69,-0.2692307692307692,anti-toxic
YFIFCVCV,9,13,22,14,22,36,-0.2692307692307692,anti-toxic
VNHSDIDR,14,8,19,17,22,36,-0.2692307692307692,anti-toxic
RVRVCCSR,12,10,16,20,22,36,-0.2692307692307692,anti-toxic
IVCGVGCD,24,24,29,40,48,69,-0.2692307692307692,anti-toxic
GVGGSGHH,45,29,51,51,74,102,-0.2692307692307692,anti-toxic
CVSDCHSV,40,23,41,47,63,88,-0.26881720430107525,anti-toxic
IRDIDGRN,37,26,46,42,63,88,-0.26881720430107525,anti-toxic
SSVHFDND,41,22,40,48,63,88,-0.26881720430107525,anti-toxic
VDCIDCGS,34,29,38,50,63,88,-0.26881720430107525,anti-toxic
YIGSSCSC,22,15,29,26,37,55,-0.26865671641791045,anti-toxic
GHLINRRD,28,9,25,30,37,55,-0.26865671641791045,anti-toxic
IGGHCNHR,31,21,30,44,52,74,-0.2682926829268293,anti-toxic
GVHRSRLG,84,65,95,102,149,197,-0.2681564245810056,anti-toxic
CVNNNLCV,15,11,18,23,26,41,-0.26785714285714285,anti-toxic
VSRICDVG,17,9,18,23,26,41,-0.26785714285714285,anti-toxic
VYFFLGLI,15,11,17,24,26,41,-0.26785714285714285,anti-toxic
GNSDGFVG,68,59,80,89,127,169,-0.267515923566879,anti-toxic
SDCGHGLC,30,26,38,41,56,79,-0.26744186046511625,anti-toxic
YSNVVHIF,35,21,41,38,56,79,-0.26744186046511625,anti-toxic
FIVRGLCS,39,32,51,47,71,98,-0.26732673267326734,anti-toxic
NLSVNRLC,58,43,64,72,101,136,-0.26717557251908397,anti-toxic
LCVRVSSD,58,43,66,70,101,136,-0.26717557251908397,anti-toxic
VCNVHSVL,67,49,75,80,116,155,-0.2671232876712329,anti-toxic
VYIGGVGG,8,7,7,20,15,27,-0.26666666666666666,anti-toxic
IGRDNCSR,26,19,37,28,45,65,-0.26666666666666666,anti-toxic
CSSNGCDV,48,42,54,68,90,122,-0.26666666666666666,anti-toxic
CGGRNIDG,21,9,20,26,30,46,-0.26666666666666666,anti-toxic
CVSIRVND,12,3,10,17,15,27,-0.26666666666666666,anti-toxic
GGLCGGHV,49,30,52,56,79,108,-0.26605504587155965,anti-toxic
GCDSCSDS,29,20,29,41,49,70,-0.26582278481012656,anti-toxic
GGCNYILH,28,21,36,34,49,70,-0.26582278481012656,anti-toxic
FSGSVFFI,30,19,32,38,49,70,-0.26582278481012656,anti-toxic
SSCGHRHR,33,16,33,37,49,70,-0.26582278481012656,anti-toxic
GHGRVFFG,29,20,35,35,49,70,-0.26582278481012656,anti-toxic
IFCRLHRH,32,17,32,38,49,70,-0.26582278481012656,anti-toxic
CFGGRSHD,23,11,22,29,34,51,-0.265625,anti-toxic
SNYDRLVR,19,15,28,23,34,51,-0.265625,anti-toxic
FRCLLGSR,23,11,21,30,34,51,-0.265625,anti-toxic
RSCVNLCH,55,43,65,67,98,132,-0.265625,anti-toxic
DFGGHDNR,87,75,103,110,162,213,-0.265625,anti-toxic
RSGYHVNR,48,35,57,56,83,113,-0.26548672566371684,anti-toxic
GLNVGDRC,8,11,13,19,19,32,-0.2653061224489796,anti-toxic
ISVGLGRL,13,6,9,23,19,32,-0.2653061224489796,anti-toxic
VLRCVNDH,9,10,14,18,19,32,-0.2653061224489796,anti-toxic
IGGGIFIR,38,30,44,50,68,94,-0.2653061224489796,anti-toxic
YCSGVYIV,30,23,34,41,53,75,-0.26506024096385544,anti-toxic
YVCFDFCV,4,0,10,3,4,13,-0.2647058823529412,anti-toxic
CGICDHDG,45,27,56,43,72,99,-0.2647058823529412,anti-toxic
VGIRSVHN,42,30,53,46,72,99,-0.2647058823529412,anti-toxic
VISGCISI,21,17,29,27,38,56,-0.2647058823529412,anti-toxic
IVVNHHVG,25,13,22,34,38,56,-0.2647058823529412,anti-toxic
VINCNYDS,45,27,46,53,72,99,-0.2647058823529412,anti-toxic
GVHHRCFR,24,14,25,31,38,56,-0.2647058823529412,anti-toxic
VNDGGCGR,1,3,7,6,4,13,-0.2647058823529412,anti-toxic
VFCVCCCC,3,1,5,8,4,13,-0.2647058823529412,anti-toxic
RSCVFSGS,37,20,44,36,57,80,-0.26436781609195403,anti-toxic
GIHDVVIH,18,5,21,16,23,37,-0.2641509433962264,anti-toxic
IGCLSIGG,13,10,21,16,23,37,-0.2641509433962264,anti-toxic
HSDRYSVV,32,29,46,39,61,85,-0.26373626373626374,anti-toxic
CDIDGHCD,38,23,40,45,61,85,-0.26373626373626374,anti-toxic
FGHSHVGC,48,32,48,61,80,109,-0.2636363636363636,anti-toxic
CCSLRSDN,61,42,63,75,103,138,-0.2631578947368421,anti-toxic
RVNCYRSG,24,22,32,34,46,66,-0.2631578947368421,anti-toxic
RDIFVDGC,6,2,10,8,8,18,-0.2631578947368421,anti-toxic
GCRDDVCH,34,16,31,40,50,71,-0.2625,anti-toxic
CVLGGDGC,53,39,70,54,92,124,-0.26229508196721313,anti-toxic
FFNSVFNC,20,11,21,26,31,47,-0.26229508196721313,anti-toxic
GVSCGLLV,16,15,25,22,31,47,-0.26229508196721313,anti-toxic
GRRNIGGC,8,4,12,11,12,23,-0.2619047619047619,anti-toxic
IRSLSVHC,7,5,10,13,12,23,-0.2619047619047619,anti-toxic
ICINVNNS,7,5,13,10,12,23,-0.2619047619047619,anti-toxic
VGVHLGCL,45,32,53,52,77,105,-0.2616822429906542,anti-toxic
IRRYVLSN,26,9,22,30,35,52,-0.26153846153846155,anti-toxic
HDLGGNCI,19,16,22,30,35,52,-0.26153846153846155,anti-toxic
GLIGGGGR,12,4,15,13,16,28,-0.2608695652173913,anti-toxic
FRCSVRGV,23,16,25,32,39,57,-0.2608695652173913,anti-toxic
SCVVFCGV,100,104,123,142,204,265,-0.2606837606837607,anti-toxic
GGSGFGCL,52,37,62,58,89,120,-0.2605042016806723,anti-toxic
VLDVCDDD,53,36,59,61,89,120,-0.2605042016806723,anti-toxic
VNDSHDLG,31,12,28,34,43,62,-0.2602739726027397,anti-toxic
LRRCDVCV,24,19,22,40,43,62,-0.2602739726027397,anti-toxic
CVLGGIGI,53,40,57,68,93,125,-0.2601626016260163,anti-toxic
HLLSCRVH,37,33,45,51,70,96,-0.26,anti-toxic
SNDGIHGF,12,8,13,20,20,33,-0.26,anti-toxic
SCYDVRHD,39,31,52,44,70,96,-0.26,anti-toxic
DNGSCGNV,13,7,16,17,20,33,-0.26,anti-toxic
GSHHGICD,11,9,15,18,20,33,-0.26,anti-toxic
SCVGHSGD,29,18,36,31,47,67,-0.2597402597402597,anti-toxic
IGFRDISC,29,18,33,34,47,67,-0.2597402597402597,anti-toxic
CRLRGVRR,44,30,49,52,74,101,-0.25961538461538464,anti-toxic
SCFVGDRI,18,6,14,24,24,38,-0.25925925925925924,anti-toxic
CRFRNRVG,35,16,42,30,51,72,-0.25925925925925924,anti-toxic
FVRGGISC,12,12,23,15,24,38,-0.25925925925925924,anti-toxic
DFRNSHLH,12,12,16,22,24,38,-0.25925925925925924,anti-toxic
FCFDSYLV,46,32,50,56,78,106,-0.25925925925925924,anti-toxic
RCLISRSN,20,4,12,26,24,38,-0.25925925925925924,anti-toxic
CLYGRRSI,46,36,57,54,82,111,-0.25892857142857145,anti-toxic
CDFGDCDG,33,22,35,42,55,77,-0.25882352941176473,anti-toxic
NIRLVLCD,34,21,35,42,55,77,-0.25882352941176473,anti-toxic
VNLGNCSC,65,48,69,81,113,150,-0.25874125874125875,anti-toxic
GSVLGSCH,23,5,22,21,28,43,-0.25862068965517243,anti-toxic
SSGGSIIR,11,17,18,25,28,43,-0.25862068965517243,anti-toxic
SFGNRLGR,21,11,23,25,32,48,-0.25806451612903225,anti-toxic
VCGSVHGI,41,22,41,46,63,87,-0.25806451612903225,anti-toxic
FLSDGGRD,1,0,3,6,1,9,-0.25806451612903225,anti-toxic
IDLRFVCC,1,0,6,3,1,9,-0.25806451612903225,anti-toxic
RGVGSVIG,34,33,40,52,67,92,-0.25773195876288657,anti-toxic
GDLFGRRG,24,12,21,32,36,53,-0.25757575757575757,anti-toxic
CDLDNVCD,20,16,32,21,36,53,-0.25757575757575757,anti-toxic
VCGIDGNG,35,36,39,58,71,97,-0.25742574257425743,anti-toxic
SRHGLHRI,4,1,7,7,5,14,-0.2571428571428571,anti-toxic
SHSGCHCD,47,28,45,57,75,102,-0.2571428571428571,anti-toxic
LVGVNLGD,3,2,10,4,5,14,-0.2571428571428571,anti-toxic
LGSDRGCL,25,15,31,27,40,58,-0.2571428571428571,anti-toxic
NFHVDSDV,2,3,8,6,5,14,-0.2571428571428571,anti-toxic
FSGCSNGD,27,17,26,37,44,63,-0.25675675675675674,anti-toxic
GIIGNFLV,8,1,3,16,9,19,-0.2564102564102564,anti-toxic
RHSYVRFH,4,5,7,12,9,19,-0.2564102564102564,anti-toxic
RIIDSNVR,7,2,12,7,9,19,-0.2564102564102564,anti-toxic
CVRLFRSC,45,42,56,61,87,117,-0.2564102564102564,anti-toxic
FGDCCGDN,28,20,32,36,48,68,-0.2564102564102564,anti-toxic
NGGGFSSC,53,38,55,67,91,122,-0.256198347107438,anti-toxic
RSCGRSCN,29,23,35,38,52,73,-0.25609756097560976,anti-toxic
LSGYRGGL,30,22,31,42,52,73,-0.25609756097560976,anti-toxic
LCNSVIRC,9,4,10,14,13,24,-0.2558139534883721,anti-toxic
NCSGFDRC,8,5,14,10,13,24,-0.2558139534883721,anti-toxic
LFNGYYCV,12,1,15,9,13,24,-0.2558139534883721,anti-toxic
GCVFDVRG,56,47,67,70,103,137,-0.2556390977443609,anti-toxic
GCYSGNVR,32,28,45,38,60,83,-0.25555555555555554,anti-toxic
RFVHDCSC,12,5,17,12,17,29,-0.2553191489361702,anti-toxic
DCIGRGGV,10,7,16,13,17,29,-0.2553191489361702,anti-toxic
VCDGHVIH,37,27,39,49,64,88,-0.2553191489361702,anti-toxic
VYNGLGDN,11,6,16,13,17,29,-0.2553191489361702,anti-toxic
CCVDSGSD,39,29,51,42,68,93,-0.25510204081632654,anti-toxic
DVHNVDVL,38,30,39,54,68,93,-0.25510204081632654,anti-toxic
GDCGFRRL,37,31,41,52,68,93,-0.25510204081632654,anti-toxic
VCSLVLGH,69,50,77,80,119,157,-0.2550335570469799,anti-toxic
SFNGGVLS,44,28,44,54,72,98,-0.2549019607843137,anti-toxic
GYLDRGRF,14,7,15,19,21,34,-0.2549019607843137,anti-toxic
GRRIIVRC,13,8,13,21,21,34,-0.2549019607843137,anti-toxic
SNDYIHRL,18,7,21,18,25,39,-0.2545454545454545,anti-toxic
CGLNGCRS,12,13,19,20,25,39,-0.2545454545454545,anti-toxic
CISSHNDI,17,8,15,24,25,39,-0.2545454545454545,anti-toxic
SGCDFINS,49,31,55,53,80,108,-0.2545454545454545,anti-toxic
VNFCRVGG,46,38,50,63,84,113,-0.2543859649122807,anti-toxic
GVDVDVCL,21,8,21,23,29,44,-0.2542372881355932,anti-toxic
SGSLDVCH,23,6,23,21,29,44,-0.2542372881355932,anti-toxic
GVVFRVCN,53,39,62,61,92,123,-0.2540983606557377,anti-toxic
VSCFGLGS,19,14,19,30,33,49,-0.25396825396825395,anti-toxic
RCGNNLNL,20,13,19,30,33,49,-0.25396825396825395,anti-toxic
NLRGGVGR,23,14,22,32,37,54,-0.2537313432835821,anti-toxic
FDHGGCGC,18,19,29,25,37,54,-0.2537313432835821,anti-toxic
DIIYRHGN,61,47,77,66,108,143,-0.2536231884057971,anti-toxic
YRGSDGRN,65,47,76,72,112,148,-0.2535211267605634,anti-toxic
LFRSRCFN,21,20,23,36,41,59,-0.2535211267605634,anti-toxic
GGHLVRDV,23,18,29,30,41,59,-0.2535211267605634,anti-toxic
FYSCISCV,23,22,31,33,45,64,-0.25333333333333335,anti-toxic
HGCVGLGC,33,20,37,37,53,74,-0.25301204819277107,anti-toxic
RHDFIFCC,34,27,36,48,61,84,-0.25274725274725274,anti-toxic
IVGVSRCC,38,27,44,45,65,89,-0.25263157894736843,anti-toxic
GSVHCGGR,38,27,39,50,65,89,-0.25263157894736843,anti-toxic
RDNCRYVR,43,26,43,51,69,94,-0.25252525252525254,anti-toxic
FRYGRISH,94,82,116,112,176,228,-0.2524271844660194,anti-toxic
LHLNCDDR,46,27,43,56,73,99,-0.2524271844660194,anti-toxic
RCYGVSSV,46,31,54,50,77,104,-0.2523364485981308,anti-toxic
GYYGGRSV,47,30,53,51,77,104,-0.2523364485981308,anti-toxic
GNGVHHGG,51,34,56,58,85,114,-0.25217391304347825,anti-toxic
RYFGGISV,64,45,76,68,109,144,-0.2517985611510791,anti-toxic
VCVRGLGC,32,22,31,44,54,75,-0.25,anti-toxic
SHDLVDGG,84,70,105,95,154,200,-0.25,anti-toxic
RVCYNVCN,27,11,34,21,38,55,-0.25,anti-toxic
RLCHGVRL,35,23,34,46,58,80,-0.25,anti-toxic
FHGLVRGV,18,24,32,28,42,60,-0.25,anti-toxic
FYDRFRSG,4,2,10,5,6,15,-0.25,anti-toxic
GRRLIISF,5,5,13,7,10,20,-0.25,anti-toxic
HCNSILVI,2,0,3,7,2,10,-0.25,anti-toxic
GSGCLNVC,24,18,31,29,42,60,-0.25,anti-toxic
SNDCDICN,10,4,9,16,14,25,-0.25,anti-toxic
VIDSDLRN,57,45,73,62,102,135,-0.25,anti-toxic
HRFVDLHG,4,2,7,8,6,15,-0.25,anti-toxic
VGNNCVHH,12,6,17,13,18,30,-0.25,anti-toxic
VSDYDRVV,2,0,4,6,2,10,-0.25,anti-toxic
VHVGVDLS,42,32,41,59,74,100,-0.25,anti-toxic
FFGFSLIN,20,14,22,28,34,50,-0.25,anti-toxic
LYCCYFFH,5,1,8,7,6,15,-0.25,anti-toxic
GGSRRRYC,13,9,13,22,22,35,-0.25,anti-toxic
NCFLGGDN,23,11,22,28,34,50,-0.25,anti-toxic
DGVFGCRN,20,14,24,26,34,50,-0.25,anti-toxic
FSDVRHGH,18,8,17,23,26,40,-0.25,anti-toxic
RLDVVGVH,9,5,11,14,14,25,-0.25,anti-toxic
VHRVRHCI,29,13,30,30,42,60,-0.25,anti-toxic
FFCSYLRS,13,5,14,16,18,30,-0.25,anti-toxic
CVRGISLV,1,1,5,5,2,10,-0.25,anti-toxic
FFGGVFSR,38,20,40,40,58,80,-0.25,anti-toxic
CGSDFISH,30,20,35,35,50,70,-0.25,anti-toxic
FDNDVGFD,37,25,46,39,62,85,-0.25,anti-toxic
VGRFVNLC,46,32,56,49,78,105,-0.25,anti-toxic
SNIDGCDC,28,22,31,39,50,70,-0.25,anti-toxic
SVLGIGGC,14,8,18,17,22,35,-0.25,anti-toxic
VRRFGFNN,19,19,34,21,38,55,-0.25,anti-toxic
YYSYGLIC,28,18,36,29,46,65,-0.25,anti-toxic
YSYCIHCS,21,17,24,31,38,55,-0.25,anti-toxic
LFVGDSCL,2,0,6,4,2,10,-0.25,anti-toxic
GVNVVRYI,56,42,67,63,98,130,-0.25,anti-toxic
DCGYRCSV,8,2,11,9,10,20,-0.25,anti-toxic
FRFFGCNL,12,14,16,24,26,40,-0.25,anti-toxic
CNGVLSDV,36,18,30,45,54,75,-0.25,anti-toxic
SNSRHDFC,46,28,50,50,74,100,-0.25,anti-toxic
FDGHGGGV,6,0,8,7,6,15,-0.25,anti-toxic
RYFGNIVG,37,25,46,39,62,85,-0.25,anti-toxic
CYCGLYCV,0,2,3,7,2,10,-0.25,anti-toxic
CCLNNVRR,35,23,35,45,58,80,-0.25,anti-toxic
FGIGLVGH,14,8,15,20,22,35,-0.25,anti-toxic
IGCGNFRG,22,16,29,26,38,55,-0.25,anti-toxic
FVNDICNG,11,7,11,19,18,30,-0.25,anti-toxic
GLFGGIRC,4,6,5,15,10,20,-0.25,anti-toxic
NRRFCGHV,51,32,60,51,83,111,-0.24778761061946902,anti-toxic
YDSFRCRG,41,26,50,41,67,91,-0.24742268041237114,anti-toxic
VFCFGRRV,29,34,49,37,63,86,-0.24731182795698925,anti-toxic
SCIVRSSC,33,22,30,46,55,76,-0.24705882352941178,anti-toxic
NGIDVGNN,37,18,35,41,55,76,-0.24705882352941178,anti-toxic
DFSHRDRN,33,18,28,43,51,71,-0.24691358024691357,anti-toxic
HSDRGCSD,26,21,24,42,47,66,-0.24675324675324675,anti-toxic
DIRCGYII,33,14,33,33,47,66,-0.24675324675324675,anti-toxic
SYHSGFSC,30,17,37,29,47,66,-0.24675324675324675,anti-toxic
SYGCISVS,29,18,28,38,47,66,-0.24675324675324675,anti-toxic
GHGIRFCC,70,54,80,82,124,162,-0.24675324675324675,anti-toxic
CISGVYRN,67,53,75,82,120,157,-0.24666666666666667,anti-toxic
CGFGNGSC,29,14,31,30,43,61,-0.2465753424657534,anti-toxic
CFHGGNVV,27,16,37,24,43,61,-0.2465753424657534,anti-toxic
DIVRLRSL,28,15,28,33,43,61,-0.2465753424657534,anti-toxic
HDGLSHRL,23,12,25,26,35,51,-0.24615384615384617,anti-toxic
CDHGYVNG,22,13,21,30,35,51,-0.24615384615384617,anti-toxic
LFCFNRHS,22,13,29,22,35,51,-0.24615384615384617,anti-toxic
FILVGNGG,20,15,20,31,35,51,-0.24615384615384617,anti-toxic
NRSRRGCN,49,43,53,69,92,122,-0.2459016393442623,anti-toxic
CDSFNSSS,22,9,18,28,31,46,-0.2459016393442623,anti-toxic
SRGCRLCD,18,9,25,16,27,41,-0.24561403508771928,anti-toxic
GIFCGFRR,49,35,62,50,84,112,-0.24561403508771928,anti-toxic
LFSFHGRR,20,7,18,23,27,41,-0.24561403508771928,anti-toxic
GYSSVICH,17,10,15,26,27,41,-0.24561403508771928,anti-toxic
SICLRVDD,15,12,22,19,27,41,-0.24561403508771928,anti-toxic
LVCRLGRG,48,32,46,61,80,107,-0.24545454545454545,anti-toxic
RGRLRSGF,18,5,15,21,23,36,-0.24528301886792453,anti-toxic
GLGGSDIL,43,33,49,53,76,102,-0.24528301886792453,anti-toxic
RVIGCHRR,72,53,76,87,125,163,-0.24516129032258063,anti-toxic
SCDFCSDC,10,9,14,17,19,31,-0.24489795918367346,anti-toxic
SLHDLVGD,12,7,11,20,19,31,-0.24489795918367346,anti-toxic
NVGDVDGR,38,26,38,49,64,87,-0.24468085106382978,anti-toxic
SGSFCVGV,37,23,40,42,60,82,-0.24444444444444444,anti-toxic
SGLNCSIR,59,46,66,72,105,138,-0.24444444444444444,anti-toxic
GIGNFRII,10,5,16,10,15,26,-0.24444444444444444,anti-toxic
GCVDRCVH,8,7,11,15,15,26,-0.24444444444444444,anti-toxic
HDSSLFSR,34,22,38,39,56,77,-0.2441860465116279,anti-toxic
VVRFLFCC,9,2,8,13,11,21,-0.24390243902439024,anti-toxic
FCGDGGSH,55,38,54,69,93,123,-0.24390243902439024,anti-toxic
RRRSLLCI,8,3,9,12,11,21,-0.24390243902439024,anti-toxic
CSDHGGVN,7,4,8,13,11,21,-0.24390243902439024,anti-toxic
DSNHRVCD,9,2,8,13,11,21,-0.24390243902439024,anti-toxic
DSYGSRGR,51,34,62,51,85,113,-0.24347826086956523,anti-toxic
SNDGNVLI,26,18,40,22,44,62,-0.24324324324324326,anti-toxic
LVSNVIRI,24,20,28,34,44,62,-0.24324324324324326,anti-toxic
CHSSCDVV,31,13,31,31,44,62,-0.24324324324324326,anti-toxic
GDCNVVGR,7,0,6,10,7,16,-0.24324324324324326,anti-toxic
YSGNVDNN,3,4,8,8,7,16,-0.24324324324324326,anti-toxic
VYGCGVRD,6,1,13,3,7,16,-0.24324324324324326,anti-toxic
GCRFGSGC,49,32,52,56,81,108,-0.24324324324324326,anti-toxic
LCDLSVGN,5,2,5,11,7,16,-0.24324324324324326,anti-toxic
CINGIRYS,47,30,48,55,77,103,-0.24299065420560748,anti-toxic
YVIFYVLN,23,17,29,28,40,57,-0.24285714285714285,anti-toxic
SLCHRNCN,21,15,21,31,36,52,-0.24242424242424243,anti-toxic
RVFSRCFN,22,14,22,30,36,52,-0.24242424242424243,anti-toxic
FVFSVNCY,3,0,5,6,3,11,-0.24242424242424243,anti-toxic
ISCSGHGL,39,30,43,50,69,93,-0.24242424242424243,anti-toxic
CFLVGDSF,2,1,5,6,3,11,-0.24242424242424243,anti-toxic
VRCRRVSD,23,13,21,31,36,52,-0.24242424242424243,anti-toxic
VDRFVVGG,2,1,6,5,3,11,-0.24242424242424243,anti-toxic
SCVRCYCG,2,1,5,6,3,11,-0.24242424242424243,anti-toxic
HLVGDGYV,42,27,37,56,69,93,-0.24242424242424243,anti-toxic
NFSGCVRG,20,16,20,32,36,52,-0.24242424242424243,anti-toxic
FGYSRIRV,23,13,22,30,36,52,-0.24242424242424243,anti-toxic
NGCYNFSL,33,32,39,49,65,88,-0.24210526315789474,anti-toxic
LNISSFGS,40,25,53,35,65,88,-0.24210526315789474,anti-toxic
GNGCVFGH,38,27,52,36,65,88,-0.24210526315789474,anti-toxic
GNFGGVGG,24,8,18,29,32,47,-0.24193548387096775,anti-toxic
VFRRNGHL,23,9,28,19,32,47,-0.24193548387096775,anti-toxic
CGHIGGHV,19,13,25,22,32,47,-0.24193548387096775,anti-toxic
VYRRIFCN,16,16,19,28,32,47,-0.24193548387096775,anti-toxic
GLHGHIIC,22,10,26,21,32,47,-0.24193548387096775,anti-toxic
NDNFGLVR,21,11,19,28,32,47,-0.24193548387096775,anti-toxic
YYNNVRSR,19,13,24,23,32,47,-0.24193548387096775,anti-toxic
DDFGGNDG,35,26,37,46,61,83,-0.24175824175824176,anti-toxic
SVSRSIHF,54,36,61,58,90,119,-0.24166666666666667,anti-toxic
VLRGGVCC,36,21,35,43,57,78,-0.2413793103448276,anti-toxic
SGINSCGD,22,6,22,20,28,42,-0.2413793103448276,anti-toxic
NNSCGRIL,20,8,18,24,28,42,-0.2413793103448276,anti-toxic
CYDSGCGD,16,12,21,21,28,42,-0.2413793103448276,anti-toxic
GFGVRDVC,63,48,65,80,111,145,-0.24113475177304963,anti-toxic
IYGSSGRG,65,46,74,71,111,145,-0.24113475177304963,anti-toxic
GCNDVSLG,48,34,52,57,82,109,-0.24107142857142858,anti-toxic
NYLHVCRS,31,22,32,41,53,73,-0.24096385542168675,anti-toxic
NDIGGDDD,29,24,31,42,53,73,-0.24096385542168675,anti-toxic
GHFGDDCR,44,34,51,53,78,104,-0.24074074074074073,anti-toxic
FRDCLGRG,18,6,20,17,24,37,-0.24074074074074073,anti-toxic
HFISFGRG,46,32,50,54,78,104,-0.24074074074074073,anti-toxic
HGVNFGSR,32,17,29,39,49,68,-0.24050632911392406,anti-toxic
NGYVSNVS,29,20,34,34,49,68,-0.24050632911392406,anti-toxic
LSGRGSLL,31,18,31,37,49,68,-0.24050632911392406,anti-toxic
GCRIDCRH,34,15,33,35,49,68,-0.24050632911392406,anti-toxic
IFRLRYGS,46,28,48,51,74,99,-0.2403846153846154,anti-toxic
CDGDFSDV,46,28,45,54,74,99,-0.2403846153846154,anti-toxic
VVRCRYNL,12,8,15,17,20,32,-0.24,anti-toxic
CHSHVINC,9,11,17,15,20,32,-0.24,anti-toxic
DRCNINYV,12,8,15,17,20,32,-0.24,anti-toxic
GCRLSDVR,31,14,28,35,45,63,-0.24,anti-toxic
CGHHRGGV,28,17,26,37,45,63,-0.24,anti-toxic
RGGVRILC,28,17,30,33,45,63,-0.24,anti-toxic
RFDHDDLS,91,79,108,110,170,218,-0.24,anti-toxic
NSVDGGIR,55,36,53,67,91,120,-0.2396694214876033,anti-toxic
CCGDSRHR,36,30,42,47,66,89,-0.23958333333333334,anti-toxic
RSFDRFVV,40,26,40,49,66,89,-0.23958333333333334,anti-toxic
GGIGCIVL,73,64,82,95,137,177,-0.23952095808383234,anti-toxic
YGVDRVLL,27,14,28,30,41,58,-0.23943661971830985,anti-toxic
GCVLRCNN,26,15,29,29,41,58,-0.23943661971830985,anti-toxic
RIDCRYID,25,16,25,33,41,58,-0.23943661971830985,anti-toxic
GVGDGGLR,7,9,16,11,16,27,-0.2391304347826087,anti-toxic
CVGHVLHC,10,6,12,15,16,27,-0.2391304347826087,anti-toxic
CDVGCCDC,33,29,42,42,62,84,-0.2391304347826087,anti-toxic
CVDVNVSL,5,11,11,16,16,27,-0.2391304347826087,anti-toxic
YLFCVYVY,11,5,15,12,16,27,-0.2391304347826087,anti-toxic
YNHLNSRG,10,6,13,14,16,27,-0.2391304347826087,anti-toxic
NRLHNHRC,20,17,25,28,37,53,-0.23880597014925373,anti-toxic
VSDSCNLR,35,23,35,44,58,79,-0.23863636363636365,anti-toxic
FRISRNIC,56,44,66,65,100,131,-0.23846153846153847,anti-toxic
DCCLRRDV,22,11,24,24,33,48,-0.23809523809523808,anti-toxic
HLHDSIIH,4,8,14,8,12,22,-0.23809523809523808,anti-toxic
LGGNLCGD,19,14,27,21,33,48,-0.23809523809523808,anti-toxic
GICRSYIG,17,16,25,23,33,48,-0.23809523809523808,anti-toxic
CHDRSLSR,23,10,22,26,33,48,-0.23809523809523808,anti-toxic
DYNNIGGD,45,26,48,47,71,95,-0.2376237623762376,anti-toxic
CHISVCDR,33,17,30,39,50,69,-0.2375,anti-toxic
SCCHSGRR,30,20,35,34,50,69,-0.2375,anti-toxic
FVRRCFRV,42,25,51,39,67,90,-0.23711340206185566,anti-toxic
IYRGHHIG,40,27,39,51,67,90,-0.23711340206185566,anti-toxic
DGNRVIID,6,2,11,6,8,17,-0.23684210526315788,anti-toxic
FYCRRLLH,5,3,8,9,8,17,-0.23684210526315788,anti-toxic
LFLYCGFV,5,3,11,6,8,17,-0.23684210526315788,anti-toxic
FNGSRGRD,27,19,30,34,46,64,-0.23684210526315788,anti-toxic
LFGHCLDF,5,3,6,11,8,17,-0.23684210526315788,anti-toxic
SYGRISCV,6,2,7,10,8,17,-0.23684210526315788,anti-toxic
DYCGSVSR,34,29,42,43,63,85,-0.23655913978494625,anti-toxic
CNGIVVRN,96,77,104,117,173,221,-0.23645320197044334,anti-toxic
YFVDCVSF,20,5,21,17,25,38,-0.23636363636363636,anti-toxic
NDVGFRCV,18,7,22,16,25,38,-0.23636363636363636,anti-toxic
RFVDVHLD,16,9,23,15,25,38,-0.23636363636363636,anti-toxic
DLGGCDVN,15,10,21,17,25,38,-0.23636363636363636,anti-toxic
LSDDLDGS,15,10,12,26,25,38,-0.23636363636363636,anti-toxic
VNVNFFRN,26,16,28,31,42,59,-0.2361111111111111,anti-toxic
VGCDHNSG,35,24,41,39,59,80,-0.23595505617977527,anti-toxic
NGLGFDIR,51,42,60,62,93,122,-0.23577235772357724,anti-toxic
YFVSYSGR,1,3,6,6,4,12,-0.23529411764705882,anti-toxic
FSLLDCVN,0,4,4,8,4,12,-0.23529411764705882,anti-toxic
FRCVRGDV,13,8,13,20,21,33,-0.23529411764705882,anti-toxic
HHHVSSSL,27,11,24,30,38,54,-0.23529411764705882,anti-toxic
LVLHSCYN,12,9,16,17,21,33,-0.23529411764705882,anti-toxic
FFVLNNVF,32,23,37,38,55,75,-0.23529411764705882,anti-toxic
RSFFSRGS,12,9,21,12,21,33,-0.23529411764705882,anti-toxic
FHRCVRHL,4,0,6,6,4,12,-0.23529411764705882,anti-toxic
NVGISGYD,11,10,10,23,21,33,-0.23529411764705882,anti-toxic
YLRDGVSD,51,34,48,64,85,112,-0.23478260869565218,anti-toxic
HSCFDHNS,41,27,45,46,68,91,-0.23469387755102042,anti-toxic
HLLCIRRG,32,19,34,36,51,70,-0.2345679012345679,anti-toxic
DYVGGNHC,66,49,69,80,115,149,-0.23448275862068965,anti-toxic
GHGFRDSN,23,11,24,25,34,49,-0.234375,anti-toxic
VRNGRDGG,23,11,22,27,34,49,-0.234375,anti-toxic
NVNDNCGN,21,13,26,23,34,49,-0.234375,anti-toxic
ICGSVGVC,45,36,56,51,81,107,-0.23423423423423423,anti-toxic
GSCIRSLI,14,3,11,17,17,28,-0.23404255319148937,anti-toxic
CLGVRHVV,14,3,12,16,17,28,-0.23404255319148937,anti-toxic
HFCGINVI,11,6,12,16,17,28,-0.23404255319148937,anti-toxic
FVGRDGDL,11,6,15,13,17,28,-0.23404255319148937,anti-toxic
IDCRCNRD,40,24,37,49,64,86,-0.23404255319148937,anti-toxic
FFLLCCLN,11,6,15,13,17,28,-0.23404255319148937,anti-toxic
CSYFRIRS,53,41,61,62,94,123,-0.23387096774193547,anti-toxic
NYGHDSRL,47,30,59,43,77,102,-0.2336448598130841,anti-toxic
VCFCIVLV,18,12,29,15,30,44,-0.23333333333333334,anti-toxic
YSGSICLS,22,8,21,23,30,44,-0.23333333333333334,anti-toxic
CSFRVSRF,17,13,25,19,30,44,-0.23333333333333334,anti-toxic
YDGNNVRS,20,10,19,25,30,44,-0.23333333333333334,anti-toxic
VCVVNDGI,12,18,19,25,30,44,-0.23333333333333334,anti-toxic
VGCIYVRG,53,37,60,58,90,118,-0.23333333333333334,anti-toxic
RGYGGCHS,19,11,23,21,30,44,-0.23333333333333334,anti-toxic
CLSFVYSH,41,32,48,49,73,97,-0.23300970873786409,anti-toxic
GGVVVDDH,27,16,32,28,43,60,-0.2328767123287671,anti-toxic
DFVNGGIS,24,19,27,33,43,60,-0.2328767123287671,anti-toxic
CNRLVYVR,26,17,26,34,43,60,-0.2328767123287671,anti-toxic
RFDVVNNG,25,18,33,27,43,60,-0.2328767123287671,anti-toxic
GRCRYHIV,28,15,34,26,43,60,-0.2328767123287671,anti-toxic
RHDIIYGG,6,7,11,12,13,23,-0.23255813953488372,anti-toxic
RNLLRRFR,37,19,33,43,56,76,-0.23255813953488372,anti-toxic
DIGSCCDC,30,26,37,39,56,76,-0.23255813953488372,anti-toxic
HGCFRRHH,9,4,12,11,13,23,-0.23255813953488372,anti-toxic
FDDSRVVR,8,5,11,12,13,23,-0.23255813953488372,anti-toxic
NDGDYHND,34,35,55,37,69,92,-0.23232323232323232,anti-toxic
CGSCSVRG,42,27,42,50,69,92,-0.23232323232323232,anti-toxic
GRVHVGRI,20,6,14,25,26,39,-0.23214285714285715,anti-toxic
FCGNSCRV,22,17,28,27,39,55,-0.2318840579710145,anti-toxic
CSGIRGCH,39,26,44,43,65,87,-0.23157894736842105,anti-toxic
IIVNHNVV,33,32,46,41,65,87,-0.23157894736842105,anti-toxic
RRYLNFCV,36,29,35,52,65,87,-0.23157894736842105,anti-toxic
GGCGYVGR,46,32,45,58,78,103,-0.23148148148148148,anti-toxic
NCHVLGSD,42,36,46,57,78,103,-0.23148148148148148,anti-toxic
GSFNGGGC,94,75,109,106,169,215,-0.23115577889447236,anti-toxic
GRCCRGNG,57,43,59,71,100,130,-0.23076923076923078,anti-toxic
HDCSNVCC,39,22,37,45,61,82,-0.23076923076923078,anti-toxic
IRRCRFGV,43,31,55,43,74,98,-0.23076923076923078,anti-toxic
CDNDCVSG,9,0,9,9,9,18,-0.23076923076923078,anti-toxic
IHGSGGGF,37,24,32,50,61,82,-0.23076923076923078,anti-toxic
DDFRGDCG,20,15,31,19,35,50,-0.23076923076923078,anti-toxic
DYLRRGGC,26,9,26,24,35,50,-0.23076923076923078,anti-toxic
NILGHNVG,41,29,44,49,70,93,-0.23,anti-toxic
HISSLRVH,32,25,38,39,57,77,-0.22988505747126436,anti-toxic
VFGNLVVC,37,20,40,37,57,77,-0.22988505747126436,anti-toxic
GLRNCRDD,34,23,33,44,57,77,-0.22988505747126436,anti-toxic
CSDVNHHV,37,20,42,35,57,77,-0.22988505747126436,anti-toxic
SGNIHFRV,19,12,20,25,31,45,-0.22950819672131148,anti-toxic
GSDVNDDH,21,10,17,28,31,45,-0.22950819672131148,anti-toxic
SYIVRVDS,14,17,18,27,31,45,-0.22950819672131148,anti-toxic
DIGGIDLL,46,33,51,53,79,104,-0.22935779816513763,anti-toxic
FLVNGRGV,34,32,39,49,66,88,-0.22916666666666666,anti-toxic
SHGFVRCL,14,4,13,16,18,29,-0.22916666666666666,anti-toxic
FFIHFYGL,12,6,13,16,18,29,-0.22916666666666666,anti-toxic
IHNSIGRF,15,3,17,12,18,29,-0.22916666666666666,anti-toxic
FGYIRLVN,11,7,14,15,18,29,-0.22916666666666666,anti-toxic
VYGSGGVV,11,7,18,11,18,29,-0.22916666666666666,anti-toxic
ISGHNYIV,27,26,38,34,53,72,-0.2289156626506024,anti-toxic
DVNISFNN,49,39,53,62,88,115,-0.2288135593220339,anti-toxic
SCFFFNIH,4,1,4,9,5,13,-0.22857142857142856,anti-toxic
FCGYVRCF,0,5,9,4,5,13,-0.22857142857142856,anti-toxic
SRVGFGDC,24,16,31,25,40,56,-0.22857142857142856,anti-toxic
DGDCLVSV,18,22,28,28,40,56,-0.22857142857142856,anti-toxic
VGVHSVCL,40,22,41,42,62,83,-0.22826086956521738,anti-toxic
NCCGDFVS,51,33,53,57,84,110,-0.22807017543859648,anti-toxic
NGGCLVNN,18,9,22,18,27,40,-0.22807017543859648,anti-toxic
SSFLVHFN,15,12,19,21,27,40,-0.22807017543859648,anti-toxic
CNSGNGDC,19,8,19,21,27,40,-0.22807017543859648,anti-toxic
SICIVGGC,33,16,30,37,49,67,-0.22784810126582278,anti-toxic
YIHGRCGV,31,18,34,33,49,67,-0.22784810126582278,anti-toxic
ISIDRICR,34,15,33,34,49,67,-0.22784810126582278,anti-toxic
DDDFSLSV,29,20,30,37,49,67,-0.22784810126582278,anti-toxic
GFRGSSSH,43,28,49,45,71,94,-0.22772277227722773,anti-toxic
DLVVRRGI,45,26,47,47,71,94,-0.22772277227722773,anti-toxic
CCGRGDND,43,28,38,56,71,94,-0.22772277227722773,anti-toxic
CHNYVHSC,42,29,50,44,71,94,-0.22772277227722773,anti-toxic
VGLSLVNG,54,39,56,65,93,121,-0.22764227642276422,anti-toxic
LSGVSILH,24,12,19,32,36,51,-0.22727272727272727,anti-toxic
VVHRGVGI,10,4,7,17,14,24,-0.22727272727272727,anti-toxic
NCCHSDGD,5,9,11,13,14,24,-0.22727272727272727,anti-toxic
CGRYVRVC,37,21,38,40,58,78,-0.22727272727272727,anti-toxic
YSGCRNHF,9,5,13,11,14,24,-0.22727272727272727,anti-toxic
RCLRNDNV,22,14,18,33,36,51,-0.22727272727272727,anti-toxic
DYNVHNIN,25,33,36,42,58,78,-0.22727272727272727,anti-toxic
FRCFGHRI,22,14,25,26,36,51,-0.22727272727272727,anti-toxic
YIGDRRIN,12,2,11,13,14,24,-0.22727272727272727,anti-toxic
FFRFSCSH,32,13,30,32,45,62,-0.22666666666666666,anti-toxic
RFLIDNLS,30,15,29,33,45,62,-0.22666666666666666,anti-toxic
NVYVGVNC,31,14,26,36,45,62,-0.22666666666666666,anti-toxic
FCRRGVRR,53,45,58,69,98,127,-0.2265625,anti-toxic
FSIDSGSV,15,8,20,15,23,35,-0.22641509433962265,anti-toxic
VFVDVSRN,15,8,19,16,23,35,-0.22641509433962265,anti-toxic
RHIRNCVR,1,0,4,4,1,8,-0.22580645161290322,anti-toxic
CDRDVGSI,1,0,5,3,1,8,-0.22580645161290322,anti-toxic
RCNCNINY,0,1,6,2,1,8,-0.22580645161290322,anti-toxic
CDVIFDVI,1,0,5,3,1,8,-0.22580645161290322,anti-toxic
GHVDDVIF,1,0,2,6,1,8,-0.22580645161290322,anti-toxic
CHGSVNCL,0,1,5,3,1,8,-0.22580645161290322,anti-toxic
CLYFYHLS,1,0,3,5,1,8,-0.22580645161290322,anti-toxic
DSRNIRHL,1,0,5,3,1,8,-0.22580645161290322,anti-toxic
HVNDGFGV,38,25,39,45,63,84,-0.22580645161290322,anti-toxic
CVCCNNCC,0,1,4,4,1,8,-0.22580645161290322,anti-toxic
YSVSYCVI,1,0,3,5,1,8,-0.22580645161290322,anti-toxic
CGIRHLGC,0,1,4,4,1,8,-0.22580645161290322,anti-toxic
VRFGYVGC,84,72,91,107,156,198,-0.22580645161290322,anti-toxic
VFSGHVHG,48,33,52,54,81,106,-0.22522522522522523,anti-toxic
HVRCNDHR,50,31,44,62,81,106,-0.22522522522522523,anti-toxic
CVGGDCGH,28,22,27,41,50,68,-0.225,anti-toxic
GDVCLGRL,8,2,4,15,10,19,-0.225,anti-toxic
VVLGLGCN,7,3,6,13,10,19,-0.225,anti-toxic
DDHIHVSC,6,4,8,11,10,19,-0.225,anti-toxic
SGCHHIHC,32,27,37,42,59,79,-0.2247191011235955,anti-toxic
DIRYLNIH,35,24,45,34,59,79,-0.2247191011235955,anti-toxic
DSINVGCH,38,21,35,44,59,79,-0.2247191011235955,anti-toxic
RFCDRGGH,80,68,96,92,148,188,-0.2247191011235955,anti-toxic
DFDCNGSV,41,27,40,50,68,90,-0.22448979591836735,anti-toxic
CRFVSVNV,38,30,36,54,68,90,-0.22448979591836735,anti-toxic
IGNSINCC,44,33,42,59,77,101,-0.22429906542056074,anti-toxic
LYFFCFDL,16,12,20,21,28,41,-0.22413793103448276,anti-toxic
SNCGRCDV,20,8,17,24,28,41,-0.22413793103448276,anti-toxic
YNCVGNVS,15,13,16,25,28,41,-0.22413793103448276,anti-toxic
FFGLGLHH,20,8,20,21,28,41,-0.22413793103448276,anti-toxic
ISSCRLDG,26,11,27,25,37,52,-0.22388059701492538,anti-toxic
CLSSNGGV,26,11,22,30,37,52,-0.22388059701492538,anti-toxic
LCDLRRGC,20,17,22,30,37,52,-0.22388059701492538,anti-toxic
DSVRHCNS,24,13,29,23,37,52,-0.22388059701492538,anti-toxic
IHGVGIII,95,76,112,104,171,216,-0.22388059701492538,anti-toxic
CHGFRDRC,35,20,37,37,55,74,-0.2235294117647059,anti-toxic
CSRRGIFH,39,25,40,45,64,85,-0.22340425531914893,anti-toxic
GRGICCVV,68,50,78,73,118,151,-0.22297297297297297,anti-toxic
NNGLIVCD,72,55,75,87,127,162,-0.2229299363057325,anti-toxic
FSLDNLGV,102,88,111,128,190,239,-0.22272727272727272,anti-toxic
LRCDVVIG,62,43,71,64,105,135,-0.2222222222222222,anti-toxic
SFRHDNIG,34,17,27,42,51,69,-0.2222222222222222,anti-toxic
LRGDICFS,21,12,23,24,33,47,-0.2222222222222222,anti-toxic
RDYRSRII,4,2,2,12,6,14,-0.2222222222222222,anti-toxic
GLVHDGHC,16,8,14,22,24,36,-0.2222222222222222,anti-toxic
FGVRVLSH,35,25,36,44,60,80,-0.2222222222222222,anti-toxic
VRRCRFGD,19,14,22,25,33,47,-0.2222222222222222,anti-toxic
GFDSNLHR,50,37,56,57,87,113,-0.2222222222222222,anti-toxic
FFYICGIG,15,9,10,26,24,36,-0.2222222222222222,anti-toxic
CCDDGHYC,22,11,24,23,33,47,-0.2222222222222222,anti-toxic
GYRDGVDL,40,29,46,45,69,91,-0.2222222222222222,anti-toxic
NCVHDCLL,33,18,38,31,51,69,-0.2222222222222222,anti-toxic
SCCDHVRR,17,7,19,17,24,36,-0.2222222222222222,anti-toxic
DCVGYYIC,37,23,44,36,60,80,-0.2222222222222222,anti-toxic
FVVLHNNS,19,5,20,16,24,36,-0.2222222222222222,anti-toxic
CCDCDHLG,2,4,6,8,6,14,-0.2222222222222222,anti-toxic
IDRGVVSH,26,7,25,22,33,47,-0.2222222222222222,anti-toxic
CDVSGVVR,62,48,67,74,110,141,-0.22142857142857142,anti-toxic
HRGRLLGF,58,52,70,71,110,141,-0.22142857142857142,anti-toxic
GSDGGVNG,44,30,40,57,74,97,-0.22115384615384615,anti-toxic
CLRHHFRV,44,30,46,51,74,97,-0.22115384615384615,anti-toxic
RDSIVRCC,40,25,39,47,65,86,-0.22105263157894736,anti-toxic
GVNSVIRF,41,24,42,44,65,86,-0.22105263157894736,anti-toxic
GCDHLICS,36,29,38,48,65,86,-0.22105263157894736,anti-toxic
VNGCGHDG,26,21,29,35,47,64,-0.22077922077922077,anti-toxic
GCSCIIVH,23,15,28,25,38,53,-0.22058823529411764,anti-toxic
IYLSRRGI,52,36,60,54,88,114,-0.22033898305084745,anti-toxic
DSGGCNGH,53,35,53,61,88,114,-0.22033898305084745,anti-toxic
CNDDCHRL,19,10,30,12,29,42,-0.22033898305084745,anti-toxic
FDDFSSNH,21,8,23,19,29,42,-0.22033898305084745,anti-toxic
NVCGLYSS,48,31,56,47,79,103,-0.22018348623853212,anti-toxic
VGYGRIGY,11,9,14,17,20,31,-0.22,anti-toxic
IVGCCNIG,40,30,44,48,70,92,-0.22,anti-toxic
RGYRCYSN,12,8,11,20,20,31,-0.22,anti-toxic
DHFSVVHL,9,11,19,12,20,31,-0.22,anti-toxic
GYVYLHFC,4,7,9,11,11,20,-0.21951219512195122,anti-toxic
LIGCGLGH,6,5,16,4,11,20,-0.21951219512195122,anti-toxic
GRIGDIHC,67,58,81,78,125,159,-0.21935483870967742,anti-toxic
NSVSGHNN,49,35,55,54,84,109,-0.21929824561403508,anti-toxic
LCDVCGDG,26,17,29,30,43,59,-0.2191780821917808,anti-toxic
HSLVSGHN,24,19,30,29,43,59,-0.2191780821917808,anti-toxic
NDSHCVHH,25,9,22,26,34,48,-0.21875,anti-toxic
NYCRRHRG,54,44,58,68,98,126,-0.21875,anti-toxic
SVRGHRFC,2,0,3,6,2,9,-0.21875,anti-toxic
GSFVCSIH,23,11,19,29,34,48,-0.21875,anti-toxic
CFVDVCCH,1,1,2,7,2,9,-0.21875,anti-toxic
CRFVLGGI,17,17,28,20,34,48,-0.21875,anti-toxic
YCVRGHNV,19,15,21,27,34,48,-0.21875,anti-toxic
YYVVGIRS,1,1,3,6,2,9,-0.21875,anti-toxic
VIVHDNGL,37,29,42,45,66,87,-0.21875,anti-toxic
RGYGHFGV,1,1,3,6,2,9,-0.21875,anti-toxic
LCLCGNFD,2,0,3,6,2,9,-0.21875,anti-toxic
LRSFSYNR,0,2,5,4,2,9,-0.21875,anti-toxic
LGICVHID,25,9,17,31,34,48,-0.21875,anti-toxic
RVVGFCCV,50,39,60,55,89,115,-0.2184873949579832,anti-toxic
RGRNHGDD,35,22,37,39,57,76,-0.21839080459770116,anti-toxic
SRDFIVRF,20,5,17,20,25,37,-0.21818181818181817,anti-toxic
GNVGCNGL,13,12,21,16,25,37,-0.21818181818181817,anti-toxic
GRGIGYHI,15,10,17,20,25,37,-0.21818181818181817,anti-toxic
FNSRHVDC,42,29,50,43,71,93,-0.21782178217821782,anti-toxic
CDFVSGRR,41,30,46,47,71,93,-0.21782178217821782,anti-toxic
NGVGVVNF,56,38,52,69,94,121,-0.21774193548387097,anti-toxic
NVGGVCDD,10,6,10,16,16,26,-0.21739130434782608,anti-toxic
HLHLICNG,22,17,21,33,39,54,-0.21739130434782608,anti-toxic
GICSIGLV,33,29,35,47,62,82,-0.21739130434782608,anti-toxic
LSSNHFDG,83,71,91,103,154,194,-0.21739130434782608,anti-toxic
SDSLHCIR,45,31,51,48,76,99,-0.2169811320754717,anti-toxic
HFVVGRLH,32,21,34,37,53,71,-0.21686746987951808,anti-toxic
GCIFRRGD,19,11,22,21,30,43,-0.21666666666666667,anti-toxic
DIHHGVGD,43,24,47,41,67,88,-0.21649484536082475,anti-toxic
FRRVHGLV,24,20,30,30,44,60,-0.21621621621621623,anti-toxic
FFCHDLVL,4,3,10,5,7,15,-0.21621621621621623,anti-toxic
IGFGVVSC,20,24,32,28,44,60,-0.21621621621621623,anti-toxic
LDCGGFGS,24,20,24,36,44,60,-0.21621621621621623,anti-toxic
DCHGLNSI,57,38,52,70,95,122,-0.216,anti-toxic
FVSYVHRC,35,23,40,37,58,77,-0.2159090909090909,anti-toxic
SSCDGLVI,13,8,18,14,21,32,-0.21568627450980393,anti-toxic
DCYNFLFC,13,8,17,15,21,32,-0.21568627450980393,anti-toxic
GNLVNGVD,15,6,19,13,21,32,-0.21568627450980393,anti-toxic
VVSHGICD,39,33,42,52,72,94,-0.21568627450980393,anti-toxic
CLHSDGHI,17,4,16,16,21,32,-0.21568627450980393,anti-toxic
FLLRLHRS,22,13,24,25,35,49,-0.2153846153846154,anti-toxic
SCNGYVGV,28,21,35,31,49,66,-0.21518987341772153,anti-toxic
NLGVSSDR,39,24,38,45,63,83,-0.21505376344086022,anti-toxic
SDFSINHH,40,23,49,34,63,83,-0.21505376344086022,anti-toxic
HCGIRRFH,51,40,57,60,91,117,-0.21487603305785125,anti-toxic
RGSISSCC,51,40,54,63,91,117,-0.21487603305785125,anti-toxic
DHNGYHRR,91,84,116,103,175,219,-0.2146341463414634,anti-toxic
LCRNRFLC,17,9,10,28,26,38,-0.21428571428571427,anti-toxic
NSNYSCGR,8,4,11,10,12,21,-0.21428571428571427,anti-toxic
VFCHNRRR,15,11,14,24,26,38,-0.21428571428571427,anti-toxic
YNRVCNGG,19,7,18,20,26,38,-0.21428571428571427,anti-toxic
RLRCDVRH,26,14,32,23,40,55,-0.21428571428571427,anti-toxic
VVDDVSFH,29,11,25,30,40,55,-0.21428571428571427,anti-toxic
FVGISVNG,31,23,27,45,54,72,-0.21428571428571427,anti-toxic
RHCVHLRN,13,13,18,20,26,38,-0.21428571428571427,anti-toxic
NHDNSCSG,18,8,14,24,26,38,-0.21428571428571427,anti-toxic
GRINHFGF,28,12,35,20,40,55,-0.21428571428571427,anti-toxic
RGDVYIRV,20,6,18,20,26,38,-0.21428571428571427,anti-toxic
NCIVGRGH,44,38,53,53,82,106,-0.21428571428571427,anti-toxic
HGHGRGCR,25,20,28,33,45,61,-0.21333333333333335,anti-toxic
SRVYGSDC,27,18,33,28,45,61,-0.21333333333333335,anti-toxic
SDGYYCRG,27,18,26,35,45,61,-0.21333333333333335,anti-toxic
VVVFNDGV,19,12,19,25,31,44,-0.21311475409836064,anti-toxic
RCCDVRIV,19,12,20,24,31,44,-0.21311475409836064,anti-toxic
DGLVRILG,6,11,16,11,17,27,-0.2127659574468085,anti-toxic
VLHCVYRN,33,31,35,49,64,84,-0.2127659574468085,anti-toxic
CNIGFGCR,12,5,12,15,17,27,-0.2127659574468085,anti-toxic
LRCGRRVG,12,5,15,12,17,27,-0.2127659574468085,anti-toxic
RFCFGVGV,39,25,41,43,64,84,-0.2127659574468085,anti-toxic
FHIDGSND,29,21,34,33,50,67,-0.2125,anti-toxic
DVIHVYSS,34,16,31,36,50,67,-0.2125,anti-toxic
VNNVNSRI,34,16,25,42,50,67,-0.2125,anti-toxic
LYRFDCNC,49,34,54,53,83,107,-0.21238938053097345,anti-toxic
SDGCLSHH,0,3,4,6,3,10,-0.21212121212121213,anti-toxic
SCVFYYSG,3,0,5,5,3,10,-0.21212121212121213,anti-toxic
LDGRRIIG,2,1,7,3,3,10,-0.21212121212121213,anti-toxic
RNFRHFRL,1,2,5,5,3,10,-0.21212121212121213,anti-toxic
CVVDSVSV,2,1,4,6,3,10,-0.21212121212121213,anti-toxic
CGRFLRNF,44,25,48,42,69,90,-0.21212121212121213,anti-toxic
RVSGGFVC,2,1,8,2,3,10,-0.21212121212121213,anti-toxic
HRVRDFRG,51,37,60,53,88,113,-0.211864406779661,anti-toxic
RDHCGYVC,53,35,56,57,88,113,-0.211864406779661,anti-toxic
GINCCVVR,32,23,40,33,55,73,-0.21176470588235294,anti-toxic
DVVCRDGL,30,25,37,36,55,73,-0.21176470588235294,anti-toxic
CNLNSYRS,33,22,29,44,55,73,-0.21176470588235294,anti-toxic
GFRFFRIH,11,11,15,18,22,33,-0.21153846153846154,anti-toxic
NLNGGLLD,9,13,14,19,22,33,-0.21153846153846154,anti-toxic
SCRGGVVV,45,29,48,48,74,96,-0.21153846153846154,anti-toxic
VDRINGCH,37,37,49,47,74,96,-0.21153846153846154,anti-toxic
RGIGDCGL,14,8,20,13,22,33,-0.21153846153846154,anti-toxic
DRVLRGGI,27,14,30,26,41,56,-0.2112676056338028,anti-toxic
CFLDRIIC,28,13,28,28,41,56,-0.2112676056338028,anti-toxic
IGHSRCFG,39,21,41,38,60,79,-0.2111111111111111,anti-toxic
YVCRVRCV,56,42,57,68,98,125,-0.2109375,anti-toxic
LRRGIDHL,68,54,77,77,122,154,-0.21052631578947367,anti-toxic
DNDDHRCD,3,5,5,11,8,16,-0.21052631578947367,anti-toxic
CGRVSHFG,7,1,6,10,8,16,-0.21052631578947367,anti-toxic
GNVGCYVF,17,10,24,15,27,39,-0.21052631578947367,anti-toxic
FGNSGYRR,32,19,30,38,51,68,-0.20987654320987653,anti-toxic
YLGNSVVV,32,19,36,32,51,68,-0.20987654320987653,anti-toxic
VVYSRISC,65,48,79,64,113,143,-0.2097902097902098,anti-toxic
HLGGNGSI,94,81,107,111,175,218,-0.2097560975609756,anti-toxic
RGNCVHCV,21,11,22,23,32,45,-0.20967741935483872,anti-toxic
VYGRGLCV,19,13,20,25,32,45,-0.20967741935483872,anti-toxic
RVVCFDSI,21,11,30,15,32,45,-0.20967741935483872,anti-toxic
VLDVLGGV,109,90,121,126,199,247,-0.2096069868995633,anti-toxic
SNGRYVCR,5,8,11,11,13,22,-0.20930232558139536,anti-toxic
YDCCFLHH,6,7,10,12,13,22,-0.20930232558139536,anti-toxic
FSLCGNNR,37,19,38,36,56,74,-0.20930232558139536,anti-toxic
NFGRIIIH,11,2,14,8,13,22,-0.20930232558139536,anti-toxic
SCRVCDGD,9,4,10,12,13,22,-0.20930232558139536,anti-toxic
HFGSNRCV,10,3,8,14,13,22,-0.20930232558139536,anti-toxic
GYDHDCSN,47,33,43,60,80,103,-0.20909090909090908,anti-toxic
HNDLDLVF,49,31,49,54,80,103,-0.20909090909090908,anti-toxic
RFSDCHDV,25,12,26,25,37,51,-0.208955223880597,anti-toxic
NCVHGHSC,37,24,40,40,61,80,-0.2087912087912088,anti-toxic
DCLGRIGI,58,51,65,73,109,138,-0.20863309352517986,anti-toxic
IYGCVRVH,10,8,14,14,18,28,-0.20833333333333334,anti-toxic
LCGNHGDH,12,6,11,17,18,28,-0.20833333333333334,anti-toxic
YYHRRIGV,12,6,17,11,18,28,-0.20833333333333334,anti-toxic
IGICGNRI,42,29,48,44,71,92,-0.2079207920792079,anti-toxic
HRGISVLC,31,16,27,36,47,63,-0.2077922077922078,anti-toxic
GISGYIRN,26,21,28,35,47,63,-0.2077922077922078,anti-toxic
LYSFGCCI,33,14,29,34,47,63,-0.2077922077922078,anti-toxic
CCNNGGGN,58,42,61,66,100,127,-0.2076923076923077,anti-toxic
CGRFVRHD,14,9,14,20,23,34,-0.20754716981132076,anti-toxic
VNRGCHHC,16,7,13,21,23,34,-0.20754716981132076,anti-toxic
DCCYVHVC,14,9,15,19,23,34,-0.20754716981132076,anti-toxic
ICSLLHRH,32,20,34,35,52,69,-0.2073170731707317,anti-toxic
RYDYVIVG,42,39,49,55,81,104,-0.2072072072072072,anti-toxic
IIVVDYVF,21,7,23,17,28,40,-0.20689655172413793,anti-toxic
HRFSCCVL,16,12,17,23,28,40,-0.20689655172413793,anti-toxic
FCSIHRVH,38,19,41,34,57,75,-0.20689655172413793,anti-toxic
RLHCYVRV,35,22,30,45,57,75,-0.20689655172413793,anti-toxic
FSISRLCL,37,20,38,37,57,75,-0.20689655172413793,anti-toxic
VGLVDGVL,68,52,72,79,120,151,-0.20666666666666667,anti-toxic
RFDRNCCV,54,37,58,58,91,116,-0.2066115702479339,anti-toxic
NDVCVGVV,89,70,100,98,159,198,-0.20634920634920634,anti-toxic
ILGGCFVC,19,14,20,26,33,46,-0.20634920634920634,anti-toxic
GCHYNRIG,41,26,36,51,67,87,-0.20618556701030927,anti-toxic
HRFFHRLC,22,16,24,28,38,52,-0.20588235294117646,anti-toxic
RGDGGCGG,37,35,45,48,72,93,-0.20588235294117646,anti-toxic
RFISFRRV,4,0,3,8,4,11,-0.20588235294117646,anti-toxic
LCRSDVIV,42,30,41,52,72,93,-0.20588235294117646,anti-toxic
RLVRDISR,45,27,45,48,72,93,-0.20588235294117646,anti-toxic
GRRIISNR,4,0,6,5,4,11,-0.20588235294117646,anti-toxic
HIGHCVGI,43,34,43,56,77,99,-0.205607476635514,anti-toxic
ISYVCVGR,29,14,28,30,43,58,-0.2054794520547945,anti-toxic
RFCNDDHL,23,20,34,24,43,58,-0.2054794520547945,anti-toxic
DLLVRYVH,26,17,29,29,43,58,-0.2054794520547945,anti-toxic
GSGVHGVY,50,32,61,44,82,105,-0.20535714285714285,anti-toxic
RGRVGFRF,24,24,38,26,48,64,-0.20512820512820512,anti-toxic
CDGGSDGG,7,2,9,8,9,17,-0.20512820512820512,anti-toxic
RGCIGVRS,5,4,8,9,9,17,-0.20512820512820512,anti-toxic
CCVCVVGH,32,16,32,32,48,64,-0.20512820512820512,anti-toxic
CDFRGIRV,32,16,32,32,48,64,-0.20512820512820512,anti-toxic
VDRCRFNC,6,3,6,11,9,17,-0.20512820512820512,anti-toxic
CFGGVLNN,6,3,10,7,9,17,-0.20512820512820512,anti-toxic
CRSCDVID,24,29,31,39,53,70,-0.20481927710843373,anti-toxic
FRVSGNCN,77,59,80,90,136,170,-0.20481927710843373,anti-toxic
YYNFCVIG,9,5,13,10,14,23,-0.20454545454545456,anti-toxic
YSSCDSHG,9,5,10,13,14,23,-0.20454545454545456,anti-toxic
RHRCVYVR,40,23,45,37,63,82,-0.20430107526881722,anti-toxic
CSVHHDLN,43,25,36,52,68,88,-0.20408163265306123,anti-toxic
DFRIIHGG,8,11,11,18,19,29,-0.20408163265306123,anti-toxic
LDLRNCSC,15,4,15,14,19,29,-0.20408163265306123,anti-toxic
IIVGGFRV,46,27,51,43,73,94,-0.20388349514563106,anti-toxic
IHSSFCNR,13,11,13,22,24,35,-0.2037037037037037,anti-toxic
VLNRHVSG,45,38,46,60,83,106,-0.20353982300884957,anti-toxic
CIRGLSVC,55,38,52,66,93,118,-0.2032520325203252,anti-toxic
VGRYCVGR,58,40,56,68,98,124,-0.203125,anti-toxic
FCCVDNGH,23,16,29,24,39,53,-0.2028985507246377,anti-toxic
SIGCRVND,23,16,26,27,39,53,-0.2028985507246377,anti-toxic
RCDRDNDV,61,47,64,72,108,136,-0.2028985507246377,anti-toxic
GRRCRFYF,20,19,24,29,39,53,-0.2028985507246377,anti-toxic
FVSVVRLG,24,15,30,23,39,53,-0.2028985507246377,anti-toxic
LYDVRSIR,29,15,32,27,44,59,-0.20270270270270271,anti-toxic
CSHVNVIR,27,17,26,33,44,59,-0.20270270270270271,anti-toxic
LDDIGRVC,25,19,29,30,44,59,-0.20270270270270271,anti-toxic
GVSDNHSG,36,23,40,37,59,77,-0.20224719101123595,anti-toxic
GIDRGVSY,43,26,43,46,69,89,-0.20202020202020202,anti-toxic
GINRCVCD,49,30,59,42,79,101,-0.2018348623853211,anti-toxic
IDIVGLIH,48,31,49,52,79,101,-0.2018348623853211,anti-toxic
NRCGGLCR,44,35,50,51,79,101,-0.2018348623853211,anti-toxic
CHSDGRYD,47,32,51,50,79,101,-0.2018348623853211,anti-toxic
FHGGVNSV,49,30,43,58,79,101,-0.2018348623853211,anti-toxic
ILGNGCIG,50,34,48,59,84,107,-0.20175438596491227,anti-toxic
CLDNFHRS,48,36,58,49,84,107,-0.20175438596491227,anti-toxic
GLCDRFDS,46,38,46,61,84,107,-0.20175438596491227,anti-toxic
NCDVFRGV,51,38,52,61,89,113,-0.20168067226890757,anti-toxic
CNNCVGGD,51,38,49,64,89,113,-0.20168067226890757,anti-toxic
VYRSRDGG,56,43,68,57,99,125,-0.20155038759689922,anti-toxic
VFCGIRHN,61,43,62,69,104,131,-0.20149253731343283,anti-toxic
SHYSSFRG,68,51,66,83,119,149,-0.20134228187919462,anti-toxic
YICFVYVC,3,2,3,9,5,12,-0.2,anti-toxic
CRDHDGLR,3,2,5,7,5,12,-0.2,anti-toxic
GCVDCDDD,24,16,23,31,40,54,-0.2,anti-toxic
INFVVGHI,25,10,22,26,35,48,-0.2,anti-toxic
YSGVGHLG,33,17,37,29,50,66,-0.2,anti-toxic
SRYFNIGN,24,26,27,39,50,66,-0.2,anti-toxic
CNFRGHNN,31,19,35,31,50,66,-0.2,anti-toxic
SVGLLLGV,25,20,23,37,45,60,-0.2,anti-toxic
YGHGGVLV,50,40,55,59,90,114,-0.2,anti-toxic
HVRSHYVG,7,3,8,10,10,18,-0.2,anti-toxic
SCFGGGVR,33,22,42,30,55,72,-0.2,anti-toxic
IRVCHVDV,3,2,6,6,5,12,-0.2,anti-toxic
DFNCVYVI,22,8,20,22,30,42,-0.2,anti-toxic
CFRGGLRL,21,14,20,28,35,48,-0.2,anti-toxic
RNNCCIRF,3,2,7,5,5,12,-0.2,anti-toxic
RCRLRSRS,13,7,13,17,20,30,-0.2,anti-toxic
YNVDGDSC,61,44,66,66,105,132,-0.2,anti-toxic
GFVSYCFH,15,10,19,17,25,36,-0.2,anti-toxic
HCDFNGGV,15,10,15,21,25,36,-0.2,anti-toxic
SGDGFHHC,4,6,8,10,10,18,-0.2,anti-toxic
GRRIISSL,19,6,16,20,25,36,-0.2,anti-toxic
GHVLRVSV,27,13,25,29,40,54,-0.2,anti-toxic
FCNVGSRI,42,23,37,47,65,84,-0.2,anti-toxic
FSLNVRSL,20,10,23,19,30,42,-0.2,anti-toxic
FIIRFCVC,3,2,5,7,5,12,-0.2,anti-toxic
NGCGGFRD,35,25,34,44,60,78,-0.2,anti-toxic
CCVIRSSC,7,3,6,12,10,18,-0.2,anti-toxic
VIGGLCGH,16,9,18,18,25,36,-0.2,anti-toxic
CNVVGRCD,21,19,30,24,40,54,-0.2,anti-toxic
VFVRNRCD,7,3,7,11,10,18,-0.2,anti-toxic
DGNCVFVI,41,24,49,35,65,84,-0.2,anti-toxic
RNFRSLFV,11,4,9,15,15,24,-0.2,anti-toxic
HVGGCSVH,48,33,48,55,81,103,-0.1981981981981982,anti-toxic
FRCSVISD,45,31,43,54,76,97,-0.19811320754716982,anti-toxic
RCGSSGLN,43,28,36,55,71,91,-0.19801980198019803,anti-toxic
RNDCDGYN,38,28,40,45,66,85,-0.19791666666666666,anti-toxic
GIRSRFDC,35,26,43,36,61,79,-0.1978021978021978,anti-toxic
LRRLHGIV,81,71,89,99,152,188,-0.1978021978021978,anti-toxic
VHCRDIGC,39,22,32,47,61,79,-0.1978021978021978,anti-toxic
LDGRGGHL,32,24,37,36,56,73,-0.19767441860465115,anti-toxic
YVDDSGNG,32,19,35,32,51,67,-0.19753086419753085,anti-toxic
NSHGGSGC,32,19,32,35,51,67,-0.19753086419753085,anti-toxic
VVIRDHVI,25,21,26,35,46,61,-0.19736842105263158,anti-toxic
SFVGDVNL,27,19,34,27,46,61,-0.19736842105263158,anti-toxic
SCGFVNGV,26,15,25,30,41,55,-0.19718309859154928,anti-toxic
GGFRLGRC,30,11,31,24,41,55,-0.19718309859154928,anti-toxic
FIRSRFGI,23,18,22,33,41,55,-0.19718309859154928,anti-toxic
GNCYVFVR,23,18,23,32,41,55,-0.19718309859154928,anti-toxic
GRGVCVSF,23,13,21,28,36,49,-0.19696969696969696,anti-toxic
YNDLRCSN,23,13,26,23,36,49,-0.19696969696969696,anti-toxic
CCIGGVRH,23,13,32,17,36,49,-0.19696969696969696,anti-toxic
CSGGNGCH,23,8,23,20,31,43,-0.19672131147540983,anti-toxic
RGGLDIRD,23,8,20,23,31,43,-0.19672131147540983,anti-toxic
RGCDLRIL,19,12,25,18,31,43,-0.19672131147540983,anti-toxic
GNINDDHY,20,11,17,26,31,43,-0.19672131147540983,anti-toxic
RRNYVHFI,52,35,54,56,87,110,-0.19658119658119658,anti-toxic
CLNNHISV,53,34,52,58,87,110,-0.19658119658119658,anti-toxic
HGVCDNLH,16,10,16,21,26,37,-0.19642857142857142,anti-toxic
HCSVIYSH,14,12,24,13,26,37,-0.19642857142857142,anti-toxic
VHGVCCSG,19,7,18,19,26,37,-0.19642857142857142,anti-toxic
IVNCVLSV,43,29,42,50,72,92,-0.19607843137254902,anti-toxic
NFLHRFHL,71,52,67,86,123,153,-0.19607843137254902,anti-toxic
RRRIINGG,10,11,12,19,21,31,-0.19607843137254902,anti-toxic
DLVGVRFN,38,29,41,45,67,86,-0.1958762886597938,anti-toxic
GNVRHNGV,37,25,33,47,62,80,-0.1956521739130435,anti-toxic
GHCGHVIR,37,25,45,35,62,80,-0.1956521739130435,anti-toxic
CGSGNHHI,9,7,16,9,16,25,-0.1956521739130435,anti-toxic
VNGHRSDF,35,22,30,44,57,74,-0.19540229885057472,anti-toxic
DHDSFDLG,4,7,11,8,11,19,-0.1951219512195122,anti-toxic
IGRCVIHD,34,18,34,34,52,68,-0.1951219512195122,anti-toxic
DGFHDCND,49,44,63,54,93,117,-0.1951219512195122,anti-toxic
HGLVDSSC,6,5,10,9,11,19,-0.1951219512195122,anti-toxic
CLHRRHGV,7,4,9,10,11,19,-0.1951219512195122,anti-toxic
CSLGVRGG,4,7,9,10,11,19,-0.1951219512195122,anti-toxic
FCVDSNRV,32,20,35,33,52,68,-0.1951219512195122,anti-toxic
FDSSCLIV,6,5,11,8,11,19,-0.1951219512195122,anti-toxic
HNGCCVGG,29,13,25,31,42,56,-0.19444444444444445,anti-toxic
RRVDCGSC,5,1,8,5,6,13,-0.19444444444444445,anti-toxic
GCSGVGVH,4,2,5,8,6,13,-0.19444444444444445,anti-toxic
CSNIHFVI,27,15,28,28,42,56,-0.19444444444444445,anti-toxic
NSICHICI,5,1,7,6,6,13,-0.19444444444444445,anti-toxic
CNGVRCGV,46,27,41,52,73,93,-0.1941747572815534,anti-toxic
YLYRLGSI,43,30,49,44,73,93,-0.1941747572815534,anti-toxic
GHLRFIRV,24,13,21,29,37,50,-0.19402985074626866,anti-toxic
HIVGVNIG,19,18,21,29,37,50,-0.19402985074626866,anti-toxic
RSHGVFYI,23,14,26,24,37,50,-0.19402985074626866,anti-toxic
CHNVLYVF,0,1,4,3,1,7,-0.1935483870967742,anti-toxic
VCHGHVHI,23,9,18,26,32,44,-0.1935483870967742,anti-toxic
FVYVGFRD,0,1,2,5,1,7,-0.1935483870967742,anti-toxic
LHGSSVIG,1,0,3,4,1,7,-0.1935483870967742,anti-toxic
GRRIISNS,0,1,2,5,1,7,-0.1935483870967742,anti-toxic
DGYRSCLF,1,0,2,5,1,7,-0.1935483870967742,anti-toxic
IVYIRDRG,1,0,4,3,1,7,-0.1935483870967742,anti-toxic
VDYGLDHG,17,15,24,20,32,44,-0.1935483870967742,anti-toxic
FLIDGGRV,1,0,4,3,1,7,-0.1935483870967742,anti-toxic
IDSGSRIC,1,0,2,5,1,7,-0.1935483870967742,anti-toxic
CNDVVVGR,1,0,5,2,1,7,-0.1935483870967742,anti-toxic
NVNRLCHL,37,26,45,36,63,81,-0.1935483870967742,anti-toxic
FYGVHCDI,0,1,1,6,1,7,-0.1935483870967742,anti-toxic
FLSDGGCV,1,0,3,4,1,7,-0.1935483870967742,anti-toxic
FFDHNRDC,1,0,2,5,1,7,-0.1935483870967742,anti-toxic
HSGYVYIS,48,36,52,54,84,106,-0.19298245614035087,anti-toxic
RSIGCVSH,16,11,19,19,27,38,-0.19298245614035087,anti-toxic
CDGDVCDC,15,12,21,17,27,38,-0.19298245614035087,anti-toxic
SCSIIGGC,17,10,20,18,27,38,-0.19298245614035087,anti-toxic
SSVNHGCD,64,46,60,77,110,137,-0.19285714285714287,anti-toxic
FFNGIVRG,30,23,28,41,53,69,-0.1927710843373494,anti-toxic
RGRGFVCC,34,19,41,28,53,69,-0.1927710843373494,anti-toxic
SDGCIIHV,56,44,57,68,100,125,-0.19230769230769232,anti-toxic
HDNNYVGV,27,21,28,35,48,63,-0.19230769230769232,anti-toxic
CIFIFFCF,13,9,14,18,22,32,-0.19230769230769232,anti-toxic
RSFCFLNL,40,34,44,50,74,94,-0.19230769230769232,anti-toxic
HDNHRHVH,33,15,26,37,48,63,-0.19230769230769232,anti-toxic
VNDGLVGI,33,15,25,38,48,63,-0.19230769230769232,anti-toxic
CVGDLVGV,17,5,22,10,22,32,-0.19230769230769232,anti-toxic
RYHNVCFS,31,17,25,38,48,63,-0.19230769230769232,anti-toxic
CRGLIVGN,14,8,18,14,22,32,-0.19230769230769232,anti-toxic
LCVVRNRL,44,25,47,41,69,88,-0.1919191919191919,anti-toxic
NLFGLGRV,29,14,29,28,43,57,-0.1917808219178082,anti-toxic
GHFGGICV,26,17,29,28,43,57,-0.1917808219178082,anti-toxic
SGGCGCGD,28,15,22,35,43,57,-0.1917808219178082,anti-toxic
NYRCRYGL,28,15,30,27,43,57,-0.1917808219178082,anti-toxic
SSLIGCVR,40,24,36,46,64,82,-0.19148936170212766,anti-toxic
GNNRLGHV,11,6,13,13,17,26,-0.19148936170212766,anti-toxic
VDCSHYVC,7,10,12,14,17,26,-0.19148936170212766,anti-toxic
FLRVNGSC,12,5,13,13,17,26,-0.19148936170212766,anti-toxic
YGVGGIGG,8,9,12,14,17,26,-0.19148936170212766,anti-toxic
SCGGDNSG,61,50,64,74,111,138,-0.19148936170212766,anti-toxic
NDNCRGNC,9,8,15,11,17,26,-0.19148936170212766,anti-toxic
SCDSDNFC,27,11,22,29,38,51,-0.19117647058823528,anti-toxic
FCDNLLVC,28,10,23,28,38,51,-0.19117647058823528,anti-toxic
RFCRDGIV,26,12,25,26,38,51,-0.19117647058823528,anti-toxic
GFRFCFGG,38,21,41,35,59,76,-0.19101123595505617,anti-toxic
NSVSRGFL,36,18,33,37,54,70,-0.19047619047619047,anti-toxic
CGGGGILV,8,4,8,12,12,20,-0.19047619047619047,anti-toxic
LYNNINVN,14,19,22,23,33,45,-0.19047619047619047,anti-toxic
NSFFNSSD,23,10,15,30,33,45,-0.19047619047619047,anti-toxic
GCDVDIII,35,19,31,39,54,70,-0.19047619047619047,anti-toxic
IVCGRVDI,46,29,38,57,75,95,-0.19047619047619047,anti-toxic
LLHYVRCR,6,6,9,11,12,20,-0.19047619047619047,anti-toxic
SSFGHSIC,9,3,9,11,12,20,-0.19047619047619047,anti-toxic
DGGCGGLC,43,32,40,55,75,95,-0.19047619047619047,anti-toxic
LCRVISLH,5,7,7,13,12,20,-0.19047619047619047,anti-toxic
NIDCCVRG,5,7,13,7,12,20,-0.19047619047619047,anti-toxic
GHVRFVRV,61,51,71,68,112,139,-0.19014084507042253,anti-toxic
GLRNDIDC,53,38,59,55,91,114,-0.19008264462809918,anti-toxic
GFCSNVSD,44,26,47,42,70,89,-0.19,anti-toxic
FFSGRFLR,28,21,40,24,49,64,-0.189873417721519,anti-toxic
GVRICNDG,31,18,29,35,49,64,-0.189873417721519,anti-toxic
CSGNFIVG,32,17,32,32,49,64,-0.189873417721519,anti-toxic
VCRSRFCI,16,12,19,20,28,39,-0.1896551724137931,anti-toxic
RSHCVCDG,46,40,56,52,86,108,-0.1896551724137931,anti-toxic
GYVFYRYL,17,11,18,21,28,39,-0.1896551724137931,anti-toxic
GRCGRDCR,22,6,19,20,28,39,-0.1896551724137931,anti-toxic
VRRIISNR,3,4,3,11,7,14,-0.1891891891891892,anti-toxic
RVFFFFVF,6,1,7,7,7,14,-0.1891891891891892,anti-toxic
FRHRFLVR,2,5,7,7,7,14,-0.1891891891891892,anti-toxic
NRLFCRIR,49,32,45,57,81,102,-0.1891891891891892,anti-toxic
NVFCIGNL,2,5,6,8,7,14,-0.1891891891891892,anti-toxic
NSHGCLRH,6,1,7,7,7,14,-0.1891891891891892,anti-toxic
GHCGGVGG,29,15,36,22,44,58,-0.1891891891891892,anti-toxic
RGSNCVCV,6,1,10,4,7,14,-0.1891891891891892,anti-toxic
FYFFSDNV,30,14,31,27,44,58,-0.1891891891891892,anti-toxic
GNSCYHND,36,24,39,38,60,77,-0.18888888888888888,anti-toxic
FGNFVYRC,36,24,34,43,60,77,-0.18888888888888888,anti-toxic
GHRHNSIF,38,22,41,36,60,77,-0.18888888888888888,anti-toxic
LCVDGGHN,83,67,95,89,150,184,-0.18888888888888888,anti-toxic
ILRGNGCR,14,9,21,12,23,33,-0.18867924528301888,anti-toxic
RFGVCSDC,49,43,59,56,92,115,-0.1885245901639344,anti-toxic
GYGIGRGL,54,38,61,54,92,115,-0.1885245901639344,anti-toxic
DNSVRHFC,25,14,33,19,39,52,-0.18840579710144928,anti-toxic
YFRVISNS,23,16,31,21,39,52,-0.18840579710144928,anti-toxic
CVLHHCDS,22,17,26,26,39,52,-0.18840579710144928,anti-toxic
LRSLVSRR,24,15,22,30,39,52,-0.18840579710144928,anti-toxic
CYGDGNGV,20,19,25,27,39,52,-0.18840579710144928,anti-toxic
HNFSNNNG,32,23,34,37,55,71,-0.18823529411764706,anti-toxic
VSVCRYSI,39,32,45,45,71,90,-0.18811881188118812,anti-toxic
FLFRYGLL,1,1,5,3,2,8,-0.1875,anti-toxic
RHCDGLVR,1,1,3,5,2,8,-0.1875,anti-toxic
FFSDGGRV,2,0,6,2,2,8,-0.1875,anti-toxic
GCCRGVIV,2,0,6,2,2,8,-0.1875,anti-toxic
DHHLDSVG,21,13,19,27,34,46,-0.1875,anti-toxic
DFDSGDID,26,8,18,28,34,46,-0.1875,anti-toxic
HVNRGGIC,33,17,29,36,50,65,-0.1875,anti-toxic
VYCGVRRI,2,0,3,5,2,8,-0.1875,anti-toxic
SYFNILVR,0,2,4,4,2,8,-0.1875,anti-toxic
CFSVVGSN,41,25,41,43,66,84,-0.1875,anti-toxic
GYSVCHGS,35,31,36,48,66,84,-0.1875,anti-toxic
ISNCNFVL,2,0,5,3,2,8,-0.1875,anti-toxic
YCCIGRDS,21,13,23,23,34,46,-0.1875,anti-toxic
VISVRNNL,33,17,29,36,50,65,-0.1875,anti-toxic
ICDFDLCC,1,1,4,4,2,8,-0.1875,anti-toxic
CIDCNGIS,31,19,31,34,50,65,-0.1875,anti-toxic
NVGCGSNV,47,30,46,51,77,97,-0.18691588785046728,anti-toxic
GGCVRDCC,34,27,44,34,61,78,-0.18681318681318682,anti-toxic
CCVSDGSR,36,25,35,43,61,78,-0.18681318681318682,anti-toxic
DDFGGSGI,38,23,45,33,61,78,-0.18681318681318682,anti-toxic
CRYHSGSL,68,52,68,80,120,148,-0.18666666666666668,anti-toxic
SSGHLYIR,53,51,67,62,104,129,-0.1865671641791045,anti-toxic
HCRVGGHY,15,14,18,22,29,40,-0.1864406779661017,anti-toxic
FCDIRCRD,22,7,17,23,29,40,-0.1864406779661017,anti-toxic
FCNVNRDC,52,36,58,52,88,110,-0.1864406779661017,anti-toxic
VSCDGRGF,8,5,6,15,13,21,-0.18604651162790697,anti-toxic
FFFFHINC,9,4,5,16,13,21,-0.18604651162790697,anti-toxic
NDGDDCVC,7,6,8,13,13,21,-0.18604651162790697,anti-toxic
HCGIGRVC,12,1,10,11,13,21,-0.18604651162790697,anti-toxic
DGCNGIHC,30,26,37,35,56,72,-0.18604651162790697,anti-toxic
SLGLNVNN,42,41,58,46,83,104,-0.18584070796460178,anti-toxic
GDCDVRRF,29,11,25,28,40,53,-0.18571428571428572,anti-toxic
DCGYGNCS,26,14,33,20,40,53,-0.18571428571428572,anti-toxic
DVNHSYCH,64,46,60,76,110,136,-0.18571428571428572,anti-toxic
LSDDRLCG,41,26,48,37,67,85,-0.18556701030927836,anti-toxic
RYNSDCHD,35,16,29,37,51,66,-0.18518518518518517,anti-toxic
DCDGCGDL,15,9,23,11,24,34,-0.18518518518518517,anti-toxic
IGGSCHGG,32,19,28,38,51,66,-0.18518518518518517,anti-toxic
GIFRFRCC,4,4,3,12,8,15,-0.18421052631578946,anti-toxic
LDGRFLVN,34,23,33,40,57,73,-0.1839080459770115,anti-toxic
LIDVRVDV,14,5,15,13,19,28,-0.1836734693877551,anti-toxic
FNCHSVSV,11,8,15,13,19,28,-0.1836734693877551,anti-toxic
RNCCIIHV,43,25,36,50,68,86,-0.1836734693877551,anti-toxic
CVGGDVDR,12,7,17,11,19,28,-0.1836734693877551,anti-toxic
VFSDNCGG,46,33,44,55,79,99,-0.1834862385321101,anti-toxic
IISFVHGL,51,39,47,65,90,112,-0.18333333333333332,anti-toxic
GCVRNIFL,16,14,18,23,30,41,-0.18333333333333332,anti-toxic
CSVINSSN,50,40,53,59,90,112,-0.18333333333333332,anti-toxic
CVRVGLSF,60,41,65,60,101,125,-0.183206106870229,anti-toxic
FFCRNSRC,60,41,70,55,101,125,-0.183206106870229,anti-toxic
CLDDIDSD,29,12,24,30,41,54,-0.18309859154929578,anti-toxic
NCVDNGCR,46,39,50,56,85,106,-0.1826086956521739,anti-toxic
GSFCILRD,1,2,6,3,3,9,-0.18181818181818182,anti-toxic
ICIRYVVV,3,0,5,4,3,9,-0.18181818181818182,anti-toxic
YVDGGGNR,17,8,14,21,25,35,-0.18181818181818182,anti-toxic
CFGRDDDC,19,6,19,16,25,35,-0.18181818181818182,anti-toxic
HGGVVGRG,2,1,2,7,3,9,-0.18181818181818182,anti-toxic
CHNYGSHD,59,43,60,66,102,126,-0.18181818181818182,anti-toxic
CHDFVSRI,39,30,53,34,69,87,-0.18181818181818182,anti-toxic
GVDLVSDN,6,8,12,10,14,22,-0.18181818181818182,anti-toxic
CDVNVLHN,28,19,29,32,47,61,-0.18181818181818182,anti-toxic
VLLRRRCR,1,2,4,5,3,9,-0.18181818181818182,anti-toxic
YCRIHYRV,32,15,34,27,47,61,-0.18181818181818182,anti-toxic
LSHSIIVN,44,25,50,37,69,87,-0.18181818181818182,anti-toxic
LGSGGCIR,25,11,28,20,36,48,-0.18181818181818182,anti-toxic
DSGFSRCR,35,23,32,42,58,74,-0.18181818181818182,anti-toxic
FDGHCRSC,26,21,31,30,47,61,-0.18181818181818182,anti-toxic
HIGSCIIL,58,44,59,67,102,126,-0.18181818181818182,anti-toxic
FVVFNGRG,47,50,59,61,97,120,-0.18110236220472442,anti-toxic
FVHHDNDS,45,30,39,55,75,94,-0.18095238095238095,anti-toxic
CLDGCFIF,35,29,34,47,64,81,-0.18085106382978725,anti-toxic
VNVLDRDL,34,19,32,36,53,68,-0.18072289156626506,anti-toxic
CCHVNCDG,33,20,31,37,53,68,-0.18072289156626506,anti-toxic
CHNFSVGR,27,26,27,41,53,68,-0.18072289156626506,anti-toxic
SDILRVRC,30,23,35,33,53,68,-0.18072289156626506,anti-toxic
NCNGRVDL,30,12,30,25,42,55,-0.18055555555555555,anti-toxic
RGHSCFYC,23,19,33,22,42,55,-0.18055555555555555,anti-toxic
LISGLCYF,28,14,23,32,42,55,-0.18055555555555555,anti-toxic
CDNIRLCD,18,13,23,19,31,42,-0.18032786885245902,anti-toxic
GRSLCIHR,22,9,21,21,31,42,-0.18032786885245902,anti-toxic
CGRHRVCN,15,16,18,24,31,42,-0.18032786885245902,anti-toxic
CGVGGDVH,15,5,13,16,20,29,-0.18,anti-toxic
LCFSCRVV,12,8,9,20,20,29,-0.18,anti-toxic
CGSRDDLR,35,35,46,42,70,88,-0.18,anti-toxic
FSDCGIVH,37,33,43,45,70,88,-0.18,anti-toxic
HCDGISCD,43,27,40,48,70,88,-0.18,anti-toxic
GVGIGGGF,35,24,43,32,59,75,-0.1797752808988764,anti-toxic
VRNFRGCR,6,3,6,10,9,16,-0.1794871794871795,anti-toxic
RDSCGNNH,27,21,28,34,48,62,-0.1794871794871795,anti-toxic
SFDRHNYC,7,2,9,7,9,16,-0.1794871794871795,anti-toxic
VYRGGCGL,7,2,10,6,9,16,-0.1794871794871795,anti-toxic
GLSSGGGH,29,19,33,29,48,62,-0.1794871794871795,anti-toxic
HLFSDGRI,29,19,34,28,48,62,-0.1794871794871795,anti-toxic
IHFGRLGV,7,2,7,9,9,16,-0.1794871794871795,anti-toxic
RFRDFHIV,5,4,8,8,9,16,-0.1794871794871795,anti-toxic
HFGDIVGH,41,35,48,47,76,95,-0.1792452830188679,anti-toxic
IRDNDDGD,22,15,26,23,37,49,-0.1791044776119403,anti-toxic
SNLNHRVL,16,10,15,21,26,36,-0.17857142857142858,anti-toxic
HISCNHVN,34,20,32,37,54,69,-0.17857142857142858,anti-toxic
LFCVVSGV,20,6,20,16,26,36,-0.17857142857142858,anti-toxic
HGVINVCL,48,34,48,54,82,102,-0.17857142857142858,anti-toxic
VVYRSRCF,15,11,19,17,26,36,-0.17857142857142858,anti-toxic
LVCIGHGS,32,22,35,34,54,69,-0.17857142857142858,anti-toxic
FSSCCVRD,59,40,52,70,99,122,-0.17829457364341086,anti-toxic
HSSCDVLS,41,30,39,50,71,89,-0.1782178217821782,anti-toxic
CSFHINSR,65,51,67,75,116,142,-0.1780821917808219,anti-toxic
RNVYVSNN,137,120,145,163,257,308,-0.17770034843205576,anti-toxic
RNGLCCII,53,41,60,56,94,116,-0.1774193548387097,anti-toxic
VRLGDGCN,22,10,24,19,32,43,-0.1774193548387097,anti-toxic
DGRLCIFH,25,7,19,24,32,43,-0.1774193548387097,anti-toxic
GGSVFCHH,20,12,16,27,32,43,-0.1774193548387097,anti-toxic
HIDRINND,65,46,61,75,111,136,-0.1773049645390071,anti-toxic
YYFDGYCV,27,22,32,31,49,63,-0.17721518987341772,anti-toxic
VDRCRYLH,27,22,33,30,49,63,-0.17721518987341772,anti-toxic
HYLSRCDS,29,20,29,34,49,63,-0.17721518987341772,anti-toxic
NFISHFFN,41,25,46,37,66,83,-0.17708333333333334,anti-toxic
GIVNCIVV,41,25,33,50,66,83,-0.17708333333333334,anti-toxic
LVCDVRCL,57,43,53,70,100,123,-0.17692307692307693,anti-toxic
GNVGVNLY,66,51,73,70,117,143,-0.17687074829931973,anti-toxic
GNCGIRCG,35,20,34,36,55,70,-0.17647058823529413,anti-toxic
SSCFRHDG,31,24,34,36,55,70,-0.17647058823529413,anti-toxic
HSLSDSRH,2,2,5,5,4,10,-0.17647058823529413,anti-toxic
CYRSVCSV,36,19,29,41,55,70,-0.17647058823529413,anti-toxic
IFGFHCFR,10,11,12,18,21,30,-0.17647058823529413,anti-toxic
CFSHFSRS,12,9,12,18,21,30,-0.17647058823529413,anti-toxic
CGFDRDVH,32,23,36,34,55,70,-0.17647058823529413,anti-toxic
FSRFNGDS,18,20,19,31,38,50,-0.17647058823529413,anti-toxic
SYGVRYVC,71,52,71,79,123,150,-0.17647058823529413,anti-toxic
CSDSLGCL,15,6,10,20,21,30,-0.17647058823529413,anti-toxic
RIDNRIVF,57,38,56,61,95,117,-0.176,anti-toxic
INCCCINC,48,30,51,46,78,97,-0.17592592592592593,anti-toxic
GHFRCGSH,30,31,38,39,61,77,-0.17582417582417584,anti-toxic
FNGSVVIC,37,24,31,46,61,77,-0.17582417582417584,anti-toxic
GCIFVRGN,27,17,27,30,44,57,-0.17567567567567569,anti-toxic
VNRSCCGR,27,17,31,26,44,57,-0.17567567567567569,anti-toxic
CIHSHFVF,28,16,26,31,44,57,-0.17567567567567569,anti-toxic
GLVYGRRI,48,36,55,49,84,104,-0.17543859649122806,anti-toxic
SLHRRSIH,14,13,17,20,27,37,-0.17543859649122806,anti-toxic
GYGSVFHS,40,27,38,46,67,84,-0.17525773195876287,anti-toxic
HYNRICSL,31,19,34,30,50,64,-0.175,anti-toxic
SCGDFCHG,74,56,75,83,130,158,-0.175,anti-toxic
RYVGHHSC,8,2,7,10,10,17,-0.175,anti-toxic
GCVSLNGN,42,31,45,46,73,91,-0.17475728155339806,anti-toxic
RNSIDCVR,74,62,89,76,136,165,-0.1746987951807229,anti-toxic
GCNIHLFF,16,17,17,27,33,44,-0.1746031746031746,anti-toxic
GCIGCDVS,14,19,18,26,33,44,-0.1746031746031746,anti-toxic
VVYCVSIG,25,8,21,23,33,44,-0.1746031746031746,anti-toxic
DCFGDVRD,37,19,34,37,56,71,-0.1744186046511628,anti-toxic
RSRLLNFR,14,2,9,15,16,24,-0.17391304347826086,anti-toxic
CSVIGSIL,13,3,16,8,16,24,-0.17391304347826086,anti-toxic
RDNCSDSG,38,24,37,41,62,78,-0.17391304347826086,anti-toxic
CRVFFRGI,8,8,12,12,16,24,-0.17391304347826086,anti-toxic
DGVGVRVG,35,27,41,37,62,78,-0.17391304347826086,anti-toxic
GSGGNDNF,33,29,30,48,62,78,-0.17391304347826086,anti-toxic
GVCCGGDC,9,7,10,14,16,24,-0.17391304347826086,anti-toxic
IRCVGSCV,11,5,5,19,16,24,-0.17391304347826086,anti-toxic
DYNVRGIV,24,15,21,30,39,51,-0.17391304347826086,anti-toxic
SVLSCFRC,37,31,35,50,68,85,-0.17346938775510204,anti-toxic
VNRCLNHV,41,27,42,43,68,85,-0.17346938775510204,anti-toxic
VRGHFFSC,32,13,29,29,45,58,-0.17333333333333334,anti-toxic
VRCVGHDH,17,5,10,21,22,31,-0.17307692307692307,anti-toxic
GVFVHDGG,40,34,48,44,74,92,-0.17307692307692307,anti-toxic
LIDGGRCH,13,9,12,19,22,31,-0.17307692307692307,anti-toxic
CFDNRRCC,27,24,33,32,51,65,-0.1728395061728395,anti-toxic
HVGCDNGG,35,16,37,28,51,65,-0.1728395061728395,anti-toxic
CLDRHDNN,37,20,30,42,57,72,-0.1724137931034483,anti-toxic
YDHDNCHH,64,51,68,72,115,140,-0.1724137931034483,anti-toxic
RYFHGSNV,19,9,16,22,28,38,-0.1724137931034483,anti-toxic
IFDCRSDS,38,19,36,36,57,72,-0.1724137931034483,anti-toxic
RLSGDRHC,18,10,20,18,28,38,-0.1724137931034483,anti-toxic
VRCFVHRL,54,38,47,66,92,113,-0.1721311475409836,anti-toxic
CFSSGGGD,38,25,34,45,63,79,-0.17204301075268819,anti-toxic
CDCGDCDG,34,29,36,43,63,79,-0.17204301075268819,anti-toxic
GIHSGVDS,24,10,26,19,34,45,-0.171875,anti-toxic
GLGLINDL,24,10,21,24,34,45,-0.171875,anti-toxic
RVCYGSNH,56,42,61,59,98,120,-0.171875,anti-toxic
RHCHDISF,41,28,44,42,69,86,-0.1717171717171717,anti-toxic
FVCGSSIL,41,28,37,49,69,86,-0.1717171717171717,anti-toxic
FDVCGVRN,58,46,59,68,104,127,-0.17164179104477612,anti-toxic
RCHNLLLH,22,18,22,30,40,52,-0.17142857142857143,anti-toxic
DCCSLLRV,21,19,23,29,40,52,-0.17142857142857143,anti-toxic
RYRCSVRC,3,2,5,6,5,11,-0.17142857142857143,anti-toxic
SGGVDRGH,2,3,3,8,5,11,-0.17142857142857143,anti-toxic
VRHNCRCG,0,5,4,7,5,11,-0.17142857142857143,anti-toxic
IRDCRGIC,79,66,92,83,145,175,-0.17142857142857143,anti-toxic
FVGHCLLY,3,2,7,4,5,11,-0.17142857142857143,anti-toxic
CFRDSLGG,44,31,49,44,75,93,-0.17142857142857143,anti-toxic
DHFHGCGG,50,31,51,49,81,100,-0.17117117117117117,anti-toxic
GLRGCNNV,19,27,31,28,46,59,-0.17105263157894737,anti-toxic
GNYNGVRC,28,18,36,23,46,59,-0.17105263157894737,anti-toxic
NRGVGIGN,25,21,27,32,46,59,-0.17105263157894737,anti-toxic
VCNSFGCD,30,16,22,37,46,59,-0.17105263157894737,anti-toxic
SGVSYYRI,28,18,28,31,46,59,-0.17105263157894737,anti-toxic
NGGCSFHD,73,55,81,74,128,155,-0.17088607594936708,anti-toxic
VGRRFYNS,7,4,10,8,11,18,-0.17073170731707318,anti-toxic
YRCRHIGD,7,4,10,8,11,18,-0.17073170731707318,anti-toxic
IRYGGVRD,10,1,9,9,11,18,-0.17073170731707318,anti-toxic
FRGLRVDG,5,6,10,8,11,18,-0.17073170731707318,anti-toxic
LCVNNDCH,6,5,8,10,11,18,-0.17073170731707318,anti-toxic
HIGCDVGG,54,39,51,63,93,114,-0.17073170731707318,anti-toxic
RCDVDGSF,4,7,7,11,11,18,-0.17073170731707318,anti-toxic
CCGGCRLR,9,2,9,9,11,18,-0.17073170731707318,anti-toxic
DNCVVGCH,38,20,37,36,58,73,-0.17045454545454544,anti-toxic
RCRRNIDG,35,23,30,43,58,73,-0.17045454545454544,anti-toxic
HGDDCYSR,11,6,11,14,17,25,-0.1702127659574468,anti-toxic
GDGDGHIG,12,5,12,13,17,25,-0.1702127659574468,anti-toxic
RYIDVGRC,38,32,43,44,70,87,-0.17,anti-toxic
CVDNCLGN,41,29,39,48,70,87,-0.17,anti-toxic
SFCFGIVH,17,6,9,23,23,32,-0.16981132075471697,anti-toxic
VCSVSRFG,14,15,19,20,29,39,-0.1694915254237288,anti-toxic
CVDGDIDH,18,11,19,20,29,39,-0.1694915254237288,anti-toxic
HSYNCRGN,17,12,22,17,29,39,-0.1694915254237288,anti-toxic
CCNGFCFD,17,12,19,20,29,39,-0.1694915254237288,anti-toxic
DRCILGSC,16,13,17,22,29,39,-0.1694915254237288,anti-toxic
VIDSDDHH,20,9,14,25,29,39,-0.1694915254237288,anti-toxic
CNDSLDCD,18,11,22,17,29,39,-0.1694915254237288,anti-toxic
LHNHNDCV,16,13,16,23,29,39,-0.1694915254237288,anti-toxic
SDDNCYDN,80,73,89,95,153,184,-0.16939890710382513,anti-toxic
GFIGRHRI,52,42,63,52,94,115,-0.1693548387096774,anti-toxic
HDYRNCVS,27,8,18,28,35,46,-0.16923076923076924,anti-toxic
YSDSCGSN,23,12,22,24,35,46,-0.16923076923076924,anti-toxic
GGHYGLLH,20,15,23,23,35,46,-0.16923076923076924,anti-toxic
CLVGNLGG,95,76,102,103,171,205,-0.1691542288557214,anti-toxic
IHLGNIHV,24,23,31,29,47,60,-0.16883116883116883,anti-toxic
GLGDNVVC,29,18,21,39,47,60,-0.16883116883116883,anti-toxic
LGVVVCGN,26,21,28,32,47,60,-0.16883116883116883,anti-toxic
NVIVVRDH,31,16,27,33,47,60,-0.16883116883116883,anti-toxic
VGFRNHCL,116,97,122,132,213,254,-0.16872427983539096,anti-toxic
SHRCFLSC,32,21,31,36,53,67,-0.1686746987951807,anti-toxic
LHGSGGLC,30,23,30,37,53,67,-0.1686746987951807,anti-toxic
LRNYGFRV,35,24,32,42,59,74,-0.16853932584269662,anti-toxic
YNGVCYCH,38,21,39,35,59,74,-0.16853932584269662,anti-toxic
GCDSRCYR,42,23,40,41,65,81,-0.16842105263157894,anti-toxic
DRCLDNHN,38,27,33,48,65,81,-0.16842105263157894,anti-toxic
DCDFNIVS,42,23,37,44,65,81,-0.16842105263157894,anti-toxic
VDHSVNFH,46,31,38,57,77,95,-0.16822429906542055,anti-toxic
VFVGRLSV,46,37,43,59,83,102,-0.168141592920354,anti-toxic
GCLVVNCS,50,39,48,61,89,109,-0.16806722689075632,anti-toxic
CHIGIRLN,54,35,48,61,89,109,-0.16806722689075632,anti-toxic
DGIGSRLL,14,10,19,14,24,33,-0.16666666666666666,anti-toxic
CFGGDVRC,13,5,15,11,18,26,-0.16666666666666666,anti-toxic
NCGDHVRG,8,10,10,16,18,26,-0.16666666666666666,anti-toxic
GIVGCLSD,30,12,28,26,42,54,-0.16666666666666666,anti-toxic
LNVFRSII,3,3,7,5,6,12,-0.16666666666666666,anti-toxic
NLDFYFVS,13,17,29,11,30,40,-0.16666666666666666,anti-toxic
HGDLRNHL,11,7,9,17,18,26,-0.16666666666666666,anti-toxic
DSVVLRVR,4,2,4,8,6,12,-0.16666666666666666,anti-toxic
LHGVIIGC,28,14,31,23,42,54,-0.16666666666666666,anti-toxic
LIDGFLYC,38,22,40,35,60,75,-0.16666666666666666,anti-toxic
YSICNRDS,20,22,23,31,42,54,-0.16666666666666666,anti-toxic
IRHDVGGH,27,15,31,23,42,54,-0.16666666666666666,anti-toxic
GHNSCGGF,11,13,17,16,24,33,-0.16666666666666666,anti-toxic
VVICGRRH,4,2,4,8,6,12,-0.16666666666666666,anti-toxic
IVGCGHGD,43,41,50,53,84,103,-0.16666666666666666,anti-toxic
FNVNHCRV,18,12,22,18,30,40,-0.16666666666666666,anti-toxic
GNVICYDS,20,16,21,26,36,47,-0.16666666666666666,anti-toxic
VIRRGGVL,24,18,23,31,42,54,-0.16666666666666666,anti-toxic
LHRFSLVH,6,6,10,9,12,19,-0.16666666666666666,anti-toxic
CGGSFSNL,36,24,37,38,60,75,-0.16666666666666666,anti-toxic
RRYVSGRV,8,4,11,8,12,19,-0.16666666666666666,anti-toxic
GDGRNDVG,23,13,22,25,36,47,-0.16666666666666666,anti-toxic
SCSYGVGS,83,67,89,91,150,180,-0.16666666666666666,anti-toxic
SGDGCYGV,74,64,83,83,138,166,-0.16666666666666666,anti-toxic
FFGCYDFS,18,18,26,21,36,47,-0.16666666666666666,anti-toxic
YHCGHHND,32,22,34,34,54,68,-0.16666666666666666,anti-toxic
YDRSRCFS,25,17,34,20,42,54,-0.16666666666666666,anti-toxic
CSYRLFRS,14,4,11,15,18,26,-0.16666666666666666,anti-toxic
GRRIIGRL,6,0,8,4,6,12,-0.16666666666666666,anti-toxic
RFDGVYIC,25,11,24,23,36,47,-0.16666666666666666,anti-toxic
IDGVDRGS,44,28,48,41,72,89,-0.16666666666666666,anti-toxic
YRFSVYSS,18,18,15,32,36,47,-0.16666666666666666,anti-toxic
RRFFCSVV,70,51,73,73,121,146,-0.16556291390728478,anti-toxic
IINSFDGD,55,42,58,60,97,118,-0.16535433070866143,anti-toxic
VGFCVGRL,51,34,54,50,85,104,-0.16521739130434782,anti-toxic
NHLHRFGC,43,36,47,50,79,97,-0.1651376146788991,anti-toxic
GGGIGCIN,46,27,48,42,73,90,-0.1650485436893204,anti-toxic
CRNGYLDS,35,26,36,40,61,76,-0.16483516483516483,anti-toxic
VSVHVHDV,35,20,30,39,55,69,-0.16470588235294117,anti-toxic
SINDCSCR,33,22,34,35,55,69,-0.16470588235294117,anti-toxic
GVFRVRHH,35,20,32,37,55,69,-0.16470588235294117,anti-toxic
YHHISGNV,72,56,78,76,128,154,-0.16455696202531644,anti-toxic
RDFGVLDC,28,15,22,33,43,55,-0.1643835616438356,anti-toxic
SNGYIIRV,18,19,30,18,37,48,-0.16417910447761194,anti-toxic
HLHGFNNC,23,14,21,27,37,48,-0.16417910447761194,anti-toxic
CDINGCSH,17,20,25,23,37,48,-0.16417910447761194,anti-toxic
CHDHDGRF,22,15,25,23,37,48,-0.16417910447761194,anti-toxic
GNGDNGCL,23,14,21,27,37,48,-0.16417910447761194,anti-toxic
IGCGNDCI,58,46,70,56,104,126,-0.16417910447761194,anti-toxic
CHRDLRLI,58,40,54,65,98,119,-0.1640625,anti-toxic
SRCGHYRL,13,12,14,20,25,34,-0.16363636363636364,anti-toxic
VNISCGHH,21,4,17,17,25,34,-0.16363636363636364,anti-toxic
VRFGGGCC,15,10,20,14,25,34,-0.16363636363636364,anti-toxic
IDDGGVFN,15,10,17,17,25,34,-0.16363636363636364,anti-toxic
IDGSSHVR,42,32,39,52,74,91,-0.16346153846153846,anti-toxic
CRNYGSSC,44,30,45,46,74,91,-0.16346153846153846,anti-toxic
RICSLGSS,46,28,36,55,74,91,-0.16346153846153846,anti-toxic
YCGGLISS,15,4,10,17,19,27,-0.16326530612244897,anti-toxic
RCGSVCNC,68,49,68,73,117,141,-0.16326530612244897,anti-toxic
SSCRYSFL,12,7,15,12,19,27,-0.16326530612244897,anti-toxic
RIVSGIGC,34,28,34,43,62,77,-0.16304347826086957,anti-toxic
RDVDGRNH,10,3,11,9,13,20,-0.16279069767441862,anti-toxic
NRHCDIGC,9,4,8,12,13,20,-0.16279069767441862,anti-toxic
YRFLRCVH,9,4,10,10,13,20,-0.16279069767441862,anti-toxic
VDCISISG,9,4,13,7,13,20,-0.16279069767441862,anti-toxic
FCHYLRRH,34,22,34,36,56,70,-0.16279069767441862,anti-toxic
LCNDSRGN,26,24,33,30,50,63,-0.1625,anti-toxic
DFCRSNNI,31,19,33,30,50,63,-0.1625,anti-toxic
LNIFSIVG,67,51,68,74,118,142,-0.16216216216216217,anti-toxic
SHGNGSLF,25,19,31,25,44,56,-0.16216216216216217,anti-toxic
LRNGGCGC,4,3,4,9,7,13,-0.16216216216216217,anti-toxic
NCYSDSRC,29,15,29,27,44,56,-0.16216216216216217,anti-toxic
RYDVGNVS,5,2,7,6,7,13,-0.16216216216216217,anti-toxic
NSRYRYCH,6,1,4,9,7,13,-0.16216216216216217,anti-toxic
YVVRRFGV,25,19,20,36,44,56,-0.16216216216216217,anti-toxic
CGDHVGSY,6,1,8,5,7,13,-0.16216216216216217,anti-toxic
RLVYGSRV,28,16,25,31,44,56,-0.16216216216216217,anti-toxic
RNCCGVRC,5,2,4,9,7,13,-0.16216216216216217,anti-toxic
GLDCLRGC,50,31,40,59,81,99,-0.16216216216216217,anti-toxic
GLCCDDDD,47,28,43,49,75,92,-0.1619047619047619,anti-toxic
CIDRIFLC,25,13,24,25,38,49,-0.16176470588235295,anti-toxic
IFHRNGSV,27,11,24,25,38,49,-0.16176470588235295,anti-toxic
LDHLIYVG,42,27,38,47,69,85,-0.16161616161616163,anti-toxic
GDDGGDLR,1,0,3,3,1,6,-0.16129032258064516,anti-toxic
ILGGFICH,1,0,2,4,1,6,-0.16129032258064516,anti-toxic
GRRGDLRR,53,41,52,62,94,114,-0.16129032258064516,anti-toxic
VDCVCGRC,1,0,2,4,1,6,-0.16129032258064516,anti-toxic
FIFNGNID,1,0,1,5,1,6,-0.16129032258064516,anti-toxic
FVYVCCRD,0,1,3,3,1,6,-0.16129032258064516,anti-toxic
FDSHRIHD,22,10,14,28,32,42,-0.16129032258064516,anti-toxic
GFVGDSCL,0,1,2,4,1,6,-0.16129032258064516,anti-toxic
CCSCFIFL,0,1,3,3,1,6,-0.16129032258064516,anti-toxic
RVLIHCSH,38,25,36,42,63,78,-0.16129032258064516,anti-toxic
FNCNVCRG,1,0,4,2,1,6,-0.16129032258064516,anti-toxic
YDGRGYVV,0,1,1,5,1,6,-0.16129032258064516,anti-toxic
DYCGLVLF,1,0,4,2,1,6,-0.16129032258064516,anti-toxic
IDCVFGRC,1,0,2,4,1,6,-0.16129032258064516,anti-toxic
VDGLRVFC,23,9,17,25,32,42,-0.16129032258064516,anti-toxic
CDCICSGV,1,0,2,4,1,6,-0.16129032258064516,anti-toxic
CLGNICSG,19,13,18,24,32,42,-0.16129032258064516,anti-toxic
CCRSHHVS,1,0,4,2,1,6,-0.16129032258064516,anti-toxic
CSLVYFVH,0,1,4,2,1,6,-0.16129032258064516,anti-toxic
NVRCVLDH,1,0,3,3,1,6,-0.16129032258064516,anti-toxic
IVRVSNSL,34,23,38,33,57,71,-0.16091954022988506,anti-toxic
CCIGVDGH,81,63,87,85,144,172,-0.16091954022988506,anti-toxic
CGFVGVSL,30,27,39,32,57,71,-0.16091954022988506,anti-toxic
IDRVLINR,36,21,38,33,57,71,-0.16091954022988506,anti-toxic
SFDGIYVS,48,34,42,58,82,100,-0.16071428571428573,anti-toxic
FCDRDGVC,18,8,15,20,26,35,-0.16071428571428573,anti-toxic
IHRDSGDY,16,10,12,23,26,35,-0.16071428571428573,anti-toxic
VRRFRLVV,50,32,50,50,82,100,-0.16071428571428573,anti-toxic
VDGSGFVG,44,38,44,56,82,100,-0.16071428571428573,anti-toxic
VNVCSLGG,50,32,45,55,82,100,-0.16071428571428573,anti-toxic
SCCVNGDI,50,32,53,47,82,100,-0.16071428571428573,anti-toxic
NSGSRVCC,16,10,18,17,26,35,-0.16071428571428573,anti-toxic
CDSIRLCS,31,20,31,33,51,64,-0.16049382716049382,anti-toxic
SLSDGLLC,68,58,74,77,126,151,-0.16025641025641027,anti-toxic
DVRNNYYS,30,15,30,27,45,57,-0.16,anti-toxic
IFCVYYGS,82,63,90,83,145,173,-0.16,anti-toxic
VCISVGSC,14,6,16,12,20,28,-0.16,anti-toxic
DDSSCCGV,53,36,50,58,89,108,-0.15966386554621848,anti-toxic
SDRVCLCI,48,35,46,55,83,101,-0.1592920353982301,anti-toxic
CIGNYLCN,13,1,6,15,14,21,-0.1590909090909091,anti-toxic
RHCVGLGC,35,23,37,35,58,72,-0.1590909090909091,anti-toxic
DNCVVHGR,35,23,31,41,58,72,-0.1590909090909091,anti-toxic
FGCNILCS,37,21,39,33,58,72,-0.1590909090909091,anti-toxic
GCYDNCGH,36,22,35,37,58,72,-0.1590909090909091,anti-toxic
GGGGCYVC,38,20,35,37,58,72,-0.1590909090909091,anti-toxic
GCVDRLDV,23,10,19,24,33,43,-0.15873015873015872,anti-toxic
GLDGGSYS,19,14,19,24,33,43,-0.15873015873015872,anti-toxic
SCCVVVGG,26,7,20,23,33,43,-0.15873015873015872,anti-toxic
CYGLGVRN,30,22,29,36,52,65,-0.15853658536585366,anti-toxic
SCNRCDRS,34,18,30,35,52,65,-0.15853658536585366,anti-toxic
CHVVRYSV,31,21,28,37,52,65,-0.15853658536585366,anti-toxic
IGNVGFRC,44,27,45,42,71,87,-0.15841584158415842,anti-toxic
ICSIRGIL,16,11,18,18,27,36,-0.15789473684210525,anti-toxic
VHYGVVSV,30,16,28,30,46,58,-0.15789473684210525,anti-toxic
IDLSNRNN,17,10,17,19,27,36,-0.15789473684210525,anti-toxic
FCRIGRLC,19,8,11,25,27,36,-0.15789473684210525,anti-toxic
NIVVCSGL,21,6,17,19,27,36,-0.15789473684210525,anti-toxic
GYDCRRDD,50,34,44,58,84,102,-0.15789473684210525,anti-toxic
FGYVRIGC,15,12,17,19,27,36,-0.15789473684210525,anti-toxic
CIYFIGHV,4,4,6,8,8,14,-0.15789473684210525,anti-toxic
VGDVDFSV,60,43,61,63,103,124,-0.15789473684210525,anti-toxic
DGLDGRFC,4,4,5,9,8,14,-0.15789473684210525,anti-toxic
CLGHRFRV,6,2,8,6,8,14,-0.15789473684210525,anti-toxic
LYCYRINS,6,2,8,6,8,14,-0.15789473684210525,anti-toxic
NNIGVFGC,30,16,27,31,46,58,-0.15789473684210525,anti-toxic
FLNCFLNC,38,21,35,38,59,73,-0.15730337078651685,anti-toxic
NLCRIRGL,33,26,39,34,59,73,-0.15730337078651685,anti-toxic
NSGILCVI,34,25,33,40,59,73,-0.15730337078651685,anti-toxic
LCVLDCFH,22,18,20,31,40,51,-0.15714285714285714,anti-toxic
GHDLRYGD,55,36,59,51,91,110,-0.15702479338842976,anti-toxic
GHGFCGHN,41,31,36,52,72,88,-0.1568627450980392,anti-toxic
FDVLIIVC,15,6,19,10,21,29,-0.1568627450980392,anti-toxic
GLCGNSSG,14,7,13,16,21,29,-0.1568627450980392,anti-toxic
GNGVYVRC,34,38,36,52,72,88,-0.1568627450980392,anti-toxic
VNSDNDGV,17,4,10,19,21,29,-0.1568627450980392,anti-toxic
FLDRYLIV,13,8,19,10,21,29,-0.1568627450980392,anti-toxic
HNVYGGRH,12,9,12,17,21,29,-0.1568627450980392,anti-toxic
SSCCDCSS,31,22,28,38,53,66,-0.1566265060240964,anti-toxic
VRGGSNDG,32,21,29,37,53,66,-0.1566265060240964,anti-toxic
FDICDSSG,34,19,29,37,53,66,-0.1566265060240964,anti-toxic
VDGCHFVR,50,35,55,48,85,103,-0.1565217391304348,anti-toxic
FIRNGNLG,21,13,25,19,34,44,-0.15625,anti-toxic
CDCYCGRI,1,1,3,4,2,7,-0.15625,anti-toxic
FLDCCLRG,2,0,5,2,2,7,-0.15625,anti-toxic
VDGLHYLS,2,0,4,3,2,7,-0.15625,anti-toxic
SRRIIVGC,1,1,4,3,2,7,-0.15625,anti-toxic
YGRHVDSH,25,9,21,23,34,44,-0.15625,anti-toxic
FLGDGGRV,1,1,3,4,2,7,-0.15625,anti-toxic
RYCYCGRI,2,0,5,2,2,7,-0.15625,anti-toxic
VVNRSGGI,56,42,61,57,98,118,-0.15625,anti-toxic
YRVGVCGG,19,15,19,25,34,44,-0.15625,anti-toxic
GVNSFVRG,0,2,5,2,2,7,-0.15625,anti-toxic
VFHGSVNC,22,12,21,23,34,44,-0.15625,anti-toxic
RGCVNCGR,1,1,3,4,2,7,-0.15625,anti-toxic
VCYFILCF,2,0,6,1,2,7,-0.15625,anti-toxic
GVNGGGCD,65,46,68,65,111,133,-0.15602836879432624,anti-toxic
GVNGSCCC,31,16,29,30,47,59,-0.15584415584415584,anti-toxic
CLLLRVIF,50,42,51,60,92,111,-0.1557377049180328,anti-toxic
RRDHVDFF,10,5,10,12,15,22,-0.15555555555555556,anti-toxic
GYCVSSNG,37,23,42,32,60,74,-0.15555555555555556,anti-toxic
YSYGVFVS,7,8,8,14,15,22,-0.15555555555555556,anti-toxic
GNHGCCGG,61,44,60,66,105,126,-0.15555555555555556,anti-toxic
IIYCYCDV,8,7,12,10,15,22,-0.15555555555555556,anti-toxic
RVVLVSRN,36,24,37,37,60,74,-0.15555555555555556,anti-toxic
RDVGSYLC,75,56,74,82,131,156,-0.15527950310559005,anti-toxic
LGHDGFRV,17,11,12,25,28,37,-0.15517241379310345,anti-toxic
LNHGCSDG,43,43,44,60,86,104,-0.15517241379310345,anti-toxic
ILFGRCGC,21,7,18,19,28,37,-0.15517241379310345,anti-toxic
CHRVGGCV,51,35,46,58,86,104,-0.15517241379310345,anti-toxic
FSCGCING,21,7,23,14,28,37,-0.15517241379310345,anti-toxic
VSLGCNDV,30,11,22,30,41,52,-0.15492957746478872,anti-toxic
GRYGIYCG,48,32,54,43,80,97,-0.15454545454545454,anti-toxic
RVGDCVCV,62,44,57,70,106,127,-0.15441176470588236,anti-toxic
YDVSICHF,4,5,7,8,9,15,-0.15384615384615385,anti-toxic
VYCDRNCS,37,24,40,35,61,75,-0.15384615384615385,anti-toxic
RRCHFGIV,27,21,29,31,48,60,-0.15384615384615385,anti-toxic
LDCVCHVI,24,11,21,24,35,45,-0.15384615384615385,anti-toxic
NFDGFIRG,32,16,24,36,48,60,-0.15384615384615385,anti-toxic
HRYRSLLH,33,15,23,37,48,60,-0.15384615384615385,anti-toxic
GNGGRGLH,29,19,29,31,48,60,-0.15384615384615385,anti-toxic
LFDRRVVV,19,3,20,10,22,30,-0.15384615384615385,anti-toxic
NYGHLLIH,12,10,15,15,22,30,-0.15384615384615385,anti-toxic
FSGGISDG,5,4,6,9,9,15,-0.15384615384615385,anti-toxic
RNFCYNRC,43,31,46,44,74,90,-0.15384615384615385,anti-toxic
CRHYRRII,29,19,28,32,48,60,-0.15384615384615385,anti-toxic
SSGGLCVV,17,5,13,17,22,30,-0.15384615384615385,anti-toxic
HGGIDGHV,40,21,40,35,61,75,-0.15384615384615385,anti-toxic
ISDISYFC,3,6,7,8,9,15,-0.15384615384615385,anti-toxic
LCISGFCV,12,10,17,13,22,30,-0.15384615384615385,anti-toxic
VSVDRGCS,52,42,60,53,94,113,-0.1532258064516129,anti-toxic
RNCDNCDC,33,35,50,33,68,83,-0.15306122448979592,anti-toxic
RHFHVHCR,39,29,42,41,68,83,-0.15306122448979592,anti-toxic
IDNCGLSC,40,28,40,43,68,83,-0.15306122448979592,anti-toxic
HYRDCVSN,37,18,36,32,55,68,-0.15294117647058825,anti-toxic
NDCGVHDL,36,19,30,38,55,68,-0.15294117647058825,anti-toxic
CVNGDNCC,51,37,53,53,88,106,-0.15254237288135594,anti-toxic
RFFGGIGR,20,9,19,19,29,38,-0.15254237288135594,anti-toxic
VNIRGRNR,16,13,13,25,29,38,-0.15254237288135594,anti-toxic
VNGGSNFH,14,15,20,18,29,38,-0.15254237288135594,anti-toxic
RYRNVFCF,47,28,44,47,75,91,-0.1523809523809524,anti-toxic
CRDGGFCG,13,3,12,11,16,23,-0.15217391304347827,anti-toxic
SISFDCII,9,7,10,13,16,23,-0.15217391304347827,anti-toxic
FGGYVRLH,9,7,14,9,16,23,-0.15217391304347827,anti-toxic
SDGYRYGD,7,9,11,12,16,23,-0.15217391304347827,anti-toxic
CGGLFDIC,10,6,9,14,16,23,-0.15217391304347827,anti-toxic
GFNGGDVL,33,29,30,46,62,76,-0.15217391304347827,anti-toxic
NGGGGGCC,27,22,33,28,49,61,-0.1518987341772152,anti-toxic
ISSFGCSR,0,3,3,5,3,8,-0.15151515151515152,anti-toxic
LRGCGGLS,3,0,2,6,3,8,-0.15151515151515152,anti-toxic
FCCCFICS,3,0,5,3,3,8,-0.15151515151515152,anti-toxic
CVHFRFRS,27,9,24,22,36,46,-0.15151515151515152,anti-toxic
IHDLRDGC,57,45,58,64,102,122,-0.15151515151515152,anti-toxic
NRVGGIGL,2,1,2,6,3,8,-0.15151515151515152,anti-toxic
HCVSSGSD,73,62,80,80,135,160,-0.15151515151515152,anti-toxic
LFNCLCSV,2,1,5,3,3,8,-0.15151515151515152,anti-toxic
GRRIIIGC,2,1,4,4,3,8,-0.15151515151515152,anti-toxic
LSSDCLNG,3,0,3,5,3,8,-0.15151515151515152,anti-toxic
FYCIYCDC,2,1,6,2,3,8,-0.15151515151515152,anti-toxic
LYHNFFFS,3,0,5,3,3,8,-0.15151515151515152,anti-toxic
IGICSCIN,2,1,4,4,3,8,-0.15151515151515152,anti-toxic
RCRSDFGI,22,14,25,21,36,46,-0.15151515151515152,anti-toxic
RGSFRGNF,1,2,4,4,3,8,-0.15151515151515152,anti-toxic
CCGYDSGG,13,10,14,17,23,31,-0.1509433962264151,anti-toxic
DGNIGYRN,46,30,49,43,76,92,-0.1509433962264151,anti-toxic
LRIDHVRC,16,7,16,15,23,31,-0.1509433962264151,anti-toxic
NNGCHHCR,14,9,14,17,23,31,-0.1509433962264151,anti-toxic
FSIDVGGR,24,19,25,29,43,54,-0.1506849315068493,anti-toxic
GNGLVSGY,23,20,25,29,43,54,-0.1506849315068493,anti-toxic
CYRHNRCH,29,14,28,26,43,54,-0.1506849315068493,anti-toxic
SFCINVSD,26,17,22,32,43,54,-0.1506849315068493,anti-toxic
CFNRHLHG,27,16,28,26,43,54,-0.1506849315068493,anti-toxic
CILGSGCS,39,24,31,46,63,77,-0.15053763440860216,anti-toxic
VISGFVSH,51,32,53,47,83,100,-0.1504424778761062,anti-toxic
VRDVFHVV,49,34,41,59,83,100,-0.1504424778761062,anti-toxic
VDGHSNSY,50,33,53,47,83,100,-0.1504424778761062,anti-toxic
RFLFGLGH,18,12,19,20,30,39,-0.15,anti-toxic
HGGSHFFG,2,8,9,7,10,16,-0.15,anti-toxic
RGGCRLVY,7,3,6,10,10,16,-0.15,anti-toxic
VLGCCDLS,34,16,28,34,50,62,-0.15,anti-toxic
FDDDRRGS,6,4,8,8,10,16,-0.15,anti-toxic
IVNRLFLN,20,10,15,24,30,39,-0.15,anti-toxic
FNVLRLNG,15,15,19,20,30,39,-0.15,anti-toxic
GFCRRVGF,33,17,30,32,50,62,-0.15,anti-toxic
NSGYRILH,40,30,42,43,70,85,-0.15,anti-toxic
RRVGRSYH,20,10,21,18,30,39,-0.15,anti-toxic
CCGSLRNL,33,17,33,29,50,62,-0.15,anti-toxic
RYVCGVGC,61,56,69,70,117,139,-0.14965986394557823,anti-toxic
YDCFHFSC,33,24,44,26,57,70,-0.14942528735632185,anti-toxic
CNLVSNSV,31,26,30,40,57,70,-0.14942528735632185,anti-toxic
DVNSGRCD,20,17,25,22,37,47,-0.14925373134328357,anti-toxic
CYVRRRNR,23,14,26,21,37,47,-0.14925373134328357,anti-toxic
CDGRFSSD,28,9,18,29,37,47,-0.14925373134328357,anti-toxic
RIRHNIDL,21,16,22,25,37,47,-0.14925373134328357,anti-toxic
RYCCVVHS,48,36,52,49,84,101,-0.14912280701754385,anti-toxic
DSSLDRDS,10,7,12,12,17,24,-0.14893617021276595,anti-toxic
LRGFNVCL,13,4,6,18,17,24,-0.14893617021276595,anti-toxic
ICRSLICH,12,5,14,10,17,24,-0.14893617021276595,anti-toxic
GCFVSHDH,75,63,80,83,138,163,-0.1488095238095238,anti-toxic
FRHICVGV,30,14,32,23,44,55,-0.14864864864864866,anti-toxic
HLGCCSDH,28,16,32,23,44,55,-0.14864864864864866,anti-toxic
RFDSNNSV,31,13,29,26,44,55,-0.14864864864864866,anti-toxic
YHRCVLGV,25,19,25,30,44,55,-0.14864864864864866,anti-toxic
CSDRRLHY,28,16,26,29,44,55,-0.14864864864864866,anti-toxic
SSNLSVCC,24,20,21,34,44,55,-0.14864864864864866,anti-toxic
LSCDLGSL,42,29,43,43,71,86,-0.1485148514851485,anti-toxic
RFRFLCHD,40,31,46,40,71,86,-0.1485148514851485,anti-toxic
FLGCCFGV,17,7,21,11,24,32,-0.14814814814814814,anti-toxic
LCVSGCGD,34,17,31,32,51,63,-0.14814814814814814,anti-toxic
DRSSVSDC,19,5,15,17,24,32,-0.14814814814814814,anti-toxic
VSIVNICG,30,21,26,37,51,63,-0.14814814814814814,anti-toxic
LCVGFFVN,15,9,15,17,24,32,-0.14814814814814814,anti-toxic
FCDNVRNV,48,37,43,59,85,102,-0.14782608695652175,anti-toxic
NLGCIRDS,38,20,32,39,58,71,-0.14772727272727273,anti-toxic
CHLVRCGL,34,24,34,37,58,71,-0.14772727272727273,anti-toxic
LRFGGCGL,54,38,51,59,92,110,-0.14754098360655737,anti-toxic
VDGCFHRV,54,38,54,56,92,110,-0.14754098360655737,anti-toxic
LIDGSNHC,23,8,14,26,31,40,-0.14754098360655737,anti-toxic
CYLFHLII,18,13,17,23,31,40,-0.14754098360655737,anti-toxic
GVRRSISG,23,8,21,19,31,40,-0.14754098360655737,anti-toxic
DLGVVGVG,38,27,36,43,65,79,-0.14736842105263157,anti-toxic
HCNDCFLV,27,11,26,22,38,48,-0.14705882352941177,anti-toxic
NNHCGGGF,38,34,40,47,72,87,-0.14705882352941177,anti-toxic
CIHNDHSG,19,19,20,28,38,48,-0.14705882352941177,anti-toxic
HNFGRCGR,2,2,5,4,4,9,-0.14705882352941177,anti-toxic
LRSIDVVL,2,2,5,4,4,9,-0.14705882352941177,anti-toxic
VRLGHGNC,2,2,4,5,4,9,-0.14705882352941177,anti-toxic
LCCFDLRF,3,1,4,5,4,9,-0.14705882352941177,anti-toxic
SRRISSGV,2,2,4,5,4,9,-0.14705882352941177,anti-toxic
NYGCVRLV,60,46,55,71,106,126,-0.14705882352941177,anti-toxic
SCILSRSI,3,1,5,4,4,9,-0.14705882352941177,anti-toxic
NCGVHCRH,49,30,47,48,79,95,-0.14678899082568808,anti-toxic
CCGSNVHH,49,30,43,52,79,95,-0.14678899082568808,anti-toxic
FRFHIGRS,26,19,29,27,45,56,-0.14666666666666667,anti-toxic
SSFGICVG,28,17,23,33,45,56,-0.14666666666666667,anti-toxic
GGSCGFRI,6,5,5,12,11,17,-0.14634146341463414,anti-toxic
GCDDCGRV,29,23,28,36,52,64,-0.14634146341463414,anti-toxic
RSGGRLLC,8,3,5,12,11,17,-0.14634146341463414,anti-toxic
FIGCNIRV,7,4,13,4,11,17,-0.14634146341463414,anti-toxic
VCRGYDRC,9,2,2,15,11,17,-0.14634146341463414,anti-toxic
SCSDYSIR,8,3,8,9,11,17,-0.14634146341463414,anti-toxic
CYRGHVHL,58,42,69,50,100,119,-0.14615384615384616,anti-toxic
VDGDYIVR,36,23,33,39,59,72,-0.14606741573033707,anti-toxic
DLHHGVDG,38,21,33,39,59,72,-0.14606741573033707,anti-toxic
SNISDVLG,62,45,66,61,107,127,-0.145985401459854,anti-toxic
DGSLGHGG,11,7,9,16,18,25,-0.14583333333333334,anti-toxic
HRYRVHCR,14,4,15,10,18,25,-0.14583333333333334,anti-toxic
NFVFGLRC,9,9,15,10,18,25,-0.14583333333333334,anti-toxic
GDFGIRGG,39,27,34,46,66,80,-0.14583333333333334,anti-toxic
YFFLCRRV,11,7,10,15,18,25,-0.14583333333333334,anti-toxic
FNVCGGGR,38,28,40,40,66,80,-0.14583333333333334,anti-toxic
GHHVYNNC,39,34,45,43,73,88,-0.14563106796116504,anti-toxic
CNNRVHSF,49,31,42,54,80,96,-0.14545454545454545,anti-toxic
FSGLGVCR,19,6,16,17,25,33,-0.14545454545454545,anti-toxic
VRFGLNSN,16,9,15,18,25,33,-0.14545454545454545,anti-toxic
NSNGFCCV,21,11,14,27,32,41,-0.14516129032258066,anti-toxic
GDVCRVYH,24,8,17,24,32,41,-0.14516129032258066,anti-toxic
FILFRVIN,15,17,18,23,32,41,-0.14516129032258066,anti-toxic
DLFCGIDF,19,13,21,20,32,41,-0.14516129032258066,anti-toxic
FRGLHFFR,19,13,17,24,32,41,-0.14516129032258066,anti-toxic
FHDRRRVD,19,13,22,19,32,41,-0.14516129032258066,anti-toxic
RDLGSGHR,60,41,55,65,101,120,-0.1450381679389313,anti-toxic
CSDHSVCY,56,45,54,66,101,120,-0.1450381679389313,anti-toxic
IDRCRGVV,28,11,21,28,39,49,-0.14492753623188406,anti-toxic
IRGVVCDG,27,12,27,22,39,49,-0.14492753623188406,anti-toxic
FYDSYDLL,25,14,24,25,39,49,-0.14492753623188406,anti-toxic
LSDSVFVL,65,50,62,74,115,136,-0.14482758620689656,anti-toxic
VGCDGLRF,24,22,26,31,46,57,-0.14473684210526316,anti-toxic
RGDCIYLY,31,15,28,29,46,57,-0.14473684210526316,anti-toxic
GVLNGDLR,28,18,21,36,46,57,-0.14473684210526316,anti-toxic
LNCIGVGL,33,20,29,36,53,65,-0.14457831325301204,anti-toxic
FSVCNFRG,36,24,35,38,60,73,-0.14444444444444443,anti-toxic
NFIGSSIV,38,22,37,36,60,73,-0.14444444444444443,anti-toxic
FGLHSVDD,41,26,31,50,67,81,-0.14432989690721648,anti-toxic
VNDNDSRV,42,25,34,47,67,81,-0.14432989690721648,anti-toxic
DYRFVHGC,46,28,46,43,74,89,-0.14423076923076922,anti-toxic
FRICDVRG,62,47,61,68,109,129,-0.14388489208633093,anti-toxic
SDGGSDVR,5,0,4,6,5,10,-0.14285714285714285,anti-toxic
HRHGHGCR,21,12,17,25,33,42,-0.14285714285714285,anti-toxic
LHGSLYGS,5,0,6,4,5,10,-0.14285714285714285,anti-toxic
CVGNHLCS,54,35,53,53,89,106,-0.14285714285714285,anti-toxic
CDLSCGVY,4,1,4,6,5,10,-0.14285714285714285,anti-toxic
LNRVVDVV,4,1,4,6,5,10,-0.14285714285714285,anti-toxic
CRYGNYGV,21,12,23,19,33,42,-0.14285714285714285,anti-toxic
VNLSLGDI,7,19,21,13,26,34,-0.14285714285714285,anti-toxic
NYRVVRGD,5,0,4,6,5,10,-0.14285714285714285,anti-toxic
VHVDIRGD,20,13,21,21,33,42,-0.14285714285714285,anti-toxic
CCHISRDR,31,16,27,31,47,58,-0.14285714285714285,anti-toxic
SYVGILSN,18,8,19,15,26,34,-0.14285714285714285,anti-toxic
VSHNFSIV,12,7,15,11,19,26,-0.14285714285714285,anti-toxic
VDRCDGHR,2,3,3,7,5,10,-0.14285714285714285,anti-toxic
ICSLRVCG,31,23,31,35,54,66,-0.14285714285714285,anti-toxic
SFRSCCIV,2,3,6,4,5,10,-0.14285714285714285,anti-toxic
FNSVSVCG,60,50,59,71,110,130,-0.14285714285714285,anti-toxic
ISINGSIC,2,3,4,6,5,10,-0.14285714285714285,anti-toxic
LHHVNGLD,9,3,6,12,12,18,-0.14285714285714285,anti-toxic
GRRVIGGC,6,6,6,12,12,18,-0.14285714285714285,anti-toxic
FSGSRGCF,18,22,25,25,40,50,-0.14285714285714285,anti-toxic
SVLRNCVC,28,19,25,33,47,58,-0.14285714285714285,anti-toxic
FDDNHVLR,17,9,16,18,26,34,-0.14285714285714285,anti-toxic
CICCFILL,5,7,11,7,12,18,-0.14285714285714285,anti-toxic
FHNRSIGC,29,11,17,33,40,50,-0.14285714285714285,anti-toxic
HFGVNDRC,31,23,25,41,54,66,-0.14285714285714285,anti-toxic
DVDNFCDG,2,3,4,6,5,10,-0.14285714285714285,anti-toxic
HVGYYIRH,8,4,7,11,12,18,-0.14285714285714285,anti-toxic
HDFNGGVV,16,3,12,14,19,26,-0.14285714285714285,anti-toxic
CRLNSCDV,36,18,28,38,54,66,-0.14285714285714285,anti-toxic
CFNVSVNG,36,18,26,40,54,66,-0.14285714285714285,anti-toxic
FGFFRVCS,14,5,13,13,19,26,-0.14285714285714285,anti-toxic
HFSVVRCR,8,4,8,10,12,18,-0.14285714285714285,anti-toxic
SHLGDDCG,65,46,61,70,111,131,-0.14184397163120568,anti-toxic
HRVDVRLF,36,26,32,43,62,75,-0.14130434782608695,anti-toxic
CHDDCNIV,40,22,42,33,62,75,-0.14130434782608695,anti-toxic
CNGCDHRC,37,25,35,40,62,75,-0.14130434782608695,anti-toxic
HNHSGDCV,37,25,38,37,62,75,-0.14130434782608695,anti-toxic
LLFFNYVG,33,22,26,41,55,67,-0.1411764705882353,anti-toxic
CSDNGGGD,27,14,23,28,41,51,-0.14084507042253522,anti-toxic
GSSFCFIV,28,13,20,31,41,51,-0.14084507042253522,anti-toxic
LFDFCDFS,20,21,25,26,41,51,-0.14084507042253522,anti-toxic
FNNCDLRG,30,11,27,24,41,51,-0.14084507042253522,anti-toxic
HFYDCIRY,22,19,26,25,41,51,-0.14084507042253522,anti-toxic
SICRGYGV,27,14,23,28,41,51,-0.14084507042253522,anti-toxic
FGVLGCDS,30,11,30,21,41,51,-0.14084507042253522,anti-toxic
GGGVRSGF,25,9,20,23,34,43,-0.140625,anti-toxic
CGNVLNVN,21,13,24,19,34,43,-0.140625,anti-toxic
YVCDSRCV,53,45,51,65,98,116,-0.140625,anti-toxic
SLGCCISI,20,14,18,25,34,43,-0.140625,anti-toxic
SVVGHCND,55,36,61,47,91,108,-0.14049586776859505,anti-toxic
SICRHRLH,18,9,18,17,27,35,-0.14035087719298245,anti-toxic
FYGCVLSG,17,10,11,24,27,35,-0.14035087719298245,anti-toxic
CDGNYFFS,17,10,14,21,27,35,-0.14035087719298245,anti-toxic
RICNLGCI,12,8,13,14,20,27,-0.14,anti-toxic
CRGFNVVC,40,30,36,48,70,84,-0.14,anti-toxic
CRFIFGNL,12,8,12,15,20,27,-0.14,anti-toxic
GVNSHRNV,14,6,14,13,20,27,-0.14,anti-toxic
DNIIRLIC,12,8,14,13,20,27,-0.14,anti-toxic
CYVRVGRH,13,7,14,13,20,27,-0.14,anti-toxic
IFRRCVGS,16,4,11,16,20,27,-0.14,anti-toxic
DFGRLYGV,43,27,46,38,70,84,-0.14,anti-toxic
ISFGVGVC,40,23,44,32,63,76,-0.13978494623655913,anti-toxic
NCFGGRSG,33,23,28,40,56,68,-0.13953488372093023,anti-toxic
GDCNLDCI,35,21,32,36,56,68,-0.13953488372093023,anti-toxic
GNGCCRGD,34,22,28,40,56,68,-0.13953488372093023,anti-toxic
GINSCYNG,36,20,33,35,56,68,-0.13953488372093023,anti-toxic
DHYISRVC,5,8,9,10,13,19,-0.13953488372093023,anti-toxic
CHLSGRVN,9,4,7,12,13,19,-0.13953488372093023,anti-toxic
VLLLHRCS,49,43,50,59,92,109,-0.13934426229508196,anti-toxic
CVIGSNNG,31,18,24,36,49,60,-0.13924050632911392,anti-toxic
DLSGYSVH,33,16,21,39,49,60,-0.13924050632911392,anti-toxic
HCVHRICN,3,3,6,5,6,11,-0.1388888888888889,anti-toxic
GCGHSCNG,46,32,50,43,78,93,-0.1388888888888889,anti-toxic
NGRDFING,5,1,6,5,6,11,-0.1388888888888889,anti-toxic
SRIGSYDC,62,52,69,65,114,134,-0.1388888888888889,anti-toxic
ISGVSCIN,4,2,5,6,6,11,-0.1388888888888889,anti-toxic
RFRFCVRG,4,2,6,5,6,11,-0.1388888888888889,anti-toxic
FNGSSVGD,30,12,22,30,42,52,-0.1388888888888889,anti-toxic
RSLRHFFH,29,13,25,27,42,52,-0.1388888888888889,anti-toxic
FFGYGLFY,5,1,6,5,6,11,-0.1388888888888889,anti-toxic
GRRIISHR,4,2,8,3,6,11,-0.1388888888888889,anti-toxic
VCHLGRCN,22,20,20,32,42,52,-0.1388888888888889,anti-toxic
FYCSDCFS,5,1,6,5,6,11,-0.1388888888888889,anti-toxic
CDDVVCRG,24,18,20,32,42,52,-0.1388888888888889,anti-toxic
GGVLDFLS,27,15,25,27,42,52,-0.1388888888888889,anti-toxic
FDDDVVHG,23,19,27,25,42,52,-0.1388888888888889,anti-toxic
SYVHRRLR,25,17,28,24,42,52,-0.1388888888888889,anti-toxic
DGLINCHG,24,18,24,28,42,52,-0.1388888888888889,anti-toxic
SYHVCVSR,45,26,41,44,71,85,-0.13861386138613863,anti-toxic
LCDYRLVL,44,27,41,44,71,85,-0.13861386138613863,anti-toxic
LNLCGLGV,44,27,48,37,71,85,-0.13861386138613863,anti-toxic
GDVVFFRV,25,10,24,20,35,44,-0.13846153846153847,anti-toxic
CFFRGRLS,59,41,56,62,100,118,-0.13846153846153847,anti-toxic
VNVLGCIC,21,14,15,29,35,44,-0.13846153846153847,anti-toxic
VCGIGDVN,41,23,42,35,64,77,-0.13829787234042554,anti-toxic
DFRCVDVG,69,53,62,81,122,143,-0.13815789473684212,anti-toxic
GDLLDHVV,19,9,13,23,28,36,-0.13793103448275862,anti-toxic
NGCYVHVV,9,19,16,20,28,36,-0.13793103448275862,anti-toxic
NGFSGVVV,18,10,22,14,28,36,-0.13793103448275862,anti-toxic
GVFCSRVV,33,24,26,43,57,69,-0.13793103448275862,anti-toxic
RFGGRCRY,36,21,36,33,57,69,-0.13793103448275862,anti-toxic
VRYSGDFS,42,37,38,56,79,94,-0.13761467889908258,anti-toxic
SILGDNVC,35,37,40,46,72,86,-0.13725490196078433,anti-toxic
RYGNGSHH,15,6,18,10,21,28,-0.13725490196078433,anti-toxic
SDGLCLRC,30,13,21,32,43,53,-0.136986301369863,anti-toxic
FGVGSVCN,30,13,24,29,43,53,-0.136986301369863,anti-toxic
GRSHYRYV,24,19,30,23,43,53,-0.136986301369863,anti-toxic
LFGRVFHH,28,15,25,28,43,53,-0.136986301369863,anti-toxic
YVFSCLVS,24,19,25,28,43,53,-0.136986301369863,anti-toxic
RFVNVSGL,39,26,44,34,65,78,-0.1368421052631579,anti-toxic
HILVDGVH,42,23,36,42,65,78,-0.1368421052631579,anti-toxic
FGGCHGGD,39,26,38,40,65,78,-0.1368421052631579,anti-toxic
FSNCHNLN,71,60,73,80,131,153,-0.13664596273291926,anti-toxic
FRRVVRCN,96,79,98,105,175,203,-0.13658536585365855,anti-toxic
NFDRFFFR,9,5,8,12,14,20,-0.13636363636363635,anti-toxic
CCVFFFYV,36,22,36,34,58,70,-0.13636363636363635,anti-toxic
VHRCVDNI,56,46,62,58,102,120,-0.13636363636363635,anti-toxic
SRVRGIIC,9,5,8,12,14,20,-0.13636363636363635,anti-toxic
SNFCCGGD,10,4,10,10,14,20,-0.13636363636363635,anti-toxic
GRIHCSCS,9,5,11,9,14,20,-0.13636363636363635,anti-toxic
LCSVINGG,8,6,8,12,14,20,-0.13636363636363635,anti-toxic
ILFNDLVF,11,3,5,15,14,20,-0.13636363636363635,anti-toxic
YGGVCISR,30,21,32,30,51,62,-0.13580246913580246,anti-toxic
IGSHRYCN,32,19,31,31,51,62,-0.13580246913580246,anti-toxic
CRHRGFFG,27,24,27,35,51,62,-0.13580246913580246,anti-toxic
CHSRVIDG,18,11,15,22,29,37,-0.13559322033898305,anti-toxic
FCHRVVGV,16,13,21,16,29,37,-0.13559322033898305,anti-toxic
GDGCCGVS,13,16,14,23,29,37,-0.13559322033898305,anti-toxic
CSFLSHRG,50,38,51,53,88,104,-0.13559322033898305,anti-toxic
CHYRLNSI,18,11,18,19,29,37,-0.13559322033898305,anti-toxic
GFDLHVSN,38,28,40,39,66,79,-0.13541666666666666,anti-toxic
HRSCHFSL,40,26,36,43,66,79,-0.13541666666666666,anti-toxic
GSGGCCSY,22,22,23,31,44,54,-0.13513513513513514,anti-toxic
FDHGHISC,4,3,3,9,7,12,-0.13513513513513514,anti-toxic
CCVVHRNV,29,15,26,28,44,54,-0.13513513513513514,anti-toxic
FRGSGLRL,4,3,5,7,7,12,-0.13513513513513514,anti-toxic
IYCVRVIL,5,2,5,7,7,12,-0.13513513513513514,anti-toxic
VNVCVVCC,5,2,4,8,7,12,-0.13513513513513514,anti-toxic
LDRRLISR,46,35,45,51,81,96,-0.13513513513513514,anti-toxic
LSFFRYRG,65,53,63,75,118,138,-0.13513513513513514,anti-toxic
LVSLDRNG,6,1,4,8,7,12,-0.13513513513513514,anti-toxic
DNHVNGSF,3,4,6,6,7,12,-0.13513513513513514,anti-toxic
HGLIVSLN,4,3,6,6,7,12,-0.13513513513513514,anti-toxic
LCGLGIDF,5,2,7,5,7,12,-0.13513513513513514,anti-toxic
VLRCIYGV,26,18,21,33,44,54,-0.13513513513513514,anti-toxic
HCLLVGNV,49,32,48,48,81,96,-0.13513513513513514,anti-toxic
VRDVNVRV,6,1,6,6,7,12,-0.13513513513513514,anti-toxic
HDGCFDGD,57,39,55,58,96,113,-0.1349206349206349,anti-toxic
NRCLFYRS,35,24,34,37,59,71,-0.1348314606741573,anti-toxic
GRRIHLYC,13,9,14,15,22,29,-0.1346153846153846,anti-toxic
FNCIHVSG,13,9,11,18,22,29,-0.1346153846153846,anti-toxic
YRGRFNRG,12,10,15,14,22,29,-0.1346153846153846,anti-toxic
GYRFRVGN,16,6,13,16,22,29,-0.1346153846153846,anti-toxic
YCFGVDVV,16,6,12,17,22,29,-0.1346153846153846,anti-toxic
GCCNGGGG,12,10,11,18,22,29,-0.1346153846153846,anti-toxic
IFRCRDSL,40,34,41,47,74,88,-0.1346153846153846,anti-toxic
FFFGDIVC,18,4,15,14,22,29,-0.1346153846153846,anti-toxic
SRVCVVDV,14,8,15,14,22,29,-0.1346153846153846,anti-toxic
VVRGFVNL,86,70,94,87,156,181,-0.13440860215053763,anti-toxic
YHSNGLRD,21,16,29,17,37,46,-0.13432835820895522,anti-toxic
HCDGCGHD,23,14,20,26,37,46,-0.13432835820895522,anti-toxic
VNGYNLGC,25,12,19,27,37,46,-0.13432835820895522,anti-toxic
GYRDFRNV,18,19,20,26,37,46,-0.13432835820895522,anti-toxic
CNVRSVLL,95,76,91,107,171,198,-0.13432835820895522,anti-toxic
IRVFDNIV,27,10,18,28,37,46,-0.13432835820895522,anti-toxic
LLRCHNGV,31,21,30,33,52,63,-0.13414634146341464,anti-toxic
ILNGIGVD,82,67,80,93,149,173,-0.1340782122905028,anti-toxic
FRFHLSCI,57,40,56,58,97,114,-0.13385826771653545,anti-toxic
GSGHVGVV,77,65,80,85,142,165,-0.13372093023255813,anti-toxic
GYCNVLRH,85,72,91,91,157,182,-0.13368983957219252,anti-toxic
FFGVFGLN,7,8,10,11,15,21,-0.13333333333333333,anti-toxic
VCVVSIRR,6,9,15,6,15,21,-0.13333333333333333,anti-toxic
HGVVSCNV,7,8,10,11,15,21,-0.13333333333333333,anti-toxic
CVHGHRLC,31,14,27,28,45,55,-0.13333333333333333,anti-toxic
RCRVGCDD,13,2,8,13,15,21,-0.13333333333333333,anti-toxic
DDCDLDGV,57,48,58,65,105,123,-0.13333333333333333,anti-toxic
FVDGGDDV,17,13,19,19,30,38,-0.13333333333333333,anti-toxic
NHVGSRSF,7,8,12,9,15,21,-0.13333333333333333,anti-toxic
FVIFDFDF,8,7,10,11,15,21,-0.13333333333333333,anti-toxic
SIGLRYGN,17,13,26,12,30,38,-0.13333333333333333,anti-toxic
ILGGCILC,42,33,42,47,75,89,-0.13333333333333333,anti-toxic
NVSLNSGL,54,36,47,59,90,106,-0.13333333333333333,anti-toxic
VLRCDVSF,8,7,8,13,15,21,-0.13333333333333333,anti-toxic
GCLIGIRH,30,15,24,31,45,55,-0.13333333333333333,anti-toxic
RSGGDGGC,17,13,14,24,30,38,-0.13333333333333333,anti-toxic
VRSCNVNL,47,28,40,49,75,89,-0.13333333333333333,anti-toxic
FGRHVSLC,66,47,58,74,113,132,-0.13286713286713286,anti-toxic
INCIRFRV,41,27,36,45,68,81,-0.1326530612244898,anti-toxic
IIGISCVN,43,25,39,42,68,81,-0.1326530612244898,anti-toxic
DGSGNVVG,35,18,33,31,53,64,-0.13253012048192772,anti-toxic
VHCCHRDV,23,15,27,20,38,47,-0.1323529411764706,anti-toxic
RSCDRSFD,24,14,22,25,38,47,-0.1323529411764706,anti-toxic
CDRRIRCC,25,13,19,28,38,47,-0.1323529411764706,anti-toxic
HGSVSRVY,24,14,21,26,38,47,-0.1323529411764706,anti-toxic
NRIIHVNV,25,13,26,21,38,47,-0.1323529411764706,anti-toxic
VCNVSGCL,53,38,49,58,91,107,-0.1322314049586777,anti-toxic
YSLNHCHS,47,29,36,54,76,90,-0.1320754716981132,anti-toxic
CSGFCGGG,17,6,17,13,23,30,-0.1320754716981132,anti-toxic
FNCDRRYR,14,9,18,12,23,30,-0.1320754716981132,anti-toxic
RVGGHYCH,16,7,11,19,23,30,-0.1320754716981132,anti-toxic
DCFVVNRH,16,7,13,17,23,30,-0.1320754716981132,anti-toxic
FCGRSGDI,15,8,17,13,23,30,-0.1320754716981132,anti-toxic
DVGYGLRD,38,23,37,36,61,73,-0.13186813186813187,anti-toxic
SDRHGSNY,40,21,40,33,61,73,-0.13186813186813187,anti-toxic
FCRNRCGD,59,40,54,62,99,116,-0.13178294573643412,anti-toxic
VHHGVDNY,32,14,30,26,46,56,-0.13157894736842105,anti-toxic
RRCFHFCD,25,21,29,27,46,56,-0.13157894736842105,anti-toxic
CLFGRRFC,6,2,6,7,8,13,-0.13157894736842105,anti-toxic
CCNVGRRG,5,3,7,6,8,13,-0.13157894736842105,anti-toxic
IYCNGVHH,7,1,7,6,8,13,-0.13157894736842105,anti-toxic
SLHVVCCR,6,2,5,8,8,13,-0.13157894736842105,anti-toxic
HFNNLIGC,32,14,30,26,46,56,-0.13157894736842105,anti-toxic
FCNFRFGL,29,17,32,24,46,56,-0.13157894736842105,anti-toxic
HDYIGCNS,3,5,2,11,8,13,-0.13157894736842105,anti-toxic
FFLHSGCV,19,12,19,20,31,39,-0.13114754098360656,anti-toxic
CSCGDIHD,20,11,18,21,31,39,-0.13114754098360656,anti-toxic
CDVSGNFS,31,23,29,36,54,65,-0.13095238095238096,anti-toxic
VVGHRCLD,28,26,28,37,54,65,-0.13095238095238096,anti-toxic
GHCDSIHI,32,22,29,36,54,65,-0.13095238095238096,anti-toxic
RCSLVNCL,31,23,34,31,54,65,-0.13095238095238096,anti-toxic
CYGGHGSR,29,25,27,38,54,65,-0.13095238095238096,anti-toxic
YRCNSNSV,29,25,35,30,54,65,-0.13095238095238096,anti-toxic
GRHRIHSD,34,20,30,35,54,65,-0.13095238095238096,anti-toxic
NCGYFRGV,32,22,32,33,54,65,-0.13095238095238096,anti-toxic
CRFVINHN,43,34,50,41,77,91,-0.1308411214953271,anti-toxic
RHGVNCCC,46,31,38,53,77,91,-0.1308411214953271,anti-toxic
YVGCGVHN,57,43,61,56,100,117,-0.13076923076923078,anti-toxic
FCGILCVV,12,4,12,10,16,22,-0.13043478260869565,anti-toxic
SGCVNVSG,25,14,24,24,39,48,-0.13043478260869565,anti-toxic
LVDYDGSN,36,26,29,45,62,74,-0.13043478260869565,anti-toxic
NGFSICGV,74,57,71,81,131,152,-0.13043478260869565,anti-toxic
LNGGDDGG,22,17,17,31,39,48,-0.13043478260869565,anti-toxic
VDDDHIHR,38,24,33,41,62,74,-0.13043478260869565,anti-toxic
VFGSSNCV,51,34,51,49,85,100,-0.13043478260869565,anti-toxic
HSCLVSHD,27,12,27,21,39,48,-0.13043478260869565,anti-toxic
LRSFHCNV,51,34,44,56,85,100,-0.13043478260869565,anti-toxic
YSGRFLGV,34,28,40,34,62,74,-0.13043478260869565,anti-toxic
VNVCVGVI,11,5,6,16,16,22,-0.13043478260869565,anti-toxic
RFFSLCSV,12,4,11,11,16,22,-0.13043478260869565,anti-toxic
GCRDHGGF,37,25,43,31,62,74,-0.13043478260869565,anti-toxic
DCVSDCNR,25,14,22,26,39,48,-0.13043478260869565,anti-toxic
LFGVYVGV,27,12,24,24,39,48,-0.13043478260869565,anti-toxic
INGFGLLV,36,34,41,42,70,83,-0.13,anti-toxic
DSCSLVHG,37,33,33,50,70,83,-0.13,anti-toxic
SFVGFIGL,35,35,41,42,70,83,-0.13,anti-toxic
ICCRGRGS,15,9,16,15,24,31,-0.12962962962962962,neutral
CSISDLHG,15,9,17,14,24,31,-0.12962962962962962,neutral
SRCSYLVH,16,8,14,17,24,31,-0.12962962962962962,neutral
LFVRDGDN,15,9,15,16,24,31,-0.12962962962962962,neutral
DCYCNHYG,14,10,14,17,24,31,-0.12962962962962962,neutral
NFCCSVRN,36,19,33,33,55,66,-0.12941176470588237,neutral
GFCNRFGL,37,18,34,32,55,66,-0.12941176470588237,neutral
DCGGSSCG,51,35,47,54,86,101,-0.12931034482758622,neutral
GSLIYLSS,20,12,22,18,32,40,-0.12903225806451613,neutral
GVLGDRSD,0,1,1,4,1,5,-0.12903225806451613,neutral
VGSRHYCV,0,1,4,1,1,5,-0.12903225806451613,neutral
FFCCIDCF,1,0,2,3,1,5,-0.12903225806451613,neutral
FLYFDHLS,1,0,2,3,1,5,-0.12903225806451613,neutral
DCSGDVCS,0,1,2,3,1,5,-0.12903225806451613,neutral
FCGGCDIV,1,0,2,3,1,5,-0.12903225806451613,neutral
VCRRHYCV,0,1,1,4,1,5,-0.12903225806451613,neutral
FDVVGRCH,0,1,1,4,1,5,-0.12903225806451613,neutral
FRSRCCIV,0,1,4,1,1,5,-0.12903225806451613,neutral
YLFYYYRF,0,1,0,5,1,5,-0.12903225806451613,neutral
DFGRRRFV,1,0,1,4,1,5,-0.12903225806451613,neutral
CGLNVVRG,0,1,3,2,1,5,-0.12903225806451613,neutral
LYIGFYFS,1,0,3,2,1,5,-0.12903225806451613,neutral
SCLDIRGI,1,0,2,3,1,5,-0.12903225806451613,neutral
FHVFYCVV,1,0,2,3,1,5,-0.12903225806451613,neutral
YDNFIFGV,1,0,2,3,1,5,-0.12903225806451613,neutral
CHGRRIIG,0,1,4,1,1,5,-0.12903225806451613,neutral
CCYVHNHS,0,1,3,2,1,5,-0.12903225806451613,neutral
CSLIICSL,0,1,3,2,1,5,-0.12903225806451613,neutral
GRRIISIS,1,0,1,4,1,5,-0.12903225806451613,neutral
NNSNLRFC,40,23,38,37,63,75,-0.12903225806451613,neutral
LRGDCVYL,0,1,3,2,1,5,-0.12903225806451613,neutral
DDVIVSRV,1,0,4,1,1,5,-0.12903225806451613,neutral
GNDLNVCS,0,1,2,3,1,5,-0.12903225806451613,neutral
CNSNLNDN,52,42,49,61,94,110,-0.12903225806451613,neutral
CHYGFVGV,0,1,1,4,1,5,-0.12903225806451613,neutral
CGIRGNCV,1,0,4,1,1,5,-0.12903225806451613,neutral
GCSIDLSV,1,0,3,2,1,5,-0.12903225806451613,neutral
CVFLRSIV,0,1,1,4,1,5,-0.12903225806451613,neutral
VRVGNHVD,20,12,16,24,32,40,-0.12903225806451613,neutral
VCSGHVCS,1,0,1,4,1,5,-0.12903225806451613,neutral
VNRFDVRH,22,10,16,24,32,40,-0.12903225806451613,neutral
CSGGGDIV,1,0,2,3,1,5,-0.12903225806451613,neutral
CGRYGGRC,0,1,3,2,1,5,-0.12903225806451613,neutral
FLGFRNGG,1,0,4,1,1,5,-0.12903225806451613,neutral
YSDHRGVC,1,0,3,2,1,5,-0.12903225806451613,neutral
RFVSDSCL,0,1,3,2,1,5,-0.12903225806451613,neutral
GFIGGGDH,17,15,20,20,32,40,-0.12903225806451613,neutral
NVFCLIRY,0,1,2,3,1,5,-0.12903225806451613,neutral
CSLRLNIH,0,1,3,2,1,5,-0.12903225806451613,neutral
CSLISFSL,1,0,3,2,1,5,-0.12903225806451613,neutral
SDVRGDHC,0,1,1,4,1,5,-0.12903225806451613,neutral
FDCYYGGN,0,1,3,2,1,5,-0.12903225806451613,neutral
FGRRHYCV,0,1,2,3,1,5,-0.12903225806451613,neutral
RCDRSLVV,1,0,4,1,1,5,-0.12903225806451613,neutral
RCLSGLSD,87,69,91,89,156,180,-0.12903225806451613,neutral
ILCSSFRG,1,0,3,2,1,5,-0.12903225806451613,neutral
FYCCCFLH,0,1,3,2,1,5,-0.12903225806451613,neutral
RISCGFGN,0,1,4,1,1,5,-0.12903225806451613,neutral
CSNRCNVR,58,44,58,61,102,119,-0.12878787878787878,neutral
DVCYNGSD,38,33,39,45,71,84,-0.12871287128712872,neutral
GHSFCYLV,40,31,40,44,71,84,-0.12871287128712872,neutral
SCHRVCDL,64,46,64,64,110,128,-0.12857142857142856,neutral
RDVIHVVL,25,15,28,21,40,49,-0.12857142857142856,neutral
IYDCNGDN,52,35,50,52,87,102,-0.1282051282051282,neutral
RCRDFHGV,5,4,4,10,9,14,-0.1282051282051282,neutral
RSDFLGIV,29,19,27,31,48,58,-0.1282051282051282,neutral
CNHGFSSH,1,8,4,10,9,14,-0.1282051282051282,neutral
RRYDRDSL,64,62,72,74,126,146,-0.1282051282051282,neutral
LRNGGRYG,8,1,7,7,9,14,-0.1282051282051282,neutral
VVVVDCSV,5,4,8,6,9,14,-0.1282051282051282,neutral
HYDDSRDV,4,5,10,4,9,14,-0.1282051282051282,neutral
ISVSDLLH,6,3,10,4,9,14,-0.1282051282051282,neutral
DCRVGNGI,6,3,7,7,9,14,-0.1282051282051282,neutral
SFGRSICC,28,20,27,31,48,58,-0.1282051282051282,neutral
FSDIGICF,30,26,38,29,56,67,-0.12790697674418605,neutral
HNLRLGRL,11,6,11,12,17,23,-0.1276595744680851,neutral
CNGSGVLV,11,6,7,16,17,23,-0.1276595744680851,neutral
CNFRIDHV,38,26,36,40,64,76,-0.1276595744680851,neutral
GYGVCSRL,41,23,43,33,64,76,-0.1276595744680851,neutral
IIDGLLIC,20,5,15,17,25,32,-0.12727272727272726,neutral
NLGSLHLV,41,39,44,50,80,94,-0.12727272727272726,neutral
DCNFHGVR,15,10,17,15,25,32,-0.12727272727272726,neutral
DHIGGSLC,50,46,47,65,96,112,-0.12698412698412698,neutral
VGVCCGND,19,14,20,21,33,41,-0.12698412698412698,neutral
YCRRGGHF,19,14,22,19,33,41,-0.12698412698412698,neutral
IGLRLIDS,21,12,19,22,33,41,-0.12698412698412698,neutral
FVRSCSDC,22,11,13,28,33,41,-0.12698412698412698,neutral
SRGHDCIL,25,16,20,30,41,50,-0.1267605633802817,neutral
CLVIDDDG,24,17,21,29,41,50,-0.1267605633802817,neutral
YIDCDSDS,24,25,27,32,49,59,-0.12658227848101267,neutral
SGLSYVSR,41,24,39,38,65,77,-0.12631578947368421,neutral
SICDDVID,46,27,46,40,73,86,-0.1262135922330097,neutral
FHGCVDNV,41,32,47,39,73,86,-0.1262135922330097,neutral
FCGSGIGV,2,0,3,3,2,6,-0.125,neutral
NCLIDCFS,12,6,12,12,18,24,-0.125,neutral
RSGGGVCS,22,12,15,27,34,42,-0.125,neutral
IGGCDGCC,9,1,5,10,10,15,-0.125,neutral
GSFCCGVN,13,13,16,17,26,33,-0.125,neutral
SGCYHDLF,24,18,17,34,42,51,-0.125,neutral
CRHFLVRG,1,1,5,1,2,6,-0.125,neutral
CDHDFFDH,2,0,3,3,2,6,-0.125,neutral
ICSHYGRV,33,25,29,40,58,69,-0.125,neutral
CHGVHYIV,34,16,28,32,50,60,-0.125,neutral
HFCDDSCD,58,48,52,71,106,123,-0.125,neutral
VIDRYYRG,13,13,14,19,26,33,-0.125,neutral
VFSGCSVH,19,15,23,19,34,42,-0.125,neutral
SCILNDRV,35,23,25,44,58,69,-0.125,neutral
CHDRSVVC,1,1,1,5,2,6,-0.125,neutral
GSCGGDHC,32,26,33,36,58,69,-0.125,neutral
IYCSGSGG,6,4,7,8,10,15,-0.125,neutral
FHRFGLCN,31,19,31,29,50,60,-0.125,neutral
NGRDHFCD,21,21,27,24,42,51,-0.125,neutral
CNDLGRCR,29,13,26,25,42,51,-0.125,neutral
SHDNCVDL,22,12,19,23,34,42,-0.125,neutral
YGRFSCRH,1,1,2,4,2,6,-0.125,neutral
VVRIRNSL,25,17,28,23,42,51,-0.125,neutral
VYVGLFFI,22,12,18,24,34,42,-0.125,neutral
CYDGLLLF,6,4,9,6,10,15,-0.125,neutral
CNGSSGVI,37,21,38,31,58,69,-0.125,neutral
FDSYDICF,39,27,46,32,66,78,-0.125,neutral
DGNLLSDH,1,1,2,4,2,6,-0.125,neutral
FVGHHRVR,10,8,11,13,18,24,-0.125,neutral
CCGIDGSV,32,26,43,26,58,69,-0.125,neutral
HNDCCFVH,50,32,45,51,82,96,-0.125,neutral
CHGDDVIF,1,1,2,4,2,6,-0.125,neutral
FDGDHSSR,1,1,3,3,2,6,-0.125,neutral
GDISGNVF,105,90,102,121,195,223,-0.12444444444444444,neutral
LCNNRGRD,99,80,97,108,179,205,-0.12440191387559808,neutral
FIRFGSRI,59,40,53,62,99,115,-0.12403100775193798,neutral
RCDFDCIR,51,40,48,58,91,106,-0.12396694214876033,neutral
DVDVCDLN,52,39,55,51,91,106,-0.12396694214876033,neutral
RNVVVCGI,48,43,57,49,91,106,-0.12396694214876033,neutral
VVYCGGRV,50,33,43,54,83,97,-0.12389380530973451,neutral
SFLVNNRG,38,29,34,45,67,79,-0.12371134020618557,neutral
VNYVGGNC,39,20,32,38,59,70,-0.12359550561797752,neutral
GIGFIFSC,33,26,40,30,59,70,-0.12359550561797752,neutral
FDVGLRVG,39,20,34,36,59,70,-0.12359550561797752,neutral
VIIRNCIS,32,19,27,34,51,61,-0.12345679012345678,neutral
NYGRVCGC,33,18,29,32,51,61,-0.12345679012345678,neutral
GDLRVCRF,29,22,30,31,51,61,-0.12345679012345678,neutral
LYFGGFDL,24,19,21,31,43,52,-0.1232876712328767,neutral
RDVLRFDI,20,23,23,29,43,52,-0.1232876712328767,neutral
HGGCYLGG,23,20,20,32,43,52,-0.1232876712328767,neutral
RFCIRVHS,23,12,18,25,35,43,-0.12307692307692308,neutral
RRNLRYCL,23,12,17,26,35,43,-0.12307692307692308,neutral
NCCNFDRH,27,8,16,27,35,43,-0.12307692307692308,neutral
VSNYGFRG,51,41,51,56,92,107,-0.12295081967213115,neutral
YCGGVVSD,55,37,46,61,92,107,-0.12295081967213115,neutral
FDGGCGHS,18,9,15,19,27,34,-0.12280701754385964,neutral
IFCRNVVL,20,7,16,18,27,34,-0.12280701754385964,neutral
HCNNHRFS,16,11,14,20,27,34,-0.12280701754385964,neutral
RGNCICGH,20,7,11,23,27,34,-0.12280701754385964,neutral
RVLINCGI,47,29,43,46,76,89,-0.12264150943396226,neutral
LHRVSCNV,12,7,11,14,19,25,-0.12244897959183673,neutral
ICGGSVGL,12,7,13,12,19,25,-0.12244897959183673,neutral
CHGHIVIR,14,5,11,14,19,25,-0.12244897959183673,neutral
CFFGVDCF,38,22,34,37,60,71,-0.12222222222222222,neutral
SGSRSGYS,29,23,26,36,52,62,-0.12195121951219512,neutral
GCGLSFGG,7,4,5,11,11,16,-0.12195121951219512,neutral
SCGLCNSD,8,3,10,6,11,16,-0.12195121951219512,neutral
FRVIGRDC,5,6,6,10,11,16,-0.12195121951219512,neutral
NDHGYIVN,23,21,18,35,44,53,-0.12162162162162163,neutral
FSIVRDRV,25,19,22,31,44,53,-0.12162162162162163,neutral
NLNDCNRY,26,18,29,24,44,53,-0.12162162162162163,neutral
DVDCDCSH,25,19,25,28,44,53,-0.12162162162162163,neutral
GVSGDCYN,68,50,62,74,118,136,-0.12162162162162163,neutral
INHNNVVN,43,34,43,47,77,90,-0.12149532710280374,neutral
GNHHDFSC,46,31,45,45,77,90,-0.12149532710280374,neutral
LDRGGYVC,61,49,63,64,110,127,-0.12142857142857143,neutral
VRHVCYVV,43,26,40,41,69,81,-0.12121212121212122,neutral
FFVFYVYI,2,1,5,2,3,7,-0.12121212121212122,neutral
IRRHIFVV,2,1,3,4,3,7,-0.12121212121212122,neutral
SYYDVNCF,41,28,38,43,69,81,-0.12121212121212122,neutral
GCDRSLVV,3,0,4,3,3,7,-0.12121212121212122,neutral
LGVDLLVH,3,0,1,6,3,7,-0.12121212121212122,neutral
GGCGVYLH,1,2,2,5,3,7,-0.12121212121212122,neutral
CHCDGGHR,2,1,2,5,3,7,-0.12121212121212122,neutral
FLVDVDNR,1,2,2,5,3,7,-0.12121212121212122,neutral
CLFRSDVR,3,0,4,3,3,7,-0.12121212121212122,neutral
FDRVRHSR,2,1,4,3,3,7,-0.12121212121212122,neutral
VNFVDHIN,69,58,66,80,127,146,-0.12101910828025478,neutral
CVVGHFGS,34,27,27,45,61,72,-0.12087912087912088,neutral
VIGNCRDH,69,50,66,71,119,137,-0.12080536912751678,neutral
VVINSLIL,19,9,14,21,28,35,-0.1206896551724138,neutral
YSGGFRSV,15,13,15,20,28,35,-0.1206896551724138,neutral
SIGHRLCC,11,17,24,11,28,35,-0.1206896551724138,neutral
RHNILCNL,17,11,19,16,28,35,-0.1206896551724138,neutral
GCCGVRHS,15,13,18,17,28,35,-0.1206896551724138,neutral
GCGVDGCC,18,10,12,23,28,35,-0.1206896551724138,neutral
DFNCVYIV,11,17,20,15,28,35,-0.1206896551724138,neutral
VIGVDLGH,26,19,23,31,45,54,-0.12,neutral
YCIFLSRG,11,9,13,13,20,26,-0.12,neutral
CDHIIVRC,11,9,11,15,20,26,-0.12,neutral
GCGVCIRV,13,7,8,18,20,26,-0.12,neutral
HNGGYFLH,13,7,13,13,20,26,-0.12,neutral
SGVRNLIY,22,23,24,30,45,54,-0.12,neutral
LGCVSGHC,27,18,23,31,45,54,-0.12,neutral
FSVDSSIH,61,43,52,68,104,120,-0.11940298507462686,neutral
RNISCLIL,20,17,24,21,37,45,-0.11940298507462686,neutral
RVIDVSFS,27,10,19,26,37,45,-0.11940298507462686,neutral
FLCSDIIL,20,17,18,27,37,45,-0.11940298507462686,neutral
VLLGRDNI,26,11,19,26,37,45,-0.11940298507462686,neutral
FIVRYVFS,23,14,23,22,37,45,-0.11940298507462686,neutral
FRLCYVGC,66,55,60,79,121,139,-0.11920529801324503,neutral
FHGGCCGD,11,1,8,9,12,17,-0.11904761904761904,neutral
RRICDGGL,6,6,7,10,12,17,-0.11904761904761904,neutral
GSGHGVCS,35,19,33,31,54,64,-0.11904761904761904,neutral
VCRFCGIR,6,6,9,8,12,17,-0.11904761904761904,neutral
VHGNLGRN,10,2,8,9,12,17,-0.11904761904761904,neutral
YVFGGRGV,45,26,36,47,71,83,-0.1188118811881188,neutral
CFSFLISH,24,5,16,20,29,36,-0.11864406779661017,neutral
RCFVDLNH,51,37,44,58,88,102,-0.11864406779661017,neutral
RDGVRHGL,17,12,14,22,29,36,-0.11864406779661017,neutral
VNVVRYLC,21,8,14,22,29,36,-0.11864406779661017,neutral
SCCNDCVS,20,9,24,12,29,36,-0.11864406779661017,neutral
SVNDNDCL,51,37,50,52,88,102,-0.11864406779661017,neutral
GNFDGIYR,24,22,19,36,46,55,-0.11842105263157894,neutral
CGSFSNGN,41,22,37,37,63,74,-0.11827956989247312,neutral
FSDSNCGR,36,27,37,37,63,74,-0.11827956989247312,neutral
DRDIGSVN,45,35,44,49,80,93,-0.11818181818181818,neutral
RNFVGLYH,55,42,54,58,97,112,-0.11811023622047244,neutral
DGCVDHGR,42,55,57,55,97,112,-0.11811023622047244,neutral
RYRVNGGC,42,47,53,50,89,103,-0.11764705882352941,neutral
CHISCNDD,13,8,16,11,21,27,-0.11764705882352941,neutral
CSGVRCRF,4,0,4,4,4,8,-0.11764705882352941,neutral
VHRFGYHC,4,0,4,4,4,8,-0.11764705882352941,neutral
YDRFGRRG,11,10,14,13,21,27,-0.11764705882352941,neutral
HRGLRSSI,3,1,0,8,4,8,-0.11764705882352941,neutral
CFDCDGCG,4,0,3,5,4,8,-0.11764705882352941,neutral
FGDLGNGL,4,0,2,6,4,8,-0.11764705882352941,neutral
VVNVVRCS,3,1,4,4,4,8,-0.11764705882352941,neutral
VGDRDLCG,2,2,2,6,4,8,-0.11764705882352941,neutral
VCNRVRCC,18,3,11,16,21,27,-0.11764705882352941,neutral
VFFGHFSI,23,15,18,28,38,46,-0.11764705882352941,neutral
YIRDIVRC,30,25,29,36,55,65,-0.11764705882352941,neutral
VVVRLCRD,26,12,23,23,38,46,-0.11764705882352941,neutral
VSNRYCRD,3,1,3,5,4,8,-0.11764705882352941,neutral
LFVGFCVF,2,2,2,6,4,8,-0.11764705882352941,neutral
LGGVRLFN,54,35,57,46,89,103,-0.11764705882352941,neutral
HCCLHDHL,3,1,4,4,4,8,-0.11764705882352941,neutral
FCVSVVRG,3,1,6,2,4,8,-0.11764705882352941,neutral
ISLRGFVV,3,1,3,5,4,8,-0.11764705882352941,neutral
NSNISCVG,25,13,20,26,38,46,-0.11764705882352941,neutral
YSVCVDRV,81,68,84,86,149,170,-0.11731843575418995,neutral
HCLGRIVV,26,21,28,28,47,56,-0.11688311688311688,neutral
RCISHGSF,29,18,25,31,47,56,-0.11688311688311688,neutral
IGVHLGVC,28,19,23,33,47,56,-0.11688311688311688,neutral
YYHGYLFH,22,25,25,31,47,56,-0.11688311688311688,neutral
VVGIVVRR,32,15,21,35,47,56,-0.11688311688311688,neutral
CISVVSIN,20,10,16,21,30,37,-0.11666666666666667,neutral
VRSCVCSG,24,6,19,18,30,37,-0.11666666666666667,neutral
VHGLCSIR,50,40,50,54,90,104,-0.11666666666666667,neutral
GIFRCLDR,49,41,46,58,90,104,-0.11666666666666667,neutral
FHRRFRYC,18,12,14,23,30,37,-0.11666666666666667,neutral
LLFNGSFV,14,16,22,15,30,37,-0.11666666666666667,neutral
FRGCVDGV,51,39,54,50,90,104,-0.11666666666666667,neutral
LNVSDNDL,36,20,28,38,56,66,-0.11627906976744186,neutral
GDGSHVDY,12,1,11,7,13,18,-0.11627906976744186,neutral
VGHLNRVD,32,24,30,36,56,66,-0.11627906976744186,neutral
DCHLGGRL,25,14,25,22,39,47,-0.11594202898550725,neutral
LIYNGVRH,23,16,26,21,39,47,-0.11594202898550725,neutral
FCFGSRRL,34,31,42,34,65,76,-0.11578947368421053,neutral
CSFNGINC,38,27,40,36,65,76,-0.11578947368421053,neutral
ILCGVYSC,50,41,49,56,91,105,-0.11570247933884298,neutral
GFRDSIDV,53,38,51,54,91,105,-0.11570247933884298,neutral
LIGCIGRR,66,51,66,68,117,134,-0.11564625850340136,neutral
NDHLYDRV,14,8,11,17,22,28,-0.11538461538461539,neutral
GYVFCGRI,33,15,28,29,48,57,-0.11538461538461539,neutral
CFRVHCDR,40,34,37,49,74,86,-0.11538461538461539,neutral
FSFCRSSR,33,15,33,24,48,57,-0.11538461538461539,neutral
CFRRNIID,31,17,32,25,48,57,-0.11538461538461539,neutral
LCSSRYVH,63,46,61,64,109,125,-0.11510791366906475,neutral
DCGCNSSV,36,21,34,33,57,67,-0.11494252873563218,neutral
ICCYDNYF,35,22,35,32,57,67,-0.11494252873563218,neutral
HYDNNNVG,37,20,32,35,57,67,-0.11494252873563218,neutral
NGFCHNSC,33,24,34,33,57,67,-0.11494252873563218,neutral
GVGCIGDR,38,19,36,31,57,67,-0.11494252873563218,neutral
CSNVVVDI,31,26,28,39,57,67,-0.11494252873563218,neutral
FFNNFIRC,74,62,78,77,136,155,-0.1144578313253012,neutral
VSHIHGDV,27,13,22,26,40,48,-0.11428571428571428,neutral
LCFSLFLR,4,1,5,4,5,9,-0.11428571428571428,neutral
SCDSCVGN,3,2,4,5,5,9,-0.11428571428571428,neutral
VHYVLYDD,4,1,2,7,5,9,-0.11428571428571428,neutral
VCSNYIVH,45,30,52,35,75,87,-0.11428571428571428,neutral
SVFLFDDY,2,3,4,5,5,9,-0.11428571428571428,neutral
HDDRNYVG,4,1,4,5,5,9,-0.11428571428571428,neutral
GRCIIVGI,3,2,6,3,5,9,-0.11428571428571428,neutral
IGVSRSCF,48,36,50,47,84,97,-0.11403508771929824,neutral
IVLCRSSL,63,65,76,70,128,146,-0.11392405063291139,neutral
VFSGRDIG,30,19,20,38,49,58,-0.11392405063291139,neutral
SVGDHNFN,32,17,30,28,49,58,-0.11392405063291139,neutral
CRVFGLGV,56,37,50,57,93,107,-0.11382113821138211,neutral
IHCHLRGD,35,23,33,35,58,68,-0.11363636363636363,neutral
FSSRRHHD,35,23,35,33,58,68,-0.11363636363636363,neutral
FHVRHGRD,5,9,11,8,14,19,-0.11363636363636363,neutral
HHCGGSSD,62,49,57,70,111,127,-0.11347517730496454,neutral
VGVSDCNR,39,28,35,43,67,78,-0.1134020618556701,neutral
SCYGGHGD,41,26,47,31,67,78,-0.1134020618556701,neutral
HLFGGDDN,42,25,34,44,67,78,-0.1134020618556701,neutral
FLGRYRIV,55,65,65,72,120,137,-0.11333333333333333,neutral
CSVVRSCG,65,55,65,72,120,137,-0.11333333333333333,neutral
FYCRGRVC,16,7,13,16,23,29,-0.11320754716981132,neutral
FCSSSGDC,17,6,13,16,23,29,-0.11320754716981132,neutral
CCFGDRSI,14,9,17,12,23,29,-0.11320754716981132,neutral
NNVVLSVL,12,11,13,16,23,29,-0.11320754716981132,neutral
CYRGRCRR,21,11,18,21,32,39,-0.11290322580645161,neutral
VGHFRLVD,20,12,21,18,32,39,-0.11290322580645161,neutral
FRFDSCLF,16,16,15,24,32,39,-0.11290322580645161,neutral
IYCGGIRL,18,14,17,22,32,39,-0.11290322580645161,neutral
VRCLGNGL,54,49,56,62,103,118,-0.11278195488721804,neutral
GCHIRFNN,63,49,61,67,112,128,-0.11267605633802817,neutral
YRGLYCHG,25,16,22,27,41,49,-0.11267605633802817,neutral
CIRYVFGV,26,15,27,22,41,49,-0.11267605633802817,neutral
HGHFVVCC,27,14,29,20,41,49,-0.11267605633802817,neutral
IYGSSNDV,26,15,25,24,41,49,-0.11267605633802817,neutral
NIGVYNNR,21,29,26,33,50,59,-0.1125,neutral
FGVHHSDR,83,65,86,82,148,168,-0.11235955056179775,neutral
GLHLNFGS,52,34,42,57,86,99,-0.11206896551724138,neutral
NLVFGSGH,69,53,65,74,122,139,-0.1118421052631579,neutral
YVLVDNGS,78,62,82,77,140,159,-0.11176470588235295,neutral
CFDRNGVC,24,18,23,27,42,50,-0.1111111111111111,neutral
CCGRSSHS,10,5,10,10,15,20,-0.1111111111111111,neutral
NGCFDGGS,7,8,8,12,15,20,-0.1111111111111111,neutral
CGHGSCGL,12,3,9,11,15,20,-0.1111111111111111,neutral
VVIFYFVL,4,2,4,6,6,10,-0.1111111111111111,neutral
RFGHRSIF,16,17,15,25,33,40,-0.1111111111111111,neutral
DIIDVCGR,15,9,11,19,24,30,-0.1111111111111111,neutral
LCRGVIRV,9,6,8,12,15,20,-0.1111111111111111,neutral
RGLDDNRD,4,2,4,6,6,10,-0.1111111111111111,neutral
FFDCVGCV,7,8,12,8,15,20,-0.1111111111111111,neutral
HGNGNDLD,17,16,21,19,33,40,-0.1111111111111111,neutral
YNFSCFDG,6,0,2,8,6,10,-0.1111111111111111,neutral
SNVFRHDD,62,43,51,69,105,120,-0.1111111111111111,neutral
IFGCVGFR,29,13,22,28,42,50,-0.1111111111111111,neutral
LNVRCVGN,4,2,7,3,6,10,-0.1111111111111111,neutral
CCVDVILS,52,35,50,50,87,100,-0.1111111111111111,neutral
SCCGFYVS,11,4,6,14,15,20,-0.1111111111111111,neutral
IVNDNLCG,29,22,21,39,51,60,-0.1111111111111111,neutral
YFDDFLIN,7,8,9,11,15,20,-0.1111111111111111,neutral
CVDDSRSH,3,3,4,6,6,10,-0.1111111111111111,neutral
IRSCFGLC,31,20,24,36,51,60,-0.1111111111111111,neutral
CIVDVRSV,7,8,5,15,15,20,-0.1111111111111111,neutral
RYFRCSGC,5,1,3,7,6,10,-0.1111111111111111,neutral
VYRDLIRN,36,24,34,36,60,70,-0.1111111111111111,neutral
IFVCFLFL,3,3,3,7,6,10,-0.1111111111111111,neutral
GVDCHLCH,7,8,10,10,15,20,-0.1111111111111111,neutral
FRYRGIRG,2,4,1,9,6,10,-0.1111111111111111,neutral
DFDNGGRI,60,46,64,57,106,121,-0.11029411764705882,neutral
IVLYVDGC,46,42,56,45,88,101,-0.11016949152542373,neutral
FLNDRVSD,52,36,45,56,88,101,-0.11016949152542373,neutral
YGGIVHVY,42,37,50,41,79,91,-0.11009174311926606,neutral
VYYDGFLC,36,25,39,32,61,71,-0.10989010989010989,neutral
RGIFGVGC,84,68,87,85,152,172,-0.10989010989010989,neutral
DGSDHSDF,35,17,24,37,52,61,-0.10975609756097561,neutral
SVHRCFLV,27,25,28,33,52,61,-0.10975609756097561,neutral
VFCIRRGH,31,21,32,29,52,61,-0.10975609756097561,neutral
YRNCCLGV,28,24,24,37,52,61,-0.10975609756097561,neutral
YNVVVGSI,32,20,30,31,52,61,-0.10975609756097561,neutral
HCFGVRNL,31,21,28,33,52,61,-0.10975609756097561,neutral
RHRGCRRV,30,13,19,32,43,51,-0.1095890410958904,neutral
VRNCRVCY,28,15,26,25,43,51,-0.1095890410958904,neutral
GGVSVGCC,61,46,62,60,107,122,-0.10948905109489052,neutral
LLYCYCGV,24,10,20,21,34,41,-0.109375,neutral
FSGVVSCI,26,8,26,15,34,41,-0.109375,neutral
YVRLNCRC,26,8,20,21,34,41,-0.109375,neutral
CGGGVSCG,54,35,56,46,89,102,-0.1092436974789916,neutral
RFCGNFRV,17,8,17,14,25,31,-0.10909090909090909,neutral
VCCSGVNR,12,13,12,19,25,31,-0.10909090909090909,neutral
DYCGRLGC,14,11,13,18,25,31,-0.10909090909090909,neutral
IGRHYSVC,15,10,17,14,25,31,-0.10909090909090909,neutral
IRGCCRSD,19,6,12,19,25,31,-0.10909090909090909,neutral
GIGSCIGC,12,13,17,14,25,31,-0.10909090909090909,neutral
FLLCDNLC,15,10,16,15,25,31,-0.10909090909090909,neutral
CVRSCVVS,10,6,7,14,16,21,-0.10869565217391304,neutral
HLCDDVVD,13,3,9,12,16,21,-0.10869565217391304,neutral
NYGSVGCL,9,7,6,15,16,21,-0.10869565217391304,neutral
INVGNVLV,58,50,55,68,108,123,-0.10869565217391304,neutral
FHGLLSVH,11,5,11,10,16,21,-0.10869565217391304,neutral
YYGLRRVR,14,2,9,12,16,21,-0.10869565217391304,neutral
RFGDNRSF,13,3,11,10,16,21,-0.10869565217391304,neutral
NLGDCHFH,10,6,9,12,16,21,-0.10869565217391304,neutral
GSFGINVD,31,22,26,36,53,62,-0.10843373493975904,neutral
RFGGSSVS,32,21,26,36,53,62,-0.10843373493975904,neutral
SDDRGSFS,27,26,31,31,53,62,-0.10843373493975904,neutral
FVGGHCVN,39,42,41,52,81,93,-0.10810810810810811,neutral
DIRFVVCS,5,2,9,2,7,11,-0.10810810810810811,neutral
YDNCDVCD,5,2,5,6,7,11,-0.10810810810810811,neutral
FSLDCRRG,30,14,21,31,44,52,-0.10810810810810811,neutral
DRRIISIS,4,3,4,7,7,11,-0.10810810810810811,neutral
HLVVCFVD,7,0,3,8,7,11,-0.10810810810810811,neutral
GRRIVVRC,3,4,5,6,7,11,-0.10810810810810811,neutral
GLCLNRIG,34,38,43,40,72,83,-0.10784313725490197,neutral
GVIRHDIG,38,34,40,43,72,83,-0.10784313725490197,neutral
VFGCYVRC,21,14,18,24,35,42,-0.1076923076923077,neutral
GNVCVIDS,53,38,46,58,91,104,-0.10743801652892562,neutral
HNFCGNVN,55,36,43,61,91,104,-0.10743801652892562,neutral
DDVCGSFD,12,14,16,16,26,32,-0.10714285714285714,neutral
RRDGFFII,32,22,37,26,54,63,-0.10714285714285714,neutral
CGSFRFVV,72,66,78,78,138,156,-0.10714285714285714,neutral
RNLVINCC,16,10,15,17,26,32,-0.10714285714285714,neutral
FGCSRRYV,35,19,40,23,54,63,-0.10714285714285714,neutral
SHSLFYLH,21,5,10,22,26,32,-0.10714285714285714,neutral
NICRSGCD,16,10,10,22,26,32,-0.10714285714285714,neutral
NNLSVVDL,25,29,30,33,54,63,-0.10714285714285714,neutral
FRHNHDRR,15,11,16,16,26,32,-0.10714285714285714,neutral
VGDIGHHH,15,11,19,13,26,32,-0.10714285714285714,neutral
YNLDDICF,29,25,32,31,54,63,-0.10714285714285714,neutral
DRFVGRCF,15,11,14,18,26,32,-0.10714285714285714,neutral
GIHVCDGC,29,16,30,23,45,53,-0.10666666666666667,neutral
VGLHVDNG,29,16,21,32,45,53,-0.10666666666666667,neutral
VNGCINGD,30,15,28,25,45,53,-0.10666666666666667,neutral
YVVIGSRV,11,6,11,11,17,22,-0.10638297872340426,neutral
GYCGRNCD,7,10,14,8,17,22,-0.10638297872340426,neutral
IVIVRDGG,12,5,11,11,17,22,-0.10638297872340426,neutral
DLRFVGCR,51,32,46,49,83,95,-0.10619469026548672,neutral
SCDHGCCG,22,14,22,21,36,43,-0.10606060606060606,neutral
SVCGVDIG,36,19,27,37,55,64,-0.10588235294117647,neutral
NFFRCLSR,32,23,34,30,55,64,-0.10588235294117647,neutral
IFGYDFGV,34,21,27,37,55,64,-0.10588235294117647,neutral
FHSHHFCY,27,28,33,31,55,64,-0.10588235294117647,neutral
GRNCCVGN,32,23,28,36,55,64,-0.10588235294117647,neutral
CNHDVCID,31,24,37,27,55,64,-0.10588235294117647,neutral
GIYNGRVD,29,26,37,27,55,64,-0.10588235294117647,neutral
CLSGSDYC,4,4,4,8,8,12,-0.10526315789473684,neutral
GSFCVDGC,48,36,51,45,84,96,-0.10526315789473684,neutral
RHFGVLGC,18,9,16,17,27,33,-0.10526315789473684,neutral
SCVRIGGR,16,11,17,16,27,33,-0.10526315789473684,neutral
SHRFGFIV,41,24,35,40,65,75,-0.10526315789473684,neutral
NVGVSIDV,3,5,6,6,8,12,-0.10526315789473684,neutral
VSILDRSL,7,1,3,9,8,12,-0.10526315789473684,neutral
VLDCFRGG,5,3,8,4,8,12,-0.10526315789473684,neutral
YLGSDDIR,39,26,47,28,65,75,-0.10526315789473684,neutral
VFCGYRRV,39,26,36,39,65,75,-0.10526315789473684,neutral
SSFIISRL,5,3,6,6,8,12,-0.10526315789473684,neutral
CYVRDFGV,51,33,48,48,84,96,-0.10526315789473684,neutral
GVSLHSII,5,3,10,2,8,12,-0.10526315789473684,neutral
FIFSSYCH,3,5,4,8,8,12,-0.10526315789473684,neutral
RNVVRCRV,19,8,16,17,27,33,-0.10526315789473684,neutral
SFGCVILH,29,17,22,32,46,54,-0.10526315789473684,neutral
VNHGNGGC,29,17,28,26,46,54,-0.10526315789473684,neutral
FYSSRCNH,26,20,29,25,46,54,-0.10526315789473684,neutral
GVVGGDSC,4,4,7,5,8,12,-0.10526315789473684,neutral
DYNCVLYI,43,32,40,46,75,86,-0.10476190476190476,neutral
FNGGRYSD,44,31,38,48,75,86,-0.10476190476190476,neutral
GFYRGHNS,40,26,31,45,66,76,-0.10416666666666667,neutral
YNNRRGCV,29,18,21,34,47,55,-0.1038961038961039,neutral
DRVCHNRC,43,33,37,50,76,87,-0.10377358490566038,neutral
SHILDGDG,59,46,50,69,105,119,-0.1037037037037037,neutral
SFGLHYRL,12,16,17,17,28,34,-0.10344827586206896,neutral
FFDFCLRG,35,22,28,38,57,66,-0.10344827586206896,neutral
NDDCGFRC,60,55,68,62,115,130,-0.10344827586206896,neutral
CFSGNSCI,20,8,15,19,28,34,-0.10344827586206896,neutral
GFDYHVDR,11,17,14,20,28,34,-0.10344827586206896,neutral
SGYRLIGI,21,7,11,23,28,34,-0.10344827586206896,neutral
VLRRGNDD,62,53,60,70,115,130,-0.10344827586206896,neutral
NSSCVVDG,19,9,17,17,28,34,-0.10344827586206896,neutral
FNVDDRDG,18,10,15,19,28,34,-0.10344827586206896,neutral
RRSCYGVC,43,24,39,38,67,77,-0.10309278350515463,neutral
VDSGVVID,43,24,38,39,67,77,-0.10309278350515463,neutral
VNHGVGSF,41,26,42,35,67,77,-0.10309278350515463,neutral
VHIGDCGI,42,25,44,33,67,77,-0.10309278350515463,neutral
SGGFHYGG,26,12,20,25,38,45,-0.10294117647058823,neutral
LYIRCSHV,26,12,25,20,38,45,-0.10294117647058823,neutral
CVRVRCFS,24,24,27,29,48,56,-0.10256410256410256,neutral
IDCYGLVL,26,22,28,28,48,56,-0.10256410256410256,neutral
CCVSHSRI,7,2,2,11,9,13,-0.10256410256410256,neutral
FNGCSGDC,7,2,7,6,9,13,-0.10256410256410256,neutral
VCGDSCVV,7,2,1,12,9,13,-0.10256410256410256,neutral
CDGDVCCC,7,2,3,10,9,13,-0.10256410256410256,neutral
FFCFFNFY,5,4,6,7,9,13,-0.10256410256410256,neutral
VCDVVVGI,58,39,58,52,97,110,-0.10236220472440945,neutral
GILYDDYI,12,7,11,13,19,24,-0.10204081632653061,neutral
FFVFYFGF,12,7,10,14,19,24,-0.10204081632653061,neutral
RDLCCSHS,40,28,34,44,68,78,-0.10204081632653061,neutral
LNNVVRCG,12,7,13,11,19,24,-0.10204081632653061,neutral
GHGVNGVF,14,5,13,11,19,24,-0.10204081632653061,neutral
SYRYGVIL,14,5,14,10,19,24,-0.10204081632653061,neutral
YSRLCSGV,10,9,15,9,19,24,-0.10204081632653061,neutral
GFCSIFRV,72,55,69,74,127,143,-0.10191082802547771,neutral
RSDGDFLG,48,30,38,51,78,89,-0.10185185185185185,neutral
IVGGLNCV,19,10,13,22,29,35,-0.1016949152542373,neutral
NFDGCIRV,47,41,44,56,88,100,-0.1016949152542373,neutral
LCNLGSIH,22,17,20,26,39,46,-0.10144927536231885,neutral
SRYVDLGL,66,52,67,66,118,133,-0.10135135135135136,neutral
YIRYGRRI,26,23,29,28,49,57,-0.10126582278481013,neutral
VSFGGVGH,31,18,30,27,49,57,-0.10126582278481013,neutral
RVLSCVRD,25,24,29,28,49,57,-0.10126582278481013,neutral
IFLSRISS,31,18,25,32,49,57,-0.10126582278481013,neutral
FIHSVCHN,53,36,49,52,89,101,-0.10084033613445378,neutral
VNGSFSNH,37,33,43,37,70,80,-0.1,neutral
VCFGFDVV,6,4,6,8,10,14,-0.1,neutral
SFVGGFGG,31,19,33,25,50,58,-0.1,neutral
IFSDVIFL,52,38,46,56,90,102,-0.1,neutral
GCGVSFHI,24,6,23,13,30,36,-0.1,neutral
HCDGNDDV,6,4,5,9,10,14,-0.1,neutral
YLYFIHDI,11,9,12,13,20,25,-0.1,neutral
DNNIINVS,25,15,26,21,40,47,-0.1,neutral
GYIGVFSV,11,9,12,13,20,25,-0.1,neutral
NFGICRIL,7,3,8,6,10,14,-0.1,neutral
SLSGDFDR,39,31,34,46,70,80,-0.1,neutral
CYSINGRI,9,11,12,13,20,25,-0.1,neutral
VDGVLVHS,7,3,4,10,10,14,-0.1,neutral
VVGVDGFD,18,12,18,18,30,36,-0.1,neutral
YGFDSGDD,11,9,12,13,20,25,-0.1,neutral
VVVRDCCS,20,10,23,13,30,36,-0.1,neutral
CCHSSSGG,5,5,6,8,10,14,-0.1,neutral
SCLGLFVG,14,6,15,10,20,25,-0.1,neutral
RCGCGGHR,23,7,11,25,30,36,-0.1,neutral
VFGGCRLV,20,10,18,18,30,36,-0.1,neutral
RDVCGGIH,14,6,11,14,20,25,-0.1,neutral
CVSRVVCC,67,54,68,68,121,136,-0.09933774834437085,neutral
YDNRVCCG,62,49,56,69,111,125,-0.09929078014184398,neutral
RCLVSLGV,39,32,40,41,71,81,-0.09900990099009901,neutral
DRFYVRGC,45,26,40,41,71,81,-0.09900990099009901,neutral
CDGDCVCC,45,26,36,45,71,81,-0.09900990099009901,neutral
GFSGHCVD,43,28,43,38,71,81,-0.09900990099009901,neutral
INHLFLVG,45,26,45,36,71,81,-0.09900990099009901,neutral
GVFVVDNR,37,24,32,38,61,70,-0.0989010989010989,neutral
RFNGDGVH,31,20,26,33,51,59,-0.09876543209876543,neutral
FNGSFGRG,25,16,22,26,41,48,-0.09859154929577464,neutral
DVVCRSGY,22,19,19,29,41,48,-0.09859154929577464,neutral
VCFGVRNL,26,15,28,20,41,48,-0.09859154929577464,neutral
RLGRGCSD,59,43,63,52,102,115,-0.09848484848484848,neutral
SCVNRVVG,23,8,11,26,31,37,-0.09836065573770492,neutral
YCCDNGHV,16,15,23,14,31,37,-0.09836065573770492,neutral
CHSFICSV,18,13,19,18,31,37,-0.09836065573770492,neutral
SFFYHCCH,23,8,20,17,31,37,-0.09836065573770492,neutral
NICVGRHS,12,9,21,5,21,26,-0.09803921568627451,neutral
RLVGRCDI,44,28,43,39,72,82,-0.09803921568627451,neutral
GLLHSNVL,15,6,15,11,21,26,-0.09803921568627451,neutral
GNCCIRIH,13,8,15,11,21,26,-0.09803921568627451,neutral
VNHVCNSI,43,29,37,45,72,82,-0.09803921568627451,neutral
FCDLVRSH,41,31,42,40,72,82,-0.09803921568627451,neutral
SGGGCNCG,13,8,11,15,21,26,-0.09803921568627451,neutral
HNFCLSVC,36,26,36,35,62,71,-0.09782608695652174,neutral
VFNFDSLF,8,3,9,6,11,15,-0.0975609756097561,neutral
FFRGRGRF,4,7,6,9,11,15,-0.0975609756097561,neutral
FIVRDLRC,35,17,27,33,52,60,-0.0975609756097561,neutral
IGFLFCHS,4,7,9,6,11,15,-0.0975609756097561,neutral
FDYNVRGD,7,4,5,10,11,15,-0.0975609756097561,neutral
LGDRHVDI,7,4,7,8,11,15,-0.0975609756097561,neutral
VCRNHFLV,56,37,47,58,93,105,-0.0975609756097561,neutral
RSVVCNDR,9,2,6,9,11,15,-0.0975609756097561,neutral
VYRNCIYS,32,20,27,33,52,60,-0.0975609756097561,neutral
NFRYGNVV,7,4,4,11,11,15,-0.0975609756097561,neutral
LCYRVIHG,7,4,7,8,11,15,-0.0975609756097561,neutral
DGHNCFVH,24,18,20,29,42,49,-0.09722222222222222,neutral
NSFVSNGR,26,16,23,26,42,49,-0.09722222222222222,neutral
LRSYRDCI,27,15,21,28,42,49,-0.09722222222222222,neutral
LVCNYIRV,42,31,40,43,73,83,-0.0970873786407767,neutral
LGGIDCIL,1,0,3,1,1,4,-0.0967741935483871,neutral
ICDRSLVV,1,0,2,2,1,4,-0.0967741935483871,neutral
IIRRCDGS,1,0,0,4,1,4,-0.0967741935483871,neutral
IDVVGGCL,1,0,3,1,1,4,-0.0967741935483871,neutral
CGDFCHGG,18,14,15,23,32,38,-0.0967741935483871,neutral
CSVRNRVH,37,26,34,38,63,72,-0.0967741935483871,neutral
CVRCGSCG,1,0,3,1,1,4,-0.0967741935483871,neutral
CFGGRCVR,0,1,3,1,1,4,-0.0967741935483871,neutral
GDGFLVRG,0,1,0,4,1,4,-0.0967741935483871,neutral
RFDHNRDC,0,1,3,1,1,4,-0.0967741935483871,neutral
SFHSSDVR,1,0,3,1,1,4,-0.0967741935483871,neutral
LCVGLFDF,1,0,2,2,1,4,-0.0967741935483871,neutral
FYCCVGRS,0,1,3,1,1,4,-0.0967741935483871,neutral
FCDSCFLL,0,1,2,2,1,4,-0.0967741935483871,neutral
RFVGDICL,0,1,2,2,1,4,-0.0967741935483871,neutral
RYHCRYCF,0,1,3,1,1,4,-0.0967741935483871,neutral
HYFNVSHV,0,1,2,2,1,4,-0.0967741935483871,neutral
CCGDHHID,1,0,2,2,1,4,-0.0967741935483871,neutral
RCVGRILS,1,0,2,2,1,4,-0.0967741935483871,neutral
RLLRLGND,1,0,3,1,1,4,-0.0967741935483871,neutral
CGDRVIRL,1,0,3,1,1,4,-0.0967741935483871,neutral
FCRGISRI,0,1,1,3,1,4,-0.0967741935483871,neutral
VSIGYDGD,0,1,1,3,1,4,-0.0967741935483871,neutral
SLNSFIHC,1,0,2,2,1,4,-0.0967741935483871,neutral
GCRIIDVC,0,1,3,1,1,4,-0.0967741935483871,neutral
CGHCCYSV,1,0,1,3,1,4,-0.0967741935483871,neutral
FSIGHIVV,1,0,3,1,1,4,-0.0967741935483871,neutral
RSDIRDCL,1,0,2,2,1,4,-0.0967741935483871,neutral
LVNCISRI,1,0,3,1,1,4,-0.0967741935483871,neutral
GRRISNVI,1,0,2,2,1,4,-0.0967741935483871,neutral
FSGRNSVR,1,0,3,1,1,4,-0.0967741935483871,neutral
FFSGYIRN,1,0,3,1,1,4,-0.0967741935483871,neutral
LCVRSSRG,0,1,1,3,1,4,-0.0967741935483871,neutral
ICGDLCLS,0,1,1,3,1,4,-0.0967741935483871,neutral
VVVCIVGG,0,1,2,2,1,4,-0.0967741935483871,neutral
ILCSIVRG,1,0,3,1,1,4,-0.0967741935483871,neutral
GLVYNGYL,1,0,1,3,1,4,-0.0967741935483871,neutral
SDCYCGRI,1,0,1,3,1,4,-0.0967741935483871,neutral
FCGDRVGH,0,1,1,3,1,4,-0.0967741935483871,neutral
FLSDRGRV,0,1,2,2,1,4,-0.0967741935483871,neutral
CGCDGFGG,1,0,1,3,1,4,-0.0967741935483871,neutral
FRCGHRDH,1,0,2,2,1,4,-0.0967741935483871,neutral
HNNCFLRG,1,0,2,2,1,4,-0.0967741935483871,neutral
FRFSGSGI,0,1,3,1,1,4,-0.0967741935483871,neutral
CRCDVVCV,1,0,1,3,1,4,-0.0967741935483871,neutral
FFSRVLRV,0,1,3,1,1,4,-0.0967741935483871,neutral
ISVRGSRG,0,1,2,2,1,4,-0.0967741935483871,neutral
SNYCGRIH,24,8,16,22,32,38,-0.0967741935483871,neutral
FFRCVDNS,0,1,1,3,1,4,-0.0967741935483871,neutral
RGVCLINI,1,0,2,2,1,4,-0.0967741935483871,neutral
CSCGVSGS,0,1,4,0,1,4,-0.0967741935483871,neutral
FFVCFISV,1,0,2,2,1,4,-0.0967741935483871,neutral
RGRFDVRD,1,0,1,3,1,4,-0.0967741935483871,neutral
CFGVGLSV,1,0,1,3,1,4,-0.0967741935483871,neutral
VRDDSIGC,1,0,1,3,1,4,-0.0967741935483871,neutral
VHGDDVIF,1,0,3,1,1,4,-0.0967741935483871,neutral
NGCYRVVR,0,1,2,2,1,4,-0.0967741935483871,neutral
LVVSVSSS,0,1,1,3,1,4,-0.0967741935483871,neutral
CDRHSDRC,0,1,2,2,1,4,-0.0967741935483871,neutral
VGRLHYCV,1,0,3,1,1,4,-0.0967741935483871,neutral
SLSRDSCG,21,11,19,19,32,38,-0.0967741935483871,neutral
CDCLRNRG,0,1,2,2,1,4,-0.0967741935483871,neutral
VFGSGNGL,1,0,2,2,1,4,-0.0967741935483871,neutral
CFSCVCFV,0,1,4,0,1,4,-0.0967741935483871,neutral
FSCCHDFC,1,0,3,1,1,4,-0.0967741935483871,neutral
CVLRVDVS,0,1,0,4,1,4,-0.0967741935483871,neutral
VCSVGGRN,1,0,3,1,1,4,-0.0967741935483871,neutral
RCFVRRSF,1,0,2,2,1,4,-0.0967741935483871,neutral
DVRGISLV,0,1,1,3,1,4,-0.0967741935483871,neutral
CVSCRIGC,1,0,3,1,1,4,-0.0967741935483871,neutral
SVGLNFGG,1,0,2,2,1,4,-0.0967741935483871,neutral
YYGVHCDS,1,0,2,2,1,4,-0.0967741935483871,neutral
GFRGISLV,0,1,4,0,1,4,-0.0967741935483871,neutral
SVCRVCSV,0,1,0,4,1,4,-0.0967741935483871,neutral
GRGIVSFC,1,0,0,4,1,4,-0.0967741935483871,neutral
LLRDVVDN,1,0,2,2,1,4,-0.0967741935483871,neutral
CDLFGFVG,0,1,1,3,1,4,-0.0967741935483871,neutral
GRRIISFG,0,1,0,4,1,4,-0.0967741935483871,neutral
CIYFDHLS,0,1,0,4,1,4,-0.0967741935483871,neutral
FCNDSLVS,1,0,2,2,1,4,-0.0967741935483871,neutral
FFGDDCCS,0,1,1,3,1,4,-0.0967741935483871,neutral
VRCCDINV,0,1,2,2,1,4,-0.0967741935483871,neutral
CCDRRDCC,1,0,3,1,1,4,-0.0967741935483871,neutral
LRGDVICF,1,0,2,2,1,4,-0.0967741935483871,neutral
CCGSRFLV,1,0,3,1,1,4,-0.0967741935483871,neutral
HGGRRIVD,0,1,4,0,1,4,-0.0967741935483871,neutral
HLDRRIRH,0,1,2,2,1,4,-0.0967741935483871,neutral
CLYFDNLS,0,1,2,2,1,4,-0.0967741935483871,neutral
GSDNFCND,1,0,1,3,1,4,-0.0967741935483871,neutral
VSCCRRGD,0,1,0,4,1,4,-0.0967741935483871,neutral
VVFRIGSV,0,1,3,1,1,4,-0.0967741935483871,neutral
CCDRINRI,1,0,2,2,1,4,-0.0967741935483871,neutral
FCHCFSHY,1,0,2,2,1,4,-0.0967741935483871,neutral
LCHDCILR,1,0,0,4,1,4,-0.0967741935483871,neutral
RFVFGGVL,20,12,18,20,32,38,-0.0967741935483871,neutral
GIGIDGGG,0,1,1,3,1,4,-0.0967741935483871,neutral
YVFFRCHR,1,0,3,1,1,4,-0.0967741935483871,neutral
VLVGHVCG,1,0,2,2,1,4,-0.0967741935483871,neutral
VDNVCRVV,0,1,1,3,1,4,-0.0967741935483871,neutral
VSGLSFVI,1,0,3,1,1,4,-0.0967741935483871,neutral
NICFCSRV,1,0,1,3,1,4,-0.0967741935483871,neutral
CHRCISRR,1,0,3,1,1,4,-0.0967741935483871,neutral
SHCDGGHL,1,0,1,3,1,4,-0.0967741935483871,neutral
CRRIISHD,1,0,3,1,1,4,-0.0967741935483871,neutral
YDISYCYH,0,1,1,3,1,4,-0.0967741935483871,neutral
IDVVGRCH,0,1,1,3,1,4,-0.0967741935483871,neutral
SICFVNVR,1,0,3,1,1,4,-0.0967741935483871,neutral
GDGVNLSC,0,1,0,4,1,4,-0.0967741935483871,neutral
YNGGGSHD,55,39,44,62,94,106,-0.0967741935483871,neutral
FYGVHFDS,1,0,1,3,1,4,-0.0967741935483871,neutral
CVVGSFSC,1,0,3,1,1,4,-0.0967741935483871,neutral
RVNGVRCG,1,0,2,2,1,4,-0.0967741935483871,neutral
NFGRHIHC,0,1,0,4,1,4,-0.0967741935483871,neutral
FIRCGCFV,0,1,1,3,1,4,-0.0967741935483871,neutral
IYGVHCDS,1,0,3,1,1,4,-0.0967741935483871,neutral
YVSNNFRI,51,33,44,51,84,95,-0.09649122807017543,neutral
GGGDRINY,51,33,46,49,84,95,-0.09649122807017543,neutral
RLNSGVDV,32,21,34,27,53,61,-0.0963855421686747,neutral
YRDICYLR,33,20,33,28,53,61,-0.0963855421686747,neutral
ICVFDGGS,59,46,57,61,105,118,-0.0962962962962963,neutral
CCVDVGGS,58,47,61,57,105,118,-0.0962962962962963,neutral
FRGCDNDV,60,45,50,68,105,118,-0.0962962962962963,neutral
VRCNVGCH,61,44,54,64,105,118,-0.0962962962962963,neutral
CNRYCIGV,13,9,11,16,22,27,-0.09615384615384616,neutral
RIVYRRNC,18,4,10,17,22,27,-0.09615384615384616,neutral
RIRNCCGV,14,8,16,11,22,27,-0.09615384615384616,neutral
RRVVCVSN,40,34,38,46,74,84,-0.09615384615384616,neutral
CSSNGVFH,11,11,11,16,22,27,-0.09615384615384616,neutral
CNINVNDG,30,13,29,21,43,50,-0.0958904109589041,neutral
GNGVNFSR,31,12,25,25,43,50,-0.0958904109589041,neutral
LVIGRSVI,31,12,23,27,43,50,-0.0958904109589041,neutral
NCVYSFVC,26,17,26,24,43,50,-0.0958904109589041,neutral
FCFGIDLF,26,17,25,25,43,50,-0.0958904109589041,neutral
LYFNYCNR,23,10,19,20,33,39,-0.09523809523809523,neutral
CGGGDCVG,23,10,21,18,33,39,-0.09523809523809523,neutral
VFCGHFYC,8,4,11,5,12,16,-0.09523809523809523,neutral
LFRRSIVL,7,5,4,12,12,16,-0.09523809523809523,neutral
YNCCVSSV,22,11,18,21,33,39,-0.09523809523809523,neutral
SFVGVCSH,22,11,17,22,33,39,-0.09523809523809523,neutral
CSSVVCIH,19,14,23,16,33,39,-0.09523809523809523,neutral
GIRDICIV,19,14,12,27,33,39,-0.09523809523809523,neutral
FCSNVVCN,57,50,63,57,107,120,-0.0948905109489051,neutral
YNIRSCIV,52,34,51,46,86,97,-0.09482758620689655,neutral
RCFRDDSN,38,27,42,32,65,74,-0.09473684210526316,neutral
LGHHIGCL,26,18,19,32,44,51,-0.0945945945945946,neutral
FDCDNNGR,54,43,53,56,97,109,-0.09448818897637795,neutral
FSSRLCSD,13,10,17,11,23,28,-0.09433962264150944,neutral
SSFGFHRG,33,22,28,35,55,63,-0.09411764705882353,neutral
DISILNLH,35,20,35,28,55,63,-0.09411764705882353,neutral
ICGVNYSR,29,26,33,30,55,63,-0.09411764705882353,neutral
VHDIHNGN,30,25,32,31,55,63,-0.09411764705882353,neutral
FCFCVYCL,1,1,4,1,2,5,-0.09375,neutral
FLCSSVRG,2,0,2,3,2,5,-0.09375,neutral
FFDYNDLG,2,0,4,1,2,5,-0.09375,neutral
VCIVLCCD,1,1,2,3,2,5,-0.09375,neutral
YCRRGCLI,1,1,2,3,2,5,-0.09375,neutral
FGIGLIHV,1,1,3,2,2,5,-0.09375,neutral
DCVVGSGD,0,2,1,4,2,5,-0.09375,neutral
YYGDGRCN,1,1,3,2,2,5,-0.09375,neutral
FIGVNLVC,0,2,1,4,2,5,-0.09375,neutral
VSFNRCVC,21,13,16,24,34,40,-0.09375,neutral
GSCGFSGS,1,1,4,1,2,5,-0.09375,neutral
FVLRHRCI,21,13,23,17,34,40,-0.09375,neutral
GDVSYCVR,1,1,2,3,2,5,-0.09375,neutral
VYHCHGVS,38,28,40,35,66,75,-0.09375,neutral
HGDHSCGI,2,0,0,5,2,5,-0.09375,neutral
FVCSLLHS,19,15,22,18,34,40,-0.09375,neutral
YNCLDCRG,0,2,1,4,2,5,-0.09375,neutral
CSFHLVRS,1,1,2,3,2,5,-0.09375,neutral
GVRGIILV,0,2,2,3,2,5,-0.09375,neutral
LFDFRGIG,1,1,5,0,2,5,-0.09375,neutral
HFGSGGHL,2,0,3,2,2,5,-0.09375,neutral
CCGGGRCC,2,0,1,4,2,5,-0.09375,neutral
GRRIIRSV,0,2,4,1,2,5,-0.09375,neutral
GLRSIIVF,2,0,1,4,2,5,-0.09375,neutral
IYSRVDRF,2,0,4,1,2,5,-0.09375,neutral
VSIINGSG,2,0,2,3,2,5,-0.09375,neutral
VGCFRNDC,1,1,4,1,2,5,-0.09375,neutral
CNVFVGNC,2,0,2,3,2,5,-0.09375,neutral
HCGIDCGN,74,56,69,76,130,145,-0.09375,neutral
CCYNRGDS,2,0,2,3,2,5,-0.09375,neutral
GVCSRVVR,2,0,1,4,2,5,-0.09375,neutral
GFNVLRLD,47,30,45,42,77,87,-0.09345794392523364,neutral
VLYSDSRC,68,52,70,64,120,134,-0.09333333333333334,neutral
RVDFVGGV,29,16,19,33,45,52,-0.09333333333333334,neutral
GGFRNNLC,29,16,21,31,45,52,-0.09333333333333334,neutral
HGSSDFCD,29,16,27,25,45,52,-0.09333333333333334,neutral
LYNVDRGC,48,40,47,52,88,99,-0.09322033898305085,neutral
SGCDCGVR,46,42,50,49,88,99,-0.09322033898305085,neutral
SFGDHGCV,33,23,32,32,56,64,-0.09302325581395349,neutral
FYCCVGSG,9,4,9,8,13,17,-0.09302325581395349,neutral
CVIDCRRL,11,2,8,9,13,17,-0.09302325581395349,neutral
FINGSRIR,9,4,9,8,13,17,-0.09302325581395349,neutral
DDCRCVVD,78,64,78,80,142,158,-0.09302325581395349,neutral
FYFFFGCC,5,8,9,8,13,17,-0.09302325581395349,neutral
VIGCHSVI,59,40,61,50,99,111,-0.09302325581395349,neutral
CVGYLNHN,10,3,8,9,13,17,-0.09302325581395349,neutral
CSCVSNRG,58,41,54,57,99,111,-0.09302325581395349,neutral
IHGCDHVV,37,30,39,37,67,76,-0.09278350515463918,neutral
CIVVNNGD,31,36,32,44,67,76,-0.09278350515463918,neutral
HNNVNFCL,43,24,38,38,67,76,-0.09278350515463918,neutral
SSCGIRSS,47,31,35,53,78,88,-0.09259259259259259,neutral
CVVSVCHD,17,7,8,21,24,29,-0.09259259259259259,neutral
LGICFRRV,44,34,35,53,78,88,-0.09259259259259259,neutral
RVVVRCLD,15,9,16,13,24,29,-0.09259259259259259,neutral
GVDNRVRY,11,13,11,18,24,29,-0.09259259259259259,neutral
FISCDDNH,52,37,50,50,89,100,-0.09243697478991597,neutral
DVLVRCDG,24,11,24,17,35,41,-0.09230769230769231,neutral
LFGYLGCH,24,11,19,22,35,41,-0.09230769230769231,neutral
CSIHVRCV,64,47,63,61,111,124,-0.09219858156028368,neutral
SIVLRGDV,28,18,26,27,46,53,-0.09210526315789473,neutral
NLRLLYVD,32,14,29,24,46,53,-0.09210526315789473,neutral
HNGGSIVF,37,20,27,38,57,65,-0.09195402298850575,neutral
YINNRNVN,36,21,30,35,57,65,-0.09195402298850575,neutral
SCRVNGVG,80,64,71,89,144,160,-0.09195402298850575,neutral
GGFNVRSG,36,21,31,34,57,65,-0.09195402298850575,neutral
CRHFHGRL,48,31,52,37,79,89,-0.09174311926605505,neutral
FRNSIVGF,49,30,37,52,79,89,-0.09174311926605505,neutral
FHVSHLHN,48,31,42,47,79,89,-0.09174311926605505,neutral
FFVDCYGI,47,43,56,45,90,101,-0.09166666666666666,neutral
NYRCVVSN,59,42,57,56,101,113,-0.0916030534351145,neutral
GINGRCFV,60,41,51,62,101,113,-0.0916030534351145,neutral
NYGLYFIL,2,1,5,1,3,6,-0.09090909090909091,neutral
RNLGGFCL,22,14,26,16,36,42,-0.09090909090909091,neutral
YGGNGFSG,21,15,26,16,36,42,-0.09090909090909091,neutral
CGLVSLFL,2,1,4,2,3,6,-0.09090909090909091,neutral
SDIRCGGR,20,16,16,26,36,42,-0.09090909090909091,neutral
GDIGCCGC,1,2,2,4,3,6,-0.09090909090909091,neutral
NDHHIIVC,30,17,29,25,47,54,-0.09090909090909091,neutral
HNISGDGS,51,40,50,52,91,102,-0.09090909090909091,neutral
HIGSGYRH,7,7,8,10,14,18,-0.09090909090909091,neutral
LGLLFSIS,2,1,4,2,3,6,-0.09090909090909091,neutral
FFHGVSDS,34,24,30,36,58,66,-0.09090909090909091,neutral
IDVCDNHV,8,6,6,12,14,18,-0.09090909090909091,neutral
ICNSLRIR,20,16,21,21,36,42,-0.09090909090909091,neutral
NCGDISDC,2,1,3,3,3,6,-0.09090909090909091,neutral
FCDSFISF,10,4,7,11,14,18,-0.09090909090909091,neutral
YGDHCRVD,17,19,25,17,36,42,-0.09090909090909091,neutral
GGSIDVSS,24,23,23,31,47,54,-0.09090909090909091,neutral
HLNCSSCN,27,9,25,17,36,42,-0.09090909090909091,neutral
GGSNGLFF,6,8,10,8,14,18,-0.09090909090909091,neutral
FLVFDYVC,35,23,31,35,58,66,-0.09090909090909091,neutral
IFGFFFFV,10,4,4,14,14,18,-0.09090909090909091,neutral
RGNRGHRF,20,16,16,26,36,42,-0.09090909090909091,neutral
GLCFVLLR,1,2,1,5,3,6,-0.09090909090909091,neutral
CNSGFNHV,18,7,16,14,25,30,-0.09090909090909091,neutral
CCGGGICV,3,0,5,1,3,6,-0.09090909090909091,neutral
RICSVYDR,23,13,22,20,36,42,-0.09090909090909091,neutral
RFDNLLSF,3,0,2,4,3,6,-0.09090909090909091,neutral
GDGLIRHG,2,1,2,4,3,6,-0.09090909090909091,neutral
VYYVSDLL,44,25,34,44,69,78,-0.09090909090909091,neutral
CFFHVDLC,1,2,3,3,3,6,-0.09090909090909091,neutral
FNVDSVNV,6,8,6,12,14,18,-0.09090909090909091,neutral
FCNDSSCN,32,15,29,25,47,54,-0.09090909090909091,neutral
VVGRYGSF,29,18,26,28,47,54,-0.09090909090909091,neutral
HCGFDNVR,28,19,28,26,47,54,-0.09090909090909091,neutral
SGGYNNDL,33,14,24,30,47,54,-0.09090909090909091,neutral
FRVCNLFH,22,3,14,16,25,30,-0.09090909090909091,neutral
DYSGHGIS,8,6,9,9,14,18,-0.09090909090909091,neutral
GRRIISHN,2,1,4,2,3,6,-0.09090909090909091,neutral
NVFSGDLS,2,1,5,1,3,6,-0.09090909090909091,neutral
DGSYRHFS,9,5,7,11,14,18,-0.09090909090909091,neutral
GRRIISLV,2,1,4,2,3,6,-0.09090909090909091,neutral
IVIDNHLG,28,19,30,24,47,54,-0.09090909090909091,neutral
RDIVNYVL,2,1,5,1,3,6,-0.09090909090909091,neutral
CISGICRC,1,2,3,3,3,6,-0.09090909090909091,neutral
FGICCFID,33,14,25,29,47,54,-0.09090909090909091,neutral
YDRVCIRH,82,64,88,74,146,162,-0.09090909090909091,neutral
SGDVFDGG,48,33,47,44,81,91,-0.09009009009009009,neutral
VHIVLGNC,47,34,36,55,81,91,-0.09009009009009009,neutral
ICSFRVVG,39,42,43,48,81,91,-0.09009009009009009,neutral
CVHIDVVR,37,33,34,45,70,79,-0.09,neutral
LCVDDSCG,42,28,39,40,70,79,-0.09,neutral
LDDLRGVV,38,21,31,36,59,67,-0.0898876404494382,neutral
SIGINFGL,24,24,26,29,48,55,-0.08974358974358974,neutral
SHIFRRCF,32,16,27,28,48,55,-0.08974358974358974,neutral
RFLLRDSV,27,21,25,30,48,55,-0.08974358974358974,neutral
FCSVRHRI,27,10,25,18,37,43,-0.08955223880597014,neutral
DIGYHFYC,15,22,19,24,37,43,-0.08955223880597014,neutral
GRFFGFFD,60,44,55,61,104,116,-0.08955223880597014,neutral
CGNGSICL,22,15,21,22,37,43,-0.08955223880597014,neutral
GYGFFRIC,14,12,15,16,26,31,-0.08928571428571429,neutral
HVHCVDNI,19,7,18,13,26,31,-0.08928571428571429,neutral
RDFRCSNL,43,28,37,43,71,80,-0.0891089108910891,neutral
NVFSRNVC,44,27,37,43,71,80,-0.0891089108910891,neutral
RFCFRIHH,32,28,32,36,60,68,-0.08888888888888889,neutral
CCNSIRRD,11,4,9,10,15,19,-0.08888888888888889,neutral
FNRCRCSG,11,4,9,10,15,19,-0.08888888888888889,neutral
DIRCVNCS,11,4,7,12,15,19,-0.08888888888888889,neutral
IRSFRGGF,11,4,11,8,15,19,-0.08888888888888889,neutral
FYSVDGRG,38,22,33,35,60,68,-0.08888888888888889,neutral
VCRLNFHS,28,21,27,29,49,56,-0.08860759493670886,neutral
VDNVGGFL,28,21,24,32,49,56,-0.08860759493670886,neutral
IDLNVCDD,31,18,22,34,49,56,-0.08860759493670886,neutral
GDSIYVSG,50,33,44,49,83,93,-0.08849557522123894,neutral
FVCCYYIC,2,2,4,3,4,7,-0.08823529411764706,neutral
SYFVLCRC,4,0,3,4,4,7,-0.08823529411764706,neutral
LCNRVVHL,42,30,39,42,72,81,-0.08823529411764706,neutral
HYGIGLRG,15,23,19,25,38,44,-0.08823529411764706,neutral
FFGIRYCH,2,2,3,4,4,7,-0.08823529411764706,neutral
CRGFLLVD,42,30,39,42,72,81,-0.08823529411764706,neutral
GVCRHVRL,4,0,4,3,4,7,-0.08823529411764706,neutral
DFFSNDNL,1,3,4,3,4,7,-0.08823529411764706,neutral
FGNFCLVD,4,0,4,3,4,7,-0.08823529411764706,neutral
LHGVCSSV,3,1,1,6,4,7,-0.08823529411764706,neutral
CLDSRVVI,3,1,4,3,4,7,-0.08823529411764706,neutral
GLVLRVGC,25,13,17,27,38,44,-0.08823529411764706,neutral
ISLVRSDS,3,1,5,2,4,7,-0.08823529411764706,neutral
GGRCRDGS,3,1,4,3,4,7,-0.08823529411764706,neutral
RHFFGLRG,4,0,1,6,4,7,-0.08823529411764706,neutral
HCNCVVSR,2,2,5,2,4,7,-0.08823529411764706,neutral
GLCRIYGC,3,1,2,5,4,7,-0.08823529411764706,neutral
SCGVGGVR,3,1,2,5,4,7,-0.08823529411764706,neutral
FCDSIVLV,61,45,62,56,106,118,-0.08823529411764706,neutral
NFHCDIRC,23,15,26,18,38,44,-0.08823529411764706,neutral
DYNRDYSV,3,1,4,3,4,7,-0.08823529411764706,neutral
GVHGFCRI,62,44,66,52,106,118,-0.08823529411764706,neutral
FSVNSVHG,2,2,2,5,4,7,-0.08823529411764706,neutral
VCCSGVNH,3,1,2,5,4,7,-0.08823529411764706,neutral
LCIISGSR,59,47,67,51,106,118,-0.08823529411764706,neutral
HVDSVVHL,23,15,16,28,38,44,-0.08823529411764706,neutral
LLYCSHVV,4,0,4,3,4,7,-0.08823529411764706,neutral
CDRCVVSG,21,17,23,21,38,44,-0.08823529411764706,neutral
CVLHNDNG,37,24,30,39,61,69,-0.08791208791208792,neutral
DGGGGYRV,36,25,31,38,61,69,-0.08791208791208792,neutral
CIDRGVGG,57,61,58,73,118,131,-0.08783783783783784,neutral
CSSYVFIN,13,14,13,19,27,32,-0.08771929824561403,neutral
CGSSRCLR,17,10,20,12,27,32,-0.08771929824561403,neutral
IGCHVSSI,15,12,12,20,27,32,-0.08771929824561403,neutral
SGRSCGRY,16,11,15,17,27,32,-0.08771929824561403,neutral
GRRISNGY,17,10,15,17,27,32,-0.08771929824561403,neutral
VVRCGGCD,61,46,52,67,107,119,-0.08759124087591241,neutral
IDLGDVLR,32,18,27,30,50,57,-0.0875,neutral
DLFSGIRC,30,20,30,27,50,57,-0.0875,neutral
DSHSIRSF,46,27,40,42,73,82,-0.08737864077669903,neutral
CSHVNVDH,51,45,62,45,96,107,-0.0873015873015873,neutral
IFCCVDRR,57,39,46,61,96,107,-0.0873015873015873,neutral
GVFHLGVL,56,40,54,53,96,107,-0.0873015873015873,neutral
HCYSVRLH,6,10,9,11,16,20,-0.08695652173913043,neutral
VHLHDDGV,29,10,26,19,39,45,-0.08695652173913043,neutral
HCGRISIH,24,15,13,32,39,45,-0.08695652173913043,neutral
YGNLDGHG,27,12,19,26,39,45,-0.08695652173913043,neutral
RFSSHDRD,12,4,9,11,16,20,-0.08695652173913043,neutral
FIVCHDGD,11,5,10,10,16,20,-0.08695652173913043,neutral
HFHCHDCD,26,13,13,32,39,45,-0.08695652173913043,neutral
GNRFNNDH,40,22,37,33,62,70,-0.08695652173913043,neutral
LSNSCCDC,37,25,33,37,62,70,-0.08695652173913043,neutral
HDYIVLRG,48,37,43,52,85,95,-0.08695652173913043,neutral
VGVSDHSN,23,16,20,25,39,45,-0.08695652173913043,neutral
CCGLRRVS,22,17,19,26,39,45,-0.08695652173913043,neutral
FHCIRHGN,8,8,13,7,16,20,-0.08695652173913043,neutral
FIDNHRGL,43,31,40,43,74,83,-0.08653846153846154,neutral
GVDSGGGD,35,16,27,31,51,58,-0.08641975308641975,neutral
VIDVCGSS,34,17,26,32,51,58,-0.08641975308641975,neutral
CHSGRDGG,31,20,28,30,51,58,-0.08641975308641975,neutral
CNVGGNVH,15,13,17,16,28,33,-0.08620689655172414,neutral
SSFSYGRC,14,14,14,19,28,33,-0.08620689655172414,neutral
FHFFSRSC,21,7,19,14,28,33,-0.08620689655172414,neutral
DNSFSVSL,50,36,44,52,86,96,-0.08620689655172414,neutral
IRSSVCVF,23,5,19,14,28,33,-0.08620689655172414,neutral
GIVFVRHN,48,38,50,46,86,96,-0.08620689655172414,neutral
LHVVCRGL,35,28,32,39,63,71,-0.08602150537634409,neutral
FLGHSCGG,50,48,56,53,98,109,-0.0859375,neutral
VGVRGRFL,53,45,51,58,98,109,-0.0859375,neutral
SNIRYYSC,3,2,6,2,5,8,-0.08571428571428572,neutral
FCDLFVCH,26,14,27,19,40,46,-0.08571428571428572,neutral
RVHHDGVN,4,1,3,5,5,8,-0.08571428571428572,neutral
NYVNRVCC,61,49,63,59,110,122,-0.08571428571428572,neutral
IHDGLVGC,19,21,30,16,40,46,-0.08571428571428572,neutral
VRSCHSDH,5,0,4,4,5,8,-0.08571428571428572,neutral
LGGFRDNV,46,29,35,49,75,84,-0.08571428571428572,neutral
DRNVLVVR,5,0,4,4,5,8,-0.08571428571428572,neutral
CHFYDGCF,4,1,4,4,5,8,-0.08571428571428572,neutral
RCDYRFRI,20,20,26,20,40,46,-0.08571428571428572,neutral
VRGFHGSN,2,3,4,4,5,8,-0.08571428571428572,neutral
FVVIVDRH,4,1,3,5,5,8,-0.08571428571428572,neutral
GDCIVFRC,3,2,5,3,5,8,-0.08571428571428572,neutral
RYYDLGCC,1,4,4,4,5,8,-0.08571428571428572,neutral
RHCNDFGI,25,15,23,23,40,46,-0.08571428571428572,neutral
RHCYVYFD,30,22,28,31,52,59,-0.08536585365853659,neutral
YGYSRYRG,27,25,25,34,52,59,-0.08536585365853659,neutral
RCRNVVDC,8,9,6,15,17,21,-0.0851063829787234,neutral
FSSHCVRH,9,8,9,12,17,21,-0.0851063829787234,neutral
CSIGCHGR,10,7,7,14,17,21,-0.0851063829787234,neutral
VSLCGLVC,41,23,31,41,64,72,-0.0851063829787234,neutral
VIVNGYRV,11,6,11,10,17,21,-0.0851063829787234,neutral
YFFSHLLH,10,7,12,9,17,21,-0.0851063829787234,neutral
IDHICVNH,9,8,8,13,17,21,-0.0851063829787234,neutral
DRIIRSCG,40,24,28,44,64,72,-0.0851063829787234,neutral
FFGRSLIR,40,24,38,34,64,72,-0.0851063829787234,neutral
YGFGNGGC,9,8,10,11,17,21,-0.0851063829787234,neutral
GFFNRIVH,47,29,44,41,76,85,-0.08490566037735849,neutral
VNSFVCCN,11,18,18,16,29,34,-0.0847457627118644,neutral
DVDHNIGN,23,6,18,16,29,34,-0.0847457627118644,neutral
CNLVRDNC,17,12,17,17,29,34,-0.0847457627118644,neutral
NSSFCGLR,18,11,17,17,29,34,-0.0847457627118644,neutral
CNDCCDIG,17,12,21,13,29,34,-0.0847457627118644,neutral
CHGFHGRI,52,36,46,52,88,98,-0.0847457627118644,neutral
GRVLGGIS,25,16,23,24,41,47,-0.08450704225352113,neutral
VHCCGRGV,26,15,27,20,41,47,-0.08450704225352113,neutral
VIGVDICH,28,13,17,30,41,47,-0.08450704225352113,neutral
NSNFVIGR,29,12,26,21,41,47,-0.08450704225352113,neutral
HNGGNGCH,32,21,31,29,53,60,-0.08433734939759036,neutral
VGHGDHGI,34,19,31,29,53,60,-0.08433734939759036,neutral
RCSVDDIG,33,20,22,38,53,60,-0.08433734939759036,neutral
CRYNVSNL,63,50,64,61,113,125,-0.08391608391608392,neutral
GDVGDGRN,60,42,50,63,102,113,-0.08333333333333333,neutral
VSCGGRHG,3,3,5,4,6,9,-0.08333333333333333,neutral
GFLLGIRV,8,10,9,13,18,22,-0.08333333333333333,neutral
FSRGVGSI,4,2,4,5,6,9,-0.08333333333333333,neutral
CGVVHNIV,36,18,27,34,54,61,-0.08333333333333333,neutral
FVCLYLFC,3,3,5,4,6,9,-0.08333333333333333,neutral
FIVYRCYC,16,2,7,15,18,22,-0.08333333333333333,neutral
HVYYGCCD,1,5,2,7,6,9,-0.08333333333333333,neutral
NGFFGDYG,4,2,6,3,6,9,-0.08333333333333333,neutral
CFCFDRDD,1,5,2,7,6,9,-0.08333333333333333,neutral
VNFVSNGR,6,0,4,5,6,9,-0.08333333333333333,neutral
LVHHNDND,16,14,17,18,30,35,-0.08333333333333333,neutral
CCLVGRRN,26,16,26,22,42,48,-0.08333333333333333,neutral
VSRSLFVF,17,13,15,20,30,35,-0.08333333333333333,neutral
RCCGYIGR,18,12,16,19,30,35,-0.08333333333333333,neutral
CLLRVGGR,59,43,48,65,102,113,-0.08333333333333333,neutral
FFLVVRFF,4,2,6,3,6,9,-0.08333333333333333,neutral
CGRYRCGG,52,38,45,55,90,100,-0.08333333333333333,neutral
DVDSCGLS,36,18,21,40,54,61,-0.08333333333333333,neutral
FFVNSRVN,10,8,13,9,18,22,-0.08333333333333333,neutral
FHRLCRVR,39,27,42,32,66,74,-0.08333333333333333,neutral
NCVYDVIR,28,14,28,20,42,48,-0.08333333333333333,neutral
GCRRGIYC,20,10,14,21,30,35,-0.08333333333333333,neutral
HFGNFIIN,28,14,25,23,42,48,-0.08333333333333333,neutral
RGGNLGID,19,11,15,20,30,35,-0.08333333333333333,neutral
YNHDCDVR,66,49,58,69,115,127,-0.08275862068965517,neutral
CDVIICRD,44,35,50,38,79,88,-0.08256880733944955,neutral
NVLGVFSV,40,27,34,41,67,75,-0.08247422680412371,neutral
VGYSGFRR,36,19,28,34,55,62,-0.08235294117647059,neutral
YSVNGGSH,28,15,28,21,43,49,-0.0821917808219178,neutral
RGGFLCFC,60,44,52,63,104,115,-0.08208955223880597,neutral
DDFGINGV,22,9,17,19,31,36,-0.08196721311475409,neutral
CCVNRHYG,14,17,14,22,31,36,-0.08196721311475409,neutral
YFFNHYID,20,11,16,20,31,36,-0.08196721311475409,neutral
VCNSGVNI,18,13,19,17,31,36,-0.08196721311475409,neutral
FNVCFRRS,40,40,43,46,80,89,-0.08181818181818182,neutral
RYGCCVLS,70,59,80,62,129,142,-0.08176100628930817,neutral
FSRSRRFR,7,12,10,13,19,23,-0.08163265306122448,neutral
RLFNFYSV,16,3,12,11,19,23,-0.08163265306122448,neutral
ICSGYSHH,13,6,9,14,19,23,-0.08163265306122448,neutral
YDRRYFHS,11,8,6,17,19,23,-0.08163265306122448,neutral
NGCCNGHV,34,22,29,34,56,63,-0.08139534883720931,neutral
SCCIGGVR,37,19,29,34,56,63,-0.08139534883720931,neutral
RNSGFIRF,56,37,55,48,93,103,-0.08130081300813008,neutral
CLHISSVV,7,0,4,6,7,10,-0.08108108108108109,neutral
NCCHGIGG,27,17,26,24,44,50,-0.08108108108108109,neutral
LFSCGGHY,5,2,4,6,7,10,-0.08108108108108109,neutral
VVLCDLFS,3,4,5,5,7,10,-0.08108108108108109,neutral
DFDIRCIH,7,0,8,2,7,10,-0.08108108108108109,neutral
CSYRRFCH,5,2,6,4,7,10,-0.08108108108108109,neutral
FVYGHFDV,5,2,5,5,7,10,-0.08108108108108109,neutral
SGGIRRGG,2,5,5,5,7,10,-0.08108108108108109,neutral
VFDRRGFC,3,4,4,6,7,10,-0.08108108108108109,neutral
CSYNCDHG,4,3,5,5,7,10,-0.08108108108108109,neutral
SHHVIDCH,25,19,22,28,44,50,-0.08108108108108109,neutral
YCLRVLHF,5,2,6,4,7,10,-0.08108108108108109,neutral
RYRVDYGD,4,3,3,7,7,10,-0.08108108108108109,neutral
GLRNCYIN,44,25,42,35,69,77,-0.08080808080808081,neutral
LCNVLNGV,20,12,11,26,32,37,-0.08064516129032258,neutral
LHSVCCSG,23,9,17,20,32,37,-0.08064516129032258,neutral
DLINGNSC,18,14,12,25,32,37,-0.08064516129032258,neutral
CYVVGFSS,68,51,66,65,119,131,-0.08053691275167785,neutral
FRCSGLLI,34,23,32,32,57,64,-0.08045977011494253,neutral
GYCGHDRN,46,36,49,42,82,91,-0.08035714285714286,neutral
YYCDSFVL,30,15,28,23,45,51,-0.08,neutral
NSVCVGGF,14,6,11,13,20,24,-0.08,neutral
RFGGVYGC,10,10,11,13,20,24,-0.08,neutral
SCCRSRIN,43,27,42,36,70,78,-0.08,neutral
RCDYILHR,58,62,70,62,120,132,-0.08,neutral
SIHLDGRC,9,11,8,16,20,24,-0.08,neutral
DNLSGRCV,20,25,24,27,45,51,-0.08,neutral
YYRCRHGG,32,13,16,35,45,51,-0.08,neutral
IGIFRINC,24,21,21,30,45,51,-0.08,neutral
LRGFIGVH,51,32,45,47,83,92,-0.07964601769911504,neutral
DSCDCIGD,50,33,44,48,83,92,-0.07964601769911504,neutral
DSNCGSFV,34,24,24,41,58,65,-0.07954545454545454,neutral
RCVVRLDG,38,20,35,30,58,65,-0.07954545454545454,neutral
VLFSCFGI,34,24,35,30,58,65,-0.07954545454545454,neutral
RFFCGLGS,20,13,20,18,33,38,-0.07936507936507936,neutral
CFSGFRRS,19,14,18,20,33,38,-0.07936507936507936,neutral
ISCNVSDR,84,75,80,94,159,174,-0.07936507936507936,neutral
VCCGDRSD,4,4,5,6,8,11,-0.07894736842105263,neutral
ICDIRFLH,6,2,6,5,8,11,-0.07894736842105263,neutral
YFYCGLGH,5,3,4,7,8,11,-0.07894736842105263,neutral
DHYYYIYG,4,4,2,9,8,11,-0.07894736842105263,neutral
FYHFRNRV,5,3,6,5,8,11,-0.07894736842105263,neutral
CRFGRFGH,7,1,5,6,8,11,-0.07894736842105263,neutral
NCDCLVYN,5,3,7,4,8,11,-0.07894736842105263,neutral
RRGVGVYH,31,15,27,25,46,52,-0.07894736842105263,neutral
RVYDGHGC,39,20,34,32,59,66,-0.07865168539325842,neutral
VLDGCIVN,38,21,38,28,59,66,-0.07865168539325842,neutral
GRRHGYYC,28,31,30,36,59,66,-0.07865168539325842,neutral
GGHSCCGR,37,22,32,34,59,66,-0.07865168539325842,neutral
LNGVNCVC,14,7,14,11,21,25,-0.0784313725490196,neutral
FRFGCLVR,45,27,33,47,72,80,-0.0784313725490196,neutral
VVYDDFVD,8,13,8,17,21,25,-0.0784313725490196,neutral
VRVFHSHN,14,7,14,11,21,25,-0.0784313725490196,neutral
DIVSGNGG,15,6,11,14,21,25,-0.0784313725490196,neutral
GIFRLSVR,16,5,9,16,21,25,-0.0784313725490196,neutral
DVIGIHLY,16,5,14,11,21,25,-0.0784313725490196,neutral
LDSVRIVI,52,33,48,46,85,94,-0.0782608695652174,neutral
FLRFVHFD,22,12,22,17,34,39,-0.078125,neutral
VCVGYRCS,18,16,22,17,34,39,-0.078125,neutral
IDCCNDNH,64,47,62,60,111,122,-0.07801418439716312,neutral
CRGFHSLV,32,15,21,32,47,53,-0.07792207792207792,neutral
VIRIGVGV,26,21,29,24,47,53,-0.07792207792207792,neutral
VGCINVFR,25,22,17,36,47,53,-0.07792207792207792,neutral
RHLCVHGC,27,20,23,30,47,53,-0.07792207792207792,neutral
GRGYSRVF,32,16,25,29,48,54,-0.07692307692307693,neutral
DIVHGCDL,15,7,15,11,22,26,-0.07692307692307693,neutral
IFSVGNHH,50,37,45,51,87,96,-0.07692307692307693,neutral
LLNCGVFF,4,5,6,6,9,12,-0.07692307692307693,neutral
RVFRNGNF,19,16,19,21,35,40,-0.07692307692307693,neutral
LGFSDGHC,51,49,49,61,100,110,-0.07692307692307693,neutral
GFRRCNFN,18,4,10,16,22,26,-0.07692307692307693,neutral
CIHNRFSC,42,32,37,45,74,82,-0.07692307692307693,neutral
NSGIYCRV,11,11,14,12,22,26,-0.07692307692307693,neutral
LRVSGFIS,23,12,19,21,35,40,-0.07692307692307693,neutral
GVSVDDRF,36,25,38,30,61,68,-0.07692307692307693,neutral
GVVSRHRV,20,15,14,26,35,40,-0.07692307692307693,neutral
SRFFNCVI,97,82,94,101,179,195,-0.07655502392344497,neutral
VFHNVCGC,58,43,65,46,101,111,-0.07633587786259542,neutral
LSHFVLRG,49,39,40,57,88,97,-0.07627118644067797,neutral
FDFGHVCL,73,55,63,77,128,140,-0.0759493670886076,neutral
LVGGICFC,33,16,26,29,49,55,-0.0759493670886076,neutral
GISFICSR,26,23,23,32,49,55,-0.0759493670886076,neutral
DFGICHDR,24,25,24,31,49,55,-0.0759493670886076,neutral
NRGCRHCF,67,48,54,72,115,126,-0.07586206896551724,neutral
NYCDCGGD,17,19,20,21,36,41,-0.07575757575757576,neutral
FIRCLRHV,19,17,19,22,36,41,-0.07575757575757576,neutral
SCSFNGGI,22,14,23,18,36,41,-0.07575757575757576,neutral
FCRGDNDL,51,38,51,47,89,98,-0.07563025210084033,neutral
VSHVGVCR,45,31,42,42,76,84,-0.07547169811320754,neutral
RFGCGFHL,14,9,12,15,23,27,-0.07547169811320754,neutral
DCHVNFRL,17,6,14,13,23,27,-0.07547169811320754,neutral
NYCDHIFF,16,7,12,15,23,27,-0.07547169811320754,neutral
GCIGNLDC,47,29,40,44,76,84,-0.07547169811320754,neutral
NSVCNGGF,15,8,19,8,23,27,-0.07547169811320754,neutral
GHDCIYFC,4,19,15,12,23,27,-0.07547169811320754,neutral
IDNGFGDG,58,45,53,60,103,113,-0.07518796992481203,neutral
IGLDSRGD,34,16,29,27,50,56,-0.075,neutral
YHRRSSLS,51,39,49,50,90,99,-0.075,neutral
ICDCVNSG,6,4,6,7,10,13,-0.075,neutral
CVSGIIFH,33,17,29,27,50,56,-0.075,neutral
FCVSVRLH,4,6,9,4,10,13,-0.075,neutral
VFRVCCRS,4,6,6,7,10,13,-0.075,neutral
CVHFVGVN,9,1,6,7,10,13,-0.075,neutral
VLSRISVD,8,2,4,9,10,13,-0.075,neutral
DRSNCSHL,6,4,4,9,10,13,-0.075,neutral
GCGILVGV,6,4,6,7,10,13,-0.075,neutral
NGCGCDLG,65,52,69,59,117,128,-0.07482993197278912,neutral
NVGCGHCS,37,40,41,44,77,85,-0.07476635514018691,neutral
CFRIGLGS,20,17,24,18,37,42,-0.07462686567164178,neutral
HSVRGRSR,27,10,13,29,37,42,-0.07462686567164178,neutral
LCCSSYIY,27,10,23,19,37,42,-0.07462686567164178,neutral
VLCLSDRN,38,26,32,39,64,71,-0.07446808510638298,neutral
DIGISFVR,33,31,36,35,64,71,-0.07446808510638298,neutral
GNSGGGCV,43,35,38,48,78,86,-0.07407407407407407,neutral
DRLFHRRC,14,10,13,15,24,28,-0.07407407407407407,neutral
CGVHIVGG,11,13,8,20,24,28,-0.07407407407407407,neutral
SCFFFSSD,13,11,17,11,24,28,-0.07407407407407407,neutral
VCYVVNRG,62,43,61,54,105,115,-0.07407407407407407,neutral
GCGDYGDR,39,26,33,39,65,72,-0.07368421052631578,neutral
RGFHLLCC,23,15,19,24,38,43,-0.07352941176470588,neutral
LYGVRVHG,25,13,20,23,38,43,-0.07352941176470588,neutral
CSVGGLYN,25,13,22,21,38,43,-0.07352941176470588,neutral
CYSGGGDC,21,17,20,23,38,43,-0.07352941176470588,neutral
NGFCGNGR,6,5,3,11,11,14,-0.07317073170731707,neutral
FCDNLSSH,35,17,28,30,52,58,-0.07317073170731707,neutral
IRVSVCHV,33,19,34,24,52,58,-0.07317073170731707,neutral
HHVLGCRI,5,6,6,8,11,14,-0.07317073170731707,neutral
CVRRFHRC,5,6,5,9,11,14,-0.07317073170731707,neutral
CCDLGVGC,6,5,4,10,11,14,-0.07317073170731707,neutral
LSNGFHSD,5,6,9,5,11,14,-0.07317073170731707,neutral
GDDSFSCG,6,5,8,6,11,14,-0.07317073170731707,neutral
VGFRRCVV,7,4,3,11,11,14,-0.07317073170731707,neutral
FFVRGLLH,3,8,11,3,11,14,-0.07317073170731707,neutral
GIYCSSDR,30,22,30,28,52,58,-0.07317073170731707,neutral
HSYCGLVL,42,24,33,40,66,73,-0.07291666666666667,neutral
DCDIVRFS,42,24,35,38,66,73,-0.07291666666666667,neutral
FCDGVFLS,72,63,69,78,135,147,-0.07272727272727272,neutral
IVNGCLNG,14,11,10,19,25,29,-0.07272727272727272,neutral
NIINIGCG,19,6,10,19,25,29,-0.07272727272727272,neutral
NYHDGDLN,15,10,13,16,25,29,-0.07272727272727272,neutral
VLCGHSGG,52,42,50,53,94,103,-0.07258064516129033,neutral
IYNRVRLC,24,15,19,25,39,44,-0.07246376811594203,neutral
CLGLGVVN,29,10,22,22,39,44,-0.07246376811594203,neutral
CVVGDFNG,77,59,73,75,136,148,-0.07228915662650602,neutral
FFGVHVRS,35,18,23,36,53,59,-0.07228915662650602,neutral
HDSVGHVG,36,17,28,31,53,59,-0.07228915662650602,neutral
VYHCGGNG,31,22,22,37,53,59,-0.07228915662650602,neutral
RGSCDFVV,34,19,28,31,53,59,-0.07228915662650602,neutral
GCGGSFVN,38,29,32,42,67,74,-0.07216494845360824,neutral
HLSCVRIL,37,30,38,36,67,74,-0.07216494845360824,neutral
YLRRVNHI,56,39,49,55,95,104,-0.072,neutral
CYLGRDNC,35,19,25,35,54,60,-0.07142857142857142,neutral
LLDYDLRV,6,6,5,10,12,15,-0.07142857142857142,neutral
LRYHHIID,8,4,7,8,12,15,-0.07142857142857142,neutral
FCGLGHHS,8,4,7,8,12,15,-0.07142857142857142,neutral
GSLCCGFD,18,8,14,16,26,30,-0.07142857142857142,neutral
LVDDRVVH,5,7,8,7,12,15,-0.07142857142857142,neutral
GICRHDIR,36,18,29,31,54,60,-0.07142857142857142,neutral
CSVSVLRL,49,33,46,44,82,90,-0.07142857142857142,neutral
IFSCSRDH,34,20,34,26,54,60,-0.07142857142857142,neutral
CCGFRVGS,29,11,24,21,40,45,-0.07142857142857142,neutral
RLGCVCSV,24,16,21,24,40,45,-0.07142857142857142,neutral
RCDCVSSG,5,7,7,8,12,15,-0.07142857142857142,neutral
VVRCCHSH,25,15,14,31,40,45,-0.07142857142857142,neutral
CLDCGHDC,22,4,14,16,26,30,-0.07142857142857142,neutral
CNGYVDSN,27,13,24,21,40,45,-0.07142857142857142,neutral
GSVVGFRR,64,46,52,68,110,120,-0.07142857142857142,neutral
DFFNLIVH,14,12,12,18,26,30,-0.07142857142857142,neutral
FRIRNVID,29,25,33,27,54,60,-0.07142857142857142,neutral
FLHVRGVL,36,32,43,32,68,75,-0.07142857142857142,neutral
YSVCVGCN,10,2,8,7,12,15,-0.07142857142857142,neutral
ICSFFSGV,41,27,38,37,68,75,-0.07142857142857142,neutral
NHDYFDGD,41,27,34,41,68,75,-0.07142857142857142,neutral
SGCDLDSR,51,32,43,48,83,91,-0.07079646017699115,neutral
DYDSDCDV,50,33,51,40,83,91,-0.07079646017699115,neutral
VYRNHDRL,41,28,39,37,69,76,-0.0707070707070707,neutral
INDYDINN,30,25,34,27,55,61,-0.07058823529411765,neutral
FNNISLVD,34,21,28,33,55,61,-0.07058823529411765,neutral
RYIVDNSD,36,19,26,35,55,61,-0.07058823529411765,neutral
NRNDGGNH,27,28,30,31,55,61,-0.07058823529411765,neutral
GFCSDFFR,35,20,31,30,55,61,-0.07058823529411765,neutral
DRHNCYRH,27,14,25,21,41,46,-0.07042253521126761,neutral
DCFHCSDD,26,15,16,30,41,46,-0.07042253521126761,neutral
VNGVVHYV,22,5,14,17,27,31,-0.07017543859649122,neutral
VCLCDFIG,51,33,51,41,84,92,-0.07017543859649122,neutral
FCSFCNSN,19,8,15,16,27,31,-0.07017543859649122,neutral
LFRYCFDL,19,8,18,13,27,31,-0.07017543859649122,neutral
ICGVRYCH,43,27,43,34,70,77,-0.07,neutral
LLCRRVYH,7,6,7,9,13,16,-0.06976744186046512,neutral
CSYDCSIR,8,5,6,10,13,16,-0.06976744186046512,neutral
RICDGSCG,8,5,9,7,13,16,-0.06976744186046512,neutral
VCGGRSFH,11,2,7,9,13,16,-0.06976744186046512,neutral
HVGRICIR,49,50,58,50,99,108,-0.06976744186046512,neutral
CYVDGVGC,8,5,6,10,13,16,-0.06976744186046512,neutral
VLGRFRVV,56,58,61,63,114,124,-0.06944444444444445,neutral
VNCCGNLV,27,15,26,21,42,47,-0.06944444444444445,neutral
DFGYGNRC,26,16,22,25,42,47,-0.06944444444444445,neutral
NCDGHGCC,62,52,56,68,114,124,-0.06944444444444445,neutral
RVSLFNGG,25,17,22,25,42,47,-0.06944444444444445,neutral
VNDGDHFG,26,16,25,22,42,47,-0.06944444444444445,neutral
CNVNRYIV,26,16,23,24,42,47,-0.06944444444444445,neutral
CHLHHFHG,23,5,15,17,28,32,-0.06896551724137931,neutral
RNFCNFDS,16,12,15,17,28,32,-0.06896551724137931,neutral
VNCIVVGC,33,24,29,34,57,63,-0.06896551724137931,neutral
FRHVNVSC,16,12,11,21,28,32,-0.06896551724137931,neutral
RCGVCGRL,49,37,50,44,86,94,-0.06896551724137931,neutral
RHCGCIVS,67,48,63,62,115,125,-0.06896551724137931,neutral
RCRVRYVC,20,8,18,14,28,32,-0.06896551724137931,neutral
SCCGDNCH,58,43,49,61,101,110,-0.06870229007633588,neutral
VHGCFLRC,45,27,35,44,72,79,-0.06862745098039216,neutral
VVNFSGNH,28,15,26,22,43,48,-0.0684931506849315,neutral
VDVGCSVH,21,22,25,23,43,48,-0.0684931506849315,neutral
CVIRRNFV,22,21,24,24,43,48,-0.0684931506849315,neutral
VIVGFVGC,27,16,27,21,43,48,-0.0684931506849315,neutral
RFSFCFGH,53,34,42,53,87,95,-0.06837606837606838,neutral
VFGNVHRN,10,4,6,11,14,17,-0.06818181818181818,neutral
SIVSIDIS,35,23,28,36,58,64,-0.06818181818181818,neutral
CSHGRCGN,6,8,9,8,14,17,-0.06818181818181818,neutral
LSLIYGRV,9,5,11,6,14,17,-0.06818181818181818,neutral
FNDGLVIN,41,32,36,44,73,80,-0.06796116504854369,neutral
VCDDGLCN,19,10,20,13,29,33,-0.06779661016949153,neutral
CDHGLYVH,21,8,17,16,29,33,-0.06779661016949153,neutral
DLRFSLIS,20,9,14,19,29,33,-0.06779661016949153,neutral
FRNCYDDD,18,11,19,14,29,33,-0.06779661016949153,neutral
LISRLHNV,55,48,55,57,103,112,-0.06766917293233082,neutral
NLLRNVLI,59,44,58,54,103,112,-0.06766917293233082,neutral
NCCFDNIG,68,50,66,62,118,128,-0.06756756756756757,neutral
CLNHCRVV,28,16,23,26,44,49,-0.06756756756756757,neutral
DINCGGFN,28,16,23,26,44,49,-0.06756756756756757,neutral
ICSIRGGS,28,16,19,30,44,49,-0.06756756756756757,neutral
NCFLDIRG,28,16,20,29,44,49,-0.06756756756756757,neutral
IFRGYSRR,22,22,15,34,44,49,-0.06756756756756757,neutral
DLRSVRFI,72,61,66,78,133,144,-0.06748466257668712,neutral
CSFIDDGD,37,22,24,41,59,65,-0.06741573033707865,neutral
YCHVVGVL,38,21,30,35,59,65,-0.06741573033707865,neutral
SGFRRFLH,28,31,35,30,59,65,-0.06741573033707865,neutral
YNNFCHSS,39,35,41,40,74,81,-0.0673076923076923,neutral
VLRHLDRI,20,10,11,23,30,34,-0.06666666666666667,neutral
RCILRGCH,53,37,41,57,90,98,-0.06666666666666667,neutral
SILGIRVN,60,45,56,58,105,114,-0.06666666666666667,neutral
LHSGVNRF,6,9,8,10,15,18,-0.06666666666666667,neutral
LISHGLHH,32,28,32,34,60,66,-0.06666666666666667,neutral
DSNCYHGC,23,7,20,14,30,34,-0.06666666666666667,neutral
VRLHYLGV,60,45,57,57,105,114,-0.06666666666666667,neutral
HIFSCIRV,9,6,11,7,15,18,-0.06666666666666667,neutral
GFGSGGVH,11,4,7,11,15,18,-0.06666666666666667,neutral
LHRCVFSF,18,12,17,17,30,34,-0.06666666666666667,neutral
SLSGVNYH,8,7,9,9,15,18,-0.06666666666666667,neutral
SYVDIGIG,8,7,8,10,15,18,-0.06666666666666667,neutral
CFHSVVGN,46,29,37,45,75,82,-0.06666666666666667,neutral
VHNNHIFG,21,9,11,23,30,34,-0.06666666666666667,neutral
SYGCSLRH,27,18,24,26,45,50,-0.06666666666666667,neutral
SNCIDCGC,36,24,31,35,60,66,-0.06666666666666667,neutral
CIIGSRCG,11,4,8,10,15,18,-0.06666666666666667,neutral
DCDFRCNR,20,10,18,16,30,34,-0.06666666666666667,neutral
FYDRDNVS,77,59,77,70,136,147,-0.06626506024096386,neutral
VVCYVCFV,52,39,45,54,91,99,-0.06611570247933884,neutral
SVSICCSS,44,32,34,49,76,83,-0.0660377358490566,neutral
FFFHHGCL,47,29,42,41,76,83,-0.0660377358490566,neutral
FDVRLSGI,45,31,42,41,76,83,-0.0660377358490566,neutral
GSYNHDLD,39,22,29,38,61,67,-0.06593406593406594,neutral
CFFNVRSC,35,26,35,32,61,67,-0.06593406593406594,neutral
FLRCSNNC,40,21,32,35,61,67,-0.06593406593406594,neutral
VDGLRFHD,38,23,27,40,61,67,-0.06593406593406594,neutral
DCGSVFCG,32,14,26,25,46,51,-0.06578947368421052,neutral
GCDIVLDH,32,14,21,30,46,51,-0.06578947368421052,neutral
DCHVHCGI,31,15,23,28,46,51,-0.06578947368421052,neutral
RHLVFSCV,18,13,17,18,31,35,-0.06557377049180328,neutral
YGRFGVRD,23,8,16,19,31,35,-0.06557377049180328,neutral
LFRFRGLG,17,14,14,21,31,35,-0.06557377049180328,neutral
YHHVVRSF,24,7,20,15,31,35,-0.06557377049180328,neutral
GYLHGNGC,20,11,15,20,31,35,-0.06557377049180328,neutral
VRSCNVSF,47,30,51,33,77,84,-0.06542056074766354,neutral
RCGRGCGI,37,25,38,30,62,68,-0.06521739130434782,neutral
DIGCVYRV,10,6,10,9,16,19,-0.06521739130434782,neutral
RYCDSYRN,12,4,8,11,16,19,-0.06521739130434782,neutral
GYCGIGNS,10,6,8,11,16,19,-0.06521739130434782,neutral
CRFCNSRF,9,7,14,5,16,19,-0.06521739130434782,neutral
CCSRVHGV,61,47,57,60,108,117,-0.06521739130434782,neutral
FSLRLIGR,36,26,33,35,62,68,-0.06521739130434782,neutral
FFDGCCGF,7,9,12,7,16,19,-0.06521739130434782,neutral
FVLSDFSL,51,42,53,48,93,101,-0.06504065040650407,neutral
LFSSNDGH,56,37,54,47,93,101,-0.06504065040650407,neutral
CSSLYFRV,29,18,23,29,47,52,-0.06493506493506493,neutral
YHSGVCDG,31,16,25,27,47,52,-0.06493506493506493,neutral
CFVRVCHR,28,19,22,30,47,52,-0.06493506493506493,neutral
FLGSDLIF,18,14,19,17,32,36,-0.06451612903225806,neutral
CFHNVDVN,35,28,37,32,63,69,-0.06451612903225806,neutral
FDLHGRNC,38,25,32,37,63,69,-0.06451612903225806,neutral
FYVSGIRN,16,16,16,20,32,36,-0.06451612903225806,neutral
SFSGIGSG,20,12,19,17,32,36,-0.06451612903225806,neutral
VGRISLDD,19,13,16,20,32,36,-0.06451612903225806,neutral
CNNHVDVC,40,23,39,30,63,69,-0.06451612903225806,neutral
RLHFFSCL,30,18,23,30,48,53,-0.0641025641025641,neutral
CSIIRSLC,31,17,25,28,48,53,-0.0641025641025641,neutral
NVVGCCNI,29,19,26,27,48,53,-0.0641025641025641,neutral
YCSSGLCN,29,19,25,28,48,53,-0.0641025641025641,neutral
LDIHNRHH,32,16,33,20,48,53,-0.0641025641025641,neutral
HHGGFCGL,9,8,15,5,17,20,-0.06382978723404255,neutral
NSRSGCCN,13,4,8,12,17,20,-0.06382978723404255,neutral
LRLIRGSC,11,6,12,8,17,20,-0.06382978723404255,neutral
ISCRVIRV,10,7,7,13,17,20,-0.06382978723404255,neutral
HVCGSSVG,36,28,31,39,64,70,-0.06382978723404255,neutral
FHCNNNSC,96,78,87,100,174,187,-0.06372549019607843,neutral
ISDYSCIV,46,34,38,49,80,87,-0.06363636363636363,neutral
LCVGRSHY,20,13,16,21,33,37,-0.06349206349206349,neutral
LFSCLRSI,19,14,12,25,33,37,-0.06349206349206349,neutral
CFRDRCGG,22,11,14,23,33,37,-0.06349206349206349,neutral
DGCGGGDN,23,10,20,17,33,37,-0.06349206349206349,neutral
YCVVRGHH,62,50,58,63,112,121,-0.06338028169014084,neutral
GCVLDHHV,63,49,55,66,112,121,-0.06338028169014084,neutral
GCGLGVLI,30,19,31,23,49,54,-0.06329113924050633,neutral
DSVLIVSH,32,33,29,42,65,71,-0.06315789473684211,neutral
GGSNFGLC,39,26,35,36,65,71,-0.06315789473684211,neutral
CRVVFRRI,50,31,46,42,81,88,-0.06306306306306306,neutral
GCLGVLIS,52,45,44,61,97,105,-0.06299212598425197,neutral
CLDDGCDC,15,19,13,25,34,38,-0.0625,neutral
CDRFRGGH,2,0,3,1,2,4,-0.0625,neutral
GFRSDGGC,0,2,2,2,2,4,-0.0625,neutral
CDCDSNFR,20,14,24,14,34,38,-0.0625,neutral
SGHHGGCS,29,21,25,30,50,55,-0.0625,neutral
RNCNCCDL,2,0,0,4,2,4,-0.0625,neutral
VSVFGSND,11,7,10,11,18,21,-0.0625,neutral
FCFVGVLN,12,6,11,10,18,21,-0.0625,neutral
SFVGDSCL,1,1,1,3,2,4,-0.0625,neutral
RLCGCFGI,12,6,9,12,18,21,-0.0625,neutral
CYGGSDCR,0,2,2,2,2,4,-0.0625,neutral
LGRCDVRD,1,1,4,0,2,4,-0.0625,neutral
FIGGLGGV,0,2,3,1,2,4,-0.0625,neutral
VFIGLNRV,2,0,2,2,2,4,-0.0625,neutral
SYDIDRSF,0,2,4,0,2,4,-0.0625,neutral
LYLIHYVC,13,5,9,12,18,21,-0.0625,neutral
CCGVGDRH,1,1,2,2,2,4,-0.0625,neutral
NVYLDCCG,2,0,3,1,2,4,-0.0625,neutral
YCCIDNRG,50,32,36,53,82,89,-0.0625,neutral
FRDRNVSG,2,0,3,1,2,4,-0.0625,neutral
GCVSDCDV,14,4,12,9,18,21,-0.0625,neutral
CSFINFGV,0,2,2,2,2,4,-0.0625,neutral
CCLDIRGS,2,0,2,2,2,4,-0.0625,neutral
GCVIRVCR,2,0,3,1,2,4,-0.0625,neutral
GGFIHDGD,2,0,3,1,2,4,-0.0625,neutral
FRCRGLVH,21,13,18,20,34,38,-0.0625,neutral
VFSGYCNH,1,1,3,1,2,4,-0.0625,neutral
DGISVIHG,1,1,1,3,2,4,-0.0625,neutral
CHVCSCIS,14,4,12,9,18,21,-0.0625,neutral
SYVFGGRD,0,2,1,3,2,4,-0.0625,neutral
LCFDYGVG,34,16,23,32,50,55,-0.0625,neutral
FCVGRDSI,0,2,2,2,2,4,-0.0625,neutral
CHCCHCVG,1,1,1,3,2,4,-0.0625,neutral
SDGFNGYD,2,0,1,3,2,4,-0.0625,neutral
CNLYCFVH,2,0,3,1,2,4,-0.0625,neutral
IRHINCLS,42,24,40,32,66,72,-0.0625,neutral
LCFRICYG,2,0,2,2,2,4,-0.0625,neutral
ICVFDIFC,1,1,2,2,2,4,-0.0625,neutral
GDSRCLSH,1,1,0,4,2,4,-0.0625,neutral
RGGRHSVH,22,12,21,17,34,38,-0.0625,neutral
FGGNCSVD,0,2,2,2,2,4,-0.0625,neutral
RFVSIDRF,1,1,3,1,2,4,-0.0625,neutral
YHVRHNLC,2,0,1,3,2,4,-0.0625,neutral
CFGGVVNI,0,2,2,2,2,4,-0.0625,neutral
VIHIGGDV,2,0,2,2,2,4,-0.0625,neutral
CCSHVSIV,1,1,3,1,2,4,-0.0625,neutral
VCDDSSGC,2,0,3,1,2,4,-0.0625,neutral
CRRIVNCC,2,0,3,1,2,4,-0.0625,neutral
VCFGGIYC,2,0,1,3,2,4,-0.0625,neutral
ICLGSFVI,31,19,19,36,50,55,-0.0625,neutral
DFCLRDVN,2,0,2,2,2,4,-0.0625,neutral
VYYHDGDD,8,10,10,11,18,21,-0.0625,neutral
IYYDHIVC,1,1,2,2,2,4,-0.0625,neutral
CIRSCFIS,1,1,3,1,2,4,-0.0625,neutral
IVLGRDVG,2,0,0,4,2,4,-0.0625,neutral
FGFGGFRF,35,31,29,43,66,72,-0.0625,neutral
FFGGGDRV,22,12,20,18,34,38,-0.0625,neutral
RFNLFCRH,0,2,1,3,2,4,-0.0625,neutral
FCVRCGIS,1,1,1,3,2,4,-0.0625,neutral
SVDGDVCN,56,43,54,53,99,107,-0.06201550387596899,neutral
IGHSGILR,48,35,48,42,83,90,-0.061946902654867256,neutral
CLSCRVGG,38,29,34,39,67,73,-0.061855670103092786,neutral
CCSGHHRL,33,18,28,28,51,56,-0.06172839506172839,neutral
RFGRYDFS,30,21,23,33,51,56,-0.06172839506172839,neutral
CRYDNGCD,30,21,27,29,51,56,-0.06172839506172839,neutral
VYNGLRVN,29,22,28,28,51,56,-0.06172839506172839,neutral
NNGHCYGV,25,10,21,18,35,39,-0.06153846153846154,neutral
FVSDIIFS,25,10,13,26,35,39,-0.06153846153846154,neutral
HGNVFGGD,19,16,21,18,35,39,-0.06153846153846154,neutral
GSDFHGNC,48,36,54,37,84,91,-0.06140350877192982,neutral
HGYCNLRL,46,38,47,44,84,91,-0.06140350877192982,neutral
YGYGVSIS,12,7,15,7,19,22,-0.061224489795918366,neutral
VDIIRSYN,41,27,33,41,68,74,-0.061224489795918366,neutral
CCGIGNVV,10,9,12,10,19,22,-0.061224489795918366,neutral
RRGYNVFF,9,10,12,10,19,22,-0.061224489795918366,neutral
CLSCGDVD,27,25,29,28,52,57,-0.06097560975609756,neutral
SYRSSSCD,33,19,31,26,52,57,-0.06097560975609756,neutral
SVNNYVSG,31,21,25,32,52,57,-0.06097560975609756,neutral
CSNVFGGV,22,14,14,26,36,40,-0.06060606060606061,neutral
GGCNVNIG,0,3,1,4,3,5,-0.06060606060606061,neutral
FFLNSVFC,1,2,1,4,3,5,-0.06060606060606061,neutral
GVRSFNVG,3,0,1,4,3,5,-0.06060606060606061,neutral
DNVCCLSH,2,1,1,4,3,5,-0.06060606060606061,neutral
CIVGGFCL,22,14,20,20,36,40,-0.06060606060606061,neutral
FNDCCYRF,2,1,3,2,3,5,-0.06060606060606061,neutral
CFFFLGGH,2,1,0,5,3,5,-0.06060606060606061,neutral
CHGCSNRS,2,1,4,1,3,5,-0.06060606060606061,neutral
VCHRDRCI,23,13,13,27,36,40,-0.06060606060606061,neutral
CGNGSLFR,1,2,1,4,3,5,-0.06060606060606061,neutral
FFSLRCNH,23,13,19,21,36,40,-0.06060606060606061,neutral
CVDIISGS,1,2,2,3,3,5,-0.06060606060606061,neutral
YDCNYSDG,2,1,1,4,3,5,-0.06060606060606061,neutral
IYVCYGVD,2,1,3,2,3,5,-0.06060606060606061,neutral
RNFSGLRV,1,2,1,4,3,5,-0.06060606060606061,neutral
FYYYRDRY,2,1,2,3,3,5,-0.06060606060606061,neutral
FFNSIGLF,1,2,3,2,3,5,-0.06060606060606061,neutral
HDHDNRHS,2,1,4,1,3,5,-0.06060606060606061,neutral
VLGVCNYH,2,1,1,4,3,5,-0.06060606060606061,neutral
IDIISGFC,0,3,4,1,3,5,-0.06060606060606061,neutral
CDVNVHHL,25,11,21,19,36,40,-0.06060606060606061,neutral
RYVRRFHG,0,3,3,2,3,5,-0.06060606060606061,neutral
CGRSGSGD,1,2,2,3,3,5,-0.06060606060606061,neutral
SGHIIFCG,57,45,56,54,102,110,-0.06060606060606061,neutral
LRNSCGVD,2,1,0,5,3,5,-0.06060606060606061,neutral
RYVRYNLC,24,12,20,20,36,40,-0.06060606060606061,neutral
SGFSFCSC,2,1,1,4,3,5,-0.06060606060606061,neutral
YGHNHSID,69,50,65,63,119,128,-0.06040268456375839,neutral
NLFDGGRI,33,20,25,33,53,58,-0.060240963855421686,neutral
ICGGNCGD,31,22,31,27,53,58,-0.060240963855421686,neutral
FNRGCRSD,60,43,59,52,103,111,-0.06015037593984962,neutral
FHHLHGGL,15,5,10,13,20,23,-0.06,neutral
YVFGHHIC,12,8,10,13,20,23,-0.06,neutral
FFNGYYCV,10,10,10,13,20,23,-0.06,neutral
YCDHGHDG,12,8,12,11,20,23,-0.06,neutral
SFDNCHDC,36,34,34,42,70,76,-0.06,neutral
GVVRDNID,9,11,9,14,20,23,-0.06,neutral
ICYSSDGR,58,46,49,63,104,112,-0.05970149253731343,neutral
FIGGGSSL,24,13,18,23,37,41,-0.05970149253731343,neutral
YFIFVSGC,24,13,20,21,37,41,-0.05970149253731343,neutral
HRFSCVSG,22,15,25,16,37,41,-0.05970149253731343,neutral
VCSGNFCD,25,12,18,23,37,41,-0.05970149253731343,neutral
FNGHVGVL,23,14,23,18,37,41,-0.05970149253731343,neutral
VNLCRGRF,28,9,19,22,37,41,-0.05970149253731343,neutral
IDVSGNYR,35,19,25,34,54,59,-0.05952380952380952,neutral
GVLVGCVH,48,40,46,49,88,95,-0.059322033898305086,neutral
RVGGNLRI,12,9,15,9,21,24,-0.058823529411764705,neutral
FCLVGNGC,3,1,4,2,4,6,-0.058823529411764705,neutral
CHHLDRVG,10,11,11,13,21,24,-0.058823529411764705,neutral
YVHGDCFC,2,2,2,4,4,6,-0.058823529411764705,neutral
VLNFVLGG,24,14,22,20,38,42,-0.058823529411764705,neutral
NGRGSVVG,2,2,3,3,4,6,-0.058823529411764705,neutral
GRFRFVFC,22,16,19,23,38,42,-0.058823529411764705,neutral
SCGIGGGG,53,36,41,55,89,96,-0.058823529411764705,neutral
YHRFLVHC,3,1,4,2,4,6,-0.058823529411764705,neutral
GRRIISDD,4,0,5,1,4,6,-0.058823529411764705,neutral
DCINVDRY,1,3,4,2,4,6,-0.058823529411764705,neutral
FCRYSVGV,2,2,2,4,4,6,-0.058823529411764705,neutral
RFLLFDGY,3,1,5,1,4,6,-0.058823529411764705,neutral
CVVCSSYR,2,2,3,3,4,6,-0.058823529411764705,neutral
NNGVSHCG,37,18,27,33,55,60,-0.058823529411764705,neutral
GRRIIVGI,3,1,5,1,4,6,-0.058823529411764705,neutral
RGIVVYSC,32,23,30,30,55,60,-0.058823529411764705,neutral
GHCYRYGG,37,18,28,32,55,60,-0.058823529411764705,neutral
CLDFIGDH,2,2,2,4,4,6,-0.058823529411764705,neutral
GSRSDSFV,33,22,23,37,55,60,-0.058823529411764705,neutral
RCLVHSDV,41,31,34,44,72,78,-0.058823529411764705,neutral
VNGCLDRY,2,2,4,2,4,6,-0.058823529411764705,neutral
RCLGDYLL,11,10,12,12,21,24,-0.058823529411764705,neutral
CCHGHVSR,14,7,8,16,21,24,-0.058823529411764705,neutral
RLIGVRRR,2,2,2,4,4,6,-0.058823529411764705,neutral
DCGDVFGR,2,2,2,4,4,6,-0.058823529411764705,neutral
HFSFYVIR,2,2,1,5,4,6,-0.058823529411764705,neutral
GNFDDDSV,71,53,62,71,124,133,-0.05844155844155844,neutral
SCGDCVLS,46,27,36,43,73,79,-0.05825242718446602,neutral
NIGGGVSF,46,27,33,46,73,79,-0.05825242718446602,neutral
ILRRRVFN,23,16,18,25,39,43,-0.057971014492753624,neutral
RFRYRVRV,26,13,23,20,39,43,-0.057971014492753624,neutral
GRSLRYGL,27,12,17,26,39,43,-0.057971014492753624,neutral
IHCFRNGG,25,14,21,22,39,43,-0.057971014492753624,neutral
INNGDNSY,54,37,40,58,91,98,-0.05785123966942149,neutral
CDYSGNGR,50,41,47,51,91,98,-0.05785123966942149,neutral
LVNGCDGI,55,36,45,53,91,98,-0.05785123966942149,neutral
RSDDLYSD,10,12,16,9,22,25,-0.057692307692307696,neutral
HYHSSHRL,14,8,15,10,22,25,-0.057692307692307696,neutral
RCHRSCVI,15,7,11,14,22,25,-0.057692307692307696,neutral
SRSRRYCF,14,8,9,16,22,25,-0.057692307692307696,neutral
GLCLFSCG,16,6,13,12,22,25,-0.057692307692307696,neutral
ICVIRNGR,13,9,10,15,22,25,-0.057692307692307696,neutral
CDHHGIHV,38,19,26,36,57,62,-0.05747126436781609,neutral
CDHCYVDG,36,21,27,35,57,62,-0.05747126436781609,neutral
SCLRISRD,50,42,55,44,92,99,-0.05737704918032787,neutral
VVRFGVGC,54,38,40,59,92,99,-0.05737704918032787,neutral
DDYGFVSD,26,14,21,23,40,44,-0.05714285714285714,neutral
DCYCLFGV,3,2,4,3,5,7,-0.05714285714285714,neutral
SGGHGIVY,41,34,42,39,75,81,-0.05714285714285714,neutral
IFDFCSSL,28,12,19,25,40,44,-0.05714285714285714,neutral
GRRIDCCN,22,18,19,25,40,44,-0.05714285714285714,neutral
FCFGGLLH,3,2,4,3,5,7,-0.05714285714285714,neutral
INDYRGDV,44,31,41,40,75,81,-0.05714285714285714,neutral
RLCGHSVI,3,2,4,3,5,7,-0.05714285714285714,neutral
CDNVCRNL,55,55,56,62,110,118,-0.05714285714285714,neutral
YFVVFNDD,4,1,3,4,5,7,-0.05714285714285714,neutral
VHDDGNHG,4,1,2,5,5,7,-0.05714285714285714,neutral
DRVVNVFH,4,1,3,4,5,7,-0.05714285714285714,neutral
FVDCSGIS,54,39,44,56,93,100,-0.056910569105691054,neutral
LRFYRLNS,37,21,33,30,58,63,-0.056818181818181816,neutral
RCRRGCDS,16,7,15,11,23,26,-0.05660377358490566,neutral
LVGLGGHS,44,32,39,43,76,82,-0.05660377358490566,neutral
FFDCGYVV,11,12,14,12,23,26,-0.05660377358490566,neutral
NFVFSSSH,12,11,9,17,23,26,-0.05660377358490566,neutral
VGSVNFCN,25,16,20,25,41,45,-0.056338028169014086,neutral
NDVGIFRN,24,17,20,25,41,45,-0.056338028169014086,neutral
DRLVLVGV,74,56,74,65,130,139,-0.05625,neutral
GNSLHFVG,35,24,33,31,59,64,-0.056179775280898875,neutral
NSSGNLFV,39,20,32,32,59,64,-0.056179775280898875,neutral
CFHGVFFD,80,69,72,87,149,159,-0.055865921787709494,neutral
RSYRRNRL,46,32,44,40,78,84,-0.05555555555555555,neutral
HCCNNYLH,2,4,3,5,6,8,-0.05555555555555555,neutral
GHIFINCF,4,2,4,4,6,8,-0.05555555555555555,neutral
FNNNICGV,36,24,35,30,60,65,-0.05555555555555555,neutral
SRGCSCGV,25,17,20,26,42,46,-0.05555555555555555,neutral
GNHGDIIH,23,19,30,16,42,46,-0.05555555555555555,neutral
FVLCYRDL,2,4,4,4,6,8,-0.05555555555555555,neutral
FRCVGDNC,46,32,43,41,78,84,-0.05555555555555555,neutral
FSFCVRFI,35,25,37,28,60,65,-0.05555555555555555,neutral
CFNRIHHI,14,10,10,17,24,27,-0.05555555555555555,neutral
CHSDVCNG,4,2,7,1,6,8,-0.05555555555555555,neutral
RRFDSRHR,6,0,3,5,6,8,-0.05555555555555555,neutral
RFGGSSGI,29,13,21,25,42,46,-0.05555555555555555,neutral
FFVRRFVR,36,24,30,35,60,65,-0.05555555555555555,neutral
LINNNCHN,34,26,32,33,60,65,-0.05555555555555555,neutral
VFGCGDLN,5,1,3,5,6,8,-0.05555555555555555,neutral
CYRNVCGV,18,6,13,14,24,27,-0.05555555555555555,neutral
RCFGRCDG,56,40,44,59,96,103,-0.05555555555555555,neutral
CDDLGRYH,1,5,3,5,6,8,-0.05555555555555555,neutral
VRRSYHCC,35,25,30,35,60,65,-0.05555555555555555,neutral
RCIDHGGN,12,12,10,17,24,27,-0.05555555555555555,neutral
CYSHILGS,3,3,4,4,6,8,-0.05555555555555555,neutral
RGCGIDRF,16,8,12,15,24,27,-0.05555555555555555,neutral
IRGLGYVS,65,50,59,64,115,123,-0.05517241379310345,neutral
VLCVHDDS,46,33,43,42,79,85,-0.05504587155963303,neutral
HCGHIFLS,48,31,33,52,79,85,-0.05504587155963303,neutral
GYFNGRDD,38,23,27,39,61,66,-0.054945054945054944,neutral
LFSVRGGC,40,21,35,31,61,66,-0.054945054945054944,neutral
FFFDGIID,32,29,25,41,61,66,-0.054945054945054944,neutral
DVCGCFVF,26,17,23,24,43,47,-0.0547945205479452,neutral
FRCINNVC,14,11,16,12,25,28,-0.05454545454545454,neutral
CNDHFRCG,15,10,14,14,25,28,-0.05454545454545454,neutral
LCSCIDLH,12,13,12,16,25,28,-0.05454545454545454,neutral
LSCCDSHN,16,9,12,16,25,28,-0.05454545454545454,neutral
FFVDCVLV,11,14,14,14,25,28,-0.05454545454545454,neutral
CYSGICRD,45,35,46,40,80,86,-0.05454545454545454,neutral
LDYFYGCF,46,34,47,39,80,86,-0.05454545454545454,neutral
CYNNNLCG,45,35,38,48,80,86,-0.05454545454545454,neutral
GCNDDCCC,36,26,34,33,62,67,-0.05434782608695652,neutral
DGCCVRNF,36,26,34,33,62,67,-0.05434782608695652,neutral
RNDRNVCY,35,27,28,39,62,67,-0.05434782608695652,neutral
DRNNSGCY,74,62,70,75,136,145,-0.05421686746987952,neutral
CNLIRRIC,25,19,31,17,44,48,-0.05405405405405406,neutral
HCCHSLRS,6,1,1,8,7,9,-0.05405405405405406,neutral
YIGSVRCL,3,4,4,5,7,9,-0.05405405405405406,neutral
NVLCGGVH,84,71,84,81,155,165,-0.05405405405405406,neutral
RCFRLVHC,25,19,17,31,44,48,-0.05405405405405406,neutral
SINIGRHI,2,5,0,9,7,9,-0.05405405405405406,neutral
VGYHNSIN,4,3,2,7,7,9,-0.05405405405405406,neutral
SFVNRCVN,6,1,3,6,7,9,-0.05405405405405406,neutral
RRVCFHVS,48,33,50,37,81,87,-0.05405405405405406,neutral
FHCYNISN,24,20,29,19,44,48,-0.05405405405405406,neutral
NSGFGFVR,30,14,23,25,44,48,-0.05405405405405406,neutral
VCDGRRGY,3,4,3,6,7,9,-0.05405405405405406,neutral
FLGRDIYD,7,0,2,7,7,9,-0.05405405405405406,neutral
FSHFVVHV,27,17,18,30,44,48,-0.05405405405405406,neutral
LCIHNYVS,5,2,6,3,7,9,-0.05405405405405406,neutral
VFGVCCVR,4,3,5,4,7,9,-0.05405405405405406,neutral
DHRLGCGL,27,17,27,21,44,48,-0.05405405405405406,neutral
FYGNIGYV,3,4,5,4,7,9,-0.05405405405405406,neutral
FFRGGFYY,4,3,5,4,7,9,-0.05405405405405406,neutral
GVLNSIVC,39,24,40,28,63,68,-0.053763440860215055,neutral
VYIDRCHG,37,26,31,37,63,68,-0.053763440860215055,neutral
NGVLDILV,49,33,45,43,82,88,-0.05357142857142857,neutral
RYVLNGSR,14,12,13,16,26,29,-0.05357142857142857,neutral
GCFRVVLH,14,12,14,15,26,29,-0.05357142857142857,neutral
FCCGGVSH,18,8,13,16,26,29,-0.05357142857142857,neutral
LDYRVVVR,20,6,18,11,26,29,-0.05357142857142857,neutral
CGGLCDRS,17,9,14,15,26,29,-0.05357142857142857,neutral
LLVDCFHV,26,19,26,23,45,49,-0.05333333333333334,neutral
VFVRHLVV,26,19,19,30,45,49,-0.05333333333333334,neutral
IHYICNRG,32,13,24,25,45,49,-0.05333333333333334,neutral
SRVSRRRC,26,19,21,28,45,49,-0.05333333333333334,neutral
DGGCGHYN,69,51,57,71,120,128,-0.05333333333333334,neutral
NGCHIFSV,29,16,28,21,45,49,-0.05333333333333334,neutral
SNDGFRIR,27,18,24,25,45,49,-0.05333333333333334,neutral
VFNSHHDV,24,21,26,23,45,49,-0.05333333333333334,neutral
DLHDICRV,37,27,30,39,64,69,-0.05319148936170213,neutral
CFGRIGIC,39,25,42,27,64,69,-0.05319148936170213,neutral
FCVRLHRG,50,33,36,53,83,89,-0.05309734513274336,neutral
VGSCCVHR,22,24,22,28,46,50,-0.05263157894736842,neutral
VDHYVSGG,48,36,48,42,84,90,-0.05263157894736842,neutral
NCGDGVFS,15,12,11,19,27,30,-0.05263157894736842,neutral
VFSNGRDG,47,37,52,38,84,90,-0.05263157894736842,neutral
LFRCGRHC,36,29,34,36,65,70,-0.05263157894736842,neutral
SIGYIGVL,31,15,29,21,46,50,-0.05263157894736842,neutral
DCVVIGHC,6,2,6,4,8,10,-0.05263157894736842,neutral
SVNFNLVC,16,11,19,11,27,30,-0.05263157894736842,neutral
NCCSDNIV,2,6,6,4,8,10,-0.05263157894736842,neutral
VVVVVSDS,14,13,16,14,27,30,-0.05263157894736842,neutral
YFLCGSFV,6,2,6,4,8,10,-0.05263157894736842,neutral
FDNYSCRG,18,9,13,17,27,30,-0.05263157894736842,neutral
DYGVHFDS,49,35,43,47,84,90,-0.05263157894736842,neutral
CRVICGGD,27,19,28,22,46,50,-0.05263157894736842,neutral
GIVRDDCV,4,4,7,3,8,10,-0.05263157894736842,neutral
CSGGGCHH,25,21,25,25,46,50,-0.05263157894736842,neutral
YVVVLIRR,1,7,4,6,8,10,-0.05263157894736842,neutral
FIRSNGSV,50,34,43,47,84,90,-0.05263157894736842,neutral
GHCYSVNL,56,48,54,57,104,111,-0.05223880597014925,neutral
VVGICHHC,50,35,49,42,85,91,-0.05217391304347826,neutral
DHNHFGSL,39,27,35,36,66,71,-0.052083333333333336,neutral
CDCVRRRF,39,27,31,40,66,71,-0.052083333333333336,neutral
FVGRSVCS,88,74,82,90,162,172,-0.052083333333333336,neutral
NYSGSGLV,30,17,26,25,47,51,-0.05194805194805195,neutral
ICVHRCNG,30,17,24,27,47,51,-0.05194805194805195,neutral
VSLVSGVR,26,21,24,27,47,51,-0.05194805194805195,neutral
RVVFVGRG,20,8,16,15,28,31,-0.05172413793103448,neutral
DVGLCFRH,17,11,15,16,28,31,-0.05172413793103448,neutral
ICSLGHSR,14,14,14,17,28,31,-0.05172413793103448,neutral
RIFGIVGG,20,8,17,14,28,31,-0.05172413793103448,neutral
CIGIRLGC,39,28,38,34,67,72,-0.05154639175257732,neutral
CNVSYLNC,27,21,34,18,48,52,-0.05128205128205128,neutral
FCCGDNCN,25,23,22,30,48,52,-0.05128205128205128,neutral
RFHCVVGC,8,1,5,6,9,11,-0.05128205128205128,neutral
SRFLIGGI,45,42,49,44,87,93,-0.05128205128205128,neutral
DGGDCCDV,28,20,27,25,48,52,-0.05128205128205128,neutral
CGVRGCHG,33,15,24,28,48,52,-0.05128205128205128,neutral
SYCNRHVL,8,1,3,8,9,11,-0.05128205128205128,neutral
CDCSGHVG,7,2,4,7,9,11,-0.05128205128205128,neutral
VCCGRCDD,6,3,2,9,9,11,-0.05128205128205128,neutral
VGGCGSFG,5,4,6,5,9,11,-0.05128205128205128,neutral
SCLDLHDD,7,2,5,6,9,11,-0.05128205128205128,neutral
LFRLRGVC,32,16,24,28,48,52,-0.05128205128205128,neutral
SSGGGHCC,39,29,33,40,68,73,-0.05102040816326531,neutral
ICGGNDCI,17,12,21,11,29,32,-0.05084745762711865,neutral
SNFFNVGN,21,8,15,17,29,32,-0.05084745762711865,neutral
LFGCVVCS,52,36,54,40,88,94,-0.05084745762711865,neutral
CGLRGCIN,41,28,40,34,69,74,-0.050505050505050504,neutral
YYSCLSLV,43,27,38,37,70,75,-0.05,neutral
FRSIGYVS,27,23,24,30,50,54,-0.05,neutral
YSCYFFVN,7,3,6,6,10,12,-0.05,neutral
GNIHFVCH,4,6,7,5,10,12,-0.05,neutral
VGHDVDVL,40,30,34,41,70,75,-0.05,neutral
NNHYDHSC,33,17,26,28,50,54,-0.05,neutral
IRRCGSVD,5,5,6,6,10,12,-0.05,neutral
NVSHDVVG,17,13,16,17,30,33,-0.05,neutral
VLGLHNSV,25,25,26,28,50,54,-0.05,neutral
RRFCRRIH,32,18,26,28,50,54,-0.05,neutral
YLNRRHCI,38,32,42,33,70,75,-0.05,neutral
CRRGIDCR,29,21,32,22,50,54,-0.05,neutral
FRVRFRRS,5,5,7,5,10,12,-0.05,neutral
GLCGSNSD,6,4,7,5,10,12,-0.05,neutral
INCCGGGI,4,6,4,8,10,12,-0.05,neutral
IYCVDSVS,5,5,7,5,10,12,-0.05,neutral
SCLGYGGS,8,2,8,4,10,12,-0.05,neutral
HHSSRILC,6,4,7,5,10,12,-0.05,neutral
GSFCSLSC,61,50,60,58,111,118,-0.04964539007092199,neutral
VDHVCLLS,31,20,24,31,51,55,-0.04938271604938271,neutral
GVCVVGLR,54,38,47,51,92,98,-0.04918032786885246,neutral
GFRVLFGC,55,37,45,53,92,98,-0.04918032786885246,neutral
CHVGGYRH,52,40,53,45,92,98,-0.04918032786885246,neutral
VDDNIYIR,17,14,17,17,31,34,-0.04918032786885246,neutral
RLLGIDRG,15,16,16,18,31,34,-0.04918032786885246,neutral
GGLVRYSL,19,12,12,22,31,34,-0.04918032786885246,neutral
FNHVSSNV,33,19,25,31,52,56,-0.04878048780487805,neutral
GIHLHYVS,8,3,5,8,11,13,-0.04878048780487805,neutral
HFLCRIGC,32,20,30,26,52,56,-0.04878048780487805,neutral
CFHGVRLF,6,5,8,5,11,13,-0.04878048780487805,neutral
LDGFYFCS,32,20,27,29,52,56,-0.04878048780487805,neutral
DSGICVIR,11,0,9,4,11,13,-0.04878048780487805,neutral
FVHCNCRF,26,26,31,25,52,56,-0.04878048780487805,neutral
IIFVRNGV,8,3,9,4,11,13,-0.04878048780487805,neutral
CSIFVCRG,5,6,6,7,11,13,-0.04878048780487805,neutral
GYCVHRGD,32,20,22,34,52,56,-0.04878048780487805,neutral
LNIRDNCC,29,23,21,35,52,56,-0.04878048780487805,neutral
IIDCDGIG,9,2,9,4,11,13,-0.04878048780487805,neutral
YDFHVLCG,7,4,7,6,11,13,-0.04878048780487805,neutral
NCCSDDCC,10,1,6,7,11,13,-0.04878048780487805,neutral
FCHGISLI,5,6,8,5,11,13,-0.04878048780487805,neutral
RGNCCDGY,65,49,61,60,114,121,-0.04861111111111111,neutral
NFNFVCGS,41,32,43,35,73,78,-0.04854368932038835,neutral
GVSGFIFH,19,13,21,14,32,35,-0.04838709677419355,neutral
FRNIDSIC,17,15,14,21,32,35,-0.04838709677419355,neutral
NFFFHCLV,17,15,19,16,32,35,-0.04838709677419355,neutral
FCLLGNRS,20,12,14,21,32,35,-0.04838709677419355,neutral
NVGSGGCY,75,61,70,74,136,144,-0.04819277108433735,neutral
SCVCVGGG,35,18,23,34,53,57,-0.04819277108433735,neutral
VCVGGGLC,35,18,35,22,53,57,-0.04819277108433735,neutral
SSVRGLSY,30,23,29,28,53,57,-0.04819277108433735,neutral
LNLHGGGC,29,24,30,27,53,57,-0.04819277108433735,neutral
GCRSGLCC,41,33,32,47,74,79,-0.04807692307692308,neutral
ICNISCVD,57,38,53,48,95,101,-0.048,neutral
CLRIDVGH,54,41,42,59,95,101,-0.048,neutral
YNRRDLRR,11,1,9,5,12,14,-0.047619047619047616,neutral
GCNCDVHG,9,3,7,7,12,14,-0.047619047619047616,neutral
FRVHSSCH,19,14,16,20,33,36,-0.047619047619047616,neutral
IRVNHCVR,21,12,15,21,33,36,-0.047619047619047616,neutral
SSFLRYSF,8,4,7,7,12,14,-0.047619047619047616,neutral
GCLRRDCY,44,31,43,37,75,80,-0.047619047619047616,neutral
IGFGGVGG,25,8,22,14,33,36,-0.047619047619047616,neutral
LRIRHGHV,7,5,8,6,12,14,-0.047619047619047616,neutral
VGNDCDCC,34,20,21,37,54,58,-0.047619047619047616,neutral
CDLNGHSH,9,3,7,7,12,14,-0.047619047619047616,neutral
CGCGSNGV,52,44,45,57,96,102,-0.047619047619047616,neutral
FDHSGVVI,25,8,15,21,33,36,-0.047619047619047616,neutral
VSYGNRGD,25,8,19,17,33,36,-0.047619047619047616,neutral
IGLDYGGS,10,2,6,8,12,14,-0.047619047619047616,neutral
LGGCVGVV,31,23,32,26,54,58,-0.047619047619047616,neutral
FHFVCNSG,22,11,17,19,33,36,-0.047619047619047616,neutral
GCFVSNSL,20,13,24,12,33,36,-0.047619047619047616,neutral
SHCCYDHS,56,41,54,49,97,103,-0.047244094488188976,neutral
SIYNGIRD,30,25,31,28,55,59,-0.047058823529411764,neutral
SGFSIRGG,52,46,54,50,98,104,-0.046875,neutral
LGRDGRLG,25,9,11,26,34,37,-0.046875,neutral
VGNHCCDR,57,41,49,55,98,104,-0.046875,neutral
RIVCDRHF,20,14,12,25,34,37,-0.046875,neutral
FGDSGCFG,47,30,45,37,77,82,-0.04672897196261682,neutral
CCGLHFDY,6,7,6,9,13,15,-0.046511627906976744,neutral
FCFICGFG,7,6,7,8,13,15,-0.046511627906976744,neutral
FFDFGFGC,37,19,26,34,56,60,-0.046511627906976744,neutral
DFSCSGHR,36,20,26,34,56,60,-0.046511627906976744,neutral
GCGSLCRL,5,8,9,6,13,15,-0.046511627906976744,neutral
VDGCVRFR,36,20,27,33,56,60,-0.046511627906976744,neutral
VGGINVCC,6,7,9,6,13,15,-0.046511627906976744,neutral
VIVNCISV,65,56,60,68,121,128,-0.046357615894039736,neutral
GDIRYGVV,24,11,22,16,35,38,-0.046153846153846156,neutral
CCISLSDC,20,15,19,19,35,38,-0.046153846153846156,neutral
FRRFVFNC,25,10,24,14,35,38,-0.046153846153846156,neutral
YNIFRRRF,19,16,20,18,35,38,-0.046153846153846156,neutral
NDNGGGGF,17,18,16,22,35,38,-0.046153846153846156,neutral
FDLFSFDV,20,15,14,24,35,38,-0.046153846153846156,neutral
LGVVRGGR,23,12,19,19,35,38,-0.046153846153846156,neutral
FGCFNYYI,23,12,15,23,35,38,-0.046153846153846156,neutral
NCSHHFNR,31,26,35,26,57,61,-0.04597701149425287,neutral
FDNDFVLV,32,25,31,30,57,61,-0.04597701149425287,neutral
SCFDGHCH,43,36,47,37,79,84,-0.045871559633027525,neutral
VVLGVDIL,46,33,44,40,79,84,-0.045871559633027525,neutral
LSLYRIVG,34,24,25,37,58,62,-0.045454545454545456,neutral
SIGYLYVL,11,3,7,9,14,16,-0.045454545454545456,neutral
VDFGSFNL,8,6,8,8,14,16,-0.045454545454545456,neutral
FHGGCGRC,7,7,8,8,14,16,-0.045454545454545456,neutral
FFGLRCLH,5,9,7,9,14,16,-0.045454545454545456,neutral
YIRRCGHV,9,5,10,6,14,16,-0.045454545454545456,neutral
FDFFNYID,15,21,14,25,36,39,-0.045454545454545456,neutral
YRNGDVDR,29,29,29,33,58,62,-0.045454545454545456,neutral
HNYGICNH,11,3,10,6,14,16,-0.045454545454545456,neutral
VFCDSGGV,25,11,15,24,36,39,-0.045454545454545456,neutral
CLRYNGSV,35,23,30,32,58,62,-0.045454545454545456,neutral
SYFRRGFS,9,5,8,8,14,16,-0.045454545454545456,neutral
FCYGDVSL,23,13,14,25,36,39,-0.045454545454545456,neutral
SGHNVHDN,8,6,7,9,14,16,-0.045454545454545456,neutral
ICCLNNGN,56,47,53,56,103,109,-0.045112781954887216,neutral
GVFGCRVV,46,35,46,40,81,86,-0.04504504504504504,neutral
SGGRNDVY,50,31,45,41,81,86,-0.04504504504504504,neutral
SLCSNCVG,39,20,28,35,59,63,-0.0449438202247191,neutral
LDCFNCRG,38,21,30,33,59,63,-0.0449438202247191,neutral
VDRVFDNG,17,20,20,20,37,40,-0.04477611940298507,neutral
SVRGLCVS,27,10,17,23,37,40,-0.04477611940298507,neutral
YYRRCCRV,19,18,21,19,37,40,-0.04477611940298507,neutral
VSVHHGDC,24,13,19,21,37,40,-0.04477611940298507,neutral
IVLRRRYI,22,15,18,22,37,40,-0.04477611940298507,neutral
CVRFVCRS,12,3,5,12,15,17,-0.044444444444444446,neutral
DRVCLYGL,7,8,8,9,15,17,-0.044444444444444446,neutral
IGVFRVRL,9,6,9,8,15,17,-0.044444444444444446,neutral
GCGYDHRL,12,3,7,10,15,17,-0.044444444444444446,neutral
FVNRGCCN,36,24,36,28,60,64,-0.044444444444444446,neutral
CDCVGGVR,9,6,10,7,15,17,-0.044444444444444446,neutral
IRICSFHG,9,6,8,9,15,17,-0.044444444444444446,neutral
CYDGSRDC,26,12,25,16,38,41,-0.04411764705882353,neutral
RISSIYCC,24,14,18,23,38,41,-0.04411764705882353,neutral
RGYCGGNI,27,34,24,41,61,65,-0.04395604395604396,neutral
SGGGGLFV,37,24,30,35,61,65,-0.04395604395604396,neutral
DGICHFIC,49,35,49,40,84,89,-0.043859649122807015,neutral
GCRFVVRV,44,40,36,53,84,89,-0.043859649122807015,neutral
LDHCDVCR,53,54,48,65,107,113,-0.043795620437956206,neutral
FCGGGGGC,39,23,32,34,62,66,-0.043478260869565216,neutral
GGFVYFCH,24,15,21,21,39,42,-0.043478260869565216,neutral
YGVVVLSR,24,15,22,20,39,42,-0.043478260869565216,neutral
IRIDSSLH,26,13,25,17,39,42,-0.043478260869565216,neutral
CGCSSVGG,7,9,11,7,16,18,-0.043478260869565216,neutral
FCGVSFVV,10,6,8,10,16,18,-0.043478260869565216,neutral
VCRFHFGG,11,5,7,11,16,18,-0.043478260869565216,neutral
VRHVCFSC,7,9,12,6,16,18,-0.043478260869565216,neutral
DFVVGFCY,10,6,10,8,16,18,-0.043478260869565216,neutral
FDVLNHGG,50,36,44,47,86,91,-0.04310344827586207,neutral
CSRFVVHD,23,17,27,16,40,43,-0.04285714285714286,neutral
GDDYIYCG,21,19,18,25,40,43,-0.04285714285714286,neutral
FRGICRVH,25,15,21,22,40,43,-0.04285714285714286,neutral
FCLSIGVR,25,15,20,23,40,43,-0.04285714285714286,neutral
FYDFHCFR,14,3,7,12,17,19,-0.0425531914893617,neutral
NGYCHGNG,6,11,9,10,17,19,-0.0425531914893617,neutral
YDGLIVGL,30,34,30,38,64,68,-0.0425531914893617,neutral
RHCSVHLL,7,10,5,14,17,19,-0.0425531914893617,neutral
LFGFDFVC,36,28,36,32,64,68,-0.0425531914893617,neutral
GFSLYNVS,9,8,15,4,17,19,-0.0425531914893617,neutral
RIGHHGGF,36,28,33,35,64,68,-0.0425531914893617,neutral
DNSDCVCG,12,5,9,10,17,19,-0.0425531914893617,neutral
YSIRRDVF,51,37,50,43,88,93,-0.0423728813559322,neutral
INLRDGCD,23,18,21,23,41,44,-0.04225352112676056,neutral
FSYNVVLH,30,11,20,24,41,44,-0.04225352112676056,neutral
HIVHVCNV,61,51,51,67,112,118,-0.04225352112676056,neutral
FVHNLISV,42,23,37,32,65,69,-0.042105263157894736,neutral
DRHYVINC,60,53,58,61,113,119,-0.04195804195804196,neutral
IRHFCLGV,11,7,9,11,18,20,-0.041666666666666664,neutral
SVSCVGYR,21,21,23,22,42,45,-0.041666666666666664,neutral
VNNLLRYC,12,6,10,10,18,20,-0.041666666666666664,neutral
GGCDFDGV,12,6,9,11,18,20,-0.041666666666666664,neutral
VGVLHSCR,10,8,9,11,18,20,-0.041666666666666664,neutral
FRISSSSS,10,8,14,6,18,20,-0.041666666666666664,neutral
YRHCRFRF,26,16,18,27,42,45,-0.041666666666666664,neutral
FVVLCDRR,10,8,9,11,18,20,-0.041666666666666664,neutral
YFDSDGRD,12,6,10,10,18,20,-0.041666666666666664,neutral
SDRDHHCR,48,43,49,47,91,96,-0.04132231404958678,neutral
NGCIVGCR,54,37,45,51,91,96,-0.04132231404958678,neutral
NGIFHIRV,54,37,45,51,91,96,-0.04132231404958678,neutral
CFHLHNSR,42,25,35,36,67,71,-0.041237113402061855,neutral
IRDRYNGV,41,26,28,43,67,71,-0.041237113402061855,neutral
IFHSRYIL,30,13,17,29,43,46,-0.0410958904109589,neutral
GSNSCGNG,29,14,18,28,43,46,-0.0410958904109589,neutral
NHDIHNLI,25,18,26,20,43,46,-0.0410958904109589,neutral
LHVVLRHV,11,8,12,9,19,21,-0.04081632653061224,neutral
RYLSNSCI,12,7,7,14,19,21,-0.04081632653061224,neutral
SDVVLCRL,10,9,13,8,19,21,-0.04081632653061224,neutral
RGFGFVHN,9,10,12,9,19,21,-0.04081632653061224,neutral
CHVCFNRG,17,2,10,11,19,21,-0.04081632653061224,neutral
VFVNGCIR,55,38,53,45,93,98,-0.04065040650406504,neutral
GFGNLFCS,27,17,30,17,44,47,-0.04054054054054054,neutral
VCVCRGDF,24,20,18,29,44,47,-0.04054054054054054,neutral
GHGCYFSC,25,19,24,23,44,47,-0.04054054054054054,neutral
DRIRFCDC,22,22,18,29,44,47,-0.04054054054054054,neutral
VYDCGGRD,31,13,21,26,44,47,-0.04054054054054054,neutral
CDNRGRIF,25,19,18,29,44,47,-0.04054054054054054,neutral
SVLVGCCG,30,14,25,22,44,47,-0.04054054054054054,neutral
SFLLSGIC,29,16,23,25,45,48,-0.04,neutral
CVLGGVRF,14,6,11,11,20,22,-0.04,neutral
FCVGGRSF,13,7,10,12,20,22,-0.04,neutral
YIDDLRSN,28,17,21,27,45,48,-0.04,neutral
YGFDLGVD,23,22,20,28,45,48,-0.04,neutral
SHNRGNCG,13,7,14,8,20,22,-0.04,neutral
CSDNLYSG,30,15,19,29,45,48,-0.04,neutral
GVSFDGIH,11,9,13,9,20,22,-0.04,neutral
IYHCSNGC,27,18,24,24,45,48,-0.04,neutral
YGNGGCVV,53,43,45,56,96,101,-0.03968253968253968,neutral
SFVDVRGR,54,42,50,51,96,101,-0.03968253968253968,neutral
GFLHVSCH,42,29,44,31,71,75,-0.039603960396039604,neutral
GCHHLVGC,31,15,22,27,46,49,-0.039473684210526314,neutral
VGGNFGVN,20,26,22,27,46,49,-0.039473684210526314,neutral
ICVFNGGD,25,21,24,25,46,49,-0.039473684210526314,neutral
FLGDCLRS,55,42,56,46,97,102,-0.03937007874015748,neutral
RIVNVVNV,10,11,13,10,21,23,-0.0392156862745098,neutral
GVISGVGS,16,5,14,9,21,23,-0.0392156862745098,neutral
FYGCLHLS,11,10,7,16,21,23,-0.0392156862745098,neutral
CRDYGVGV,11,10,7,16,21,23,-0.0392156862745098,neutral
FRRVRCHH,12,9,9,14,21,23,-0.0392156862745098,neutral
LSVRHIVH,45,27,29,47,72,76,-0.0392156862745098,neutral
YSFCSIFH,16,5,12,11,21,23,-0.0392156862745098,neutral
CSVGLLIR,7,14,9,14,21,23,-0.0392156862745098,neutral
LGGVCVRC,18,29,18,32,47,50,-0.03896103896103896,neutral
CCHDSGHV,31,16,26,24,47,50,-0.03896103896103896,neutral
LDCCSGHR,31,16,28,22,47,50,-0.03896103896103896,neutral
CCVRSDGD,44,29,37,40,73,77,-0.038834951456310676,neutral
NCGNCCRD,45,28,37,40,73,77,-0.038834951456310676,neutral
GRVCYGCL,45,28,35,42,73,77,-0.038834951456310676,neutral
CVSSVNSV,56,43,45,59,99,104,-0.03875968992248062,neutral
SSRCDFLV,15,7,12,12,22,24,-0.038461538461538464,neutral
FFSRLSGC,29,19,27,24,48,51,-0.038461538461538464,neutral
IFCNSGCD,32,16,23,28,48,51,-0.038461538461538464,neutral
GNDGGDCL,24,24,20,31,48,51,-0.038461538461538464,neutral
YDCDIIRR,26,22,27,24,48,51,-0.038461538461538464,neutral
CCGYDCDV,14,8,9,15,22,24,-0.038461538461538464,neutral
RCFSGFVS,8,14,13,11,22,24,-0.038461538461538464,neutral
LVSSNDCV,46,28,40,38,74,78,-0.038461538461538464,neutral
NCGGGRCR,14,8,9,15,22,24,-0.038461538461538464,neutral
YLSCSGRD,29,20,29,23,49,52,-0.0379746835443038,neutral
VRGFGDLF,30,19,27,25,49,52,-0.0379746835443038,neutral
NLISHFVL,32,17,20,32,49,52,-0.0379746835443038,neutral
IVCVSRHH,31,18,29,23,49,52,-0.0379746835443038,neutral
NHGSFSIG,26,23,26,26,49,52,-0.0379746835443038,neutral
VVRLGFRV,60,42,55,52,102,107,-0.03787878787878788,neutral
LDVLSFRV,15,8,11,14,23,25,-0.03773584905660377,neutral
FVVNSYRG,41,35,45,35,76,80,-0.03773584905660377,neutral
IIGNRFGV,44,32,45,35,76,80,-0.03773584905660377,neutral
RSYYVSGL,13,10,13,12,23,25,-0.03773584905660377,neutral
GSFCLHVV,17,6,10,15,23,25,-0.03773584905660377,neutral
RSVFVGGC,14,9,12,13,23,25,-0.03773584905660377,neutral
CFIGVRGN,34,16,30,23,50,53,-0.0375,neutral
GCGFHICV,61,44,54,56,105,110,-0.037037037037037035,neutral
CGGFRGGV,27,24,25,29,51,54,-0.037037037037037035,neutral
VLIRHGDS,11,13,10,16,24,26,-0.037037037037037035,neutral
FNDDNVCH,33,19,37,18,52,55,-0.036585365853658534,neutral
YVDSVLFF,34,18,24,31,52,55,-0.036585365853658534,neutral
NHFRVVID,29,23,32,23,52,55,-0.036585365853658534,neutral
NCDCLNRR,30,22,33,22,52,55,-0.036585365853658534,neutral
FICGGIGR,14,11,16,11,25,27,-0.03636363636363636,neutral
SRSYGNDL,20,5,9,18,25,27,-0.03636363636363636,neutral
SYRGVVLD,14,11,10,17,25,27,-0.03636363636363636,neutral
FHCGIRNG,15,10,12,15,25,27,-0.03636363636363636,neutral
YICGCRGV,18,7,14,13,25,27,-0.03636363636363636,neutral
ISCGHFNR,17,8,12,15,25,27,-0.03636363636363636,neutral
YLGISSNG,50,58,59,54,108,113,-0.036231884057971016,neutral
LILHGLYC,36,17,23,33,53,56,-0.03614457831325301,neutral
IDICINNG,27,26,25,31,53,56,-0.03614457831325301,neutral
GRNLGSRN,19,7,11,17,26,28,-0.03571428571428571,neutral
GSCGVHFH,18,8,13,15,26,28,-0.03571428571428571,neutral
DFFSGGSV,18,8,15,13,26,28,-0.03571428571428571,neutral
IDHVFVRR,17,9,17,11,26,28,-0.03571428571428571,neutral
CGVFHFRC,19,7,15,13,26,28,-0.03571428571428571,neutral
RLCGCRVV,30,24,27,30,54,57,-0.03571428571428571,neutral
LNSCFFRS,35,19,31,26,54,57,-0.03571428571428571,neutral
HSFHSFRC,17,9,12,16,26,28,-0.03571428571428571,neutral
HNLNGYVG,18,8,9,19,26,28,-0.03571428571428571,neutral
RHFVDVSR,32,22,35,22,54,57,-0.03571428571428571,neutral
FGYGNDNC,18,8,15,13,26,28,-0.03571428571428571,neutral
FIFGLNGL,19,7,16,12,26,28,-0.03571428571428571,neutral
NCCNSHDV,35,19,29,28,54,57,-0.03571428571428571,neutral
VDSHGCGD,15,11,15,13,26,28,-0.03571428571428571,neutral
VYGFDLSF,50,33,41,46,83,87,-0.035398230088495575,neutral
FRDSFVRC,33,22,36,22,55,58,-0.03529411764705882,neutral
YNGFCYLG,31,24,28,30,55,58,-0.03529411764705882,neutral
LGRNHFCL,35,20,29,29,55,58,-0.03529411764705882,neutral
YVYGRVHV,37,18,25,33,55,58,-0.03529411764705882,neutral
IHFDDCSG,37,18,31,27,55,58,-0.03529411764705882,neutral
FSYVHNDS,35,20,25,33,55,58,-0.03529411764705882,neutral
VFRFCRHI,34,21,27,31,55,58,-0.03529411764705882,neutral
DSSSGIGN,34,21,33,25,55,58,-0.03529411764705882,neutral
CGGFDGVV,35,20,27,31,55,58,-0.03529411764705882,neutral
YFNLCCNL,17,10,16,13,27,29,-0.03508771929824561,neutral
NFFRGYCS,16,11,16,13,27,29,-0.03508771929824561,neutral
GDSGVYYR,19,8,13,16,27,29,-0.03508771929824561,neutral
FHHCDNHC,19,8,15,14,27,29,-0.03508771929824561,neutral
CFRGGIGI,11,16,17,12,27,29,-0.03508771929824561,neutral
VCHINRCH,19,8,19,10,27,29,-0.03508771929824561,neutral
FDVRYVRL,20,7,18,11,27,29,-0.03508771929824561,neutral
NGSCCGVG,20,7,8,21,27,29,-0.03508771929824561,neutral
RLHIGYLS,21,6,17,12,27,29,-0.03508771929824561,neutral
YFLRCGRR,36,20,27,32,56,59,-0.03488372093023256,neutral
FCDGRGSF,52,33,35,54,85,89,-0.034782608695652174,neutral
YRSSHSGI,45,40,46,43,85,89,-0.034782608695652174,neutral
DVHVGVCI,37,20,27,33,57,60,-0.034482758620689655,neutral
SIFCGNRC,18,10,17,13,28,30,-0.034482758620689655,neutral
CIHYYNVF,17,11,16,14,28,30,-0.034482758620689655,neutral
HIGFSRLL,35,22,27,33,57,60,-0.034482758620689655,neutral
RYCVRYRC,18,10,11,19,28,30,-0.034482758620689655,neutral
FLCSGSGS,52,34,44,46,86,90,-0.034482758620689655,neutral
FFVRCRGI,15,13,17,13,28,30,-0.034482758620689655,neutral
NRRFVVIS,49,37,41,49,86,90,-0.034482758620689655,neutral
CGGSCDGC,67,48,51,69,115,120,-0.034482758620689655,neutral
RFNLCLVG,18,10,16,14,28,30,-0.034482758620689655,neutral
DCISSCVV,20,8,18,12,28,30,-0.034482758620689655,neutral
DGICRVFH,34,24,27,34,58,61,-0.03409090909090909,neutral
VRSFRHGN,30,28,23,38,58,61,-0.03409090909090909,neutral
DSSCCIRL,37,21,26,35,58,61,-0.03409090909090909,neutral
YFFYIRLV,13,16,17,14,29,31,-0.03389830508474576,neutral
GVCLHSLR,21,8,16,15,29,31,-0.03389830508474576,neutral
FDHLHRVD,18,11,13,18,29,31,-0.03389830508474576,neutral
CFGIRVNI,21,8,14,17,29,31,-0.03389830508474576,neutral
SYLGNIVV,49,39,43,49,88,92,-0.03389830508474576,neutral
CYFSRSRR,18,11,15,16,29,31,-0.03389830508474576,neutral
FHGCVFGC,21,8,13,18,29,31,-0.03389830508474576,neutral
FYGDCVIF,21,8,11,20,29,31,-0.03389830508474576,neutral
FIRSCFGV,38,21,25,37,59,62,-0.033707865168539325,neutral
CIGSVFRR,37,22,33,29,59,62,-0.033707865168539325,neutral
LRCSCGHN,37,22,35,27,59,62,-0.033707865168539325,neutral
FDLSCIGV,53,36,49,44,89,93,-0.03361344537815126,neutral
HHSYHCIR,52,37,40,53,89,93,-0.03361344537815126,neutral
SRFLCSGC,18,12,17,15,30,32,-0.03333333333333333,neutral
CSRFVGGV,21,9,15,17,30,32,-0.03333333333333333,neutral
CGSHCNGC,18,12,9,23,30,32,-0.03333333333333333,neutral
CYRFRHSC,18,12,16,16,30,32,-0.03333333333333333,neutral
RINVRGCN,83,67,75,81,150,156,-0.03333333333333333,neutral
LGCDLNLH,39,22,36,28,61,64,-0.03296703296703297,neutral
LVVRGSLC,39,22,32,32,61,64,-0.03296703296703297,neutral
CSSIIFCG,20,11,18,15,31,33,-0.03278688524590164,neutral
IGHVVGGF,70,53,72,56,123,128,-0.032679738562091505,neutral
NYGGNRCH,38,24,33,32,62,65,-0.03260869565217391,neutral
RGLSSDSS,32,30,29,36,62,65,-0.03260869565217391,neutral
GRSRCFLR,54,40,44,54,94,98,-0.03225806451612903,neutral
CSDGIYVN,23,9,15,19,32,34,-0.03225806451612903,neutral
HIRDGGVL,19,13,20,14,32,34,-0.03225806451612903,neutral
YRDRIYCC,52,43,50,49,95,99,-0.032,neutral
RDVRDGYL,48,47,54,45,95,99,-0.032,neutral
IGGHVSDG,40,24,31,36,64,67,-0.031914893617021274,neutral
FVCSGHND,20,13,19,16,33,35,-0.031746031746031744,neutral
DCGSCGGC,21,12,19,16,33,35,-0.031746031746031744,neutral
RRGVCGYV,21,12,10,25,33,35,-0.031746031746031744,neutral
SSNLDRRR,23,10,14,21,33,35,-0.031746031746031744,neutral
RGDLLVCR,25,8,20,15,33,35,-0.031746031746031744,neutral
GCGIGRNY,20,13,16,19,33,35,-0.031746031746031744,neutral
FDYLFFGV,19,14,18,17,33,35,-0.031746031746031744,neutral
FRNCVFRN,23,10,14,21,33,35,-0.031746031746031744,neutral
IVDISFGS,41,24,39,29,65,68,-0.031578947368421054,neutral
IDNYHSDV,57,40,49,52,97,101,-0.031496062992125984,neutral
GSCRIFGG,73,56,62,72,129,134,-0.031446540880503145,neutral
ICDDGGGG,1,1,0,3,2,3,-0.03125,neutral
HRRIISVN,1,1,3,0,2,3,-0.03125,neutral
VCGRDDRN,2,0,2,1,2,3,-0.03125,neutral
FFLCVFVC,2,0,1,2,2,3,-0.03125,neutral
CVNVGGYI,1,1,2,1,2,3,-0.03125,neutral
CHRCGSGF,0,2,1,2,2,3,-0.03125,neutral
SGVCVRGG,2,0,1,2,2,3,-0.03125,neutral
NDHHFGCN,2,0,1,2,2,3,-0.03125,neutral
FCCRYCLR,1,1,0,3,2,3,-0.03125,neutral
VVNVGSIV,2,0,1,2,2,3,-0.03125,neutral
GFDRDNSG,1,1,2,1,2,3,-0.03125,neutral
IVRLILRV,1,1,2,1,2,3,-0.03125,neutral
FSHNLCHS,1,1,3,0,2,3,-0.03125,neutral
CCGGNDLG,0,2,2,1,2,3,-0.03125,neutral
GRFNHFIC,2,0,2,1,2,3,-0.03125,neutral
FFVICGCL,2,0,1,2,2,3,-0.03125,neutral
CIVISDIS,1,1,2,1,2,3,-0.03125,neutral
FDVHRIVV,1,1,2,1,2,3,-0.03125,neutral
GRRIIVFR,0,2,1,2,2,3,-0.03125,neutral
CNRSGLRC,1,1,2,1,2,3,-0.03125,neutral
SVCVYCLG,0,2,1,2,2,3,-0.03125,neutral
VCVGGRRG,1,1,1,2,2,3,-0.03125,neutral
CRSGCVFG,1,1,2,1,2,3,-0.03125,neutral
FGGFFIRL,0,2,1,2,2,3,-0.03125,neutral
FCGSGNDC,1,1,0,3,2,3,-0.03125,neutral
HGISVIHV,0,2,2,1,2,3,-0.03125,neutral
CGVLHSCL,0,2,1,2,2,3,-0.03125,neutral
CRCGRHDL,2,0,0,3,2,3,-0.03125,neutral
CCGDVGDN,2,0,2,1,2,3,-0.03125,neutral
FCHDGILR,2,0,2,1,2,3,-0.03125,neutral
SRSHNGCL,2,0,0,3,2,3,-0.03125,neutral
CDVFSFCN,2,0,1,2,2,3,-0.03125,neutral
HNDNGVVL,0,2,1,2,2,3,-0.03125,neutral
SCDFGINR,0,2,1,2,2,3,-0.03125,neutral
YDGFVGLF,1,1,3,0,2,3,-0.03125,neutral
NGSIFCNH,2,0,2,1,2,3,-0.03125,neutral
IINVGSLC,1,1,2,1,2,3,-0.03125,neutral
FFLSCDCG,1,1,2,1,2,3,-0.03125,neutral
IDGVSDRY,1,1,2,1,2,3,-0.03125,neutral
FRHHFIFC,0,2,3,0,2,3,-0.03125,neutral
VYGIYGND,2,0,2,1,2,3,-0.03125,neutral
VCDSGCGN,2,0,2,1,2,3,-0.03125,neutral
VVDDRRCI,0,2,1,2,2,3,-0.03125,neutral
GSVISNCS,2,0,2,1,2,3,-0.03125,neutral
RCVNGFRG,2,0,2,1,2,3,-0.03125,neutral
RNDCFCSC,1,1,1,2,2,3,-0.03125,neutral
HYGHSSCL,2,0,1,2,2,3,-0.03125,neutral
CRCRNGCS,1,1,1,2,2,3,-0.03125,neutral
IFFDYFFL,2,0,1,2,2,3,-0.03125,neutral
DDSVVLNC,1,1,1,2,2,3,-0.03125,neutral
HLLFNCVC,1,1,1,2,2,3,-0.03125,neutral
GIISILVS,1,1,1,2,2,3,-0.03125,neutral
FCCDHDSC,0,2,1,2,2,3,-0.03125,neutral
VVGDRFCL,1,1,3,0,2,3,-0.03125,neutral
FFVFGVSG,1,1,1,2,2,3,-0.03125,neutral
RHVYFNCD,1,1,0,3,2,3,-0.03125,neutral
CVSGVSCC,1,1,3,0,2,3,-0.03125,neutral
NCNVCHVL,2,0,2,1,2,3,-0.03125,neutral
CSCCRRGD,2,0,2,1,2,3,-0.03125,neutral
GRRIIIGI,2,0,1,2,2,3,-0.03125,neutral
SCNSFVCG,1,1,2,1,2,3,-0.03125,neutral
IFGRHSHC,2,0,2,1,2,3,-0.03125,neutral
GYGYVIGG,2,0,1,2,2,3,-0.03125,neutral
GFLRSSHC,2,0,1,2,2,3,-0.03125,neutral
CFGNVICV,1,1,0,3,2,3,-0.03125,neutral
GYVYGCRV,1,1,2,1,2,3,-0.03125,neutral
FGHLSRGC,1,1,0,3,2,3,-0.03125,neutral
VIVSCYFG,1,1,2,1,2,3,-0.03125,neutral
CDVHIVHD,2,0,2,1,2,3,-0.03125,neutral
FVIGHYGC,1,1,1,2,2,3,-0.03125,neutral
FYSIGIYH,1,1,0,3,2,3,-0.03125,neutral
SVCGIYLG,1,1,2,1,2,3,-0.03125,neutral
RGIRSLIC,0,2,0,3,2,3,-0.03125,neutral
FHSNVYVS,2,0,1,2,2,3,-0.03125,neutral
VFRGCVRS,1,1,2,1,2,3,-0.03125,neutral
CCIFDCGG,0,2,1,2,2,3,-0.03125,neutral
YVGNYFRV,2,0,1,2,2,3,-0.03125,neutral
LVGINCIL,1,1,2,1,2,3,-0.03125,neutral
GRRFIGGI,1,1,3,0,2,3,-0.03125,neutral
DCDRSVSN,2,0,1,2,2,3,-0.03125,neutral
CCHHDFCL,2,0,2,1,2,3,-0.03125,neutral
GNVRRCNV,2,0,2,1,2,3,-0.03125,neutral
FCGHCVHV,1,1,1,2,2,3,-0.03125,neutral
CYGGCSRG,2,0,1,2,2,3,-0.03125,neutral
CSFGFIFR,1,1,0,3,2,3,-0.03125,neutral
FYVDCIIG,1,1,1,2,2,3,-0.03125,neutral
CYGLCVFG,1,1,1,2,2,3,-0.03125,neutral
FGNHGHLH,41,25,34,35,66,69,-0.03125,neutral
LRCGHFGV,1,1,1,2,2,3,-0.03125,neutral
DCVRHFSC,2,0,1,2,2,3,-0.03125,neutral
DCCVLNGD,0,2,0,3,2,3,-0.03125,neutral
GDCICIGV,1,1,1,2,2,3,-0.03125,neutral
FYVCGSRS,1,1,2,1,2,3,-0.03125,neutral
CSGVVIYV,1,1,2,1,2,3,-0.03125,neutral
CSGRFVSC,16,18,17,19,34,36,-0.03125,neutral
FCDGHFNC,2,0,1,2,2,3,-0.03125,neutral
GCRHGSII,1,1,0,3,2,3,-0.03125,neutral
FVNGFFVY,2,0,2,1,2,3,-0.03125,neutral
HFVIGNHI,1,1,0,3,2,3,-0.03125,neutral
IRDRNVSG,2,0,1,2,2,3,-0.03125,neutral
FRYRRGGI,0,2,0,3,2,3,-0.03125,neutral
LCVIFGDV,2,0,0,3,2,3,-0.03125,neutral
FRINLRGY,2,0,2,1,2,3,-0.03125,neutral
ICVRSSRG,1,1,1,2,2,3,-0.03125,neutral
LCCDFLVV,1,1,2,1,2,3,-0.03125,neutral
VCIVLNRV,2,0,2,1,2,3,-0.03125,neutral
CVGRGSRF,1,1,3,0,2,3,-0.03125,neutral
CSYFNCFH,2,0,2,1,2,3,-0.03125,neutral
FCVHGCGG,1,1,2,1,2,3,-0.03125,neutral
ICCIYSGD,2,0,0,3,2,3,-0.03125,neutral
CDFDGGVG,0,2,3,0,2,3,-0.03125,neutral
GGRRHYCV,1,1,1,2,2,3,-0.03125,neutral
VYVVGIRS,1,1,0,3,2,3,-0.03125,neutral
VHNVIYSS,1,1,3,0,2,3,-0.03125,neutral
YGCRGGLC,1,1,2,1,2,3,-0.03125,neutral
IIIRYGFR,1,1,2,1,2,3,-0.03125,neutral
RLSFVGNV,1,1,3,0,2,3,-0.03125,neutral
CRGGVVRY,20,14,17,19,34,36,-0.03125,neutral
CDGGGLVC,1,1,3,0,2,3,-0.03125,neutral
GNVSFGHV,2,0,1,2,2,3,-0.03125,neutral
HFDRYSCS,2,0,0,3,2,3,-0.03125,neutral
RFNCINVF,1,1,1,2,2,3,-0.03125,neutral
LISCLRNI,56,42,59,43,98,102,-0.03125,neutral
FCDGRVVV,0,2,3,0,2,3,-0.03125,neutral
FCRDHCGS,1,1,2,1,2,3,-0.03125,neutral
HDDSRNFL,2,0,3,0,2,3,-0.03125,neutral
DFRIYCVD,2,0,1,2,2,3,-0.03125,neutral
SYLSLYGC,2,0,2,1,2,3,-0.03125,neutral
CSFCVSVV,0,2,1,2,2,3,-0.03125,neutral
VVIFRCLH,1,1,1,2,2,3,-0.03125,neutral
YLDIHGLS,2,0,3,0,2,3,-0.03125,neutral
IFFCLYVY,0,2,1,2,2,3,-0.03125,neutral
CVRHGYVI,1,1,2,1,2,3,-0.03125,neutral
IIGDCGLS,2,0,1,2,2,3,-0.03125,neutral
FCGVHCDS,1,1,1,2,2,3,-0.03125,neutral
FCVGGSGC,2,0,1,2,2,3,-0.03125,neutral
DRRVISDS,1,1,1,2,2,3,-0.03125,neutral
GRHIISSL,1,1,1,2,2,3,-0.03125,neutral
LDNDGGGG,41,25,37,32,66,69,-0.03125,neutral
CGSGVVSG,1,1,2,1,2,3,-0.03125,neutral
VHLCCGFC,1,1,3,0,2,3,-0.03125,neutral
FGVIGLVL,0,2,1,2,2,3,-0.03125,neutral
FDCHISDS,1,1,2,1,2,3,-0.03125,neutral
SHGSFNCL,2,0,0,3,2,3,-0.03125,neutral
CDVSDCVR,1,1,3,0,2,3,-0.03125,neutral
CGGSGYSC,2,0,1,2,2,3,-0.03125,neutral
HLSDDGCF,1,1,2,1,2,3,-0.03125,neutral
CGRHRVYL,2,0,1,2,2,3,-0.03125,neutral
VRDLNVSG,2,0,2,1,2,3,-0.03125,neutral
LNCCDIFG,0,2,2,1,2,3,-0.03125,neutral
CVSCNVVG,1,1,2,1,2,3,-0.03125,neutral
CSFIHSGF,1,1,1,2,2,3,-0.03125,neutral
FSNGGGSR,2,0,2,1,2,3,-0.03125,neutral
CFHGHVCH,1,1,1,2,2,3,-0.03125,neutral
VFHDDSLD,2,0,0,3,2,3,-0.03125,neutral
HRILGGYR,0,2,2,1,2,3,-0.03125,neutral
DCFDHDNV,0,2,2,1,2,3,-0.03125,neutral
FGVHFRLN,1,1,1,2,2,3,-0.03125,neutral
SSDYGLCG,0,2,3,0,2,3,-0.03125,neutral
VCRRVIHS,1,1,1,2,2,3,-0.03125,neutral
GRRIINVF,1,1,1,2,2,3,-0.03125,neutral
CILGLGLR,39,28,39,31,67,70,-0.030927835051546393,neutral
GLRHYFRS,34,33,27,43,67,70,-0.030927835051546393,neutral
FCSGFFIG,19,16,17,20,35,37,-0.03076923076923077,neutral
VHHGSGRH,23,12,18,19,35,37,-0.03076923076923077,neutral
YSGSILGV,21,14,21,16,35,37,-0.03076923076923077,neutral
GVCVRGLN,18,17,19,18,35,37,-0.03076923076923077,neutral
YRCSVFHG,24,11,14,23,35,37,-0.03076923076923077,neutral
GCRLFVGV,21,14,25,12,35,37,-0.03076923076923077,neutral
SFVCVVRN,16,19,23,14,35,37,-0.03076923076923077,neutral
GNDLNGDH,26,9,18,19,35,37,-0.03076923076923077,neutral
FRLGYVRG,21,14,22,15,35,37,-0.03076923076923077,neutral
NRIDHGVR,34,34,34,37,68,71,-0.030612244897959183,neutral
VRGFLHSL,91,75,90,82,166,172,-0.030612244897959183,neutral
FICFDVCF,2,1,3,1,3,4,-0.030303030303030304,neutral
SCVHCCGV,2,1,2,2,3,4,-0.030303030303030304,neutral
RFVGDSFL,1,2,0,4,3,4,-0.030303030303030304,neutral
HRSLDDGR,3,0,0,4,3,4,-0.030303030303030304,neutral
SIIGVRYV,2,1,1,3,3,4,-0.030303030303030304,neutral
DCSNFGNH,3,0,2,2,3,4,-0.030303030303030304,neutral
VDGFVNGC,1,2,1,3,3,4,-0.030303030303030304,neutral
VYFNFFHV,3,0,4,0,3,4,-0.030303030303030304,neutral
GCCSYYYS,1,2,2,2,3,4,-0.030303030303030304,neutral
GRRIISYR,3,0,3,1,3,4,-0.030303030303030304,neutral
IVDSCLFC,1,2,2,2,3,4,-0.030303030303030304,neutral
CCVRSSRG,3,0,2,2,3,4,-0.030303030303030304,neutral
GCFLRRGG,3,0,1,3,3,4,-0.030303030303030304,neutral
FCRNCGVY,3,0,2,2,3,4,-0.030303030303030304,neutral
CFRICGGF,1,2,1,3,3,4,-0.030303030303030304,neutral
CRGSCGVV,3,0,2,2,3,4,-0.030303030303030304,neutral
NCLLFGNH,1,2,3,1,3,4,-0.030303030303030304,neutral
FCIGLNRV,2,1,1,3,3,4,-0.030303030303030304,neutral
YHHGCSVG,2,1,2,2,3,4,-0.030303030303030304,neutral
SNVCLRCV,2,1,2,2,3,4,-0.030303030303030304,neutral
FGRCFLHR,42,27,42,30,69,72,-0.030303030303030304,neutral
FRGSGCDN,41,28,33,39,69,72,-0.030303030303030304,neutral
YINCRFRG,26,10,17,21,36,38,-0.030303030303030304,neutral
CCVRFHRD,2,1,2,2,3,4,-0.030303030303030304,neutral
YRCCDRIC,0,3,0,4,3,4,-0.030303030303030304,neutral
CRGLHLNY,0,3,1,3,3,4,-0.030303030303030304,neutral
CRSLCSLI,2,1,3,1,3,4,-0.030303030303030304,neutral
CIFCIVVN,2,1,2,2,3,4,-0.030303030303030304,neutral
IVGSVSSS,2,1,4,0,3,4,-0.030303030303030304,neutral
VFNRIGVY,2,1,4,0,3,4,-0.030303030303030304,neutral
LCVCVIVF,1,2,2,2,3,4,-0.030303030303030304,neutral
FLNDNVLS,2,1,3,1,3,4,-0.030303030303030304,neutral
SLRIISGV,1,2,2,2,3,4,-0.030303030303030304,neutral
YYVGGLCY,2,1,1,3,3,4,-0.030303030303030304,neutral
VFGCFNIG,3,0,2,2,3,4,-0.030303030303030304,neutral
ISFCYSFR,2,1,1,3,3,4,-0.030303030303030304,neutral
VHLIIFFR,1,2,2,2,3,4,-0.030303030303030304,neutral
VLIGVGVV,26,10,19,19,36,38,-0.030303030303030304,neutral
GFVGFRNG,2,1,1,3,3,4,-0.030303030303030304,neutral
FFVRSSRG,1,2,2,2,3,4,-0.030303030303030304,neutral
RCHSFDGV,2,1,1,3,3,4,-0.030303030303030304,neutral
NHFDRFFD,2,1,2,2,3,4,-0.030303030303030304,neutral
RCGVHNSY,39,31,30,43,70,73,-0.03,neutral
IFDCSFHI,36,34,29,44,70,73,-0.03,neutral
CCVIHGIL,42,28,33,40,70,73,-0.03,neutral
DGFCYFDG,22,15,20,19,37,39,-0.029850746268656716,neutral
YHGVRYCG,58,46,50,58,104,108,-0.029850746268656716,neutral
DDSGCLLL,20,17,22,17,37,39,-0.029850746268656716,neutral
RILSSCLV,40,31,34,40,71,74,-0.0297029702970297,neutral
HFVNVNNI,41,30,35,39,71,74,-0.0297029702970297,neutral
IGCIVFGG,42,29,33,41,71,74,-0.0297029702970297,neutral
HGSGYSGG,22,16,20,20,38,40,-0.029411764705882353,neutral
SVHGIVFY,3,1,1,4,4,5,-0.029411764705882353,neutral
GIGLCIFS,4,0,3,2,4,5,-0.029411764705882353,neutral
CLFNLLGV,1,3,4,1,4,5,-0.029411764705882353,neutral
GGNSIVHV,2,2,2,3,4,5,-0.029411764705882353,neutral
NIIISGHG,3,1,2,3,4,5,-0.029411764705882353,neutral
FSCLHGDL,4,0,2,3,4,5,-0.029411764705882353,neutral
VCFISDRG,42,30,38,37,72,75,-0.029411764705882353,neutral
GRCHDCYN,1,3,3,2,4,5,-0.029411764705882353,neutral
DVVRSFVC,4,0,3,2,4,5,-0.029411764705882353,neutral
LRLRGDFC,0,4,2,3,4,5,-0.029411764705882353,neutral
FNGNNILR,3,1,4,1,4,5,-0.029411764705882353,neutral
YDCNYSGH,1,3,1,4,4,5,-0.029411764705882353,neutral
YVSCGRVR,25,13,16,24,38,40,-0.029411764705882353,neutral
RDCYVIRV,1,3,3,2,4,5,-0.029411764705882353,neutral
RDLCSCVS,2,2,4,1,4,5,-0.029411764705882353,neutral
RRIRHSVC,1,3,1,4,4,5,-0.029411764705882353,neutral
RYCISLGV,1,3,2,3,4,5,-0.029411764705882353,neutral
SRRIISGV,2,2,5,0,4,5,-0.029411764705882353,neutral
SFSFISIG,22,16,28,12,38,40,-0.029411764705882353,neutral
GCIRSVLN,2,2,4,1,4,5,-0.029411764705882353,neutral
HSGLLCRL,1,3,2,3,4,5,-0.029411764705882353,neutral
DCVGIFVG,43,29,39,36,72,75,-0.029411764705882353,neutral
CHGFVSLC,4,0,2,3,4,5,-0.029411764705882353,neutral
VLYRVYRC,2,2,2,3,4,5,-0.029411764705882353,neutral
DDYNRHSR,2,2,1,4,4,5,-0.029411764705882353,neutral
LYCLRSNV,40,33,39,37,73,76,-0.02912621359223301,neutral
GDGHYVVI,27,12,17,24,39,41,-0.028985507246376812,neutral
GSFGLSLC,24,15,20,21,39,41,-0.028985507246376812,neutral
CFRYGFLH,2,3,4,2,5,6,-0.02857142857142857,neutral
GVSGIVGV,3,2,3,3,5,6,-0.02857142857142857,neutral
CDIYVVHI,4,1,3,3,5,6,-0.02857142857142857,neutral
RRYGSYDV,3,2,3,3,5,6,-0.02857142857142857,neutral
SCFGGGVC,3,2,3,3,5,6,-0.02857142857142857,neutral
YGIFYRDD,3,2,1,5,5,6,-0.02857142857142857,neutral
CVGGNFLR,26,14,21,21,40,42,-0.02857142857142857,neutral
GILSSYGS,2,3,4,2,5,6,-0.02857142857142857,neutral
VFDGDGCV,5,0,4,2,5,6,-0.02857142857142857,neutral
GRRFVSLL,26,14,21,21,40,42,-0.02857142857142857,neutral
IHDNFRND,46,29,40,38,75,78,-0.02857142857142857,neutral
LCLYHHYG,1,4,4,2,5,6,-0.02857142857142857,neutral
HDDHGFND,26,14,16,26,40,42,-0.02857142857142857,neutral
RIFRCCNV,3,2,4,2,5,6,-0.02857142857142857,neutral
GRRIISCC,3,2,2,4,5,6,-0.02857142857142857,neutral
YYGCVGSF,5,0,3,3,5,6,-0.02857142857142857,neutral
RLYDNVIV,4,1,2,4,5,6,-0.02857142857142857,neutral
CRRIISSL,3,2,4,2,5,6,-0.02857142857142857,neutral
FINNGGLI,4,1,3,3,5,6,-0.02857142857142857,neutral
FVDGCFFV,28,12,20,22,40,42,-0.02857142857142857,neutral
FHLGLYGF,4,1,3,3,5,6,-0.02857142857142857,neutral
GHRNRLHY,5,0,3,3,5,6,-0.02857142857142857,neutral
LDGYLCLG,3,2,4,2,5,6,-0.02857142857142857,neutral
VDHFSVDR,18,22,24,18,40,42,-0.02857142857142857,neutral
GLRFRDDC,2,3,4,2,5,6,-0.02857142857142857,neutral
VNSSCVSY,3,2,2,4,5,6,-0.02857142857142857,neutral
ICLSGRVV,3,2,1,5,5,6,-0.02857142857142857,neutral
FFNGNRNV,45,31,41,38,76,79,-0.02830188679245283,neutral
VCGVGRDN,26,15,25,18,41,43,-0.028169014084507043,neutral
RNSGLVYR,26,15,14,29,41,43,-0.028169014084507043,neutral
CGFHFIGI,27,14,18,25,41,43,-0.028169014084507043,neutral
YISSRSDN,26,15,16,27,41,43,-0.028169014084507043,neutral
DHNCCSSI,21,20,19,24,41,43,-0.028169014084507043,neutral
HCCSDIVC,29,12,17,26,41,43,-0.028169014084507043,neutral
FFGSVVVH,30,11,21,22,41,43,-0.028169014084507043,neutral
VDRCRGCD,42,35,37,43,77,80,-0.028037383177570093,neutral
VIGHSCLG,45,32,38,42,77,80,-0.028037383177570093,neutral
CDGDCSYN,65,48,62,55,113,117,-0.027972027972027972,neutral
CGCNRGDD,24,18,21,23,42,44,-0.027777777777777776,neutral
CISLCSYF,5,1,1,6,6,7,-0.027777777777777776,neutral
GHRIDVCN,5,1,4,3,6,7,-0.027777777777777776,neutral
LGDCVFVH,26,16,18,26,42,44,-0.027777777777777776,neutral
CLLGRIYF,2,4,3,4,6,7,-0.027777777777777776,neutral
FVVDIGVC,3,3,5,2,6,7,-0.027777777777777776,neutral
VYHCSHDG,3,3,4,3,6,7,-0.027777777777777776,neutral
VDLFIDRR,3,3,1,6,6,7,-0.027777777777777776,neutral
VCCVGNLR,45,33,43,38,78,81,-0.027777777777777776,neutral
IDCVVVLL,4,2,2,5,6,7,-0.027777777777777776,neutral
DVCCLGYI,4,2,3,4,6,7,-0.027777777777777776,neutral
YCVFVIRV,4,2,2,5,6,7,-0.027777777777777776,neutral
IGRLSRIS,5,1,5,2,6,7,-0.027777777777777776,neutral
LRVRCILH,5,1,2,5,6,7,-0.027777777777777776,neutral
YNSCDDVF,4,2,2,5,6,7,-0.027777777777777776,neutral
VIGYCYVG,3,3,2,5,6,7,-0.027777777777777776,neutral
FCVNDYII,2,4,5,2,6,7,-0.027777777777777776,neutral
HIRVRGCF,22,20,23,21,42,44,-0.027777777777777776,neutral
DLFFICNS,5,1,2,5,6,7,-0.027777777777777776,neutral
FGHVRFIG,23,19,15,29,42,44,-0.027777777777777776,neutral
SCCISGFF,3,3,2,5,6,7,-0.027777777777777776,neutral
CVNCRLHI,4,2,6,1,6,7,-0.027777777777777776,neutral
LFGCGVVH,4,2,3,4,6,7,-0.027777777777777776,neutral
SFVFNRSH,29,14,22,23,43,45,-0.0273972602739726,neutral
GNILVFGV,27,16,20,25,43,45,-0.0273972602739726,neutral
CRFGRGGY,24,19,23,22,43,45,-0.0273972602739726,neutral
RGYFRIHD,43,37,34,49,80,83,-0.02727272727272727,neutral
VGNCCVSR,6,1,2,6,7,8,-0.02702702702702703,neutral
CSVFVGNI,6,1,7,1,7,8,-0.02702702702702703,neutral
RCNVGSDG,46,35,42,42,81,84,-0.02702702702702703,neutral
FSIGVSLV,5,2,5,3,7,8,-0.02702702702702703,neutral
YSGLNIGR,6,1,4,4,7,8,-0.02702702702702703,neutral
VCGNLRFF,5,2,6,2,7,8,-0.02702702702702703,neutral
CSHLYSGD,27,17,26,20,44,46,-0.02702702702702703,neutral
VVLHRCVC,5,2,4,4,7,8,-0.02702702702702703,neutral
VGCGVRDF,29,15,19,27,44,46,-0.02702702702702703,neutral
FDCSICCG,0,7,1,7,7,8,-0.02702702702702703,neutral
RYLFGVVI,28,16,24,22,44,46,-0.02702702702702703,neutral
DSDSFSYS,28,17,21,26,45,47,-0.02666666666666667,neutral
SCRYFYRG,29,16,23,24,45,47,-0.02666666666666667,neutral
CRLDCRHS,67,53,71,53,120,124,-0.02666666666666667,neutral
SVCGLLLN,26,19,22,25,45,47,-0.02666666666666667,neutral
VLCGCDIR,28,17,21,26,45,47,-0.02666666666666667,neutral
FYNDNGHG,27,18,19,28,45,47,-0.02666666666666667,neutral
CVIGNVLG,42,41,37,49,83,86,-0.02654867256637168,neutral
GIGVCHLC,32,14,31,17,46,48,-0.02631578947368421,neutral
SCLCVFHD,5,3,4,5,8,9,-0.02631578947368421,neutral
FCGGHILR,6,2,4,5,8,9,-0.02631578947368421,neutral
YDFDCVYF,3,5,5,4,8,9,-0.02631578947368421,neutral
ICGGRNVI,5,3,7,2,8,9,-0.02631578947368421,neutral
VCHSVCFI,6,2,3,6,8,9,-0.02631578947368421,neutral
IVSRCVFD,5,3,4,5,8,9,-0.02631578947368421,neutral
FCSFLVGV,5,3,5,4,8,9,-0.02631578947368421,neutral
DCLCGLRS,6,2,3,6,8,9,-0.02631578947368421,neutral
HYHDGDGC,6,2,8,1,8,9,-0.02631578947368421,neutral
CRYFFVSV,41,43,41,46,84,87,-0.02631578947368421,neutral
VCFGIHNH,6,2,5,4,8,9,-0.02631578947368421,neutral
IDVDFRCG,27,19,16,32,46,48,-0.02631578947368421,neutral
HCHYSLVI,27,19,23,25,46,48,-0.02631578947368421,neutral
VIGGLGVN,4,4,2,7,8,9,-0.02631578947368421,neutral
VVSIGNIR,4,4,4,5,8,9,-0.02631578947368421,neutral
DSDFRCCG,49,36,35,53,85,88,-0.02608695652173913,neutral
FSFFGIGS,29,18,20,29,47,49,-0.025974025974025976,neutral
RCYGDDGS,27,20,23,26,47,49,-0.025974025974025976,neutral
CGDIGFGR,31,16,23,26,47,49,-0.025974025974025976,neutral
LFRFNLGG,31,16,18,31,47,49,-0.025974025974025976,neutral
GSCFYVRV,30,18,28,22,48,50,-0.02564102564102564,neutral
LYSLYCFH,4,5,6,4,9,10,-0.02564102564102564,neutral
GLDGGVVG,48,39,40,50,87,90,-0.02564102564102564,neutral
VCFCVDDG,8,1,7,3,9,10,-0.02564102564102564,neutral
DDSDCGLL,31,17,16,34,48,50,-0.02564102564102564,neutral
FCVFDDNG,8,1,5,5,9,10,-0.02564102564102564,neutral
SGVVVIGG,8,1,4,6,9,10,-0.02564102564102564,neutral
GDRGLNGL,4,5,4,6,9,10,-0.02564102564102564,neutral
SRRRRDIH,30,18,20,30,48,50,-0.02564102564102564,neutral
FDDCCGYC,5,4,3,7,9,10,-0.02564102564102564,neutral
LCHGRFCV,6,3,4,6,9,10,-0.02564102564102564,neutral
CFSFCGGF,8,1,5,5,9,10,-0.02564102564102564,neutral
FFGRGLVD,7,2,7,3,9,10,-0.02564102564102564,neutral
CVLDSLVI,52,35,46,44,87,90,-0.02564102564102564,neutral
DDGRRRFF,51,37,46,45,88,91,-0.025423728813559324,neutral
CGGRCNSF,29,20,24,27,49,51,-0.02531645569620253,neutral
IFRFHIRN,25,24,25,26,49,51,-0.02531645569620253,neutral
SCRLGYSH,47,42,39,53,89,92,-0.025210084033613446,neutral
YVDDGRGG,29,21,23,29,50,52,-0.025,neutral
VSCSYGGC,7,3,4,7,10,11,-0.025,neutral
IRVCNFIR,33,17,22,30,50,52,-0.025,neutral
GYHLHVNV,33,17,24,28,50,52,-0.025,neutral
RSHSHSGF,5,5,6,5,10,11,-0.025,neutral
YRCGNLLR,30,20,22,30,50,52,-0.025,neutral
LCGCNLRV,8,2,5,6,10,11,-0.025,neutral
GGFGIFRG,7,3,5,6,10,11,-0.025,neutral
VGNGSGGN,29,21,23,29,50,52,-0.025,neutral
RSRVLGVR,28,22,29,23,50,52,-0.025,neutral
YISLSSVC,3,7,7,4,10,11,-0.025,neutral
LVNCSLCN,33,17,26,26,50,52,-0.025,neutral
FNFVCDSF,29,21,25,27,50,52,-0.025,neutral
CLGVIDCN,53,38,52,42,91,94,-0.024793388429752067,neutral
SGVLCHYN,55,36,54,40,91,94,-0.024793388429752067,neutral
IGFCDNVG,93,79,86,91,172,177,-0.024752475247524754,neutral
RFVVCDVN,34,17,30,23,51,53,-0.024691358024691357,neutral
HVDLLGNL,31,20,25,28,51,53,-0.024691358024691357,neutral
GVNICYSN,29,22,22,31,51,53,-0.024691358024691357,neutral
VYDLIYCH,53,39,52,43,92,95,-0.02459016393442623,neutral
SIYRGDGV,70,63,64,73,133,137,-0.024539877300613498,neutral
CGCCDDRI,76,57,64,73,133,137,-0.024539877300613498,neutral
CNRYVVNN,10,1,8,4,11,12,-0.024390243902439025,neutral
RLVDNRIV,5,6,6,6,11,12,-0.024390243902439025,neutral
HHSVRVFS,5,6,5,7,11,12,-0.024390243902439025,neutral
LNFGRINC,7,4,4,8,11,12,-0.024390243902439025,neutral
GVICGGCG,9,2,5,7,11,12,-0.024390243902439025,neutral
GHVFRYNS,28,24,22,32,52,54,-0.024390243902439025,neutral
RVCCSIRL,34,18,25,29,52,54,-0.024390243902439025,neutral
VCSRRRSG,9,2,4,8,11,12,-0.024390243902439025,neutral
CIHGCIDH,7,4,3,9,11,12,-0.024390243902439025,neutral
IIRGNYCL,27,25,26,28,52,54,-0.024390243902439025,neutral
CVRGNHFR,6,5,4,8,11,12,-0.024390243902439025,neutral
RYRYNLGC,8,3,6,6,11,12,-0.024390243902439025,neutral
NRSILHCI,30,23,25,30,53,55,-0.024096385542168676,neutral
NGSCRHLL,27,27,33,23,54,56,-0.023809523809523808,neutral
LRFGCVHG,36,18,31,25,54,56,-0.023809523809523808,neutral
SNHLSGRF,8,4,9,4,12,13,-0.023809523809523808,neutral
CHVVHSRG,8,4,4,9,12,13,-0.023809523809523808,neutral
VRVYSRSH,48,48,45,54,96,99,-0.023809523809523808,neutral
RYVHLYGC,32,22,31,25,54,56,-0.023809523809523808,neutral
VGYGGLRN,9,3,6,7,12,13,-0.023809523809523808,neutral
CGVVVCHV,9,3,8,5,12,13,-0.023809523809523808,neutral
CCGSLLVR,7,5,4,9,12,13,-0.023809523809523808,neutral
GGFCGFDG,8,4,7,6,12,13,-0.023809523809523808,neutral
FCNSCFFI,58,40,51,50,98,101,-0.0234375,neutral
YSVGHSIC,3,10,5,9,13,14,-0.023255813953488372,neutral
CGRGLCNC,9,4,8,6,13,14,-0.023255813953488372,neutral
VFCVRLSS,80,62,72,74,142,146,-0.023255813953488372,neutral
LHGVNGYH,7,6,6,8,13,14,-0.023255813953488372,neutral
GGHHSGCR,35,21,30,28,56,58,-0.023255813953488372,neutral
FCHDCGYH,7,6,6,8,13,14,-0.023255813953488372,neutral
FSFFFVLI,8,5,6,8,13,14,-0.023255813953488372,neutral
HNVFRCGG,9,4,3,11,13,14,-0.023255813953488372,neutral
YCNGNGGH,71,71,72,74,142,146,-0.023255813953488372,neutral
VSILNILN,8,5,7,7,13,14,-0.023255813953488372,neutral
FISYGYVC,7,6,5,9,13,14,-0.023255813953488372,neutral
RRDGNIGH,34,22,34,24,56,58,-0.023255813953488372,neutral
FLGGVYGS,6,7,7,7,13,14,-0.023255813953488372,neutral
RNCDYRIR,24,32,27,31,56,58,-0.023255813953488372,neutral
LCNLFLSH,7,6,6,8,13,14,-0.023255813953488372,neutral
LFRNSNGD,36,20,25,33,56,58,-0.023255813953488372,neutral
RYDCVYCG,31,26,27,32,57,59,-0.022988505747126436,neutral
GRFSCCGI,30,27,31,28,57,59,-0.022988505747126436,neutral
FGLVGLRV,12,2,7,8,14,15,-0.022727272727272728,neutral
DCGDCVVI,57,45,45,60,102,105,-0.022727272727272728,neutral
GFNSGCII,37,21,28,32,58,60,-0.022727272727272728,neutral
FFGFGFCH,8,6,7,8,14,15,-0.022727272727272728,neutral
RYGLCSND,58,44,52,53,102,105,-0.022727272727272728,neutral
RNLNFLGI,38,20,24,36,58,60,-0.022727272727272728,neutral
NIRCHCLN,30,28,28,32,58,60,-0.022727272727272728,neutral
GFIGRCDD,10,4,8,7,14,15,-0.022727272727272728,neutral
CVIRRCVG,38,20,30,30,58,60,-0.022727272727272728,neutral
NYRICRVV,34,25,28,33,59,61,-0.02247191011235955,neutral
FGVCSRGL,11,4,12,4,15,16,-0.022222222222222223,neutral
SLYCRGCF,9,6,9,7,15,16,-0.022222222222222223,neutral
GFINCSCS,7,8,5,11,15,16,-0.022222222222222223,neutral
CSFVFGDS,10,5,7,9,15,16,-0.022222222222222223,neutral
NVNFRLSC,62,43,49,59,105,108,-0.022222222222222223,neutral
GCSGCVLG,10,5,5,11,15,16,-0.022222222222222223,neutral
VYVCICSG,8,7,10,6,15,16,-0.022222222222222223,neutral
SFINLFYH,10,5,4,12,15,16,-0.022222222222222223,neutral
FDFICHSL,8,8,9,8,16,17,-0.021739130434782608,neutral
FIHLDFCS,10,6,11,6,16,17,-0.021739130434782608,neutral
DSIDHLVC,62,46,51,60,108,111,-0.021739130434782608,neutral
SIHHGNYV,9,7,8,9,16,17,-0.021739130434782608,neutral
HDYRSNGH,39,23,28,36,62,64,-0.021739130434782608,neutral
SNHICSDG,12,4,7,10,16,17,-0.021739130434782608,neutral
GCFDGHVG,29,33,32,32,62,64,-0.021739130434782608,neutral
FRSRDLCI,63,46,52,60,109,112,-0.02158273381294964,neutral
CDSNLGSG,64,45,51,61,109,112,-0.02158273381294964,neutral
FFCFNRLG,39,24,24,41,63,65,-0.021505376344086023,neutral
NGCIHDSG,13,4,12,6,17,18,-0.02127659574468085,neutral
IVGRVSIH,11,6,8,10,17,18,-0.02127659574468085,neutral
SCIGFYGI,10,7,7,11,17,18,-0.02127659574468085,neutral
GFRRCGLR,9,8,12,6,17,18,-0.02127659574468085,neutral
SRRSLSLR,7,10,10,8,17,18,-0.02127659574468085,neutral
RRIIGFRH,41,23,29,37,64,66,-0.02127659574468085,neutral
GISHLCLV,35,29,36,30,64,66,-0.02127659574468085,neutral
NYDYDRSV,11,6,9,9,17,18,-0.02127659574468085,neutral
LRVRSDNF,34,30,25,41,64,66,-0.02127659574468085,neutral
CGVCSHFD,12,5,10,8,17,18,-0.02127659574468085,neutral
CLIRGYRD,9,8,8,10,17,18,-0.02127659574468085,neutral
GDFNNFNV,40,25,26,41,65,67,-0.021052631578947368,neutral
GCCRNGDC,41,24,24,43,65,67,-0.021052631578947368,neutral
LGHYCLHS,65,48,56,60,113,116,-0.02097902097902098,neutral
CSICFGLG,11,7,7,12,18,19,-0.020833333333333332,neutral
FCRVRRLF,39,27,30,38,66,68,-0.020833333333333332,neutral
LRGLVDFN,15,3,7,12,18,19,-0.020833333333333332,neutral
ILGFCHVL,13,5,12,7,18,19,-0.020833333333333332,neutral
RCFGLCSY,10,8,8,11,18,19,-0.020833333333333332,neutral
DDCSNSYG,14,4,12,7,18,19,-0.020833333333333332,neutral
CDFRVVIH,10,8,9,10,18,19,-0.020833333333333332,neutral
HGCCGHGV,11,7,7,12,18,19,-0.020833333333333332,neutral
ICDHGNCC,65,50,51,67,115,118,-0.020689655172413793,neutral
IYRNIRGF,43,24,29,40,67,69,-0.020618556701030927,neutral
FCDGGNVC,36,31,39,30,67,69,-0.020618556701030927,neutral
GDGCCVSI,8,11,11,9,19,20,-0.02040816326530612,neutral
FHLRHLIS,42,26,31,39,68,70,-0.02040816326530612,neutral
SSRRVCCY,13,6,10,10,19,20,-0.02040816326530612,neutral
LCFSVDCF,13,6,12,8,19,20,-0.02040816326530612,neutral
FLCFYSVL,41,27,33,37,68,70,-0.02040816326530612,neutral
RSSVYCVL,68,49,60,60,117,120,-0.02040816326530612,neutral
YLCVSHRN,66,52,59,62,118,121,-0.02027027027027027,neutral
RVSHISGG,68,50,55,66,118,121,-0.02027027027027027,neutral
NSVNCVLV,40,29,32,39,69,71,-0.020202020202020204,neutral
VINSCYCS,44,25,32,39,69,71,-0.020202020202020204,neutral
VFRRDFGL,11,9,10,11,20,21,-0.02,neutral
SIGVCSLF,11,9,6,15,20,21,-0.02,neutral
YYCSRINL,14,6,12,9,20,21,-0.02,neutral
IHNCVYCS,11,9,7,14,20,21,-0.02,neutral
FSGCRIHR,13,7,7,14,20,21,-0.02,neutral
SHCFHISC,41,29,32,40,70,72,-0.02,neutral
VRFCSFNI,42,28,36,36,70,72,-0.02,neutral
RHIFYSGV,10,10,9,12,20,21,-0.02,neutral
RCCLSFVH,13,7,7,14,20,21,-0.02,neutral
GGCIDLHD,40,30,43,29,70,72,-0.02,neutral
SRRNIGLF,16,4,13,8,20,21,-0.02,neutral
FHDSVVDD,12,8,11,10,20,21,-0.02,neutral
RFCSFSIV,44,27,37,36,71,73,-0.019801980198019802,neutral
GLLSINVD,35,36,35,38,71,73,-0.019801980198019802,neutral
GHHRYYVN,13,8,11,11,21,22,-0.0196078431372549,neutral
VVSRCNFL,39,33,41,33,72,74,-0.0196078431372549,neutral
GGFFFSIL,13,8,10,12,21,22,-0.0196078431372549,neutral
IDFVYYVH,12,9,6,16,21,22,-0.0196078431372549,neutral
SVYGVVLR,40,32,35,39,72,74,-0.0196078431372549,neutral
SGFFFVRS,16,5,6,16,21,22,-0.0196078431372549,neutral
FICDIRGD,13,8,13,9,21,22,-0.0196078431372549,neutral
GSHFCYCG,16,5,9,13,21,22,-0.0196078431372549,neutral
LSGNHYLN,14,7,17,5,21,22,-0.0196078431372549,neutral
FLRRHFCV,14,7,10,12,21,22,-0.0196078431372549,neutral
DGRDFVHR,71,52,58,68,123,126,-0.0196078431372549,neutral
GCHHGRCL,15,6,9,13,21,22,-0.0196078431372549,neutral
RSGYNGCN,10,11,9,13,21,22,-0.0196078431372549,neutral
VLNNDNCL,46,27,35,40,73,75,-0.019417475728155338,neutral
VNCILRRC,43,30,35,40,73,75,-0.019417475728155338,neutral
FCVLNRVF,44,29,33,42,73,75,-0.019417475728155338,neutral
IFRVDGGD,16,6,15,8,22,23,-0.019230769230769232,neutral
YNCSGCDG,11,11,8,15,22,23,-0.019230769230769232,neutral
VCCVNGCS,11,11,11,12,22,23,-0.019230769230769232,neutral
RVSCCRGY,14,8,12,11,22,23,-0.019230769230769232,neutral
GHLFLGFH,12,10,9,14,22,23,-0.019230769230769232,neutral
GICCRNRL,14,8,11,12,22,23,-0.019230769230769232,neutral
RFNGDVIC,14,8,9,14,22,23,-0.019230769230769232,neutral
VCFHGIVC,12,10,7,16,22,23,-0.019230769230769232,neutral
CCSYVIGS,16,7,11,13,23,24,-0.018867924528301886,neutral
SIDYFHDN,16,7,8,16,23,24,-0.018867924528301886,neutral
DFVNLGLR,15,8,10,14,23,24,-0.018867924528301886,neutral
DLVCFGRY,14,9,6,18,23,24,-0.018867924528301886,neutral
LVDGSCVH,12,11,10,14,23,24,-0.018867924528301886,neutral
YYGIRIRG,13,10,15,9,23,24,-0.018867924528301886,neutral
RIYGVISN,15,8,15,9,23,24,-0.018867924528301886,neutral
SLVYCSVV,17,6,17,7,23,24,-0.018867924528301886,neutral
CILSDIVF,17,6,11,13,23,24,-0.018867924528301886,neutral
ILVNNICH,13,10,13,11,23,24,-0.018867924528301886,neutral
LFFNGNLF,15,8,15,9,23,24,-0.018867924528301886,neutral
NGHIRGGD,47,30,36,43,77,79,-0.018691588785046728,neutral
VCGVRNCC,71,60,59,75,131,134,-0.018633540372670808,neutral
NLVIDRHV,46,32,36,44,78,80,-0.018518518518518517,neutral
CCYNLRNS,15,9,14,11,24,25,-0.018518518518518517,neutral
IYDCFSSG,45,33,39,41,78,80,-0.018518518518518517,neutral
RRGYCNCH,17,7,12,13,24,25,-0.018518518518518517,neutral
RRGRGLRG,12,12,13,12,24,25,-0.018518518518518517,neutral
GIVNCFCI,45,33,35,45,78,80,-0.018518518518518517,neutral
VFRRRIID,17,7,11,14,24,25,-0.018518518518518517,neutral
HDLLSCGI,47,32,45,36,79,81,-0.01834862385321101,neutral
CGIIRRID,19,6,8,18,25,26,-0.01818181818181818,neutral
GNCNVHFH,20,5,12,14,25,26,-0.01818181818181818,neutral
IIHRVHSC,15,10,17,9,25,26,-0.01818181818181818,neutral
IYHSLFIS,19,6,7,19,25,26,-0.01818181818181818,neutral
CDGCVRDI,14,11,13,13,25,26,-0.01818181818181818,neutral
INDLCCGR,46,34,41,41,80,82,-0.01818181818181818,neutral
SNHYGDSN,17,8,9,17,25,26,-0.01818181818181818,neutral
YFCIFDHR,13,12,13,13,25,26,-0.01818181818181818,neutral
GFSNHIVI,15,10,8,18,25,26,-0.01818181818181818,neutral
RRIDFVCL,19,6,10,16,25,26,-0.01818181818181818,neutral
CRVGYNSH,49,32,44,39,81,83,-0.018018018018018018,neutral
VVVSYVNH,20,6,12,15,26,27,-0.017857142857142856,neutral
YFCHIIRG,16,10,13,14,26,27,-0.017857142857142856,neutral
FIDGYVFY,17,9,8,19,26,27,-0.017857142857142856,neutral
GYYNSNVH,21,5,9,18,26,27,-0.017857142857142856,neutral
DDNSISGL,20,6,15,12,26,27,-0.017857142857142856,neutral
VCDFNHDI,18,8,14,13,26,27,-0.017857142857142856,neutral
DGFIRGHS,42,41,38,47,83,85,-0.017699115044247787,neutral
LVYSRLRD,18,9,12,16,27,28,-0.017543859649122806,neutral
FCGRGIDI,16,11,16,12,27,28,-0.017543859649122806,neutral
INDLGLNF,15,12,17,11,27,28,-0.017543859649122806,neutral
YGVSIGGD,14,14,13,16,28,29,-0.017241379310344827,neutral
SSVNFGGG,18,10,13,16,28,29,-0.017241379310344827,neutral
SRNCGCVC,16,12,11,18,28,29,-0.017241379310344827,neutral
GFYHLSCH,16,12,15,14,28,29,-0.017241379310344827,neutral
GFICGDGS,21,7,16,13,28,29,-0.017241379310344827,neutral
FFVSGGRV,18,10,16,13,28,29,-0.017241379310344827,neutral
VSRFSYDV,15,13,12,17,28,29,-0.017241379310344827,neutral
CGDCCVVD,48,39,38,51,87,89,-0.017094017094017096,neutral
VDDRGSLG,51,36,38,51,87,89,-0.017094017094017096,neutral
RISRCHHD,18,11,17,13,29,30,-0.01694915254237288,neutral
CDRCVGGG,18,11,16,14,29,30,-0.01694915254237288,neutral
GFNCLIDV,17,12,18,12,29,30,-0.01694915254237288,neutral
VCGVSHCV,83,64,75,75,147,150,-0.01694915254237288,neutral
FYFGLVRG,12,17,16,14,29,30,-0.01694915254237288,neutral
RSSYCNIF,19,10,16,14,29,30,-0.01694915254237288,neutral
LHRLGGCL,52,37,38,53,89,91,-0.01680672268907563,neutral
HYGIDDID,52,37,52,39,89,91,-0.01680672268907563,neutral
GSNCDNRY,53,36,42,49,89,91,-0.01680672268907563,neutral
CNHIHRVH,19,11,19,12,30,31,-0.016666666666666666,neutral
IFFGRIGV,18,12,8,23,30,31,-0.016666666666666666,neutral
HRVHRLLF,19,11,14,17,30,31,-0.016666666666666666,neutral
YVNDGDVR,51,39,50,42,90,92,-0.016666666666666666,neutral
HDLIFRRG,53,38,54,39,91,93,-0.01652892561983471,neutral
GYVRGGCG,15,16,15,17,31,32,-0.01639344262295082,neutral
NIGFCNGG,22,9,12,20,31,32,-0.01639344262295082,neutral
GIGDCDDV,19,12,17,15,31,32,-0.01639344262295082,neutral
VVNCNFCL,20,11,17,15,31,32,-0.01639344262295082,neutral
SRSIGDSS,17,14,18,14,31,32,-0.01639344262295082,neutral
LNNVFRVL,20,11,11,21,31,32,-0.01639344262295082,neutral
FNDCRCNR,20,11,11,21,31,32,-0.01639344262295082,neutral
FSLGCIRL,21,11,11,22,32,33,-0.016129032258064516,neutral
NDHNFGVC,48,46,50,46,94,96,-0.016129032258064516,neutral
FYIYRGGG,16,16,18,15,32,33,-0.016129032258064516,neutral
GLLHHCSG,17,15,15,18,32,33,-0.016129032258064516,neutral
CIGLGGRC,56,39,45,52,95,97,-0.016,neutral
SHYGRFGV,23,10,13,21,33,34,-0.015873015873015872,neutral
GNCCDYGG,20,13,17,17,33,34,-0.015873015873015872,neutral
NHRLDGIC,16,17,16,18,33,34,-0.015873015873015872,neutral
YVSVGVCG,22,11,16,18,33,34,-0.015873015873015872,neutral
NIGFRVIH,19,14,18,16,33,34,-0.015873015873015872,neutral
DDSDCDDF,22,11,13,21,33,34,-0.015873015873015872,neutral
HIDHDNIC,57,40,55,44,97,99,-0.015748031496062992,neutral
RGSCRGLC,24,10,18,17,34,35,-0.015625,neutral
HRLFDGVL,18,16,18,17,34,35,-0.015625,neutral
GGVRNSLG,55,43,49,51,98,100,-0.015625,neutral
DNGLSCGV,23,11,17,18,34,35,-0.015625,neutral
LGLNGGGL,17,17,17,18,34,35,-0.015625,neutral
HDGLDVYD,58,41,51,50,99,101,-0.015503875968992248,neutral
DGSHYVCR,23,12,15,21,35,36,-0.015384615384615385,neutral
CSFGSSGD,19,16,14,22,35,36,-0.015384615384615385,neutral
IYSISVSS,19,16,19,17,35,36,-0.015384615384615385,neutral
VLGLSVDR,18,17,14,22,35,36,-0.015384615384615385,neutral
CIDIDNLR,60,41,44,59,101,103,-0.015267175572519083,neutral
RFGILSFS,23,13,16,21,36,37,-0.015151515151515152,neutral
NCGCGFGV,24,12,20,17,36,37,-0.015151515151515152,neutral
LRRGFGVV,60,42,51,53,102,104,-0.015151515151515152,neutral
LYVVNHRG,25,11,14,23,36,37,-0.015151515151515152,neutral
SIDIDNIV,26,10,19,18,36,37,-0.015151515151515152,neutral
FNDFGLRH,22,14,12,25,36,37,-0.015151515151515152,neutral
VLSVYSDS,58,45,43,62,103,105,-0.015037593984962405,neutral
ICGVDDNC,24,13,19,19,37,38,-0.014925373134328358,neutral
FCSFVVGC,21,16,21,17,37,38,-0.014925373134328358,neutral
HGDICISC,26,11,13,25,37,38,-0.014925373134328358,neutral
GSIGICIC,23,15,15,24,38,39,-0.014705882352941176,neutral
FNYYNFCI,28,10,20,19,38,39,-0.014705882352941176,neutral
CFRFVVSR,25,13,19,20,38,39,-0.014705882352941176,neutral
SIFCRNNV,20,18,22,17,38,39,-0.014705882352941176,neutral
VSHRCVLC,24,14,20,19,38,39,-0.014705882352941176,neutral
SNLRVGGD,22,17,21,19,39,40,-0.014492753623188406,neutral
FCHGCISD,18,21,21,19,39,40,-0.014492753623188406,neutral
FCGYDVGS,22,17,16,24,39,40,-0.014492753623188406,neutral
LRCCDSVV,24,15,16,24,39,40,-0.014492753623188406,neutral
RYVCGSCL,25,14,23,17,39,40,-0.014492753623188406,neutral
FCSRNRSD,24,15,24,16,39,40,-0.014492753623188406,neutral
YGGNHRLN,64,45,57,54,109,111,-0.014388489208633094,neutral
NVVGRHVL,63,46,48,63,109,111,-0.014388489208633094,neutral
SHHCSVCR,21,19,22,19,40,41,-0.014285714285714285,neutral
VYVCGFGL,25,15,18,23,40,41,-0.014285714285714285,neutral
CVISSCNR,23,17,21,20,40,41,-0.014285714285714285,neutral
RCYVCNRR,24,17,18,24,41,42,-0.014084507042253521,neutral
LRFNGGGS,29,12,20,22,41,42,-0.014084507042253521,neutral
ILGCIGNC,25,16,25,17,41,42,-0.014084507042253521,neutral
LDGDGCGC,30,11,19,23,41,42,-0.014084507042253521,neutral
CGCGIDIR,28,13,28,14,41,42,-0.014084507042253521,neutral
YFHVFCGL,25,16,17,25,41,42,-0.014084507042253521,neutral
VYFCGLHI,27,14,23,19,41,42,-0.014084507042253521,neutral
LNDSGGCH,27,15,18,25,42,43,-0.013888888888888888,neutral
DCSGLLFC,23,19,19,24,42,43,-0.013888888888888888,neutral
RIHSDFGR,25,17,18,25,42,43,-0.013888888888888888,neutral
YIRVLNNV,26,17,20,24,43,44,-0.0136986301369863,neutral
NGCSHVFC,28,15,26,18,43,44,-0.0136986301369863,neutral
SFYRSILL,31,12,22,22,43,44,-0.0136986301369863,neutral
FVGGVVGF,27,16,18,26,43,44,-0.0136986301369863,neutral
CSGVGLCH,65,52,59,60,117,119,-0.013605442176870748,neutral
GDLFSRDV,27,17,22,23,44,45,-0.013513513513513514,neutral
VCDVHGHV,26,18,24,21,44,45,-0.013513513513513514,neutral
LNCVYNRV,26,18,21,24,44,45,-0.013513513513513514,neutral
FNGRVIRF,23,21,27,18,44,45,-0.013513513513513514,neutral
VGLRNYCV,30,15,18,28,45,46,-0.013333333333333334,neutral
FSDFDGHR,24,21,27,19,45,46,-0.013333333333333334,neutral
GCVDSFVG,28,17,19,27,45,46,-0.013333333333333334,neutral
CGHHSSVD,25,20,19,27,45,46,-0.013333333333333334,neutral
ISFHSHRG,28,17,21,25,45,46,-0.013333333333333334,neutral
HCNGRHGF,26,19,19,27,45,46,-0.013333333333333334,neutral
YNCRGSGG,29,16,24,22,45,46,-0.013333333333333334,neutral
NCHSDHLV,22,23,26,20,45,46,-0.013333333333333334,neutral
FVFHRLHV,66,55,59,64,121,123,-0.013245033112582781,neutral
NLRVGYSF,31,15,19,28,46,47,-0.013157894736842105,neutral
DNRINVLI,22,24,29,18,46,47,-0.013157894736842105,neutral
FRGSCGHF,31,15,21,26,46,47,-0.013157894736842105,neutral
LRFGDGCD,28,19,27,21,47,48,-0.012987012987012988,neutral
YGVCGGSC,27,20,28,20,47,48,-0.012987012987012988,neutral
LGRDYLVH,32,15,18,30,47,48,-0.012987012987012988,neutral
SFDDYGLS,29,18,20,28,47,48,-0.012987012987012988,neutral
YDIICRDR,29,19,25,24,48,49,-0.01282051282051282,neutral
GCFVVYGH,32,16,19,30,48,49,-0.01282051282051282,neutral
HRVLGLGC,31,17,26,23,48,49,-0.01282051282051282,neutral
RYGIGFSV,29,19,27,22,48,49,-0.01282051282051282,neutral
NSSIVYNR,72,55,68,61,127,129,-0.012738853503184714,neutral
IFRYCHHF,33,16,21,29,49,50,-0.012658227848101266,neutral
NDCHRFGC,34,15,23,27,49,50,-0.012658227848101266,neutral
YHYNIVGV,30,19,24,26,49,50,-0.012658227848101266,neutral
RDHGLGLD,112,97,101,111,209,212,-0.012552301255230125,neutral
VGSCCDSG,29,21,24,27,50,51,-0.0125,neutral
RLRNLGGN,34,16,26,25,50,51,-0.0125,neutral
IGRCVGYS,31,19,20,31,50,51,-0.0125,neutral
RDFIIIDD,27,24,22,30,51,52,-0.012345679012345678,neutral
CVRGVCSH,33,18,20,32,51,52,-0.012345679012345678,neutral
VCYVNLRI,32,20,27,26,52,53,-0.012195121951219513,neutral
DDRGGGCS,31,21,25,28,52,53,-0.012195121951219513,neutral
CRLRHVSC,29,23,28,25,52,53,-0.012195121951219513,neutral
RFGVVCSH,72,62,69,67,134,136,-0.012195121951219513,neutral
VDILHNCD,27,25,19,34,52,53,-0.012195121951219513,neutral
VSCRGFDC,35,17,21,32,52,53,-0.012195121951219513,neutral
SFDRGVCC,33,19,30,23,52,53,-0.012195121951219513,neutral
RVNFRCSD,34,18,19,34,52,53,-0.012195121951219513,neutral
LDICDFII,30,23,29,25,53,54,-0.012048192771084338,neutral
YSNCVYRH,34,20,25,30,54,55,-0.011904761904761904,neutral
INRYDLSL,30,24,24,31,54,55,-0.011904761904761904,neutral
CILRFSHR,30,24,31,24,54,55,-0.011904761904761904,neutral
SRCGICIG,37,18,29,27,55,56,-0.011764705882352941,neutral
LIHHGSGG,36,20,26,31,56,57,-0.011627906976744186,neutral
NVVCGCSD,36,21,24,34,57,58,-0.011494252873563218,neutral
VLIDSHVN,34,23,29,29,57,58,-0.011494252873563218,neutral
FRCLGVGV,34,23,24,34,57,58,-0.011494252873563218,neutral
NCHGRVSN,35,23,20,39,58,59,-0.011363636363636364,neutral
SSNVHFII,32,26,28,31,58,59,-0.011363636363636364,neutral
IDNLRCRI,35,23,33,26,58,59,-0.011363636363636364,neutral
IYSISGGD,39,20,30,30,59,60,-0.011235955056179775,neutral
ILVHSGIH,37,23,29,32,60,61,-0.011111111111111112,neutral
CNSGDDGY,37,23,27,34,60,61,-0.011111111111111112,neutral
VYVGHNSG,35,27,30,33,62,63,-0.010869565217391304,neutral
CCSVGGIG,38,24,33,30,62,63,-0.010869565217391304,neutral
CFDIRCND,31,31,25,38,62,63,-0.010869565217391304,neutral
CNYSSVNV,38,25,31,33,63,64,-0.010752688172043012,neutral
DSCLIYNV,30,33,34,30,63,64,-0.010752688172043012,neutral
LSCNSHIR,38,27,24,42,65,66,-0.010526315789473684,neutral
SCFNSNSR,42,23,26,40,65,66,-0.010526315789473684,neutral
FNGGIGGD,38,29,36,32,67,68,-0.010309278350515464,neutral
VINGGDRY,41,27,31,38,68,69,-0.01020408163265306,neutral
CDDFRCRL,92,75,86,83,167,169,-0.01015228426395939,neutral
VCGRGFGD,37,32,32,38,69,70,-0.010101010101010102,neutral
VCDLHSVG,42,28,35,36,70,71,-0.01,neutral
CDCVVISG,42,29,33,39,71,72,-0.009900990099009901,neutral
FHVGGLRC,42,30,40,33,72,73,-0.00980392156862745,neutral
RSRNCCNY,43,29,38,35,72,73,-0.00980392156862745,neutral
VRSGNRDR,42,31,38,36,73,74,-0.009708737864077669,neutral
CVRSSGCR,43,30,31,43,73,74,-0.009708737864077669,neutral
LCHFRHRV,43,30,34,40,73,74,-0.009708737864077669,neutral
RNCGGNCV,41,34,38,38,75,76,-0.009523809523809525,neutral
VCLHVDLC,100,81,86,97,181,183,-0.009478672985781991,neutral
HCGCRSHS,38,39,32,46,77,78,-0.009345794392523364,neutral
DSCSLFFV,43,35,43,36,78,79,-0.009259259259259259,neutral
HYSCRFHG,48,30,42,37,78,79,-0.009259259259259259,neutral
RHIHRYVL,39,40,40,40,79,80,-0.009174311926605505,neutral
HFHIGYIS,48,34,40,43,82,83,-0.008928571428571428,neutral
GCSIVHVR,50,32,40,43,82,83,-0.008928571428571428,neutral
CCIGRIHD,47,36,34,50,83,84,-0.008849557522123894,neutral
LDGFVCCL,44,39,46,38,83,84,-0.008849557522123894,neutral
IIDVSCVL,48,36,49,36,84,85,-0.008771929824561403,neutral
CNGLGIVC,51,33,37,48,84,85,-0.008771929824561403,neutral
LCFRIGRC,51,35,35,52,86,87,-0.008620689655172414,neutral
DVVGCCSV,45,41,42,45,86,87,-0.008620689655172414,neutral
SSFSCNFR,43,45,45,44,88,89,-0.00847457627118644,neutral
RDICFRGC,51,38,38,52,89,90,-0.008403361344537815,neutral
FDHVCFHF,54,38,45,48,92,93,-0.00819672131147541,neutral
LRGCLSGC,46,46,46,47,92,93,-0.00819672131147541,neutral
RFRCLGSG,56,39,45,51,95,96,-0.008,neutral
CVVGRCLV,53,42,45,51,95,96,-0.008,neutral
FRYHRCCL,56,43,55,45,99,100,-0.007751937984496124,neutral
CLVLNSVD,57,43,49,52,100,101,-0.007692307692307693,neutral
YRCRCVVV,61,42,47,57,103,104,-0.007518796992481203,neutral
FGCVFNRR,62,46,47,62,108,109,-0.007246376811594203,neutral
CNSVVCHN,61,49,56,55,110,111,-0.007142857142857143,neutral
FRDIRHVC,64,49,56,58,113,114,-0.006993006993006993,neutral
GNGFRYGI,66,52,53,66,118,119,-0.006756756756756757,neutral
GVFCDVRD,71,56,65,63,127,128,-0.006369426751592357,neutral
VYFSRLCV,73,56,63,67,129,130,-0.006289308176100629,neutral
CCCDCDDG,76,57,66,68,133,134,-0.006134969325153374,neutral
RVNCCIRF,94,80,88,87,174,175,-0.004901960784313725,neutral
LYRCYGIV,11,10,10,11,21,21,0,neutral
FLNCVFHC,4,3,2,5,7,7,0,neutral
NCDDGGLN,28,12,13,27,40,40,0,neutral
CSICFHVI,3,0,1,2,3,3,0,neutral
DYFCFFYR,2,1,3,0,3,3,0,neutral
DGYCDRRV,4,0,1,3,4,4,0,neutral
HNNRYSVR,2,1,1,2,3,3,0,neutral
VFRLFVNR,18,9,13,14,27,27,0,neutral
CYRNCRRV,16,7,8,15,23,23,0,neutral
GRRLSISF,31,23,21,33,54,54,0,neutral
SCSFDHDG,23,12,19,16,35,35,0,neutral
LFGRNLSG,9,8,4,13,17,17,0,neutral
IICSGIVI,30,23,31,22,53,53,0,neutral
IFGCFISH,15,14,14,15,29,29,0,neutral
VNGGNCCH,22,12,17,17,34,34,0,neutral
HGFGRIYC,15,13,16,12,28,28,0,neutral
SICSRLDV,27,15,14,28,42,42,0,neutral
YYCLSDIV,2,2,3,1,4,4,0,neutral
CHLGISYH,16,10,8,18,26,26,0,neutral
NRCVRCVR,32,16,25,23,48,48,0,neutral
RDGCFCHF,3,2,3,2,5,5,0,neutral
HYRYLRCI,17,10,10,17,27,27,0,neutral
RCIGDGSG,28,16,16,28,44,44,0,neutral
FDRRRIHH,3,0,3,0,3,3,0,neutral
CHVFGNSD,9,5,8,6,14,14,0,neutral
LLHHCVFG,9,2,6,5,11,11,0,neutral
CDSGYVVH,43,32,34,41,75,75,0,neutral
SRHFGCCV,3,0,2,1,3,3,0,neutral
HHSCFCIH,4,2,2,4,6,6,0,neutral
YYGGYYIV,17,6,13,10,23,23,0,neutral
LLGGFRRF,24,32,20,36,56,56,0,neutral
DHSIICVN,18,10,15,13,28,28,0,neutral
GYYGDSRC,2,4,3,3,6,6,0,neutral
FHYGFSVH,18,8,5,21,26,26,0,neutral
CSFDFGRS,11,7,11,7,18,18,0,neutral
VCDDINDG,3,2,2,3,5,5,0,neutral
ISCCHFLV,2,1,2,1,3,3,0,neutral
FGDGVCDG,16,7,8,15,23,23,0,neutral
IVNCNICH,23,20,27,16,43,43,0,neutral
RIYCRRVH,25,18,18,25,43,43,0,neutral
GFGFSVCL,1,2,1,2,3,3,0,neutral
NFCNYHCR,3,2,4,1,5,5,0,neutral
CHDSLVDS,27,18,25,20,45,45,0,neutral
YSGCGSVD,11,2,6,7,13,13,0,neutral
IDCDNFVI,2,4,3,3,6,6,0,neutral
DGCGLGII,8,5,5,8,13,13,0,neutral
GCICHHDN,5,0,2,3,5,5,0,neutral
DYIIRGGV,18,13,16,15,31,31,0,neutral
VNCYLGGD,3,1,1,3,4,4,0,neutral
NVGIDYHD,23,21,24,20,44,44,0,neutral
FIVGCVVS,3,3,2,4,6,6,0,neutral
VLGIVCRH,3,1,4,0,4,4,0,neutral
GIYGRCGG,21,12,13,20,33,33,0,neutral
GCCRHIFH,7,6,8,5,13,13,0,neutral
GSHFRLLH,2,1,2,1,3,3,0,neutral
GVCCRLDD,13,7,11,9,20,20,0,neutral
CFSDFYSV,5,1,4,2,6,6,0,neutral
GYGCGGHI,17,13,14,16,30,30,0,neutral
GHISCDFD,26,12,20,18,38,38,0,neutral
IYVRGHVL,30,20,17,33,50,50,0,neutral
RYICILHS,2,2,1,3,4,4,0,neutral
CCVGGVHR,57,38,47,48,95,95,0,neutral
RSVLSCFG,17,11,18,10,28,28,0,neutral
LFGLNNVV,1,2,1,2,3,3,0,neutral
VNICYDGH,34,28,28,34,62,62,0,neutral
FSVINVDR,38,24,32,30,62,62,0,neutral
HLRCSDVR,13,10,12,11,23,23,0,neutral
GYGILNHL,2,1,2,1,3,3,0,neutral
GGHISVCN,11,11,10,12,22,22,0,neutral
RCVSRCVD,49,38,42,45,87,87,0,neutral
YLHSCCRI,10,10,9,11,20,20,0,neutral
GVCVFHYS,17,10,17,10,27,27,0,neutral
HNDCGFVG,30,12,23,19,42,42,0,neutral
GRFRIIVH,8,2,4,6,10,10,0,neutral
LFNCRLHL,6,4,4,6,10,10,0,neutral
IFGGVLLH,13,11,12,12,24,24,0,neutral
GSGLIFCS,19,11,18,12,30,30,0,neutral
HRIHNYGN,33,14,22,25,47,47,0,neutral
VRCCNHHD,23,16,17,22,39,39,0,neutral
YVSSNCSC,2,1,2,1,3,3,0,neutral
IDSLDVIG,31,21,29,23,52,52,0,neutral
VVVVSDIH,45,39,36,48,84,84,0,neutral
VVLIGSLH,39,26,25,40,65,65,0,neutral
CDGVHRDL,2,1,1,2,3,3,0,neutral
CCVRDGRF,7,1,3,5,8,8,0,neutral
SFCVSGDC,24,13,19,18,37,37,0,neutral
RGGYSLHI,1,5,4,2,6,6,0,neutral
DLDFCCVS,10,3,5,8,13,13,0,neutral
FRVSSNIH,8,3,7,4,11,11,0,neutral
NYVDGCNV,77,63,68,72,140,140,0,neutral
RYDCILYD,4,0,1,3,4,4,0,neutral
VHFNHFIL,14,5,10,9,19,19,0,neutral
RNHCFSGC,21,20,19,22,41,41,0,neutral
SDLGDCRY,3,2,0,5,5,5,0,neutral
NHGSYVDC,27,16,18,25,43,43,0,neutral
VYRCVRVL,7,2,5,4,9,9,0,neutral
FDVCDLFD,4,1,3,2,5,5,0,neutral
VSHYVNVG,20,12,20,12,32,32,0,neutral
IRGFSSHH,18,8,10,16,26,26,0,neutral
YVDCVYLH,36,23,25,34,59,59,0,neutral
YLVGSRLS,39,20,29,30,59,59,0,neutral
VCVSHFDN,2,1,3,0,3,3,0,neutral
FNCHICHV,15,13,15,13,28,28,0,neutral
RGYIVSCH,12,4,8,8,16,16,0,neutral
RHNLGFCG,16,12,13,15,28,28,0,neutral
LRGGDFIR,9,3,7,5,12,12,0,neutral
CGNRDFHL,20,14,20,14,34,34,0,neutral
CFVCGNSG,3,2,4,1,5,5,0,neutral
DLCFIYFG,3,1,2,2,4,4,0,neutral
SRRYRDCC,15,7,12,10,22,22,0,neutral
FGCLINVS,44,31,35,40,75,75,0,neutral
FHYCFNSF,28,14,17,25,42,42,0,neutral
CCVRGSGD,23,11,18,16,34,34,0,neutral
HDSGGGFC,6,6,5,7,12,12,0,neutral
VIDSIFVY,6,3,5,4,9,9,0,neutral
YSRCSGHL,5,2,4,3,7,7,0,neutral
NIGGGRCG,1,3,2,2,4,4,0,neutral
CDDRVSIV,4,7,4,7,11,11,0,neutral
YDCRSDRV,15,16,16,15,31,31,0,neutral
YNHFCLRH,3,2,4,1,5,5,0,neutral
IFGCSYIL,27,15,21,21,42,42,0,neutral
IDGFLDVD,10,13,11,12,23,23,0,neutral
DYYIHYFH,6,1,4,3,7,7,0,neutral
CIDDFCVR,19,8,16,11,27,27,0,neutral
VIVCRGRF,1,2,3,0,3,3,0,neutral
FIYCHFLH,6,1,4,3,7,7,0,neutral
RFVDVGCC,24,11,16,19,35,35,0,neutral
CNRYHCNN,39,28,32,35,67,67,0,neutral
GNFVIHCC,2,3,3,2,5,5,0,neutral
CSVGLIFG,7,2,5,4,9,9,0,neutral
VYCVHVGI,3,1,2,2,4,4,0,neutral
CCLGLGFG,13,13,21,5,26,26,0,neutral
CGVSCIRG,25,20,20,25,45,45,0,neutral
YIGSLFVC,34,20,33,21,54,54,0,neutral
YHCHDFNR,13,2,9,6,15,15,0,neutral
CNNLGGLN,3,1,3,1,4,4,0,neutral
GFCNSSGG,30,21,20,31,51,51,0,neutral
LCLDHNSD,6,4,4,6,10,10,0,neutral
CVNGVFFC,2,3,1,4,5,5,0,neutral
VFGRRIID,1,2,2,1,3,3,0,neutral
GDLCGLVL,8,3,4,7,11,11,0,neutral
RDVRSSVS,2,1,2,1,3,3,0,neutral
RICVRSDV,29,14,19,24,43,43,0,neutral
GCLIDGCY,2,2,1,3,4,4,0,neutral
LDNLYDRC,38,24,31,31,62,62,0,neutral
CYINRLGV,6,6,7,5,12,12,0,neutral
SDFCRLRI,18,9,13,14,27,27,0,neutral
DRFNRGGG,21,14,19,16,35,35,0,neutral
CLSGNSSF,2,1,1,2,3,3,0,neutral
DILFVCSN,12,8,11,9,20,20,0,neutral
DCFGVVCS,42,24,29,37,66,66,0,neutral
VCNFSFGI,36,21,24,33,57,57,0,neutral
LFFIYCVD,3,0,1,2,3,3,0,neutral
LDVSICVF,1,2,2,1,3,3,0,neutral
GIVFGRLC,18,14,15,17,32,32,0,neutral
SSSRHVYG,17,10,11,16,27,27,0,neutral
SGRSYNCI,52,36,38,50,88,88,0,neutral
CNDISCIR,22,10,13,19,32,32,0,neutral
RSHIVHSF,29,26,24,31,55,55,0,neutral
RFLNDRSC,47,29,38,38,76,76,0,neutral
VGISIFSH,63,47,61,49,110,110,0,neutral
LCHRHSVC,2,1,1,2,3,3,0,neutral
VFCRDLVI,29,21,30,20,50,50,0,neutral
NRVGCGRY,15,13,17,11,28,28,0,neutral
CIDSYCIL,33,15,22,26,48,48,0,neutral
ILCFLHDI,2,3,4,1,5,5,0,neutral
LGNFLGFV,1,2,1,2,3,3,0,neutral
ICDFIVLV,3,0,1,2,3,3,0,neutral
ISCRSGCR,1,2,0,3,3,3,0,neutral
DVCRCNDL,2,2,3,1,4,4,0,neutral
ILVDGINH,2,1,2,1,3,3,0,neutral
IDFCSSVH,16,8,9,15,24,24,0,neutral
YFVRLGCG,5,1,2,4,6,6,0,neutral
GYNSHCRC,34,17,28,23,51,51,0,neutral
FVSGIIGD,4,0,2,2,4,4,0,neutral
RCCSDLNV,4,8,9,3,12,12,0,neutral
GCVLSFLH,11,5,10,6,16,16,0,neutral
VVFDNYDF,2,3,2,3,5,5,0,neutral
LVIDCVFG,2,2,2,2,4,4,0,neutral
CNSVNRYS,20,11,16,15,31,31,0,neutral
RGCGSVYH,2,1,1,2,3,3,0,neutral
GDYVCCHS,36,19,28,27,55,55,0,neutral
VCVDLSSG,42,27,31,38,69,69,0,neutral
RGFVCYSR,25,9,10,24,34,34,0,neutral
RRFNNDVN,11,8,8,11,19,19,0,neutral
VFISGIGF,8,5,7,6,13,13,0,neutral
DCDHNGHN,44,26,33,37,70,70,0,neutral
LVYVDFVL,0,3,1,2,3,3,0,neutral
VCCVRSRY,22,13,13,22,35,35,0,neutral
VVVFCGSV,18,16,12,22,34,34,0,neutral
LCGFCGGG,23,15,19,19,38,38,0,neutral
HNLHFCCV,3,1,3,1,4,4,0,neutral
IYVNCLSC,3,3,3,3,6,6,0,neutral
IGICNFVI,4,5,3,6,9,9,0,neutral
SLIFVDCS,22,10,18,14,32,32,0,neutral
LRYLFIGV,1,2,2,1,3,3,0,neutral
FSVDHFIL,14,6,10,10,20,20,0,neutral
GHRDIGDH,25,15,17,23,40,40,0,neutral
FYCGDLCI,16,6,12,10,22,22,0,neutral
IGSGCGYL,9,7,8,8,16,16,0,neutral
CICFSYLC,33,16,24,25,49,49,0,neutral
RYYHLFRS,5,3,5,3,8,8,0,neutral
RNLRSSLD,7,8,6,9,15,15,0,neutral
DCINYNLI,14,2,10,6,16,16,0,neutral
DLCDCVSG,4,0,2,2,4,4,0,neutral
FCFHGYHV,25,13,17,21,38,38,0,neutral
VFRYSRGV,23,10,10,23,33,33,0,neutral
NLLNFRLH,11,9,10,10,20,20,0,neutral
HFRLCNIR,40,24,34,30,64,64,0,neutral
SIGFNCNN,3,1,2,2,4,4,0,neutral
ICCIVRGG,12,6,9,9,18,18,0,neutral
RVGSRIFC,0,3,0,3,3,3,0,neutral
IVGVHIRV,11,6,9,8,17,17,0,neutral
LVIGGHLI,5,0,2,3,5,5,0,neutral
LDILLCCN,4,3,3,4,7,7,0,neutral
GYIVIRSD,12,5,7,10,17,17,0,neutral
NIDCGVGD,22,11,18,15,33,33,0,neutral
DSDRCHDS,21,9,12,18,30,30,0,neutral
DCLCYFRI,6,4,4,6,10,10,0,neutral
CGFRHGGH,2,1,1,2,3,3,0,neutral
FDSVVCFS,18,6,11,13,24,24,0,neutral
RVLRIIRN,52,39,36,55,91,91,0,neutral
VHCVLSFL,2,2,2,2,4,4,0,neutral
IRNDSVHR,4,8,4,8,12,12,0,neutral
VHISFFGC,15,6,9,12,21,21,0,neutral
CCHLHSYD,43,24,32,35,67,67,0,neutral
SCDHSCGG,44,26,30,40,70,70,0,neutral
GGRLCGLI,23,14,19,18,37,37,0,neutral
LRFYHRVS,3,3,3,3,6,6,0,neutral
CCVRHCSC,2,1,2,1,3,3,0,neutral
YHNVIFRY,1,2,2,1,3,3,0,neutral
DHRCFLSL,18,11,15,14,29,29,0,neutral
FFVIYGSD,2,1,1,2,3,3,0,neutral
GLLFSVSV,17,17,17,17,34,34,0,neutral
VCLGGCDL,2,1,2,1,3,3,0,neutral
CRGVGSIC,17,11,11,17,28,28,0,neutral
FHNHFGCS,3,9,6,6,12,12,0,neutral
SYRNSNCV,19,17,15,21,36,36,0,neutral
IRVGGFDD,8,6,6,8,14,14,0,neutral
CDCRSHCG,3,2,2,3,5,5,0,neutral
RRRIYIGC,27,19,17,29,46,46,0,neutral
CGGGSCGV,40,40,32,48,80,80,0,neutral
GYSGIVHR,29,20,21,28,49,49,0,neutral
VFGGRIYG,2,1,1,2,3,3,0,neutral
CIVVGGDH,26,14,16,24,40,40,0,neutral
RHYSCLGH,23,9,15,17,32,32,0,neutral
FFIDDICV,9,2,4,7,11,11,0,neutral
VCHGNVFG,3,1,3,1,4,4,0,neutral
ISIHRSLH,13,10,13,10,23,23,0,neutral
YCFNFCHF,4,2,3,3,6,6,0,neutral
LSCGDSLH,0,3,1,2,3,3,0,neutral
LLFFVHGG,4,9,6,7,13,13,0,neutral
GRRIINGR,2,1,0,3,3,3,0,neutral
GGLSNYHN,19,7,11,15,26,26,0,neutral
GCGIGNGC,10,3,8,5,13,13,0,neutral
VCGGYDRG,31,15,18,28,46,46,0,neutral
FIDNNIRD,34,16,21,29,50,50,0,neutral
FFYSHIRF,3,4,2,5,7,7,0,neutral
CCSFFRVV,12,3,6,9,15,15,0,neutral
GVRYGCDV,83,64,71,76,147,147,0,neutral
GFYRNIRG,15,14,14,15,29,29,0,neutral
FSVGNRCR,20,5,13,12,25,25,0,neutral
DCCVHVVH,12,11,8,15,23,23,0,neutral
CYGVGVNR,72,54,56,70,126,126,0,neutral
GSFVGFFC,5,1,2,4,6,6,0,neutral
LVFCRRLI,38,26,35,29,64,64,0,neutral
DIGCVFVV,25,17,19,23,42,42,0,neutral
YSFIHVCD,2,2,2,2,4,4,0,neutral
RLIRYSVC,18,14,7,25,32,32,0,neutral
LICHGLSV,9,9,10,8,18,18,0,neutral
RCIVRFHY,3,1,1,3,4,4,0,neutral
CCSCGRVG,2,1,2,1,3,3,0,neutral
IINCIVRR,32,18,21,29,50,50,0,neutral
YSRYINVI,32,19,18,33,51,51,0,neutral
CVFFLGYL,2,4,3,3,6,6,0,neutral
RCGSINDS,15,13,9,19,28,28,0,neutral
FYGCFNSF,2,5,2,5,7,7,0,neutral
HRFHVVCN,25,15,13,27,40,40,0,neutral
VNIRLGNH,35,18,25,28,53,53,0,neutral
FCYHRVVC,5,2,5,2,7,7,0,neutral
CDHLVCCG,1,2,2,1,3,3,0,neutral
DCLSNCNH,11,7,9,9,18,18,0,neutral
NCRFGLNF,23,19,18,24,42,42,0,neutral
RYGVCGVR,2,2,2,2,4,4,0,neutral
LNLFHLYD,7,3,5,5,10,10,0,neutral
VCRYCHRL,5,1,4,2,6,6,0,neutral
SFGLVHVG,8,2,2,8,10,10,0,neutral
DGLLFFSI,28,11,23,16,39,39,0,neutral
CGSRHGLH,1,2,1,2,3,3,0,neutral
DRCYGVNS,8,2,4,6,10,10,0,neutral
GCCVCCGV,2,1,2,1,3,3,0,neutral
DCFHLHVD,3,0,2,1,3,3,0,neutral
VLVNYVGH,38,32,37,33,70,70,0,neutral
RDFLDLGH,5,1,1,5,6,6,0,neutral
SVRFVVLS,3,4,1,6,7,7,0,neutral
YYYCIHGS,22,14,11,25,36,36,0,neutral
NCNFGRLS,17,14,15,16,31,31,0,neutral
YDGIYCCV,4,0,1,3,4,4,0,neutral
HYGHDGGC,20,20,16,24,40,40,0,neutral
LHGCVCFH,3,6,3,6,9,9,0,neutral
VYGVRLYN,8,0,6,2,8,8,0,neutral
LNVGSGFC,3,3,3,3,6,6,0,neutral
RHRCCSGF,3,0,3,0,3,3,0,neutral
YGRCGYSL,17,16,16,17,33,33,0,neutral
FYICDFGC,29,12,14,27,41,41,0,neutral
LGGVGCNR,1,2,2,1,3,3,0,neutral
SHCCSRVC,31,12,17,26,43,43,0,neutral
IFVDCRRR,5,4,3,6,9,9,0,neutral
FVGSFNVN,8,5,5,8,13,13,0,neutral
ILCVSRNC,49,45,47,47,94,94,0,neutral
SDHICVVH,27,13,14,26,40,40,0,neutral
HCCGVGVV,18,7,17,8,25,25,0,neutral
ILSRCFVH,53,42,51,44,95,95,0,neutral
LGVNFLLG,29,14,18,25,43,43,0,neutral
IDGYGVHS,66,48,55,59,114,114,0,neutral
SRSFHVFI,5,4,5,4,9,9,0,neutral
SDCSCCRG,2,1,0,3,3,3,0,neutral
SGFRVDGH,6,0,2,4,6,6,0,neutral
CVHGILYC,2,1,1,2,3,3,0,neutral
FCGGHVVS,3,2,3,2,5,5,0,neutral
SCCIRVHD,29,23,27,25,52,52,0,neutral
CVIFGRNL,23,15,16,22,38,38,0,neutral
LYLGSNSL,1,2,2,1,3,3,0,neutral
NYVRVSSL,8,4,6,6,12,12,0,neutral
NIGGFRDG,1,2,2,1,3,3,0,neutral
SYRCFDCG,13,8,8,13,21,21,0,neutral
CRCGHGRL,27,12,16,23,39,39,0,neutral
GVGLGFGV,0,3,2,1,3,3,0,neutral
INRCVSLF,26,21,25,22,47,47,0,neutral
GVFLFNDD,12,6,9,9,18,18,0,neutral
VRVVDVHH,2,1,1,2,3,3,0,neutral
FSRCFHGR,6,3,4,5,9,9,0,neutral
FCGGRLSF,1,3,2,2,4,4,0,neutral
NCLYNNIR,10,6,6,10,16,16,0,neutral
LSCHYINV,25,14,13,26,39,39,0,neutral
GGFSFSFF,9,3,3,9,12,12,0,neutral
GIRRVVCF,7,6,7,6,13,13,0,neutral
CYYHISHY,3,3,3,3,6,6,0,neutral
FRDDSCGL,1,2,1,2,3,3,0,neutral
VLHGCSGG,17,9,11,15,26,26,0,neutral
GFCSVVNC,51,49,50,50,100,100,0,neutral
FFVCGGRG,6,6,4,8,12,12,0,neutral
VRFSVCCS,7,6,5,8,13,13,0,neutral
FFNRCCNV,21,15,16,20,36,36,0,neutral
FCFGDRRV,29,10,20,19,39,39,0,neutral
YGNVNVHC,42,30,38,34,72,72,0,neutral
GRSIIGCH,3,2,2,3,5,5,0,neutral
NLNGDYVS,4,2,3,3,6,6,0,neutral
ICVYRNCV,2,2,1,3,4,4,0,neutral
SHCRICIR,32,18,16,34,50,50,0,neutral
DICYYRLC,4,2,3,3,6,6,0,neutral
FGYYCGSL,7,4,2,9,11,11,0,neutral
LDILSVVS,8,6,6,8,14,14,0,neutral
YCVRSSRG,3,0,2,1,3,3,0,neutral
VCCNVVRG,13,3,9,7,16,16,0,neutral
VCRLDGVR,29,18,14,33,47,47,0,neutral
NIGCCVVD,53,41,43,51,94,94,0,neutral
GFYDRGDD,30,16,21,25,46,46,0,neutral
CNLGGLNH,21,22,21,22,43,43,0,neutral
SYCGFGCD,16,6,8,14,22,22,0,neutral
CHVRYVRC,17,8,12,13,25,25,0,neutral
GNDCGGDL,21,18,20,19,39,39,0,neutral
CFVCFGDV,1,2,2,1,3,3,0,neutral
VYGCHRFN,2,1,3,0,3,3,0,neutral
NVNGIGCF,5,5,4,6,10,10,0,neutral
DVSCNLRI,5,0,2,3,5,5,0,neutral
SVCSFVNN,33,14,19,28,47,47,0,neutral
CNSHIYSV,19,15,14,20,34,34,0,neutral
RYGIGSDC,7,2,4,5,9,9,0,neutral
NLRCFYSC,58,41,43,56,99,99,0,neutral
CHYGFIVG,3,2,1,4,5,5,0,neutral
FNLCSLGR,17,13,10,20,30,30,0,neutral
FRYRGFCR,41,25,37,29,66,66,0,neutral
CGHRGVFI,3,0,2,1,3,3,0,neutral
YRSDCLIV,45,42,44,43,87,87,0,neutral
IISCVCSG,48,35,42,41,83,83,0,neutral
SGFNNFVF,4,0,0,4,4,4,0,neutral
CCDHVFVS,51,32,42,41,83,83,0,neutral
LSCDIVLS,6,6,6,6,12,12,0,neutral
GHCFVILV,2,4,3,3,6,6,0,neutral
DRYILGYC,5,4,6,3,9,9,0,neutral
VGLNNDYC,10,5,6,9,15,15,0,neutral
ICHFGRGI,45,32,43,34,77,77,0,neutral
GLCHSNCN,31,12,18,25,43,43,0,neutral
GHVVGRCC,10,4,4,10,14,14,0,neutral
GFCYDDGV,2,4,2,4,6,6,0,neutral
IYLVGHDL,0,3,2,1,3,3,0,neutral
INYRNLSH,57,49,47,59,106,106,0,neutral
YVINVHDV,3,0,2,1,3,3,0,neutral
FCSGNLHC,16,12,12,16,28,28,0,neutral
YIFCGFHG,42,27,40,29,69,69,0,neutral
IRCIISNV,49,32,36,45,81,81,0,neutral
IGGYFVIC,4,4,4,4,8,8,0,neutral
IISRVCRC,32,21,24,29,53,53,0,neutral
GRRIIIRC,2,2,1,3,4,4,0,neutral
FYHYLCCG,11,9,12,8,20,20,0,neutral
CYVDVFYN,1,3,0,4,4,4,0,neutral
IVGICGII,4,3,4,3,7,7,0,neutral
GCRIIRSV,1,2,1,2,3,3,0,neutral
SCVDRIIC,36,29,32,33,65,65,0,neutral
SFRCLRFR,31,14,23,22,45,45,0,neutral
CSCCIHLD,4,3,2,5,7,7,0,neutral
HFCIFYFY,2,2,3,1,4,4,0,neutral
SYYIGLHH,2,1,1,2,3,3,0,neutral
ILVCNGGC,12,5,8,9,17,17,0,neutral
VSVYRRNC,16,8,17,7,24,24,0,neutral
FLDSGCGS,2,3,3,2,5,5,0,neutral
NCGGVFGC,59,40,52,47,99,99,0,neutral
GINYIYCV,15,6,9,12,21,21,0,neutral
FGLSNLVR,11,4,5,10,15,15,0,neutral
GLIGHGNF,21,16,19,18,37,37,0,neutral
RHCSIGCC,6,2,4,4,8,8,0,neutral
CGFGCGFR,16,3,8,11,19,19,0,neutral
IVNRGFGD,11,13,9,15,24,24,0,neutral
IICCDGLY,1,2,3,0,3,3,0,neutral
CNVSDLLH,36,18,22,32,54,54,0,neutral
FLCLGVNV,33,16,25,24,49,49,0,neutral
YYLVFVGL,11,0,4,7,11,11,0,neutral
RCYVFGRC,35,21,32,24,56,56,0,neutral
VGSLCRGR,60,41,51,50,101,101,0,neutral
GCGRFFIR,18,15,14,19,33,33,0,neutral
HLFYFGFV,1,3,2,2,4,4,0,neutral
NFCRRHLG,3,1,4,0,4,4,0,neutral
CCISDSCI,5,3,2,6,8,8,0,neutral
DNGSCVLR,12,9,9,12,21,21,0,neutral
CVGRRCVL,5,1,0,6,6,6,0,neutral
NLLLNCGV,26,11,14,23,37,37,0,neutral
FHDVCFCV,4,6,6,4,10,10,0,neutral
NIVVVGSI,43,25,32,36,68,68,0,neutral
GGYVVHHH,25,10,14,21,35,35,0,neutral
YFHRCDFG,7,8,6,9,15,15,0,neutral
FLGFRVCI,5,1,5,1,6,6,0,neutral
FCVVDSVR,33,20,30,23,53,53,0,neutral
VSGCGRYI,20,18,16,22,38,38,0,neutral
HNGRDVVR,11,12,7,16,23,23,0,neutral
RGRYCCIG,59,41,49,51,100,100,0,neutral
LDSIRVRF,6,2,2,6,8,8,0,neutral
LNCFGCIG,4,1,1,4,5,5,0,neutral
FIIRHCCC,30,26,31,25,56,56,0,neutral
GRFVSCRH,5,6,3,8,11,11,0,neutral
VDHFDSVV,8,4,2,10,12,12,0,neutral
CFHFGNVC,5,4,5,4,9,9,0,neutral
FFHGRCYV,4,2,3,3,6,6,0,neutral
GIGDFVGG,4,2,4,2,6,6,0,neutral
FGGGYVVS,29,29,32,26,58,58,0,neutral
RSLGCCLG,20,15,17,18,35,35,0,neutral
NFGVRFYC,42,25,38,29,67,67,0,neutral
DIVLGFRH,22,10,12,20,32,32,0,neutral
ICGGGICV,4,0,3,1,4,4,0,neutral
CYDYVFSC,22,18,15,25,40,40,0,neutral
NYDCSIRI,1,2,2,1,3,3,0,neutral
RYFCVGVL,5,2,5,2,7,7,0,neutral
FRGCVHGL,32,16,18,30,48,48,0,neutral
GYYFYFDY,2,1,1,2,3,3,0,neutral
VCDRVGVV,2,1,1,2,3,3,0,neutral
SNCVGRCV,2,1,0,3,3,3,0,neutral
VRVCRGVC,29,32,31,30,61,61,0,neutral
SFGCIFSH,4,7,5,6,11,11,0,neutral
HCCNGIRC,17,11,11,17,28,28,0,neutral
SHDGFSSG,6,4,3,7,10,10,0,neutral
CHISHHLS,3,0,1,2,3,3,0,neutral
CFRGINRN,2,1,1,2,3,3,0,neutral
SCVDNGVR,53,40,47,46,93,93,0,neutral
VISRLFVN,17,6,10,13,23,23,0,neutral
NCGVFHSD,36,34,34,36,70,70,0,neutral
LNDVRLFV,7,1,2,6,8,8,0,neutral
SSGNGFLC,20,14,16,18,34,34,0,neutral
CYCDVLVI,4,7,4,7,11,11,0,neutral
ICDRVCIV,8,1,4,5,9,9,0,neutral
FFDIVYVH,0,3,1,2,3,3,0,neutral
VICGCHHD,8,3,5,6,11,11,0,neutral
ISCDSNCY,9,2,3,8,11,11,0,neutral
CFHCDNGD,25,15,25,15,40,40,0,neutral
FVHNNGGC,39,27,28,38,66,66,0,neutral
GSFCRSDI,5,3,1,7,8,8,0,neutral
FYDGLCLI,2,2,2,2,4,4,0,neutral
DSGVLSSG,53,37,42,48,90,90,0,neutral
IGFFDIVG,19,8,14,13,27,27,0,neutral
RNIIGCGV,10,3,9,4,13,13,0,neutral
NHCSNGFL,16,9,12,13,25,25,0,neutral
DVVICCSD,7,3,2,8,10,10,0,neutral
FCVGVSNR,3,1,2,2,4,4,0,neutral
IFCGVRYI,2,1,2,1,3,3,0,neutral
GCFNHHSR,20,14,20,14,34,34,0,neutral
YGVGVVVL,1,2,1,2,3,3,0,neutral
IDRNGSYV,2,1,3,0,3,3,0,neutral
GCFVRYRC,3,1,3,1,4,4,0,neutral
RCLIHCFN,1,2,3,0,3,3,0,neutral
CRVVDGLI,57,43,49,51,100,100,0,neutral
FINSCLNC,5,3,4,4,8,8,0,neutral
HLGICNHG,10,8,10,8,18,18,0,neutral
HVNFDVCS,13,3,6,10,16,16,0,neutral
SNRRCNSR,1,2,2,1,3,3,0,neutral
VGDCFGFC,3,0,2,1,3,3,0,neutral
VHSFNCCD,7,4,6,5,11,11,0,neutral
GDIVSRNF,35,23,24,34,58,58,0,neutral
SNSYDVRL,2,1,2,1,3,3,0,neutral
LCCDSGRC,27,14,19,22,41,41,0,neutral
RDGYLLHF,4,0,3,1,4,4,0,neutral
NRDYGVIS,4,3,2,5,7,7,0,neutral
VIIGVCGC,58,42,43,57,100,100,0,neutral
VNGSYRGC,9,2,2,9,11,11,0,neutral
FRVVGHRG,2,1,2,1,3,3,0,neutral
RYCHVCRR,20,11,17,14,31,31,0,neutral
NVIFSGSV,9,3,6,6,12,12,0,neutral
VFYCGDVI,3,0,0,3,3,3,0,neutral
FHIIVDGS,28,9,17,20,37,37,0,neutral
CLGFHLCI,33,17,23,27,50,50,0,neutral
CSSCFHGS,5,2,2,5,7,7,0,neutral
RIISHYVR,29,12,14,27,41,41,0,neutral
GCYIFVGI,15,10,11,14,25,25,0,neutral
IVSCGDGG,2,1,2,1,3,3,0,neutral
GLNRYFVR,1,2,2,1,3,3,0,neutral
HNCVGDYR,6,7,6,7,13,13,0,neutral
IYCLCIGY,2,1,2,1,3,3,0,neutral
VCSFGVRG,1,2,1,2,3,3,0,neutral
SHCIGHDC,7,11,11,7,18,18,0,neutral
LCRFDCRH,19,14,13,20,33,33,0,neutral
GRLDRCFG,30,11,15,26,41,41,0,neutral
RCGCSVGV,21,9,14,16,30,30,0,neutral
GGVVSVFR,31,15,26,20,46,46,0,neutral
NISIGNIR,10,10,13,7,20,20,0,neutral
VVSVFCCG,14,12,12,14,26,26,0,neutral
GFVCRGHN,78,60,62,76,138,138,0,neutral
CNIFRFIN,18,3,7,14,21,21,0,neutral
CFDRDNSG,2,1,2,1,3,3,0,neutral
CGLHSSGI,2,2,2,2,4,4,0,neutral
RIGVIFHH,3,5,4,4,8,8,0,neutral
GVNFHCLS,29,15,22,22,44,44,0,neutral
ICVCRGRS,4,0,1,3,4,4,0,neutral
SNGHIGGG,33,14,16,31,47,47,0,neutral
FIHFYICV,18,14,14,18,32,32,0,neutral
LFRFRVRY,1,2,2,1,3,3,0,neutral
CGDISFGL,2,1,3,0,3,3,0,neutral
IGNLCVIH,33,24,28,29,57,57,0,neutral
NDVSCDFC,4,5,7,2,9,9,0,neutral
LVSVCNGD,2,1,1,2,3,3,0,neutral
CSCRDGFN,20,13,10,23,33,33,0,neutral
RLRSSRRS,13,12,14,11,25,25,0,neutral
NFVGLYGL,2,3,3,2,5,5,0,neutral
NHGHYNVG,103,90,87,105,193,192,0.004484304932735426,neutral
GGYGSNIH,76,61,73,63,137,136,0.005988023952095809,neutral
GGVLGVCR,64,58,61,60,122,121,0.006578947368421052,neutral
GDYVFRLR,66,50,54,61,116,115,0.00684931506849315,neutral
CYVGRVHL,63,53,54,61,116,115,0.00684931506849315,neutral
VRGCGCGS,64,49,54,58,113,112,0.006993006993006993,neutral
NCDRGISF,65,47,61,50,112,111,0.007042253521126761,neutral
IFNCRVDN,63,47,49,60,110,109,0.007142857142857143,neutral
VYCGDSNC,57,48,50,54,105,104,0.007407407407407408,neutral
FCSSVCIH,62,43,58,46,105,104,0.007407407407407408,neutral
FHGYSSRN,61,43,44,59,104,103,0.007462686567164179,neutral
CSVFNGGG,59,44,52,50,103,102,0.007518796992481203,neutral
CSNRRFYH,55,46,48,52,101,100,0.007633587786259542,neutral
FGVNGGIC,54,43,45,51,97,96,0.007874015748031496,neutral
RGCCCVCS,58,39,40,56,97,96,0.007874015748031496,neutral
GIRRNFCC,54,40,52,41,94,93,0.008064516129032258,neutral
VFLGHGDV,55,38,42,50,93,92,0.008130081300813009,neutral
FCHGRCGV,53,36,37,51,89,88,0.008403361344537815,neutral
DLFRRDRD,48,37,34,50,85,84,0.008695652173913044,neutral
RSFLGVSS,48,36,42,41,84,83,0.008771929824561403,neutral
FFDFRRCR,44,38,37,44,82,81,0.008928571428571428,neutral
IYGDYFVL,49,33,41,40,82,81,0.008928571428571428,neutral
NDSNHNCV,43,37,36,43,80,79,0.00909090909090909,neutral
YHRGVHLL,48,30,29,48,78,77,0.009259259259259259,neutral
FCSRDHGD,43,35,42,35,78,77,0.009259259259259259,neutral
RGCGYVHL,43,34,38,38,77,76,0.009345794392523364,neutral
LDCCNDGV,41,35,28,47,76,75,0.009433962264150943,neutral
GLGYRGIV,43,31,38,35,74,73,0.009615384615384616,neutral
FCGHSNVC,43,31,29,44,74,73,0.009615384615384616,neutral
CFLNIFHN,46,28,35,38,74,73,0.009615384615384616,neutral
CNVNNVLC,43,30,40,32,73,72,0.009708737864077669,neutral
VYCGHGGR,39,33,40,31,72,71,0.00980392156862745,neutral
GYSGRGCC,44,27,40,30,71,70,0.009900990099009901,neutral
IFGLCSIC,44,26,32,37,70,69,0.01,neutral
SLIGLYVR,41,28,30,38,69,68,0.010101010101010102,neutral
DFDIVRLS,37,32,33,35,69,68,0.010101010101010102,neutral
NRRCVCHV,37,31,33,34,68,67,0.01020408163265306,neutral
GSCVRHYG,42,26,30,37,68,67,0.01020408163265306,neutral
GDYIICDS,35,33,24,43,68,67,0.01020408163265306,neutral
CNRIGFRF,89,72,81,78,161,159,0.010471204188481676,neutral
LICDVFHI,37,27,31,32,64,63,0.010638297872340425,neutral
FVDDFDSR,41,23,28,35,64,63,0.010638297872340425,neutral
IRGFCGVL,40,23,26,36,63,62,0.010752688172043012,neutral
NCSHYGGC,39,24,28,34,63,62,0.010752688172043012,neutral
GFRFRILG,39,24,36,26,63,62,0.010752688172043012,neutral
CLINSGHL,34,29,38,24,63,62,0.010752688172043012,neutral
VFGDGVHD,35,27,30,31,62,61,0.010869565217391304,neutral
CRNYGVHI,39,22,29,31,61,60,0.01098901098901099,neutral
FRRYCCRV,40,21,25,35,61,60,0.01098901098901099,neutral
CYNNGCHV,33,28,27,33,61,60,0.01098901098901099,neutral
YDGYSRGV,39,21,20,39,60,59,0.011111111111111112,neutral
GCGGHINF,25,34,29,29,59,58,0.011235955056179775,neutral
LGRSSDGG,35,24,29,29,59,58,0.011235955056179775,neutral
IVGHCLNC,39,20,28,30,59,58,0.011235955056179775,neutral
DGVHISNF,38,20,21,36,58,57,0.011363636363636364,neutral
HYGCSNGG,33,25,27,30,58,57,0.011363636363636364,neutral
GFRFCGDC,38,20,25,32,58,57,0.011363636363636364,neutral
LFFNHLCV,38,20,28,29,58,57,0.011363636363636364,neutral
FCCGSSVS,36,21,30,26,57,56,0.011494252873563218,neutral
LHYFCGLH,36,21,21,35,57,56,0.011494252873563218,neutral
FIGRSFRC,28,29,26,30,57,56,0.011494252873563218,neutral
RYVSVGVI,37,19,29,26,56,55,0.011627906976744186,neutral
DCVFGVRV,29,27,21,34,56,55,0.011627906976744186,neutral
NGNFDCDC,35,20,27,27,55,54,0.011764705882352941,neutral
VGGHLHLF,34,21,26,28,55,54,0.011764705882352941,neutral
VDLDNHCD,35,20,29,25,55,54,0.011764705882352941,neutral
SDRYRCDR,34,21,26,28,55,54,0.011764705882352941,neutral
DIFRINLS,31,24,30,24,55,54,0.011764705882352941,neutral
ILNVSNFG,32,22,26,27,54,53,0.011904761904761904,neutral
YYRDNSGH,33,21,27,26,54,53,0.011904761904761904,neutral
VIIGRVCH,31,23,31,22,54,53,0.011904761904761904,neutral
GRLRLYGC,28,26,25,28,54,53,0.011904761904761904,neutral
RYGHCVRF,74,62,66,68,136,134,0.012048192771084338,neutral
RVHGGDSG,27,26,25,27,53,52,0.012048192771084338,neutral
GFVRCNFS,33,20,25,27,53,52,0.012048192771084338,neutral
FFRFGRVI,34,19,23,29,53,52,0.012048192771084338,neutral
DCCFVNCG,34,19,20,32,53,52,0.012048192771084338,neutral
VVCFGIGV,34,19,29,23,53,52,0.012048192771084338,neutral
RCVDNIVC,33,20,21,31,53,52,0.012048192771084338,neutral
YNVVRNGV,36,17,30,22,53,52,0.012048192771084338,neutral
DVLRCVGI,29,23,27,24,52,51,0.012195121951219513,neutral
CLSCDDVH,33,19,24,27,52,51,0.012195121951219513,neutral
CGLVGYGS,31,21,29,22,52,51,0.012195121951219513,neutral
SLHSCHHC,31,21,23,28,52,51,0.012195121951219513,neutral
HHCGDCGG,29,21,25,24,50,49,0.0125,neutral
LRFCRYGG,31,19,25,24,50,49,0.0125,neutral
RFSVDYVD,34,16,26,23,50,49,0.0125,neutral
YNVRRRFF,23,27,22,27,50,49,0.0125,neutral
VYDLVCGI,30,20,19,30,50,49,0.0125,neutral
SCYSSICH,21,28,21,27,49,48,0.012658227848101266,neutral
NDSYVGHH,31,17,21,26,48,47,0.01282051282051282,neutral
CRRHVLDC,32,16,21,26,48,47,0.01282051282051282,neutral
ICGSVYNG,33,15,14,33,48,47,0.01282051282051282,neutral
IFDCLVIG,24,23,18,28,47,46,0.012987012987012988,neutral
RRIICSIR,33,14,22,24,47,46,0.012987012987012988,neutral
FIGSLSVV,32,14,20,25,46,45,0.013157894736842105,neutral
CSSSGIHF,29,17,18,27,46,45,0.013157894736842105,neutral
RFCVDSVH,28,17,20,24,45,44,0.013333333333333334,neutral
FFRFGLSV,29,16,20,24,45,44,0.013333333333333334,neutral
FDFYHFGC,27,18,21,23,45,44,0.013333333333333334,neutral
VLCSRLRH,27,18,19,25,45,44,0.013333333333333334,neutral
CFRRHVLI,27,18,18,26,45,44,0.013333333333333334,neutral
CFCSSNNR,32,13,25,19,45,44,0.013333333333333334,neutral
CCGGGRSR,30,15,18,26,45,44,0.013333333333333334,neutral
VCGYGLYI,30,15,22,22,45,44,0.013333333333333334,neutral
FDSSICRI,68,51,57,60,119,117,0.013422818791946308,neutral
FFIDCVSI,29,15,14,29,44,43,0.013513513513513514,neutral
FCHGFFCD,27,17,20,23,44,43,0.013513513513513514,neutral
FNYRGDLS,30,14,14,29,44,43,0.013513513513513514,neutral
SYCDIGCS,27,17,17,26,44,43,0.013513513513513514,neutral
VFDNVILH,28,16,20,23,44,43,0.013513513513513514,neutral
LSDCFGVG,67,50,52,63,117,115,0.013605442176870748,neutral
NGFCFFLH,30,13,23,19,43,42,0.0136986301369863,neutral
SLDHSSCG,29,14,20,22,43,42,0.0136986301369863,neutral
RGHFCCYI,28,15,19,23,43,42,0.0136986301369863,neutral
FHDSYFVI,63,53,51,63,116,114,0.0136986301369863,neutral
HCVNGSCC,30,13,20,22,43,42,0.0136986301369863,neutral
FDGVRDRY,23,20,21,21,43,42,0.0136986301369863,neutral
GGFGDDGG,26,17,19,23,43,42,0.0136986301369863,neutral
IRIGGHHG,65,49,57,55,114,112,0.013888888888888888,neutral
CHFRNHCD,27,15,17,24,42,41,0.013888888888888888,neutral
LRDCGRLD,65,49,60,52,114,112,0.013888888888888888,neutral
IYGCDDHR,26,16,14,27,42,41,0.013888888888888888,neutral
DVCYGCGV,28,14,22,19,42,41,0.013888888888888888,neutral
GCFRRGCD,25,17,26,15,42,41,0.013888888888888888,neutral
FYHCSGRV,30,12,16,25,42,41,0.013888888888888888,neutral
LVRFNCCG,25,16,26,14,41,40,0.014084507042253521,neutral
FDSNGCDC,19,22,22,18,41,40,0.014084507042253521,neutral
FFCDYIVV,27,14,22,18,41,40,0.014084507042253521,neutral
IGVSRFRD,65,47,49,61,112,110,0.014084507042253521,neutral
CSFLVRRN,23,17,22,17,40,39,0.014285714285714285,neutral
GHCCDLRI,27,13,20,19,40,39,0.014285714285714285,neutral
ICDFVCSF,26,13,19,19,39,38,0.014492753623188406,neutral
GVFLHIGV,23,16,10,28,39,38,0.014492753623188406,neutral
CHISGFIC,26,13,14,24,39,38,0.014492753623188406,neutral
CINDCVYS,24,15,13,25,39,38,0.014492753623188406,neutral
INDIYRRV,60,47,46,59,107,105,0.014598540145985401,neutral
DNRLLRSR,18,20,17,20,38,37,0.014705882352941176,neutral
SIIDDVHF,25,13,19,18,38,37,0.014705882352941176,neutral
FCSFYDIV,28,10,19,18,38,37,0.014705882352941176,neutral
CYSIDCGD,24,13,19,17,37,36,0.014925373134328358,neutral
YISCNFVI,22,15,24,12,37,36,0.014925373134328358,neutral
GLVNVGGN,23,14,20,16,37,36,0.014925373134328358,neutral
GLFRICGC,25,12,14,22,37,36,0.014925373134328358,neutral
GNVLDYRV,22,15,18,18,37,36,0.014925373134328358,neutral
LNFLNFLH,24,13,16,20,37,36,0.014925373134328358,neutral
FSCNINHR,27,9,18,17,36,35,0.015151515151515152,neutral
FGRGGNGD,26,10,18,17,36,35,0.015151515151515152,neutral
SYSVCGVD,19,17,16,19,36,35,0.015151515151515152,neutral
CCIFGLNV,21,15,19,16,36,35,0.015151515151515152,neutral
LGDLVCRV,16,19,11,23,35,34,0.015384615384615385,neutral
DNVFIRCL,23,12,20,14,35,34,0.015384615384615385,neutral
SVGDVYHV,16,19,15,19,35,34,0.015384615384615385,neutral
ICNILLRC,23,12,19,15,35,34,0.015384615384615385,neutral
CRDLCRRG,24,11,16,18,35,34,0.015384615384615385,neutral
IGVDGNHF,24,11,21,13,35,34,0.015384615384615385,neutral
DVRCFNDD,27,8,15,19,35,34,0.015384615384615385,neutral
IISCRIHG,21,14,16,18,35,34,0.015384615384615385,neutral
YNFGDVRL,20,15,17,17,35,34,0.015384615384615385,neutral
DVIRHSSF,21,14,12,22,35,34,0.015384615384615385,neutral
CRSGGFHC,23,11,9,24,34,33,0.015625,neutral
SICYNGGV,19,15,17,16,34,33,0.015625,neutral
CRIGFCND,23,11,17,16,34,33,0.015625,neutral
CCHVSRCH,26,8,18,15,34,33,0.015625,neutral
SYGGCNGC,58,39,42,53,97,95,0.015748031496062992,neutral
SGVLFCIH,20,13,16,16,33,32,0.015873015873015872,neutral
VDCFRGVL,25,8,21,11,33,32,0.015873015873015872,neutral
RSHFIRDD,19,14,16,16,33,32,0.015873015873015872,neutral
VVNSCCGG,20,13,10,22,33,32,0.015873015873015872,neutral
NHLISGIC,21,12,12,20,33,32,0.015873015873015872,neutral
VSDRCGDY,54,41,51,42,95,93,0.016,neutral
FCCDDCCD,18,14,20,11,32,31,0.016129032258064516,neutral
SCLFNYIY,21,11,11,20,32,31,0.016129032258064516,neutral
GFRHHCLR,21,11,13,18,32,31,0.016129032258064516,neutral
VVSRFCSC,23,9,14,17,32,31,0.016129032258064516,neutral
YCDCSVGF,20,12,17,14,32,31,0.016129032258064516,neutral
CYDSGDGN,51,41,48,42,92,90,0.01639344262295082,neutral
LYVGIDIN,16,15,14,16,31,30,0.01639344262295082,neutral
DDHCLGLF,18,13,12,18,31,30,0.01639344262295082,neutral
VIVIGHSL,21,10,13,17,31,30,0.01639344262295082,neutral
RLGINCRL,22,9,13,17,31,30,0.01639344262295082,neutral
SCRVVGVF,21,10,15,15,31,30,0.01639344262295082,neutral
VICDVGFL,17,14,18,12,31,30,0.01639344262295082,neutral
ICGFGSSG,22,9,10,20,31,30,0.01639344262295082,neutral
SIHCCVDG,14,17,15,15,31,30,0.01639344262295082,neutral
SVGILVSV,85,67,70,79,152,149,0.016483516483516484,neutral
FCCNSVDR,53,38,37,52,91,89,0.01652892561983471,neutral
FINVSGDC,51,40,40,49,91,89,0.01652892561983471,neutral
HNLFVGFR,18,12,10,19,30,29,0.016666666666666666,neutral
FDGVLHSG,18,12,18,11,30,29,0.016666666666666666,neutral
LFNLRIHG,20,10,18,11,30,29,0.016666666666666666,neutral
VFNFCFVS,18,12,13,16,30,29,0.016666666666666666,neutral
SGVDDGFR,21,9,15,14,30,29,0.016666666666666666,neutral
VCVDHNRY,19,10,10,18,29,28,0.01694915254237288,neutral
FCDLGFCL,19,10,11,17,29,28,0.01694915254237288,neutral
DSCLVVNC,21,8,16,12,29,28,0.01694915254237288,neutral
DGSYGSLN,21,8,17,11,29,28,0.01694915254237288,neutral
IFGLRGLD,19,10,8,20,29,28,0.01694915254237288,neutral
FCGCGSNI,23,6,13,15,29,28,0.01694915254237288,neutral
YRYSNFRS,20,8,14,13,28,27,0.017241379310344827,neutral
CVVNSCLG,52,34,42,42,86,84,0.017241379310344827,neutral
NILCNSVC,20,8,16,11,28,27,0.017241379310344827,neutral
CGVCSRLG,19,9,14,13,28,27,0.017241379310344827,neutral
CNGHGVLL,20,8,12,15,28,27,0.017241379310344827,neutral
LRLGCNNN,47,38,44,39,85,83,0.017391304347826087,neutral
HFFGCIRC,43,42,43,40,85,83,0.017391304347826087,neutral
NYGCRCDL,17,10,12,14,27,26,0.017543859649122806,neutral
YSCHGGNC,16,11,12,14,27,26,0.017543859649122806,neutral
GHCGLVDS,14,13,11,15,27,26,0.017543859649122806,neutral
YCSNHNLH,18,9,12,14,27,26,0.017543859649122806,neutral
VFCSRLFV,49,35,36,46,84,82,0.017543859649122806,neutral
CRSRCFVI,13,14,14,12,27,26,0.017543859649122806,neutral
RHFDFSSC,18,9,15,11,27,26,0.017543859649122806,neutral
FFSYYYNH,16,11,13,13,27,26,0.017543859649122806,neutral
GCFSYDSD,15,12,14,12,27,26,0.017543859649122806,neutral
LCSLSRIV,50,34,41,41,84,82,0.017543859649122806,neutral
GCGGYGGV,76,63,63,73,139,136,0.01775147928994083,neutral
GRRIIISF,47,35,41,39,82,80,0.017857142857142856,neutral
ICRLHFRD,15,11,14,11,26,25,0.017857142857142856,neutral
VLRRCCIH,50,32,40,40,82,80,0.017857142857142856,neutral
FCCVNGNN,45,37,39,41,82,80,0.017857142857142856,neutral
CISFGGVS,17,9,10,15,26,25,0.017857142857142856,neutral
CCYVDCDG,48,34,44,36,82,80,0.017857142857142856,neutral
FINSCNGC,16,10,10,15,26,25,0.017857142857142856,neutral
HGCNFDDH,17,8,10,14,25,24,0.01818181818181818,neutral
VCGHSFDD,15,10,12,12,25,24,0.01818181818181818,neutral
VVCVVCGS,11,14,10,14,25,24,0.01818181818181818,neutral
YDFGGFCI,12,13,7,17,25,24,0.01818181818181818,neutral
GCVVSSSC,20,5,10,14,25,24,0.01818181818181818,neutral
RYGVCRHD,17,8,10,14,25,24,0.01818181818181818,neutral
CFLSSLSR,49,31,36,42,80,78,0.01818181818181818,neutral
GDYYIRSH,15,10,11,13,25,24,0.01818181818181818,neutral
SGRCLIGF,45,35,42,36,80,78,0.01818181818181818,neutral
LCHLSIHG,15,10,15,9,25,24,0.01818181818181818,neutral
HCICSYGR,15,10,8,16,25,24,0.01818181818181818,neutral
DSVHHRFC,15,10,11,13,25,24,0.01818181818181818,neutral
GFCLNGVD,16,9,12,12,25,24,0.01818181818181818,neutral
IDSHRCSF,13,12,10,14,25,24,0.01818181818181818,neutral
RYCVRVLR,17,8,13,11,25,24,0.01818181818181818,neutral
GHNDFLLS,18,7,10,14,25,24,0.01818181818181818,neutral
DVCLRCGD,42,37,38,39,79,77,0.01834862385321101,neutral
SCCSLIVS,44,35,30,47,79,77,0.01834862385321101,neutral
GLDLGRFL,19,5,11,12,24,23,0.018518518518518517,neutral
GRRIINGH,12,12,11,12,24,23,0.018518518518518517,neutral
FHDYFIIF,18,6,14,9,24,23,0.018518518518518517,neutral
FCGHCYNS,14,10,11,12,24,23,0.018518518518518517,neutral
YLFDYLLH,12,12,9,14,24,23,0.018518518518518517,neutral
IRNRNFGN,17,7,13,10,24,23,0.018518518518518517,neutral
YLCGGICV,11,13,12,11,24,23,0.018518518518518517,neutral
NNCHSVCG,12,12,6,17,24,23,0.018518518518518517,neutral
VCRDFRFL,48,29,30,45,77,75,0.018691588785046728,neutral
RGGVVGFV,17,6,6,16,23,22,0.018867924528301886,neutral
CCGVILDS,14,9,9,13,23,22,0.018867924528301886,neutral
RFLRHCCS,14,9,9,13,23,22,0.018867924528301886,neutral
LRYDVNDC,41,35,36,38,76,74,0.018867924528301886,neutral
GFFIFNRH,13,10,12,10,23,22,0.018867924528301886,neutral
RDNFGVCS,44,32,35,39,76,74,0.018867924528301886,neutral
SGFFGGLS,12,11,8,14,23,22,0.018867924528301886,neutral
LLNSYRRL,14,9,12,10,23,22,0.018867924528301886,neutral
FNHGCNGN,46,29,31,42,75,73,0.01904761904761905,neutral
DIGGRVYR,13,9,9,12,22,21,0.019230769230769232,neutral
RHCVCDCS,15,7,11,10,22,21,0.019230769230769232,neutral
NNCFVCVH,15,7,10,11,22,21,0.019230769230769232,neutral
FSSGRYGH,11,11,7,14,22,21,0.019230769230769232,neutral
FRHCILRC,14,8,11,10,22,21,0.019230769230769232,neutral
SSGYHCCR,44,29,40,31,73,71,0.019417475728155338,neutral
RINRYNCI,42,31,33,38,73,71,0.019417475728155338,neutral
LHRYDSDS,71,52,66,54,123,120,0.0196078431372549,neutral
YCLRRRFV,45,27,27,43,72,70,0.0196078431372549,neutral
VIGSCFVN,13,8,9,11,21,20,0.0196078431372549,neutral
FDHCFGLV,11,10,13,7,21,20,0.0196078431372549,neutral
NFSDVICF,11,10,10,10,21,20,0.0196078431372549,neutral
FYIFCFVD,10,11,10,10,21,20,0.0196078431372549,neutral
FCHHHLGS,13,8,9,11,21,20,0.0196078431372549,neutral
HCSHDGGV,63,58,50,68,121,118,0.019867549668874173,neutral
CYRDVVHH,15,5,7,12,20,19,0.02,neutral
FFHHVCYY,17,3,8,11,20,19,0.02,neutral
FFVRCGRV,40,30,36,32,70,68,0.02,neutral
CGICHLGS,7,13,9,10,20,19,0.02,neutral
VCFDIGVG,13,7,10,9,20,19,0.02,neutral
FVRVCYCN,14,6,6,13,20,19,0.02,neutral
VFGCGLLF,16,4,10,9,20,19,0.02,neutral
VNIVHCDC,13,7,12,7,20,19,0.02,neutral
CCGLGFHS,11,9,6,13,20,19,0.02,neutral
DFCNRLGC,44,26,35,33,70,68,0.02,neutral
CRLHGSGH,63,55,62,53,118,115,0.02027027027027027,neutral
SDFLNSGG,43,25,34,32,68,66,0.02040816326530612,neutral
NNCCFGGN,36,32,30,36,68,66,0.02040816326530612,neutral
RHVSNSLY,15,4,10,8,19,18,0.02040816326530612,neutral
RCNYHCRG,14,5,10,8,19,18,0.02040816326530612,neutral
ISVRGHGS,39,29,26,40,68,66,0.02040816326530612,neutral
GFLSVGGC,14,5,7,11,19,18,0.02040816326530612,neutral
VCNNIVVI,14,5,9,9,19,18,0.02040816326530612,neutral
NFRFSYVG,39,28,30,35,67,65,0.020618556701030927,neutral
SDFSVVGL,36,31,31,34,67,65,0.020618556701030927,neutral
GGHCFNVL,43,24,33,32,67,65,0.020618556701030927,neutral
NNFDRFSD,36,31,29,36,67,65,0.020618556701030927,neutral
VFLCNVGV,36,30,34,30,66,64,0.020833333333333332,neutral
FYHCSFFS,14,4,7,10,18,17,0.020833333333333332,neutral
VRCCRNHS,8,10,8,9,18,17,0.020833333333333332,neutral
CYSVHNHD,12,6,9,8,18,17,0.020833333333333332,neutral
GLSLFNHS,15,3,10,7,18,17,0.020833333333333332,neutral
RCRLRHCV,90,72,73,85,162,158,0.020833333333333332,neutral
VFYNGRGI,9,9,7,10,18,17,0.020833333333333332,neutral
CVVRRLDN,13,5,5,12,18,17,0.020833333333333332,neutral
NNGGYHVN,12,6,7,10,18,17,0.020833333333333332,neutral
CYVGGVCF,10,8,6,11,18,17,0.020833333333333332,neutral
VGYGVRCR,37,28,29,34,65,63,0.021052631578947368,neutral
RYDRNGGI,65,47,58,51,112,109,0.02112676056338028,neutral
SCHVFCYH,15,2,8,8,17,16,0.02127659574468085,neutral
FRCCGRSY,11,6,7,9,17,16,0.02127659574468085,neutral
LGDCSCDC,12,5,6,10,17,16,0.02127659574468085,neutral
SDLCCLGV,11,6,6,10,17,16,0.02127659574468085,neutral
GFGCGCRI,9,8,9,7,17,16,0.02127659574468085,neutral
IFNHDSLD,11,6,7,9,17,16,0.02127659574468085,neutral
VYLCDSGR,35,29,23,39,64,62,0.02127659574468085,neutral
IFFVCRDS,9,8,8,8,17,16,0.02127659574468085,neutral
FYYRRCCH,7,10,9,7,17,16,0.02127659574468085,neutral
GFCNSHCV,38,25,28,33,63,61,0.021505376344086023,neutral
VCSLGRVN,36,27,27,34,63,61,0.021505376344086023,neutral
HYNSGCSH,39,24,32,29,63,61,0.021505376344086023,neutral
YSGGHDSI,41,22,29,32,63,61,0.021505376344086023,neutral
DYFFNYLV,38,25,26,35,63,61,0.021505376344086023,neutral
VFNVDLGI,31,32,27,34,63,61,0.021505376344086023,neutral
ICDLIRFH,9,7,10,5,16,15,0.021739130434782608,neutral
VFHLLGRR,37,25,25,35,62,60,0.021739130434782608,neutral
FNHDHYDR,9,7,7,8,16,15,0.021739130434782608,neutral
SYVCIGSD,10,6,5,10,16,15,0.021739130434782608,neutral
FDDCVYCS,9,7,6,9,16,15,0.021739130434782608,neutral
FDYGCFYS,11,5,10,5,16,15,0.021739130434782608,neutral
GVRYDVSG,11,5,5,10,16,15,0.021739130434782608,neutral
HNCRSVGY,8,8,7,8,16,15,0.021739130434782608,neutral
SCISCGLR,8,8,7,8,16,15,0.021739130434782608,neutral
SFGFYYIG,9,7,7,8,16,15,0.021739130434782608,neutral
NRVRYISF,13,3,5,10,16,15,0.021739130434782608,neutral
CCGIGYRG,12,4,7,8,16,15,0.021739130434782608,neutral
IHVFSNFH,9,7,8,7,16,15,0.021739130434782608,neutral
LSCVGVCN,36,25,30,29,61,59,0.02197802197802198,neutral
CLFFRNRH,54,52,46,57,106,103,0.022058823529411766,neutral
SGVISGHC,32,28,21,37,60,58,0.022222222222222223,neutral
FFCCHFIV,8,7,8,6,15,14,0.022222222222222223,neutral
GINCVYIG,8,7,7,7,15,14,0.022222222222222223,neutral
IFLVGCHS,12,3,8,6,15,14,0.022222222222222223,neutral
YRSFHDVR,59,46,53,49,105,102,0.022222222222222223,neutral
FLNGYGRG,8,7,10,4,15,14,0.022222222222222223,neutral
GVVGGFLD,11,4,2,12,15,14,0.022222222222222223,neutral
GNVRFCIC,28,32,29,29,60,58,0.022222222222222223,neutral
RGVGDCGS,10,5,9,5,15,14,0.022222222222222223,neutral
DCCGLINI,12,3,4,10,15,14,0.022222222222222223,neutral
VHVSGGIV,11,4,8,6,15,14,0.022222222222222223,neutral
HVNCFNGI,10,5,5,9,15,14,0.022222222222222223,neutral
VCNDSFDD,38,21,26,31,59,57,0.02247191011235955,neutral
DYNIGIRH,33,26,37,20,59,57,0.02247191011235955,neutral
VGCGNYDH,37,22,26,31,59,57,0.02247191011235955,neutral
LDNSLSSV,9,5,7,6,14,13,0.022727272727272728,neutral
VCYVSHFY,6,8,8,5,14,13,0.022727272727272728,neutral
GCGFCGDS,10,4,6,7,14,13,0.022727272727272728,neutral
NDFCILFC,4,10,8,5,14,13,0.022727272727272728,neutral
NIFCGHRS,10,4,2,11,14,13,0.022727272727272728,neutral
FFGDVGGD,10,4,4,9,14,13,0.022727272727272728,neutral
GHFVNCLG,10,4,4,9,14,13,0.022727272727272728,neutral
YGLLNCSC,13,1,6,7,14,13,0.022727272727272728,neutral
VCFFLGFF,10,4,6,7,14,13,0.022727272727272728,neutral
LLVGVGGS,6,8,4,9,14,13,0.022727272727272728,neutral
IGYDDCRD,37,21,33,23,58,56,0.022727272727272728,neutral
YDRGGSFD,8,6,9,4,14,13,0.022727272727272728,neutral
YIHRDGFD,10,4,8,5,14,13,0.022727272727272728,neutral
LRGGCCGR,11,3,8,5,14,13,0.022727272727272728,neutral
YNVVRFLH,10,4,8,5,14,13,0.022727272727272728,neutral
LGVGYDIR,57,44,42,56,101,98,0.022900763358778626,neutral
SLGCNCDG,36,21,23,32,57,55,0.022988505747126436,neutral
FVGGVLFV,37,20,19,36,57,55,0.022988505747126436,neutral
DGLVVGVC,33,24,24,31,57,55,0.022988505747126436,neutral
VCDFINGS,59,40,54,42,99,96,0.023255813953488372,neutral
SFRNGGLR,57,42,41,55,99,96,0.023255813953488372,neutral
LDHRYDSD,35,21,28,26,56,54,0.023255813953488372,neutral
VCDFIRRV,8,5,7,5,13,12,0.023255813953488372,neutral
GYCCSLFH,10,3,8,4,13,12,0.023255813953488372,neutral
CNRGICVG,9,4,9,3,13,12,0.023255813953488372,neutral
CVRCGFYY,11,2,4,8,13,12,0.023255813953488372,neutral
SGVSSLYI,34,22,22,32,56,54,0.023255813953488372,neutral
FSCVFSDG,9,4,7,5,13,12,0.023255813953488372,neutral
CVYFRCGD,6,7,7,5,13,12,0.023255813953488372,neutral
NFRINDCN,9,4,6,6,13,12,0.023255813953488372,neutral
VFVRGGSI,36,20,25,29,56,54,0.023255813953488372,neutral
CSVLGCRH,79,63,77,61,142,138,0.023255813953488372,neutral
VHGFGVCL,36,20,25,29,56,54,0.023255813953488372,neutral
SCDCSVLH,37,19,28,26,56,54,0.023255813953488372,neutral
CDNGDIGF,56,42,46,49,98,95,0.0234375,neutral
GHISFYVH,30,25,25,28,55,53,0.023529411764705882,neutral
GVCGVRDR,31,24,25,28,55,53,0.023529411764705882,neutral
CNRNLCGH,36,19,21,32,55,53,0.023529411764705882,neutral
SCHVVYNH,35,20,25,28,55,53,0.023529411764705882,neutral
GLLSYCRS,35,19,22,30,54,52,0.023809523809523808,neutral
SCGGCHGS,31,23,24,28,54,52,0.023809523809523808,neutral
GLLVNVIV,36,18,27,25,54,52,0.023809523809523808,neutral
CFNLDGDG,8,4,6,5,12,11,0.023809523809523808,neutral
HLFCFCDL,9,3,4,7,12,11,0.023809523809523808,neutral
NVFGLGVC,35,19,29,23,54,52,0.023809523809523808,neutral
CCHRLDYD,8,4,6,5,12,11,0.023809523809523808,neutral
VCCVRRYH,10,2,6,5,12,11,0.023809523809523808,neutral
VCGCFHYG,10,2,5,6,12,11,0.023809523809523808,neutral
VCHLCVRV,11,1,6,5,12,11,0.023809523809523808,neutral
GVGVCNGR,7,5,6,5,12,11,0.023809523809523808,neutral
LGCDNIGF,31,23,26,26,54,52,0.023809523809523808,neutral
FCVRVNCS,36,18,24,28,54,52,0.023809523809523808,neutral
IIIRHYHL,11,1,2,9,12,11,0.023809523809523808,neutral
VYVVGVRG,36,18,24,28,54,52,0.023809523809523808,neutral
GNFSNCDV,33,21,18,34,54,52,0.023809523809523808,neutral
IRVVCGHH,7,5,6,5,12,11,0.023809523809523808,neutral
VDGFFFCG,52,44,48,45,96,93,0.023809523809523808,neutral
VLNFLGCG,9,3,3,8,12,11,0.023809523809523808,neutral
FFSFYGRG,8,4,5,6,12,11,0.023809523809523808,neutral
FCYLCCDY,9,3,6,5,12,11,0.023809523809523808,neutral
DGVLFYYH,9,3,6,5,12,11,0.023809523809523808,neutral
LCFDCGLS,7,5,7,4,12,11,0.023809523809523808,neutral
CVHSCNVV,8,4,3,8,12,11,0.023809523809523808,neutral
CVVYCHSS,57,38,48,44,95,92,0.024,neutral
LRVVNSGF,32,21,23,28,53,51,0.024096385542168676,neutral
CIRGHYGH,28,25,17,34,53,51,0.024096385542168676,neutral
FNGRRFCC,52,42,47,44,94,91,0.024193548387096774,neutral
NFCGVIFN,6,5,2,8,11,10,0.024390243902439025,neutral
GDFVCISV,5,6,4,6,11,10,0.024390243902439025,neutral
LRFCLSSG,8,3,7,3,11,10,0.024390243902439025,neutral
FLNYYHSC,8,3,3,7,11,10,0.024390243902439025,neutral
DNFRFNRC,8,3,6,4,11,10,0.024390243902439025,neutral
HYFDLFVF,5,6,7,3,11,10,0.024390243902439025,neutral
GLRDHFVC,6,5,6,4,11,10,0.024390243902439025,neutral
YGYFDCIC,55,38,43,47,93,90,0.024390243902439025,neutral
LGYDVIYY,6,5,1,9,11,10,0.024390243902439025,neutral
RNVVYVDV,5,6,4,6,11,10,0.024390243902439025,neutral
VRRCDGRY,7,4,3,7,11,10,0.024390243902439025,neutral
CSNCVVGG,31,21,25,25,52,50,0.024390243902439025,neutral
CCIVYNRG,35,17,26,24,52,50,0.024390243902439025,neutral
CSVHGRVY,8,3,4,6,11,10,0.024390243902439025,neutral
GSVRGFLD,5,6,5,5,11,10,0.024390243902439025,neutral
RDCHCDVI,5,6,5,5,11,10,0.024390243902439025,neutral
HGFHCHDI,6,5,2,8,11,10,0.024390243902439025,neutral
CFHNGICH,6,5,6,4,11,10,0.024390243902439025,neutral
IGVICCSY,6,5,2,8,11,10,0.024390243902439025,neutral
IIFGYNVL,6,5,3,7,11,10,0.024390243902439025,neutral
CGFRRFDC,30,21,22,27,51,49,0.024691358024691357,neutral
SCCVRCND,32,19,19,30,51,49,0.024691358024691357,neutral
VFGRVIVH,33,18,22,27,51,49,0.024691358024691357,neutral
IRGYGDGC,32,19,23,26,51,49,0.024691358024691357,neutral
FRSFVVGL,32,19,28,21,51,49,0.024691358024691357,neutral
GRYCVNCG,31,20,17,32,51,49,0.024691358024691357,neutral
FFGSVHFI,29,22,21,28,51,49,0.024691358024691357,neutral
GCGCVSSG,31,20,28,21,51,49,0.024691358024691357,neutral
SYVSINVG,52,39,38,50,91,88,0.024793388429752067,neutral
DVNVGGCD,74,57,63,64,131,127,0.024844720496894408,neutral
YNVVRLSR,6,4,5,4,10,9,0.025,neutral
GVCDCGCS,3,7,3,6,10,9,0.025,neutral
CGNLSNYH,29,21,31,17,50,48,0.025,neutral
HYVNSCCD,7,3,3,6,10,9,0.025,neutral
RLYFHLGR,5,5,5,4,10,9,0.025,neutral
CFSNYIVH,6,4,3,6,10,9,0.025,neutral
INYGIVGF,7,3,4,5,10,9,0.025,neutral
RILVCSRL,7,3,4,5,10,9,0.025,neutral
GNFCFIGS,51,39,40,47,90,87,0.025,neutral
LRVIGSGG,29,21,19,29,50,48,0.025,neutral
NLSSDDHC,7,3,4,5,10,9,0.025,neutral
IVVCIGGD,25,25,24,24,50,48,0.025,neutral
CCYFDGFV,6,4,4,5,10,9,0.025,neutral
DCHDSDIL,29,21,25,23,50,48,0.025,neutral
VGCVRGCL,34,16,22,26,50,48,0.025,neutral
YSGIGCIL,5,5,5,4,10,9,0.025,neutral
VNDVIICV,32,18,20,28,50,48,0.025,neutral
YGSGDHVY,30,20,16,32,50,48,0.025,neutral
FFFDDYVR,6,4,2,7,10,9,0.025,neutral
RSGDFRCG,4,6,4,5,10,9,0.025,neutral
NIVGNYHN,34,16,27,21,50,48,0.025,neutral
DICRGVDN,52,38,34,53,90,87,0.025,neutral
INDCFFFV,32,17,21,26,49,47,0.02531645569620253,neutral
SFGIGFCI,29,20,27,20,49,47,0.02531645569620253,neutral
GDGFGRVF,30,19,20,27,49,47,0.02531645569620253,neutral
VGCYSICV,21,28,22,25,49,47,0.02531645569620253,neutral
VFVNNRCI,29,20,19,28,49,47,0.02531645569620253,neutral
GRLGVCDI,29,20,25,22,49,47,0.02531645569620253,neutral
NLLDCRIV,31,18,24,23,49,47,0.02531645569620253,neutral
GSFVYVGG,30,19,27,20,49,47,0.02531645569620253,neutral
ISYIYCNV,28,20,19,27,48,46,0.02564102564102564,neutral
NVVRCFHC,6,3,3,5,9,8,0.02564102564102564,neutral
VIFCCNRD,6,3,5,3,9,8,0.02564102564102564,neutral
CCRGHNYH,6,3,2,6,9,8,0.02564102564102564,neutral
YRCLVRIH,8,1,3,5,9,8,0.02564102564102564,neutral
VGLYNDRD,28,20,17,29,48,46,0.02564102564102564,neutral
LYGSVHNC,8,1,4,4,9,8,0.02564102564102564,neutral
SYGCHFRV,30,18,18,28,48,46,0.02564102564102564,neutral
LFGFVCLH,9,0,4,4,9,8,0.02564102564102564,neutral
LNCFHVLS,7,2,2,6,9,8,0.02564102564102564,neutral
RYCRFVNF,5,4,2,6,9,8,0.02564102564102564,neutral
IVCFGVSV,2,7,4,4,9,8,0.02564102564102564,neutral
YLSCDSIV,26,22,19,27,48,46,0.02564102564102564,neutral
SVSDFCGV,31,17,18,28,48,46,0.02564102564102564,neutral
SCDVNRFF,8,1,7,1,9,8,0.02564102564102564,neutral
SGSLLFSC,7,2,6,2,9,8,0.02564102564102564,neutral
IFRDGIRD,7,2,2,6,9,8,0.02564102564102564,neutral
GYCHYVIH,4,5,3,5,9,8,0.02564102564102564,neutral
FRGLGFVC,32,16,19,27,48,46,0.02564102564102564,neutral
VFNSVFII,7,2,2,6,9,8,0.02564102564102564,neutral
IYNLGCIN,6,3,3,5,9,8,0.02564102564102564,neutral
YCDVSVCG,8,1,4,4,9,8,0.02564102564102564,neutral
CVVGSCSL,32,15,20,25,47,45,0.025974025974025976,neutral
RFNGSCCG,32,15,20,25,47,45,0.025974025974025976,neutral
GCGYDNSD,31,15,22,22,46,44,0.02631578947368421,neutral
FCSIHCHL,0,8,4,3,8,7,0.02631578947368421,neutral
IYLVNCYD,5,3,4,3,8,7,0.02631578947368421,neutral
HCRNFSCS,48,36,38,43,84,81,0.02631578947368421,neutral
LSRFLCGL,3,5,2,5,8,7,0.02631578947368421,neutral
YHCIFCCR,5,3,4,3,8,7,0.02631578947368421,neutral
FRFNLRIR,4,4,3,4,8,7,0.02631578947368421,neutral
FFFCGYGH,5,3,3,4,8,7,0.02631578947368421,neutral
VCDLNGDC,6,2,2,5,8,7,0.02631578947368421,neutral
IVDNCIND,5,3,4,3,8,7,0.02631578947368421,neutral
RDVCSYGC,6,2,3,4,8,7,0.02631578947368421,neutral
LCRLLLGS,2,6,3,4,8,7,0.02631578947368421,neutral
HIRLRDCN,5,3,5,2,8,7,0.02631578947368421,neutral
SCVLFGGD,24,22,20,24,46,44,0.02631578947368421,neutral
VSGYVNIC,4,4,3,4,8,7,0.02631578947368421,neutral
GGLIGIID,86,72,73,80,158,153,0.026595744680851064,neutral
RVRHRYGH,28,17,20,23,45,43,0.02666666666666667,neutral
FSFGFRSG,30,15,28,15,45,43,0.02666666666666667,neutral
LVGVHFVN,30,15,20,23,45,43,0.02666666666666667,neutral
NDFSHLVV,22,23,20,23,45,43,0.02666666666666667,neutral
SINHSGSF,68,52,56,60,120,116,0.02666666666666667,neutral
ISVSRYLI,28,17,22,21,45,43,0.02666666666666667,neutral
DCNYFGYS,4,3,3,3,7,6,0.02702702702702703,neutral
VCFDFIDY,3,4,3,3,7,6,0.02702702702702703,neutral
NFGRFFGG,5,2,3,3,7,6,0.02702702702702703,neutral
FGVCHGCG,5,2,1,5,7,6,0.02702702702702703,neutral
YNSCGVLD,6,1,5,1,7,6,0.02702702702702703,neutral
FSCSCVNI,4,3,1,5,7,6,0.02702702702702703,neutral
RSYVSCNG,5,2,3,3,7,6,0.02702702702702703,neutral
NFVILVVY,5,2,1,5,7,6,0.02702702702702703,neutral
RGGCGVFR,6,1,4,2,7,6,0.02702702702702703,neutral
VICCVCGD,5,2,1,5,7,6,0.02702702702702703,neutral
FFCFDVFG,5,2,3,3,7,6,0.02702702702702703,neutral
CNVYRRYS,4,3,4,2,7,6,0.02702702702702703,neutral
ICFYNYHI,4,3,4,2,7,6,0.02702702702702703,neutral
GCVFGLCD,6,1,2,4,7,6,0.02702702702702703,neutral
GRVCSVCY,2,5,3,3,7,6,0.02702702702702703,neutral
YYCFCSIS,5,2,0,6,7,6,0.02702702702702703,neutral
VCNYVHNS,5,2,4,2,7,6,0.02702702702702703,neutral
LYFYDCFC,6,1,3,3,7,6,0.02702702702702703,neutral
IVHVCHSR,6,1,0,6,7,6,0.02702702702702703,neutral
CLCVLLHS,4,3,2,4,7,6,0.02702702702702703,neutral
GYGFVCFD,5,2,3,3,7,6,0.02702702702702703,neutral
VCHNDCHV,21,23,23,19,44,42,0.02702702702702703,neutral
GYYGYLRV,5,2,1,5,7,6,0.02702702702702703,neutral
FCCIGVGC,3,4,3,3,7,6,0.02702702702702703,neutral
NLDLHVLH,6,1,2,4,7,6,0.02702702702702703,neutral
GSCFRRYC,3,4,3,3,7,6,0.02702702702702703,neutral
YVDDVVYL,26,18,23,19,44,42,0.02702702702702703,neutral
YIVGGDVC,2,5,5,1,7,6,0.02702702702702703,neutral
RYVIIGGS,5,2,3,3,7,6,0.02702702702702703,neutral
VCSLNDDV,29,15,18,24,44,42,0.02702702702702703,neutral
FVLIYVCG,4,3,5,1,7,6,0.02702702702702703,neutral
RSSDVFFH,26,18,26,16,44,42,0.02702702702702703,neutral
VGICCINI,4,3,3,3,7,6,0.02702702702702703,neutral
CNGIVCHS,24,20,20,22,44,42,0.02702702702702703,neutral
SCNDSNGR,25,18,12,29,43,41,0.0273972602739726,neutral
LDGNSYGD,26,17,13,28,43,41,0.0273972602739726,neutral
FCYVNGCD,27,16,21,20,43,41,0.0273972602739726,neutral
CGNSIHLF,47,32,37,39,79,76,0.027522935779816515,neutral
IGLVLDGD,45,34,37,39,79,76,0.027522935779816515,neutral
GRRINDRD,4,2,3,2,6,5,0.027777777777777776,neutral
LCGHILCH,3,3,5,0,6,5,0.027777777777777776,neutral
CDVFIYDD,5,1,3,2,6,5,0.027777777777777776,neutral
CCHNVGNC,64,50,57,53,114,110,0.027777777777777776,neutral
CFCSDDLF,5,1,2,3,6,5,0.027777777777777776,neutral
DYCLRIIH,42,36,31,44,78,75,0.027777777777777776,neutral
YYCGRRVH,5,1,3,2,6,5,0.027777777777777776,neutral
CFSVNSGD,3,3,1,4,6,5,0.027777777777777776,neutral
YLSCLYSS,3,3,2,3,6,5,0.027777777777777776,neutral
CCHRGVDC,23,19,20,20,42,40,0.027777777777777776,neutral
VRCGCFLC,5,1,2,3,6,5,0.027777777777777776,neutral
GCRIINCG,1,5,3,2,6,5,0.027777777777777776,neutral
YHRHGRGD,4,2,1,4,6,5,0.027777777777777776,neutral
VFVGRNGI,28,14,23,17,42,40,0.027777777777777776,neutral
GRRLIGCC,3,3,1,4,6,5,0.027777777777777776,neutral
VLCLGVGF,1,5,1,4,6,5,0.027777777777777776,neutral
DYSVIVHL,6,0,4,1,6,5,0.027777777777777776,neutral
FFNFLYVH,6,0,2,3,6,5,0.027777777777777776,neutral
IDHCCRGY,6,0,1,4,6,5,0.027777777777777776,neutral
FIRCGHYC,5,1,3,2,6,5,0.027777777777777776,neutral
DFCYHGCV,1,5,2,3,6,5,0.027777777777777776,neutral
GVCGFVNV,4,2,4,1,6,5,0.027777777777777776,neutral
VCSDCFRN,6,0,3,2,6,5,0.027777777777777776,neutral
CNIVCIDC,19,23,23,17,42,40,0.027777777777777776,neutral
VCGVSGVV,5,1,1,4,6,5,0.027777777777777776,neutral
VCCRGNVS,4,2,2,3,6,5,0.027777777777777776,neutral
SYVVGVCV,5,1,1,4,6,5,0.027777777777777776,neutral
CFNCYLFH,5,1,3,2,6,5,0.027777777777777776,neutral
LRHHCSFH,3,3,3,2,6,5,0.027777777777777776,neutral
VVYGGGHD,4,2,3,2,6,5,0.027777777777777776,neutral
LCLYGFGC,5,1,3,2,6,5,0.027777777777777776,neutral
NNSFCCCD,4,2,4,1,6,5,0.027777777777777776,neutral
RFGFNHGC,48,29,42,32,77,74,0.028037383177570093,neutral
LIDVRCGL,45,32,35,39,77,74,0.028037383177570093,neutral
YVCVDSCI,47,30,37,37,77,74,0.028037383177570093,neutral
CYGSCDCD,27,14,21,18,41,39,0.028169014084507043,neutral
IRLNSGCL,19,22,15,24,41,39,0.028169014084507043,neutral
CFGNFGRG,30,11,18,21,41,39,0.028169014084507043,neutral
LLRCGVSG,24,17,19,20,41,39,0.028169014084507043,neutral
CNSIIYCS,28,13,20,19,41,39,0.028169014084507043,neutral
CNCVDIRN,20,21,16,23,41,39,0.028169014084507043,neutral
CRVSGSYI,28,13,17,22,41,39,0.028169014084507043,neutral
CVIYGIRG,28,13,17,22,41,39,0.028169014084507043,neutral
GFDRVYSH,26,15,18,21,41,39,0.028169014084507043,neutral
VSHFGNLD,26,15,19,20,41,39,0.028169014084507043,neutral
VDGRFVFH,28,13,21,18,41,39,0.028169014084507043,neutral
FFFNNSGI,4,1,1,3,5,4,0.02857142857142857,neutral
CFIYLDFL,3,2,3,1,5,4,0.02857142857142857,neutral
CCFIRDGH,3,2,2,2,5,4,0.02857142857142857,neutral
DILCGCFH,3,2,1,3,5,4,0.02857142857142857,neutral
GRRSIDVC,5,0,4,0,5,4,0.02857142857142857,neutral
NIGGLFCG,2,3,0,4,5,4,0.02857142857142857,neutral
SCCGNYYL,3,2,1,3,5,4,0.02857142857142857,neutral
FCGCSFDY,4,1,2,2,5,4,0.02857142857142857,neutral
IIRIRRNF,22,18,16,22,40,38,0.02857142857142857,neutral
FYRCLCVS,2,3,2,2,5,4,0.02857142857142857,neutral
RNDCVFCL,5,0,0,4,5,4,0.02857142857142857,neutral
FGNCYCGS,24,16,20,18,40,38,0.02857142857142857,neutral
GYICGNCV,3,2,3,1,5,4,0.02857142857142857,neutral
DGYYVGSC,3,2,2,2,5,4,0.02857142857142857,neutral
ILSCNYGG,3,2,1,3,5,4,0.02857142857142857,neutral
YCHCFGVI,5,0,2,2,5,4,0.02857142857142857,neutral
CYRVRYLS,2,3,1,3,5,4,0.02857142857142857,neutral
IDVRVHCF,4,1,2,2,5,4,0.02857142857142857,neutral
YCNYVFCL,4,1,2,2,5,4,0.02857142857142857,neutral
GYVGYVIR,3,2,1,3,5,4,0.02857142857142857,neutral
VSYVHYVH,3,2,2,2,5,4,0.02857142857142857,neutral
VSVCNDCL,46,29,32,40,75,72,0.02857142857142857,neutral
VYFVGYDF,26,14,20,18,40,38,0.02857142857142857,neutral
VGFSVDGL,45,30,41,31,75,72,0.02857142857142857,neutral
HGGCCLIL,3,2,3,1,5,4,0.02857142857142857,neutral
YLHSVGGN,26,14,16,22,40,38,0.02857142857142857,neutral
NVNFFLGN,4,1,2,2,5,4,0.02857142857142857,neutral
DSCGVLVN,3,2,1,3,5,4,0.02857142857142857,neutral
YRYFCFLS,1,4,3,1,5,4,0.02857142857142857,neutral
DSFVRGHS,4,1,2,2,5,4,0.02857142857142857,neutral
FSYGLCGS,3,2,2,2,5,4,0.02857142857142857,neutral
FCNYCFSG,4,1,4,0,5,4,0.02857142857142857,neutral
LRGSFVHR,4,1,2,2,5,4,0.02857142857142857,neutral
LRFHGNHC,4,1,2,2,5,4,0.02857142857142857,neutral
LCHRGLNR,4,1,3,1,5,4,0.02857142857142857,neutral
CCFYFNVN,2,3,1,3,5,4,0.02857142857142857,neutral
GNNGRFFC,3,2,1,3,5,4,0.02857142857142857,neutral
HYFRVGLR,3,2,1,3,5,4,0.02857142857142857,neutral
FLVRDHVI,3,2,3,1,5,4,0.02857142857142857,neutral
FIVNVGGH,4,1,4,0,5,4,0.02857142857142857,neutral
RCCGFCRY,2,3,2,2,5,4,0.02857142857142857,neutral
CRRIINCC,3,2,2,2,5,4,0.02857142857142857,neutral
NCVVGLLC,4,1,2,2,5,4,0.02857142857142857,neutral
VGFLHSYG,2,3,0,4,5,4,0.02857142857142857,neutral
CCHGDRGV,4,1,2,2,5,4,0.02857142857142857,neutral
RCHGDLGG,44,30,36,35,74,71,0.028846153846153848,neutral
GVLSGGGG,21,18,21,16,39,37,0.028985507246376812,neutral
SFFVVSGV,24,15,19,18,39,37,0.028985507246376812,neutral
LDNLVVLG,27,12,13,24,39,37,0.028985507246376812,neutral
CRLRSLGG,19,20,15,22,39,37,0.028985507246376812,neutral
CIGVINCH,39,34,27,43,73,70,0.02912621359223301,neutral
IHICRGIN,43,30,41,29,73,70,0.02912621359223301,neutral
LNCDGFNH,42,31,29,41,73,70,0.02912621359223301,neutral
YNGGDYGC,24,14,18,18,38,36,0.029411764705882353,neutral
VLDLGSRY,2,2,1,2,4,3,0.029411764705882353,neutral
DFCCFVID,2,2,2,1,4,3,0.029411764705882353,neutral
RRLLFVGS,23,15,13,23,38,36,0.029411764705882353,neutral
FVVHGCVG,25,13,17,19,38,36,0.029411764705882353,neutral
SCCLRYSH,2,2,2,1,4,3,0.029411764705882353,neutral
CIVGDFNR,25,13,20,16,38,36,0.029411764705882353,neutral
HRFLDSDL,4,0,1,2,4,3,0.029411764705882353,neutral
YCCIIFFC,3,1,1,2,4,3,0.029411764705882353,neutral
VNCIRYLG,2,2,1,2,4,3,0.029411764705882353,neutral
SRHGSGGS,2,2,1,2,4,3,0.029411764705882353,neutral
RYHDSCVG,38,34,27,42,72,69,0.029411764705882353,neutral
RCLFVHHI,25,13,16,20,38,36,0.029411764705882353,neutral
NFFYVRCV,4,0,3,0,4,3,0.029411764705882353,neutral
FCFDIIYS,3,1,1,2,4,3,0.029411764705882353,neutral
CGRGSVVH,3,1,3,0,4,3,0.029411764705882353,neutral
GSCCDVCV,2,2,2,1,4,3,0.029411764705882353,neutral
CFYVNVSR,0,4,1,2,4,3,0.029411764705882353,neutral
RYYVNFIG,4,0,1,2,4,3,0.029411764705882353,neutral
CGDLLFLI,19,19,20,16,38,36,0.029411764705882353,neutral
SVCILRDV,25,13,12,24,38,36,0.029411764705882353,neutral
GNDCFSIC,25,13,23,13,38,36,0.029411764705882353,neutral
GFYYRLSR,1,3,2,1,4,3,0.029411764705882353,neutral
SRRIIGLF,1,3,0,3,4,3,0.029411764705882353,neutral
CYGDVCRG,3,1,3,0,4,3,0.029411764705882353,neutral
FCFSSHRY,3,1,2,1,4,3,0.029411764705882353,neutral
INICHDCC,2,2,0,3,4,3,0.029411764705882353,neutral
FGNVCDSY,2,2,1,2,4,3,0.029411764705882353,neutral
VFNGHSIF,4,0,0,3,4,3,0.029411764705882353,neutral
LDCDDHCD,4,0,1,2,4,3,0.029411764705882353,neutral
CCGHDVLI,4,0,2,1,4,3,0.029411764705882353,neutral
FRYFYFRR,3,1,1,2,4,3,0.029411764705882353,neutral
CDDGSGVL,3,1,3,0,4,3,0.029411764705882353,neutral
YFGINVID,2,2,1,2,4,3,0.029411764705882353,neutral
FRRCFDHS,44,28,42,27,72,69,0.029411764705882353,neutral
NFRRFFVG,2,2,2,1,4,3,0.029411764705882353,neutral
SLFCCYNG,3,1,2,1,4,3,0.029411764705882353,neutral
SGRCLYIF,3,1,1,2,4,3,0.029411764705882353,neutral
VCFGFDGH,3,1,3,0,4,3,0.029411764705882353,neutral
IILGCVRV,3,1,2,1,4,3,0.029411764705882353,neutral
FCGGGSVC,2,2,1,2,4,3,0.029411764705882353,neutral
YCCSFLVV,4,0,1,2,4,3,0.029411764705882353,neutral
CVFCDCDR,4,0,1,2,4,3,0.029411764705882353,neutral
FCCGRVGD,3,1,0,3,4,3,0.029411764705882353,neutral
LFGSSRRF,23,15,17,19,38,36,0.029411764705882353,neutral
VCIVLDRG,3,1,0,3,4,3,0.029411764705882353,neutral
CLISDSDH,45,27,35,34,72,69,0.029411764705882353,neutral
HCLGDCRD,3,1,1,2,4,3,0.029411764705882353,neutral
LDCVYSIS,2,2,3,0,4,3,0.029411764705882353,neutral
IICSYVGC,1,3,2,1,4,3,0.029411764705882353,neutral
CYCCVVCV,3,1,0,3,4,3,0.029411764705882353,neutral
RGCGGLVF,1,3,1,2,4,3,0.029411764705882353,neutral
FCLSNNSV,22,16,15,21,38,36,0.029411764705882353,neutral
CCGCGDLL,3,1,1,2,4,3,0.029411764705882353,neutral
DNLLVRIF,2,2,0,3,4,3,0.029411764705882353,neutral
RIIFDRID,3,1,0,3,4,3,0.029411764705882353,neutral
LYDYNSVF,3,1,1,2,4,3,0.029411764705882353,neutral
CYVLGYVL,2,2,2,1,4,3,0.029411764705882353,neutral
VCVCRGFL,4,0,0,3,4,3,0.029411764705882353,neutral
VCCFGGRD,41,31,38,31,72,69,0.029411764705882353,neutral
FHFCFGLL,1,3,2,1,4,3,0.029411764705882353,neutral
CDRCCCSG,2,2,1,2,4,3,0.029411764705882353,neutral
FGRCFVIG,3,1,1,2,4,3,0.029411764705882353,neutral
FCSGDVCS,3,1,3,0,4,3,0.029411764705882353,neutral
CYCYHLHG,3,1,0,3,4,3,0.029411764705882353,neutral
GRRIIIVN,3,1,0,3,4,3,0.029411764705882353,neutral
FCSLIFNR,41,30,26,42,71,68,0.0297029702970297,neutral
VNCVHCNR,60,44,47,53,104,100,0.029850746268656716,neutral
SFDLHVRD,20,17,20,15,37,35,0.029850746268656716,neutral
FIICNCNG,24,13,16,19,37,35,0.029850746268656716,neutral
RDVGFIVL,61,43,41,59,104,100,0.029850746268656716,neutral
GVFCVNVG,77,60,61,71,137,132,0.029940119760479042,neutral
LDGFCICG,42,28,28,39,70,67,0.03,neutral
CNVCIINR,43,27,39,28,70,67,0.03,neutral
ICFGHRRF,41,29,34,33,70,67,0.03,neutral
GCRHVGGF,42,28,32,35,70,67,0.03,neutral
VRIRSCIR,2,1,0,2,3,2,0.030303030303030304,neutral
FYDIVHDD,2,1,1,1,3,2,0.030303030303030304,neutral
HIYHNFVV,3,0,0,2,3,2,0.030303030303030304,neutral
DCVIRRRG,1,2,2,0,3,2,0.030303030303030304,neutral
FCDHVRIG,2,1,1,1,3,2,0.030303030303030304,neutral
NGDVFFFR,1,2,2,0,3,2,0.030303030303030304,neutral
LFVGGFGV,2,1,0,2,3,2,0.030303030303030304,neutral
SFDDGRVD,2,1,2,0,3,2,0.030303030303030304,neutral
CYRGCNRV,2,1,1,1,3,2,0.030303030303030304,neutral
DRLRGLLF,3,0,1,1,3,2,0.030303030303030304,neutral
CYGCFFDL,1,2,0,2,3,2,0.030303030303030304,neutral
VNVCVYRS,1,2,0,2,3,2,0.030303030303030304,neutral
FFFCGYGD,2,1,1,1,3,2,0.030303030303030304,neutral
FYHRLVGD,1,2,1,1,3,2,0.030303030303030304,neutral
FHYSGRRH,2,1,1,1,3,2,0.030303030303030304,neutral
RYLCHHCY,2,1,1,1,3,2,0.030303030303030304,neutral
LVSLDHNC,1,2,1,1,3,2,0.030303030303030304,neutral
CVYCRHGC,3,0,1,1,3,2,0.030303030303030304,neutral
VDCYSLYL,2,1,2,0,3,2,0.030303030303030304,neutral
VCGCGVYC,1,2,0,2,3,2,0.030303030303030304,neutral
CSGCIIVV,2,1,0,2,3,2,0.030303030303030304,neutral
FCLGCDVH,2,1,2,0,3,2,0.030303030303030304,neutral
GVRCYYCF,3,0,0,2,3,2,0.030303030303030304,neutral
CSIVIGCH,2,1,0,2,3,2,0.030303030303030304,neutral
FFGVRCSR,3,0,1,1,3,2,0.030303030303030304,neutral
FCGFHGFF,1,2,2,0,3,2,0.030303030303030304,neutral
LRVCCYRD,1,2,1,1,3,2,0.030303030303030304,neutral
RGLRGFDS,1,2,2,0,3,2,0.030303030303030304,neutral
FFYLCSSG,3,0,0,2,3,2,0.030303030303030304,neutral
RFRLRYRC,3,0,2,0,3,2,0.030303030303030304,neutral
GRIILVCY,1,2,2,0,3,2,0.030303030303030304,neutral
NNLHFSDY,3,0,1,1,3,2,0.030303030303030304,neutral
IVIICVVF,2,1,0,2,3,2,0.030303030303030304,neutral
YFGRHSHC,1,2,2,0,3,2,0.030303030303030304,neutral
NCNHIRGH,2,1,0,2,3,2,0.030303030303030304,neutral
GICLSFYC,0,3,0,2,3,2,0.030303030303030304,neutral
IRCCVCYI,2,1,1,1,3,2,0.030303030303030304,neutral
RCCGIDLV,2,1,1,1,3,2,0.030303030303030304,neutral
FGNIYFGC,3,0,1,1,3,2,0.030303030303030304,neutral
YFFCIDII,2,1,0,2,3,2,0.030303030303030304,neutral
ISCRRHGL,1,2,1,1,3,2,0.030303030303030304,neutral
CDHCVNYV,2,1,0,2,3,2,0.030303030303030304,neutral
CIIYGDDI,2,1,2,0,3,2,0.030303030303030304,neutral
DYVLFVCN,2,1,1,1,3,2,0.030303030303030304,neutral
RCCFGHDY,1,2,0,2,3,2,0.030303030303030304,neutral
CYYRHVGL,3,0,2,0,3,2,0.030303030303030304,neutral
FHCSSRVV,2,1,1,1,3,2,0.030303030303030304,neutral
FCRGRCYC,2,1,0,2,3,2,0.030303030303030304,neutral
GHCDHGLY,3,0,0,2,3,2,0.030303030303030304,neutral
FIGLFGID,1,2,0,2,3,2,0.030303030303030304,neutral
VIFVYCLS,3,0,1,1,3,2,0.030303030303030304,neutral
VCVCRDLC,2,1,2,0,3,2,0.030303030303030304,neutral
FGICSHCG,0,3,0,2,3,2,0.030303030303030304,neutral
FYVSLIGS,26,10,20,14,36,34,0.030303030303030304,neutral
ICGSISCD,43,26,35,31,69,66,0.030303030303030304,neutral
HCIYRFCS,3,0,2,0,3,2,0.030303030303030304,neutral
CRSIVIHN,2,1,1,1,3,2,0.030303030303030304,neutral
DYVVGILS,2,1,2,0,3,2,0.030303030303030304,neutral
YVSVNGLI,43,26,32,34,69,66,0.030303030303030304,neutral
FFVFVYNS,1,2,1,1,3,2,0.030303030303030304,neutral
GYGVSGLS,3,0,2,0,3,2,0.030303030303030304,neutral
SSFVVFGV,1,2,0,2,3,2,0.030303030303030304,neutral
CDVCVRID,1,2,1,1,3,2,0.030303030303030304,neutral
CDGGRCSL,2,1,0,2,3,2,0.030303030303030304,neutral
VVVFHYYS,1,2,0,2,3,2,0.030303030303030304,neutral
CYVHCYVR,3,0,1,1,3,2,0.030303030303030304,neutral
YRHSDGNF,24,12,13,21,36,34,0.030303030303030304,neutral
YNFGLFSC,2,1,1,1,3,2,0.030303030303030304,neutral
VCDRNVSG,0,3,2,0,3,2,0.030303030303030304,neutral
CCDIYNLC,1,2,1,1,3,2,0.030303030303030304,neutral
RHFLVCNF,1,2,2,0,3,2,0.030303030303030304,neutral
RGSICCHI,3,0,1,1,3,2,0.030303030303030304,neutral
CVCFSVFG,1,2,0,2,3,2,0.030303030303030304,neutral
FVGGCDGH,1,2,1,1,3,2,0.030303030303030304,neutral
YIVLYCSL,2,1,0,2,3,2,0.030303030303030304,neutral
YGGNSYSS,2,1,1,1,3,2,0.030303030303030304,neutral
CFVVVGGD,1,2,2,0,3,2,0.030303030303030304,neutral
GYFYFHFC,1,2,1,1,3,2,0.030303030303030304,neutral
VHRRGCSG,0,3,0,2,3,2,0.030303030303030304,neutral
CVLSCLLL,1,2,1,1,3,2,0.030303030303030304,neutral
FYSNFCVL,1,2,0,2,3,2,0.030303030303030304,neutral
ICYSSVCI,2,1,1,1,3,2,0.030303030303030304,neutral
FFIFNSIG,2,1,1,1,3,2,0.030303030303030304,neutral
VCSGDVCI,2,1,1,1,3,2,0.030303030303030304,neutral
FHRFGGGF,2,1,1,1,3,2,0.030303030303030304,neutral
GIFFYGIS,2,1,2,0,3,2,0.030303030303030304,neutral
GCDYFNRG,1,2,0,2,3,2,0.030303030303030304,neutral
RYCVDFNH,2,1,1,1,3,2,0.030303030303030304,neutral
CFRYVGLS,3,0,0,2,3,2,0.030303030303030304,neutral
DFVRCFDL,3,0,0,2,3,2,0.030303030303030304,neutral
FFGVGDRR,0,3,1,1,3,2,0.030303030303030304,neutral
FRLCGYYH,2,1,1,1,3,2,0.030303030303030304,neutral
VIDDDSDY,2,1,1,1,3,2,0.030303030303030304,neutral
CHFSGCCN,1,2,1,1,3,2,0.030303030303030304,neutral
FCGGRFLS,0,3,1,1,3,2,0.030303030303030304,neutral
CCHRHSVC,2,1,0,2,3,2,0.030303030303030304,neutral
VFIGNDHG,2,1,1,1,3,2,0.030303030303030304,neutral
RCGVVNCV,1,2,0,2,3,2,0.030303030303030304,neutral
FYRHGYSN,0,3,1,1,3,2,0.030303030303030304,neutral
YNDFGHFV,2,1,0,2,3,2,0.030303030303030304,neutral
RVCHFYIV,2,1,0,2,3,2,0.030303030303030304,neutral
FVVSDVRY,2,1,2,0,3,2,0.030303030303030304,neutral
GCGCGVYC,2,1,1,1,3,2,0.030303030303030304,neutral
FYISFGGH,2,1,1,1,3,2,0.030303030303030304,neutral
GCGGRIIV,1,2,1,1,3,2,0.030303030303030304,neutral
DNSLCGGG,1,2,1,1,3,2,0.030303030303030304,neutral
LVVDRIIS,3,0,2,0,3,2,0.030303030303030304,neutral
VFRGLDYD,2,1,1,1,3,2,0.030303030303030304,neutral
YCDIVSCR,3,0,1,1,3,2,0.030303030303030304,neutral
LCFFRYHS,2,1,1,1,3,2,0.030303030303030304,neutral
FCVRSVSC,2,1,1,1,3,2,0.030303030303030304,neutral
FCRFGCGV,2,1,1,1,3,2,0.030303030303030304,neutral
VCSHVSIV,2,1,1,1,3,2,0.030303030303030304,neutral
FCYRHDDY,2,1,1,1,3,2,0.030303030303030304,neutral
GRRFISSL,2,1,2,0,3,2,0.030303030303030304,neutral
VICFCGSS,3,0,1,1,3,2,0.030303030303030304,neutral
RGCRFFDC,0,3,0,2,3,2,0.030303030303030304,neutral
CIRYIIVC,2,1,1,1,3,2,0.030303030303030304,neutral
VSDYGGVV,38,31,25,41,69,66,0.030303030303030304,neutral
CYCGSVNC,1,2,1,1,3,2,0.030303030303030304,neutral
VYVNFCSD,3,0,1,1,3,2,0.030303030303030304,neutral
VVDHFVVG,3,0,2,0,3,2,0.030303030303030304,neutral
CRRIVSSL,2,1,1,1,3,2,0.030303030303030304,neutral
FFSNGFRS,3,0,1,1,3,2,0.030303030303030304,neutral
SYGLIINV,2,1,0,2,3,2,0.030303030303030304,neutral
IFFVDSSR,1,2,0,2,3,2,0.030303030303030304,neutral
GNGCNVNC,1,2,1,1,3,2,0.030303030303030304,neutral
GFRFVIRY,0,3,0,2,3,2,0.030303030303030304,neutral
FSGFGVCG,3,0,1,1,3,2,0.030303030303030304,neutral
RVCLCDNF,2,1,1,1,3,2,0.030303030303030304,neutral
VGNCGYCI,1,2,0,2,3,2,0.030303030303030304,neutral
IDGDRLCF,2,1,1,1,3,2,0.030303030303030304,neutral
CFHNSSIC,2,1,1,1,3,2,0.030303030303030304,neutral
CDFRDNSH,2,1,2,0,3,2,0.030303030303030304,neutral
CRRIVSDY,1,2,2,0,3,2,0.030303030303030304,neutral
YNLLDLLR,3,0,2,0,3,2,0.030303030303030304,neutral
CCIRGSYH,2,1,1,1,3,2,0.030303030303030304,neutral
HFDLSHVS,1,2,0,2,3,2,0.030303030303030304,neutral
CCRYVCGD,2,1,1,1,3,2,0.030303030303030304,neutral
VYSGFDNC,2,1,1,1,3,2,0.030303030303030304,neutral
NLCVIYVH,1,2,1,1,3,2,0.030303030303030304,neutral
IFGGDSDC,2,1,1,1,3,2,0.030303030303030304,neutral
FCVICGDV,2,1,2,0,3,2,0.030303030303030304,neutral
NYGCILSF,2,1,0,2,3,2,0.030303030303030304,neutral
CSGFYFFC,1,2,0,2,3,2,0.030303030303030304,neutral
CYSLGCVH,2,1,2,0,3,2,0.030303030303030304,neutral
FCDNGHRV,2,1,2,0,3,2,0.030303030303030304,neutral
ICHGYNGL,2,1,1,1,3,2,0.030303030303030304,neutral
LCDHSCHR,1,2,1,1,3,2,0.030303030303030304,neutral
DLVRSYSV,1,2,1,1,3,2,0.030303030303030304,neutral
DVVVVIYG,2,1,2,0,3,2,0.030303030303030304,neutral
FYCSDGCD,2,1,1,1,3,2,0.030303030303030304,neutral
FYDGCDGG,2,1,1,1,3,2,0.030303030303030304,neutral
VCVRSSRG,2,1,1,1,3,2,0.030303030303030304,neutral
CSGVRVCG,3,0,2,0,3,2,0.030303030303030304,neutral
CDVIGDGI,3,0,0,2,3,2,0.030303030303030304,neutral
VYHGRDVH,3,0,2,0,3,2,0.030303030303030304,neutral
YRGDDRHV,3,0,0,2,3,2,0.030303030303030304,neutral
VGCGCVFH,22,14,14,20,36,34,0.030303030303030304,neutral
IVFCCVSV,0,3,0,2,3,2,0.030303030303030304,neutral
YDRRFNLV,3,0,1,1,3,2,0.030303030303030304,neutral
GHGIFDFC,1,2,1,1,3,2,0.030303030303030304,neutral
HCHVYVHG,3,0,1,1,3,2,0.030303030303030304,neutral
FFVNVRSI,2,1,1,1,3,2,0.030303030303030304,neutral
FVFGCGHD,1,2,2,0,3,2,0.030303030303030304,neutral
GGFCILGS,3,0,1,1,3,2,0.030303030303030304,neutral
FLSDGCRV,3,0,1,1,3,2,0.030303030303030304,neutral
VCVHGCGG,1,2,1,1,3,2,0.030303030303030304,neutral
YCCHGIGY,2,1,2,0,3,2,0.030303030303030304,neutral
CGVVLFGC,3,0,1,1,3,2,0.030303030303030304,neutral
CCSRGVFL,0,3,0,2,3,2,0.030303030303030304,neutral
DVHGRGFH,59,42,49,48,101,97,0.030534351145038167,neutral
CDISCHIH,40,28,28,37,68,65,0.030612244897959183,neutral
SVLCNVLR,26,9,12,21,35,33,0.03076923076923077,neutral
RRCIHRRS,25,10,14,19,35,33,0.03076923076923077,neutral
RFSRNGGV,19,16,15,18,35,33,0.03076923076923077,neutral
FFDDRGCS,22,13,19,14,35,33,0.03076923076923077,neutral
VVNFHIND,22,13,20,13,35,33,0.03076923076923077,neutral
NSFGLCHR,23,12,19,14,35,33,0.03076923076923077,neutral
FIGCVCNG,19,15,17,15,34,32,0.03125,neutral
GVSLCVYS,54,44,45,49,98,94,0.03125,neutral
ILHNRGCC,50,48,51,43,98,94,0.03125,neutral
CFRYNNGV,26,8,19,13,34,32,0.03125,neutral
GGCVIYGH,104,89,88,98,193,186,0.03139013452914798,neutral
VGVFDING,40,25,29,33,65,62,0.031578947368421054,neutral
YCNVVDGV,41,24,32,30,65,62,0.031578947368421054,neutral
NVCCHRVD,39,26,25,37,65,62,0.031578947368421054,neutral
FVDFVCCS,24,9,16,15,33,31,0.031746031746031744,neutral
GFSNIGCS,23,10,11,20,33,31,0.031746031746031744,neutral
DCRYLGGI,19,14,11,20,33,31,0.031746031746031744,neutral
FCGNRSFC,38,26,30,31,64,61,0.031914893617021274,neutral
INHRCYIL,37,27,24,37,64,61,0.031914893617021274,neutral
SVLFSNIH,27,37,33,28,64,61,0.031914893617021274,neutral
FYDNYVFL,21,11,15,15,32,30,0.03225806451612903,neutral
FGYCNYVC,54,40,39,51,94,90,0.03225806451612903,neutral
VLSCVLRD,36,27,28,32,63,60,0.03225806451612903,neutral
CCISGLGR,55,39,42,48,94,90,0.03225806451612903,neutral
HGFGCCGV,18,14,11,19,32,30,0.03225806451612903,neutral
VFDCFFHV,21,11,12,18,32,30,0.03225806451612903,neutral
YNVCVSCV,21,11,12,18,32,30,0.03225806451612903,neutral
YSRHDVDS,18,14,21,9,32,30,0.03225806451612903,neutral
SCGLSRCG,38,25,27,33,63,60,0.03225806451612903,neutral
FGSCCRDL,39,24,29,31,63,60,0.03225806451612903,neutral
VLGRGGYL,20,12,16,14,32,30,0.03225806451612903,neutral
NRFRCNCR,16,16,15,15,32,30,0.03225806451612903,neutral
FDDGLVDV,18,14,14,16,32,30,0.03225806451612903,neutral
LDSSHHFD,21,11,11,19,32,30,0.03225806451612903,neutral
HNFSGCHG,52,41,44,45,93,89,0.032520325203252036,neutral
GYCGVGSC,38,24,29,30,62,59,0.03260869565217391,neutral
HFVFGSCL,35,27,32,27,62,59,0.03260869565217391,neutral
CDVNNHHN,38,24,31,28,62,59,0.03260869565217391,neutral
VICGNRDR,16,15,15,14,31,29,0.03278688524590164,neutral
IFYFSRLH,23,8,11,18,31,29,0.03278688524590164,neutral
YRDGCGSI,22,9,13,16,31,29,0.03278688524590164,neutral
HNCGLGLS,20,11,16,13,31,29,0.03278688524590164,neutral
GICNNFNN,22,9,14,15,31,29,0.03278688524590164,neutral
SYGHGHGF,23,8,17,12,31,29,0.03278688524590164,neutral
NCDRNGIR,20,11,11,18,31,29,0.03278688524590164,neutral
VCHRHCGD,23,8,18,11,31,29,0.03278688524590164,neutral
GHCSDCIV,17,14,10,19,31,29,0.03278688524590164,neutral
CFNNNIRL,19,12,15,14,31,29,0.03278688524590164,neutral
VGDFCCFL,35,26,30,28,61,58,0.03296703296703297,neutral
IRLLDCRG,37,23,24,33,60,57,0.03333333333333333,neutral
IFCLDYGF,15,15,17,11,30,28,0.03333333333333333,neutral
CYGVHYLI,21,9,13,15,30,28,0.03333333333333333,neutral
DGFVCHGH,19,11,11,17,30,28,0.03333333333333333,neutral
SSIRVHNC,19,11,14,14,30,28,0.03333333333333333,neutral
RVCRVDCV,17,13,10,18,30,28,0.03333333333333333,neutral
FNNSDGLG,19,11,16,12,30,28,0.03333333333333333,neutral
YDCSDRYD,22,8,12,16,30,28,0.03333333333333333,neutral
FVHGFCYL,20,10,16,12,30,28,0.03333333333333333,neutral
HYGFVFSG,37,23,31,26,60,57,0.03333333333333333,neutral
GNCLRHCF,37,23,27,30,60,57,0.03333333333333333,neutral
FLLRDVRD,67,52,55,59,119,114,0.03355704697986577,neutral
SDCVFVSG,51,38,37,48,89,85,0.03361344537815126,neutral
FRRGGFSF,54,35,49,36,89,85,0.03361344537815126,neutral
GVLFNLHC,54,35,40,45,89,85,0.03361344537815126,neutral
SLCVNHLV,27,32,33,23,59,56,0.033707865168539325,neutral
FFGICRHV,37,22,23,33,59,56,0.033707865168539325,neutral
YNFDLCLS,35,24,27,29,59,56,0.033707865168539325,neutral
NYVRIRRV,36,23,25,31,59,56,0.033707865168539325,neutral
FSSDGHHY,19,10,12,15,29,27,0.03389830508474576,neutral
DYGFISSL,18,11,13,14,29,27,0.03389830508474576,neutral
RFCNGFVR,16,13,11,16,29,27,0.03389830508474576,neutral
CSNVRGVS,53,35,38,46,88,84,0.03389830508474576,neutral
VSVCLGGS,17,12,14,13,29,27,0.03389830508474576,neutral
NCVCDIRL,37,21,26,29,58,55,0.03409090909090909,neutral
CCHVDHCG,35,23,19,36,58,55,0.03409090909090909,neutral
NCCLVHDV,30,28,25,30,58,55,0.03409090909090909,neutral
NCDCRYGD,34,24,26,29,58,55,0.03409090909090909,neutral
YLDGIVGG,36,22,27,28,58,55,0.03409090909090909,neutral
NLYRCVGG,51,36,37,46,87,83,0.03418803418803419,neutral
LCHDSGCV,50,36,37,45,86,82,0.034482758620689655,neutral
HVFLNIIG,35,22,25,29,57,54,0.034482758620689655,neutral
CCIRRCVN,16,12,17,9,28,26,0.034482758620689655,neutral
CGCSGSVG,19,9,11,15,28,26,0.034482758620689655,neutral
GLVFRYRN,15,13,8,18,28,26,0.034482758620689655,neutral
FCNRVGNG,52,33,31,50,85,81,0.034782608695652174,neutral
VRDYDRHL,26,30,20,33,56,53,0.03488372093023256,neutral
GYHSVCGG,30,26,34,19,56,53,0.03488372093023256,neutral
CCDCSNYG,33,23,25,28,56,53,0.03488372093023256,neutral
FRVIGSIC,49,35,42,38,84,80,0.03508771929824561,neutral
FRVCCLSS,18,9,11,14,27,25,0.03508771929824561,neutral
FSDSDCCG,16,11,8,17,27,25,0.03508771929824561,neutral
VHGCRLCY,17,10,14,11,27,25,0.03508771929824561,neutral
NDVGGFGI,21,6,13,12,27,25,0.03508771929824561,neutral
HDGRDHFD,47,37,39,41,84,80,0.03508771929824561,neutral
RNFGHDFH,20,7,10,15,27,25,0.03508771929824561,neutral
VVCGLRCV,19,8,16,9,27,25,0.03508771929824561,neutral
GHDLLYGD,18,9,13,12,27,25,0.03508771929824561,neutral
CGLVNGCD,35,20,27,25,55,52,0.03529411764705882,neutral
SILRVFGC,34,21,23,29,55,52,0.03529411764705882,neutral
IDFCHCHS,31,24,22,30,55,52,0.03529411764705882,neutral
HCIFHVRG,48,35,37,42,83,79,0.035398230088495575,neutral
CSSRCRDS,35,19,28,23,54,51,0.03571428571428571,neutral
SGGDYVRF,34,20,22,29,54,51,0.03571428571428571,neutral
GLVSLDHV,16,10,8,16,26,24,0.03571428571428571,neutral
GCFDLYYC,16,10,10,14,26,24,0.03571428571428571,neutral
YIFGLCHG,14,12,16,8,26,24,0.03571428571428571,neutral
FSDCFVCF,15,11,13,11,26,24,0.03571428571428571,neutral
DDVYGDIR,18,8,9,15,26,24,0.03571428571428571,neutral
LFGGLLGV,47,35,37,41,82,78,0.03571428571428571,neutral
LHCVRYGI,20,6,10,14,26,24,0.03571428571428571,neutral
VDYNDRCC,15,11,11,13,26,24,0.03571428571428571,neutral
CLSISLSR,43,39,35,43,82,78,0.03571428571428571,neutral
NDYHNLSH,63,46,43,61,109,104,0.03597122302158273,neutral
DHLCDSVG,64,45,49,55,109,104,0.03597122302158273,neutral
RYDVFCRV,49,32,37,40,81,77,0.036036036036036036,neutral
ILNVSRGL,49,32,40,37,81,77,0.036036036036036036,neutral
IVRLYRNV,33,20,24,26,53,50,0.03614457831325301,neutral
ISRFLRCR,36,17,25,25,53,50,0.03614457831325301,neutral
VLRCGDSY,60,48,44,59,108,103,0.036231884057971016,neutral
RCRSYHGR,14,11,14,9,25,23,0.03636363636363636,neutral
NRFRFCFG,17,8,9,14,25,23,0.03636363636363636,neutral
YLHSICVV,21,4,8,15,25,23,0.03636363636363636,neutral
VYDGFCGF,17,8,8,15,25,23,0.03636363636363636,neutral
FYDFVYDG,12,13,11,12,25,23,0.03636363636363636,neutral
CNGFYVGG,43,37,37,39,80,76,0.03636363636363636,neutral
CVHFGNVN,14,11,11,12,25,23,0.03636363636363636,neutral
YCFCGGLH,21,4,12,11,25,23,0.03636363636363636,neutral
FVGLGGRD,17,8,6,17,25,23,0.03636363636363636,neutral
FSCIHRGD,13,12,11,12,25,23,0.03636363636363636,neutral
YSGICFFC,20,5,6,17,25,23,0.03636363636363636,neutral
SLCSGLGI,15,10,8,15,25,23,0.03636363636363636,neutral
HFGFVFDD,17,8,6,17,25,23,0.03636363636363636,neutral
FFLSDFLR,14,11,12,11,25,23,0.03636363636363636,neutral
VIDVVGCV,21,4,8,15,25,23,0.03636363636363636,neutral
SCGVGSFI,20,5,9,14,25,23,0.03636363636363636,neutral
NSVGYIVR,62,45,47,55,107,102,0.0364963503649635,neutral
VSRFCIFG,33,19,23,26,52,49,0.036585365853658534,neutral
NYVVSNRL,29,23,22,27,52,49,0.036585365853658534,neutral
DCCGGYSG,45,34,40,35,79,75,0.03669724770642202,neutral
GFHFRVGC,11,13,13,9,24,22,0.037037037037037035,neutral
RDYRNFSN,48,30,46,28,78,74,0.037037037037037035,neutral
NICSCVIH,13,11,8,14,24,22,0.037037037037037035,neutral
NGDICDLC,31,20,23,25,51,48,0.037037037037037035,neutral
RHLIVGCR,30,21,24,24,51,48,0.037037037037037035,neutral
CVVFYYGR,20,4,11,11,24,22,0.037037037037037035,neutral
SRDCYGNI,31,20,21,27,51,48,0.037037037037037035,neutral
YGNSICVG,29,22,24,24,51,48,0.037037037037037035,neutral
CVSVGFHD,17,7,11,11,24,22,0.037037037037037035,neutral
HCCDRHVL,13,11,14,8,24,22,0.037037037037037035,neutral
CSDSCIGH,28,23,26,22,51,48,0.037037037037037035,neutral
GGYCSRFG,16,8,11,11,24,22,0.037037037037037035,neutral
VVGCFRIV,51,53,55,44,104,99,0.03731343283582089,neutral
CVSVGFVI,60,44,44,55,104,99,0.03731343283582089,neutral
ISRFYRVI,34,16,25,22,50,47,0.0375,neutral
SNDSVCFN,28,22,19,28,50,47,0.0375,neutral
NVLYHSVH,29,21,24,23,50,47,0.0375,neutral
CYDHHDRV,29,21,20,27,50,47,0.0375,neutral
LSRSGLLG,32,18,23,24,50,47,0.0375,neutral
GISCNLHI,33,17,25,22,50,47,0.0375,neutral
GFGNRSVF,34,16,22,25,50,47,0.0375,neutral
YIVGLGRI,59,44,58,40,103,98,0.03759398496240601,neutral
SNLCVGHS,14,9,7,14,23,21,0.03773584905660377,neutral
SCFCHISL,14,9,10,11,23,21,0.03773584905660377,neutral
GFDVCGRI,11,12,7,14,23,21,0.03773584905660377,neutral
LNSSYRSG,28,21,25,21,49,46,0.0379746835443038,neutral
FGNDVCVD,28,21,29,17,49,46,0.0379746835443038,neutral
VFRFIGNG,31,18,27,19,49,46,0.0379746835443038,neutral
CVVGSFVL,45,30,38,33,75,71,0.0380952380952381,neutral
ICVDGCCC,17,5,11,9,22,20,0.038461538461538464,neutral
IFGVCCDF,16,6,10,10,22,20,0.038461538461538464,neutral
IYDGLLCC,13,9,13,7,22,20,0.038461538461538464,neutral
CRYYVCYD,17,5,9,11,22,20,0.038461538461538464,neutral
VSCISHSV,29,19,17,28,48,45,0.038461538461538464,neutral
YLGLRVLH,11,11,8,12,22,20,0.038461538461538464,neutral
DRHSFGLH,45,29,35,35,74,70,0.038461538461538464,neutral
FHCDGCVC,15,7,10,10,22,20,0.038461538461538464,neutral
IRNYCGNS,13,9,9,11,22,20,0.038461538461538464,neutral
ICRDCDIH,18,4,10,10,22,20,0.038461538461538464,neutral
LCFRHNRC,15,7,11,9,22,20,0.038461538461538464,neutral
FCRDICHG,28,20,22,23,48,45,0.038461538461538464,neutral
HYGGRGLV,38,36,40,30,74,70,0.038461538461538464,neutral
GDLGDGVG,57,42,49,45,99,94,0.03875968992248062,neutral
DLRRYCII,55,44,44,50,99,94,0.03875968992248062,neutral
GGRVHLGI,43,30,38,31,73,69,0.038834951456310676,neutral
ILVCVGDD,32,15,19,25,47,44,0.03896103896103896,neutral
CRRRFGIG,31,16,18,26,47,44,0.03896103896103896,neutral
IGNSHRVD,29,18,23,21,47,44,0.03896103896103896,neutral
FFGVLDLH,32,15,24,20,47,44,0.03896103896103896,neutral
YFSYIIRH,29,18,23,21,47,44,0.03896103896103896,neutral
YRGFGHRG,28,19,20,24,47,44,0.03896103896103896,neutral
NNIVFGCD,22,25,23,21,47,44,0.03896103896103896,neutral
LGCCVVGG,30,17,18,26,47,44,0.03896103896103896,neutral
IRCLDLGI,16,5,7,12,21,19,0.0392156862745098,neutral
DLRGFVSG,12,9,9,10,21,19,0.0392156862745098,neutral
FGRSICGV,15,6,10,9,21,19,0.0392156862745098,neutral
FGCCIIHS,42,30,31,37,72,68,0.0392156862745098,neutral
FYFGIRII,15,6,8,11,21,19,0.0392156862745098,neutral
GNGLVCYV,10,11,7,12,21,19,0.0392156862745098,neutral
DIVLLSRV,16,5,8,11,21,19,0.0392156862745098,neutral
FCLLVGHS,13,8,6,13,21,19,0.0392156862745098,neutral
VFCCGGCG,7,14,8,11,21,19,0.0392156862745098,neutral
GVNRGCCD,11,10,5,14,21,19,0.0392156862745098,neutral
IGFISFLH,45,27,32,36,72,68,0.0392156862745098,neutral
HNVDGSCN,44,28,28,40,72,68,0.0392156862745098,neutral
FISCIHDY,11,10,7,12,21,19,0.0392156862745098,neutral
CDFVGGHG,57,40,43,49,97,92,0.03937007874015748,neutral
LCLGDCGG,46,51,40,52,97,92,0.03937007874015748,neutral
SGCFSGGG,94,79,84,81,173,165,0.03940886699507389,neutral
YSFSVVSV,32,14,17,26,46,43,0.039473684210526314,neutral
FCNLHLRF,30,16,19,24,46,43,0.039473684210526314,neutral
YRVRVYDN,27,19,19,24,46,43,0.039473684210526314,neutral
GHNGGSVD,23,23,27,16,46,43,0.039473684210526314,neutral
RSLYSYRI,41,30,33,34,71,67,0.039603960396039604,neutral
FNSGLIIL,41,30,31,36,71,67,0.039603960396039604,neutral
CLVRYDSN,41,30,40,27,71,67,0.039603960396039604,neutral
RIVNLCVR,40,31,29,38,71,67,0.039603960396039604,neutral
VLCFNVNC,39,32,32,35,71,67,0.039603960396039604,neutral
CDSCLGHS,13,7,13,5,20,18,0.04,neutral
FDLRVNGV,12,8,7,11,20,18,0.04,neutral
SFRIDRIG,38,32,28,38,70,66,0.04,neutral
LGHYVLGI,16,4,7,11,20,18,0.04,neutral
VVSYRICG,12,8,10,8,20,18,0.04,neutral
GIGIRFRH,43,27,39,27,70,66,0.04,neutral
FFHHGSFL,13,7,11,7,20,18,0.04,neutral
IFIVSRDG,44,26,36,30,70,66,0.04,neutral
FDCHCINV,13,7,9,9,20,18,0.04,neutral
YNFGVVVG,40,30,33,33,70,66,0.04,neutral
VLNDINGC,22,23,20,22,45,42,0.04,neutral
GLRVFNGG,29,16,20,22,45,42,0.04,neutral
GNFSNGVS,11,9,7,11,20,18,0.04,neutral
RRGVGYHF,56,39,48,42,95,90,0.04,neutral
CNFHDGHS,12,8,10,8,20,18,0.04,neutral
VIRCVDDD,56,38,43,46,94,89,0.04032258064516129,neutral
RGVHRGHV,42,27,35,30,69,65,0.04040404040404041,neutral
HLGHGFGS,40,29,27,38,69,65,0.04040404040404041,neutral
FFNFCRIS,30,14,18,23,44,41,0.04054054054054054,neutral
CDLSNIDL,30,14,15,26,44,41,0.04054054054054054,neutral
YVVCNDIR,28,16,21,20,44,41,0.04054054054054054,neutral
VLLFHDFS,27,17,13,28,44,41,0.04054054054054054,neutral
FGSYCYLI,26,18,14,27,44,41,0.04054054054054054,neutral
VLNVRNFD,27,17,14,27,44,41,0.04054054054054054,neutral
NDGVDYIH,28,16,19,22,44,41,0.04054054054054054,neutral
GCLRNDVG,51,42,42,46,93,88,0.04065040650406504,neutral
GLVVRNSF,9,10,6,11,19,17,0.04081632653061224,neutral
GVIRGFVG,40,28,32,32,68,64,0.04081632653061224,neutral
RYRVGSGY,13,6,8,9,19,17,0.04081632653061224,neutral
NGCLYNSN,6,13,6,11,19,17,0.04081632653061224,neutral
HFRGCICS,42,26,29,35,68,64,0.04081632653061224,neutral
NLSIGFRD,15,4,8,9,19,17,0.04081632653061224,neutral
LVCFRNNR,11,8,7,10,19,17,0.04081632653061224,neutral
DCVFRSVC,14,5,11,6,19,17,0.04081632653061224,neutral
FGGNLGHC,14,5,8,9,19,17,0.04081632653061224,neutral
FNVDDGYN,14,5,7,10,19,17,0.04081632653061224,neutral
LCDCFGRS,11,8,8,9,19,17,0.04081632653061224,neutral
RSFVFSIS,14,5,7,10,19,17,0.04081632653061224,neutral
VCFYGISL,10,9,7,10,19,17,0.04081632653061224,neutral
SCVSVGLI,40,28,35,29,68,64,0.04081632653061224,neutral
IGLFNSVH,13,6,10,7,19,17,0.04081632653061224,neutral
FNCCLIHC,12,7,7,10,19,17,0.04081632653061224,neutral
DCRSGVLG,7,12,9,8,19,17,0.04081632653061224,neutral
LYCVNVLH,12,7,9,8,19,17,0.04081632653061224,neutral
YLRGYCCI,14,5,9,8,19,17,0.04081632653061224,neutral
VCDNVGVD,55,37,44,43,92,87,0.040983606557377046,neutral
FVNNCVYH,25,18,16,24,43,40,0.0410958904109589,neutral
VRNVLSCY,28,15,22,18,43,40,0.0410958904109589,neutral
FGGRIGLL,25,18,16,24,43,40,0.0410958904109589,neutral
CRYFRVRR,38,29,31,32,67,63,0.041237113402061855,neutral
VISRICVN,51,40,41,45,91,86,0.04132231404958678,neutral
NDFVGIVC,55,36,45,41,91,86,0.04132231404958678,neutral
LRVLSGGS,67,48,57,52,115,109,0.041379310344827586,neutral
RRSCLCVC,14,4,6,10,18,16,0.041666666666666664,neutral
DFDSFNCG,8,10,10,6,18,16,0.041666666666666664,neutral
ILCLDVVV,14,4,10,6,18,16,0.041666666666666664,neutral
LFHHIFLG,13,5,6,10,18,16,0.041666666666666664,neutral
DNSCVHDV,13,5,7,9,18,16,0.041666666666666664,neutral
HISIGVVG,54,36,36,49,90,85,0.041666666666666664,neutral
FLVRCRNC,49,41,42,43,90,85,0.041666666666666664,neutral
LRHVSVGY,10,8,10,6,18,16,0.041666666666666664,neutral
FRGDNRGG,47,43,40,45,90,85,0.041666666666666664,neutral
RNFRFGLG,30,12,20,19,42,39,0.041666666666666664,neutral
NDGDLDVY,9,9,8,8,18,16,0.041666666666666664,neutral
VGCGCVSG,14,4,8,8,18,16,0.041666666666666664,neutral
CYCYGVLH,11,7,5,11,18,16,0.041666666666666664,neutral
CSDRNFFG,11,7,5,11,18,16,0.041666666666666664,neutral
HCISVFRC,30,12,23,16,42,39,0.041666666666666664,neutral
FLLFYDGF,12,6,7,9,18,16,0.041666666666666664,neutral
VCNLGFVC,11,7,13,3,18,16,0.041666666666666664,neutral
HCCVSSSL,38,28,28,34,66,62,0.041666666666666664,neutral
IINSYSSH,53,36,34,50,89,84,0.04201680672268908,neutral
NYVRCHNG,52,37,43,41,89,84,0.04201680672268908,neutral
GSVVCCHH,52,37,39,45,89,84,0.04201680672268908,neutral
FVCFDISC,39,26,32,29,65,61,0.042105263157894736,neutral
YCRDIGVV,26,15,14,24,41,38,0.04225352112676056,neutral
CFDYLCSI,25,16,19,19,41,38,0.04225352112676056,neutral
INCHYGFR,26,15,15,23,41,38,0.04225352112676056,neutral
CYSLFDLC,24,17,19,19,41,38,0.04225352112676056,neutral
RCYDSSRL,27,14,21,17,41,38,0.04225352112676056,neutral
RCVDLIHI,11,6,7,8,17,15,0.0425531914893617,neutral
VGVNILFG,86,72,70,80,158,150,0.0425531914893617,neutral
CCGGCVSG,11,6,7,8,17,15,0.0425531914893617,neutral
LCFGGFHF,10,7,8,7,17,15,0.0425531914893617,neutral
RIFGFGSV,10,7,8,7,17,15,0.0425531914893617,neutral
NRIFGRYL,8,9,4,11,17,15,0.0425531914893617,neutral
DGYGGNLH,10,7,8,7,17,15,0.0425531914893617,neutral
IFLINGCL,34,30,24,36,64,60,0.0425531914893617,neutral
VCVCRVSV,11,6,7,8,17,15,0.0425531914893617,neutral
SIGNLLFC,38,26,28,32,64,60,0.0425531914893617,neutral
CHFRNHGR,8,9,8,7,17,15,0.0425531914893617,neutral
HRLCVGVR,9,8,7,8,17,15,0.0425531914893617,neutral
CGCFGNDR,10,7,5,10,17,15,0.0425531914893617,neutral
FHFVSCCV,11,6,10,5,17,15,0.0425531914893617,neutral
FHRCLNDI,9,8,5,10,17,15,0.0425531914893617,neutral
GCGDICGD,10,7,7,8,17,15,0.0425531914893617,neutral
INCRVGGH,13,4,6,9,17,15,0.0425531914893617,neutral
FGDLHINV,12,5,9,6,17,15,0.0425531914893617,neutral
FYCLHGHF,10,7,8,7,17,15,0.0425531914893617,neutral
CFDFSCIV,48,39,35,47,87,82,0.042735042735042736,neutral
DISVFGDV,29,11,18,19,40,37,0.04285714285714286,neutral
SSIRVIHY,18,22,21,16,40,37,0.04285714285714286,neutral
SVSCNLFG,18,22,21,16,40,37,0.04285714285714286,neutral
RFGNSDGN,22,18,18,19,40,37,0.04285714285714286,neutral
SCCSHGHF,28,12,16,21,40,37,0.04285714285714286,neutral
LGVLRCCL,22,18,19,18,40,37,0.04285714285714286,neutral
LLSNGNNF,38,25,33,26,63,59,0.043010752688172046,neutral
CNHYGNGV,34,29,27,32,63,59,0.043010752688172046,neutral
CCSGGSHY,36,27,25,34,63,59,0.043010752688172046,neutral
NIRSGFDG,50,36,36,45,86,81,0.04310344827586207,neutral
NRCCDGGC,51,35,33,48,86,81,0.04310344827586207,neutral
SCDYICVN,47,39,34,47,86,81,0.04310344827586207,neutral
IFHVCVSN,4,12,8,6,16,14,0.043478260869565216,neutral
CGDVRSYG,13,3,9,5,16,14,0.043478260869565216,neutral
IRGRISVN,23,16,22,14,39,36,0.043478260869565216,neutral
VNSGDCSY,15,1,4,10,16,14,0.043478260869565216,neutral
ICISLGRG,60,48,45,57,108,102,0.043478260869565216,neutral
FICSRDCV,8,8,6,8,16,14,0.043478260869565216,neutral
HCFYNSGG,7,9,6,8,16,14,0.043478260869565216,neutral
FDCGCHHN,24,15,14,22,39,36,0.043478260869565216,neutral
VNLICNGL,37,25,27,31,62,58,0.043478260869565216,neutral
NVYNCVCS,10,6,7,7,16,14,0.043478260869565216,neutral
RFVSLCRF,20,19,18,18,39,36,0.043478260869565216,neutral
FCDDFFGI,51,34,47,33,85,80,0.043478260869565216,neutral
GHRFCIDG,12,4,7,7,16,14,0.043478260869565216,neutral
FYIDCIFH,10,6,5,9,16,14,0.043478260869565216,neutral
DVLNGGSY,39,23,25,33,62,58,0.043478260869565216,neutral
RYVGLRIL,11,5,3,11,16,14,0.043478260869565216,neutral
SFGILIGN,38,24,30,28,62,58,0.043478260869565216,neutral
SCDSYVHS,74,56,54,69,130,123,0.04375,neutral
VSVIYDGN,49,35,34,45,84,79,0.043859649122807015,neutral
YVLGCVRV,31,30,29,28,61,57,0.04395604395604396,neutral
VRFFRVGI,38,23,28,29,61,57,0.04395604395604396,neutral
LYHCNNHG,20,18,15,20,38,35,0.04411764705882353,neutral
VCDHVLFC,20,18,8,27,38,35,0.04411764705882353,neutral
SYCSSVLH,23,15,16,19,38,35,0.04411764705882353,neutral
RVVHYVHC,19,19,19,16,38,35,0.04411764705882353,neutral
FSRGCLCH,50,33,33,45,83,78,0.04424778761061947,neutral
RILRCGVR,51,32,43,35,83,78,0.04424778761061947,neutral
CNGLGFVG,49,34,40,38,83,78,0.04424778761061947,neutral
YYDFVFHN,9,6,5,8,15,13,0.044444444444444446,neutral
CRRLINIL,12,3,5,8,15,13,0.044444444444444446,neutral
FGSFFCLH,34,26,29,27,60,56,0.044444444444444446,neutral
SGYNRFRI,38,22,32,24,60,56,0.044444444444444446,neutral
FCSDCVHL,11,4,4,9,15,13,0.044444444444444446,neutral
CDLGGFIC,10,5,9,4,15,13,0.044444444444444446,neutral
SILCYSYG,32,28,35,21,60,56,0.044444444444444446,neutral
LCVCHSFN,9,6,7,6,15,13,0.044444444444444446,neutral
CSYCGSRL,11,4,10,3,15,13,0.044444444444444446,neutral
NVFGGIDV,10,5,8,5,15,13,0.044444444444444446,neutral
LYGCCVHV,7,8,6,7,15,13,0.044444444444444446,neutral
SVIFNCIV,62,43,41,58,105,99,0.044444444444444446,neutral
VIINHYLC,9,6,5,8,15,13,0.044444444444444446,neutral
NLDIFGHG,8,7,9,4,15,13,0.044444444444444446,neutral
LCVSDSCC,34,26,32,24,60,56,0.044444444444444446,neutral
GYGRIIVV,9,6,11,2,15,13,0.044444444444444446,neutral
VFGFGCFH,11,4,5,8,15,13,0.044444444444444446,neutral
VCRNIYVG,32,28,27,29,60,56,0.044444444444444446,neutral
GYINGVNN,25,12,18,16,37,34,0.04477611940298507,neutral
CGGFRIVV,25,12,14,20,37,34,0.04477611940298507,neutral
SGVYLRVS,22,15,13,21,37,34,0.04477611940298507,neutral
RSCVGFFC,28,9,18,16,37,34,0.04477611940298507,neutral
VLCSRHDR,23,14,8,26,37,34,0.04477611940298507,neutral
VYDRVNHL,39,20,32,23,59,55,0.0449438202247191,neutral
YCVSVGGD,59,44,45,52,103,97,0.045112781954887216,neutral
LRFGCVSI,72,53,61,57,125,118,0.04516129032258064,neutral
FLCDNVVD,9,5,6,6,14,12,0.045454545454545456,neutral
CLIGCGRG,43,37,31,44,80,75,0.045454545454545456,neutral
IVLRNICC,8,6,3,9,14,12,0.045454545454545456,neutral
GIRCVNGY,24,12,16,17,36,33,0.045454545454545456,neutral
CFVHGCGF,6,8,4,8,14,12,0.045454545454545456,neutral
CDCGVLRV,25,11,14,19,36,33,0.045454545454545456,neutral
VDILNVRG,11,3,7,5,14,12,0.045454545454545456,neutral
SFLCCSVI,8,6,3,9,14,12,0.045454545454545456,neutral
YSGLVGYV,10,4,8,4,14,12,0.045454545454545456,neutral
GCHYRCRR,8,6,6,6,14,12,0.045454545454545456,neutral
CFSHICRL,45,35,42,33,80,75,0.045454545454545456,neutral
CCFGNDVN,11,3,7,5,14,12,0.045454545454545456,neutral
HSNNNYCV,46,34,43,32,80,75,0.045454545454545456,neutral
RVSCGGCN,11,3,5,7,14,12,0.045454545454545456,neutral
YDFGRVLS,23,13,14,19,36,33,0.045454545454545456,neutral
NFFVFHCD,9,5,4,8,14,12,0.045454545454545456,neutral
FVLRGNVH,23,13,13,20,36,33,0.045454545454545456,neutral
CGFGSCSN,45,35,40,35,80,75,0.045454545454545456,neutral
DCGCVCIV,49,30,39,35,79,74,0.045871559633027525,neutral
FRCRLYNG,37,20,26,27,57,53,0.04597701149425287,neutral
VYCVGLRG,34,23,22,31,57,53,0.04597701149425287,neutral
FCVICDHV,37,20,19,34,57,53,0.04597701149425287,neutral
RGGFDLLR,36,21,19,34,57,53,0.04597701149425287,neutral
IVNCDLLF,37,20,31,22,57,53,0.04597701149425287,neutral
CFRDCVVS,38,19,23,30,57,53,0.04597701149425287,neutral
HGGGRHYL,55,45,47,47,100,94,0.046153846153846156,neutral
HNFIDVIR,21,14,16,16,35,32,0.046153846153846156,neutral
SCYCSGLI,21,14,17,15,35,32,0.046153846153846156,neutral
DRISGVCG,23,12,15,17,35,32,0.046153846153846156,neutral
YCNGHICH,18,17,15,17,35,32,0.046153846153846156,neutral
FVYCCHGD,22,13,13,19,35,32,0.046153846153846156,neutral
FCIDSVCF,24,11,13,19,35,32,0.046153846153846156,neutral
FDIGRLNR,22,13,14,18,35,32,0.046153846153846156,neutral
DGSHIIDS,47,31,37,36,78,73,0.046296296296296294,neutral
LSSGGCCG,47,31,38,35,78,73,0.046296296296296294,neutral
FCFDVCVG,10,3,6,5,13,11,0.046511627906976744,neutral
HCDSNLIC,7,6,7,4,13,11,0.046511627906976744,neutral
RRGCSFVF,12,1,5,6,13,11,0.046511627906976744,neutral
LCVIGGRF,7,6,7,4,13,11,0.046511627906976744,neutral
VVISGDRY,9,4,6,5,13,11,0.046511627906976744,neutral
CNLCNDRV,8,5,5,6,13,11,0.046511627906976744,neutral
CSGVVDFV,10,3,5,6,13,11,0.046511627906976744,neutral
ILDYICGR,59,40,40,53,99,93,0.046511627906976744,neutral
CFVFNVHN,12,1,7,4,13,11,0.046511627906976744,neutral
FRFVCSNR,7,6,5,6,13,11,0.046511627906976744,neutral
HYCDGYVF,8,5,6,5,13,11,0.046511627906976744,neutral
FYYDFHNI,10,3,5,6,13,11,0.046511627906976744,neutral
VSCGSVYH,9,4,3,8,13,11,0.046511627906976744,neutral
CYLGRFNF,9,4,4,7,13,11,0.046511627906976744,neutral
YCFSRFSV,8,5,6,5,13,11,0.046511627906976744,neutral
FCCSVNHG,11,2,6,5,13,11,0.046511627906976744,neutral
CGFRDSIG,32,24,28,24,56,52,0.046511627906976744,neutral
YFRIGNRF,10,3,7,4,13,11,0.046511627906976744,neutral
CFNIRRVG,37,19,26,26,56,52,0.046511627906976744,neutral
FCSIVGVY,8,5,6,5,13,11,0.046511627906976744,neutral
HCRLDLGC,11,2,9,2,13,11,0.046511627906976744,neutral
GCGHDIGH,8,5,7,4,13,11,0.046511627906976744,neutral
CSGGVCYS,46,31,35,37,77,72,0.04672897196261682,neutral
RSFHVCDL,48,29,45,27,77,72,0.04672897196261682,neutral
CHVLFVGI,44,33,30,42,77,72,0.04672897196261682,neutral
FRDDYVYN,19,15,17,14,34,31,0.046875,neutral
VYRLIVCD,26,8,16,15,34,31,0.046875,neutral
VCHFYVSV,23,11,18,13,34,31,0.046875,neutral
SINGLIFG,19,15,9,22,34,31,0.046875,neutral
FCSSGGHI,34,21,23,28,55,51,0.047058823529411764,neutral
VCGDCIVG,31,24,22,29,55,51,0.047058823529411764,neutral
DISHFVGH,40,36,31,40,76,71,0.04716981132075472,neutral
YGRCVCVS,44,32,37,34,76,71,0.04716981132075472,neutral
FYYRYCVR,54,43,46,45,97,91,0.047244094488188976,neutral
RRYCCHVD,57,40,43,48,97,91,0.047244094488188976,neutral
VSGGCLDL,52,45,46,45,97,91,0.047244094488188976,neutral
FVVCHDSR,68,50,56,55,118,111,0.0472972972972973,neutral
HNCFGSYC,22,11,13,17,33,30,0.047619047619047616,neutral
DYNFDGCG,8,4,3,7,12,10,0.047619047619047616,neutral
SVVNCILC,17,16,19,11,33,30,0.047619047619047616,neutral
FVHCFNYG,8,4,5,5,12,10,0.047619047619047616,neutral
ILHVCCDN,7,5,6,4,12,10,0.047619047619047616,neutral
NFRNILGC,8,4,5,5,12,10,0.047619047619047616,neutral
VLDFGYVL,22,11,15,15,33,30,0.047619047619047616,neutral
FCIRGCRF,8,4,4,6,12,10,0.047619047619047616,neutral
GCGDCGYI,24,9,16,14,33,30,0.047619047619047616,neutral
RFGCIVIN,11,1,4,6,12,10,0.047619047619047616,neutral
VRYGLDGD,10,2,5,5,12,10,0.047619047619047616,neutral
HDHFVFCY,21,12,7,23,33,30,0.047619047619047616,neutral
CRVSCYDG,24,9,12,18,33,30,0.047619047619047616,neutral
CGFRGYGV,23,10,11,19,33,30,0.047619047619047616,neutral
GYDCDSHY,9,3,4,6,12,10,0.047619047619047616,neutral
CDLVVGHN,8,4,4,6,12,10,0.047619047619047616,neutral
CRVCCVFG,10,2,5,5,12,10,0.047619047619047616,neutral
IYCGRSFN,24,9,16,14,33,30,0.047619047619047616,neutral
CVFFSCDF,6,6,4,6,12,10,0.047619047619047616,neutral
VYNGSCLV,8,4,6,4,12,10,0.047619047619047616,neutral
ICDCVRLS,29,25,26,24,54,50,0.047619047619047616,neutral
CRRIIGSG,9,3,6,4,12,10,0.047619047619047616,neutral
FSCGRCGD,21,12,16,14,33,30,0.047619047619047616,neutral
LSCDCVHI,23,10,18,12,33,30,0.047619047619047616,neutral
LVDIRYSC,9,3,7,3,12,10,0.047619047619047616,neutral
INCYNCDL,9,3,6,4,12,10,0.047619047619047616,neutral
GDLVLGCR,8,4,5,5,12,10,0.047619047619047616,neutral
NIGFDSSG,9,3,3,7,12,10,0.047619047619047616,neutral
NCCGGRDI,44,31,40,30,75,70,0.047619047619047616,neutral
HGCHLNCC,20,13,11,19,33,30,0.047619047619047616,neutral
HVFCHLYH,31,23,25,25,54,50,0.047619047619047616,neutral
DFIFFDVF,5,7,6,4,12,10,0.047619047619047616,neutral
IDSRFRVH,76,61,62,67,137,129,0.04790419161676647,neutral
CNYIHRSC,45,29,32,37,74,69,0.04807692307692308,neutral
GFRCFVGI,43,31,37,32,74,69,0.04807692307692308,neutral
SRYFDIVL,43,31,35,34,74,69,0.04807692307692308,neutral
VRYCHRLC,32,21,22,27,53,49,0.04819277108433735,neutral
HIHCFFDL,33,20,26,23,53,49,0.04819277108433735,neutral
CRYVHCIV,36,17,27,22,53,49,0.04819277108433735,neutral
SIGRYVVF,29,24,20,29,53,49,0.04819277108433735,neutral
DIFCGYFD,25,7,13,16,32,29,0.04838709677419355,neutral
SFYSDSLI,15,17,12,17,32,29,0.04838709677419355,neutral
NCSSLRHY,19,13,9,20,32,29,0.04838709677419355,neutral
HFNCIRVC,53,41,41,47,94,88,0.04838709677419355,neutral
GVHLCRDN,19,13,18,11,32,29,0.04838709677419355,neutral
FRHFLVGD,19,13,16,13,32,29,0.04838709677419355,neutral
CYGSLYLC,20,12,10,19,32,29,0.04838709677419355,neutral
IFFSRINC,21,11,15,14,32,29,0.04838709677419355,neutral
VHHHRYLI,42,31,28,40,73,68,0.04854368932038835,neutral
GCCHGNDC,40,33,25,43,73,68,0.04854368932038835,neutral
DFIGCCRN,44,29,37,31,73,68,0.04854368932038835,neutral
LNCRGDCV,46,27,34,34,73,68,0.04854368932038835,neutral
CVDDVHVC,56,37,43,44,93,87,0.04878048780487805,neutral
CCYGDNVD,8,3,3,6,11,9,0.04878048780487805,neutral
CCHYRRHC,8,3,6,3,11,9,0.04878048780487805,neutral
CDNLVGSL,55,38,47,40,93,87,0.04878048780487805,neutral
VISRNGFY,9,2,2,7,11,9,0.04878048780487805,neutral
FYYIFVIF,5,6,5,4,11,9,0.04878048780487805,neutral
RIRGCFSD,8,3,7,2,11,9,0.04878048780487805,neutral
FYDNGYYC,6,5,7,2,11,9,0.04878048780487805,neutral
SCGFCFGG,10,1,2,7,11,9,0.04878048780487805,neutral
LNVFVRHN,10,1,4,5,11,9,0.04878048780487805,neutral
VFICGRHV,7,4,7,2,11,9,0.04878048780487805,neutral
VFLGHCVL,8,3,5,4,11,9,0.04878048780487805,neutral
FLRCCVLR,8,3,6,3,11,9,0.04878048780487805,neutral
VLVVRSHL,27,25,23,25,52,48,0.04878048780487805,neutral
HFGHHIVC,33,19,22,26,52,48,0.04878048780487805,neutral
YLFCDLLS,9,2,5,4,11,9,0.04878048780487805,neutral
GSCDCVLR,32,20,23,25,52,48,0.04878048780487805,neutral
YRFVGHDD,7,4,4,5,11,9,0.04878048780487805,neutral
LGIYICDH,8,3,4,5,11,9,0.04878048780487805,neutral
VHGYLYGC,8,3,5,4,11,9,0.04878048780487805,neutral
RCRVRVRH,5,6,3,6,11,9,0.04878048780487805,neutral
YRFFYRGC,38,34,30,37,72,67,0.049019607843137254,neutral
ILNCNYVR,20,11,14,14,31,28,0.04918032786885246,neutral
YVDDSCSV,17,14,8,20,31,28,0.04918032786885246,neutral
LRRYYISC,15,16,13,15,31,28,0.04918032786885246,neutral
YDRDLIGR,22,9,14,14,31,28,0.04918032786885246,neutral
NRFFNRHS,22,9,9,19,31,28,0.04918032786885246,neutral
FDVFCYGV,23,8,12,16,31,28,0.04918032786885246,neutral
FVDLNSSL,16,15,16,12,31,28,0.04918032786885246,neutral
SSRYVCIY,65,47,52,53,112,105,0.04929577464788732,neutral
CVLSGFFN,31,20,21,26,51,47,0.04938271604938271,neutral
ICNGILGI,35,16,26,21,51,47,0.04938271604938271,neutral
CIGLDCRV,31,20,22,25,51,47,0.04938271604938271,neutral
CFRHRRVR,26,25,22,25,51,47,0.04938271604938271,neutral
LYFHHCHF,27,24,23,24,51,47,0.04938271604938271,neutral
CGYVCGDD,44,27,32,34,71,66,0.04950495049504951,neutral
IGGLHGSF,42,29,26,40,71,66,0.04950495049504951,neutral
SHFRNRIG,42,29,28,38,71,66,0.04950495049504951,neutral
RGYLYCNI,48,43,45,40,91,85,0.049586776859504134,neutral
FNDVLFVG,72,59,63,60,131,123,0.049689440993788817,neutral
SFCCSVDS,20,10,10,17,30,27,0.05,neutral
FDSCLSGY,8,2,4,4,10,8,0.05,neutral
GYFCFYDL,17,13,10,17,30,27,0.05,neutral
FLLCGGVC,7,3,2,6,10,8,0.05,neutral
CNCLCDGD,5,5,5,3,10,8,0.05,neutral
IYGIVGFN,31,19,25,21,50,46,0.05,neutral
CVGYSFRN,7,3,5,3,10,8,0.05,neutral
CIVCSDNS,4,6,6,2,10,8,0.05,neutral
CHVVCLDG,19,11,11,16,30,27,0.05,neutral
VSRFHRVF,23,7,10,17,30,27,0.05,neutral
FVGRCRCV,8,2,4,4,10,8,0.05,neutral
HCDLGGIV,30,20,21,25,50,46,0.05,neutral
CYVGYCHV,6,4,3,5,10,8,0.05,neutral
FSHSRGRG,6,4,5,3,10,8,0.05,neutral
FVLGDGIV,6,4,3,5,10,8,0.05,neutral
NFSHGCNC,52,38,37,47,90,84,0.05,neutral
VGYCNNRC,20,10,13,14,30,27,0.05,neutral
FLGCRVDC,5,5,7,1,10,8,0.05,neutral
RYLVNGSC,31,19,26,20,50,46,0.05,neutral
NFYVNCGD,5,5,1,7,10,8,0.05,neutral
LCCIDGHN,54,36,33,51,90,84,0.05,neutral
RHGVCFGF,60,50,49,54,110,103,0.05,neutral
FSFGSSVR,7,3,3,5,10,8,0.05,neutral
FRFCGISN,5,5,6,2,10,8,0.05,neutral
IVHVDIVG,18,12,16,11,30,27,0.05,neutral
RDHRSVDG,21,9,12,15,30,27,0.05,neutral
NGYRVGLG,7,3,3,5,10,8,0.05,neutral
HVGCVYGH,6,4,6,2,10,8,0.05,neutral
FNSDFYCC,7,3,5,3,10,8,0.05,neutral
DVNCDHVR,33,17,23,23,50,46,0.05,neutral
HFSFFHIG,22,8,7,20,30,27,0.05,neutral
YCYGSGFF,8,2,5,3,10,8,0.05,neutral
FNRHGNCC,48,42,50,34,90,84,0.05,neutral
NFSLGCVC,8,2,5,3,10,8,0.05,neutral
HSCSSVLC,27,23,23,23,50,46,0.05,neutral
YFGSDHDD,17,13,12,15,30,27,0.05,neutral
GNYNLCVH,6,4,5,3,10,8,0.05,neutral
DFSHVIHF,16,14,17,10,30,27,0.05,neutral
RNCFNIRF,29,21,22,24,50,46,0.05,neutral
CRFIDHFS,46,43,41,42,89,83,0.05042016806722689,neutral
VLDLCFRS,39,30,34,30,69,64,0.050505050505050504,neutral
VGCCGGSC,34,15,18,27,49,45,0.05063291139240506,neutral
CSHRIDDH,73,55,60,60,128,120,0.05063291139240506,neutral
GVSYCIDS,33,16,20,25,49,45,0.05063291139240506,neutral
IGCRIRGG,26,23,19,26,49,45,0.05063291139240506,neutral
FFGHFDLC,29,20,15,30,49,45,0.05063291139240506,neutral
CGRDLGSF,29,20,25,20,49,45,0.05063291139240506,neutral
RVFFRFHS,17,12,17,9,29,26,0.05084745762711865,neutral
YIFSDFSY,50,38,41,41,88,82,0.05084745762711865,neutral
FNVIVRHH,53,35,38,44,88,82,0.05084745762711865,neutral
YYFHCVSI,19,10,16,10,29,26,0.05084745762711865,neutral
CDGYRGCS,18,11,11,15,29,26,0.05084745762711865,neutral
RRHNDFVC,21,8,10,16,29,26,0.05084745762711865,neutral
GHVHDSLR,52,36,32,50,88,82,0.05084745762711865,neutral
VHGYVIGG,43,25,26,37,68,63,0.05102040816326531,neutral
NCVFHLFS,42,26,25,38,68,63,0.05102040816326531,neutral
CVIGIDDF,6,3,3,4,9,7,0.05128205128205128,neutral
FHCVHDIG,28,20,25,19,48,44,0.05128205128205128,neutral
LCCGSLGS,1,8,2,5,9,7,0.05128205128205128,neutral
FFHFSYNC,5,4,4,3,9,7,0.05128205128205128,neutral
VCCGHFSS,47,40,34,47,87,81,0.05128205128205128,neutral
CFRRVDVF,6,3,3,4,9,7,0.05128205128205128,neutral
CYGGINDG,27,21,18,26,48,44,0.05128205128205128,neutral
CFVCCYSG,6,3,4,3,9,7,0.05128205128205128,neutral
VNSCSVDH,2,7,5,2,9,7,0.05128205128205128,neutral
FCDIVYCG,28,20,25,19,48,44,0.05128205128205128,neutral
FYSCGLFV,6,3,5,2,9,7,0.05128205128205128,neutral
HFVLRGDL,28,20,20,24,48,44,0.05128205128205128,neutral
RFFCRSSD,4,5,3,4,9,7,0.05128205128205128,neutral
YCGYYLHC,3,6,4,3,9,7,0.05128205128205128,neutral
CYRYVNHS,5,4,3,4,9,7,0.05128205128205128,neutral
CFVHCNCG,6,3,4,3,9,7,0.05128205128205128,neutral
VHSVYIGS,8,1,5,2,9,7,0.05128205128205128,neutral
IIGCGLLC,32,16,22,22,48,44,0.05128205128205128,neutral
RFVVGHFL,2,7,2,5,9,7,0.05128205128205128,neutral
CCSFLRSF,29,19,21,23,48,44,0.05128205128205128,neutral
RFGGGNCG,3,6,3,4,9,7,0.05128205128205128,neutral
VCFGSIHG,2,7,2,5,9,7,0.05128205128205128,neutral
YDICLSVL,6,3,4,3,9,7,0.05128205128205128,neutral
GYRGIGRV,4,5,3,4,9,7,0.05128205128205128,neutral
YGSVCYVG,5,4,2,5,9,7,0.05128205128205128,neutral
RCRGYDGR,35,32,24,38,67,62,0.05154639175257732,neutral
CSNRHNCF,42,25,34,28,67,62,0.05154639175257732,neutral
GIFGSGHD,16,12,12,13,28,25,0.05172413793103448,neutral
LNRRFHII,42,44,37,43,86,80,0.05172413793103448,neutral
FIYSRLNV,16,12,9,16,28,25,0.05172413793103448,neutral
YYRVRSFL,18,10,14,11,28,25,0.05172413793103448,neutral
FISDGCDV,20,8,10,15,28,25,0.05172413793103448,neutral
HYFIDDDG,23,5,13,12,28,25,0.05172413793103448,neutral
SHCGGFLC,90,73,74,79,163,153,0.05181347150259067,neutral
VGDINLLF,56,49,46,52,105,98,0.05185185185185185,neutral
VCVINYSG,32,15,22,21,47,43,0.05194805194805195,neutral
CVRFRICH,30,17,15,28,47,43,0.05194805194805195,neutral
HGCSFNIR,69,55,60,56,124,116,0.05194805194805195,neutral
CYCHHDRG,28,19,22,21,47,43,0.05194805194805195,neutral
LRRDCVNF,42,24,27,34,66,61,0.052083333333333336,neutral
NCFGVIFG,38,28,32,29,66,61,0.052083333333333336,neutral
YSGRGFRR,49,36,30,49,85,79,0.05217391304347826,neutral
CCFSDSLS,53,51,46,51,104,97,0.05223880597014925,neutral
RYSCIDDS,6,2,0,6,8,6,0.05263157894736842,neutral
GGSFCCVD,20,7,9,15,27,24,0.05263157894736842,neutral
GDCCFLVG,29,17,14,28,46,42,0.05263157894736842,neutral
NYDYGGRG,20,7,8,16,27,24,0.05263157894736842,neutral
RSGIGCVR,28,18,25,17,46,42,0.05263157894736842,neutral
YDYSGFYC,41,24,29,31,65,60,0.05263157894736842,neutral
CNCCDDGC,32,14,19,23,46,42,0.05263157894736842,neutral
RGGLCYVD,2,6,4,2,8,6,0.05263157894736842,neutral
CLYDFNLL,5,3,5,1,8,6,0.05263157894736842,neutral
CISGHVFC,6,2,4,2,8,6,0.05263157894736842,neutral
ICFNFVFH,5,3,4,2,8,6,0.05263157894736842,neutral
FFGFLDFG,6,2,3,3,8,6,0.05263157894736842,neutral
FSLNDGVR,3,5,5,1,8,6,0.05263157894736842,neutral
RNFGDHHI,16,11,9,15,27,24,0.05263157894736842,neutral
SFVNCCDV,14,13,11,13,27,24,0.05263157894736842,neutral
GYSICHRD,16,11,14,10,27,24,0.05263157894736842,neutral
IRGGFCCC,5,3,3,3,8,6,0.05263157894736842,neutral
FCISGIVI,25,21,19,23,46,42,0.05263157894736842,neutral
ICVLNHIS,4,4,3,3,8,6,0.05263157894736842,neutral
VGCGYISD,6,2,3,3,8,6,0.05263157894736842,neutral
RCNLNGGC,31,15,23,19,46,42,0.05263157894736842,neutral
VGLFCRIC,5,3,3,3,8,6,0.05263157894736842,neutral
DGSHCFCD,41,24,36,24,65,60,0.05263157894736842,neutral
NYHGDFIL,7,1,3,3,8,6,0.05263157894736842,neutral
LFDSCVGD,32,14,20,22,46,42,0.05263157894736842,neutral
LHCHGCLD,2,6,2,4,8,6,0.05263157894736842,neutral
LRCCLCIY,6,2,3,3,8,6,0.05263157894736842,neutral
YDFYFGRL,4,4,5,1,8,6,0.05263157894736842,neutral
SSHVGGVG,30,16,19,23,46,42,0.05263157894736842,neutral
CNVLDLCF,7,1,5,1,8,6,0.05263157894736842,neutral
GSHDCYNC,40,25,28,32,65,60,0.05263157894736842,neutral
VDYGSVNC,31,15,25,17,46,42,0.05263157894736842,neutral
YNDSVFFV,16,11,16,8,27,24,0.05263157894736842,neutral
VLCCGCCS,2,6,2,4,8,6,0.05263157894736842,neutral
CSHCFGLD,38,27,26,34,65,60,0.05263157894736842,neutral
VCRGFDLR,4,4,2,4,8,6,0.05263157894736842,neutral
SVLHRCFS,42,23,26,34,65,60,0.05263157894736842,neutral
VFFSRYLH,13,14,10,14,27,24,0.05263157894736842,neutral
SSCCVLYG,5,3,3,3,8,6,0.05263157894736842,neutral
IIGCSDDC,32,14,22,20,46,42,0.05263157894736842,neutral
CCDHFVCH,8,0,2,4,8,6,0.05263157894736842,neutral
CIHNHCGS,17,10,12,12,27,24,0.05263157894736842,neutral
DIRSDSVG,51,32,37,40,83,77,0.05309734513274336,neutral
FNRCCNLG,51,32,44,33,83,77,0.05309734513274336,neutral
INDVCLGH,51,32,37,40,83,77,0.05309734513274336,neutral
FISGVVLL,41,23,31,28,64,59,0.05319148936170213,neutral
HFVNFLVH,40,24,22,37,64,59,0.05319148936170213,neutral
INVCGRDG,41,23,27,32,64,59,0.05319148936170213,neutral
YGFNNVVD,41,23,30,29,64,59,0.05319148936170213,neutral
CGRDVFRD,39,25,28,31,64,59,0.05319148936170213,neutral
CLSFIDLI,79,60,67,63,139,130,0.05325443786982249,neutral
IIDNYGIG,30,15,23,18,45,41,0.05333333333333334,neutral
LVCSIVHC,22,23,23,18,45,41,0.05333333333333334,neutral
FFGIHGRD,28,17,17,24,45,41,0.05333333333333334,neutral
ILCGYVFN,31,14,28,13,45,41,0.05333333333333334,neutral
GGLDRSGY,28,17,17,24,45,41,0.05333333333333334,neutral
YVCYVDCG,31,14,18,23,45,41,0.05333333333333334,neutral
SVNGFGCH,59,42,45,49,101,94,0.05343511450381679,neutral
RSCGIGCF,59,42,51,43,101,94,0.05343511450381679,neutral
VIRHLCSH,49,33,39,37,82,76,0.05357142857142857,neutral
CHGGSFIC,15,11,10,13,26,23,0.05357142857142857,neutral
NCRNCVFH,50,32,33,43,82,76,0.05357142857142857,neutral
YVLCNSRC,18,8,10,13,26,23,0.05357142857142857,neutral
CSVVLDRI,46,36,37,39,82,76,0.05357142857142857,neutral
SRFGFNLG,15,11,12,11,26,23,0.05357142857142857,neutral
GFRVGFRL,15,11,10,13,26,23,0.05357142857142857,neutral
GNDVYVCG,20,6,11,12,26,23,0.05357142857142857,neutral
FLRRYCGC,21,5,5,18,26,23,0.05357142857142857,neutral
CDVFSGGG,41,22,29,29,63,58,0.053763440860215055,neutral
GFSGRFRR,38,25,26,32,63,58,0.053763440860215055,neutral
VIRCCRDG,28,16,19,21,44,40,0.05405405405405406,neutral
FDDLYFVH,3,4,3,2,7,5,0.05405405405405406,neutral
FVCSDNVN,22,22,22,18,44,40,0.05405405405405406,neutral
VCFICDFF,4,3,3,2,7,5,0.05405405405405406,neutral
CCFCCGSC,5,2,3,2,7,5,0.05405405405405406,neutral
LINCVNCF,7,0,2,3,7,5,0.05405405405405406,neutral
IYVICFHC,3,4,3,2,7,5,0.05405405405405406,neutral
LIGLCYDG,3,4,3,2,7,5,0.05405405405405406,neutral
GRRIVNGY,3,4,2,3,7,5,0.05405405405405406,neutral
NLYSVYIH,4,3,1,4,7,5,0.05405405405405406,neutral
FRRLSIGH,4,3,4,1,7,5,0.05405405405405406,neutral
FHGFDFCI,5,2,1,4,7,5,0.05405405405405406,neutral
YIDCRCGH,4,3,1,4,7,5,0.05405405405405406,neutral
VFFRLRHV,30,14,17,23,44,40,0.05405405405405406,neutral
FCCNGFSF,5,2,4,1,7,5,0.05405405405405406,neutral
LDDFFVVS,28,16,19,21,44,40,0.05405405405405406,neutral
LCRGVSLF,5,2,1,4,7,5,0.05405405405405406,neutral
FLVNHRLG,2,5,1,4,7,5,0.05405405405405406,neutral
DYGGFRNV,17,27,16,24,44,40,0.05405405405405406,neutral
DFYSYGGD,4,3,4,1,7,5,0.05405405405405406,neutral
GYVDVFNG,5,2,3,2,7,5,0.05405405405405406,neutral
YYCSGVIN,4,3,1,4,7,5,0.05405405405405406,neutral
YSFVVGRL,30,14,25,15,44,40,0.05405405405405406,neutral
VYLCFLCV,3,4,2,3,7,5,0.05405405405405406,neutral
YCIFLVGG,5,2,2,3,7,5,0.05405405405405406,neutral
NRNVIRDI,49,32,32,43,81,75,0.05405405405405406,neutral
VVNFCGRR,5,2,2,3,7,5,0.05405405405405406,neutral
RGVGDISF,4,3,2,3,7,5,0.05405405405405406,neutral
CIIVVDNL,6,1,2,3,7,5,0.05405405405405406,neutral
RGVGFNYY,4,3,2,3,7,5,0.05405405405405406,neutral
YFFLDRSF,2,5,3,2,7,5,0.05405405405405406,neutral
CVCGVHSI,2,5,3,2,7,5,0.05405405405405406,neutral
DGCCVFVV,32,30,27,30,62,57,0.05434782608695652,neutral
LCSCVDDV,35,27,28,29,62,57,0.05434782608695652,neutral
CIVDCVVR,40,22,28,29,62,57,0.05434782608695652,neutral
YGGIVGLG,17,8,11,11,25,22,0.05454545454545454,neutral
CDLGDIHI,16,9,11,11,25,22,0.05454545454545454,neutral
LDLRSRGD,18,7,12,10,25,22,0.05454545454545454,neutral
CRYGNDLV,13,12,16,6,25,22,0.05454545454545454,neutral
IHVFRLLH,19,6,10,12,25,22,0.05454545454545454,neutral
SSCDYSIV,17,8,10,12,25,22,0.05454545454545454,neutral
RYCSLFRL,27,16,21,18,43,39,0.0547945205479452,neutral
RGLYRILG,26,17,21,18,43,39,0.0547945205479452,neutral
FRGLVCHR,29,14,22,17,43,39,0.0547945205479452,neutral
NYLDSDDV,38,23,35,21,61,56,0.054945054945054944,neutral
DYHYGLII,37,24,26,30,61,56,0.054945054945054944,neutral
HLYCGLLV,40,21,22,34,61,56,0.054945054945054944,neutral
FYGNSRIG,46,33,37,36,79,73,0.05504587155963303,neutral
RFYGYSRN,47,32,32,41,79,73,0.05504587155963303,neutral
NDCNLVCC,46,33,31,42,79,73,0.05504587155963303,neutral
GGVCNYHG,45,34,32,41,79,73,0.05504587155963303,neutral
RHCVSLCG,58,39,39,51,97,90,0.05511811023622047,neutral
SRYFGYVG,5,1,3,1,6,4,0.05555555555555555,neutral
HLISHHLR,5,1,2,2,6,4,0.05555555555555555,neutral
SSIHYYGR,1,5,3,1,6,4,0.05555555555555555,neutral
FYGVDVHF,4,2,2,2,6,4,0.05555555555555555,neutral
FIDCFGVD,4,2,2,2,6,4,0.05555555555555555,neutral
VGIFGCCY,3,3,3,1,6,4,0.05555555555555555,neutral
CCCHVRCV,3,3,1,3,6,4,0.05555555555555555,neutral
NYILVCCH,5,1,2,2,6,4,0.05555555555555555,neutral
FCDRLFRR,10,14,11,10,24,21,0.05555555555555555,neutral
HIHIGVSF,4,2,2,2,6,4,0.05555555555555555,neutral
FRYRFYRG,38,22,25,30,60,55,0.05555555555555555,neutral
YCSVGNRL,4,2,2,2,6,4,0.05555555555555555,neutral
GIYDDFGD,5,1,3,1,6,4,0.05555555555555555,neutral
LYLDNVHS,15,9,12,9,24,21,0.05555555555555555,neutral
YHRFNYLF,17,7,12,9,24,21,0.05555555555555555,neutral
NHCGRFDI,16,8,11,10,24,21,0.05555555555555555,neutral
CHRILLFH,5,1,2,2,6,4,0.05555555555555555,neutral
YCIVGFSC,4,2,1,3,6,4,0.05555555555555555,neutral
YRVIFSGC,18,6,10,11,24,21,0.05555555555555555,neutral
LCSFRYGV,4,2,2,2,6,4,0.05555555555555555,neutral
FIDVCLGL,3,3,2,2,6,4,0.05555555555555555,neutral
IRCFLHYC,5,1,3,1,6,4,0.05555555555555555,neutral
VISFGILV,3,3,2,2,6,4,0.05555555555555555,neutral
GNVYSYLG,4,2,0,4,6,4,0.05555555555555555,neutral
FYSYCCGN,6,0,3,1,6,4,0.05555555555555555,neutral
GNICHFHL,11,13,10,11,24,21,0.05555555555555555,neutral
FFRLYDYS,5,1,2,2,6,4,0.05555555555555555,neutral
LLVIDCYY,0,6,2,2,6,4,0.05555555555555555,neutral
FYLSFGNV,5,1,1,3,6,4,0.05555555555555555,neutral
CIVGVGCV,5,1,3,1,6,4,0.05555555555555555,neutral
VDIFVDRH,14,10,5,16,24,21,0.05555555555555555,neutral
CGVDGGDG,4,2,2,2,6,4,0.05555555555555555,neutral
HYGVLYLH,6,0,2,2,6,4,0.05555555555555555,neutral
NYCVHRGF,3,3,1,3,6,4,0.05555555555555555,neutral
RFFGRDLD,46,32,39,33,78,72,0.05555555555555555,neutral
GRRIINVI,1,5,1,3,6,4,0.05555555555555555,neutral
RVCNLYVD,17,7,7,14,24,21,0.05555555555555555,neutral
CIIVCNVH,3,3,3,1,6,4,0.05555555555555555,neutral
LHVSCYLC,4,2,2,2,6,4,0.05555555555555555,neutral
LYHFDDYF,2,4,1,3,6,4,0.05555555555555555,neutral
CNFGIGGH,46,32,32,40,78,72,0.05555555555555555,neutral
CCFVRRSV,3,3,1,3,6,4,0.05555555555555555,neutral
RYVNLCCG,25,17,14,24,42,38,0.05555555555555555,neutral
FFVRVLGC,4,2,2,2,6,4,0.05555555555555555,neutral
DSLSLGDF,39,21,24,31,60,55,0.05555555555555555,neutral
DFCCHVHV,16,8,12,9,24,21,0.05555555555555555,neutral
LHGYVSLH,16,8,8,13,24,21,0.05555555555555555,neutral
YCDGRVCC,15,9,10,11,24,21,0.05555555555555555,neutral
FYFGSLCN,4,2,2,2,6,4,0.05555555555555555,neutral
FDGHVVSS,3,3,0,4,6,4,0.05555555555555555,neutral
GCINGFGL,33,27,26,29,60,55,0.05555555555555555,neutral
YYLYSCIF,2,4,2,2,6,4,0.05555555555555555,neutral
YIYGSCHF,26,16,18,20,42,38,0.05555555555555555,neutral
LYRFVICG,5,1,2,2,6,4,0.05555555555555555,neutral
CFFFNFHC,3,3,1,3,6,4,0.05555555555555555,neutral
YCSGVFSG,2,4,2,2,6,4,0.05555555555555555,neutral
IVICYGGV,4,2,2,2,6,4,0.05555555555555555,neutral
FSHYLGID,4,2,2,2,6,4,0.05555555555555555,neutral
FDGCDVGV,5,1,2,2,6,4,0.05555555555555555,neutral
GHCDCGLC,1,5,1,3,6,4,0.05555555555555555,neutral
GFSFYIYH,3,3,1,3,6,4,0.05555555555555555,neutral
GRCVCCHY,5,1,3,1,6,4,0.05555555555555555,neutral
CFDVDNCG,54,41,38,50,95,88,0.056,neutral
FCHSVDGV,42,35,35,36,77,71,0.056074766355140186,neutral
SGFSYRNN,68,62,58,63,130,121,0.05625,neutral
FGLLNVSH,27,14,19,18,41,37,0.056338028169014086,neutral
DNRGCVLY,26,15,24,13,41,37,0.056338028169014086,neutral
GDLCGGIN,27,14,17,20,41,37,0.056338028169014086,neutral
RRSVISLF,26,15,20,17,41,37,0.056338028169014086,neutral
FFHSDGNR,59,53,51,53,112,104,0.056338028169014086,neutral
VCGINSVG,25,16,16,21,41,37,0.056338028169014086,neutral
CNRIDCYD,26,15,16,21,41,37,0.056338028169014086,neutral
VDCCLIRC,25,16,19,18,41,37,0.056338028169014086,neutral
LYCDGRGN,26,15,20,17,41,37,0.056338028169014086,neutral
HYRCIGSC,15,8,6,14,23,20,0.05660377358490566,neutral
HNSRDIRF,43,33,35,35,76,70,0.05660377358490566,neutral
NIDVRHGY,18,5,12,8,23,20,0.05660377358490566,neutral
GSVIGGDS,12,11,9,11,23,20,0.05660377358490566,neutral
VYIGCCYG,16,7,9,11,23,20,0.05660377358490566,neutral
YSCLLHCI,16,7,7,13,23,20,0.05660377358490566,neutral
FFRFSVYD,19,4,6,14,23,20,0.05660377358490566,neutral
RDFDIVRN,14,9,10,10,23,20,0.05660377358490566,neutral
DCVYGSSI,17,6,9,11,23,20,0.05660377358490566,neutral
CNFDICFI,15,8,6,14,23,20,0.05660377358490566,neutral
VIRVIDNN,14,9,5,15,23,20,0.05660377358490566,neutral
HYVRHCGR,60,51,49,54,111,103,0.05673758865248227,neutral
IRRIGDRI,58,53,47,56,111,103,0.05673758865248227,neutral
GNDCIGCV,37,21,25,28,58,53,0.056818181818181816,neutral
VGLRVFHN,38,20,21,32,58,53,0.056818181818181816,neutral
RYFCIGYV,4,1,2,1,5,3,0.05714285714285714,neutral
GYCRIYGI,22,18,19,17,40,36,0.05714285714285714,neutral
GFRFLVLG,4,1,3,0,5,3,0.05714285714285714,neutral
VYDCIVSL,4,1,1,2,5,3,0.05714285714285714,neutral
FHSSGCLD,23,17,20,16,40,36,0.05714285714285714,neutral
LIGCGIDH,4,1,0,3,5,3,0.05714285714285714,neutral
DCFSCCFV,4,1,0,3,5,3,0.05714285714285714,neutral
GIYIGVYH,1,4,2,1,5,3,0.05714285714285714,neutral
FCCFRYGC,3,2,2,1,5,3,0.05714285714285714,neutral
YVCVHCDV,2,3,1,2,5,3,0.05714285714285714,neutral
YCVLHRHN,5,0,2,1,5,3,0.05714285714285714,neutral
FCGIVCSY,3,2,2,1,5,3,0.05714285714285714,neutral
YLFNVNHV,4,1,2,1,5,3,0.05714285714285714,neutral
FIHNIRCI,3,2,2,1,5,3,0.05714285714285714,neutral
FLFDLYCG,56,54,51,51,110,102,0.05714285714285714,neutral
SFISRRCC,2,3,1,2,5,3,0.05714285714285714,neutral
NIIFFFCY,3,2,1,2,5,3,0.05714285714285714,neutral
FFGCGDCV,4,1,1,2,5,3,0.05714285714285714,neutral
SFVCHFFI,3,2,1,2,5,3,0.05714285714285714,neutral
VCLRFCNG,4,1,1,2,5,3,0.05714285714285714,neutral
YCCSIRDS,4,1,0,3,5,3,0.05714285714285714,neutral
RCFRFFCV,4,1,0,3,5,3,0.05714285714285714,neutral
FVFVFSDG,2,3,1,2,5,3,0.05714285714285714,neutral
CRCSVRLS,3,2,3,0,5,3,0.05714285714285714,neutral
CGGSHCCF,1,4,3,0,5,3,0.05714285714285714,neutral
YCHNRFCF,5,0,2,1,5,3,0.05714285714285714,neutral
HGVFGDGY,4,1,1,2,5,3,0.05714285714285714,neutral
FVNCIRCN,2,3,3,0,5,3,0.05714285714285714,neutral
GGYVGFDG,2,3,2,1,5,3,0.05714285714285714,neutral
VFFLVRIL,3,2,1,2,5,3,0.05714285714285714,neutral
FCFFDFFR,2,3,2,1,5,3,0.05714285714285714,neutral
IGVYGIVN,4,1,0,3,5,3,0.05714285714285714,neutral
FVNCSSRI,3,2,1,2,5,3,0.05714285714285714,neutral
CFYNHINY,3,2,2,1,5,3,0.05714285714285714,neutral
GYFGSVFN,5,0,1,2,5,3,0.05714285714285714,neutral
FIFGGHFC,4,1,2,1,5,3,0.05714285714285714,neutral
VCGGRIID,3,2,2,1,5,3,0.05714285714285714,neutral
CYCLICRV,2,3,1,2,5,3,0.05714285714285714,neutral
LCHGSYSC,2,3,1,2,5,3,0.05714285714285714,neutral
VSFFDFCR,3,2,1,2,5,3,0.05714285714285714,neutral
FFDSHGRY,2,3,1,2,5,3,0.05714285714285714,neutral
VYCNSYSR,43,32,31,38,75,69,0.05714285714285714,neutral
VRCCGICD,3,2,3,0,5,3,0.05714285714285714,neutral
IYLVDVCS,5,0,2,1,5,3,0.05714285714285714,neutral
FDGLSSFD,4,1,1,2,5,3,0.05714285714285714,neutral
SYGCLRDI,3,2,2,1,5,3,0.05714285714285714,neutral
CCIYVVFS,5,0,1,2,5,3,0.05714285714285714,neutral
CGLCSGGD,3,2,2,1,5,3,0.05714285714285714,neutral
VFCYRYRN,4,1,1,2,5,3,0.05714285714285714,neutral
RFHSYDNG,28,12,15,21,40,36,0.05714285714285714,neutral
GYCDCGFN,4,1,1,2,5,3,0.05714285714285714,neutral
VIFCSFFN,5,0,2,1,5,3,0.05714285714285714,neutral
LFHVVGIL,5,0,2,1,5,3,0.05714285714285714,neutral
ILYCCLCC,0,5,3,0,5,3,0.05714285714285714,neutral
FGICDCLL,3,2,2,1,5,3,0.05714285714285714,neutral
CDGYCDSY,4,1,1,2,5,3,0.05714285714285714,neutral
VCVCRVRC,5,0,2,1,5,3,0.05714285714285714,neutral
IVDDGFND,2,3,0,3,5,3,0.05714285714285714,neutral
GRRIISFC,3,2,0,3,5,3,0.05714285714285714,neutral
FYLRIVLY,3,2,1,2,5,3,0.05714285714285714,neutral
CVVGSIFY,1,4,1,2,5,3,0.05714285714285714,neutral
FGGDCDCC,55,37,40,45,92,85,0.05737704918032787,neutral
YDDDRCCG,37,20,30,22,57,52,0.05747126436781609,neutral
GDDCCVGL,32,25,22,30,57,52,0.05747126436781609,neutral
FYLFSRGR,33,24,26,26,57,52,0.05747126436781609,neutral
NIHCHGYD,16,6,9,10,22,19,0.057692307692307696,neutral
YNSSDFGG,13,9,10,9,22,19,0.057692307692307696,neutral
IFSRGCGC,14,8,5,14,22,19,0.057692307692307696,neutral
FSLGLGGI,9,13,10,9,22,19,0.057692307692307696,neutral
HFYCYGVL,11,11,8,11,22,19,0.057692307692307696,neutral
VGRVLCFG,15,7,10,9,22,19,0.057692307692307696,neutral
CCRSHGVR,12,10,5,14,22,19,0.057692307692307696,neutral
DLLNDNDV,55,36,43,41,91,84,0.05785123966942149,neutral
HGCCRVRN,22,17,21,14,39,35,0.057971014492753624,neutral
FNSCLNRH,23,16,13,22,39,35,0.057971014492753624,neutral
FYRYVRRV,25,14,16,19,39,35,0.057971014492753624,neutral
RVRHVFDG,29,10,19,16,39,35,0.057971014492753624,neutral
CFGNRCDC,35,21,29,22,56,51,0.05813953488372093,neutral
VFDFGFSL,28,28,27,24,56,51,0.05813953488372093,neutral
VHINLLHL,36,20,24,27,56,51,0.05813953488372093,neutral
FCGYSVRV,37,19,28,23,56,51,0.05813953488372093,neutral
YSCCYVGV,41,32,35,32,73,67,0.05825242718446602,neutral
FHSICHRI,63,44,47,52,107,99,0.058394160583941604,neutral
RNIGGVRI,12,9,6,12,21,18,0.058823529411764705,neutral
VISHCSDV,1,3,2,0,4,2,0.058823529411764705,neutral
FCVFGFVN,4,0,1,1,4,2,0.058823529411764705,neutral
RIRIVLVR,0,4,2,0,4,2,0.058823529411764705,neutral
CFVRCGVL,2,2,1,1,4,2,0.058823529411764705,neutral
GSCSSCSC,20,18,13,21,38,34,0.058823529411764705,neutral
FVFSDCFC,4,0,0,2,4,2,0.058823529411764705,neutral
VYRGLHLC,3,1,1,1,4,2,0.058823529411764705,neutral
LCDRRDCC,2,2,2,0,4,2,0.058823529411764705,neutral
DNGHCVCS,1,3,0,2,4,2,0.058823529411764705,neutral
FCCCCFCS,2,2,1,1,4,2,0.058823529411764705,neutral
FNCVGYIC,2,2,0,2,4,2,0.058823529411764705,neutral
LICCVNGS,37,18,28,22,55,50,0.058823529411764705,neutral
FYLFNHVL,4,0,0,2,4,2,0.058823529411764705,neutral
FFYFDYFG,2,2,1,1,4,2,0.058823529411764705,neutral
SNHLCYGH,1,3,2,0,4,2,0.058823529411764705,neutral
ICSLYGLL,2,2,1,1,4,2,0.058823529411764705,neutral
GRRIFSVH,2,2,2,0,4,2,0.058823529411764705,neutral
HCCNCCLC,2,2,0,2,4,2,0.058823529411764705,neutral
GNGFGCRL,10,11,7,11,21,18,0.058823529411764705,neutral
NYRDLVRS,1,3,1,1,4,2,0.058823529411764705,neutral
FCVSHCDN,2,2,1,1,4,2,0.058823529411764705,neutral
VCCFGVSG,3,1,1,1,4,2,0.058823529411764705,neutral
CIRYGGVC,12,9,11,7,21,18,0.058823529411764705,neutral
SSIHVNVR,4,0,1,1,4,2,0.058823529411764705,neutral
CLCDNINI,2,2,2,0,4,2,0.058823529411764705,neutral
GRCNYCRG,35,20,26,24,55,50,0.058823529411764705,neutral
LYCHSVGD,25,13,18,16,38,34,0.058823529411764705,neutral
SHVFNGDG,2,2,1,1,4,2,0.058823529411764705,neutral
CLGGSYFR,1,3,2,0,4,2,0.058823529411764705,neutral
RHICNVHH,36,19,24,26,55,50,0.058823529411764705,neutral
ILDGCSGN,4,0,1,1,4,2,0.058823529411764705,neutral
IVSDSGYV,3,1,1,1,4,2,0.058823529411764705,neutral
SCCFGHGG,59,47,43,55,106,98,0.058823529411764705,neutral
VYFHHHLI,3,1,2,0,4,2,0.058823529411764705,neutral
FCISNCDC,4,0,1,1,4,2,0.058823529411764705,neutral
CCRSLVLR,3,1,1,1,4,2,0.058823529411764705,neutral
YLRCYFCS,3,1,1,1,4,2,0.058823529411764705,neutral
LGNCGYVC,2,2,1,1,4,2,0.058823529411764705,neutral
CNLIYIFC,1,3,1,1,4,2,0.058823529411764705,neutral
FCNFSLDV,37,18,26,24,55,50,0.058823529411764705,neutral
CFVRRRCG,45,27,31,35,72,66,0.058823529411764705,neutral
CSFHIGFV,3,1,1,1,4,2,0.058823529411764705,neutral
FLYCLVNH,2,2,0,2,4,2,0.058823529411764705,neutral
HNCCSDHF,1,3,1,1,4,2,0.058823529411764705,neutral
FVVSDSDG,2,2,1,1,4,2,0.058823529411764705,neutral
CGLGGLCI,3,1,0,2,4,2,0.058823529411764705,neutral
YCGVYRSV,60,46,55,43,106,98,0.058823529411764705,neutral
RDDCDDYG,4,0,1,1,4,2,0.058823529411764705,neutral
LSFDLFGN,2,2,1,1,4,2,0.058823529411764705,neutral
GISSILFS,4,0,1,1,4,2,0.058823529411764705,neutral
FFYYCYVF,3,1,0,2,4,2,0.058823529411764705,neutral
VVCCGSHC,3,1,1,1,4,2,0.058823529411764705,neutral
YYGVFRYG,4,0,0,2,4,2,0.058823529411764705,neutral
VYCFGSVY,2,2,1,1,4,2,0.058823529411764705,neutral
FFRDVFVV,2,2,2,0,4,2,0.058823529411764705,neutral
IYGFGNLI,1,3,1,1,4,2,0.058823529411764705,neutral
SYDGRYGC,19,19,15,19,38,34,0.058823529411764705,neutral
YVYGSFGI,28,10,17,17,38,34,0.058823529411764705,neutral
HNCCVGSG,3,1,0,2,4,2,0.058823529411764705,neutral
CCVNDCCS,3,1,2,0,4,2,0.058823529411764705,neutral
CGFVDGIG,4,0,0,2,4,2,0.058823529411764705,neutral
CFINCFCR,3,1,2,0,4,2,0.058823529411764705,neutral
FCCYYSYG,2,2,2,0,4,2,0.058823529411764705,neutral
NLLVCGVC,33,22,19,31,55,50,0.058823529411764705,neutral
FYGYLGFC,1,3,0,2,4,2,0.058823529411764705,neutral
GFNFNGHS,11,10,12,6,21,18,0.058823529411764705,neutral
GGCCSSCS,4,0,2,0,4,2,0.058823529411764705,neutral
FYVCCHCS,2,2,2,0,4,2,0.058823529411764705,neutral
GCLCLNIF,1,3,1,1,4,2,0.058823529411764705,neutral
CRIVYYLH,1,3,1,1,4,2,0.058823529411764705,neutral
RYCDYISF,53,36,45,37,89,82,0.058823529411764705,neutral
FSGLRYDS,24,14,19,15,38,34,0.058823529411764705,neutral
IYFFFGGS,3,1,1,1,4,2,0.058823529411764705,neutral
FCGHSDFS,2,2,2,0,4,2,0.058823529411764705,neutral
YHCGLLNF,3,1,2,0,4,2,0.058823529411764705,neutral
CFRLGYGN,43,29,27,39,72,66,0.058823529411764705,neutral
YHLDDVGH,15,6,7,11,21,18,0.058823529411764705,neutral
GIVGCCYI,1,3,1,1,4,2,0.058823529411764705,neutral
FGNFFFCH,16,5,10,8,21,18,0.058823529411764705,neutral
CYHGGSRL,2,2,1,1,4,2,0.058823529411764705,neutral
CCLGVCVR,3,1,1,1,4,2,0.058823529411764705,neutral
NGFGCVSY,2,2,0,2,4,2,0.058823529411764705,neutral
CYVGNFGV,3,1,2,0,4,2,0.058823529411764705,neutral
SIVGFSHG,2,2,1,1,4,2,0.058823529411764705,neutral
VYYDCIRC,3,1,1,1,4,2,0.058823529411764705,neutral
ISGYGVRS,2,2,1,1,4,2,0.058823529411764705,neutral
GRRIIDVC,3,1,0,2,4,2,0.058823529411764705,neutral
GFRFRNRF,3,1,1,1,4,2,0.058823529411764705,neutral
FGCYVHCV,2,2,0,2,4,2,0.058823529411764705,neutral
FIHFFNRD,4,0,1,1,4,2,0.058823529411764705,neutral
DLIYCFHS,3,1,2,0,4,2,0.058823529411764705,neutral
VGFHCYFV,0,4,1,1,4,2,0.058823529411764705,neutral
LGRCLGVC,24,14,16,18,38,34,0.058823529411764705,neutral
FFIRCCNH,12,9,10,8,21,18,0.058823529411764705,neutral
GFVFHRSC,77,62,59,70,139,129,0.05917159763313609,neutral
NCDGVYIG,65,57,49,64,122,113,0.05921052631578947,neutral
HGDLLGHI,62,43,53,44,105,97,0.05925925925925926,neutral
FRLDSGHR,50,38,39,42,88,81,0.059322033898305086,neutral
VDNCLLSV,42,29,33,32,71,65,0.0594059405940594,neutral
HVRNHYGN,45,26,32,33,71,65,0.0594059405940594,neutral
CHGGVDFG,32,22,18,31,54,49,0.05952380952380952,neutral
CDNFRFCV,31,23,18,31,54,49,0.05952380952380952,neutral
DCISVIDD,36,18,27,22,54,49,0.05952380952380952,neutral
CCNSGDIL,33,21,24,25,54,49,0.05952380952380952,neutral
INRYNRIF,34,20,19,30,54,49,0.05952380952380952,neutral
DDGDVVLF,34,20,25,24,54,49,0.05952380952380952,neutral
LHLVGCVC,30,24,25,24,54,49,0.05952380952380952,neutral
RFHRGCVH,32,22,20,29,54,49,0.05952380952380952,neutral
DYHFSLVC,23,14,16,17,37,33,0.05970149253731343,neutral
IFGFGLRN,22,15,16,17,37,33,0.05970149253731343,neutral
VNCFYVRV,18,19,13,20,37,33,0.05970149253731343,neutral
SRFDNGDD,22,15,16,17,37,33,0.05970149253731343,neutral
SRLCFGNF,20,17,15,18,37,33,0.05970149253731343,neutral
HFFFDGSI,47,40,36,44,87,80,0.05982905982905983,neutral
YIGSCIIC,14,6,6,11,20,17,0.06,neutral
GRRIIGVF,11,9,6,11,20,17,0.06,neutral
YHGSCIII,13,7,8,9,20,17,0.06,neutral
YRDGCLNI,12,8,5,12,20,17,0.06,neutral
IVGSICVI,14,6,6,11,20,17,0.06,neutral
ICDYNFCG,12,8,9,8,20,17,0.06,neutral
YCSIGGGS,15,5,9,8,20,17,0.06,neutral
FYCGLIHH,44,26,39,25,70,64,0.06,neutral
YNCGSGIH,15,5,10,7,20,17,0.06,neutral
YFSHRFYH,12,8,7,10,20,17,0.06,neutral
LDDVVILH,30,23,22,26,53,48,0.060240963855421686,neutral
CVFDGYYL,32,21,18,30,53,48,0.060240963855421686,neutral
SVDFVLLH,32,21,21,27,53,48,0.060240963855421686,neutral
INGIRGLC,34,19,23,25,53,48,0.060240963855421686,neutral
GCVDGVCC,36,17,27,21,53,48,0.060240963855421686,neutral
NHDCCLGG,32,21,23,25,53,48,0.060240963855421686,neutral
CFRCGVGR,30,23,21,27,53,48,0.060240963855421686,neutral
DGGFVGIG,27,9,12,20,36,32,0.06060606060606061,neutral
CDCCGDSR,26,10,19,13,36,32,0.06060606060606061,neutral
FCNCSRSG,25,11,15,17,36,32,0.06060606060606061,neutral
FSNFFFCG,20,16,22,10,36,32,0.06060606060606061,neutral
NRDDHSGF,44,25,31,32,69,63,0.06060606060606061,neutral
YSCNVFGS,18,18,15,17,36,32,0.06060606060606061,neutral
IRLDDFVG,27,9,16,16,36,32,0.06060606060606061,neutral
FHVRCSVI,28,24,20,27,52,47,0.06097560975609756,neutral
FDGDYIDN,33,19,26,21,52,47,0.06097560975609756,neutral
DFCCLHGC,30,22,18,29,52,47,0.06097560975609756,neutral
SIVHSCVD,34,18,17,30,52,47,0.06097560975609756,neutral
YHGCVGHL,59,42,41,52,101,93,0.061068702290076333,neutral
FYCGINVH,12,7,10,6,19,16,0.061224489795918366,neutral
GFILDFGR,7,12,8,8,19,16,0.061224489795918366,neutral
SCGDGLYV,8,11,4,12,19,16,0.061224489795918366,neutral
IVCVNCRV,40,28,35,27,68,62,0.061224489795918366,neutral
NNDCICHL,14,5,5,11,19,16,0.061224489795918366,neutral
CINCDNRV,7,12,8,8,19,16,0.061224489795918366,neutral
FCHSHIDG,13,6,7,9,19,16,0.061224489795918366,neutral
CCRFVRNF,16,3,7,9,19,16,0.061224489795918366,neutral
YLDHDLSS,36,32,38,24,68,62,0.061224489795918366,neutral
CFFNNYLC,15,4,5,11,19,16,0.061224489795918366,neutral
NSNYGCVS,12,7,6,10,19,16,0.061224489795918366,neutral
DCGFNSDV,13,6,9,7,19,16,0.061224489795918366,neutral
FIVRNSVH,13,6,6,10,19,16,0.061224489795918366,neutral
GYCDGSDI,11,8,7,9,19,16,0.061224489795918366,neutral
ISDDDLCH,14,5,7,9,19,16,0.061224489795918366,neutral
IYRCSSGG,47,37,40,37,84,77,0.06140350877192982,neutral
GRGYGNGL,48,36,39,38,84,77,0.06140350877192982,neutral
DYCRGSCF,18,17,18,13,35,31,0.06153846153846154,neutral
HIIDSHHR,20,15,12,19,35,31,0.06153846153846154,neutral
GDRHYGLH,21,14,14,17,35,31,0.06153846153846154,neutral
YIDVRDDC,59,41,51,41,100,92,0.06153846153846154,neutral
VDDDHVSN,21,14,14,17,35,31,0.06153846153846154,neutral
FVIFRDSL,19,16,16,15,35,31,0.06153846153846154,neutral
VRGILNSL,63,53,47,60,116,107,0.06164383561643835,neutral
CCVIRDVN,31,20,21,25,51,46,0.06172839506172839,neutral
CILGGHDV,82,66,59,78,148,137,0.06179775280898876,neutral
CRGFVFYG,36,31,27,34,67,61,0.061855670103092786,neutral
VCIVNDGG,40,27,32,29,67,61,0.061855670103092786,neutral
IRYGCSVR,43,24,37,24,67,61,0.061855670103092786,neutral
VCSGVYFC,39,28,29,32,67,61,0.061855670103092786,neutral
IVVVRRDI,39,28,26,35,67,61,0.061855670103092786,neutral
LNCRVNLF,51,32,40,36,83,76,0.061946902654867256,neutral
VGSCYLSH,46,37,36,40,83,76,0.061946902654867256,neutral
DLVCDDFN,83,64,60,76,147,136,0.062146892655367235,neutral
HCSFGNIC,22,12,15,15,34,30,0.0625,neutral
DFSFVCVR,18,16,11,19,34,30,0.0625,neutral
FCHNVLGN,32,34,29,31,66,60,0.0625,neutral
NLSRIICV,15,19,14,16,34,30,0.0625,neutral
HGRCNFYV,10,8,7,8,18,15,0.0625,neutral
RLFFRFGH,24,10,13,17,34,30,0.0625,neutral
FVNDGSCC,13,5,8,7,18,15,0.0625,neutral
VLRFNDDD,8,10,10,5,18,15,0.0625,neutral
YHDFDCVN,9,9,9,6,18,15,0.0625,neutral
HVCYNVIR,11,7,10,5,18,15,0.0625,neutral
LVDVSLCI,38,28,26,34,66,60,0.0625,neutral
IIGSNGVR,31,19,22,23,50,45,0.0625,neutral
CRNSGGGI,26,8,17,13,34,30,0.0625,neutral
YCIRRNCH,50,32,33,42,82,75,0.0625,neutral
LFCCCIHC,12,6,6,9,18,15,0.0625,neutral
DYDICVGG,12,6,10,5,18,15,0.0625,neutral
LGFHYLRH,12,6,5,10,18,15,0.0625,neutral
IVNFVFCG,47,35,30,45,82,75,0.0625,neutral
DCGNDYSV,30,20,26,19,50,45,0.0625,neutral
NHGFCRGI,31,19,21,24,50,45,0.0625,neutral
SNFVIGLF,13,5,5,10,18,15,0.0625,neutral
NRCHLFHC,50,32,31,44,82,75,0.0625,neutral
LSYFYIGC,14,20,11,19,34,30,0.0625,neutral
VVVRSGCV,95,82,73,91,177,164,0.06280193236714976,neutral
VYDCGFFF,50,31,33,41,81,74,0.06306306306306306,neutral
VCCNHGHD,47,34,36,38,81,74,0.06306306306306306,neutral
RISGDRGG,40,25,27,32,65,59,0.06315789473684211,neutral
VCGYRHVN,34,15,27,17,49,44,0.06329113924050633,neutral
GLNCVNDI,32,17,21,23,49,44,0.06329113924050633,neutral
DLCSLYVG,31,18,18,26,49,44,0.06329113924050633,neutral
RFNCGCVC,32,17,31,13,49,44,0.06329113924050633,neutral
DDIYRLVR,21,12,18,11,33,29,0.06349206349206349,neutral
RVVIDNFL,20,13,19,10,33,29,0.06349206349206349,neutral
VVSRCYHG,22,11,15,14,33,29,0.06349206349206349,neutral
DFNDCNCD,20,13,13,16,33,29,0.06349206349206349,neutral
HGFDNDYN,77,66,72,60,143,132,0.06358381502890173,neutral
YFSGDRDV,74,69,60,72,143,132,0.06358381502890173,neutral
CFNVYGFR,12,5,6,8,17,14,0.06382978723404255,neutral
LYVCSNVC,11,6,7,7,17,14,0.06382978723404255,neutral
RYDSDGFL,11,6,7,7,17,14,0.06382978723404255,neutral
LVNIVVGV,109,96,92,98,205,190,0.06382978723404255,neutral
LVRINLNH,13,4,6,8,17,14,0.06382978723404255,neutral
YFGGCIVH,8,9,5,9,17,14,0.06382978723404255,neutral
SIDRLVGG,10,7,8,6,17,14,0.06382978723404255,neutral
IRDVFVRC,11,6,5,9,17,14,0.06382978723404255,neutral
FCDVRNID,13,4,7,7,17,14,0.06382978723404255,neutral
GLVCCYGY,7,10,5,9,17,14,0.06382978723404255,neutral
RFFCHGDH,36,28,24,34,64,58,0.06382978723404255,neutral
YFFCHDRF,41,23,30,28,64,58,0.06382978723404255,neutral
RLLDSICS,12,5,7,7,17,14,0.06382978723404255,neutral
LYCHINVF,10,7,7,7,17,14,0.06382978723404255,neutral
RYYYVLSG,12,5,8,6,17,14,0.06382978723404255,neutral
GLGGIVRF,9,8,8,6,17,14,0.06382978723404255,neutral
SSFVCFSG,11,6,5,9,17,14,0.06382978723404255,neutral
RLVDGRYL,41,23,29,29,64,58,0.06382978723404255,neutral
HRCVDGDG,7,10,8,6,17,14,0.06382978723404255,neutral
LDCGCVSN,14,3,9,5,17,14,0.06382978723404255,neutral
GCYNLYVC,55,40,39,48,95,87,0.064,neutral
CYHGNNNR,94,79,82,78,173,160,0.06403940886699508,neutral
NNCGGCLV,95,78,84,76,173,160,0.06403940886699508,neutral
LVHGYVVV,27,21,17,26,48,43,0.0641025641025641,neutral
CCGVLDVN,31,17,25,18,48,43,0.0641025641025641,neutral
FLGCGVGI,63,63,58,58,126,116,0.0641025641025641,neutral
CVSGYGDC,26,22,26,17,48,43,0.0641025641025641,neutral
SFLVNCCL,33,15,19,24,48,43,0.0641025641025641,neutral
IHCNILGI,26,22,18,25,48,43,0.0641025641025641,neutral
FNSSVSFH,28,20,15,28,48,43,0.0641025641025641,neutral
FSLVNVHD,49,30,37,35,79,72,0.06422018348623854,neutral
GINLLRGG,20,12,13,15,32,28,0.06451612903225806,neutral
RSCVRCGY,19,13,11,17,32,28,0.06451612903225806,neutral
IVCCGSGH,24,8,15,13,32,28,0.06451612903225806,neutral
FFVDGSVR,18,14,16,12,32,28,0.06451612903225806,neutral
CSDFNYRR,23,9,17,11,32,28,0.06451612903225806,neutral
CDFDSSCN,40,23,27,30,63,57,0.06451612903225806,neutral
SGLDCVDF,17,15,12,16,32,28,0.06451612903225806,neutral
FLNGNCVR,38,25,28,29,63,57,0.06451612903225806,neutral
SCGRSGLS,18,14,18,10,32,28,0.06451612903225806,neutral
IDHYRVGH,11,21,9,19,32,28,0.06451612903225806,neutral
FVSLRIGV,39,24,27,30,63,57,0.06451612903225806,neutral
GLLFGSGS,64,45,43,57,109,100,0.06474820143884892,neutral
RYRRCLGG,47,31,32,39,78,71,0.06481481481481481,neutral
FSRSCCLI,29,18,17,25,47,42,0.06493506493506493,neutral
CCINNGVV,30,17,17,25,47,42,0.06493506493506493,neutral
RRCLGDCF,29,18,24,18,47,42,0.06493506493506493,neutral
VIIDIGLS,31,16,13,29,47,42,0.06493506493506493,neutral
SFGVRLIV,30,17,17,25,47,42,0.06493506493506493,neutral
VCGCNVSY,10,6,5,8,16,13,0.06521739130434782,neutral
FDHHYIHD,33,29,24,32,62,56,0.06521739130434782,neutral
FCCSVIHS,9,7,4,9,16,13,0.06521739130434782,neutral
GDCYSCLS,34,28,24,32,62,56,0.06521739130434782,neutral
NLICLDDD,8,8,5,8,16,13,0.06521739130434782,neutral
YHVCRNDC,36,26,37,19,62,56,0.06521739130434782,neutral
VGRGVVGD,11,5,3,10,16,13,0.06521739130434782,neutral
FGDCFYVY,11,5,5,8,16,13,0.06521739130434782,neutral
FRSHCSHL,8,8,8,5,16,13,0.06521739130434782,neutral
GFGYGRNI,37,25,23,33,62,56,0.06521739130434782,neutral
CLSRYGYH,13,3,7,6,16,13,0.06521739130434782,neutral
SVCFGGVS,18,13,9,18,31,27,0.06557377049180328,neutral
YFLSVGID,19,12,15,12,31,27,0.06557377049180328,neutral
YILYHHLH,18,13,17,10,31,27,0.06557377049180328,neutral
CCLGDVYF,21,10,14,13,31,27,0.06557377049180328,neutral
YGGNHGCC,18,13,12,15,31,27,0.06557377049180328,neutral
FCVVRNIH,61,46,52,46,107,98,0.06569343065693431,neutral
RNVYCNGC,56,51,48,50,107,98,0.06569343065693431,neutral
GNCCVGHV,28,18,27,14,46,41,0.06578947368421052,neutral
CYGSVYLH,28,18,18,23,46,41,0.06578947368421052,neutral
VVLDNYFI,31,15,21,20,46,41,0.06578947368421052,neutral
RNCVGIYC,26,20,21,20,46,41,0.06578947368421052,neutral
CCYVSRSV,28,18,26,15,46,41,0.06578947368421052,neutral
RHRGGCVS,78,59,62,64,137,126,0.0658682634730539,neutral
GYFRYNRS,36,25,23,32,61,55,0.06593406593406594,neutral
RSFDVGYC,40,21,28,27,61,55,0.06593406593406594,neutral
CGCVSHGR,61,45,47,50,106,97,0.0661764705882353,neutral
LCNRICRG,70,51,53,58,121,111,0.06622516556291391,neutral
CYSRICSG,85,66,68,71,151,139,0.06629834254143646,neutral
CNCSGGGF,37,23,29,25,60,54,0.06666666666666667,neutral
VCGNCVSY,18,12,10,16,30,26,0.06666666666666667,neutral
CICVCGCD,9,6,6,6,15,12,0.06666666666666667,neutral
GCVYVDGY,7,8,5,7,15,12,0.06666666666666667,neutral
GCGRFYVG,8,7,5,7,15,12,0.06666666666666667,neutral
DFNSGDDG,53,37,35,47,90,82,0.06666666666666667,neutral
SSRGRGCD,36,24,23,31,60,54,0.06666666666666667,neutral
CSRLGCGC,38,37,36,32,75,68,0.06666666666666667,neutral
NYGNCGIL,20,10,10,16,30,26,0.06666666666666667,neutral
FNDCCFLR,7,8,6,6,15,12,0.06666666666666667,neutral
ISCSCGGG,36,24,27,27,60,54,0.06666666666666667,neutral
DFSGFVSD,29,16,17,23,45,40,0.06666666666666667,neutral
LFGGFCLG,11,4,4,8,15,12,0.06666666666666667,neutral
IVCCVRNI,9,6,7,5,15,12,0.06666666666666667,neutral
FHRCIYRY,17,13,10,16,30,26,0.06666666666666667,neutral
RFLVDLGR,19,11,10,16,30,26,0.06666666666666667,neutral
YYGCDFVI,8,7,8,4,15,12,0.06666666666666667,neutral
LVGSGLGC,10,5,8,4,15,12,0.06666666666666667,neutral
NHYSNVIG,31,14,13,27,45,40,0.06666666666666667,neutral
SICGLYLC,8,7,6,6,15,12,0.06666666666666667,neutral
VLNVIGIL,41,34,30,38,75,68,0.06666666666666667,neutral
RVGNSCNY,21,9,10,16,30,26,0.06666666666666667,neutral
GSINFIVR,28,17,19,21,45,40,0.06666666666666667,neutral
CNDDCVCC,18,12,11,15,30,26,0.06666666666666667,neutral
VCDGSFFF,49,41,40,42,90,82,0.06666666666666667,neutral
RFSYRFVC,29,16,22,18,45,40,0.06666666666666667,neutral
CVGNCISN,21,9,11,15,30,26,0.06666666666666667,neutral
FFYHSGCR,18,12,14,12,30,26,0.06666666666666667,neutral
IFDDNIDS,60,45,42,54,105,96,0.06666666666666667,neutral
IGFCCGGD,11,4,5,7,15,12,0.06666666666666667,neutral
NLRDFSGH,52,37,41,40,89,81,0.06722689075630252,neutral
VIYRGVSC,76,57,61,61,133,122,0.06748466257668712,neutral
GFGFNGHC,22,22,19,20,44,39,0.06756756756756757,neutral
RYCYRFRH,27,17,21,18,44,39,0.06756756756756757,neutral
FFVSNVRH,24,20,19,20,44,39,0.06756756756756757,neutral
LCNCVVRR,29,15,19,20,44,39,0.06756756756756757,neutral
SCNDIDYG,31,13,17,22,44,39,0.06756756756756757,neutral
CDFGHCFH,17,12,13,12,29,25,0.06779661016949153,neutral
FSCCRSID,17,12,11,14,29,25,0.06779661016949153,neutral
VLICVGGR,18,11,12,13,29,25,0.06779661016949153,neutral
SHLYDNCG,23,6,6,19,29,25,0.06779661016949153,neutral
VCLLHGGD,20,9,10,15,29,25,0.06779661016949153,neutral
LLRFGVFD,19,10,11,14,29,25,0.06779661016949153,neutral
VVFGCNGH,19,10,11,14,29,25,0.06779661016949153,neutral
CGCSDNVY,16,13,15,10,29,25,0.06779661016949153,neutral
CFHHVHSH,46,27,31,35,73,66,0.06796116504854369,neutral
VCRLCSRH,10,4,6,5,14,11,0.06818181818181818,neutral
GHVICGIN,34,24,27,25,58,52,0.06818181818181818,neutral
DGCICFHC,10,4,6,5,14,11,0.06818181818181818,neutral
FCVGFYDH,11,3,7,4,14,11,0.06818181818181818,neutral
LFRISNCR,36,22,20,32,58,52,0.06818181818181818,neutral
IDRCVRHF,11,3,3,8,14,11,0.06818181818181818,neutral
FRVCGGRV,9,5,6,5,14,11,0.06818181818181818,neutral
FIGIRCFR,10,4,7,4,14,11,0.06818181818181818,neutral
GLYRGNHR,35,23,24,28,58,52,0.06818181818181818,neutral
GIGNDGCG,45,42,32,47,87,79,0.06837606837606838,neutral
SYYVNGNG,52,35,37,42,87,79,0.06837606837606838,neutral
CFRGRHFC,27,16,15,23,43,38,0.0684931506849315,neutral
RVVCIVNS,25,18,20,18,43,38,0.0684931506849315,neutral
RCCSRLSS,67,49,51,55,116,106,0.0684931506849315,neutral
HFGSNGSD,30,13,13,25,43,38,0.0684931506849315,neutral
DRLLNFRL,26,17,21,17,43,38,0.0684931506849315,neutral
SVSCLFRC,26,17,17,21,43,38,0.0684931506849315,neutral
HHFRCYLH,45,27,33,32,72,65,0.06862745098039216,neutral
GCRVGGLG,45,27,30,35,72,65,0.06862745098039216,neutral
CLGFLGYS,42,30,34,31,72,65,0.06862745098039216,neutral
FRNCGGVH,33,24,22,29,57,51,0.06896551724137931,neutral
IVGGCGGC,32,25,22,29,57,51,0.06896551724137931,neutral
FFNDHLVF,36,21,25,26,57,51,0.06896551724137931,neutral
GFVLGNHG,38,19,22,29,57,51,0.06896551724137931,neutral
VFGCDGGS,20,8,13,11,28,24,0.06896551724137931,neutral
FYYYRYLH,22,6,15,9,28,24,0.06896551724137931,neutral
NSCRGFCN,21,7,15,9,28,24,0.06896551724137931,neutral
CFYVDCCG,17,11,11,13,28,24,0.06896551724137931,neutral
GFGHIYCC,19,9,11,13,28,24,0.06896551724137931,neutral
FRSVRINC,20,8,8,16,28,24,0.06896551724137931,neutral
LVDCGFYY,88,70,72,73,158,145,0.06914893617021277,neutral
IGGSICCL,74,55,59,59,129,118,0.06918238993710692,neutral
DFCCSVGG,58,42,47,44,100,91,0.06923076923076923,neutral
NVGFYINH,40,31,35,29,71,64,0.06930693069306931,neutral
NCSDYNSL,25,17,19,18,42,37,0.06944444444444445,neutral
NCRCHGDL,25,17,16,21,42,37,0.06944444444444445,neutral
IINDGDDI,64,50,50,54,114,104,0.06944444444444445,neutral
IVNVLNCV,27,15,13,24,42,37,0.06944444444444445,neutral
FYLDCSLV,46,39,35,42,85,77,0.06956521739130435,neutral
GNRSYVCG,7,6,5,5,13,10,0.06976744186046512,neutral
CDGYHRDL,6,7,6,4,13,10,0.06976744186046512,neutral
NHCLRSVF,8,5,6,4,13,10,0.06976744186046512,neutral
CFLSLVGC,37,19,17,33,56,50,0.06976744186046512,neutral
FSVFVVFC,7,6,5,5,13,10,0.06976744186046512,neutral
RGVRIDGL,11,2,6,4,13,10,0.06976744186046512,neutral
FNFVLHCS,9,4,4,6,13,10,0.06976744186046512,neutral
HFHYGHRN,11,2,6,4,13,10,0.06976744186046512,neutral
HDSFSCLL,8,5,4,6,13,10,0.06976744186046512,neutral
HFDIGVVC,10,3,2,8,13,10,0.06976744186046512,neutral
FSVVFRDL,10,3,5,5,13,10,0.06976744186046512,neutral
VCSVFRLG,31,25,27,23,56,50,0.06976744186046512,neutral
VLNIGCHV,54,45,42,48,99,90,0.06976744186046512,neutral
CNFCNCNC,10,3,4,6,13,10,0.06976744186046512,neutral
CRIHVRRR,5,8,8,2,13,10,0.06976744186046512,neutral
FFCGRHRC,33,23,22,28,56,50,0.06976744186046512,neutral
SVSFFGLI,34,22,22,28,56,50,0.06976744186046512,neutral
CVRISGRI,10,3,5,5,13,10,0.06976744186046512,neutral
VIYYNYHF,7,6,3,7,13,10,0.06976744186046512,neutral
CFSRCDDD,9,4,4,6,13,10,0.06976744186046512,neutral
SCGGFHSC,56,43,45,45,99,90,0.06976744186046512,neutral
HCDSFRDH,39,31,28,35,70,63,0.07,neutral
RVCHVDCG,38,32,29,34,70,63,0.07,neutral
FSGYGVSN,43,27,32,31,70,63,0.07,neutral
SCVFDSCL,42,28,35,28,70,63,0.07,neutral
DCCGYIRC,40,30,29,34,70,63,0.07,neutral
GRVLYYNC,18,9,7,16,27,23,0.07017543859649122,neutral
NGYFIGSS,12,15,8,15,27,23,0.07017543859649122,neutral
VCCSNNGC,45,39,34,42,84,76,0.07017543859649122,neutral
NGCYGCVS,15,12,9,14,27,23,0.07017543859649122,neutral
FLVSRGYG,16,11,12,11,27,23,0.07017543859649122,neutral
FLFCVGGI,21,6,9,14,27,23,0.07017543859649122,neutral
YGYVVIRG,18,9,10,13,27,23,0.07017543859649122,neutral
VYGFLIDI,14,13,16,7,27,23,0.07017543859649122,neutral
RCNIYGRL,18,9,12,11,27,23,0.07017543859649122,neutral
RSSHCCLR,15,12,6,17,27,23,0.07017543859649122,neutral
VINCRLFR,19,8,12,11,27,23,0.07017543859649122,neutral
NVDSYRGG,20,7,11,12,27,23,0.07017543859649122,neutral
YDNGVHGI,18,9,12,11,27,23,0.07017543859649122,neutral
LNIDYGLR,56,42,44,45,98,89,0.0703125,neutral
FGYYGFCV,29,12,16,20,41,36,0.07042253521126761,neutral
RLGCFFHV,64,48,45,57,112,102,0.07042253521126761,neutral
VRHGSYDS,29,12,14,22,41,36,0.07042253521126761,neutral
FSHRCFDG,27,14,16,20,41,36,0.07042253521126761,neutral
GNNCRFGF,26,15,14,22,41,36,0.07042253521126761,neutral
CSRFGVSY,24,17,15,21,41,36,0.07042253521126761,neutral
YCVHGCSH,27,14,13,23,41,36,0.07042253521126761,neutral
SSIFGDCG,20,21,20,16,41,36,0.07042253521126761,neutral
DIYGLSSG,30,11,20,16,41,36,0.07042253521126761,neutral
FGVRILGG,37,18,23,26,55,49,0.07058823529411765,neutral
RVCCSFIG,34,21,18,31,55,49,0.07058823529411765,neutral
HGFRLSHH,37,18,27,22,55,49,0.07058823529411765,neutral
DCGLFYYV,36,19,23,26,55,49,0.07058823529411765,neutral
DNFVCCRV,40,29,29,33,69,62,0.0707070707070707,neutral
DLCGCSGV,43,26,34,28,69,62,0.0707070707070707,neutral
LCDVCVRN,54,43,40,48,97,88,0.07086614173228346,neutral
FSFCGYYV,12,0,6,3,12,9,0.07142857142857142,neutral
FNNFVYGG,7,5,3,6,12,9,0.07142857142857142,neutral
SCYFDRLV,26,14,12,23,40,35,0.07142857142857142,neutral
FGGIRSIF,14,12,9,13,26,22,0.07142857142857142,neutral
RLFYGDGD,18,8,10,12,26,22,0.07142857142857142,neutral
RHLLYCND,8,4,5,4,12,9,0.07142857142857142,neutral
ICCVNLGY,13,13,10,12,26,22,0.07142857142857142,neutral
YFDCVCDC,7,5,4,5,12,9,0.07142857142857142,neutral
SLGIHFCR,12,14,9,13,26,22,0.07142857142857142,neutral
GHFCVFVN,18,8,10,12,26,22,0.07142857142857142,neutral
INIVHYCV,17,9,11,11,26,22,0.07142857142857142,neutral
ICGCSRGN,43,39,37,37,82,74,0.07142857142857142,neutral
LYGDHIFS,8,4,4,5,12,9,0.07142857142857142,neutral
GHFCFGHI,5,7,6,3,12,9,0.07142857142857142,neutral
LCDGHVDD,8,4,6,3,12,9,0.07142857142857142,neutral
GYRSINCF,32,22,21,27,54,48,0.07142857142857142,neutral
YLCDGGFC,6,6,0,9,12,9,0.07142857142857142,neutral
FIGCCSVV,9,3,5,4,12,9,0.07142857142857142,neutral
SCCGYICH,8,4,6,3,12,9,0.07142857142857142,neutral
RHRDGLDC,25,15,17,18,40,35,0.07142857142857142,neutral
FCDNGHIN,28,12,17,18,40,35,0.07142857142857142,neutral
LNVVSCFG,24,16,11,24,40,35,0.07142857142857142,neutral
RYHIRLGV,7,5,6,3,12,9,0.07142857142857142,neutral
NFHCYCDG,8,4,7,2,12,9,0.07142857142857142,neutral
FVGHLIVN,34,20,25,23,54,48,0.07142857142857142,neutral
GYNSHGHH,24,16,14,21,40,35,0.07142857142857142,neutral
LHFGIDDN,45,37,40,34,82,74,0.07142857142857142,neutral
LHYYGFCV,17,23,14,21,40,35,0.07142857142857142,neutral
FILFGNIC,4,8,5,4,12,9,0.07142857142857142,neutral
LSVFGIVH,17,9,7,15,26,22,0.07142857142857142,neutral
FILISGYS,5,7,6,3,12,9,0.07142857142857142,neutral
DFIDGVCF,7,5,5,4,12,9,0.07142857142857142,neutral
GLFNSNHV,18,8,12,10,26,22,0.07142857142857142,neutral
VCGRIVYG,5,7,4,5,12,9,0.07142857142857142,neutral
SGGDGVYS,6,6,5,4,12,9,0.07142857142857142,neutral
CCYGGDGL,10,2,5,4,12,9,0.07142857142857142,neutral
CRGVGNCY,9,3,4,5,12,9,0.07142857142857142,neutral
SVDNVSVY,7,5,5,4,12,9,0.07142857142857142,neutral
CGCDRNCS,22,18,18,17,40,35,0.07142857142857142,neutral
YFCCDVSD,22,4,7,15,26,22,0.07142857142857142,neutral
CCLNRIDF,9,3,5,4,12,9,0.07142857142857142,neutral
RISRRCVG,56,39,39,47,95,86,0.072,neutral
FCSGIIGG,105,87,89,87,192,176,0.07207207207207207,neutral
SCYDSGLN,49,32,34,39,81,73,0.07207207207207207,neutral
FCYHGSFF,49,32,35,38,81,73,0.07207207207207207,neutral
FNFCFGLC,31,22,27,20,53,47,0.07228915662650602,neutral
CRDFDHLS,25,28,20,27,53,47,0.07228915662650602,neutral
VGFGSCVC,33,20,24,23,53,47,0.07228915662650602,neutral
IYGFDICY,34,19,25,22,53,47,0.07228915662650602,neutral
RHLDCLCD,19,20,10,24,39,34,0.07246376811594203,neutral
FFFNCNGF,24,15,19,15,39,34,0.07246376811594203,neutral
FCFYIHGS,27,12,20,14,39,34,0.07246376811594203,neutral
FGIVLHSV,21,18,21,13,39,34,0.07246376811594203,neutral
GFHCGYVV,23,16,15,19,39,34,0.07246376811594203,neutral
SNHIFGVR,23,16,17,17,39,34,0.07246376811594203,neutral
CCGVIYDS,15,10,10,11,25,21,0.07272727272727272,neutral
LCDRVDVL,18,7,9,12,25,21,0.07272727272727272,neutral
FCRGIICD,14,11,14,7,25,21,0.07272727272727272,neutral
FYGVFIGV,17,8,9,12,25,21,0.07272727272727272,neutral
CVRCYYLH,21,4,10,11,25,21,0.07272727272727272,neutral
FDIVFCFR,18,7,6,15,25,21,0.07272727272727272,neutral
HFFCDGIC,15,10,7,14,25,21,0.07272727272727272,neutral
DLCRCSRD,49,31,36,36,80,72,0.07272727272727272,neutral
VSLSSCCV,16,9,10,11,25,21,0.07272727272727272,neutral
LRCFDVRI,71,64,55,68,135,123,0.07272727272727272,neutral
VISVCLHN,35,31,32,27,66,59,0.07291666666666667,neutral
VCHLVYGL,42,24,35,24,66,59,0.07291666666666667,neutral
SYCCSIVV,37,29,29,30,66,59,0.07291666666666667,neutral
FFSGHVVH,9,2,7,1,11,8,0.07317073170731707,neutral
FCFYRGRR,55,38,43,41,93,84,0.07317073170731707,neutral
FCGCNRNS,30,22,22,24,52,46,0.07317073170731707,neutral
GRFIIRCG,30,22,18,28,52,46,0.07317073170731707,neutral
VCSSVNVV,1,10,2,6,11,8,0.07317073170731707,neutral
CGYLFGDI,8,3,6,2,11,8,0.07317073170731707,neutral
CNICSGCS,8,3,4,4,11,8,0.07317073170731707,neutral
LIGFCLSC,6,5,3,5,11,8,0.07317073170731707,neutral
CCDFSSRY,7,4,3,5,11,8,0.07317073170731707,neutral
DINLYNLF,8,3,4,4,11,8,0.07317073170731707,neutral
YHLGIGFV,7,4,3,5,11,8,0.07317073170731707,neutral
NNVYDSCH,32,20,26,20,52,46,0.07317073170731707,neutral
VNLFIVRR,10,1,4,4,11,8,0.07317073170731707,neutral
FIYRCGSC,9,2,4,4,11,8,0.07317073170731707,neutral
FFYYCRDV,5,6,5,3,11,8,0.07317073170731707,neutral
DDSCIVIL,7,4,3,5,11,8,0.07317073170731707,neutral
LYNLFGGF,7,4,3,5,11,8,0.07317073170731707,neutral
GVNHDHYC,8,3,3,5,11,8,0.07317073170731707,neutral
FNRRCCYL,33,19,20,26,52,46,0.07317073170731707,neutral
FCVYCDCN,0,11,6,2,11,8,0.07317073170731707,neutral
RCDCCFGG,7,4,4,4,11,8,0.07317073170731707,neutral
FVGVRYGS,53,40,35,49,93,84,0.07317073170731707,neutral
YLDVGFVD,7,4,4,4,11,8,0.07317073170731707,neutral
VVNHLRSH,9,2,4,4,11,8,0.07317073170731707,neutral
DYVFGCLY,7,4,2,6,11,8,0.07317073170731707,neutral
FVVHSIDR,40,39,44,27,79,71,0.07339449541284404,neutral
NLSHYIGN,48,31,30,41,79,71,0.07339449541284404,neutral
VRDFICYS,23,15,17,16,38,33,0.07352941176470588,neutral
CSYDGRCH,27,11,15,18,38,33,0.07352941176470588,neutral
RHLNNNLV,22,16,14,19,38,33,0.07352941176470588,neutral
VCDCVGIF,24,14,16,17,38,33,0.07352941176470588,neutral
NLRLCFGI,29,36,25,33,65,58,0.07368421052631578,neutral
LFDGVLLC,34,31,23,35,65,58,0.07368421052631578,neutral
GCDGIFRH,39,26,30,28,65,58,0.07368421052631578,neutral
FCVLNDVR,54,38,36,47,92,83,0.07377049180327869,neutral
SFVFHHSH,17,7,11,9,24,20,0.07407407407407407,neutral
CLNGSDFR,32,19,23,22,51,45,0.07407407407407407,neutral
IGYNLCGF,15,9,11,9,24,20,0.07407407407407407,neutral
CFLDRGVN,35,16,17,28,51,45,0.07407407407407407,neutral
CFNLVDNR,31,20,22,23,51,45,0.07407407407407407,neutral
GDDGCCIV,43,35,39,31,78,70,0.07407407407407407,neutral
GFHFLSGH,14,10,9,11,24,20,0.07407407407407407,neutral
VCVCCFRH,20,4,7,13,24,20,0.07407407407407407,neutral
NFCCSIVV,60,45,39,56,105,95,0.07407407407407407,neutral
CGRYSCHH,33,18,22,23,51,45,0.07407407407407407,neutral
GYVRNVLC,54,37,35,47,91,82,0.0743801652892562,neutral
NSCNLLCY,40,24,36,21,64,57,0.07446808510638298,neutral
ICCGGDGG,35,29,31,26,64,57,0.07446808510638298,neutral
FYDGIVII,41,23,34,23,64,57,0.07446808510638298,neutral
YYSSRGHL,41,23,27,30,64,57,0.07446808510638298,neutral
YYCCDGLS,17,20,14,18,37,32,0.07462686567164178,neutral
RSCGLFGC,24,13,13,19,37,32,0.07462686567164178,neutral
GFGGFCNV,25,12,14,18,37,32,0.07462686567164178,neutral
RIGNGHCG,24,13,13,19,37,32,0.07462686567164178,neutral
CVSGCSFD,26,11,14,18,37,32,0.07462686567164178,neutral
HHFCGNGD,46,31,37,32,77,69,0.07476635514018691,neutral
GGLRRIYH,45,32,35,34,77,69,0.07476635514018691,neutral
NVIGVICC,4,6,3,4,10,7,0.075,neutral
HCGDRCHH,5,5,1,6,10,7,0.075,neutral
FCSHLGVC,7,3,4,3,10,7,0.075,neutral
CVSNIICG,29,21,21,23,50,44,0.075,neutral
CYIVGFLH,7,3,4,3,10,7,0.075,neutral
FFFYDCHI,6,4,2,5,10,7,0.075,neutral
VFGFGLIH,34,16,19,25,50,44,0.075,neutral
DSYSCGDV,30,20,22,22,50,44,0.075,neutral
NCGCVVFC,6,4,3,4,10,7,0.075,neutral
VCGCFCVG,5,5,2,5,10,7,0.075,neutral
IHDLCFVG,5,5,1,6,10,7,0.075,neutral
HIDRFSFG,28,22,21,23,50,44,0.075,neutral
FGILYSVC,9,1,2,5,10,7,0.075,neutral
IFVDGCYC,32,18,16,28,50,44,0.075,neutral
HHFINCNC,4,6,5,2,10,7,0.075,neutral
HSYDFNLF,9,1,2,5,10,7,0.075,neutral
GSLLLNHG,5,5,3,4,10,7,0.075,neutral
ILHDLLGG,9,1,3,4,10,7,0.075,neutral
IVFYCVRR,7,3,3,4,10,7,0.075,neutral
CIDFNCGV,7,3,5,2,10,7,0.075,neutral
CNCCIFHG,5,5,1,6,10,7,0.075,neutral
FVCHDSLD,28,22,23,21,50,44,0.075,neutral
YSYGGFVC,5,5,3,4,10,7,0.075,neutral
GYHFNSVL,6,4,2,5,10,7,0.075,neutral
GVRFRLVN,8,2,3,4,10,7,0.075,neutral
CFCGCINS,6,4,3,4,10,7,0.075,neutral
CYNYGGGR,5,5,2,5,10,7,0.075,neutral
HCGLGGFF,6,4,4,3,10,7,0.075,neutral
YDHRYFYG,4,6,5,2,10,7,0.075,neutral
FHFVGFSV,28,22,21,23,50,44,0.075,neutral
YGLCHVVI,30,20,23,21,50,44,0.075,neutral
SLVYYGSG,6,4,5,2,10,7,0.075,neutral
NSCCISNF,8,2,2,5,10,7,0.075,neutral
VYNCFLRG,56,47,45,48,103,93,0.07518796992481203,neutral
GFCHLLNC,59,44,39,54,103,93,0.07518796992481203,neutral
LNFGNGCS,58,45,44,49,103,93,0.07518796992481203,neutral
FNVDIFRV,40,23,21,35,63,56,0.07526881720430108,neutral
FICGSDLF,36,27,29,27,63,56,0.07526881720430108,neutral
GHGCVNRF,40,23,24,32,63,56,0.07526881720430108,neutral
DFLCHFFN,40,23,31,25,63,56,0.07526881720430108,neutral
SHHRFVCL,41,22,25,31,63,56,0.07526881720430108,neutral
HIRLHFRR,38,25,28,28,63,56,0.07526881720430108,neutral
DVVRIGHR,64,52,49,56,116,105,0.07534246575342465,neutral
LFSNVRHC,66,50,52,53,116,105,0.07534246575342465,neutral
FDFRLGVN,12,11,9,10,23,19,0.07547169811320754,neutral
YHCYSCLI,13,10,11,8,23,19,0.07547169811320754,neutral
YGYCSGRV,13,10,8,11,23,19,0.07547169811320754,neutral
VGLFGFFG,11,12,9,10,23,19,0.07547169811320754,neutral
FRNCHDGC,12,11,10,9,23,19,0.07547169811320754,neutral
FNRDCRFD,14,9,14,5,23,19,0.07547169811320754,neutral
HVFGYVRV,13,10,9,10,23,19,0.07547169811320754,neutral
FFFCDGVC,16,7,10,9,23,19,0.07547169811320754,neutral
DLRFCCHF,14,9,11,8,23,19,0.07547169811320754,neutral
CFDVNGIL,12,11,9,10,23,19,0.07547169811320754,neutral
GYICVRGL,26,10,17,14,36,31,0.07575757575757576,neutral
CNDVSFRH,24,12,13,18,36,31,0.07575757575757576,neutral
VFGFCYDI,26,10,13,18,36,31,0.07575757575757576,neutral
GCIFVDRN,26,10,18,13,36,31,0.07575757575757576,neutral
CYVVRDVD,20,16,12,19,36,31,0.07575757575757576,neutral
LCGFHVIG,21,15,18,13,36,31,0.07575757575757576,neutral
FCSGCVSD,22,14,11,20,36,31,0.07575757575757576,neutral
GSCFSIRI,34,15,28,15,49,43,0.0759493670886076,neutral
CHRGYCVS,30,19,24,19,49,43,0.0759493670886076,neutral
LINGCVHD,32,30,31,24,62,55,0.07608695652173914,neutral
YVFNCYCG,38,24,23,32,62,55,0.07608695652173914,neutral
RSSCDCCN,36,26,32,23,62,55,0.07608695652173914,neutral
LDYSIFVD,43,32,36,31,75,67,0.0761904761904762,neutral
VCVVGCSL,44,31,31,36,75,67,0.0761904761904762,neutral
LSLLNRVG,45,30,30,37,75,67,0.0761904761904762,neutral
GIGVLVDL,48,40,48,31,88,79,0.07627118644067797,neutral
VHCVSLCH,56,45,42,49,101,91,0.07633587786259542,neutral
IINGIVCH,25,10,17,13,35,30,0.07692307692307693,neutral
DIYGHGCD,16,6,7,11,22,18,0.07692307692307693,neutral
YNVGVCNL,4,5,4,2,9,6,0.07692307692307693,neutral
NVSLFRGI,50,37,42,36,87,78,0.07692307692307693,neutral
CYCVFVSI,7,2,4,2,9,6,0.07692307692307693,neutral
LFLNSFVS,8,1,4,2,9,6,0.07692307692307693,neutral
DIIRLVHH,16,19,14,16,35,30,0.07692307692307693,neutral
SIVDVGCD,6,3,4,2,9,6,0.07692307692307693,neutral
VRCVDGRY,6,3,5,1,9,6,0.07692307692307693,neutral
YIDNNVLC,7,2,3,3,9,6,0.07692307692307693,neutral
ILVGDNFR,33,15,14,28,48,42,0.07692307692307693,neutral
VFVHSFRV,6,3,2,4,9,6,0.07692307692307693,neutral
CCSGGSFG,16,19,14,16,35,30,0.07692307692307693,neutral
LCSYNYSC,5,4,4,2,9,6,0.07692307692307693,neutral
FDSICYGL,16,6,11,7,22,18,0.07692307692307693,neutral
FGGVGYIH,11,11,7,11,22,18,0.07692307692307693,neutral
ICLGFRGG,5,4,3,3,9,6,0.07692307692307693,neutral
IGGCHIIR,4,5,4,2,9,6,0.07692307692307693,neutral
HRVCVGLY,4,5,3,3,9,6,0.07692307692307693,neutral
GNCYCNHI,7,2,1,5,9,6,0.07692307692307693,neutral
VSVRRSGH,25,10,16,14,35,30,0.07692307692307693,neutral
DLFGLINH,37,24,26,28,61,54,0.07692307692307693,neutral
CFCSRVVY,4,5,1,5,9,6,0.07692307692307693,neutral
NHFRFCFS,29,19,24,18,48,42,0.07692307692307693,neutral
RCFGICGF,4,5,4,2,9,6,0.07692307692307693,neutral
FIFNGCRR,7,2,4,2,9,6,0.07692307692307693,neutral
CHCRVSGI,12,10,8,10,22,18,0.07692307692307693,neutral
SVYGRHFF,5,4,3,3,9,6,0.07692307692307693,neutral
CYGGCVRR,5,4,4,2,9,6,0.07692307692307693,neutral
CGVSFVGN,38,23,29,25,61,54,0.07692307692307693,neutral
SLNYDGCC,15,7,6,12,22,18,0.07692307692307693,neutral
FDRGCCNH,15,7,11,7,22,18,0.07692307692307693,neutral
CCSHIYSI,6,3,2,4,9,6,0.07692307692307693,neutral
VCCCSSCL,5,4,3,3,9,6,0.07692307692307693,neutral
CFHFCDRS,7,2,2,4,9,6,0.07692307692307693,neutral
YFRFLVHS,21,14,20,10,35,30,0.07692307692307693,neutral
CFVSIRGG,16,6,13,5,22,18,0.07692307692307693,neutral
INCYLRVH,6,3,5,1,9,6,0.07692307692307693,neutral
IYFFFDVN,16,19,15,15,35,30,0.07692307692307693,neutral
YCCYCFGV,4,5,4,2,9,6,0.07692307692307693,neutral
FCCDYRHN,6,3,4,2,9,6,0.07692307692307693,neutral
YCCIFDYV,7,2,2,4,9,6,0.07692307692307693,neutral
YDGFHIIH,6,3,3,3,9,6,0.07692307692307693,neutral
FHCCSFSS,7,2,1,5,9,6,0.07692307692307693,neutral
GVGCCVDI,37,24,32,22,61,54,0.07692307692307693,neutral
YRFRGHFL,12,10,5,13,22,18,0.07692307692307693,neutral
HDHIHGSY,34,27,25,29,61,54,0.07692307692307693,neutral
RCGFYSIV,23,12,15,15,35,30,0.07692307692307693,neutral
HRYLFCRR,7,2,4,2,9,6,0.07692307692307693,neutral
IFFCSCRC,6,3,2,4,9,6,0.07692307692307693,neutral
FCGHFSIH,21,14,13,17,35,30,0.07692307692307693,neutral
LVSCGVVG,47,39,39,38,86,77,0.07758620689655173,neutral
INVDFRGC,43,30,33,32,73,65,0.07766990291262135,neutral
NDVCLVGV,46,27,32,33,73,65,0.07766990291262135,neutral
VFLCDSLS,32,28,29,24,60,53,0.07777777777777778,neutral
FLLNVDLL,32,15,19,22,47,41,0.07792207792207792,neutral
DFGIFVCC,32,15,13,28,47,41,0.07792207792207792,neutral
DYCLVSCD,31,16,17,24,47,41,0.07792207792207792,neutral
LGYVYCCS,32,15,23,18,47,41,0.07792207792207792,neutral
GVCYSGCH,32,15,24,17,47,41,0.07792207792207792,neutral
SRFYCGCD,18,16,15,14,34,29,0.078125,neutral
RFCLCRNL,24,10,11,18,34,29,0.078125,neutral
FFDLRNVH,24,10,17,12,34,29,0.078125,neutral
RHSLVGFV,26,8,14,15,34,29,0.078125,neutral
NRRCGSFR,23,11,13,16,34,29,0.078125,neutral
IFNRFRLD,22,12,9,20,34,29,0.078125,neutral
LYCGNVGD,24,10,14,15,34,29,0.078125,neutral
GDFIGFFR,26,8,16,13,34,29,0.078125,neutral
LVVCSHGR,17,17,15,14,34,29,0.078125,neutral
SNSCVNSF,86,76,71,76,162,147,0.078125,neutral
GHVLCGGR,26,8,17,12,34,29,0.078125,neutral
NLCRRIIL,24,10,14,15,34,29,0.078125,neutral
DGGRYCDD,22,12,17,12,34,29,0.078125,neutral
CVSRSLFL,15,19,11,18,34,29,0.078125,neutral
IFVSRRLL,57,41,41,47,98,88,0.078125,neutral
VCCGFVGD,17,17,14,15,34,29,0.078125,neutral
FGGVLYYH,22,12,13,16,34,29,0.078125,neutral
LFRDRSFV,11,10,4,13,21,17,0.0784313725490196,neutral
VLGLDHRF,13,8,4,13,21,17,0.0784313725490196,neutral
FVIFDGDG,15,6,9,8,21,17,0.0784313725490196,neutral
ISLGYGNV,43,29,34,30,72,64,0.0784313725490196,neutral
VVLSVCSI,13,8,11,6,21,17,0.0784313725490196,neutral
IVLNVYDG,14,7,6,11,21,17,0.0784313725490196,neutral
FNLFYRCH,13,8,10,7,21,17,0.0784313725490196,neutral
ISCFLDYR,15,6,10,7,21,17,0.0784313725490196,neutral
SCSICGGH,10,11,9,8,21,17,0.0784313725490196,neutral
VDDLDDVL,11,10,10,7,21,17,0.0784313725490196,neutral
CGGHDFGS,35,24,24,28,59,52,0.07865168539325842,neutral
FLCSVLVH,37,22,28,24,59,52,0.07865168539325842,neutral
VCRDCNCD,37,22,23,29,59,52,0.07865168539325842,neutral
DHSVHGCG,38,21,19,33,59,52,0.07865168539325842,neutral
YGFCIGLC,33,26,21,31,59,52,0.07865168539325842,neutral
VRSCVCRG,58,39,41,46,97,87,0.07874015748031496,neutral
ICGNSYLF,5,3,1,4,8,5,0.07894736842105263,neutral
HYGCVVGR,7,1,3,2,8,5,0.07894736842105263,neutral
FCVRCLGS,3,5,1,4,8,5,0.07894736842105263,neutral
VLGICVDH,6,2,2,3,8,5,0.07894736842105263,neutral
FFRNFVVI,4,4,1,4,8,5,0.07894736842105263,neutral
LSCIHVRI,6,2,3,2,8,5,0.07894736842105263,neutral
FNLVLDHC,3,5,2,3,8,5,0.07894736842105263,neutral
LGHGFDSI,6,2,4,1,8,5,0.07894736842105263,neutral
NFIDLDGG,30,16,24,16,46,40,0.07894736842105263,neutral
HNHCDDFF,5,3,3,2,8,5,0.07894736842105263,neutral
GSDCVYSV,28,18,14,26,46,40,0.07894736842105263,neutral
CCCYIIGF,0,8,2,3,8,5,0.07894736842105263,neutral
HCVNSIYV,3,5,4,1,8,5,0.07894736842105263,neutral
YGHGFRSV,6,2,2,3,8,5,0.07894736842105263,neutral
DNCRDLLN,5,3,1,4,8,5,0.07894736842105263,neutral
CNCGFCIR,5,3,3,2,8,5,0.07894736842105263,neutral
DYCCCVFV,3,5,1,4,8,5,0.07894736842105263,neutral
FLVGCNLY,8,0,1,4,8,5,0.07894736842105263,neutral
GICRRVCL,5,3,3,2,8,5,0.07894736842105263,neutral
CCCNDRGG,8,0,1,4,8,5,0.07894736842105263,neutral
FHLHRNNL,32,14,18,22,46,40,0.07894736842105263,neutral
DDFGCCVN,29,17,19,21,46,40,0.07894736842105263,neutral
RIRVCRDY,7,1,0,5,8,5,0.07894736842105263,neutral
LIVFFVIH,7,1,2,3,8,5,0.07894736842105263,neutral
VCGDVFCG,8,0,4,1,8,5,0.07894736842105263,neutral
CVNRCFDC,29,17,21,19,46,40,0.07894736842105263,neutral
YIRYLFSL,5,3,2,3,8,5,0.07894736842105263,neutral
RRYHNILL,27,19,23,17,46,40,0.07894736842105263,neutral
GYLFCCNN,4,4,3,2,8,5,0.07894736842105263,neutral
SCFNCVFI,7,1,2,3,8,5,0.07894736842105263,neutral
VFICFVFY,4,4,3,2,8,5,0.07894736842105263,neutral
CDLRGVYR,7,1,2,3,8,5,0.07894736842105263,neutral
YVVVNDCF,3,5,2,3,8,5,0.07894736842105263,neutral
CLICHSRG,6,2,3,2,8,5,0.07894736842105263,neutral
VLRDCSLC,49,35,34,41,84,75,0.07894736842105263,neutral
VCFDSCND,5,3,3,2,8,5,0.07894736842105263,neutral
IIIRCGIS,4,4,3,2,8,5,0.07894736842105263,neutral
CCIGGLFL,6,2,1,4,8,5,0.07894736842105263,neutral
HYGFRVVG,5,3,1,4,8,5,0.07894736842105263,neutral
LRIGFNLV,5,3,3,2,8,5,0.07894736842105263,neutral
CVVFDCCG,31,15,20,20,46,40,0.07894736842105263,neutral
HIVIVNGC,30,16,22,18,46,40,0.07894736842105263,neutral
LSFSISGL,2,6,4,1,8,5,0.07894736842105263,neutral
LFDCDLGC,42,29,31,32,71,63,0.07920792079207921,neutral
DSVGGCFR,42,29,38,25,71,63,0.07920792079207921,neutral
GCVLVSHI,19,14,15,13,33,28,0.07936507936507936,neutral
FIYSHLCS,21,12,14,14,33,28,0.07936507936507936,neutral
VSHYFRYC,21,12,11,17,33,28,0.07936507936507936,neutral
CCVYSGRV,35,23,26,25,58,51,0.07954545454545454,neutral
NFFVVRHS,75,71,64,68,146,132,0.07954545454545454,neutral
SVHGLRSR,47,36,32,42,83,74,0.07964601769911504,neutral
CCGVSFYH,11,9,8,8,20,16,0.08,neutral
FCVSGYCF,13,7,10,6,20,16,0.08,neutral
INYCDDVY,25,20,21,18,45,39,0.08,neutral
ICFINCDL,36,34,34,28,70,62,0.08,neutral
DNDIFCGD,13,7,9,7,20,16,0.08,neutral
LFDFHLVH,24,21,16,23,45,39,0.08,neutral
CCSIHSLR,12,8,9,7,20,16,0.08,neutral
FRNSNCDL,44,26,30,32,70,62,0.08,neutral
YNHGCLHR,11,9,8,8,20,16,0.08,neutral
LRIHCRCH,9,11,7,9,20,16,0.08,neutral
VRNFCRLF,29,16,18,21,45,39,0.08,neutral
GNCGCYGV,15,5,11,5,20,16,0.08,neutral
CRGCNVSR,12,8,8,8,20,16,0.08,neutral
NSCGFYNC,24,21,18,21,45,39,0.08,neutral
CFDSHIGV,14,6,6,10,20,16,0.08,neutral
GYISRILV,13,7,10,6,20,16,0.08,neutral
GNHIVYVL,12,8,8,8,20,16,0.08,neutral
NCFCGLLS,15,5,8,8,20,16,0.08,neutral
SLSGSFCR,27,18,17,22,45,39,0.08,neutral
NSLHDYSV,29,16,19,20,45,39,0.08,neutral
RGRIVGDD,50,32,45,28,82,73,0.08035714285714286,neutral
YCSFLVHF,41,41,34,39,82,73,0.08035714285714286,neutral
SYRLCDDD,32,25,20,30,57,50,0.08045977011494253,neutral
FVRCVGHR,36,21,23,27,57,50,0.08045977011494253,neutral
GFIGFDLV,34,23,25,25,57,50,0.08045977011494253,neutral
ICLNNYFI,22,10,16,11,32,27,0.08064516129032258,neutral
GCCSNFVI,17,15,12,15,32,27,0.08064516129032258,neutral
NICNSCFN,20,12,13,14,32,27,0.08064516129032258,neutral
VVVGLCGC,17,15,12,15,32,27,0.08064516129032258,neutral
GVCCLNGF,20,12,16,11,32,27,0.08064516129032258,neutral
CISIGNVR,19,13,12,15,32,27,0.08064516129032258,neutral
SSGNDDGY,74,57,52,66,131,118,0.08074534161490683,neutral
IFVGGGGC,75,56,52,66,131,118,0.08074534161490683,neutral
CYVSCDRG,71,60,55,63,131,118,0.08074534161490683,neutral
FYVLDSVC,40,29,28,33,69,61,0.08080808080808081,neutral
GCIFLGGG,44,25,33,28,69,61,0.08080808080808081,neutral
INRVFDRI,60,46,53,42,106,95,0.08088235294117647,neutral
YIYGVGDG,26,18,14,24,44,38,0.08108108108108109,neutral
NCCLFRRR,4,3,0,4,7,4,0.08108108108108109,neutral
SHCDGGFG,1,6,4,0,7,4,0.08108108108108109,neutral
IGGSFSSY,4,3,1,3,7,4,0.08108108108108109,neutral
CHICIFVS,5,2,2,2,7,4,0.08108108108108109,neutral
LYNICCCG,6,1,2,2,7,4,0.08108108108108109,neutral
VFFCFVYV,4,3,1,3,7,4,0.08108108108108109,neutral
GRRIIGGI,1,6,3,1,7,4,0.08108108108108109,neutral
CHLGGVFY,30,14,16,22,44,38,0.08108108108108109,neutral
LRDCVYRD,29,15,18,20,44,38,0.08108108108108109,neutral
YFHIVNVI,5,2,1,3,7,4,0.08108108108108109,neutral
DHSFHCVD,5,2,3,1,7,4,0.08108108108108109,neutral
FINVINGC,6,1,2,2,7,4,0.08108108108108109,neutral
FCGLLCDR,5,2,3,1,7,4,0.08108108108108109,neutral
FSFLVFDR,4,3,3,1,7,4,0.08108108108108109,neutral
YCLYGDLL,4,3,3,1,7,4,0.08108108108108109,neutral
FDFVSVLF,3,4,2,2,7,4,0.08108108108108109,neutral
IVCSLGFR,7,0,2,2,7,4,0.08108108108108109,neutral
YSYVNSCR,3,4,2,2,7,4,0.08108108108108109,neutral
CGVSVSGF,5,2,1,3,7,4,0.08108108108108109,neutral
FSFVVGRC,6,1,3,1,7,4,0.08108108108108109,neutral
FCIGYLID,1,6,3,1,7,4,0.08108108108108109,neutral
RFCRRGCL,5,2,2,2,7,4,0.08108108108108109,neutral
GRRICNVI,6,1,2,2,7,4,0.08108108108108109,neutral
NGFSNYVC,7,0,3,1,7,4,0.08108108108108109,neutral
VCCFFSVD,26,18,16,22,44,38,0.08108108108108109,neutral
CDRVCCFN,3,4,1,3,7,4,0.08108108108108109,neutral
YVFVVDCG,1,6,2,2,7,4,0.08108108108108109,neutral
FIFGLYVC,5,2,2,2,7,4,0.08108108108108109,neutral
ILCRGCVR,2,5,3,1,7,4,0.08108108108108109,neutral
VCFFCYDG,3,4,2,2,7,4,0.08108108108108109,neutral
DCVHLIHC,5,2,1,3,7,4,0.08108108108108109,neutral
GLHGCYVD,3,4,3,1,7,4,0.08108108108108109,neutral
RCRCVGNG,5,2,0,4,7,4,0.08108108108108109,neutral
FISCFYDH,2,5,2,2,7,4,0.08108108108108109,neutral
CDVCCRDC,5,2,2,2,7,4,0.08108108108108109,neutral
YNGSCDRF,5,2,2,2,7,4,0.08108108108108109,neutral
CHFRGSVS,4,3,1,3,7,4,0.08108108108108109,neutral
YGFGRCYH,6,1,1,3,7,4,0.08108108108108109,neutral
CNGFHIDN,33,23,23,26,56,49,0.08139534883720931,neutral
SYLVRCIG,37,19,19,30,56,49,0.08139534883720931,neutral
FHFGCLGF,35,21,31,18,56,49,0.08139534883720931,neutral
ILSSGFIV,36,20,23,26,56,49,0.08139534883720931,neutral
CHHFGIYL,61,44,43,51,105,94,0.08148148148148149,neutral
NYYVRRVH,12,7,5,10,19,15,0.08163265306122448,neutral
CSNCRDNC,17,2,3,12,19,15,0.08163265306122448,neutral
FSYRGNVL,43,25,27,33,68,60,0.08163265306122448,neutral
VLCSHYLY,65,52,50,55,117,105,0.08163265306122448,neutral
VLLDCCCC,14,5,9,6,19,15,0.08163265306122448,neutral
NIYGGCGR,67,50,46,59,117,105,0.08163265306122448,neutral
YFFVRNSH,13,6,6,9,19,15,0.08163265306122448,neutral
ISHCVHDD,10,9,8,7,19,15,0.08163265306122448,neutral
GFSISDRI,10,9,8,7,19,15,0.08163265306122448,neutral
RCNYHGHD,48,32,34,37,80,71,0.08181818181818182,neutral
NCDGCFDH,75,66,60,67,141,127,0.08187134502923976,neutral
VCYHDRRV,18,13,15,11,31,26,0.08196721311475409,neutral
GSCFVGDR,20,11,13,13,31,26,0.08196721311475409,neutral
SFSVGRCG,19,12,15,11,31,26,0.08196721311475409,neutral
RCNSLVGY,22,9,12,14,31,26,0.08196721311475409,neutral
FCFLIVVF,22,9,11,15,31,26,0.08196721311475409,neutral
GSNDSCYR,14,17,14,12,31,26,0.08196721311475409,neutral
GCDCNLLV,18,13,15,11,31,26,0.08196721311475409,neutral
GLFLRFCG,20,11,11,15,31,26,0.08196721311475409,neutral
YHYINFCS,19,12,7,19,31,26,0.08196721311475409,neutral
IFGISSVV,53,39,39,43,92,82,0.08196721311475409,neutral
HIYSNVVG,24,7,12,14,31,26,0.08196721311475409,neutral
YGGLSNGS,17,14,7,19,31,26,0.08196721311475409,neutral
SCCGNVII,17,14,13,13,31,26,0.08196721311475409,neutral
SNYRSVCR,18,13,15,11,31,26,0.08196721311475409,neutral
CVRVRGVR,28,15,12,25,43,37,0.0821917808219178,neutral
GLHCVRFL,30,13,17,20,43,37,0.0821917808219178,neutral
YCFFSDVI,24,19,16,21,43,37,0.0821917808219178,neutral
GLGVHVNF,28,15,17,20,43,37,0.0821917808219178,neutral
IIFGGDIF,28,15,20,17,43,37,0.0821917808219178,neutral
GVFGGFVH,22,21,16,21,43,37,0.0821917808219178,neutral
FGYFVSYG,31,12,16,21,43,37,0.0821917808219178,neutral
LISLNVCS,34,21,24,24,55,48,0.08235294117647059,neutral
VGFVYCGC,31,24,22,26,55,48,0.08235294117647059,neutral
LSFCDFSI,37,18,24,24,55,48,0.08235294117647059,neutral
GRCRFDFS,83,69,60,77,152,137,0.08241758241758242,neutral
NVCNRGGF,41,26,26,33,67,59,0.08247422680412371,neutral
RFRLVRCV,39,28,28,31,67,59,0.08247422680412371,neutral
RCDDFCNG,40,27,32,27,67,59,0.08247422680412371,neutral
LGVGHFVG,49,30,32,38,79,70,0.08256880733944955,neutral
NCFSNGIV,55,36,48,33,91,81,0.08264462809917356,neutral
IVSGVYGR,68,59,57,57,127,114,0.08280254777070063,neutral
GNYYVRGL,19,11,13,12,30,25,0.08333333333333333,neutral
ICNLGLFS,3,3,2,1,6,3,0.08333333333333333,neutral
DDCCVYRD,5,1,3,0,6,3,0.08333333333333333,neutral
YYLCHCVH,5,1,2,1,6,3,0.08333333333333333,neutral
FCGIGSCI,18,12,15,10,30,25,0.08333333333333333,neutral
DGRDSGSG,63,51,45,57,114,102,0.08333333333333333,neutral
CGYFFFSG,3,3,1,2,6,3,0.08333333333333333,neutral
CFFRRRFG,29,25,17,30,54,47,0.08333333333333333,neutral
VFVCVNRS,24,18,18,18,42,36,0.08333333333333333,neutral
LFFNCLGD,3,3,0,3,6,3,0.08333333333333333,neutral
ICLDGFSR,21,9,15,10,30,25,0.08333333333333333,neutral
NCLDGDFI,30,12,14,22,42,36,0.08333333333333333,neutral
LILLSVRI,5,1,2,1,6,3,0.08333333333333333,neutral
FCCFSHFD,5,1,1,2,6,3,0.08333333333333333,neutral
DRRIHYFN,2,4,1,2,6,3,0.08333333333333333,neutral
FFCSGYNF,25,17,13,23,42,36,0.08333333333333333,neutral
VCHVGICC,10,8,10,4,18,14,0.08333333333333333,neutral
YCYVSCIH,26,16,14,22,42,36,0.08333333333333333,neutral
GRSDCDCH,41,25,27,31,66,58,0.08333333333333333,neutral
FGLYDVGV,1,5,1,2,6,3,0.08333333333333333,neutral
CIYCDSDL,1,5,1,2,6,3,0.08333333333333333,neutral
FSIVNICS,11,7,9,5,18,14,0.08333333333333333,neutral
FFGGGCCF,6,0,1,2,6,3,0.08333333333333333,neutral
SCDGYYGG,4,2,1,2,6,3,0.08333333333333333,neutral
YRFYGCCD,5,1,1,2,6,3,0.08333333333333333,neutral
CDFVVDII,3,3,1,2,6,3,0.08333333333333333,neutral
DGCCLVSC,36,30,33,25,66,58,0.08333333333333333,neutral
CDFVSIHR,13,5,5,9,18,14,0.08333333333333333,neutral
SYSLLSLL,3,3,1,2,6,3,0.08333333333333333,neutral
FVYRGDRV,22,8,10,15,30,25,0.08333333333333333,neutral
LGCSVVFY,0,6,1,2,6,3,0.08333333333333333,neutral
FYVFNSRI,13,5,4,10,18,14,0.08333333333333333,neutral
DVGCLFVH,5,1,0,3,6,3,0.08333333333333333,neutral
SYVDNCCS,2,4,0,3,6,3,0.08333333333333333,neutral
SNNLGSCF,12,6,6,8,18,14,0.08333333333333333,neutral
DCCFNLRI,23,7,10,15,30,25,0.08333333333333333,neutral
FGNRRFYV,24,6,11,14,30,25,0.08333333333333333,neutral
FIGVFSRC,17,13,8,17,30,25,0.08333333333333333,neutral
INNFGRCV,17,13,8,17,30,25,0.08333333333333333,neutral
VCHVSFCC,3,3,2,1,6,3,0.08333333333333333,neutral
CNCCYFCL,1,5,2,1,6,3,0.08333333333333333,neutral
NYGVFVRF,4,2,1,2,6,3,0.08333333333333333,neutral
FRDFYGSG,9,9,3,11,18,14,0.08333333333333333,neutral
FLSCDVFR,19,11,16,9,30,25,0.08333333333333333,neutral
NYSCCDRI,27,15,19,17,42,36,0.08333333333333333,neutral
NFVNDFNL,13,5,7,7,18,14,0.08333333333333333,neutral
FGCFGFCC,6,0,1,2,6,3,0.08333333333333333,neutral
DCFCNFRS,21,21,15,21,42,36,0.08333333333333333,neutral
CYDCRIRG,3,3,0,3,6,3,0.08333333333333333,neutral
RNNVYFGR,1,5,2,1,6,3,0.08333333333333333,neutral
NYSFCCCD,6,0,2,1,6,3,0.08333333333333333,neutral
VYRDICRC,48,30,37,32,78,69,0.08333333333333333,neutral
YFHDVRGH,3,3,0,3,6,3,0.08333333333333333,neutral
CIDIFCCC,4,2,2,1,6,3,0.08333333333333333,neutral
YRVDLCLG,4,2,3,0,6,3,0.08333333333333333,neutral
FGCFIHCD,2,4,1,2,6,3,0.08333333333333333,neutral
FFVFDCFR,2,4,2,1,6,3,0.08333333333333333,neutral
FSVVDCFV,5,1,0,3,6,3,0.08333333333333333,neutral
HFLVRFLV,4,2,1,2,6,3,0.08333333333333333,neutral
CIHHYFRV,6,0,2,1,6,3,0.08333333333333333,neutral
FCNVRGCI,5,1,2,1,6,3,0.08333333333333333,neutral
LLGCIYHC,17,13,7,18,30,25,0.08333333333333333,neutral
FFICYHSG,3,3,2,1,6,3,0.08333333333333333,neutral
FVFGGLIS,3,3,2,1,6,3,0.08333333333333333,neutral
CSRLIFVC,4,2,1,2,6,3,0.08333333333333333,neutral
RHCFCDCS,13,5,3,11,18,14,0.08333333333333333,neutral
VFYCLYDD,4,2,0,3,6,3,0.08333333333333333,neutral
FVCRRGSC,15,3,6,8,18,14,0.08333333333333333,neutral
VGFGDCVF,3,3,0,3,6,3,0.08333333333333333,neutral
VCDYLHLC,2,4,1,2,6,3,0.08333333333333333,neutral
FIFCHGCH,5,1,2,1,6,3,0.08333333333333333,neutral
RCCDVGYG,3,3,1,2,6,3,0.08333333333333333,neutral
GGGLNVGY,75,62,61,62,137,123,0.08383233532934131,neutral
DGGIFSVS,66,47,50,51,113,101,0.08391608391608392,neutral
HLILRNLN,59,42,40,50,101,90,0.08396946564885496,neutral
GHSFISVD,56,45,39,51,101,90,0.08396946564885496,neutral
CGSVVHFN,48,29,31,37,77,68,0.08411214953271028,neutral
VVIHHGDI,40,25,28,29,65,57,0.08421052631578947,neutral
IGVIYRGL,38,27,22,35,65,57,0.08421052631578947,neutral
VYSCVNVG,41,24,24,33,65,57,0.08421052631578947,neutral
HSGYCIVC,33,20,21,25,53,46,0.08433734939759036,neutral
LIYCDVSL,30,23,17,29,53,46,0.08433734939759036,neutral
VCHLFHRC,33,20,24,22,53,46,0.08433734939759036,neutral
GLHGRCYG,31,22,25,21,53,46,0.08433734939759036,neutral
FCLIGSGS,30,23,27,19,53,46,0.08433734939759036,neutral
FLFCNCDV,33,20,25,21,53,46,0.08433734939759036,neutral
GYCCHDRG,29,12,15,20,41,35,0.08450704225352113,neutral
SFFVGCVI,25,16,23,12,41,35,0.08450704225352113,neutral
YYCNSYIY,23,18,17,18,41,35,0.08450704225352113,neutral
YFCGGHGF,26,15,22,13,41,35,0.08450704225352113,neutral
FCGGISLR,57,43,35,54,100,89,0.08461538461538462,neutral
FYLSDFVC,16,13,13,11,29,24,0.0847457627118644,neutral
ILGLFCDC,17,12,13,11,29,24,0.0847457627118644,neutral
INFCDLRH,15,14,11,13,29,24,0.0847457627118644,neutral
GHSCCLGN,19,10,12,12,29,24,0.0847457627118644,neutral
SDYCHYRG,21,8,10,14,29,24,0.0847457627118644,neutral
VIFRCGRH,14,15,14,10,29,24,0.0847457627118644,neutral
FDFLINCR,22,7,14,10,29,24,0.0847457627118644,neutral
LNFLILGS,20,9,12,12,29,24,0.0847457627118644,neutral
LCNHGGSC,18,11,14,10,29,24,0.0847457627118644,neutral
DCFSVRHV,45,31,31,36,76,67,0.08490566037735849,neutral
FVGYCCNC,8,9,10,3,17,13,0.0851063829787234,neutral
FVFCCNDD,12,5,10,3,17,13,0.0851063829787234,neutral
SGCGIVFF,12,5,7,6,17,13,0.0851063829787234,neutral
GLVRCFHN,41,23,27,29,64,56,0.0851063829787234,neutral
CFFRVSCV,9,8,7,6,17,13,0.0851063829787234,neutral
CICGISVI,10,7,5,8,17,13,0.0851063829787234,neutral
SSYNYVIS,11,6,5,8,17,13,0.0851063829787234,neutral
DRYNVDVI,38,26,32,24,64,56,0.0851063829787234,neutral
FNCISIVR,13,4,5,8,17,13,0.0851063829787234,neutral
LFCRHCGC,11,6,8,5,17,13,0.0851063829787234,neutral
SFHRCGGY,9,8,8,5,17,13,0.0851063829787234,neutral
GDYDDGVY,12,5,6,7,17,13,0.0851063829787234,neutral
GGRYCCGG,34,18,19,26,52,45,0.08536585365853659,neutral
CLCVDGLS,35,17,21,24,52,45,0.08536585365853659,neutral
CFRYRGGR,30,22,22,23,52,45,0.08536585365853659,neutral
CCHDLGIR,33,19,15,30,52,45,0.08536585365853659,neutral
RFHGCYCN,31,21,22,23,52,45,0.08536585365853659,neutral
HHGSFCVH,30,22,17,28,52,45,0.08536585365853659,neutral
CCFIGGRL,34,18,17,28,52,45,0.08536585365853659,neutral
GCCDFFIC,31,21,24,21,52,45,0.08536585365853659,neutral
RDHIGDHG,53,34,41,36,87,77,0.08547008547008547,neutral
VYLNCLVV,52,35,39,38,87,77,0.08547008547008547,neutral
VFSGCSYD,1,4,1,1,5,2,0.08571428571428572,neutral
FCFRGDVS,4,1,2,0,5,2,0.08571428571428572,neutral
SVSVFVHY,4,1,1,1,5,2,0.08571428571428572,neutral
GRRIFGRL,3,2,0,2,5,2,0.08571428571428572,neutral
GNYFHCDD,4,1,1,1,5,2,0.08571428571428572,neutral
FFYCVIVC,3,2,1,1,5,2,0.08571428571428572,neutral
VCGSDGGR,4,1,2,0,5,2,0.08571428571428572,neutral
CCCIVYSR,4,1,0,2,5,2,0.08571428571428572,neutral
LSIIGILC,3,2,2,0,5,2,0.08571428571428572,neutral
IIRGDHRY,3,2,2,0,5,2,0.08571428571428572,neutral
DLHCLFYV,4,1,1,1,5,2,0.08571428571428572,neutral
LYVSIIDR,4,1,1,1,5,2,0.08571428571428572,neutral
YINVGVGD,63,47,50,48,110,98,0.08571428571428572,neutral
IRDRILRL,23,17,17,17,40,34,0.08571428571428572,neutral
YFCCHRSL,2,3,1,1,5,2,0.08571428571428572,neutral
RSNCGCYI,25,15,19,15,40,34,0.08571428571428572,neutral
GYHGDFLS,4,1,0,2,5,2,0.08571428571428572,neutral
HYCCDCYF,2,3,2,0,5,2,0.08571428571428572,neutral
CCRIIISC,3,2,2,0,5,2,0.08571428571428572,neutral
RIYSSDII,3,2,1,1,5,2,0.08571428571428572,neutral
CCYRNGYD,4,1,0,2,5,2,0.08571428571428572,neutral
FVLILFGD,4,1,1,1,5,2,0.08571428571428572,neutral
YCHDYDDH,3,2,1,1,5,2,0.08571428571428572,neutral
YYFVRFHG,2,3,1,1,5,2,0.08571428571428572,neutral
CSISYVHH,3,2,1,1,5,2,0.08571428571428572,neutral
INLYGYLI,3,2,1,1,5,2,0.08571428571428572,neutral
IYVSFNFC,3,2,0,2,5,2,0.08571428571428572,neutral
RISCLDSI,47,28,38,28,75,66,0.08571428571428572,neutral
VICCSFHC,3,2,0,2,5,2,0.08571428571428572,neutral
LLSGCSYR,4,1,0,2,5,2,0.08571428571428572,neutral
CSCFCCYD,3,2,1,1,5,2,0.08571428571428572,neutral
FCFYCNGV,3,2,2,0,5,2,0.08571428571428572,neutral
CYGCRFSD,2,3,2,0,5,2,0.08571428571428572,neutral
FHCRVFFS,25,15,14,20,40,34,0.08571428571428572,neutral
GCHRHICF,3,2,1,1,5,2,0.08571428571428572,neutral
DFVSFGRL,3,2,1,1,5,2,0.08571428571428572,neutral
GGLCGGVY,4,1,1,1,5,2,0.08571428571428572,neutral
CCHSSDVR,4,1,1,1,5,2,0.08571428571428572,neutral
ICFFICCC,3,2,2,0,5,2,0.08571428571428572,neutral
GCGNCLLC,2,3,1,1,5,2,0.08571428571428572,neutral
HFFSCSLV,2,3,1,1,5,2,0.08571428571428572,neutral
CGGCVCYS,3,2,0,2,5,2,0.08571428571428572,neutral
HCDYCGHR,4,1,1,1,5,2,0.08571428571428572,neutral
FRYNLCHL,4,1,1,1,5,2,0.08571428571428572,neutral
FDYGGFRI,1,4,0,2,5,2,0.08571428571428572,neutral
IFVCGGCY,1,4,1,1,5,2,0.08571428571428572,neutral
RGYCVGGD,24,16,17,17,40,34,0.08571428571428572,neutral
RISVHLLR,2,3,1,1,5,2,0.08571428571428572,neutral
GCLCCCYF,4,1,1,1,5,2,0.08571428571428572,neutral
YSSHLLVV,2,3,0,2,5,2,0.08571428571428572,neutral
GRRIIILR,5,0,2,0,5,2,0.08571428571428572,neutral
IGLFDSIG,5,0,0,2,5,2,0.08571428571428572,neutral
VVCVGYLV,3,2,1,1,5,2,0.08571428571428572,neutral
CYISGCGC,3,2,1,1,5,2,0.08571428571428572,neutral
LCFVSCHI,3,2,0,2,5,2,0.08571428571428572,neutral
YCSDGYLL,5,0,1,1,5,2,0.08571428571428572,neutral
VFVFDGIL,28,12,17,17,40,34,0.08571428571428572,neutral
IIYRSHVR,4,1,0,2,5,2,0.08571428571428572,neutral
FFGHVDRV,3,2,0,2,5,2,0.08571428571428572,neutral
NCFLCLNL,3,2,1,1,5,2,0.08571428571428572,neutral
CSCCGHVH,3,2,1,1,5,2,0.08571428571428572,neutral
FYLGCGIR,2,3,2,0,5,2,0.08571428571428572,neutral
CFCHFFIF,2,3,1,1,5,2,0.08571428571428572,neutral
VFCDCVII,3,2,1,1,5,2,0.08571428571428572,neutral
FFIDSSRC,4,1,1,1,5,2,0.08571428571428572,neutral
FCGYDVRY,4,1,0,2,5,2,0.08571428571428572,neutral
LRLISYLI,4,1,1,1,5,2,0.08571428571428572,neutral
YCLVLCSY,4,1,2,0,5,2,0.08571428571428572,neutral
VCLCFGGF,3,2,1,1,5,2,0.08571428571428572,neutral
GYFCGDNF,0,5,1,1,5,2,0.08571428571428572,neutral
ICSGFIFH,2,3,0,2,5,2,0.08571428571428572,neutral
CYVCIFHD,3,2,0,2,5,2,0.08571428571428572,neutral
ILSVCFNF,3,2,0,2,5,2,0.08571428571428572,neutral
IFVVGVHD,3,2,0,2,5,2,0.08571428571428572,neutral
FGLGCYGG,2,3,2,0,5,2,0.08571428571428572,neutral
FVRFIRCY,3,2,1,1,5,2,0.08571428571428572,neutral
GRRIIGCH,4,1,2,0,5,2,0.08571428571428572,neutral
LRSINLSF,4,1,1,1,5,2,0.08571428571428572,neutral
YYHGVCIC,2,3,0,2,5,2,0.08571428571428572,neutral
HSLVCSCL,41,22,29,26,63,55,0.08602150537634409,neutral
VFSCLLYD,38,25,29,26,63,55,0.08602150537634409,neutral
RRILCSCI,15,13,10,13,28,23,0.08620689655172414,neutral
VDCNRCNF,19,9,15,8,28,23,0.08620689655172414,neutral
YFGVSFDI,17,11,12,11,28,23,0.08620689655172414,neutral
CYCYHFNH,18,10,13,10,28,23,0.08620689655172414,neutral
SIIRNLFC,16,12,13,10,28,23,0.08620689655172414,neutral
YRNCGGCC,13,15,8,15,28,23,0.08620689655172414,neutral
SVGNRNDF,49,37,39,37,86,76,0.08620689655172414,neutral
FYFGCYGV,21,7,15,8,28,23,0.08620689655172414,neutral
CGIYSSGR,17,11,13,10,28,23,0.08620689655172414,neutral
RHFGFNVC,15,13,8,15,28,23,0.08620689655172414,neutral
GCILRDIG,22,6,10,13,28,23,0.08620689655172414,neutral
DCYNHDCC,21,7,12,11,28,23,0.08620689655172414,neutral
CLDLNHVV,18,10,7,16,28,23,0.08620689655172414,neutral
LNIGLRGG,29,22,16,28,51,44,0.08641975308641975,neutral
FDLGDGLR,28,23,23,21,51,44,0.08641975308641975,neutral
LSDGFLRH,32,19,23,21,51,44,0.08641975308641975,neutral
LIVGCDIV,33,18,16,28,51,44,0.08641975308641975,neutral
ISIYVGDR,39,35,36,29,74,65,0.08653846153846154,neutral
FLFGYNCC,55,42,39,47,97,86,0.08661417322834646,neutral
LCYSGVLH,11,5,8,4,16,12,0.08695652173913043,neutral
SGYIRRIR,23,16,13,20,39,33,0.08695652173913043,neutral
YFLCDRGC,10,6,8,4,16,12,0.08695652173913043,neutral
CSIFLHVS,11,5,5,7,16,12,0.08695652173913043,neutral
CYNRNYGD,26,13,13,20,39,33,0.08695652173913043,neutral
FSVDCGRL,29,10,16,17,39,33,0.08695652173913043,neutral
CGVLGGRF,48,37,43,32,85,75,0.08695652173913043,neutral
YCRDYCSC,7,9,4,8,16,12,0.08695652173913043,neutral
LGCFIFHG,23,16,9,24,39,33,0.08695652173913043,neutral
YDGCYVFH,7,9,6,6,16,12,0.08695652173913043,neutral
SFCIDNFD,23,16,15,18,39,33,0.08695652173913043,neutral
YSGCGVCD,48,37,40,35,85,75,0.08695652173913043,neutral
GYGVGILV,37,25,25,29,62,54,0.08695652173913043,neutral
YVRVSRGF,27,12,18,15,39,33,0.08695652173913043,neutral
VDLNRFVR,25,14,19,14,39,33,0.08695652173913043,neutral
FSIIFVSY,8,8,7,5,16,12,0.08695652173913043,neutral
HSCCGGRV,10,6,6,6,16,12,0.08695652173913043,neutral
RVDCIYCS,12,4,4,8,16,12,0.08695652173913043,neutral
VCDVVSLC,6,10,5,7,16,12,0.08695652173913043,neutral
VFDSLIGS,11,5,10,2,16,12,0.08695652173913043,neutral
NFFGICRC,37,25,30,24,62,54,0.08695652173913043,neutral
NINISGLG,40,22,26,28,62,54,0.08695652173913043,neutral
YHVHRVLG,13,3,5,7,16,12,0.08695652173913043,neutral
RCCYDNGC,22,17,19,14,39,33,0.08695652173913043,neutral
GYLDFVSL,9,7,7,5,16,12,0.08695652173913043,neutral
VFGCRFIV,78,64,57,70,142,127,0.0872093023255814,neutral
RCVFGSHL,55,41,44,41,96,85,0.0873015873015873,neutral
VIVGRCYC,54,42,41,44,96,85,0.0873015873015873,neutral
CVYLDVRG,45,28,30,34,73,64,0.08737864077669903,neutral
FSLGVSHR,32,18,21,22,50,43,0.0875,neutral
HCDCGVRC,33,17,16,27,50,43,0.0875,neutral
FRGLCYVV,62,45,41,54,107,95,0.08759124087591241,neutral
LFYYSYHH,22,5,11,11,27,22,0.08771929824561403,neutral
SGLLVNCD,16,11,11,11,27,22,0.08771929824561403,neutral
FHFFFDHS,14,13,15,7,27,22,0.08771929824561403,neutral
RCYFVDCL,20,7,10,12,27,22,0.08771929824561403,neutral
NFGSGRFR,18,9,13,9,27,22,0.08771929824561403,neutral
LLFFDNCC,17,10,10,12,27,22,0.08771929824561403,neutral
RYNYSYSC,18,9,8,14,27,22,0.08771929824561403,neutral
FFSHYVVH,20,7,7,15,27,22,0.08771929824561403,neutral
YCYSSGCD,14,13,11,11,27,22,0.08771929824561403,neutral
SDGLYGVD,17,10,8,14,27,22,0.08771929824561403,neutral
RFNSFRFR,38,23,22,31,61,53,0.08791208791208792,neutral
CVRLSFCG,34,27,26,27,61,53,0.08791208791208792,neutral
IYSVIGHL,53,42,44,40,95,84,0.088,neutral
NVGCFVNH,69,60,59,56,129,115,0.0880503144654088,neutral
LFFYIYNV,3,1,0,1,4,1,0.08823529411764706,neutral
FGRNVCYV,3,1,1,0,4,1,0.08823529411764706,neutral
GFFFSFVV,3,1,0,1,4,1,0.08823529411764706,neutral
VHVNCDIF,1,3,0,1,4,1,0.08823529411764706,neutral
HCVCGSSC,1,3,0,1,4,1,0.08823529411764706,neutral
GRRDHYLR,4,0,0,1,4,1,0.08823529411764706,neutral
GIFCNDVY,3,1,1,0,4,1,0.08823529411764706,neutral
YFIRGYIS,3,1,0,1,4,1,0.08823529411764706,neutral
FCCFGCHL,2,2,0,1,4,1,0.08823529411764706,neutral
YVIHNSYC,0,4,1,0,4,1,0.08823529411764706,neutral
FCRRRSGR,0,4,1,0,4,1,0.08823529411764706,neutral
YSVDINGF,3,1,0,1,4,1,0.08823529411764706,neutral
VYYGRLGG,44,28,31,32,72,63,0.08823529411764706,neutral
LVSCGIHG,3,1,1,0,4,1,0.08823529411764706,neutral
CFCDGYVV,3,1,1,0,4,1,0.08823529411764706,neutral
RCVFFFFF,4,0,1,0,4,1,0.08823529411764706,neutral
CHHGYCVF,3,1,0,1,4,1,0.08823529411764706,neutral
GISDDNLV,2,2,0,1,4,1,0.08823529411764706,neutral
FYIFVCFV,2,2,1,0,4,1,0.08823529411764706,neutral
CCYLGYGI,2,2,0,1,4,1,0.08823529411764706,neutral
VYGYLCDL,1,3,1,0,4,1,0.08823529411764706,neutral
FSIFSFVI,4,0,1,0,4,1,0.08823529411764706,neutral
FCVRVCRG,3,1,0,1,4,1,0.08823529411764706,neutral
FCHGIDDV,2,2,1,0,4,1,0.08823529411764706,neutral
YGCFGNVI,1,3,0,1,4,1,0.08823529411764706,neutral
CVFNIGND,3,1,1,0,4,1,0.08823529411764706,neutral
FCDDSIHI,3,1,1,0,4,1,0.08823529411764706,neutral
GIIDRGYH,0,4,0,1,4,1,0.08823529411764706,neutral
YFLDGCYY,4,0,0,1,4,1,0.08823529411764706,neutral
IVSRGRLF,3,1,1,0,4,1,0.08823529411764706,neutral
VIDGIVLD,3,1,0,1,4,1,0.08823529411764706,neutral
FSFFGCCC,2,2,0,1,4,1,0.08823529411764706,neutral
FFLFCVNI,4,0,1,0,4,1,0.08823529411764706,neutral
YCYCLCNC,2,2,0,1,4,1,0.08823529411764706,neutral
LCLCRFCS,2,2,0,1,4,1,0.08823529411764706,neutral
FLFNVYSI,2,2,0,1,4,1,0.08823529411764706,neutral
VDVGVFFG,3,1,1,0,4,1,0.08823529411764706,neutral
CYVFDFVS,0,4,1,0,4,1,0.08823529411764706,neutral
FCGVLFSG,2,2,1,0,4,1,0.08823529411764706,neutral
CSHGHNFG,4,0,1,0,4,1,0.08823529411764706,neutral
FVCIVCRD,1,3,0,1,4,1,0.08823529411764706,neutral
VFIDFLRG,43,29,27,36,72,63,0.08823529411764706,neutral
DYYVRILC,4,0,0,1,4,1,0.08823529411764706,neutral
VHVYDGCF,3,1,1,0,4,1,0.08823529411764706,neutral
YCLFVCVC,3,1,0,1,4,1,0.08823529411764706,neutral
GYVIYLVD,4,0,0,1,4,1,0.08823529411764706,neutral
CCCDDVFY,3,1,0,1,4,1,0.08823529411764706,neutral
FFYYGVVD,20,18,21,11,38,32,0.08823529411764706,neutral
YCGRVGCL,2,2,0,1,4,1,0.08823529411764706,neutral
ICHNCYCL,3,1,0,1,4,1,0.08823529411764706,neutral
VCSGDFCS,4,0,1,0,4,1,0.08823529411764706,neutral
FFLYDCVC,2,2,0,1,4,1,0.08823529411764706,neutral
FCCLLDVR,2,2,0,1,4,1,0.08823529411764706,neutral
DFFFFFNL,2,2,0,1,4,1,0.08823529411764706,neutral
FVVRNGCG,2,2,0,1,4,1,0.08823529411764706,neutral
CLIFCLDV,4,0,0,1,4,1,0.08823529411764706,neutral
FHFGYCGD,3,1,0,1,4,1,0.08823529411764706,neutral
RLYRRHVG,1,3,1,0,4,1,0.08823529411764706,neutral
FCRGYCGC,4,0,0,1,4,1,0.08823529411764706,neutral
VFIVRSCF,0,4,1,0,4,1,0.08823529411764706,neutral
RLCHDIYG,2,2,0,1,4,1,0.08823529411764706,neutral
DISYSIFC,2,2,1,0,4,1,0.08823529411764706,neutral
CCDGCGFV,3,1,0,1,4,1,0.08823529411764706,neutral
VCGVGCRD,3,1,0,1,4,1,0.08823529411764706,neutral
FIYICSCG,4,0,1,0,4,1,0.08823529411764706,neutral
FGVLNCDV,1,3,0,1,4,1,0.08823529411764706,neutral
VRGIIGCC,2,2,1,0,4,1,0.08823529411764706,neutral
YGGIILHC,3,1,0,1,4,1,0.08823529411764706,neutral
FICVFSIF,2,2,0,1,4,1,0.08823529411764706,neutral
LVHGSICC,2,2,1,0,4,1,0.08823529411764706,neutral
IYNCIGYH,3,1,0,1,4,1,0.08823529411764706,neutral
RGCLDCCY,2,2,1,0,4,1,0.08823529411764706,neutral
CFCCFRVR,1,3,0,1,4,1,0.08823529411764706,neutral
VHNFNYLF,2,2,0,1,4,1,0.08823529411764706,neutral
FDSCLGLL,2,2,1,0,4,1,0.08823529411764706,neutral
CSCSSLGY,0,4,1,0,4,1,0.08823529411764706,neutral
FHCCCVFC,3,1,0,1,4,1,0.08823529411764706,neutral
YCYGRGYG,2,2,1,0,4,1,0.08823529411764706,neutral
VCFGNYGF,1,3,0,1,4,1,0.08823529411764706,neutral
CNVYLIFY,3,1,1,0,4,1,0.08823529411764706,neutral
SVVCFGLG,3,1,1,0,4,1,0.08823529411764706,neutral
YCGFGLDR,0,4,1,0,4,1,0.08823529411764706,neutral
GVVYVIRV,4,0,1,0,4,1,0.08823529411764706,neutral
FLGILHDV,4,0,0,1,4,1,0.08823529411764706,neutral
CFSVFCVL,4,0,0,1,4,1,0.08823529411764706,neutral
VDDLCLIR,3,1,1,0,4,1,0.08823529411764706,neutral
VLFYISLF,1,3,0,1,4,1,0.08823529411764706,neutral
VLGRGVGY,2,2,0,1,4,1,0.08823529411764706,neutral
FYGCDLGC,4,0,0,1,4,1,0.08823529411764706,neutral
FDCYCYDS,4,0,1,0,4,1,0.08823529411764706,neutral
CCYIYFNF,3,1,0,1,4,1,0.08823529411764706,neutral
VFVHVCDD,4,0,0,1,4,1,0.08823529411764706,neutral
VVCYGCVC,1,3,0,1,4,1,0.08823529411764706,neutral
GRRIIIYV,1,3,1,0,4,1,0.08823529411764706,neutral
VCLSCIRH,1,3,0,1,4,1,0.08823529411764706,neutral
RVFSCLDC,0,4,1,0,4,1,0.08823529411764706,neutral
FRLICLYV,2,2,1,0,4,1,0.08823529411764706,neutral
FCYSCFRF,3,1,0,1,4,1,0.08823529411764706,neutral
CGCCNIGI,2,2,1,0,4,1,0.08823529411764706,neutral
NRSFIVLY,1,3,1,0,4,1,0.08823529411764706,neutral
CFIGDGCS,4,0,1,0,4,1,0.08823529411764706,neutral
FCCYRLRS,4,0,0,1,4,1,0.08823529411764706,neutral
CFYGIFFG,2,2,0,1,4,1,0.08823529411764706,neutral
CYSGCRCR,3,1,1,0,4,1,0.08823529411764706,neutral
VCDGCIII,4,0,1,0,4,1,0.08823529411764706,neutral
CCNSVYRD,2,2,0,1,4,1,0.08823529411764706,neutral
GSRIINGR,4,0,1,0,4,1,0.08823529411764706,neutral
YLGFFVFH,2,2,0,1,4,1,0.08823529411764706,neutral
CFLHICCF,3,1,1,0,4,1,0.08823529411764706,neutral
FYGSRVVS,1,3,0,1,4,1,0.08823529411764706,neutral
SFCIFCYF,3,1,0,1,4,1,0.08823529411764706,neutral
FYHGDGGF,4,0,1,0,4,1,0.08823529411764706,neutral
CCHRLHYC,3,1,0,1,4,1,0.08823529411764706,neutral
CVDGDCVC,42,30,30,33,72,63,0.08823529411764706,neutral
DHNVVNVI,3,1,1,0,4,1,0.08823529411764706,neutral
FYVSNDVY,3,1,0,1,4,1,0.08823529411764706,neutral
YVFYCFRV,4,0,1,0,4,1,0.08823529411764706,neutral
CGCHIVIC,2,2,1,0,4,1,0.08823529411764706,neutral
CVFYLVGV,4,0,1,0,4,1,0.08823529411764706,neutral
GYCRDYCI,2,2,1,0,4,1,0.08823529411764706,neutral
CIRGDYFS,2,2,0,1,4,1,0.08823529411764706,neutral
RGDHGGFC,26,12,16,16,38,32,0.08823529411764706,neutral
FRCCCRRV,3,1,1,0,4,1,0.08823529411764706,neutral
ICRFGVCN,2,2,0,1,4,1,0.08823529411764706,neutral
RFCFGIFF,1,3,0,1,4,1,0.08823529411764706,neutral
DFNGSYYY,3,1,1,0,4,1,0.08823529411764706,neutral
CGRSLYVV,3,1,0,1,4,1,0.08823529411764706,neutral
CLGFGNNC,3,1,1,0,4,1,0.08823529411764706,neutral
FCVGHVVS,25,13,18,14,38,32,0.08823529411764706,neutral
GRRLINSI,2,2,0,1,4,1,0.08823529411764706,neutral
CFYFIGGN,4,0,0,1,4,1,0.08823529411764706,neutral
LNSGCFSV,22,16,18,14,38,32,0.08823529411764706,neutral
CYDHFIFV,2,2,0,1,4,1,0.08823529411764706,neutral
HRFGDRGY,4,0,0,1,4,1,0.08823529411764706,neutral
VGYCCCDD,3,1,1,0,4,1,0.08823529411764706,neutral
FCSFCDCD,2,2,1,0,4,1,0.08823529411764706,neutral
FDDVYFLL,4,0,0,1,4,1,0.08823529411764706,neutral
CRFFRIVG,21,17,13,19,38,32,0.08823529411764706,neutral
RVCSVFFI,4,0,1,0,4,1,0.08823529411764706,neutral
RFNFVCHL,2,2,1,0,4,1,0.08823529411764706,neutral
RFFCVFYI,3,1,0,1,4,1,0.08823529411764706,neutral
VCFRLVYN,16,22,14,18,38,32,0.08823529411764706,neutral
FYLHGVLG,2,2,0,1,4,1,0.08823529411764706,neutral
GRSFHYFF,2,2,0,1,4,1,0.08823529411764706,neutral
CLVYNCID,2,2,0,1,4,1,0.08823529411764706,neutral
CCRFCYSH,2,2,0,1,4,1,0.08823529411764706,neutral
VIRFDSRV,41,31,31,32,72,63,0.08823529411764706,neutral
LNCCVGFR,2,2,1,0,4,1,0.08823529411764706,neutral
VYLFSYLN,3,1,0,1,4,1,0.08823529411764706,neutral
FCVIRHNR,4,0,0,1,4,1,0.08823529411764706,neutral
NRVSSLYS,0,4,1,0,4,1,0.08823529411764706,neutral
CCCGCFDN,3,1,0,1,4,1,0.08823529411764706,neutral
VIICVYGR,4,0,1,0,4,1,0.08823529411764706,neutral
CCFGCNVC,3,1,0,1,4,1,0.08823529411764706,neutral
FVGVVDGN,3,1,0,1,4,1,0.08823529411764706,neutral
SCNLYNIS,22,16,19,13,38,32,0.08823529411764706,neutral
VIRYHCCF,3,1,0,1,4,1,0.08823529411764706,neutral
SCFNDCCS,4,0,1,0,4,1,0.08823529411764706,neutral
CCCCYCRY,3,1,0,1,4,1,0.08823529411764706,neutral
LIVLCFNC,1,3,1,0,4,1,0.08823529411764706,neutral
CSVRDYVV,18,20,19,13,38,32,0.08823529411764706,neutral
VSDSCVIC,3,1,0,1,4,1,0.08823529411764706,neutral
VVCYFCCV,2,2,0,1,4,1,0.08823529411764706,neutral
DFGLNCLY,1,3,0,1,4,1,0.08823529411764706,neutral
YLFGHYIH,4,0,0,1,4,1,0.08823529411764706,neutral
FCCCDNIC,3,1,0,1,4,1,0.08823529411764706,neutral
SFCCHFDC,3,1,0,1,4,1,0.08823529411764706,neutral
SLNCCCVG,3,1,1,0,4,1,0.08823529411764706,neutral
CYSVSDGN,2,2,1,0,4,1,0.08823529411764706,neutral
SHVCIVLG,1,3,0,1,4,1,0.08823529411764706,neutral
ICGIVSDF,2,2,0,1,4,1,0.08823529411764706,neutral
FCFVCYFF,3,1,1,0,4,1,0.08823529411764706,neutral
RRIDIDGF,4,0,1,0,4,1,0.08823529411764706,neutral
CCRCVDYD,4,0,0,1,4,1,0.08823529411764706,neutral
FCCVDCIF,3,1,0,1,4,1,0.08823529411764706,neutral
DLFGIYSS,45,38,37,36,83,73,0.08849557522123894,neutral
LHHNFVHN,45,38,33,40,83,73,0.08849557522123894,neutral
ICFGNICG,32,17,22,20,49,42,0.08860759493670886,neutral
RVGVLVHD,34,15,17,25,49,42,0.08860759493670886,neutral
VGRVYCYC,33,16,16,26,49,42,0.08860759493670886,neutral
FVHRLDSV,32,17,24,18,49,42,0.08860759493670886,neutral
LRVIDYRR,31,18,16,26,49,42,0.08860759493670886,neutral
YSGCCNLG,55,39,42,41,94,83,0.08870967741935484,neutral
IGHCDHLH,12,3,2,9,15,11,0.08888888888888889,neutral
LCLIRGCG,10,5,7,4,15,11,0.08888888888888889,neutral
FDRVCFHC,7,8,7,4,15,11,0.08888888888888889,neutral
GSCVICHD,62,43,45,48,105,93,0.08888888888888889,neutral
VCDCDFHI,8,7,5,6,15,11,0.08888888888888889,neutral
YVLSDGSL,11,4,5,6,15,11,0.08888888888888889,neutral
YFGYVGCC,10,5,7,4,15,11,0.08888888888888889,neutral
CGVYLNFH,10,5,2,9,15,11,0.08888888888888889,neutral
CHRVRSYI,10,5,4,7,15,11,0.08888888888888889,neutral
VGCGCIDC,11,4,7,4,15,11,0.08888888888888889,neutral
FGCCFFIN,13,2,7,4,15,11,0.08888888888888889,neutral
GIVICDFD,11,4,8,3,15,11,0.08888888888888889,neutral
FGDFVYSY,8,7,6,5,15,11,0.08888888888888889,neutral
CFCGIRFG,6,9,5,6,15,11,0.08888888888888889,neutral
YDGFCIFG,9,6,3,8,15,11,0.08888888888888889,neutral
FGLLGGGL,9,6,6,5,15,11,0.08888888888888889,neutral
SLSFCRLV,11,4,9,2,15,11,0.08888888888888889,neutral
FCDYDGIG,8,7,5,6,15,11,0.08888888888888889,neutral
GIFCGNRC,8,7,3,8,15,11,0.08888888888888889,neutral
FGDISCFY,9,6,8,3,15,11,0.08888888888888889,neutral
IYICGVSI,36,24,31,21,60,52,0.08888888888888889,neutral
FVHVNVND,39,21,22,30,60,52,0.08888888888888889,neutral
GYSSDFGG,86,75,68,76,161,144,0.08900523560209424,neutral
LVSDHSCG,62,54,54,49,116,103,0.08904109589041095,neutral
SGHNGGFH,37,34,27,35,71,62,0.0891089108910891,neutral
RLSFRSGD,39,32,28,34,71,62,0.0891089108910891,neutral
CDDRGFNL,37,34,40,22,71,62,0.0891089108910891,neutral
FYYCDVCG,44,27,27,35,71,62,0.0891089108910891,neutral
LYSIRSGV,16,10,11,10,26,21,0.08928571428571429,neutral
VYRSNNDV,49,33,34,38,82,72,0.08928571428571429,neutral
VFFDVCVH,18,8,9,12,26,21,0.08928571428571429,neutral
YDGGCNSL,16,10,12,9,26,21,0.08928571428571429,neutral
LDYFCIVG,18,8,11,10,26,21,0.08928571428571429,neutral
FYIIDRSF,11,15,12,9,26,21,0.08928571428571429,neutral
FVFNRRGR,19,7,5,16,26,21,0.08928571428571429,neutral
LHSYVVGG,19,18,20,11,37,31,0.08955223880597014,neutral
SIVCVNGI,25,12,12,19,37,31,0.08955223880597014,neutral
IVNGHNFH,20,17,13,18,37,31,0.08955223880597014,neutral
ILGIRNYF,18,19,15,16,37,31,0.08955223880597014,neutral
LNIGDLCR,30,18,27,14,48,41,0.08974358974358974,neutral
LLSDRRDF,29,19,19,22,48,41,0.08974358974358974,neutral
GNNFSYGC,30,18,21,20,48,41,0.08974358974358974,neutral
DFCFDFFV,34,25,19,32,59,51,0.0898876404494382,neutral
SFINLFCV,89,70,75,67,159,142,0.08994708994708994,neutral
IGDFRGLN,44,26,30,31,70,61,0.09,neutral
CFFGCDGS,43,27,30,31,70,61,0.09,neutral
NFHDHSCC,42,28,32,29,70,61,0.09,neutral
NDIISCVG,45,36,30,41,81,71,0.09009009009009009,neutral
CDVGRNDF,60,43,36,55,103,91,0.09022556390977443,neutral
SIDGGYSS,94,75,84,67,169,151,0.09045226130653267,neutral
FCIFGCDC,33,25,26,24,58,50,0.09090909090909091,neutral
VLLVLDLG,42,27,30,30,69,60,0.09090909090909091,neutral
CSCDSYSL,36,22,24,26,58,50,0.09090909090909091,neutral
NFFFDCCG,8,6,4,6,14,10,0.09090909090909091,neutral
DHSDCFGV,15,10,5,15,25,20,0.09090909090909091,neutral
FLRCHFRC,37,21,29,21,58,50,0.09090909090909091,neutral
VCNSCLFI,9,5,3,7,14,10,0.09090909090909091,neutral
RCGRFCGL,13,1,4,6,14,10,0.09090909090909091,neutral
IISIGDCC,10,4,6,4,14,10,0.09090909090909091,neutral
IRHDLCGG,36,22,31,19,58,50,0.09090909090909091,neutral
VIVCRFND,21,15,14,16,36,30,0.09090909090909091,neutral
HINRCIYC,25,22,22,18,47,40,0.09090909090909091,neutral
VLYSIRSI,16,9,9,11,25,20,0.09090909090909091,neutral
CYIYVDRI,24,12,15,15,36,30,0.09090909090909091,neutral
GICNLVDN,17,8,11,9,25,20,0.09090909090909091,neutral
GHYSGCFF,8,6,5,5,14,10,0.09090909090909091,neutral
LCIGNCSR,38,20,29,21,58,50,0.09090909090909091,neutral
GGRICRCG,9,5,4,6,14,10,0.09090909090909091,neutral
CLVRRVFR,11,3,6,4,14,10,0.09090909090909091,neutral
FVSSLCGH,9,5,6,4,14,10,0.09090909090909091,neutral
NIHGDDHG,10,4,3,7,14,10,0.09090909090909091,neutral
LFGHFLVS,42,38,27,43,80,70,0.09090909090909091,neutral
FRYSCVRI,21,15,15,15,36,30,0.09090909090909091,neutral
SDSLFGLG,29,18,13,27,47,40,0.09090909090909091,neutral
RNCFCSRF,15,10,6,14,25,20,0.09090909090909091,neutral
RGVCSGCH,11,3,4,6,14,10,0.09090909090909091,neutral
SFCFGLDS,13,12,9,11,25,20,0.09090909090909091,neutral
YLYVGDCV,9,5,6,4,14,10,0.09090909090909091,neutral
IHLGYIFG,12,2,1,9,14,10,0.09090909090909091,neutral
NCLCISRG,31,16,17,23,47,40,0.09090909090909091,neutral
YILGSHCG,12,2,4,6,14,10,0.09090909090909091,neutral
CVLLRCGD,35,23,25,25,58,50,0.09090909090909091,neutral
NFYVFDNF,6,8,3,7,14,10,0.09090909090909091,neutral
IRGGFFCI,8,6,4,6,14,10,0.09090909090909091,neutral
CLLSSRVY,9,5,5,5,14,10,0.09090909090909091,neutral
FFDNNFFR,27,20,22,18,47,40,0.09090909090909091,neutral
FCFLLRNN,14,11,7,13,25,20,0.09090909090909091,neutral
LFSFGGVS,34,24,23,27,58,50,0.09090909090909091,neutral
SYLSLYDN,27,20,21,19,47,40,0.09090909090909091,neutral
LCLSSFRG,57,55,49,50,112,99,0.09154929577464789,neutral
CGGCHIGD,46,33,38,31,79,69,0.09174311926605505,neutral
NNYDGCHV,47,32,27,42,79,69,0.09174311926605505,neutral
FVNHHNII,42,26,24,35,68,59,0.09183673469387756,neutral
CYGDLRVI,42,26,30,29,68,59,0.09183673469387756,neutral
DSGNNCGR,43,25,25,34,68,59,0.09183673469387756,neutral
SVCSCDVV,43,25,28,31,68,59,0.09183673469387756,neutral
CVFSHVSG,40,28,32,27,68,59,0.09183673469387756,neutral
VLCGIGCL,37,20,21,28,57,49,0.09195402298850575,neutral
VYGYFHHL,34,23,27,22,57,49,0.09195402298850575,neutral
DIVGYCVH,37,20,26,23,57,49,0.09195402298850575,neutral
DCCRILDC,36,21,17,32,57,49,0.09195402298850575,neutral
VLCGCSRN,73,60,58,60,133,118,0.09202453987730061,neutral
CFVFGNVS,26,20,21,18,46,39,0.09210526315789473,neutral
CSIGRFHL,65,57,50,58,122,108,0.09210526315789473,neutral
YCSNSHLV,26,20,16,23,46,39,0.09210526315789473,neutral
LDLCGFGC,27,19,22,17,46,39,0.09210526315789473,neutral
IRCCDGGG,27,19,19,20,46,39,0.09210526315789473,neutral
RCNFIGGY,24,22,21,18,46,39,0.09210526315789473,neutral
IVCVNGCG,64,47,43,55,111,98,0.09219858156028368,neutral
CSIHRVYC,21,14,9,20,35,29,0.09230769230769231,neutral
LFSGCFGY,27,8,15,14,35,29,0.09230769230769231,neutral
CFGSGVCC,20,15,10,19,35,29,0.09230769230769231,neutral
GLVIRYRS,26,9,11,18,35,29,0.09230769230769231,neutral
LVYSGLCL,20,15,12,17,35,29,0.09230769230769231,neutral
HCSLGYCS,24,11,11,18,35,29,0.09230769230769231,neutral
FFDCINIV,19,16,12,17,35,29,0.09230769230769231,neutral
VVYGIDCY,13,22,15,14,35,29,0.09230769230769231,neutral
SFFGLSFN,18,17,15,14,35,29,0.09230769230769231,neutral
YDNLSVCS,54,35,34,44,89,78,0.09243697478991597,neutral
YHGGRIYR,50,39,40,38,89,78,0.09243697478991597,neutral
GDHCGHGR,52,37,39,39,89,78,0.09243697478991597,neutral
VRCGCVLH,80,63,66,61,143,127,0.09248554913294797,neutral
CCDFGNGV,17,7,7,12,24,19,0.09259259259259259,neutral
FGDCCSGV,74,58,63,54,132,117,0.09259259259259259,neutral
CFSYIGVR,47,31,37,31,78,68,0.09259259259259259,neutral
CSGVFGCS,48,30,30,38,78,68,0.09259259259259259,neutral
DCRRCVCV,16,8,10,9,24,19,0.09259259259259259,neutral
LNHCVYLI,47,31,34,34,78,68,0.09259259259259259,neutral
LGCGCSVI,15,9,11,8,24,19,0.09259259259259259,neutral
CVGVFVNV,17,7,12,7,24,19,0.09259259259259259,neutral
CLFGGIFS,48,30,30,38,78,68,0.09259259259259259,neutral
IIYGDGCR,16,8,8,11,24,19,0.09259259259259259,neutral
DFICYVVN,35,21,21,27,56,48,0.09302325581395349,neutral
FFRFNCGI,9,4,2,7,13,9,0.09302325581395349,neutral
YHGVICSC,6,7,4,5,13,9,0.09302325581395349,neutral
LVIHVYGD,5,8,5,4,13,9,0.09302325581395349,neutral
YCCFRDGS,7,6,5,4,13,9,0.09302325581395349,neutral
GGRIIGYR,9,4,5,4,13,9,0.09302325581395349,neutral
GRRIVSLL,9,4,5,4,13,9,0.09302325581395349,neutral
FDCYGFRC,8,5,5,4,13,9,0.09302325581395349,neutral
GLRGHGGG,8,5,6,3,13,9,0.09302325581395349,neutral
GCGVLSIF,10,3,3,6,13,9,0.09302325581395349,neutral
VVFCDFCY,10,3,7,2,13,9,0.09302325581395349,neutral
VYNRLLCC,11,2,6,3,13,9,0.09302325581395349,neutral
LNCGHFCI,6,7,6,3,13,9,0.09302325581395349,neutral
RYRIGFFN,36,20,29,19,56,48,0.09302325581395349,neutral
FYSCRDFC,7,6,4,5,13,9,0.09302325581395349,neutral
CCYFRRNC,6,7,4,5,13,9,0.09302325581395349,neutral
LFCGGCFD,8,5,3,6,13,9,0.09302325581395349,neutral
YCFGDFVH,8,5,3,6,13,9,0.09302325581395349,neutral
CCVHVGGV,10,3,7,2,13,9,0.09302325581395349,neutral
LYDLGIGI,9,4,5,4,13,9,0.09302325581395349,neutral
SYDVRHFG,11,2,6,3,13,9,0.09302325581395349,neutral
FFHSCSIH,7,6,6,3,13,9,0.09302325581395349,neutral
DCCCGDSH,96,78,78,77,174,155,0.09313725490196079,neutral
CCGSYFRG,45,43,39,38,88,77,0.09322033898305085,neutral
NLRYGFGL,30,15,19,19,45,38,0.09333333333333334,neutral
GIRCCHDG,29,16,25,13,45,38,0.09333333333333334,neutral
CGGRGVCR,26,19,21,17,45,38,0.09333333333333334,neutral
LNGLRDGF,31,14,22,16,45,38,0.09333333333333334,neutral
YNVSCGHL,28,17,16,22,45,38,0.09333333333333334,neutral
CHSSFCVR,21,13,10,18,34,28,0.09375,neutral
FCDHNHCG,22,12,18,10,34,28,0.09375,neutral
LGDGDCHL,18,16,13,15,34,28,0.09375,neutral
HHVHYDCS,13,21,15,13,34,28,0.09375,neutral
VYGVYRLH,16,18,13,15,34,28,0.09375,neutral
SDFCRCYN,21,13,9,19,34,28,0.09375,neutral
RIVCNGRH,18,16,15,13,34,28,0.09375,neutral
IIGRRFIF,73,57,56,59,130,115,0.09375,neutral
RSSCFRVR,18,16,20,8,34,28,0.09375,neutral
FSFDYLCF,20,14,11,17,34,28,0.09375,neutral
VRIVVGNV,51,36,39,37,87,76,0.09401709401709402,neutral
LCFGVGGG,30,25,24,23,55,47,0.09411764705882353,neutral
FDLIVGSC,36,19,20,27,55,47,0.09411764705882353,neutral
NVILHCSD,34,21,26,21,55,47,0.09411764705882353,neutral
LCRGYNRL,35,20,18,29,55,47,0.09411764705882353,neutral
SGVVVDDY,36,19,25,22,55,47,0.09411764705882353,neutral
RFFGHVII,34,21,27,20,55,47,0.09411764705882353,neutral
DNIYYRNV,32,23,20,27,55,47,0.09411764705882353,neutral
VSHVRRDG,37,18,20,27,55,47,0.09411764705882353,neutral
GCGIGDFG,14,9,9,9,23,18,0.09433962264150944,neutral
VYHYGGGI,16,7,12,6,23,18,0.09433962264150944,neutral
YRFDVYDY,16,7,3,15,23,18,0.09433962264150944,neutral
HSFGFYDN,19,4,6,12,23,18,0.09433962264150944,neutral
YCLDYNIF,17,6,7,11,23,18,0.09433962264150944,neutral
GHLRCLRY,12,11,6,12,23,18,0.09433962264150944,neutral
HFVNCICV,19,4,9,9,23,18,0.09433962264150944,neutral
FFCRHSHI,13,10,6,12,23,18,0.09433962264150944,neutral
CFYSFYRG,15,8,9,9,23,18,0.09433962264150944,neutral
VFFHHNCS,13,10,7,11,23,18,0.09433962264150944,neutral
LSFCYLVH,15,8,11,7,23,18,0.09433962264150944,neutral
INHGCVYC,13,10,12,6,23,18,0.09433962264150944,neutral
FFFCGYHD,17,6,8,10,23,18,0.09433962264150944,neutral
SHRGDFCH,12,11,8,10,23,18,0.09433962264150944,neutral
FFGVGFCC,45,31,30,36,76,66,0.09433962264150944,neutral
CCSSGCDR,15,8,14,4,23,18,0.09433962264150944,neutral
FYGLLNVS,15,8,12,6,23,18,0.09433962264150944,neutral
CFLGGFLG,80,70,62,71,150,133,0.09444444444444444,neutral
YCGGRHLL,56,41,43,42,97,85,0.09448818897637795,neutral
VVYRRFLG,30,14,19,18,44,37,0.0945945945945946,neutral
GGCDFGCS,26,18,16,21,44,37,0.0945945945945946,neutral
RNNFIGGN,19,25,13,24,44,37,0.0945945945945946,neutral
CNILSDLR,30,14,16,21,44,37,0.0945945945945946,neutral
FNNFVYGV,40,25,31,25,65,56,0.09473684210526316,neutral
CIDYVRVV,38,27,29,27,65,56,0.09473684210526316,neutral
LSHCFIFR,37,28,25,31,65,56,0.09473684210526316,neutral
SRCFRDGC,47,39,39,36,86,75,0.09482758620689655,neutral
FRVCSNVG,93,77,78,73,170,151,0.095,neutral
IHICFSSI,20,13,11,16,33,27,0.09523809523809523,neutral
CVYDLCYY,7,5,4,4,12,8,0.09523809523809523,neutral
IDYFRLCY,6,6,3,5,12,8,0.09523809523809523,neutral
YVFCNHNC,8,4,7,1,12,8,0.09523809523809523,neutral
YVRFGNVC,8,4,4,4,12,8,0.09523809523809523,neutral
NCHGGGGY,7,5,4,4,12,8,0.09523809523809523,neutral
CYGYYFVV,7,5,5,3,12,8,0.09523809523809523,neutral
CGSDCCGL,7,5,3,5,12,8,0.09523809523809523,neutral
CGDLGIDF,44,31,25,40,75,65,0.09523809523809523,neutral
VRHLGRDN,6,6,3,5,12,8,0.09523809523809523,neutral
SICDVRIC,12,21,11,16,33,27,0.09523809523809523,neutral
CDYYDSVH,19,14,9,18,33,27,0.09523809523809523,neutral
ILFVRGIH,31,23,26,20,54,46,0.09523809523809523,neutral
GCYVSCFH,33,21,26,20,54,46,0.09523809523809523,neutral
ICDDRRYI,17,16,13,14,33,27,0.09523809523809523,neutral
CNVGNCCC,8,4,2,6,12,8,0.09523809523809523,neutral
FRGIGCIV,23,10,15,12,33,27,0.09523809523809523,neutral
CHGGHFGR,25,8,6,21,33,27,0.09523809523809523,neutral
CYDRHVLG,8,4,5,3,12,8,0.09523809523809523,neutral
FGCYYCRD,9,3,4,4,12,8,0.09523809523809523,neutral
HFFRVSSC,9,3,3,5,12,8,0.09523809523809523,neutral
GGYSLGSS,68,49,56,47,117,103,0.09523809523809523,neutral
FSYCGSCR,8,4,3,5,12,8,0.09523809523809523,neutral
GDCFSCII,8,4,3,5,12,8,0.09523809523809523,neutral
GVNYFCFH,10,2,4,4,12,8,0.09523809523809523,neutral
YYDYHINY,6,6,1,7,12,8,0.09523809523809523,neutral
FHCCSIIR,23,10,15,12,33,27,0.09523809523809523,neutral
YYGLNGFL,29,25,26,20,54,46,0.09523809523809523,neutral
NFHSCDVC,23,10,16,11,33,27,0.09523809523809523,neutral
VYYCNSFC,23,10,14,13,33,27,0.09523809523809523,neutral
DLRDSCLV,35,19,21,25,54,46,0.09523809523809523,neutral
FNGFRDSI,16,17,10,17,33,27,0.09523809523809523,neutral
LRCSCDCF,6,6,3,5,12,8,0.09523809523809523,neutral
DGCIVFSV,34,20,18,28,54,46,0.09523809523809523,neutral
NVYHRDIG,36,18,27,19,54,46,0.09523809523809523,neutral
HINNHFGG,60,46,37,56,106,93,0.09558823529411764,neutral
VLDSGVIC,52,33,31,43,85,74,0.09565217391304348,neutral
NNFVLIRD,47,38,35,39,85,74,0.09565217391304348,neutral
VVLGVGCS,47,38,35,39,85,74,0.09565217391304348,neutral
RSHLGCLD,47,38,36,38,85,74,0.09565217391304348,neutral
FGCCRDDI,36,28,26,29,64,55,0.09574468085106383,neutral
IGISCDIH,35,29,29,26,64,55,0.09574468085106383,neutral
SCLVGVCD,25,18,21,15,43,36,0.0958904109589041,neutral
FLCGNIFS,25,18,17,19,43,36,0.0958904109589041,neutral
IDYRGRCD,28,15,15,21,43,36,0.0958904109589041,neutral
FCRNSCVI,54,41,37,46,95,83,0.096,neutral
CVGRVVVY,15,7,8,9,22,17,0.09615384615384616,neutral
CCCSIIGG,14,8,11,6,22,17,0.09615384615384616,neutral
CYHYRVRI,44,30,28,36,74,64,0.09615384615384616,neutral
FLFVVSGG,15,7,6,11,22,17,0.09615384615384616,neutral
LVFCGHRC,10,12,9,8,22,17,0.09615384615384616,neutral
CDVGFNGI,18,4,5,12,22,17,0.09615384615384616,neutral
VFIRRGCC,16,6,10,7,22,17,0.09615384615384616,neutral
VIRRRFIL,45,29,31,33,74,64,0.09615384615384616,neutral
CFLCGHIR,15,7,7,10,22,17,0.09615384615384616,neutral
CYVVDVGN,13,9,8,9,22,17,0.09615384615384616,neutral
CVFRHRYF,15,7,8,9,22,17,0.09615384615384616,neutral
FSVDGGCG,13,9,9,8,22,17,0.09615384615384616,neutral
YFGVYCNC,13,9,7,10,22,17,0.09615384615384616,neutral
LVNLRDSL,16,6,7,10,22,17,0.09615384615384616,neutral
CNGHDCGF,34,19,22,23,53,45,0.0963855421686747,neutral
CRSYVCHI,33,20,21,24,53,45,0.0963855421686747,neutral
LCHINCSF,29,24,26,19,53,45,0.0963855421686747,neutral
ISHYVGSD,32,21,23,22,53,45,0.0963855421686747,neutral
LFRVNGVS,45,39,37,36,84,73,0.09649122807017543,neutral
GGNSRVGY,23,9,10,16,32,26,0.0967741935483871,neutral
FVLNCDSV,21,11,10,16,32,26,0.0967741935483871,neutral
FCGIVHND,19,13,8,18,32,26,0.0967741935483871,neutral
VGNYSIRF,35,28,26,28,63,54,0.0967741935483871,neutral
DSCFIRGL,16,16,10,16,32,26,0.0967741935483871,neutral
RHYVCGRF,40,23,28,26,63,54,0.0967741935483871,neutral
DFRNCINI,55,39,46,36,94,82,0.0967741935483871,neutral
VNSCFDHN,18,14,8,18,32,26,0.0967741935483871,neutral
GHVVGINY,19,13,14,12,32,26,0.0967741935483871,neutral
FHFIDFSI,19,13,17,9,32,26,0.0967741935483871,neutral
LYGFGVFC,22,10,15,11,32,26,0.0967741935483871,neutral
RYCVRGRD,43,30,27,36,73,63,0.0970873786407767,neutral
NVSVFRGG,43,30,27,36,73,63,0.0970873786407767,neutral
GHCLLCRS,29,13,18,17,42,35,0.09722222222222222,neutral
IILCSVGH,66,48,41,59,114,100,0.09722222222222222,neutral
VYSLVLSR,30,12,16,19,42,35,0.09722222222222222,neutral
CGLRGRYN,26,16,21,14,42,35,0.09722222222222222,neutral
FYNNYICF,27,15,17,18,42,35,0.09722222222222222,neutral
CSCGGSVR,28,14,13,22,42,35,0.09722222222222222,neutral
IDLGDGYD,47,36,33,39,83,72,0.09734513274336283,neutral
SCICSGYR,9,2,1,6,11,7,0.0975609756097561,neutral
DVVGFIVR,50,43,39,42,93,81,0.0975609756097561,neutral
IHCLYDCD,3,8,5,2,11,7,0.0975609756097561,neutral
VFDICYIC,6,5,2,5,11,7,0.0975609756097561,neutral
ICLGGLYC,9,2,2,5,11,7,0.0975609756097561,neutral
LCFVNVSI,6,5,2,5,11,7,0.0975609756097561,neutral
DCNGVCYH,26,26,21,23,52,44,0.0975609756097561,neutral
LRYGCDRY,5,6,3,4,11,7,0.0975609756097561,neutral
FVFCHRLV,6,5,4,3,11,7,0.0975609756097561,neutral
FCGFLNVC,31,21,19,25,52,44,0.0975609756097561,neutral
IFSYNCHI,4,7,1,6,11,7,0.0975609756097561,neutral
IIHHGVGD,7,4,2,5,11,7,0.0975609756097561,neutral
GCLDSCLR,8,3,4,3,11,7,0.0975609756097561,neutral
RNRVGNIY,29,23,14,30,52,44,0.0975609756097561,neutral
NIGIFLSV,28,24,24,20,52,44,0.0975609756097561,neutral
DVRYRFVR,9,2,4,3,11,7,0.0975609756097561,neutral
DGHVFSDI,8,3,2,5,11,7,0.0975609756097561,neutral
GRRIIGYR,4,7,2,5,11,7,0.0975609756097561,neutral
IFVSGFFH,6,5,3,4,11,7,0.0975609756097561,neutral
YHSFGGLV,10,1,3,4,11,7,0.0975609756097561,neutral
VCFSISLH,5,6,4,3,11,7,0.0975609756097561,neutral
FFYYCIVF,8,3,5,2,11,7,0.0975609756097561,neutral
NFFRVFCG,51,42,45,36,93,81,0.0975609756097561,neutral
CNCCDRGG,8,3,2,5,11,7,0.0975609756097561,neutral
SSYRNNRY,7,4,1,6,11,7,0.0975609756097561,neutral
FSICICDN,6,5,5,2,11,7,0.0975609756097561,neutral
HFYFLGGS,7,4,2,5,11,7,0.0975609756097561,neutral
CRFGGCLG,5,6,5,2,11,7,0.0975609756097561,neutral
CHCVFCHN,10,1,2,5,11,7,0.0975609756097561,neutral
NFVCGLNR,61,42,43,47,103,90,0.09774436090225563,neutral
GDGCVLFC,84,70,64,72,154,136,0.09782608695652174,neutral
LNFNNVSR,37,25,28,25,62,53,0.09782608695652174,neutral
IFSFSGCF,37,25,26,27,62,53,0.09782608695652174,neutral
VRVFDSCG,33,29,23,30,62,53,0.09782608695652174,neutral
IRLGLVDD,85,69,72,64,154,136,0.09782608695652174,neutral
RVVYGINF,37,25,27,26,62,53,0.09782608695652174,neutral
GCSRVVVF,40,22,27,26,62,53,0.09782608695652174,neutral
CCLNILLR,10,11,9,7,21,16,0.09803921568627451,neutral
INYFLGDG,12,9,5,11,21,16,0.09803921568627451,neutral
NHDDLRGL,14,7,10,6,21,16,0.09803921568627451,neutral
DHGYLVLH,16,5,10,6,21,16,0.09803921568627451,neutral
VRVGSVGG,15,6,8,8,21,16,0.09803921568627451,neutral
SSRILCDV,69,54,53,55,123,108,0.09803921568627451,neutral
GVFYFLDS,8,13,6,10,21,16,0.09803921568627451,neutral
FHGCLNLH,36,36,24,38,72,62,0.09803921568627451,neutral
DIVFDIRL,14,7,10,6,21,16,0.09803921568627451,neutral
RGRSGCCL,10,11,13,3,21,16,0.09803921568627451,neutral
LYCGCGYG,13,8,8,8,21,16,0.09803921568627451,neutral
FVCCDFCV,16,5,6,10,21,16,0.09803921568627451,neutral
HFDHGCNG,43,29,28,34,72,62,0.09803921568627451,neutral
VFCRYIHV,10,11,9,7,21,16,0.09803921568627451,neutral
VGCIRIRL,18,3,11,5,21,16,0.09803921568627451,neutral
FFSINVVR,9,12,8,8,21,16,0.09803921568627451,neutral
GGFHFVSL,9,12,10,6,21,16,0.09803921568627451,neutral
DNVVNFDV,49,33,30,41,82,71,0.09821428571428571,neutral
SFVGLRSS,45,37,36,35,82,71,0.09821428571428571,neutral
FRVRRDSR,20,11,8,17,31,25,0.09836065573770492,neutral
FCIHHCHD,17,14,17,8,31,25,0.09836065573770492,neutral
FCNGLCVV,16,15,12,13,31,25,0.09836065573770492,neutral
VSFCYVVD,18,13,13,12,31,25,0.09836065573770492,neutral
GGFSGFCH,18,13,10,15,31,25,0.09836065573770492,neutral
VSVYSCVD,18,13,10,15,31,25,0.09836065573770492,neutral
GFGVHDVH,21,10,8,17,31,25,0.09836065573770492,neutral
CDCNVVIV,18,13,12,13,31,25,0.09836065573770492,neutral
VGGNGNYC,17,14,14,11,31,25,0.09836065573770492,neutral
VFGIIFGV,18,13,12,13,31,25,0.09836065573770492,neutral
YRVFFHRS,21,10,16,9,31,25,0.09836065573770492,neutral
DYGIVLID,58,44,40,49,102,89,0.09848484848484848,neutral
IGCICVRN,26,15,15,19,41,34,0.09859154929577464,neutral
DGYRGFCG,26,15,13,21,41,34,0.09859154929577464,neutral
DISFRFGG,28,13,10,24,41,34,0.09859154929577464,neutral
ICGCVIVH,24,17,19,15,41,34,0.09859154929577464,neutral
YSLSVDHD,25,16,19,15,41,34,0.09859154929577464,neutral
VCLNRCVN,30,21,13,30,51,43,0.09876543209876543,neutral
YGDDVICF,33,18,19,24,51,43,0.09876543209876543,neutral
VGNSLRCY,30,21,25,18,51,43,0.09876543209876543,neutral
DHSGNLSF,25,26,16,27,51,43,0.09876543209876543,neutral
YLFRVFSS,31,20,22,21,51,43,0.09876543209876543,neutral
HCGCVYGG,30,21,23,20,51,43,0.09876543209876543,neutral
CRCVVFGV,34,17,26,17,51,43,0.09876543209876543,neutral
GCVSGGFN,34,17,21,22,51,43,0.09876543209876543,neutral
LCSDGGCV,33,28,23,29,61,52,0.0989010989010989,neutral
CNNNSCRY,34,27,24,28,61,52,0.0989010989010989,neutral
ICDYVFHC,36,25,22,30,61,52,0.0989010989010989,neutral
LVHLGCRD,38,23,26,26,61,52,0.0989010989010989,neutral
VIRNCFRF,39,22,29,23,61,52,0.0989010989010989,neutral
FVSCINGF,41,30,35,26,71,61,0.09900990099009901,neutral
GGFSGFYV,49,32,34,36,81,70,0.0990990990990991,neutral
FYCVNNNC,54,37,38,41,91,79,0.09917355371900827,neutral
VVGFGIRD,65,46,54,43,111,97,0.09929078014184398,neutral
CSDRYIDH,22,8,13,11,30,24,0.1,neutral
GCVVSDLD,29,21,24,18,50,42,0.1,neutral
FCFSLINV,13,7,8,7,20,15,0.1,neutral
DINHNYGC,30,20,25,17,50,42,0.1,neutral
LCCDLCDG,22,8,13,11,30,24,0.1,neutral
VNFFHCSI,7,3,2,4,10,6,0.1,neutral
VYVCHLLH,5,5,3,3,10,6,0.1,neutral
FCFLNCHF,6,4,3,3,10,6,0.1,neutral
VVGCFSGI,23,7,10,14,30,24,0.1,neutral
HCVVCNYS,24,6,7,17,30,24,0.1,neutral
FNRCYVCC,6,4,4,2,10,6,0.1,neutral
GGDGDIDF,28,22,18,24,50,42,0.1,neutral
VCDCYLCL,6,4,4,2,10,6,0.1,neutral
YGLCHYDV,7,3,3,3,10,6,0.1,neutral
NCYNRLDD,27,13,18,15,40,33,0.1,neutral
SYVLGFDI,7,3,3,3,10,6,0.1,neutral
YGNFVYIC,7,3,3,3,10,6,0.1,neutral
FNGHLLRL,19,11,11,13,30,24,0.1,neutral
FGDGFVCH,26,14,12,21,40,33,0.1,neutral
RHCCIFHN,94,76,66,84,170,150,0.1,neutral
GLFFVVVG,42,28,31,29,70,60,0.1,neutral
DYGNFVGR,19,11,9,15,30,24,0.1,neutral
FLFVRGVL,6,4,4,2,10,6,0.1,neutral
RRLFSRDD,8,2,2,4,10,6,0.1,neutral
VLLCSGVF,15,5,4,11,20,15,0.1,neutral
CSSSDFGL,47,33,33,36,80,69,0.1,neutral
CGCGIRVR,4,6,4,2,10,6,0.1,neutral
YVIGGHLL,7,3,1,5,10,6,0.1,neutral
ISFCLDYN,21,9,13,11,30,24,0.1,neutral
SLGVVFDV,44,36,25,44,80,69,0.1,neutral
FNCYYIYH,13,17,12,12,30,24,0.1,neutral
FRLRVGYV,6,4,3,3,10,6,0.1,neutral
DCHFGRYG,19,11,8,16,30,24,0.1,neutral
LCCSFFCL,7,3,4,2,10,6,0.1,neutral
VFSCSDCS,31,29,23,28,60,51,0.1,neutral
LIGDGLCV,7,3,4,2,10,6,0.1,neutral
YGRFGHVL,7,3,4,2,10,6,0.1,neutral
GSHSFFGG,29,11,19,14,40,33,0.1,neutral
SFLGRVCD,21,19,21,12,40,33,0.1,neutral
LSINDIVI,37,23,29,22,60,51,0.1,neutral
ICNHHGCR,41,29,31,29,70,60,0.1,neutral
YCIGIYHH,5,5,3,3,10,6,0.1,neutral
FNFNFFDS,21,19,16,17,40,33,0.1,neutral
HYVNIRCC,15,15,12,12,30,24,0.1,neutral
YSSCGHIL,30,20,22,20,50,42,0.1,neutral
RCYYFDRV,17,13,9,15,30,24,0.1,neutral
GFVGHGCV,6,4,2,4,10,6,0.1,neutral
IVDILCFG,42,28,33,27,70,60,0.1,neutral
FFGFGFNH,8,2,2,4,10,6,0.1,neutral
CCRSVFFC,4,6,3,3,10,6,0.1,neutral
FCFCHLVY,5,5,3,3,10,6,0.1,neutral
LDFSDLSG,14,16,12,12,30,24,0.1,neutral
NFNVFVGC,10,10,4,11,20,15,0.1,neutral
RHLCVFGL,15,5,6,9,20,15,0.1,neutral
YCYSLIVG,12,8,9,6,20,15,0.1,neutral
RVYCVGSS,15,15,11,13,30,24,0.1,neutral
ICYDFICG,18,12,10,14,30,24,0.1,neutral
DHFVLYVN,39,21,28,23,60,51,0.1,neutral
CHILHNGV,15,5,9,6,20,15,0.1,neutral
RRHCDYGC,89,71,73,68,160,141,0.1,neutral
CCVRGIHR,7,3,4,2,10,6,0.1,neutral
GDRSHFSF,15,5,10,5,20,15,0.1,neutral
SYCCYHDV,19,11,11,13,30,24,0.1,neutral
GVFCFDVG,29,11,19,14,40,33,0.1,neutral
VVFGRGRL,27,13,16,17,40,33,0.1,neutral
CFFVCHCL,7,3,3,3,10,6,0.1,neutral
VHYCCCCD,5,5,3,3,10,6,0.1,neutral
LSLCIGSG,63,46,50,45,109,95,0.10071942446043165,neutral
CINIDNVV,59,40,42,44,99,86,0.10077519379844961,neutral
VSCGFHSC,59,40,45,41,99,86,0.10077519379844961,neutral
RGVGCFCV,54,35,33,44,89,77,0.10084033613445378,neutral
NDGLRLYG,45,34,32,36,79,68,0.10091743119266056,neutral
YFGLVSNL,45,34,30,38,79,68,0.10091743119266056,neutral
FFGCIGIS,49,30,31,37,79,68,0.10091743119266056,neutral
CRDNGFCL,46,33,32,36,79,68,0.10091743119266056,neutral
CDCHGGLS,44,35,32,36,79,68,0.10091743119266056,neutral
GFGRRYYV,43,26,30,29,69,59,0.10101010101010101,neutral
RRGLLSCD,33,26,28,22,59,50,0.10112359550561797,neutral
SCVYSHCH,34,25,21,29,59,50,0.10112359550561797,neutral
YVFRRISI,37,22,28,22,59,50,0.10112359550561797,neutral
ICIRGRIF,31,18,22,19,49,41,0.10126582278481013,neutral
CFLRCVDD,29,20,14,27,49,41,0.10126582278481013,neutral
GNIHRYGH,32,17,24,17,49,41,0.10126582278481013,neutral
YFLHDNGC,31,18,19,22,49,41,0.10126582278481013,neutral
FCIFGSRC,25,14,21,11,39,32,0.10144927536231885,neutral
VGILRSCF,26,13,17,15,39,32,0.10144927536231885,neutral
CYGIRGHV,26,13,11,21,39,32,0.10144927536231885,neutral
VFYICGSG,23,16,14,18,39,32,0.10144927536231885,neutral
RLFCICSV,24,15,16,16,39,32,0.10144927536231885,neutral
GHFFCRCD,20,19,17,15,39,32,0.10144927536231885,neutral
GIYGVRIG,24,15,14,18,39,32,0.10144927536231885,neutral
SYCSVVFH,21,18,17,15,39,32,0.10144927536231885,neutral
RCCSSIGC,26,13,16,16,39,32,0.10144927536231885,neutral
IGFNGHCV,24,15,14,18,39,32,0.10144927536231885,neutral
FSYVSDYG,26,13,22,10,39,32,0.10144927536231885,neutral
LIIGGCCI,25,14,15,17,39,32,0.10144927536231885,neutral
NYVRNNLC,20,9,9,14,29,23,0.1016949152542373,neutral
RGCFRSYG,19,10,12,11,29,23,0.1016949152542373,neutral
YGLSLVNL,14,15,10,13,29,23,0.1016949152542373,neutral
ICFFYCDD,21,8,14,9,29,23,0.1016949152542373,neutral
VYVCGLSL,14,15,12,11,29,23,0.1016949152542373,neutral
GYLGYNDS,18,11,12,11,29,23,0.1016949152542373,neutral
FVVSHFYR,16,13,12,11,29,23,0.1016949152542373,neutral
FCNHSCGC,20,9,12,11,29,23,0.1016949152542373,neutral
FFGDSCLS,74,63,55,65,137,120,0.10179640718562874,neutral
GVHRDGLF,42,26,37,21,68,58,0.10204081632653061,neutral
GIVGYCYF,9,10,6,8,19,14,0.10204081632653061,neutral
CYGFFNIH,15,4,8,6,19,14,0.10204081632653061,neutral
FVSHGGDI,43,25,24,34,68,58,0.10204081632653061,neutral
FRCRRIIF,14,5,5,9,19,14,0.10204081632653061,neutral
FGLGGFFC,10,9,6,8,19,14,0.10204081632653061,neutral
YYFVYGFF,12,7,6,8,19,14,0.10204081632653061,neutral
FSIRDGVV,12,7,5,9,19,14,0.10204081632653061,neutral
CRSCDGGY,7,12,5,9,19,14,0.10204081632653061,neutral
VLSCVSCG,43,25,27,31,68,58,0.10204081632653061,neutral
CFILNDGN,13,6,6,8,19,14,0.10204081632653061,neutral
FVYCSGVD,14,5,7,7,19,14,0.10204081632653061,neutral
CRSVCSFH,12,7,8,6,19,14,0.10204081632653061,neutral
FHNFLVGC,7,12,7,7,19,14,0.10204081632653061,neutral
ICIISGYD,14,5,6,8,19,14,0.10204081632653061,neutral
GCIFSCVD,59,48,53,40,107,93,0.10218978102189781,neutral
SNSVYIIR,34,24,26,23,58,49,0.10227272727272728,neutral
GCRDCLHS,37,21,19,30,58,49,0.10227272727272728,neutral
GNSGRGFF,34,24,16,33,58,49,0.10227272727272728,neutral
CRGVHFND,36,22,24,25,58,49,0.10227272727272728,neutral
SVRLGRVH,34,24,27,22,58,49,0.10227272727272728,neutral
FINGLLYC,36,22,23,26,58,49,0.10227272727272728,neutral
IFFVCCGL,3,6,2,3,9,5,0.10256410256410256,neutral
CFRRCVHC,6,3,4,1,9,5,0.10256410256410256,neutral
YYHYVFRD,8,1,1,4,9,5,0.10256410256410256,neutral
FRHCVGRR,27,21,20,20,48,40,0.10256410256410256,neutral
NICGYGNL,7,2,2,3,9,5,0.10256410256410256,neutral
IDFCLGSL,8,1,2,3,9,5,0.10256410256410256,neutral
RVRCLCSI,5,4,3,2,9,5,0.10256410256410256,neutral
SLHCHISV,7,2,1,4,9,5,0.10256410256410256,neutral
GVVSGFYH,27,21,18,22,48,40,0.10256410256410256,neutral
ILSSCSVL,49,38,31,44,87,75,0.10256410256410256,neutral
HFGRYVGN,31,17,19,21,48,40,0.10256410256410256,neutral
YCCDFFVF,7,2,3,2,9,5,0.10256410256410256,neutral
FYIVSNCL,4,5,1,4,9,5,0.10256410256410256,neutral
FCHYFIHG,6,3,2,3,9,5,0.10256410256410256,neutral
VVHGLHLC,8,1,3,2,9,5,0.10256410256410256,neutral
CCGGFGGC,5,4,3,2,9,5,0.10256410256410256,neutral
FCCGIGRC,4,5,3,2,9,5,0.10256410256410256,neutral
SSIYVCYC,3,6,1,4,9,5,0.10256410256410256,neutral
FCNVHYCR,8,1,2,3,9,5,0.10256410256410256,neutral
HFVFCGGC,7,2,3,2,9,5,0.10256410256410256,neutral
LHDCFGLL,5,4,3,2,9,5,0.10256410256410256,neutral
SCVCVRVH,6,3,1,4,9,5,0.10256410256410256,neutral
NCICCCCF,5,4,1,4,9,5,0.10256410256410256,neutral
LFCDCVYG,6,3,2,3,9,5,0.10256410256410256,neutral
YVLSGNVV,29,19,19,21,48,40,0.10256410256410256,neutral
YYFSDFCV,6,3,2,3,9,5,0.10256410256410256,neutral
FVDVHCGD,26,22,20,20,48,40,0.10256410256410256,neutral
FGCGVHGF,4,5,5,0,9,5,0.10256410256410256,neutral
FFCNHGGG,6,3,2,3,9,5,0.10256410256410256,neutral
LFFGISGF,27,21,18,22,48,40,0.10256410256410256,neutral
YYYGVYRV,72,54,52,58,126,110,0.10256410256410256,neutral
CRRLNFCC,29,19,17,23,48,40,0.10256410256410256,neutral
LDGFDGVG,66,50,52,49,116,101,0.10273972602739725,neutral
LGGIHSCI,26,12,12,19,38,31,0.10294117647058823,neutral
FLCFGGCD,23,15,18,13,38,31,0.10294117647058823,neutral
FRINRCLG,19,19,13,18,38,31,0.10294117647058823,neutral
YCSIHGLH,27,11,14,17,38,31,0.10294117647058823,neutral
CNDCCVRR,24,14,13,18,38,31,0.10294117647058823,neutral
GHRYDFSC,24,14,14,17,38,31,0.10294117647058823,neutral
VDDNGDLH,22,16,17,14,38,31,0.10294117647058823,neutral
RHGLGSCR,26,12,16,15,38,31,0.10294117647058823,neutral
NGFVHNCL,24,14,12,19,38,31,0.10294117647058823,neutral
GYVDSGVL,61,45,40,52,106,92,0.10294117647058823,neutral
VCDIYCRI,35,32,32,25,67,57,0.10309278350515463,neutral
CVRFINCV,42,25,26,31,67,57,0.10309278350515463,neutral
YGRHGNCG,43,24,27,30,67,57,0.10309278350515463,neutral
IYHCGSRI,41,26,33,24,67,57,0.10309278350515463,neutral
VCNSVFDG,40,27,19,38,67,57,0.10309278350515463,neutral
LIYCDGGG,16,12,12,10,28,22,0.10344827586206896,neutral
YCCNVLVC,18,10,11,11,28,22,0.10344827586206896,neutral
CSIRNGIL,43,43,36,38,86,74,0.10344827586206896,neutral
NNFYFYCG,12,16,10,12,28,22,0.10344827586206896,neutral
GLVYDIGF,20,8,12,10,28,22,0.10344827586206896,neutral
GIDFLGRC,20,8,10,12,28,22,0.10344827586206896,neutral
IVVCCVGG,17,11,11,11,28,22,0.10344827586206896,neutral
VDSHFLVC,18,10,6,16,28,22,0.10344827586206896,neutral
SYVLSSVV,38,19,24,24,57,48,0.10344827586206896,neutral
CCVFGRDI,66,49,41,59,115,100,0.10344827586206896,neutral
FGSLGDVH,15,13,11,11,28,22,0.10344827586206896,neutral
YYSFHCRI,33,24,21,27,57,48,0.10344827586206896,neutral
IICRVCHR,18,10,7,15,28,22,0.10344827586206896,neutral
IGGRHCFG,20,8,8,14,28,22,0.10344827586206896,neutral
CFGFFGGF,15,13,9,13,28,22,0.10344827586206896,neutral
LDNVVHFV,37,20,23,25,57,48,0.10344827586206896,neutral
CGDSCINI,48,38,32,42,86,74,0.10344827586206896,neutral
NVSFDCVH,35,22,23,25,57,48,0.10344827586206896,neutral
YCLVSSRV,21,7,4,18,28,22,0.10344827586206896,neutral
GISGFSFV,16,12,10,12,28,22,0.10344827586206896,neutral
CFCNSLRV,21,7,7,15,28,22,0.10344827586206896,neutral
FDYNHYIH,16,12,10,12,28,22,0.10344827586206896,neutral
VDCVNSFS,47,29,34,31,76,65,0.10377358490566038,neutral
RDLFCVNG,37,39,35,30,76,65,0.10377358490566038,neutral
IFVCSHRV,28,19,19,20,47,39,0.1038961038961039,neutral
ICYGVDSF,68,56,56,52,124,108,0.1038961038961039,neutral
GDVRNVLY,28,19,27,12,47,39,0.1038961038961039,neutral
DGGCCYRH,28,19,20,19,47,39,0.1038961038961039,neutral
FYHRNCNV,27,20,19,20,47,39,0.1038961038961039,neutral
FINGFRCG,24,23,16,23,47,39,0.1038961038961039,neutral
SRGVDVVF,40,26,30,26,66,56,0.10416666666666667,neutral
CYSSVYYH,8,10,3,10,18,13,0.10416666666666667,neutral
VRDNIRCY,14,4,5,8,18,13,0.10416666666666667,neutral
YCICDSCG,7,11,5,8,18,13,0.10416666666666667,neutral
NRFLSNGI,10,8,4,9,18,13,0.10416666666666667,neutral
YGFGFGRV,33,33,31,25,66,56,0.10416666666666667,neutral
DHDIDYIS,61,53,44,55,114,99,0.10416666666666667,neutral
CFGVSCRH,42,24,29,27,66,56,0.10416666666666667,neutral
VFDHFFRV,12,6,5,8,18,13,0.10416666666666667,neutral
LYRICVDC,12,6,6,7,18,13,0.10416666666666667,neutral
YCLGDSID,10,8,4,9,18,13,0.10416666666666667,neutral
VIYHDDDV,12,6,10,3,18,13,0.10416666666666667,neutral
RCVVVLVF,13,5,9,4,18,13,0.10416666666666667,neutral
VFVRCHHV,12,6,6,7,18,13,0.10416666666666667,neutral
YCGFCFLV,16,2,2,11,18,13,0.10416666666666667,neutral
FGCVNLLL,13,5,3,10,18,13,0.10416666666666667,neutral
YNSHSIVC,38,28,35,21,66,56,0.10416666666666667,neutral
CYCGGSID,12,6,5,8,18,13,0.10416666666666667,neutral
IICYGVYN,11,7,6,7,18,13,0.10416666666666667,neutral
YFNSSHYG,12,6,4,9,18,13,0.10416666666666667,neutral
YVIVDDVN,52,33,37,36,85,73,0.10434782608695652,neutral
CCFVFFDG,28,9,12,18,37,30,0.1044776119402985,neutral
DCGLCRGS,59,45,41,49,104,90,0.1044776119402985,neutral
YHDCGGIG,22,15,15,15,37,30,0.1044776119402985,neutral
CVGHGGYC,25,12,18,12,37,30,0.1044776119402985,neutral
GCCGNCDG,27,10,6,24,37,30,0.1044776119402985,neutral
INCCSFGS,61,43,41,49,104,90,0.1044776119402985,neutral
GLNRDFCI,26,11,17,13,37,30,0.1044776119402985,neutral
SGRFSVCF,25,12,18,12,37,30,0.1044776119402985,neutral
VYYGFNYG,25,12,17,13,37,30,0.1044776119402985,neutral
LCIFGHVV,24,13,15,15,37,30,0.1044776119402985,neutral
FFSFHSIC,29,27,25,22,56,47,0.10465116279069768,neutral
GFFCNVLC,33,23,27,20,56,47,0.10465116279069768,neutral
FGHNGICD,32,24,18,29,56,47,0.10465116279069768,neutral
CVFGIRVG,30,26,14,33,56,47,0.10465116279069768,neutral
HISRCGLH,36,20,23,24,56,47,0.10465116279069768,neutral
DGGGCCGC,43,32,24,40,75,64,0.10476190476190476,neutral
VFNSCCSR,47,28,35,29,75,64,0.10476190476190476,neutral
GRRIISVH,48,46,37,44,94,81,0.10483870967741936,neutral
HGYCSGVF,56,38,44,37,94,81,0.10483870967741936,neutral
GLGHFGLG,51,43,40,41,94,81,0.10483870967741936,neutral
IVFGRSCC,61,52,45,53,113,98,0.1048951048951049,neutral
LLYDCFGG,5,3,3,1,8,4,0.10526315789473684,neutral
FDCFRFVH,16,11,11,10,27,21,0.10526315789473684,neutral
HGFFVCFS,6,2,1,3,8,4,0.10526315789473684,neutral
DLCRHCFN,4,4,1,3,8,4,0.10526315789473684,neutral
IYGFCCFY,6,2,2,2,8,4,0.10526315789473684,neutral
FLFIYILC,6,2,2,2,8,4,0.10526315789473684,neutral
FHCFRFCG,5,3,1,3,8,4,0.10526315789473684,neutral
YDCSCIDS,4,4,2,2,8,4,0.10526315789473684,neutral
SCFRVLYS,22,24,19,19,46,38,0.10526315789473684,neutral
LHSNIDCH,35,30,28,27,65,55,0.10526315789473684,neutral
HRYHCHCL,4,4,1,3,8,4,0.10526315789473684,neutral
YCGYVNFV,5,3,0,4,8,4,0.10526315789473684,neutral
LFCHNFGF,6,2,3,1,8,4,0.10526315789473684,neutral
GLCSIIRV,28,18,19,19,46,38,0.10526315789473684,neutral
FFGVNFVC,5,3,4,0,8,4,0.10526315789473684,neutral
SCGICCGR,14,13,8,13,27,21,0.10526315789473684,neutral
ISCFCYSI,4,4,1,3,8,4,0.10526315789473684,neutral
YCYNDVGL,6,2,2,2,8,4,0.10526315789473684,neutral
FDCRDNCL,6,2,2,2,8,4,0.10526315789473684,neutral
HISVYRDL,50,34,32,40,84,72,0.10526315789473684,neutral
RCVGCVSS,16,11,9,12,27,21,0.10526315789473684,neutral
FFNGDFRV,4,4,0,4,8,4,0.10526315789473684,neutral
NGRSCCIY,38,27,29,26,65,55,0.10526315789473684,neutral
GGRCNRSY,3,5,3,1,8,4,0.10526315789473684,neutral
FGCILCGD,23,4,12,9,27,21,0.10526315789473684,neutral
VSCVFSRR,21,25,19,19,46,38,0.10526315789473684,neutral
VFNVSVSY,5,3,2,2,8,4,0.10526315789473684,neutral
LCGGDFCD,4,4,3,1,8,4,0.10526315789473684,neutral
HYVGNYVS,18,9,10,11,27,21,0.10526315789473684,neutral
FCGCSIVY,5,3,3,1,8,4,0.10526315789473684,neutral
RCDYDLSY,5,3,2,2,8,4,0.10526315789473684,neutral
SDFRCYCG,50,34,33,39,84,72,0.10526315789473684,neutral
NFGIVNVF,5,3,1,3,8,4,0.10526315789473684,neutral
CIGFGVLS,10,17,6,15,27,21,0.10526315789473684,neutral
DGCSCGLD,37,28,26,29,65,55,0.10526315789473684,neutral
CNVHLIRL,19,8,8,13,27,21,0.10526315789473684,neutral
CIFIFGDI,7,1,1,3,8,4,0.10526315789473684,neutral
VCGNSCGL,16,11,9,12,27,21,0.10526315789473684,neutral
FRVFGCVC,22,24,16,22,46,38,0.10526315789473684,neutral
CVSHYDCS,16,11,12,9,27,21,0.10526315789473684,neutral
FSGCHSCC,15,12,10,11,27,21,0.10526315789473684,neutral
ISVGFGRR,28,18,15,23,46,38,0.10526315789473684,neutral
VSFCVNSC,39,26,28,27,65,55,0.10526315789473684,neutral
GVCGDGFR,32,14,22,16,46,38,0.10526315789473684,neutral
FVHCNDLG,4,4,2,2,8,4,0.10526315789473684,neutral
LFICCDHG,5,3,3,1,8,4,0.10526315789473684,neutral
SFGCSDFD,39,26,30,25,65,55,0.10526315789473684,neutral
FCDLFLRR,70,52,52,54,122,106,0.10526315789473684,neutral
FNYCVYRG,6,2,2,2,8,4,0.10526315789473684,neutral
DDRFFSGS,56,37,38,42,93,80,0.10569105691056911,neutral
VHLCLGNH,54,39,39,41,93,80,0.10569105691056911,neutral
NFCNNVCV,53,40,33,47,93,80,0.10569105691056911,neutral
GYGVRYDG,35,20,24,22,55,46,0.10588235294117647,neutral
HHDCVVCI,30,25,18,28,55,46,0.10588235294117647,neutral
INCGSCIN,70,51,44,61,121,105,0.10596026490066225,neutral
GYCFHVLH,19,17,14,15,36,29,0.10606060606060606,neutral
VVLVDVSV,60,42,41,47,102,88,0.10606060606060606,neutral
GYDVNRCV,17,19,11,18,36,29,0.10606060606060606,neutral
LGCFVLRC,18,18,12,17,36,29,0.10606060606060606,neutral
LSCRHCII,21,15,16,13,36,29,0.10606060606060606,neutral
ISGVFHVL,26,10,13,16,36,29,0.10606060606060606,neutral
YFLYHSVC,25,11,14,15,36,29,0.10606060606060606,neutral
DSGSCNYR,23,13,12,17,36,29,0.10606060606060606,neutral
CHFRGFGR,25,11,9,20,36,29,0.10606060606060606,neutral
FDNCCNIR,43,40,32,39,83,71,0.10619469026548672,neutral
RGHCSSCG,46,37,33,38,83,71,0.10619469026548672,neutral
IYVRVGGV,68,62,56,57,130,113,0.10625,neutral
HRDCFGCG,8,9,6,6,17,12,0.10638297872340426,neutral
RFLCVGSI,38,26,21,33,64,54,0.10638297872340426,neutral
IYFDNFGL,65,46,42,54,111,96,0.10638297872340426,neutral
YFVRRVSV,11,6,4,8,17,12,0.10638297872340426,neutral
RLVHLCFR,9,8,4,8,17,12,0.10638297872340426,neutral
LLVCNDFR,10,7,2,10,17,12,0.10638297872340426,neutral
NGYIHRCI,37,27,28,26,64,54,0.10638297872340426,neutral
FFSCNRLI,10,7,9,3,17,12,0.10638297872340426,neutral
RYGYNCGG,7,10,5,7,17,12,0.10638297872340426,neutral
VVCFGISC,7,10,5,7,17,12,0.10638297872340426,neutral
IVNRYFIN,37,27,24,30,64,54,0.10638297872340426,neutral
FNNCVNCG,39,25,28,26,64,54,0.10638297872340426,neutral
FGYVNFFC,41,23,28,26,64,54,0.10638297872340426,neutral
FCNYYLSL,13,4,3,9,17,12,0.10638297872340426,neutral
LLDCLLSG,37,27,25,29,64,54,0.10638297872340426,neutral
VSIRSCCG,12,5,7,5,17,12,0.10638297872340426,neutral
FCCRVYGG,8,9,5,7,17,12,0.10638297872340426,neutral
SVRYGSYG,6,11,8,4,17,12,0.10638297872340426,neutral
VVCLCRYN,13,4,7,5,17,12,0.10638297872340426,neutral
NVVVFGLD,6,11,4,8,17,12,0.10638297872340426,neutral
LHICNYSY,11,6,4,8,17,12,0.10638297872340426,neutral
FYCFFDGF,11,6,4,8,17,12,0.10638297872340426,neutral
CGFSHGGI,40,24,31,23,64,54,0.10638297872340426,neutral
FVVCSYCN,14,3,9,3,17,12,0.10638297872340426,neutral
VCRLVCIG,9,8,5,7,17,12,0.10638297872340426,neutral
CFSVCVRD,40,24,26,28,64,54,0.10638297872340426,neutral
VFCLDYCC,13,4,6,6,17,12,0.10638297872340426,neutral
FYVCCFLS,13,4,7,5,17,12,0.10638297872340426,neutral
CRRIINIL,159,149,145,127,308,272,0.10650887573964497,neutral
FINHFCRS,25,20,14,23,45,37,0.10666666666666667,neutral
RFRGNIFC,27,18,16,21,45,37,0.10666666666666667,neutral
HIFRIGDH,31,14,20,17,45,37,0.10666666666666667,neutral
CYDSCLCD,28,17,15,22,45,37,0.10666666666666667,neutral
VGDVCGVS,19,26,21,16,45,37,0.10666666666666667,neutral
GLFDCSDF,25,20,24,13,45,37,0.10666666666666667,neutral
GFICSFLH,31,14,14,23,45,37,0.10666666666666667,neutral
HDHVRDYG,28,17,17,20,45,37,0.10666666666666667,neutral
GRDISLNI,46,27,31,31,73,62,0.10679611650485436,neutral
LCIGHNGG,46,27,29,33,73,62,0.10679611650485436,neutral
GVFVVDVV,45,28,31,31,73,62,0.10679611650485436,neutral
FNISSSVR,40,33,31,31,73,62,0.10679611650485436,neutral
ICLSIGRC,40,33,26,36,73,62,0.10679611650485436,neutral
CDFDGCIS,60,41,41,46,101,87,0.10687022900763359,neutral
FGDNDRFH,52,49,46,41,101,87,0.10687022900763359,neutral
ICRCYHVC,15,11,13,7,26,20,0.10714285714285714,neutral
HCSVLGFG,42,40,35,35,82,70,0.10714285714285714,neutral
GRHVNVIF,20,6,8,12,26,20,0.10714285714285714,neutral
FLCHCCYC,17,9,10,10,26,20,0.10714285714285714,neutral
VCSRSHCG,31,23,24,21,54,45,0.10714285714285714,neutral
IFCCVSRI,16,10,13,7,26,20,0.10714285714285714,neutral
YVYNGVNS,14,12,7,13,26,20,0.10714285714285714,neutral
GCVNNHVR,15,11,9,11,26,20,0.10714285714285714,neutral
NYCRVCSG,33,21,22,23,54,45,0.10714285714285714,neutral
SFFRNGFF,14,12,8,12,26,20,0.10714285714285714,neutral
FYHGSCIL,14,12,9,11,26,20,0.10714285714285714,neutral
RCCGFSDI,28,26,16,29,54,45,0.10714285714285714,neutral
FCRFYFGH,17,9,10,10,26,20,0.10714285714285714,neutral
CYLISDVI,19,7,8,12,26,20,0.10714285714285714,neutral
RFNCVYVH,15,11,12,8,26,20,0.10714285714285714,neutral
CNICDIYC,18,8,8,12,26,20,0.10714285714285714,neutral
CNVHGVYV,15,11,10,10,26,20,0.10714285714285714,neutral
SFVSNHVN,45,46,42,36,91,78,0.10743801652892562,neutral
VCRVCVGH,36,27,23,30,63,53,0.10752688172043011,neutral
CVIGRLFV,40,23,26,27,63,53,0.10752688172043011,neutral
IFLDNCSG,37,26,26,27,63,53,0.10752688172043011,neutral
CCSVYIRG,34,29,22,31,63,53,0.10752688172043011,neutral
SCCHYGGD,40,23,22,31,63,53,0.10752688172043011,neutral
ICGDIVCF,39,24,20,33,63,53,0.10752688172043011,neutral
GYVRYGVH,20,15,14,14,35,28,0.1076923076923077,neutral
FCLVDFGY,23,12,15,13,35,28,0.1076923076923077,neutral
LGYHCVIH,17,18,14,14,35,28,0.1076923076923077,neutral
RFGSFVVR,24,11,11,17,35,28,0.1076923076923077,neutral
DDDFNRSY,25,10,11,17,35,28,0.1076923076923077,neutral
VFVGSRGD,20,15,11,17,35,28,0.1076923076923077,neutral
HLRFVRLS,55,45,45,41,100,86,0.1076923076923077,neutral
LLDFGSGV,23,12,14,14,35,28,0.1076923076923077,neutral
DYCVSSYF,23,12,13,15,35,28,0.1076923076923077,neutral
YDCFHYSV,25,10,12,16,35,28,0.1076923076923077,neutral
LHYCVSDG,44,28,29,32,72,61,0.10784313725490197,neutral
GVNRHCYD,45,27,25,36,72,61,0.10784313725490197,neutral
RLFSCVVR,60,49,56,38,109,94,0.1079136690647482,neutral
RFCHILCH,31,13,19,17,44,36,0.10810810810810811,neutral
YCYYHGCC,7,0,2,1,7,3,0.10810810810810811,neutral
CIFYDLCD,47,34,31,38,81,69,0.10810810810810811,neutral
CYVFDYNG,5,2,3,0,7,3,0.10810810810810811,neutral
GYNRVYSY,5,2,1,2,7,3,0.10810810810810811,neutral
HVVFVVSN,4,3,3,0,7,3,0.10810810810810811,neutral
DCGLSYYL,3,4,1,2,7,3,0.10810810810810811,neutral
CFVVFICV,4,3,2,1,7,3,0.10810810810810811,neutral
FFFRCNSI,5,2,1,2,7,3,0.10810810810810811,neutral
CFHCFCYG,6,1,1,2,7,3,0.10810810810810811,neutral
SCGFLCFN,4,3,1,2,7,3,0.10810810810810811,neutral
FFCFCFVG,6,1,2,1,7,3,0.10810810810810811,neutral
LYHFCFGY,7,0,1,2,7,3,0.10810810810810811,neutral
FNVVIVYV,3,4,1,2,7,3,0.10810810810810811,neutral
HNFCVCVI,0,7,1,2,7,3,0.10810810810810811,neutral
CNLCVGSH,3,4,1,2,7,3,0.10810810810810811,neutral
GVGYCFCG,5,2,1,2,7,3,0.10810810810810811,neutral
NIDISRYV,5,2,2,1,7,3,0.10810810810810811,neutral
LYLFCYCL,3,4,1,2,7,3,0.10810810810810811,neutral
CFSGCGGG,4,3,2,1,7,3,0.10810810810810811,neutral
CFRGVCVG,68,50,46,56,118,102,0.10810810810810811,neutral
FGSCCIYL,3,4,2,1,7,3,0.10810810810810811,neutral
VDRVFIGI,0,7,2,1,7,3,0.10810810810810811,neutral
VVCLVHGV,23,21,13,23,44,36,0.10810810810810811,neutral
FNFYRNRC,4,3,1,2,7,3,0.10810810810810811,neutral
ICDLGCHH,3,4,2,1,7,3,0.10810810810810811,neutral
YFISFFGC,3,4,3,0,7,3,0.10810810810810811,neutral
IHDRIRGG,5,2,3,0,7,3,0.10810810810810811,neutral
LFLFGFGY,4,3,2,1,7,3,0.10810810810810811,neutral
GGRFCIIC,6,1,1,2,7,3,0.10810810810810811,neutral
RFDHSCVC,30,14,16,20,44,36,0.10810810810810811,neutral
VCYNNYCV,5,2,2,1,7,3,0.10810810810810811,neutral
LLLGCGSC,29,15,17,19,44,36,0.10810810810810811,neutral
IFDYVHYN,5,2,2,1,7,3,0.10810810810810811,neutral
CLINCRGN,31,13,13,23,44,36,0.10810810810810811,neutral
GCHFINFS,28,16,19,17,44,36,0.10810810810810811,neutral
SRLGYGVR,24,20,26,10,44,36,0.10810810810810811,neutral
ICYSDCIL,26,18,11,25,44,36,0.10810810810810811,neutral
GIFFYGFR,3,4,2,1,7,3,0.10810810810810811,neutral
RCGCRVFY,27,17,19,17,44,36,0.10810810810810811,neutral
CFIFFFCY,4,3,1,2,7,3,0.10810810810810811,neutral
CIDSFLGH,45,36,34,35,81,69,0.10810810810810811,neutral
FFYCDFLY,4,3,3,0,7,3,0.10810810810810811,neutral
FGVCSVCG,4,3,2,1,7,3,0.10810810810810811,neutral
VGFCFIYY,3,4,1,2,7,3,0.10810810810810811,neutral
FNVISCGV,46,35,36,33,81,69,0.10810810810810811,neutral
CVVFDVNV,4,3,2,1,7,3,0.10810810810810811,neutral
ICGFDCIC,5,2,3,0,7,3,0.10810810810810811,neutral
RFRVCYNC,23,21,20,16,44,36,0.10810810810810811,neutral
ICGGYDCL,4,3,1,2,7,3,0.10810810810810811,neutral
FLSGGDGG,33,20,17,27,53,44,0.10843373493975904,neutral
YIIRSCRC,33,20,26,18,53,44,0.10843373493975904,neutral
IRVSYCDD,30,23,21,23,53,44,0.10843373493975904,neutral
IHRFNFGF,57,42,46,39,99,85,0.10852713178294573,neutral
FDCFCHCY,12,4,6,5,16,11,0.10869565217391304,neutral
FIIFCSDL,38,24,22,30,62,52,0.10869565217391304,neutral
VHLCNCCD,9,7,4,7,16,11,0.10869565217391304,neutral
VNFCGLSC,33,29,23,29,62,52,0.10869565217391304,neutral
LCHVLIDS,39,23,28,24,62,52,0.10869565217391304,neutral
CYGVVCVR,6,10,4,7,16,11,0.10869565217391304,neutral
LGYCHRCY,12,4,6,5,16,11,0.10869565217391304,neutral
GGYCCFLY,11,5,5,6,16,11,0.10869565217391304,neutral
HRGLYFRL,10,6,4,7,16,11,0.10869565217391304,neutral
VDDYYCGD,10,6,8,3,16,11,0.10869565217391304,neutral
RFDVLCGS,40,22,23,29,62,52,0.10869565217391304,neutral
FNGDYCHI,5,11,5,6,16,11,0.10869565217391304,neutral
RYIFSDRG,8,8,4,7,16,11,0.10869565217391304,neutral
CCYLNVGH,12,4,7,4,16,11,0.10869565217391304,neutral
SSLSLRFI,11,5,6,5,16,11,0.10869565217391304,neutral
RRISIGHG,11,5,8,3,16,11,0.10869565217391304,neutral
SFIRGRDV,38,24,23,29,62,52,0.10869565217391304,neutral
ILVVRGHG,11,5,7,4,16,11,0.10869565217391304,neutral
LFFLGVGL,11,5,4,7,16,11,0.10869565217391304,neutral
LYNCNFVC,11,5,6,5,16,11,0.10869565217391304,neutral
NFCVCSHC,22,3,8,11,25,19,0.10909090909090909,neutral
GCCYSIIH,21,4,8,11,25,19,0.10909090909090909,neutral
IFDGSSVG,15,10,8,11,25,19,0.10909090909090909,neutral
VNLHNRYS,14,11,9,10,25,19,0.10909090909090909,neutral
NNSLVIVC,17,8,14,5,25,19,0.10909090909090909,neutral
LDGFSGCY,49,31,35,33,80,68,0.10909090909090909,neutral
GGRYFDVG,17,8,4,15,25,19,0.10909090909090909,neutral
IHVRYNSS,19,6,10,9,25,19,0.10909090909090909,neutral
LCNILHHG,15,10,11,8,25,19,0.10909090909090909,neutral
FFICDVNV,18,7,5,14,25,19,0.10909090909090909,neutral
CVRRFIGH,76,59,62,55,135,117,0.10909090909090909,neutral
FFRDFYFV,19,6,12,7,25,19,0.10909090909090909,neutral
NFINCVCV,17,8,7,12,25,19,0.10909090909090909,neutral
CFFHSSDC,14,11,9,10,25,19,0.10909090909090909,neutral
RCRDDYCL,49,40,35,41,89,76,0.1092436974789916,neutral
VSYSSVCV,22,12,11,16,34,27,0.109375,neutral
GLYGRNNI,15,19,17,10,34,27,0.109375,neutral
DCVLVRCD,57,41,40,44,98,84,0.109375,neutral
YYRVRYYD,22,12,9,18,34,27,0.109375,neutral
HFRHGVVI,22,12,9,18,34,27,0.109375,neutral
VVNLISLR,25,9,11,16,34,27,0.109375,neutral
SFYCGLVH,19,15,13,14,34,27,0.109375,neutral
NSRSFSFG,21,13,14,13,34,27,0.109375,neutral
FHNGLVCG,22,12,19,8,34,27,0.109375,neutral
CGCCGFDC,23,11,10,17,34,27,0.109375,neutral
FYRGGDIG,17,17,13,14,34,27,0.109375,neutral
GSNGGCLG,20,14,12,15,34,27,0.109375,neutral
SCIGGVVI,23,11,10,17,34,27,0.109375,neutral
SFVLYILV,25,18,18,17,43,35,0.1095890410958904,neutral
GFRYRRGG,27,16,21,14,43,35,0.1095890410958904,neutral
YNNCRFFC,28,15,17,18,43,35,0.1095890410958904,neutral
SCLGHFDL,21,22,16,19,43,35,0.1095890410958904,neutral
HSCRCVHV,27,16,18,17,43,35,0.1095890410958904,neutral
DGCCRFGG,31,21,19,24,52,43,0.10975609756097561,neutral
CYDGGRCC,30,22,20,23,52,43,0.10975609756097561,neutral
GFCNDVCV,31,21,19,24,52,43,0.10975609756097561,neutral
LGLLRGNL,35,26,22,29,61,51,0.10989010989010989,neutral
CNISDSCC,41,29,27,32,70,59,0.11,neutral
LLRGGFRR,42,28,31,28,70,59,0.11,neutral
SGFGRGHR,37,33,30,29,70,59,0.11,neutral
CGDGFVGC,42,28,27,32,70,59,0.11,neutral
YCGYCGVR,49,39,28,47,88,75,0.11016949152542373,neutral
VFVDGVHR,62,44,51,40,106,91,0.11029411764705882,neutral
CLNRCGGV,63,52,42,57,115,99,0.1103448275862069,neutral
ISGCHCVD,41,28,25,33,69,58,0.1111111111111111,neutral
SFVGGIVY,11,4,4,6,15,10,0.1111111111111111,neutral
DYFHDNGF,2,4,1,1,6,2,0.1111111111111111,neutral
FYRIGDCS,4,2,1,1,6,2,0.1111111111111111,neutral
VCCHYLGF,5,1,1,1,6,2,0.1111111111111111,neutral
ISGLGLDC,33,18,19,23,51,42,0.1111111111111111,neutral
CFYCNFRY,5,1,2,0,6,2,0.1111111111111111,neutral
ICYFCVYC,23,10,11,15,33,26,0.1111111111111111,neutral
FNVGCICF,5,1,1,1,6,2,0.1111111111111111,neutral
FVRGVCDL,10,5,4,6,15,10,0.1111111111111111,neutral
VYRCLNVG,5,1,1,1,6,2,0.1111111111111111,neutral
FFDVYRLC,5,1,0,2,6,2,0.1111111111111111,neutral
CFICVYYI,1,5,1,1,6,2,0.1111111111111111,neutral
FRICDDFL,20,4,8,10,24,18,0.1111111111111111,neutral
CDYVLRHH,18,6,6,12,24,18,0.1111111111111111,neutral
SVRCFFCV,2,4,2,0,6,2,0.1111111111111111,neutral
CGFCSCCH,1,5,1,1,6,2,0.1111111111111111,neutral
LFFSSSSY,5,1,0,2,6,2,0.1111111111111111,neutral
FSVVVHRG,4,2,2,0,6,2,0.1111111111111111,neutral
LGCVCCRD,1,5,0,2,6,2,0.1111111111111111,neutral
FVDRSLCD,8,7,4,6,15,10,0.1111111111111111,neutral
RLNHYSDH,20,4,9,9,24,18,0.1111111111111111,neutral
VFCYCNFN,3,3,1,1,6,2,0.1111111111111111,neutral
IRCGGGCF,10,5,7,3,15,10,0.1111111111111111,neutral
FFDVSFFV,3,3,1,1,6,2,0.1111111111111111,neutral
IFIYNYVH,8,7,7,3,15,10,0.1111111111111111,neutral
LVCSFRCF,5,1,1,1,6,2,0.1111111111111111,neutral
GVDIIHCL,3,3,2,0,6,2,0.1111111111111111,neutral
FNYCVNRY,4,2,1,1,6,2,0.1111111111111111,neutral
FCSIVYFG,3,3,1,1,6,2,0.1111111111111111,neutral
VDYVFCNH,16,8,9,9,24,18,0.1111111111111111,neutral
YLYCGISG,30,12,15,19,42,34,0.1111111111111111,neutral
FRLIGGHV,20,13,8,18,33,26,0.1111111111111111,neutral
FISGLRIG,5,1,1,1,6,2,0.1111111111111111,neutral
GLYVCYSG,18,6,8,10,24,18,0.1111111111111111,neutral
DSVCGCLC,41,28,29,29,69,58,0.1111111111111111,neutral
IYLSLCRG,41,28,31,27,69,58,0.1111111111111111,neutral
VCFCRCGR,15,9,7,11,24,18,0.1111111111111111,neutral
CNGSCLHH,8,7,6,4,15,10,0.1111111111111111,neutral
YYNIFLVH,2,4,0,2,6,2,0.1111111111111111,neutral
LCSRVGGG,18,15,11,15,33,26,0.1111111111111111,neutral
FFRVCRCV,20,13,15,11,33,26,0.1111111111111111,neutral
LRNDYVCV,23,10,12,14,33,26,0.1111111111111111,neutral
YCRFGIRV,4,2,1,1,6,2,0.1111111111111111,neutral
FLLSSCRF,6,0,1,1,6,2,0.1111111111111111,neutral
RSDCCDHC,35,16,25,17,51,42,0.1111111111111111,neutral
CYYFNSFY,12,3,6,4,15,10,0.1111111111111111,neutral
FVCINSCG,2,4,1,1,6,2,0.1111111111111111,neutral
YFDDCLHL,32,19,17,25,51,42,0.1111111111111111,neutral
LLCFCCDC,5,1,1,1,6,2,0.1111111111111111,neutral
FIFSVNLN,4,2,1,1,6,2,0.1111111111111111,neutral
CSSVCGNC,26,25,19,23,51,42,0.1111111111111111,neutral
RIRLDYRI,56,40,39,43,96,82,0.1111111111111111,neutral
NRLDCCCS,14,10,9,9,24,18,0.1111111111111111,neutral
VYCVDYGD,3,3,1,1,6,2,0.1111111111111111,neutral
HCLFYNYC,8,7,7,3,15,10,0.1111111111111111,neutral
LFHLLDFS,16,8,6,12,24,18,0.1111111111111111,neutral
FHGNGNVS,5,1,0,2,6,2,0.1111111111111111,neutral
CRSCLDSH,20,13,12,14,33,26,0.1111111111111111,neutral
LIDVICGV,9,6,3,7,15,10,0.1111111111111111,neutral
INCNCGRC,13,11,9,9,24,18,0.1111111111111111,neutral
LGLDFIRG,44,25,30,28,69,58,0.1111111111111111,neutral
FGFLLGCN,6,0,0,2,6,2,0.1111111111111111,neutral
LRLVHHVI,2,4,1,1,6,2,0.1111111111111111,neutral
LVFFGHRS,10,5,5,5,15,10,0.1111111111111111,neutral
IFDGRGFR,3,3,1,1,6,2,0.1111111111111111,neutral
DYFFSFGS,8,7,6,4,15,10,0.1111111111111111,neutral
CFYNLDRC,2,4,0,2,6,2,0.1111111111111111,neutral
CCYCVRGY,5,1,0,2,6,2,0.1111111111111111,neutral
NSVGIIVC,18,6,7,11,24,18,0.1111111111111111,neutral
FCYDNYYG,5,1,1,1,6,2,0.1111111111111111,neutral
FICDYCDD,5,1,2,0,6,2,0.1111111111111111,neutral
NYVHGNGF,11,4,4,6,15,10,0.1111111111111111,neutral
HICSVLGC,35,25,27,23,60,50,0.1111111111111111,neutral
FYHVSYIF,3,3,2,0,6,2,0.1111111111111111,neutral
NRLGGVFS,0,6,1,1,6,2,0.1111111111111111,neutral
VCFGFRRI,65,49,55,43,114,98,0.1111111111111111,neutral
LCVGSLGD,56,40,46,36,96,82,0.1111111111111111,neutral
RHSFLRIG,4,2,1,1,6,2,0.1111111111111111,neutral
VDGCVGIF,5,1,1,1,6,2,0.1111111111111111,neutral
CFVCHSYF,7,8,4,6,15,10,0.1111111111111111,neutral
SVIRGFVH,5,1,0,2,6,2,0.1111111111111111,neutral
CDSVVRFC,47,40,37,37,87,74,0.1111111111111111,neutral
VCCCGCNY,3,3,0,2,6,2,0.1111111111111111,neutral
FYIFFGCY,5,1,1,1,6,2,0.1111111111111111,neutral
FRDFIGLY,4,2,2,0,6,2,0.1111111111111111,neutral
DNVCCDCY,4,2,1,1,6,2,0.1111111111111111,neutral
YVVHRIGN,10,5,6,4,15,10,0.1111111111111111,neutral
YGNCCDYV,5,1,1,1,6,2,0.1111111111111111,neutral
CFVCYNFI,1,5,0,2,6,2,0.1111111111111111,neutral
CGCCDSDH,12,12,8,10,24,18,0.1111111111111111,neutral
FRCYHCGS,37,23,28,22,60,50,0.1111111111111111,neutral
VCDFGSGC,5,1,2,0,6,2,0.1111111111111111,neutral
HGICSRYV,3,3,0,2,6,2,0.1111111111111111,neutral
RHDNCVFR,3,3,1,1,6,2,0.1111111111111111,neutral
FFNRDYFV,4,2,1,1,6,2,0.1111111111111111,neutral
CYNHGGLI,27,15,15,19,42,34,0.1111111111111111,neutral
CYGSCFVV,4,2,1,1,6,2,0.1111111111111111,neutral
SYYCLRRD,12,12,6,12,24,18,0.1111111111111111,neutral
GRCCVGIR,18,15,11,15,33,26,0.1111111111111111,neutral
LCYGDVYG,1,5,1,1,6,2,0.1111111111111111,neutral
CYCYFGFH,3,3,1,1,6,2,0.1111111111111111,neutral
FSCNSGFS,3,3,1,1,6,2,0.1111111111111111,neutral
LGYVDGLI,16,8,9,9,24,18,0.1111111111111111,neutral
HDCHFSGC,12,3,4,6,15,10,0.1111111111111111,neutral
FNFCNIFC,57,39,45,37,96,82,0.1111111111111111,neutral
CLGVSLFF,1,5,1,1,6,2,0.1111111111111111,neutral
ICNFGVIV,60,45,45,45,105,90,0.1111111111111111,neutral
GRVIIDGH,3,3,1,1,6,2,0.1111111111111111,neutral
GNGCVFNI,38,22,27,23,60,50,0.1111111111111111,neutral
CVRFCCDS,2,4,1,1,6,2,0.1111111111111111,neutral
YGLGFDSC,9,6,6,4,15,10,0.1111111111111111,neutral
GGGICGCD,29,13,16,18,42,34,0.1111111111111111,neutral
LCGVSNIL,2,4,0,2,6,2,0.1111111111111111,neutral
IYFVSHGY,4,2,1,1,6,2,0.1111111111111111,neutral
GDIRCFCS,27,15,15,19,42,34,0.1111111111111111,neutral
GNRRFGVS,0,6,2,0,6,2,0.1111111111111111,neutral
YSCSYIFV,16,8,8,10,24,18,0.1111111111111111,neutral
GRYFCCVH,3,3,1,1,6,2,0.1111111111111111,neutral
CYCIYSGD,9,6,4,6,15,10,0.1111111111111111,neutral
ISCLSICF,4,2,2,0,6,2,0.1111111111111111,neutral
SCGIRCFV,22,11,14,12,33,26,0.1111111111111111,neutral
FYFYLVHG,6,0,1,1,6,2,0.1111111111111111,neutral
VYCGDRVI,23,10,14,12,33,26,0.1111111111111111,neutral
IFGCCDVY,17,16,9,17,33,26,0.1111111111111111,neutral
DVGYRCLR,52,44,43,39,96,82,0.1111111111111111,neutral
RIFCSCGL,6,0,2,0,6,2,0.1111111111111111,neutral
CDGSIVIC,15,9,10,8,24,18,0.1111111111111111,neutral
CCCGGFVN,6,0,2,0,6,2,0.1111111111111111,neutral
IRYVVSCD,20,4,6,12,24,18,0.1111111111111111,neutral
RSGCRHRY,70,61,55,58,131,113,0.11180124223602485,neutral
NGFIGFCL,54,41,37,44,95,81,0.112,neutral
RHGCRRYF,53,42,43,38,95,81,0.112,neutral
DCIRFGGH,49,37,35,38,86,73,0.11206896551724138,neutral
LCGYRVVV,52,34,39,34,86,73,0.11206896551724138,neutral
DGGDYRRY,45,32,31,34,77,65,0.11214953271028037,neutral
LFGIFNCN,48,29,34,31,77,65,0.11214953271028037,neutral
FGYVGGRN,45,32,26,39,77,65,0.11214953271028037,neutral
CVVRCDYS,47,30,27,38,77,65,0.11214953271028037,neutral
LNLCVFGG,37,22,22,27,59,49,0.11235955056179775,neutral
GCLNRGVN,34,25,23,26,59,49,0.11235955056179775,neutral
ICRDRCLI,39,20,25,24,59,49,0.11235955056179775,neutral
HDVFFDIL,39,20,24,25,59,49,0.11235955056179775,neutral
LGRCSVVC,29,21,23,18,50,41,0.1125,neutral
LYNFYDIV,34,16,19,22,50,41,0.1125,neutral
ISFDHCFF,31,19,26,15,50,41,0.1125,neutral
VCSVGGGF,30,20,24,17,50,41,0.1125,neutral
CYYGFFGS,33,17,20,21,50,41,0.1125,neutral
VRRNYGSG,31,19,23,18,50,41,0.1125,neutral
IFLVNSGN,60,61,49,55,121,104,0.11258278145695365,neutral
LNVCHDCV,24,17,18,15,41,33,0.11267605633802817,neutral
GNCLFNRD,59,53,47,49,112,96,0.11267605633802817,neutral
RFCGCIDL,25,16,18,15,41,33,0.11267605633802817,neutral
IYNHIYRL,29,12,16,17,41,33,0.11267605633802817,neutral
VGLVSFVH,61,42,42,46,103,88,0.11278195488721804,neutral
DDHCNNLC,25,7,8,17,32,25,0.11290322580645161,neutral
VIDGLIGL,16,16,9,16,32,25,0.11290322580645161,neutral
IDFSIFHG,20,12,10,15,32,25,0.11290322580645161,neutral
FRGRGGHN,16,16,14,11,32,25,0.11290322580645161,neutral
CVFFRGYD,20,12,12,13,32,25,0.11290322580645161,neutral
ISNGFHNI,25,7,9,16,32,25,0.11290322580645161,neutral
CFDCGIIV,20,12,12,13,32,25,0.11290322580645161,neutral
FGGCSGGN,17,15,13,12,32,25,0.11290322580645161,neutral
YFRRFVSV,19,13,13,12,32,25,0.11290322580645161,neutral
FLCDDFDF,23,9,15,10,32,25,0.11290322580645161,neutral
DIHICDGC,15,17,13,12,32,25,0.11290322580645161,neutral
VRYCFVCV,43,33,28,36,76,64,0.11320754716981132,neutral
IGFGCVYF,13,10,9,8,23,17,0.11320754716981132,neutral
YHDHSFGG,18,5,5,12,23,17,0.11320754716981132,neutral
LGCDVFVF,18,5,10,7,23,17,0.11320754716981132,neutral
VRCHVCGF,14,9,7,10,23,17,0.11320754716981132,neutral
LRGCLILD,14,9,9,8,23,17,0.11320754716981132,neutral
CDHLLSFG,74,55,47,64,129,111,0.11320754716981132,neutral
FRRVFSRR,12,11,7,10,23,17,0.11320754716981132,neutral
FCGVVDCY,13,10,7,10,23,17,0.11320754716981132,neutral
YGGIRVCR,47,29,38,26,76,64,0.11320754716981132,neutral
YGYVGFFV,15,8,3,14,23,17,0.11320754716981132,neutral
FFHYVFYG,14,9,10,7,23,17,0.11320754716981132,neutral
RYVHLGYI,12,11,8,9,23,17,0.11320754716981132,neutral
VHLCGILG,35,32,26,30,67,56,0.1134020618556701,neutral
ICSFGRVG,43,24,22,34,67,56,0.1134020618556701,neutral
RGRYRNCS,41,26,28,28,67,56,0.1134020618556701,neutral
SCFSGHVH,34,33,26,30,67,56,0.1134020618556701,neutral
VSGSLFGL,62,49,49,46,111,95,0.11347517730496454,neutral
RYFVVDGY,10,4,5,4,14,9,0.11363636363636363,neutral
FGIDVNLD,12,2,3,6,14,9,0.11363636363636363,neutral
YFRNHSHF,9,5,2,7,14,9,0.11363636363636363,neutral
FVINNVHL,8,6,6,3,14,9,0.11363636363636363,neutral
CFRCGSDD,9,5,7,2,14,9,0.11363636363636363,neutral
FCCSVGLL,10,4,5,4,14,9,0.11363636363636363,neutral
RIVGCVLV,7,7,5,4,14,9,0.11363636363636363,neutral
FYSVLVHC,5,9,3,6,14,9,0.11363636363636363,neutral
SDHRYYDG,9,5,7,2,14,9,0.11363636363636363,neutral
VSCVGFDC,9,5,6,3,14,9,0.11363636363636363,neutral
GFNFVYRN,9,5,2,7,14,9,0.11363636363636363,neutral
FYCGYNYY,10,4,4,5,14,9,0.11363636363636363,neutral
VILNDRCF,8,6,4,5,14,9,0.11363636363636363,neutral
CVGIRGLF,6,8,5,4,14,9,0.11363636363636363,neutral
FLHCLCIH,11,3,2,7,14,9,0.11363636363636363,neutral
YLIGYHID,6,8,2,7,14,9,0.11363636363636363,neutral
GVGYVCSC,9,5,7,2,14,9,0.11363636363636363,neutral
GCSYRVSY,9,5,5,4,14,9,0.11363636363636363,neutral
FSCISFIC,10,4,0,9,14,9,0.11363636363636363,neutral
RFVYHCCL,9,5,2,7,14,9,0.11363636363636363,neutral
YGRLINSC,8,6,3,6,14,9,0.11363636363636363,neutral
CSLFGVYH,10,4,5,4,14,9,0.11363636363636363,neutral
ILVHHGVC,12,2,3,6,14,9,0.11363636363636363,neutral
CYGFDCFF,9,5,6,3,14,9,0.11363636363636363,neutral
CLCDLYVN,9,5,4,5,14,9,0.11363636363636363,neutral
CLFHSVIH,7,7,1,8,14,9,0.11363636363636363,neutral
SFCSSCIC,8,6,1,8,14,9,0.11363636363636363,neutral
FDYCGILF,35,23,23,25,58,48,0.11363636363636363,neutral
VCCNFCYV,12,2,5,4,14,9,0.11363636363636363,neutral
GVLINCYV,7,7,4,5,14,9,0.11363636363636363,neutral
CFSRNGYC,7,7,4,5,14,9,0.11363636363636363,neutral
SNHILDIY,8,6,2,7,14,9,0.11363636363636363,neutral
CNFSLGDV,58,44,43,44,102,87,0.11363636363636363,neutral
CVVFFGDS,54,39,33,46,93,79,0.11382113821138211,neutral
FGIHVISV,53,40,40,39,93,79,0.11382113821138211,neutral
FCSDCIVH,28,21,19,21,49,40,0.11392405063291139,neutral
FDVGSVCH,30,19,17,23,49,40,0.11392405063291139,neutral
RFRICCVG,28,21,16,24,49,40,0.11392405063291139,neutral
FIRNGFGI,27,22,16,24,49,40,0.11392405063291139,neutral
GCCLHVSI,32,17,22,18,49,40,0.11392405063291139,neutral
SFCFDRLH,27,22,14,26,49,40,0.11392405063291139,neutral
VLVHRGCC,26,23,16,24,49,40,0.11392405063291139,neutral
LGVCCDND,28,21,18,22,49,40,0.11392405063291139,neutral
HCGGHGYR,28,21,15,25,49,40,0.11392405063291139,neutral
CDCFVGNG,46,38,35,36,84,71,0.11403508771929824,neutral
SFYGNLSS,66,53,56,46,119,102,0.11409395973154363,neutral
GGCFVVDC,22,18,16,16,40,32,0.11428571428571428,neutral
RFGFVLVF,3,2,1,0,5,1,0.11428571428571428,neutral
LVGCRDLD,26,14,15,17,40,32,0.11428571428571428,neutral
CHSGLYGR,3,2,0,1,5,1,0.11428571428571428,neutral
LFLGCIIS,1,4,1,0,5,1,0.11428571428571428,neutral
YCVNDYFL,4,1,1,0,5,1,0.11428571428571428,neutral
YLFRIGCY,3,2,1,0,5,1,0.11428571428571428,neutral
SIFFCYVH,2,3,0,1,5,1,0.11428571428571428,neutral
GLGICFVF,1,4,1,0,5,1,0.11428571428571428,neutral
RCCYVFSH,4,1,1,0,5,1,0.11428571428571428,neutral
CFFFYFSV,1,4,0,1,5,1,0.11428571428571428,neutral
YHSLLRGY,3,2,1,0,5,1,0.11428571428571428,neutral
FLCCVDCC,3,2,1,0,5,1,0.11428571428571428,neutral
SGRYGGGV,2,3,1,0,5,1,0.11428571428571428,neutral
FCLHLDYG,1,4,1,0,5,1,0.11428571428571428,neutral
IRSYVDHC,4,1,0,1,5,1,0.11428571428571428,neutral
CFCCCFFH,2,3,1,0,5,1,0.11428571428571428,neutral
GCSIHYFF,4,1,1,0,5,1,0.11428571428571428,neutral
GVCLYCGH,3,2,1,0,5,1,0.11428571428571428,neutral
SFVHVICV,3,2,1,0,5,1,0.11428571428571428,neutral
VFDDNRSG,1,4,0,1,5,1,0.11428571428571428,neutral
RHRFGSGF,4,1,1,0,5,1,0.11428571428571428,neutral
FFICYSIS,3,2,0,1,5,1,0.11428571428571428,neutral
FCFIVLVS,5,0,1,0,5,1,0.11428571428571428,neutral
FFGNVSCV,1,4,0,1,5,1,0.11428571428571428,neutral
FFFFSCDS,46,29,23,40,75,63,0.11428571428571428,neutral
GRRIISVF,1,4,1,0,5,1,0.11428571428571428,neutral
YYIDILVC,2,3,0,1,5,1,0.11428571428571428,neutral
CLISLGFG,1,4,0,1,5,1,0.11428571428571428,neutral
ISYRCDSR,4,1,0,1,5,1,0.11428571428571428,neutral
FCHDCDHV,2,3,1,0,5,1,0.11428571428571428,neutral
YIGFNIIL,3,2,1,0,5,1,0.11428571428571428,neutral
GCRIIICC,4,1,1,0,5,1,0.11428571428571428,neutral
VFCLGGLL,2,3,0,1,5,1,0.11428571428571428,neutral
IFNINVYL,3,2,0,1,5,1,0.11428571428571428,neutral
CCIRGFYF,2,3,1,0,5,1,0.11428571428571428,neutral
CFVCVVNS,2,3,1,0,5,1,0.11428571428571428,neutral
CIIDCINV,24,16,19,13,40,32,0.11428571428571428,neutral
RVVGICCI,43,32,36,27,75,63,0.11428571428571428,neutral
LVSNYLCV,0,5,0,1,5,1,0.11428571428571428,neutral
LFVICGRG,4,1,1,0,5,1,0.11428571428571428,neutral
HVCFIVGY,3,2,0,1,5,1,0.11428571428571428,neutral
VYDLISGI,4,1,0,1,5,1,0.11428571428571428,neutral
LYSLRSGC,28,12,16,16,40,32,0.11428571428571428,neutral
FGVRILGC,42,33,36,27,75,63,0.11428571428571428,neutral
FCDSLLLR,2,3,1,0,5,1,0.11428571428571428,neutral
FGVYCLIR,5,0,1,0,5,1,0.11428571428571428,neutral
CHFLSGIG,3,2,1,0,5,1,0.11428571428571428,neutral
FYVCFFIR,4,1,1,0,5,1,0.11428571428571428,neutral
CIDFSFVG,4,1,1,0,5,1,0.11428571428571428,neutral
RFGGCCYG,24,16,15,17,40,32,0.11428571428571428,neutral
SYVYLIRI,3,2,0,1,5,1,0.11428571428571428,neutral
YVIVFCCG,3,2,1,0,5,1,0.11428571428571428,neutral
YHSHGCSD,4,1,0,1,5,1,0.11428571428571428,neutral
FCDSLIFY,26,14,15,17,40,32,0.11428571428571428,neutral
VHLCVFCH,3,2,0,1,5,1,0.11428571428571428,neutral
YNCFYNCC,1,4,1,0,5,1,0.11428571428571428,neutral
FIYDYLCC,3,2,0,1,5,1,0.11428571428571428,neutral
YFRNSLCI,2,3,0,1,5,1,0.11428571428571428,neutral
LCVRDHRH,3,2,0,1,5,1,0.11428571428571428,neutral
LFLYFFDC,4,1,0,1,5,1,0.11428571428571428,neutral
FFLYYRNC,4,1,1,0,5,1,0.11428571428571428,neutral
FCHVRICD,2,3,0,1,5,1,0.11428571428571428,neutral
RYVGCFGR,4,1,1,0,5,1,0.11428571428571428,neutral
FVLVLYFS,5,0,1,0,5,1,0.11428571428571428,neutral
VCVCCDSN,4,1,0,1,5,1,0.11428571428571428,neutral
LLFCYFCH,1,4,0,1,5,1,0.11428571428571428,neutral
NCVVGFYL,1,4,0,1,5,1,0.11428571428571428,neutral
VSCYFRLD,3,2,1,0,5,1,0.11428571428571428,neutral
CYCDCYHH,3,2,0,1,5,1,0.11428571428571428,neutral
LCSIYYYN,2,3,0,1,5,1,0.11428571428571428,neutral
CVYLVCLV,3,2,0,1,5,1,0.11428571428571428,neutral
HGSDNVCL,1,4,1,0,5,1,0.11428571428571428,neutral
CDFGCLFR,4,1,0,1,5,1,0.11428571428571428,neutral
CCFVLGGG,5,0,1,0,5,1,0.11428571428571428,neutral
SIDGVFDS,3,2,1,0,5,1,0.11428571428571428,neutral
FNCCGVIF,3,2,0,1,5,1,0.11428571428571428,neutral
HIGCCRSR,43,32,33,30,75,63,0.11428571428571428,neutral
FDFYVIIH,5,0,0,1,5,1,0.11428571428571428,neutral
VFHFFFFL,1,4,1,0,5,1,0.11428571428571428,neutral
FHLGIHCF,24,16,11,21,40,32,0.11428571428571428,neutral
CVCCGICG,4,1,1,0,5,1,0.11428571428571428,neutral
FCLNCFFI,1,4,1,0,5,1,0.11428571428571428,neutral
GFFFFNRG,5,0,0,1,5,1,0.11428571428571428,neutral
VCNSVIFN,3,2,0,1,5,1,0.11428571428571428,neutral
FCLSNCGG,4,1,0,1,5,1,0.11428571428571428,neutral
CHCFDNCL,3,2,0,1,5,1,0.11428571428571428,neutral
FCIYCFHL,3,2,0,1,5,1,0.11428571428571428,neutral
LCVCVRGV,2,3,1,0,5,1,0.11428571428571428,neutral
CCVFVCFV,1,4,0,1,5,1,0.11428571428571428,neutral
CYCGHVLL,5,0,0,1,5,1,0.11428571428571428,neutral
IRYDSCGL,3,2,1,0,5,1,0.11428571428571428,neutral
VCYCVNVR,2,3,0,1,5,1,0.11428571428571428,neutral
IISFVNYF,2,3,1,0,5,1,0.11428571428571428,neutral
FRNCCRHY,2,3,1,0,5,1,0.11428571428571428,neutral
CDSYSLVV,5,0,0,1,5,1,0.11428571428571428,neutral
VCCSIISG,27,13,16,16,40,32,0.11428571428571428,neutral
RGFYFGSV,46,29,32,31,75,63,0.11428571428571428,neutral
YYSGVYGC,3,2,1,0,5,1,0.11428571428571428,neutral
CCCGVRDN,0,5,0,1,5,1,0.11428571428571428,neutral
RHRDYGSH,25,15,16,16,40,32,0.11428571428571428,neutral
CYYSCSRD,5,0,1,0,5,1,0.11428571428571428,neutral
CGLGVYVL,111,95,82,97,206,179,0.11440677966101695,neutral
NHLVCSIV,35,31,21,34,66,55,0.11458333333333333,neutral
SFFRGCGC,42,24,27,28,66,55,0.11458333333333333,neutral
GLCYNGLS,18,13,14,10,31,24,0.11475409836065574,neutral
YLSGDGCV,19,12,20,4,31,24,0.11475409836065574,neutral
RHGLLFLH,21,10,15,9,31,24,0.11475409836065574,neutral
NGLRVYFR,23,8,14,10,31,24,0.11475409836065574,neutral
HFSGCDCH,54,38,38,40,92,78,0.11475409836065574,neutral
CGLFRFSG,22,9,13,11,31,24,0.11475409836065574,neutral
NIFIDDLH,23,8,13,11,31,24,0.11475409836065574,neutral
GFSYSFCL,21,10,18,6,31,24,0.11475409836065574,neutral
VFVSDFDD,19,12,5,19,31,24,0.11475409836065574,neutral
YHINLGCH,22,9,9,15,31,24,0.11475409836065574,neutral
INVIFGFN,32,25,23,24,57,47,0.11494252873563218,neutral
HGFIIHLS,38,19,23,24,57,47,0.11494252873563218,neutral
CCYISDFG,35,22,21,26,57,47,0.11494252873563218,neutral
DNFCDCGG,35,22,22,25,57,47,0.11494252873563218,neutral
YGGSFGNC,51,32,33,37,83,70,0.11504424778761062,neutral
NDVFRFVL,46,37,37,33,83,70,0.11504424778761062,neutral
VYRRFRCG,62,47,37,56,109,93,0.11510791366906475,neutral
FCVGGIVR,30,18,23,16,48,39,0.11538461538461539,neutral
YSDCYHFI,13,9,9,7,22,16,0.11538461538461539,neutral
FYFGNCDF,11,11,8,8,22,16,0.11538461538461539,neutral
IDFGLCVV,27,21,23,16,48,39,0.11538461538461539,neutral
FIFNLGHL,17,5,8,8,22,16,0.11538461538461539,neutral
ICCSLSRN,18,4,7,9,22,16,0.11538461538461539,neutral
LRHFDVFF,41,33,30,32,74,62,0.11538461538461539,neutral
FFYCSRGR,26,22,21,18,48,39,0.11538461538461539,neutral
CSFNLGFD,43,31,23,39,74,62,0.11538461538461539,neutral
SCSRYCHH,13,9,5,11,22,16,0.11538461538461539,neutral
CGGFFVGV,28,20,17,22,48,39,0.11538461538461539,neutral
GIGRYVFL,12,10,11,5,22,16,0.11538461538461539,neutral
FFCSDIFC,15,7,4,12,22,16,0.11538461538461539,neutral
SICFSRVR,17,5,7,9,22,16,0.11538461538461539,neutral
FRDFCFGI,13,9,7,9,22,16,0.11538461538461539,neutral
GICHFCGS,14,8,7,9,22,16,0.11538461538461539,neutral
CCGISRNF,15,7,9,7,22,16,0.11538461538461539,neutral
IDYSCVFS,27,21,19,20,48,39,0.11538461538461539,neutral
RICCSRFL,14,8,7,9,22,16,0.11538461538461539,neutral
GYDLVGID,14,8,8,8,22,16,0.11538461538461539,neutral
IVYSGYGS,15,7,12,4,22,16,0.11538461538461539,neutral
FFNVDLIF,15,7,7,9,22,16,0.11538461538461539,neutral
FFGRCYLC,17,5,3,13,22,16,0.11538461538461539,neutral
LSYGLFNI,16,6,6,10,22,16,0.11538461538461539,neutral
CGVGVRHY,33,15,18,21,48,39,0.11538461538461539,neutral
YYGFFGRL,52,39,44,33,91,77,0.11570247933884298,neutral
RNGGDGCF,52,39,35,42,91,77,0.11570247933884298,neutral
SSRYGRHR,40,25,28,26,65,54,0.11578947368421053,neutral
RGLCRVCF,41,24,23,31,65,54,0.11578947368421053,neutral
FISNIDLG,39,26,23,31,65,54,0.11578947368421053,neutral
GGHISVVN,17,22,19,12,39,31,0.11594202898550725,neutral
CHLRRNFG,25,14,15,16,39,31,0.11594202898550725,neutral
FFYDHVHL,28,11,12,19,39,31,0.11594202898550725,neutral
CGVYYGGD,24,15,11,20,39,31,0.11594202898550725,neutral
DDCDCVVL,25,14,16,15,39,31,0.11594202898550725,neutral
NGCYSHVD,23,16,12,19,39,31,0.11594202898550725,neutral
RYHGDCGN,27,12,16,15,39,31,0.11594202898550725,neutral
HYFSSNVV,26,13,11,20,39,31,0.11594202898550725,neutral
RLCGVYHG,46,36,38,31,82,69,0.11607142857142858,neutral
VDCHSCYR,9,4,4,4,13,8,0.11627906976744186,neutral
FYFRLRSV,8,5,5,3,13,8,0.11627906976744186,neutral
IVFDSICC,10,3,6,2,13,8,0.11627906976744186,neutral
VCNRHGFN,32,24,26,20,56,46,0.11627906976744186,neutral
FRCDVLDI,4,9,5,3,13,8,0.11627906976744186,neutral
DVRHYHGG,9,4,4,4,13,8,0.11627906976744186,neutral
SILGICND,12,1,4,4,13,8,0.11627906976744186,neutral
DLFSFVIH,8,5,4,4,13,8,0.11627906976744186,neutral
FCDGFLVH,9,4,5,3,13,8,0.11627906976744186,neutral
VGCRRCFS,6,7,4,4,13,8,0.11627906976744186,neutral
VCGIVNFN,37,19,21,25,56,46,0.11627906976744186,neutral
YYDYVDFG,6,7,1,7,13,8,0.11627906976744186,neutral
NCDIGHCH,35,21,16,30,56,46,0.11627906976744186,neutral
LRDGCFSI,6,7,6,2,13,8,0.11627906976744186,neutral
HFLFFSLH,9,4,2,6,13,8,0.11627906976744186,neutral
VCNRNSGF,36,20,23,23,56,46,0.11627906976744186,neutral
SFGGRFNL,37,19,21,25,56,46,0.11627906976744186,neutral
GYCCDVLL,4,9,3,5,13,8,0.11627906976744186,neutral
YGNILVCG,37,19,22,24,56,46,0.11627906976744186,neutral
LCFLRSFD,13,0,4,4,13,8,0.11627906976744186,neutral
YGLNDCNH,4,9,6,2,13,8,0.11627906976744186,neutral
YYHFDNNF,7,6,4,4,13,8,0.11627906976744186,neutral
VGFFGLCG,6,7,3,5,13,8,0.11627906976744186,neutral
SVFVYSFL,8,5,6,2,13,8,0.11627906976744186,neutral
FLFGDFIV,10,3,3,5,13,8,0.11627906976744186,neutral
LFFDVSNF,65,51,49,50,116,99,0.11643835616438356,neutral
YNIGDCDD,37,36,29,32,73,61,0.11650485436893204,neutral
CDGCVIRD,44,29,29,32,73,61,0.11650485436893204,neutral
SRVLRFNH,43,30,30,31,73,61,0.11650485436893204,neutral
FYGFGDLS,20,10,9,14,30,23,0.11666666666666667,neutral
RVRRRVND,23,7,14,9,30,23,0.11666666666666667,neutral
LCFHRVHG,20,10,9,14,30,23,0.11666666666666667,neutral
GVCVCSVS,19,11,7,16,30,23,0.11666666666666667,neutral
FCVSGCSY,21,9,11,12,30,23,0.11666666666666667,neutral
SHFRRYIL,17,13,12,11,30,23,0.11666666666666667,neutral
GVGISYVD,18,12,12,11,30,23,0.11666666666666667,neutral
GCLFNILH,18,12,11,12,30,23,0.11666666666666667,neutral
HNVCDLDC,21,9,11,12,30,23,0.11666666666666667,neutral
FFCNCYVC,20,10,8,15,30,23,0.11666666666666667,neutral
YFHFCGLD,20,10,10,13,30,23,0.11666666666666667,neutral
LLCRSLIL,49,41,33,43,90,76,0.11666666666666667,neutral
FNSLCGHC,18,12,12,11,30,23,0.11666666666666667,neutral
HCNGHYHC,17,13,10,13,30,23,0.11666666666666667,neutral
FDYVYHSD,22,8,10,13,30,23,0.11666666666666667,neutral
VCHVLSYV,63,44,45,46,107,91,0.11678832116788321,neutral
VYGRRINY,59,48,51,40,107,91,0.11678832116788321,neutral
FLCSGVGF,33,14,23,15,47,38,0.11688311688311688,neutral
VLCSLGDN,27,20,19,19,47,38,0.11688311688311688,neutral
FDCSSCRG,29,18,16,22,47,38,0.11688311688311688,neutral
SIRCVFDC,30,17,18,20,47,38,0.11688311688311688,neutral
DYGCIVGG,31,16,19,19,47,38,0.11688311688311688,neutral
FFNRVSDG,27,20,22,16,47,38,0.11688311688311688,neutral
GSGYRHFI,40,24,23,30,64,53,0.11702127659574468,neutral
CFFSHSRH,37,27,23,30,64,53,0.11702127659574468,neutral
YRCHDVRR,36,28,23,30,64,53,0.11702127659574468,neutral
GCNCGRGV,34,30,20,33,64,53,0.11702127659574468,neutral
RINVCHSD,50,31,34,34,81,68,0.11711711711711711,neutral
YYSFVFGL,12,9,6,9,21,15,0.11764705882352941,neutral
FYGSRHVL,13,8,6,9,21,15,0.11764705882352941,neutral
RCGNGVDF,27,11,14,16,38,30,0.11764705882352941,neutral
DFVNCIGC,23,15,14,16,38,30,0.11764705882352941,neutral
FDCGIVLH,9,12,11,4,21,15,0.11764705882352941,neutral
LFCLSSSS,12,9,6,9,21,15,0.11764705882352941,neutral
CHNGYHVV,33,22,24,21,55,45,0.11764705882352941,neutral
FIRVDHHL,15,6,7,8,21,15,0.11764705882352941,neutral
DSLFYYVI,21,17,14,16,38,30,0.11764705882352941,neutral
FGCRYVFG,9,12,5,10,21,15,0.11764705882352941,neutral
CFSYSYCC,10,11,11,4,21,15,0.11764705882352941,neutral
DSGLHGLC,53,36,35,40,89,75,0.11764705882352941,neutral
VHRFNVHH,70,53,50,55,123,105,0.11764705882352941,neutral
DILGCVVD,69,54,52,53,123,105,0.11764705882352941,neutral
FCGCHRSH,39,33,29,31,72,60,0.11764705882352941,neutral
FIGCGILL,15,6,6,9,21,15,0.11764705882352941,neutral
CDFVGHVR,28,10,13,17,38,30,0.11764705882352941,neutral
GCLFYGYY,11,10,8,7,21,15,0.11764705882352941,neutral
YSRFLFLR,13,8,7,8,21,15,0.11764705882352941,neutral
HFGVRCCD,29,26,23,22,55,45,0.11764705882352941,neutral
HFGFYVHG,10,11,9,6,21,15,0.11764705882352941,neutral
IVGCDCDD,22,16,15,15,38,30,0.11764705882352941,neutral
FDGFISGS,15,6,7,8,21,15,0.11764705882352941,neutral
YSNSFRLG,14,7,5,10,21,15,0.11764705882352941,neutral
VCFFDFGL,15,6,7,8,21,15,0.11764705882352941,neutral
HNGFFHDN,42,30,25,35,72,60,0.11764705882352941,neutral
FFCSLRCH,13,8,6,9,21,15,0.11764705882352941,neutral
CYGHLSFC,11,10,3,12,21,15,0.11764705882352941,neutral
VFNFYYVN,22,16,16,14,38,30,0.11764705882352941,neutral
RSCFIFGG,12,9,6,9,21,15,0.11764705882352941,neutral
DVGRLLLF,25,13,16,14,38,30,0.11764705882352941,neutral
LRFVFGVG,17,4,9,6,21,15,0.11764705882352941,neutral
FFRVLRNV,32,23,22,23,55,45,0.11764705882352941,neutral
FCLRIGGI,9,12,7,8,21,15,0.11764705882352941,neutral
LLVSVHRC,45,27,29,31,72,60,0.11764705882352941,neutral
SCCFGLSV,27,11,15,15,38,30,0.11764705882352941,neutral
NCCLIRYG,58,39,43,39,97,82,0.11811023622047244,neutral
CDCVGGHR,29,34,31,21,63,52,0.11827956989247312,neutral
DCGYIRGG,39,24,28,24,63,52,0.11827956989247312,neutral
CIISVCVS,40,23,31,21,63,52,0.11827956989247312,neutral
LGGFNRIH,33,30,28,24,63,52,0.11827956989247312,neutral
VSFVICSG,28,18,17,20,46,37,0.11842105263157894,neutral
CCDNRFNL,29,17,18,19,46,37,0.11842105263157894,neutral
GHFCDCGG,29,17,18,19,46,37,0.11842105263157894,neutral
CRDLNCCH,32,14,14,23,46,37,0.11842105263157894,neutral
HFCGCNDD,31,15,19,18,46,37,0.11842105263157894,neutral
VNIFSLGG,28,18,14,23,46,37,0.11842105263157894,neutral
DCNRSFGL,60,45,45,44,105,89,0.11851851851851852,neutral
FYYDSYFS,19,10,6,16,29,22,0.11864406779661017,neutral
SGFCGCCD,19,10,13,9,29,22,0.11864406779661017,neutral
VYFDHFHF,17,12,12,10,29,22,0.11864406779661017,neutral
FFFDNLNL,19,10,10,12,29,22,0.11864406779661017,neutral
RCVFGLRY,19,10,12,10,29,22,0.11864406779661017,neutral
IRSCNGCF,20,9,10,12,29,22,0.11864406779661017,neutral
RSFGVHVF,22,7,11,11,29,22,0.11864406779661017,neutral
VRGSGSFY,19,10,10,12,29,22,0.11864406779661017,neutral
GDLCDVLV,20,9,12,10,29,22,0.11864406779661017,neutral
SDYVGSLC,21,8,10,12,29,22,0.11864406779661017,neutral
NDYFCYCH,19,10,15,7,29,22,0.11864406779661017,neutral
LCHSRCDC,21,8,10,12,29,22,0.11864406779661017,neutral
GCDFSLHV,20,9,11,11,29,22,0.11864406779661017,neutral
FYNDCCFV,20,9,17,5,29,22,0.11864406779661017,neutral
SLVIYGNV,20,9,10,12,29,22,0.11864406779661017,neutral
CSNIHYVH,19,10,10,12,29,22,0.11864406779661017,neutral
SFIRCCGD,64,49,48,48,113,96,0.11888111888111888,neutral
FSSVLCSF,33,21,24,20,54,44,0.11904761904761904,neutral
ICFCCYCC,9,3,2,5,12,7,0.11904761904761904,neutral
CFFVGSCL,32,22,26,18,54,44,0.11904761904761904,neutral
CCYDHNNN,0,12,4,3,12,7,0.11904761904761904,neutral
VSFISCIS,9,3,2,5,12,7,0.11904761904761904,neutral
GNVLFVLG,10,2,2,5,12,7,0.11904761904761904,neutral
VNVCGGLC,9,3,4,3,12,7,0.11904761904761904,neutral
FRLVCGFV,7,5,1,6,12,7,0.11904761904761904,neutral
YGGGCYCS,31,23,19,25,54,44,0.11904761904761904,neutral
SFGFFDSC,9,3,2,5,12,7,0.11904761904761904,neutral
RCCRSHLF,5,7,4,3,12,7,0.11904761904761904,neutral
FFGICYGC,6,6,4,3,12,7,0.11904761904761904,neutral
GHCFVCGY,34,20,19,25,54,44,0.11904761904761904,neutral
FRHCCHNH,35,19,24,20,54,44,0.11904761904761904,neutral
CSYDVSCN,8,4,5,2,12,7,0.11904761904761904,neutral
FFYNCVVY,10,2,3,4,12,7,0.11904761904761904,neutral
CCFRCDII,5,7,3,4,12,7,0.11904761904761904,neutral
NVVGVFGL,35,19,18,26,54,44,0.11904761904761904,neutral
IFVYFVVF,5,7,4,3,12,7,0.11904761904761904,neutral
ICICFDCS,9,3,4,3,12,7,0.11904761904761904,neutral
CCFDGFSR,7,5,4,3,12,7,0.11904761904761904,neutral
IFCNLGRV,3,9,3,4,12,7,0.11904761904761904,neutral
VGGFIYFC,6,6,3,4,12,7,0.11904761904761904,neutral
INCFSFFG,10,2,4,3,12,7,0.11904761904761904,neutral
FFGHFGGI,8,4,3,4,12,7,0.11904761904761904,neutral
RCGCVLVG,8,4,3,4,12,7,0.11904761904761904,neutral
SRYVHCYV,7,5,2,5,12,7,0.11904761904761904,neutral
SVYYICDI,7,5,4,3,12,7,0.11904761904761904,neutral
SHRNCCCD,8,4,2,5,12,7,0.11904761904761904,neutral
VYDIVIDY,9,3,5,2,12,7,0.11904761904761904,neutral
VGDNVSCF,9,3,2,5,12,7,0.11904761904761904,neutral
CGFCSCFH,7,5,4,3,12,7,0.11904761904761904,neutral
INGHRGLV,67,54,45,58,121,103,0.11920529801324503,neutral
VCGLSSCV,49,30,36,30,79,66,0.11926605504587157,neutral
SGGILNDG,24,13,14,15,37,29,0.11940298507462686,neutral
GDCFHYYC,26,11,14,15,37,29,0.11940298507462686,neutral
VRGSCFNL,27,10,13,16,37,29,0.11940298507462686,neutral
CFGVFGVN,28,9,10,19,37,29,0.11940298507462686,neutral
SYRDSVCL,24,13,10,19,37,29,0.11940298507462686,neutral
FCVICDGN,24,13,10,19,37,29,0.11940298507462686,neutral
FRFLGDGS,25,12,15,14,37,29,0.11940298507462686,neutral
GCGICGHV,20,17,11,18,37,29,0.11940298507462686,neutral
YIDVGLHN,36,26,22,29,62,51,0.11956521739130435,neutral
SLGRFVLS,35,27,28,23,62,51,0.11956521739130435,neutral
GLNIDYRN,37,25,21,30,62,51,0.11956521739130435,neutral
LCFGFIGC,50,37,35,38,87,73,0.11965811965811966,neutral
FRYHVCNR,14,6,6,8,20,14,0.12,neutral
VYCIGRHH,12,8,6,8,20,14,0.12,neutral
SCHYFGHG,26,19,15,21,45,36,0.12,neutral
SYRVRYGL,65,55,50,52,120,102,0.12,neutral
DGVLGVVC,64,56,42,60,120,102,0.12,neutral
GFCSGDLH,14,6,10,4,20,14,0.12,neutral
FFCVFSYG,15,5,11,3,20,14,0.12,neutral
NYDGCCVI,15,5,5,9,20,14,0.12,neutral
FSLCIGIG,9,11,7,7,20,14,0.12,neutral
DDCHFRVG,15,5,7,7,20,14,0.12,neutral
HFLGISRD,13,7,2,12,20,14,0.12,neutral
GNFSIHVC,13,7,7,7,20,14,0.12,neutral
FYRGYDSH,1,19,10,4,20,14,0.12,neutral
FHFGVGYD,13,7,7,7,20,14,0.12,neutral
VSIDCVFI,13,7,7,7,20,14,0.12,neutral
IHCLLFDG,9,11,8,6,20,14,0.12,neutral
RYYNSSSL,12,8,1,13,20,14,0.12,neutral
NLFCIHRL,16,4,7,7,20,14,0.12,neutral
IVFLRNFH,16,4,8,6,20,14,0.12,neutral
SCFSYIFR,10,10,9,5,20,14,0.12,neutral
VISGVRYG,28,17,13,23,45,36,0.12,neutral
FDLNHGCN,11,9,8,6,20,14,0.12,neutral
YLCGDYVL,27,18,12,24,45,36,0.12,neutral
VFRCVSIH,10,10,7,7,20,14,0.12,neutral
CSYIRGSV,43,27,36,22,70,58,0.12,neutral
NVYCSCFR,11,9,7,7,20,14,0.12,neutral
NCFNVGLR,48,30,28,37,78,65,0.12037037037037036,neutral
FCVGRLFV,46,32,28,37,78,65,0.12037037037037036,neutral
YIRGCDHG,47,31,34,31,78,65,0.12037037037037036,neutral
RISCGSGF,47,31,32,33,78,65,0.12037037037037036,neutral
VVRVVLDG,34,19,21,22,53,43,0.12048192771084337,neutral
CGCGFRGG,34,19,22,21,53,43,0.12048192771084337,neutral
YRSCVCGS,33,20,19,24,53,43,0.12048192771084337,neutral
CRLRLCDL,34,19,22,21,53,43,0.12048192771084337,neutral
FRICHLYS,13,15,7,14,28,21,0.1206896551724138,neutral
CVNYDGVS,81,63,59,64,144,123,0.1206896551724138,neutral
CFVGHDDV,20,8,9,12,28,21,0.1206896551724138,neutral
FCVRYDVH,16,12,8,13,28,21,0.1206896551724138,neutral
IVCDSLCG,14,14,12,9,28,21,0.1206896551724138,neutral
FLVRDRNG,23,5,11,10,28,21,0.1206896551724138,neutral
FGYHGGVR,18,10,8,13,28,21,0.1206896551724138,neutral
VVSNSSYR,19,9,10,11,28,21,0.1206896551724138,neutral
FSCFIGGG,22,6,11,10,28,21,0.1206896551724138,neutral
RHIVCNCF,21,7,9,12,28,21,0.1206896551724138,neutral
ICYSVVGI,51,35,36,36,86,72,0.1206896551724138,neutral
SFDVVLRL,18,10,13,8,28,21,0.1206896551724138,neutral
CYCLSGSS,16,12,5,16,28,21,0.1206896551724138,neutral
FDHLSLIV,16,12,10,11,28,21,0.1206896551724138,neutral
YRIDGFVN,18,10,8,13,28,21,0.1206896551724138,neutral
GGDRFFDG,20,8,13,8,28,21,0.1206896551724138,neutral
FGRGLGSD,97,80,74,78,177,152,0.12077294685990338,neutral
INVISLFG,37,24,25,25,61,50,0.12087912087912088,neutral
VYCGNCGN,38,23,25,25,61,50,0.12087912087912088,neutral
IVLFNSRC,56,46,44,42,102,86,0.12121212121212122,neutral
DGGYFGLG,21,15,14,14,36,28,0.12121212121212122,neutral
YVSFCHGC,21,15,15,13,36,28,0.12121212121212122,neutral
FFIGNSRH,25,11,15,13,36,28,0.12121212121212122,neutral
FFVCDCGV,24,12,15,13,36,28,0.12121212121212122,neutral
GHVFLHSR,26,10,12,16,36,28,0.12121212121212122,neutral
FVCNIIGC,44,25,22,35,69,57,0.12121212121212122,neutral
CVGVGGFV,43,26,26,31,69,57,0.12121212121212122,neutral
SYRCILSC,21,15,10,18,36,28,0.12121212121212122,neutral
FCDDFSVR,93,75,67,77,168,144,0.12121212121212122,neutral
CIYGSLVC,24,20,14,21,44,35,0.12162162162162163,neutral
RVGCHSFH,31,13,15,20,44,35,0.12162162162162163,neutral
HFRFGNGN,25,19,16,19,44,35,0.12162162162162163,neutral
FGFFRYHL,26,18,14,21,44,35,0.12162162162162163,neutral
VCGRVLFD,21,23,12,23,44,35,0.12162162162162163,neutral
HFIISDGC,20,24,15,20,44,35,0.12162162162162163,neutral
GVFIDVGI,24,20,15,20,44,35,0.12162162162162163,neutral
FYHCCGFR,28,16,20,15,44,35,0.12162162162162163,neutral
ISSIVVCD,47,38,34,37,85,71,0.12173913043478261,neutral
CVSIGCRH,49,36,38,33,85,71,0.12173913043478261,neutral
YFGGCYVS,8,3,3,3,11,6,0.12195121951219512,neutral
NFHYIVYN,5,6,2,4,11,6,0.12195121951219512,neutral
LNVLGHSC,33,19,14,28,52,42,0.12195121951219512,neutral
CLCDDGLY,5,6,3,3,11,6,0.12195121951219512,neutral
VIICSDFC,32,20,19,23,52,42,0.12195121951219512,neutral
CVGCCVFH,7,4,1,5,11,6,0.12195121951219512,neutral
LVYYHVFR,6,5,2,4,11,6,0.12195121951219512,neutral
CYRLDSCR,7,4,4,2,11,6,0.12195121951219512,neutral
SGNVYHFS,5,6,4,2,11,6,0.12195121951219512,neutral
FSFSDGGH,8,3,4,2,11,6,0.12195121951219512,neutral
SFGYGLFV,8,3,4,2,11,6,0.12195121951219512,neutral
GVGSGISF,9,2,3,3,11,6,0.12195121951219512,neutral
NCGRFCNS,7,4,3,3,11,6,0.12195121951219512,neutral
SYLVFRGL,8,3,3,3,11,6,0.12195121951219512,neutral
FYSCIRGN,5,6,2,4,11,6,0.12195121951219512,neutral
IRDSFGSF,7,4,1,5,11,6,0.12195121951219512,neutral
HIRHYNSL,29,23,20,22,52,42,0.12195121951219512,neutral
CFFCCNYH,2,9,2,4,11,6,0.12195121951219512,neutral
CHIDHSVL,6,5,3,3,11,6,0.12195121951219512,neutral
YSYICGGI,7,4,4,2,11,6,0.12195121951219512,neutral
ICIGRDLV,9,2,1,5,11,6,0.12195121951219512,neutral
SGGVDVIN,4,7,2,4,11,6,0.12195121951219512,neutral
VYCHHYVF,5,6,5,1,11,6,0.12195121951219512,neutral
YCLCYGCG,6,5,3,3,11,6,0.12195121951219512,neutral
VHCYNCSI,7,4,3,3,11,6,0.12195121951219512,neutral
FSDLCIFR,9,2,1,5,11,6,0.12195121951219512,neutral
YDNRIGCC,34,18,21,21,52,42,0.12195121951219512,neutral
FGHSIGFR,6,5,4,2,11,6,0.12195121951219512,neutral
RRIDRHHL,7,4,4,2,11,6,0.12195121951219512,neutral
CVCCSSDV,32,20,17,25,52,42,0.12195121951219512,neutral
FHLSSSIR,35,17,29,13,52,42,0.12195121951219512,neutral
SHRIYYDR,6,5,3,3,11,6,0.12195121951219512,neutral
VIVCSDCC,35,17,20,22,52,42,0.12195121951219512,neutral
YYGIRNHR,4,7,2,4,11,6,0.12195121951219512,neutral
YCDNCDSV,35,25,30,19,60,49,0.12222222222222222,neutral
VRHGDGLF,30,30,23,26,60,49,0.12222222222222222,neutral
RYSRCLDL,36,24,19,30,60,49,0.12222222222222222,neutral
VCSLFCRD,41,27,25,31,68,56,0.12244897959183673,neutral
INDCLFCL,13,6,8,5,19,13,0.12244897959183673,neutral
CGYCNHHC,11,8,6,7,19,13,0.12244897959183673,neutral
HDFHDLFR,11,8,9,4,19,13,0.12244897959183673,neutral
CVRFFRCI,13,6,5,8,19,13,0.12244897959183673,neutral
VFHVCYVH,13,6,8,5,19,13,0.12244897959183673,neutral
NCFCVNLY,13,6,7,6,19,13,0.12244897959183673,neutral
SVFYNGHG,68,49,40,59,117,99,0.12244897959183673,neutral
FDICGSHN,15,4,4,9,19,13,0.12244897959183673,neutral
ICLFGFDS,12,7,6,7,19,13,0.12244897959183673,neutral
IYYCHIDV,15,4,7,6,19,13,0.12244897959183673,neutral
CYCGGSVY,10,9,3,10,19,13,0.12244897959183673,neutral
NGLDILVI,42,26,22,34,68,56,0.12244897959183673,neutral
FHCIDIYC,10,9,7,6,19,13,0.12244897959183673,neutral
IYNLGLLC,9,10,4,9,19,13,0.12244897959183673,neutral
FCCRSFHS,11,8,5,8,19,13,0.12244897959183673,neutral
YVYFHCDC,12,7,5,8,19,13,0.12244897959183673,neutral
RVGFGIGD,13,6,5,8,19,13,0.12244897959183673,neutral
IGCISFLH,17,2,7,6,19,13,0.12244897959183673,neutral
YFGGCGFR,14,5,8,5,19,13,0.12244897959183673,neutral
RCGYCHRS,9,10,9,4,19,13,0.12244897959183673,neutral
RNYRIFHC,10,9,11,2,19,13,0.12244897959183673,neutral
RHCFSDCG,43,25,25,31,68,56,0.12244897959183673,neutral
CSCVNDFG,68,49,49,50,117,99,0.12244897959183673,neutral
DCSCDCVV,14,5,7,6,19,13,0.12244897959183673,neutral
NDGGFNYD,11,8,9,4,19,13,0.12244897959183673,neutral
RVGFLYRI,70,55,54,52,125,106,0.12258064516129032,neutral
NGFRFGCD,43,33,30,33,76,63,0.12264150943396226,neutral
CCVSSCFD,47,29,28,35,76,63,0.12264150943396226,neutral
YDGIGNGL,44,32,25,38,76,63,0.12264150943396226,neutral
VHYCVYGV,14,13,11,9,27,20,0.12280701754385964,neutral
VVHSVYYI,14,13,4,16,27,20,0.12280701754385964,neutral
FIRYRSRY,16,11,10,10,27,20,0.12280701754385964,neutral
GFCGHNVG,51,33,29,41,84,70,0.12280701754385964,neutral
VCLIHCGG,13,14,8,12,27,20,0.12280701754385964,neutral
FDCIVDLI,49,35,32,38,84,70,0.12280701754385964,neutral
FFCGSLNV,18,9,8,12,27,20,0.12280701754385964,neutral
IFVCDFGV,17,10,11,9,27,20,0.12280701754385964,neutral
RYSGGCGR,16,11,7,13,27,20,0.12280701754385964,neutral
CSGHGGFC,20,7,4,16,27,20,0.12280701754385964,neutral
IFNYYDNG,19,8,7,13,27,20,0.12280701754385964,neutral
HLYYDCIL,16,11,9,11,27,20,0.12280701754385964,neutral
FFRSCGCF,15,12,8,12,27,20,0.12280701754385964,neutral
YVCSHYVH,47,37,28,42,84,70,0.12280701754385964,neutral
SSRVFIHI,12,15,10,10,27,20,0.12280701754385964,neutral
SYVNVVCD,54,38,38,39,92,77,0.12295081967213115,neutral
NCYRNHIC,54,38,35,42,92,77,0.12295081967213115,neutral
DCFSHGVN,59,41,35,49,100,84,0.12307692307692308,neutral
FCRIRSYG,18,17,14,13,35,27,0.12307692307692308,neutral
HNCRLHCV,25,10,9,18,35,27,0.12307692307692308,neutral
SCFYVGVD,24,11,13,14,35,27,0.12307692307692308,neutral
FCIGNCVN,18,17,12,15,35,27,0.12307692307692308,neutral
RLRCFCGV,25,10,13,14,35,27,0.12307692307692308,neutral
DCHCSVCG,23,12,14,13,35,27,0.12307692307692308,neutral
SCDGSCYR,21,14,15,12,35,27,0.12307692307692308,neutral
DYRFRCGI,20,15,14,13,35,27,0.12307692307692308,neutral
CFSLDDGV,22,13,13,14,35,27,0.12307692307692308,neutral
YCSDGHIH,21,14,16,11,35,27,0.12307692307692308,neutral
CSGYIIHN,58,50,36,55,108,91,0.12318840579710146,neutral
HDVVYSCI,24,19,19,15,43,34,0.1232876712328767,neutral
SYFGVYRV,26,17,16,18,43,34,0.1232876712328767,neutral
LIIRRSIC,27,24,21,20,51,41,0.12345679012345678,neutral
CSCVRIRH,31,20,22,19,51,41,0.12345679012345678,neutral
CNDRCGHC,30,21,22,19,51,41,0.12345679012345678,neutral
CGHDCILR,27,24,21,20,51,41,0.12345679012345678,neutral
GFVGGVII,33,18,20,21,51,41,0.12345679012345678,neutral
LSGHVNVY,30,21,24,17,51,41,0.12345679012345678,neutral
FRGCVFFD,35,24,19,29,59,48,0.12359550561797752,neutral
FCSFDGVD,29,30,16,32,59,48,0.12359550561797752,neutral
RCNHRGVH,34,25,23,25,59,48,0.12359550561797752,neutral
NICDNGVG,36,31,18,37,67,55,0.12371134020618557,neutral
NYHNRNGN,91,73,71,69,164,140,0.12371134020618557,neutral
IDGVYGSV,42,25,27,28,67,55,0.12371134020618557,neutral
IIRGFNVV,43,32,33,29,75,62,0.12380952380952381,neutral
GCVVDNIL,50,33,35,34,83,69,0.12389380530973451,neutral
CYGVSCSG,54,37,34,42,91,76,0.12396694214876033,neutral
CFRSGIRF,65,50,58,39,115,97,0.12413793103448276,neutral
SYGVRCYH,64,59,52,52,123,104,0.12418300653594772,neutral
CVRIIRDV,72,67,63,55,139,118,0.1242603550295858,neutral
RSLICGGG,23,11,8,18,34,26,0.125,neutral
VVVDCIVF,6,4,2,3,10,5,0.125,neutral
VFNVYVNH,35,23,21,26,58,47,0.125,neutral
VYGYCDCR,6,4,3,2,10,5,0.125,neutral
RCCVFGRH,21,13,11,15,34,26,0.125,neutral
LDDHCFFV,14,12,7,12,26,19,0.125,neutral
YVLSGGHC,21,13,12,14,34,26,0.125,neutral
CHICFGYD,9,1,3,2,10,5,0.125,neutral
YVRRFCCY,6,4,3,2,10,5,0.125,neutral
CYCRGYDV,8,2,4,1,10,5,0.125,neutral
FCILGRNL,36,22,21,26,58,47,0.125,neutral
CSVLDCNI,4,6,3,2,10,5,0.125,neutral
VCDCHDFG,5,5,3,2,10,5,0.125,neutral
FFCCVVSD,8,2,3,2,10,5,0.125,neutral
FVGDCGSG,33,17,21,19,50,40,0.125,neutral
CGVLCNVR,53,37,32,43,90,75,0.125,neutral
LNSYIRVH,32,26,15,32,58,47,0.125,neutral
DFCNDCSL,30,20,20,20,50,40,0.125,neutral
DFHCSCCV,6,4,1,4,10,5,0.125,neutral
VIRCYDGF,7,3,2,3,10,5,0.125,neutral
FFGSCLFN,26,16,21,12,42,33,0.125,neutral
FCFSCSRC,10,8,3,9,18,12,0.125,neutral
FLGLLVHG,15,11,12,7,26,19,0.125,neutral
GFYFFCSN,7,3,1,4,10,5,0.125,neutral
GCCFLVRC,9,9,6,6,18,12,0.125,neutral
VHYCHFVH,18,16,15,11,34,26,0.125,neutral
YFRVSYCD,17,9,13,6,26,19,0.125,neutral
DYCFGSGV,6,4,1,4,10,5,0.125,neutral
NCISYGHS,32,18,21,19,50,40,0.125,neutral
HHNYGCVI,8,2,2,3,10,5,0.125,neutral
NGGYVSCD,30,12,17,16,42,33,0.125,neutral
FCFLGHGV,6,4,1,4,10,5,0.125,neutral
FICHGFRC,12,14,8,11,26,19,0.125,neutral
FCDHIVVG,7,3,2,3,10,5,0.125,neutral
VRRIISVF,4,6,5,0,10,5,0.125,neutral
NISCNYVC,6,4,3,2,10,5,0.125,neutral
YCDDGIII,8,2,3,2,10,5,0.125,neutral
VVNVYSSI,30,20,19,21,50,40,0.125,neutral
YRYCSIVL,6,4,2,3,10,5,0.125,neutral
IDRGYVCH,26,8,14,12,34,26,0.125,neutral
FGVNFVSH,13,5,10,2,18,12,0.125,neutral
CCCCSVCF,17,9,7,12,26,19,0.125,neutral
FRRFVCDC,27,15,16,17,42,33,0.125,neutral
NYVGRCYS,4,6,3,2,10,5,0.125,neutral
GYCHCYGC,7,3,5,0,10,5,0.125,neutral
LCFRSFYV,5,5,4,1,10,5,0.125,neutral
RYNSCGGC,18,8,10,9,26,19,0.125,neutral
DHLISDDV,58,48,48,41,106,89,0.125,neutral
SVHFRIYG,25,17,11,22,42,33,0.125,neutral
RIRISCSY,25,17,19,14,42,33,0.125,neutral
VLNCVLGG,14,12,9,10,26,19,0.125,neutral
FNNGCCYD,5,5,1,4,10,5,0.125,neutral
FLYSCIVH,30,12,18,15,42,33,0.125,neutral
FFSVDIRC,9,1,5,0,10,5,0.125,neutral
FCGCFSGG,12,6,5,7,18,12,0.125,neutral
GDGCVSCV,25,9,9,17,34,26,0.125,neutral
LVYGIDGG,21,13,9,17,34,26,0.125,neutral
FFSFVGHL,19,15,15,11,34,26,0.125,neutral
VVYSCVVG,7,3,2,3,10,5,0.125,neutral
VFRFDGFV,9,1,3,2,10,5,0.125,neutral
GNSRFSLH,4,6,2,3,10,5,0.125,neutral
FRYCRVCH,10,8,5,7,18,12,0.125,neutral
YYGVRLCC,5,5,4,1,10,5,0.125,neutral
SVFDIVLC,13,5,6,6,18,12,0.125,neutral
CGICHYNC,9,1,1,4,10,5,0.125,neutral
FFVSHFFH,28,14,14,19,42,33,0.125,neutral
GCFGRCDG,6,4,4,1,10,5,0.125,neutral
FFSCIGRN,18,8,6,13,26,19,0.125,neutral
LCYCYCSF,5,5,2,3,10,5,0.125,neutral
VDSCFVRH,12,6,4,8,18,12,0.125,neutral
GIGYRFDV,5,5,2,3,10,5,0.125,neutral
HFSLDVDR,6,4,0,5,10,5,0.125,neutral
DINSYCGG,37,29,25,29,66,54,0.125,neutral
GNCFDCRL,10,8,3,9,18,12,0.125,neutral
HDNFFGGY,7,3,5,0,10,5,0.125,neutral
NCGGCLFI,14,4,5,7,18,12,0.125,neutral
YLGNIGGC,14,4,7,5,18,12,0.125,neutral
GIFRIVFN,9,9,3,9,18,12,0.125,neutral
VCIVFHSF,7,3,2,3,10,5,0.125,neutral
VLGNYDCN,67,54,47,55,121,102,0.12582781456953643,neutral
FNGSRCFD,51,38,33,41,89,74,0.12605042016806722,neutral
ILDLVLGC,46,35,24,43,81,67,0.12612612612612611,neutral
RNYHHSDC,47,34,36,31,81,67,0.12612612612612611,neutral
LIGFGSGG,47,34,31,36,81,67,0.12612612612612611,neutral
VSCGNVGF,45,28,30,30,73,60,0.1262135922330097,neutral
YLDSICCI,46,27,34,26,73,60,0.1262135922330097,neutral
FSYCYICR,46,27,23,37,73,60,0.1262135922330097,neutral
CYGGRDYH,40,33,33,27,73,60,0.1262135922330097,neutral
FIGRCFIH,43,30,34,26,73,60,0.1262135922330097,neutral
LSLCHSVR,36,29,27,26,65,53,0.12631578947368421,neutral
CIYVRRCD,36,21,22,24,57,46,0.12643678160919541,neutral
LYRCRCYR,80,64,67,55,144,122,0.12643678160919541,neutral
VLVGVNNF,26,23,13,26,49,39,0.12658227848101267,neutral
VHGSYGVN,28,21,25,14,49,39,0.12658227848101267,neutral
SGFHCFHV,22,27,15,24,49,39,0.12658227848101267,neutral
FCICGGRV,30,19,18,21,49,39,0.12658227848101267,neutral
FLGRFNSH,32,17,16,23,49,39,0.12658227848101267,neutral
VFCFHFGD,30,19,16,23,49,39,0.12658227848101267,neutral
ISFVRIDD,32,17,18,21,49,39,0.12658227848101267,neutral
CFCNRNRG,27,14,18,14,41,32,0.1267605633802817,neutral
FIFNCFDL,29,12,17,15,41,32,0.1267605633802817,neutral
GGYHGGIR,30,11,14,18,41,32,0.1267605633802817,neutral
GVSLFFCS,54,50,40,47,104,87,0.12686567164179105,neutral
NYVNICGV,60,44,38,49,104,87,0.12686567164179105,neutral
VDYFLCVH,18,15,5,20,33,25,0.12698412698412698,neutral
GFFGILYH,24,9,8,17,33,25,0.12698412698412698,neutral
IFVGCSLH,23,10,8,17,33,25,0.12698412698412698,neutral
FFNGFSFN,23,10,17,8,33,25,0.12698412698412698,neutral
CHFCIDIG,20,13,17,8,33,25,0.12698412698412698,neutral
GHFSCVGC,19,14,9,16,33,25,0.12698412698412698,neutral
DCDVCVFH,26,7,8,17,33,25,0.12698412698412698,neutral
HICRSFGL,19,14,11,14,33,25,0.12698412698412698,neutral
FLVNCFSI,26,7,16,9,33,25,0.12698412698412698,neutral
VGGYVFVC,50,38,30,43,88,73,0.1271186440677966,neutral
VYDNCCCD,48,40,37,36,88,73,0.1271186440677966,neutral
FGVVHICN,50,38,39,34,88,73,0.1271186440677966,neutral
RVVHGCHG,50,38,35,38,88,73,0.1271186440677966,neutral
YSRFVSNH,16,9,10,8,25,18,0.12727272727272726,neutral
GCVFVSCD,13,12,6,12,25,18,0.12727272727272726,neutral
VGSYFCSF,16,9,8,10,25,18,0.12727272727272726,neutral
IFCGCGGH,11,14,11,7,25,18,0.12727272727272726,neutral
FIFFFVCF,12,13,10,8,25,18,0.12727272727272726,neutral
NCNCFIDG,18,7,8,10,25,18,0.12727272727272726,neutral
VYNILLCD,16,9,10,8,25,18,0.12727272727272726,neutral
GRVCGRDY,49,31,34,32,80,66,0.12727272727272726,neutral
HCGGVCGG,20,5,5,13,25,18,0.12727272727272726,neutral
FFRSCNSV,13,12,12,6,25,18,0.12727272727272726,neutral
FFCGRVIL,14,11,7,11,25,18,0.12727272727272726,neutral
FIGFDYCL,15,10,6,12,25,18,0.12727272727272726,neutral
HCNDCIYS,15,10,9,9,25,18,0.12727272727272726,neutral
FYDSVLFD,41,31,30,29,72,59,0.12745098039215685,neutral
IYGYHHFF,41,31,20,39,72,59,0.12745098039215685,neutral
LSVHLRGN,39,33,25,34,72,59,0.12745098039215685,neutral
CGNHCGHI,43,29,24,35,72,59,0.12745098039215685,neutral
DNNVRGLG,40,32,33,26,72,59,0.12745098039215685,neutral
SILRCSHC,41,31,31,28,72,59,0.12745098039215685,neutral
GNVCSCGV,69,50,43,57,119,100,0.12751677852348994,neutral
CSDSYLFY,12,5,4,7,17,11,0.1276595744680851,neutral
CLLFIGLG,12,5,5,6,17,11,0.1276595744680851,neutral
DSRCICSR,40,24,30,22,64,52,0.1276595744680851,neutral
VIVCSRYN,13,4,4,7,17,11,0.1276595744680851,neutral
YYCVFNFF,9,8,5,6,17,11,0.1276595744680851,neutral
FGCFCRVR,9,8,6,5,17,11,0.1276595744680851,neutral
IYFHGVHY,11,6,7,4,17,11,0.1276595744680851,neutral
RCNYGVLH,41,23,23,29,64,52,0.1276595744680851,neutral
CNHVVLLG,34,30,23,29,64,52,0.1276595744680851,neutral
FISDVNYF,12,5,6,5,17,11,0.1276595744680851,neutral
CCGLSVFV,14,3,4,7,17,11,0.1276595744680851,neutral
FIFCFDYD,12,5,4,7,17,11,0.1276595744680851,neutral
NVHYIGCF,5,12,8,3,17,11,0.1276595744680851,neutral
GNILYIDD,11,6,4,7,17,11,0.1276595744680851,neutral
FYHLSCSC,40,24,21,31,64,52,0.1276595744680851,neutral
GINVFNHI,39,25,30,22,64,52,0.1276595744680851,neutral
HSVDLYLH,8,9,6,5,17,11,0.1276595744680851,neutral
VGRHSDYF,12,5,7,4,17,11,0.1276595744680851,neutral
DYVGVHLL,9,8,5,6,17,11,0.1276595744680851,neutral
VDFFVCVC,11,6,8,3,17,11,0.1276595744680851,neutral
YRCIYCCC,9,8,7,4,17,11,0.1276595744680851,neutral
CDVCHSYG,13,4,4,7,17,11,0.1276595744680851,neutral
IVFFRHRV,13,4,4,7,17,11,0.1276595744680851,neutral
VVCCDCLS,11,6,7,4,17,11,0.1276595744680851,neutral
LDLCVLHH,9,8,5,6,17,11,0.1276595744680851,neutral
GFFYNYCI,60,43,38,48,103,86,0.12781954887218044,neutral
VHFGLSFN,35,21,16,29,56,45,0.12790697674418605,neutral
IVCIDFCS,31,25,22,23,56,45,0.12790697674418605,neutral
VRVNYNHI,34,22,21,24,56,45,0.12790697674418605,neutral
FCDLDGCG,35,21,28,17,56,45,0.12790697674418605,neutral
GIFCGRDR,56,39,41,38,95,79,0.128,neutral
FFSNGCLI,7,2,0,4,9,4,0.1282051282051282,neutral
NLDYLYCD,5,4,3,1,9,4,0.1282051282051282,neutral
IDYFLGHC,2,7,3,1,9,4,0.1282051282051282,neutral
CLLRIFYG,5,4,1,3,9,4,0.1282051282051282,neutral
IYVDLVNY,3,6,2,2,9,4,0.1282051282051282,neutral
GDGFLLSH,30,18,19,19,48,38,0.1282051282051282,neutral
DCCCVIVR,7,2,4,0,9,4,0.1282051282051282,neutral
FCIRSLRN,32,16,15,23,48,38,0.1282051282051282,neutral
LDRCCIDV,33,15,21,17,48,38,0.1282051282051282,neutral
VFCNSFSD,7,2,2,2,9,4,0.1282051282051282,neutral
VYSYYDSR,3,6,1,3,9,4,0.1282051282051282,neutral
CNLGGSFN,8,1,3,1,9,4,0.1282051282051282,neutral
IFCCDFVF,5,4,2,2,9,4,0.1282051282051282,neutral
YCLRGHIG,4,5,2,2,9,4,0.1282051282051282,neutral
LFLYIVSV,6,3,3,1,9,4,0.1282051282051282,neutral
FLFSCCVC,3,6,1,3,9,4,0.1282051282051282,neutral
GCDCCCVC,6,3,3,1,9,4,0.1282051282051282,neutral
ICCCRFGC,7,2,1,3,9,4,0.1282051282051282,neutral
GYVGIVCR,65,61,46,60,126,106,0.1282051282051282,neutral
ICSYVRCG,8,1,3,1,9,4,0.1282051282051282,neutral
FVHCNCIL,8,1,2,2,9,4,0.1282051282051282,neutral
VLSGRIYY,5,4,3,1,9,4,0.1282051282051282,neutral
SCVISHDY,7,2,2,2,9,4,0.1282051282051282,neutral
FSGCRVCC,5,4,2,2,9,4,0.1282051282051282,neutral
FRFHGGLV,6,3,1,3,9,4,0.1282051282051282,neutral
IYGDILDV,7,2,1,3,9,4,0.1282051282051282,neutral
CDCVGYLV,6,3,0,4,9,4,0.1282051282051282,neutral
DLFHVCLG,6,3,2,2,9,4,0.1282051282051282,neutral
SYCSFFIG,24,24,18,20,48,38,0.1282051282051282,neutral
FSFGYFGL,5,4,2,2,9,4,0.1282051282051282,neutral
LFGLNGYY,7,2,1,3,9,4,0.1282051282051282,neutral
IYINVCGL,5,4,3,1,9,4,0.1282051282051282,neutral
LLGCFNIL,29,19,20,18,48,38,0.1282051282051282,neutral
FVNDCRLL,5,4,2,2,9,4,0.1282051282051282,neutral
LRLDNYGV,5,4,3,1,9,4,0.1282051282051282,neutral
LLVCCCVG,7,2,3,1,9,4,0.1282051282051282,neutral
ICVDIVCC,5,4,2,2,9,4,0.1282051282051282,neutral
LSYRLRIR,4,5,1,3,9,4,0.1282051282051282,neutral
YIVVGNYV,8,1,2,2,9,4,0.1282051282051282,neutral
IFLFVFRF,6,3,2,2,9,4,0.1282051282051282,neutral
CICIIGYL,6,3,2,2,9,4,0.1282051282051282,neutral
VRLIVDGY,2,7,0,4,9,4,0.1282051282051282,neutral
RCGCFNCN,6,3,3,1,9,4,0.1282051282051282,neutral
FNCYRGFI,5,4,3,1,9,4,0.1282051282051282,neutral
LIHNICDG,46,33,35,30,79,65,0.12844036697247707,neutral
HSVGRHYG,19,21,8,23,40,31,0.12857142857142856,neutral
FCVRYSNC,28,12,15,16,40,31,0.12857142857142856,neutral
GVCFYRNI,64,46,42,50,110,92,0.12857142857142856,neutral
LYSSGCCD,19,21,12,19,40,31,0.12857142857142856,neutral
SSFDGSYR,23,17,15,16,40,31,0.12857142857142856,neutral
HVRIVSHV,29,11,12,19,40,31,0.12857142857142856,neutral
FDYCCGIS,21,19,14,17,40,31,0.12857142857142856,neutral
CFCGSGNY,38,33,30,28,71,58,0.12871287128712872,neutral
RVGVLGIG,40,31,27,31,71,58,0.12871287128712872,neutral
DRVGYGIS,44,27,30,28,71,58,0.12871287128712872,neutral
CNFSSNVL,40,31,23,35,71,58,0.12871287128712872,neutral
VVHCSSCS,53,49,37,48,102,85,0.12878787878787878,neutral
FILCSGRI,21,11,16,8,32,24,0.12903225806451613,neutral
HFVGFHRS,23,9,10,14,32,24,0.12903225806451613,neutral
SIVGCFVY,22,10,7,17,32,24,0.12903225806451613,neutral
GGIFRNCR,20,12,15,9,32,24,0.12903225806451613,neutral
VFDCRCLH,30,33,24,27,63,51,0.12903225806451613,neutral
CYLLCCGF,38,25,23,28,63,51,0.12903225806451613,neutral
SYGCNRYV,22,10,11,13,32,24,0.12903225806451613,neutral
FSFCDHDN,21,11,13,11,32,24,0.12903225806451613,neutral
GCVHHFCS,50,36,26,45,86,71,0.12931034482758622,neutral
LCFLNVDC,35,20,27,17,55,44,0.12941176470588237,neutral
FSRNGFGC,31,24,19,25,55,44,0.12941176470588237,neutral
LVNVCCVV,31,24,23,21,55,44,0.12941176470588237,neutral
FICYGRRV,30,25,23,21,55,44,0.12941176470588237,neutral
CRHRGLRY,33,22,22,22,55,44,0.12941176470588237,neutral
YHYCFGRL,37,18,19,25,55,44,0.12941176470588237,neutral
DDDCLVID,30,25,22,22,55,44,0.12941176470588237,neutral
CFVCGNDG,15,9,7,10,24,17,0.12962962962962962,neutral
GHCCSLRR,47,31,35,29,78,64,0.12962962962962962,neutral
SIVRCNGF,17,7,7,10,24,17,0.12962962962962962,neutral
YHFGVDRG,17,7,9,8,24,17,0.12962962962962962,neutral
GCYDRCHC,17,7,5,12,24,17,0.12962962962962962,neutral
IVGFDICG,45,33,29,35,78,64,0.12962962962962962,neutral
FRCSCCYR,13,11,9,8,24,17,0.12962962962962962,neutral
DVFIDNRI,14,10,9,8,24,17,0.12962962962962962,neutral
HLYVRSVG,16,8,6,11,24,17,0.12962962962962962,neutral
FCNLSIHV,13,11,9,8,24,17,0.12962962962962962,neutral
YIDLHDDH,16,8,8,9,24,17,0.12962962962962962,neutral
YNRYNIHG,14,10,11,6,24,17,0.12962962962962962,neutral
VFNCNVCR,17,7,7,10,24,17,0.12962962962962962,neutral
FLNYVYFR,14,10,9,8,24,17,0.12962962962962962,neutral
GFFDFFVC,15,9,8,9,24,17,0.12962962962962962,neutral
SFNYLSSL,10,14,7,10,24,17,0.12962962962962962,neutral
FYDCVHGV,18,6,4,13,24,17,0.12962962962962962,neutral
FISGCFVY,46,32,31,33,78,64,0.12962962962962962,neutral
CLGVLCLD,12,12,7,10,24,17,0.12962962962962962,neutral
FDCCNFVI,16,8,9,8,24,17,0.12962962962962962,neutral
CCDDFCCD,16,8,3,14,24,17,0.12962962962962962,neutral
IFYDVCVI,32,15,17,20,47,37,0.12987012987012986,neutral
LCFYHFDG,28,19,22,15,47,37,0.12987012987012986,neutral
GCSYFGNN,29,18,16,21,47,37,0.12987012987012986,neutral
IFHGVCSF,43,27,31,26,70,57,0.13,neutral
FRVNHDVG,94,76,68,76,170,144,0.13,neutral
SHCIDDDF,40,30,23,34,70,57,0.13,neutral
VDFCLVYF,12,4,6,4,16,10,0.13043478260869565,neutral
YIIYGLFD,7,9,6,4,16,10,0.13043478260869565,neutral
CSFCGLRY,10,6,8,2,16,10,0.13043478260869565,neutral
DLVSCDCH,7,9,4,6,16,10,0.13043478260869565,neutral
CFRLHHVH,34,28,24,26,62,50,0.13043478260869565,neutral
GGGGCLFG,24,15,15,15,39,30,0.13043478260869565,neutral
DCCGNVRG,10,6,7,3,16,10,0.13043478260869565,neutral
IYRVRSRY,12,4,5,5,16,10,0.13043478260869565,neutral
HHVRLRIG,25,14,17,13,39,30,0.13043478260869565,neutral
GFGFCSNR,52,33,38,32,85,70,0.13043478260869565,neutral
CNCGCYYL,12,4,4,6,16,10,0.13043478260869565,neutral
VCCSVNYG,40,22,29,21,62,50,0.13043478260869565,neutral
IIFIGFLH,9,7,3,7,16,10,0.13043478260869565,neutral
FGYDFLVR,24,15,13,17,39,30,0.13043478260869565,neutral
SRLFGVHC,17,22,12,18,39,30,0.13043478260869565,neutral
ICYRISVR,11,5,2,8,16,10,0.13043478260869565,neutral
CHHDVRDG,20,19,22,8,39,30,0.13043478260869565,neutral
RYHVVSCH,40,22,20,30,62,50,0.13043478260869565,neutral
CVRGDNGF,11,5,5,5,16,10,0.13043478260869565,neutral
DLNFYGFL,12,4,6,4,16,10,0.13043478260869565,neutral
DVYVFGDR,9,7,3,7,16,10,0.13043478260869565,neutral
CFFGFGIC,22,17,16,14,39,30,0.13043478260869565,neutral
FNSYISCF,13,3,6,4,16,10,0.13043478260869565,neutral
NGYYRFNR,11,5,6,4,16,10,0.13043478260869565,neutral
VRNVIFNF,11,5,3,7,16,10,0.13043478260869565,neutral
DVFFCSDG,23,16,16,14,39,30,0.13043478260869565,neutral
HIISVRCL,10,6,6,4,16,10,0.13043478260869565,neutral
FGFRINLF,9,7,3,7,16,10,0.13043478260869565,neutral
FFLGGGVD,27,12,15,15,39,30,0.13043478260869565,neutral
HFSCFGFR,13,3,4,6,16,10,0.13043478260869565,neutral
FSCFVRCN,8,8,5,5,16,10,0.13043478260869565,neutral
VFCNCFRS,11,5,5,5,16,10,0.13043478260869565,neutral
DVVFIHID,25,14,11,19,39,30,0.13043478260869565,neutral
VVCSHIIY,8,8,7,3,16,10,0.13043478260869565,neutral
CNVRVIDH,29,10,11,19,39,30,0.13043478260869565,neutral
FDVVGCCG,10,6,3,7,16,10,0.13043478260869565,neutral
SCFHVDSV,22,17,7,23,39,30,0.13043478260869565,neutral
GDRFGCNV,70,53,49,54,123,103,0.13071895424836602,neutral
YLVNCRGL,70,53,43,60,123,103,0.13071895424836602,neutral
YCHDGVID,59,41,36,47,100,83,0.13076923076923078,neutral
GSNVLHYC,44,33,27,36,77,63,0.1308411214953271,neutral
VVRFFVGG,46,31,41,22,77,63,0.1308411214953271,neutral
VFVDCHIH,30,24,21,22,54,43,0.13095238095238096,neutral
RGGCICVR,34,20,22,21,54,43,0.13095238095238096,neutral
CSLSNSLR,36,18,18,25,54,43,0.13095238095238096,neutral
ICCIVDNG,33,21,23,20,54,43,0.13095238095238096,neutral
SDFVCCVH,30,24,19,24,54,43,0.13095238095238096,neutral
DCCFIGDD,36,18,21,22,54,43,0.13095238095238096,neutral
FVVCGVSC,33,21,25,18,54,43,0.13095238095238096,neutral
FSHRFYRG,21,10,17,6,31,23,0.13114754098360656,neutral
CYDLYNRF,15,16,10,13,31,23,0.13114754098360656,neutral
LFRRFLYH,17,14,11,12,31,23,0.13114754098360656,neutral
RVCFSNGI,16,15,9,14,31,23,0.13114754098360656,neutral
YFGLDLVF,17,14,12,11,31,23,0.13114754098360656,neutral
GRHCGCIR,51,41,35,41,92,76,0.13114754098360656,neutral
CCGVYYNG,23,8,12,11,31,23,0.13114754098360656,neutral
LSNRFICC,20,11,9,14,31,23,0.13114754098360656,neutral
VGLYNCVD,19,12,12,11,31,23,0.13114754098360656,neutral
VCVHGCGY,20,11,9,14,31,23,0.13114754098360656,neutral
FGFRCFRI,16,15,4,19,31,23,0.13114754098360656,neutral
YDRFCRGC,25,6,14,9,31,23,0.13114754098360656,neutral
SICRSFGI,52,40,34,42,92,76,0.13114754098360656,neutral
VRSIDVCV,105,86,79,83,191,162,0.13122171945701358,neutral
RHIGLLCY,36,33,26,30,69,56,0.13131313131313133,neutral
VYSIGYVN,98,85,68,87,183,155,0.13145539906103287,neutral
VFRCRCDS,6,2,0,3,8,3,0.13157894736842105,neutral
LCNIRLFC,4,4,1,2,8,3,0.13157894736842105,neutral
FDNCLCRI,5,3,1,2,8,3,0.13157894736842105,neutral
CGDCVLCS,4,4,2,1,8,3,0.13157894736842105,neutral
RFVFHCRL,4,4,1,2,8,3,0.13157894736842105,neutral
LDNHVFCV,6,2,1,2,8,3,0.13157894736842105,neutral
FDFVLGCR,5,3,3,0,8,3,0.13157894736842105,neutral
CLCNYCDH,6,2,2,1,8,3,0.13157894736842105,neutral
CYGFDCVI,6,2,3,0,8,3,0.13157894736842105,neutral
FHVGISFN,23,23,14,22,46,36,0.13157894736842105,neutral
YDNFGYGH,3,5,1,2,8,3,0.13157894736842105,neutral
RYGVSGCF,5,3,0,3,8,3,0.13157894736842105,neutral
YGDGRISF,32,14,16,20,46,36,0.13157894736842105,neutral
SILVDGYR,30,16,14,22,46,36,0.13157894736842105,neutral
DFIILCIL,6,2,1,2,8,3,0.13157894736842105,neutral
VYDFGGFC,5,3,1,2,8,3,0.13157894736842105,neutral
VIFFHDVV,5,3,3,0,8,3,0.13157894736842105,neutral
FSNLDVLD,30,16,19,17,46,36,0.13157894736842105,neutral
CIVYVLVC,6,2,1,2,8,3,0.13157894736842105,neutral
HYVFFVSN,5,3,1,2,8,3,0.13157894736842105,neutral
ICIDGFVV,29,17,19,17,46,36,0.13157894736842105,neutral
CCNCCDFV,6,2,2,1,8,3,0.13157894736842105,neutral
IDNYVCGY,6,2,1,2,8,3,0.13157894736842105,neutral
LNFFSGIS,28,18,16,20,46,36,0.13157894736842105,neutral
SVFGFRIC,6,2,0,3,8,3,0.13157894736842105,neutral
VFYRGVVR,6,2,1,2,8,3,0.13157894736842105,neutral
FSVFDIVF,7,1,1,2,8,3,0.13157894736842105,neutral
LFDCCHSV,5,3,2,1,8,3,0.13157894736842105,neutral
VSYVVYRV,5,3,3,0,8,3,0.13157894736842105,neutral
GYFGSDYR,3,5,2,1,8,3,0.13157894736842105,neutral
ICCFGFCY,7,1,2,1,8,3,0.13157894736842105,neutral
DFSRLDGY,26,20,21,15,46,36,0.13157894736842105,neutral
GYCCGRFC,4,4,2,1,8,3,0.13157894736842105,neutral
FCGDCCCF,3,5,2,1,8,3,0.13157894736842105,neutral
RGVCYYFI,3,5,1,2,8,3,0.13157894736842105,neutral
FFIHHFRH,6,2,2,1,8,3,0.13157894736842105,neutral
CCCVVDCG,3,5,1,2,8,3,0.13157894736842105,neutral
ILLGCDFS,6,2,2,1,8,3,0.13157894736842105,neutral
RCCGYLYL,6,2,2,1,8,3,0.13157894736842105,neutral
DCCRFCCY,5,3,1,2,8,3,0.13157894736842105,neutral
SSGFRGVY,1,7,1,2,8,3,0.13157894736842105,neutral
HVCFGCLY,28,18,12,24,46,36,0.13157894736842105,neutral
FCCYCLIH,6,2,1,2,8,3,0.13157894736842105,neutral
CGCDHSVI,77,60,60,55,137,115,0.1317365269461078,neutral
GDCVDFVN,72,65,63,52,137,115,0.1317365269461078,neutral
VGFLGVCI,57,42,40,42,99,82,0.13178294573643412,neutral
FSSGCNFR,40,21,26,23,61,49,0.13186813186813187,neutral
VFVGCCDH,40,21,24,25,61,49,0.13186813186813187,neutral
CVGFFGIG,36,25,25,24,61,49,0.13186813186813187,neutral
FRCLSVSC,38,23,16,33,61,49,0.13186813186813187,neutral
FCSCCFRH,16,7,9,7,23,16,0.1320754716981132,neutral
DFDCCLFV,14,9,10,6,23,16,0.1320754716981132,neutral
LCNFGLLF,11,12,9,7,23,16,0.1320754716981132,neutral
LHDFFVRF,13,10,8,8,23,16,0.1320754716981132,neutral
LSFHFIDD,11,12,7,9,23,16,0.1320754716981132,neutral
VFSCVRHC,17,6,6,10,23,16,0.1320754716981132,neutral
VCHRGLIY,19,4,9,7,23,16,0.1320754716981132,neutral
FDSCSNFG,20,3,7,9,23,16,0.1320754716981132,neutral
RGVCRFFR,12,11,10,6,23,16,0.1320754716981132,neutral
CYNGIHCV,44,32,22,40,76,62,0.1320754716981132,neutral
CGCFIDVI,17,6,7,9,23,16,0.1320754716981132,neutral
SRRFCDYG,13,10,10,6,23,16,0.1320754716981132,neutral
CYGYYICC,15,8,7,9,23,16,0.1320754716981132,neutral
LCDCDDCC,15,8,7,9,23,16,0.1320754716981132,neutral
FHSVLVRC,50,41,44,31,91,75,0.1322314049586777,neutral
ICVHFDLG,21,17,16,13,38,29,0.1323529411764706,neutral
LFFLGDYH,25,13,15,14,38,29,0.1323529411764706,neutral
CVGYFNLH,25,13,13,16,38,29,0.1323529411764706,neutral
FSSLHSVR,22,16,14,15,38,29,0.1323529411764706,neutral
NCRFGGLG,16,22,15,14,38,29,0.1323529411764706,neutral
LFCNVDFI,27,11,16,13,38,29,0.1323529411764706,neutral
FVYRGCRR,21,17,14,15,38,29,0.1323529411764706,neutral
GVCILSSF,20,18,15,14,38,29,0.1323529411764706,neutral
FIGGVGVN,26,12,12,17,38,29,0.1323529411764706,neutral
VRYDLVCG,24,14,16,13,38,29,0.1323529411764706,neutral
HRCGSDHF,26,12,14,15,38,29,0.1323529411764706,neutral
CNLVFGIC,26,12,18,11,38,29,0.1323529411764706,neutral
FLGRHCVD,20,18,17,12,38,29,0.1323529411764706,neutral
VGFIDVVV,22,16,14,15,38,29,0.1323529411764706,neutral
CVDSIGYC,29,24,22,20,53,42,0.13253012048192772,neutral
VFCDGHIH,35,18,23,19,53,42,0.13253012048192772,neutral
VDLFDCRG,36,17,20,22,53,42,0.13253012048192772,neutral
FYGGVYCH,32,21,21,21,53,42,0.13253012048192772,neutral
FCFGNILY,42,26,21,34,68,55,0.1326530612244898,neutral
ICISLGIR,38,30,25,30,68,55,0.1326530612244898,neutral
HGVSYSYG,47,36,34,34,83,68,0.13274336283185842,neutral
VHLYGSVN,55,43,39,42,98,81,0.1328125,neutral
VSYCNVGL,59,54,44,50,113,94,0.13286713286713286,neutral
CYVSHSGC,72,56,53,54,128,107,0.13291139240506328,neutral
VIGFNLCC,28,17,14,21,45,35,0.13333333333333333,neutral
FDVHRCGG,28,17,18,17,45,35,0.13333333333333333,neutral
DCVLVDCG,37,38,32,29,75,61,0.13333333333333333,neutral
FCYGVYSL,29,16,13,22,45,35,0.13333333333333333,neutral
FSVLGDVR,46,29,22,39,75,61,0.13333333333333333,neutral
VFSYFYGV,30,15,16,19,45,35,0.13333333333333333,neutral
CFSDLIGS,50,40,37,37,90,74,0.13333333333333333,neutral
CLGHGYVF,7,8,5,4,15,9,0.13333333333333333,neutral
LLILDSSV,40,35,26,35,75,61,0.13333333333333333,neutral
LVFLSNGS,18,12,9,13,30,22,0.13333333333333333,neutral
DFLSNCYG,11,4,4,5,15,9,0.13333333333333333,neutral
FYLGDDDD,19,11,8,14,30,22,0.13333333333333333,neutral
RVYCDSCR,58,47,40,47,105,87,0.13333333333333333,neutral
VYLDDRFC,10,5,3,6,15,9,0.13333333333333333,neutral
YFCFGVRC,9,6,3,6,15,9,0.13333333333333333,neutral
FIVVDRCY,15,15,8,14,30,22,0.13333333333333333,neutral
VCGCFLVH,44,31,30,31,75,61,0.13333333333333333,neutral
CNFRFHDS,16,14,8,14,30,22,0.13333333333333333,neutral
DFCCSIDR,17,13,12,10,30,22,0.13333333333333333,neutral
CNSRYFCV,21,9,7,15,30,22,0.13333333333333333,neutral
IGSGGGDF,48,42,33,41,90,74,0.13333333333333333,neutral
FSSCYCFH,23,22,19,16,45,35,0.13333333333333333,neutral
GVLNGYFG,9,6,4,5,15,9,0.13333333333333333,neutral
DGSYVCVG,20,10,11,11,30,22,0.13333333333333333,neutral
FYYGHFSG,21,9,12,10,30,22,0.13333333333333333,neutral
FRGFVGRD,24,21,11,24,45,35,0.13333333333333333,neutral
SSGRYFVG,52,38,35,39,90,74,0.13333333333333333,neutral
VCGHGNFD,44,31,31,30,75,61,0.13333333333333333,neutral
FSLHGSLG,17,13,8,14,30,22,0.13333333333333333,neutral
NCCHFLRC,12,3,4,5,15,9,0.13333333333333333,neutral
FNIRCGHC,6,9,4,5,15,9,0.13333333333333333,neutral
FFHYDGLC,12,3,6,3,15,9,0.13333333333333333,neutral
CVFGHRCL,10,5,4,5,15,9,0.13333333333333333,neutral
VNVDYIVL,38,22,24,24,60,48,0.13333333333333333,neutral
CIFCYFVC,10,5,3,6,15,9,0.13333333333333333,neutral
SSSFHYSC,20,10,13,9,30,22,0.13333333333333333,neutral
CYFGNFCH,12,3,7,2,15,9,0.13333333333333333,neutral
FFYHVIGN,11,4,6,3,15,9,0.13333333333333333,neutral
LSFCNGHV,44,31,34,27,75,61,0.13333333333333333,neutral
CCDIHVLG,87,70,63,69,157,132,0.13368983957219252,neutral
LLRHVYLC,58,39,38,42,97,80,0.13385826771653545,neutral
CNHDSVYH,50,32,33,34,82,67,0.13392857142857142,neutral
HICGFISC,50,32,35,32,82,67,0.13392857142857142,neutral
LRRRGVCL,48,34,27,40,82,67,0.13392857142857142,neutral
FYYGVCCH,36,31,28,26,67,54,0.13402061855670103,neutral
VCNNCHGC,38,29,18,36,67,54,0.13402061855670103,neutral
NHFVHHNN,36,31,26,28,67,54,0.13402061855670103,neutral
CFSHGICV,29,23,18,23,52,41,0.13414634146341464,neutral
CRDFRFND,30,22,23,18,52,41,0.13414634146341464,neutral
DSLCLGLR,26,26,23,18,52,41,0.13414634146341464,neutral
DVYFCRLR,34,18,18,23,52,41,0.13414634146341464,neutral
FVYGHCGR,35,17,16,25,52,41,0.13414634146341464,neutral
GYCLRFGS,24,13,11,17,37,28,0.13432835820895522,neutral
RSICLDLC,22,15,13,15,37,28,0.13432835820895522,neutral
VIHGSCCD,23,14,11,17,37,28,0.13432835820895522,neutral
FCNHIGVF,26,11,7,21,37,28,0.13432835820895522,neutral
FCDVNVRL,17,20,12,16,37,28,0.13432835820895522,neutral
NNCFVFRC,25,12,15,13,37,28,0.13432835820895522,neutral
CYGYVFDD,25,12,11,17,37,28,0.13432835820895522,neutral
SYFRFVCC,24,13,12,16,37,28,0.13432835820895522,neutral
CYFNSCHV,26,11,15,13,37,28,0.13432835820895522,neutral
FVCRCDNI,25,12,8,20,37,28,0.13432835820895522,neutral
VLLSSGCC,37,37,25,35,74,60,0.1346153846153846,neutral
HFFCRSGH,14,8,7,8,22,15,0.1346153846153846,neutral
CCRGSGDL,13,9,7,8,22,15,0.1346153846153846,neutral
LYFRVGVC,14,8,6,9,22,15,0.1346153846153846,neutral
SVSCINCL,15,7,5,10,22,15,0.1346153846153846,neutral
NCNVLIHI,12,10,9,6,22,15,0.1346153846153846,neutral
LFFNGFCN,13,9,2,13,22,15,0.1346153846153846,neutral
DYLCHLCS,40,34,36,24,74,60,0.1346153846153846,neutral
LNYCVNFF,15,7,7,8,22,15,0.1346153846153846,neutral
VRVVSCGY,44,30,32,28,74,60,0.1346153846153846,neutral
IYHYCCGF,14,8,3,12,22,15,0.1346153846153846,neutral
YFNSNIVV,12,10,8,7,22,15,0.1346153846153846,neutral
FFNCVFIN,18,4,5,10,22,15,0.1346153846153846,neutral
VCCGCDYN,13,9,3,12,22,15,0.1346153846153846,neutral
FCCVGRGF,16,6,10,5,22,15,0.1346153846153846,neutral
HCDFNHGV,12,10,9,6,22,15,0.1346153846153846,neutral
LCFFVGRH,13,9,7,8,22,15,0.1346153846153846,neutral
VCICGILG,11,11,6,9,22,15,0.1346153846153846,neutral
LFDINYCY,46,28,29,31,74,60,0.1346153846153846,neutral
LYCIRGFG,13,9,10,5,22,15,0.1346153846153846,neutral
LSHGIFCD,17,5,8,7,22,15,0.1346153846153846,neutral
SSFYDCFD,11,11,7,8,22,15,0.1346153846153846,neutral
IVRGVYCD,65,61,59,46,126,105,0.1346153846153846,neutral
VCNGSRDF,14,8,3,12,22,15,0.1346153846153846,neutral
YGVGRRFI,46,28,32,28,74,60,0.1346153846153846,neutral
GNCDGICL,38,21,22,25,59,47,0.1348314606741573,neutral
HFDCDGCC,39,20,22,25,59,47,0.1348314606741573,neutral
LDLGCNVV,36,23,22,25,59,47,0.1348314606741573,neutral
DGLCGDRF,33,26,14,33,59,47,0.1348314606741573,neutral
LGSYDICF,55,41,35,44,96,79,0.1349206349206349,neutral
YDRGFLIN,29,15,21,13,44,34,0.13513513513513514,neutral
FGFFDYRH,6,1,2,0,7,2,0.13513513513513514,neutral
GCGLRFVF,2,5,0,2,7,2,0.13513513513513514,neutral
GFGIYCGF,3,4,0,2,7,2,0.13513513513513514,neutral
VFVSILCN,4,3,2,0,7,2,0.13513513513513514,neutral
ILYVRSLR,4,3,1,1,7,2,0.13513513513513514,neutral
YYLCVCDG,5,2,1,1,7,2,0.13513513513513514,neutral
NYFLIYVS,3,4,1,1,7,2,0.13513513513513514,neutral
FVIFSHVY,4,3,1,1,7,2,0.13513513513513514,neutral
YFCCFIYF,3,4,2,0,7,2,0.13513513513513514,neutral
FDCFLCCL,4,3,2,0,7,2,0.13513513513513514,neutral
VIVYDVFR,5,2,2,0,7,2,0.13513513513513514,neutral
YYVCLFCF,4,3,1,1,7,2,0.13513513513513514,neutral
ILFFCFGD,4,3,1,1,7,2,0.13513513513513514,neutral
RFYFCCLG,4,3,1,1,7,2,0.13513513513513514,neutral
ILCVLVYY,4,3,1,1,7,2,0.13513513513513514,neutral
CCVCYRSF,4,3,1,1,7,2,0.13513513513513514,neutral
CFYCVLCC,6,1,0,2,7,2,0.13513513513513514,neutral
VYVFYFFG,5,2,0,2,7,2,0.13513513513513514,neutral
CFLDVFDC,4,3,1,1,7,2,0.13513513513513514,neutral
HCCVFGYL,5,2,1,1,7,2,0.13513513513513514,neutral
YCLVSVYC,5,2,1,1,7,2,0.13513513513513514,neutral
HYVHYRGN,2,5,2,0,7,2,0.13513513513513514,neutral
GCCGCRNF,7,0,0,2,7,2,0.13513513513513514,neutral
FLDLCIFG,3,4,2,0,7,2,0.13513513513513514,neutral
FIGHFVFI,5,2,0,2,7,2,0.13513513513513514,neutral
CFDRVFYH,3,4,1,1,7,2,0.13513513513513514,neutral
VCCLHRVL,6,1,2,0,7,2,0.13513513513513514,neutral
CLCCFCFV,4,3,1,1,7,2,0.13513513513513514,neutral
HSYVLRIY,3,4,0,2,7,2,0.13513513513513514,neutral
RCHSCNHN,29,15,16,18,44,34,0.13513513513513514,neutral
HDYYFYSG,4,3,0,2,7,2,0.13513513513513514,neutral
VCNRYCGY,6,1,2,0,7,2,0.13513513513513514,neutral
GHLLNNCI,27,17,20,14,44,34,0.13513513513513514,neutral
RCFIGIGG,6,1,1,1,7,2,0.13513513513513514,neutral
VCCSCFIR,4,3,1,1,7,2,0.13513513513513514,neutral
CIIFVFRV,3,4,0,2,7,2,0.13513513513513514,neutral
DLFCSNVC,6,1,0,2,7,2,0.13513513513513514,neutral
FDICLFHC,5,2,1,1,7,2,0.13513513513513514,neutral
YCIYNRHG,6,1,2,0,7,2,0.13513513513513514,neutral
YLICVFGN,5,2,1,1,7,2,0.13513513513513514,neutral
GHGRIDYG,5,2,0,2,7,2,0.13513513513513514,neutral
YYILYNVV,2,5,1,1,7,2,0.13513513513513514,neutral
GCHFCRLH,5,2,2,0,7,2,0.13513513513513514,neutral
YGHCFILN,3,4,0,2,7,2,0.13513513513513514,neutral
CGLCCHCI,6,1,2,0,7,2,0.13513513513513514,neutral
NHYLSVCY,6,1,1,1,7,2,0.13513513513513514,neutral
HIDDFCYY,3,4,2,0,7,2,0.13513513513513514,neutral
FYVLDHGY,0,7,0,2,7,2,0.13513513513513514,neutral
SLRDGHGF,60,43,42,43,103,85,0.13533834586466165,neutral
CVLYGGRN,39,27,22,31,66,53,0.13541666666666666,neutral
RSYSYGHL,42,24,23,30,66,53,0.13541666666666666,neutral
RRRYDVIG,42,24,31,22,66,53,0.13541666666666666,neutral
CLGSICLY,38,28,18,35,66,53,0.13541666666666666,neutral
GIGLRSLL,19,10,14,7,29,21,0.13559322033898305,neutral
VVGCHCGF,19,10,10,11,29,21,0.13559322033898305,neutral
FLIRSCGI,22,7,7,14,29,21,0.13559322033898305,neutral
VYSFFSCC,18,11,8,13,29,21,0.13559322033898305,neutral
GVCGFSVD,14,15,12,9,29,21,0.13559322033898305,neutral
CFGFYDSL,15,14,8,13,29,21,0.13559322033898305,neutral
VCDCFVYG,20,9,6,15,29,21,0.13559322033898305,neutral
LCNLVICH,16,13,12,9,29,21,0.13559322033898305,neutral
CCYVHSHG,16,13,7,14,29,21,0.13559322033898305,neutral
LSNHICCN,50,38,39,33,88,72,0.13559322033898305,neutral
FNSFLLRC,18,11,12,9,29,21,0.13559322033898305,neutral
NFYCRVIH,21,8,13,8,29,21,0.13559322033898305,neutral
IGLNGRCF,94,75,66,76,169,142,0.135678391959799,neutral
FGFFCISD,27,24,15,25,51,40,0.13580246913580246,neutral
FCFNDCGY,32,19,18,22,51,40,0.13580246913580246,neutral
FCDYGVLI,35,16,23,17,51,40,0.13580246913580246,neutral
FFSCFSRH,42,31,30,29,73,59,0.13592233009708737,neutral
CNICDIHS,40,33,28,31,73,59,0.13592233009708737,neutral
RCIGRHHR,53,42,47,31,95,78,0.136,neutral
CRVINIFH,79,60,61,55,139,116,0.13609467455621302,neutral
IVSIVDCV,88,73,63,72,161,135,0.13612565445026178,neutral
RYGLLICG,13,1,2,6,14,8,0.13636363636363635,neutral
DCFIGFCY,9,5,4,4,14,8,0.13636363636363635,neutral
VVLCRFGV,21,15,13,14,36,27,0.13636363636363635,neutral
LLCNGICD,22,14,10,17,36,27,0.13636363636363635,neutral
LNFRVCDG,36,22,27,19,58,46,0.13636363636363635,neutral
CFVSFHRV,10,4,3,5,14,8,0.13636363636363635,neutral
IHFCCGGF,8,6,3,5,14,8,0.13636363636363635,neutral
DVLSVHLN,9,5,4,4,14,8,0.13636363636363635,neutral
FNSDFLCY,12,2,5,3,14,8,0.13636363636363635,neutral
CFVGYVRH,37,21,22,24,58,46,0.13636363636363635,neutral
YFICHIYD,38,20,23,23,58,46,0.13636363636363635,neutral
LGCCHGRH,21,15,16,11,36,27,0.13636363636363635,neutral
YCSSYVDG,8,6,4,4,14,8,0.13636363636363635,neutral
YVGCCCNG,12,2,2,6,14,8,0.13636363636363635,neutral
RYGIHDCI,28,30,24,22,58,46,0.13636363636363635,neutral
NFRHLCDY,9,5,3,5,14,8,0.13636363636363635,neutral
CYCSDHGH,33,25,25,21,58,46,0.13636363636363635,neutral
CCSRCDFR,7,7,2,6,14,8,0.13636363636363635,neutral
GYYYCRVY,49,31,24,41,80,65,0.13636363636363635,neutral
FRNVDRYD,20,16,13,14,36,27,0.13636363636363635,neutral
FIGSGNGY,22,14,13,14,36,27,0.13636363636363635,neutral
CDGLSCLD,48,32,24,41,80,65,0.13636363636363635,neutral
CRIICRGR,7,7,2,6,14,8,0.13636363636363635,neutral
CNFGHCYC,7,7,5,3,14,8,0.13636363636363635,neutral
LRYYLHND,9,5,5,3,14,8,0.13636363636363635,neutral
DSCVCSCC,24,12,14,13,36,27,0.13636363636363635,neutral
IDDGGYSC,12,2,4,4,14,8,0.13636363636363635,neutral
RVRYLFDV,7,7,5,3,14,8,0.13636363636363635,neutral
FFGCGYVY,10,4,4,4,14,8,0.13636363636363635,neutral
FCCSVHSG,49,31,30,35,80,65,0.13636363636363635,neutral
FNVLGSVC,34,24,20,26,58,46,0.13636363636363635,neutral
GFGGFCRD,23,13,14,13,36,27,0.13636363636363635,neutral
CIGCGLRR,25,11,10,17,36,27,0.13636363636363635,neutral
FFSNFVFH,11,3,7,1,14,8,0.13636363636363635,neutral
YCHIVVDD,7,7,1,7,14,8,0.13636363636363635,neutral
LSNFSCCH,9,5,5,3,14,8,0.13636363636363635,neutral
CHYVRNGG,37,21,27,19,58,46,0.13636363636363635,neutral
VCCCGSDG,41,39,41,24,80,65,0.13636363636363635,neutral
RSGYFDGL,21,15,11,16,36,27,0.13636363636363635,neutral
GCFYDIRH,9,5,7,1,14,8,0.13636363636363635,neutral
SVLLNCGH,10,4,4,4,14,8,0.13636363636363635,neutral
CDDVCVSC,9,5,5,3,14,8,0.13636363636363635,neutral
CCVSFGSG,22,14,12,15,36,27,0.13636363636363635,neutral
NRGGHGID,61,48,43,47,109,90,0.1366906474820144,neutral
FYGLRCSG,48,39,31,40,87,71,0.13675213675213677,neutral
HVYVYYGI,42,23,25,27,65,52,0.1368421052631579,neutral
RGGCLSGG,40,25,21,31,65,52,0.1368421052631579,neutral
LYVCFDGD,38,27,30,22,65,52,0.1368421052631579,neutral
YVSCGCVD,26,17,14,19,43,33,0.136986301369863,neutral
CCDCDGVH,22,21,8,25,43,33,0.136986301369863,neutral
NCIVGLSC,31,12,13,20,43,33,0.136986301369863,neutral
DCGILDVG,24,19,18,15,43,33,0.136986301369863,neutral
FDLIHGIF,28,15,13,20,43,33,0.136986301369863,neutral
CYFVFGGC,26,17,11,22,43,33,0.136986301369863,neutral
CLGNCSVR,30,13,21,12,43,33,0.136986301369863,neutral
YRFCCDVN,27,16,17,16,43,33,0.136986301369863,neutral
FHGFDSGS,31,12,11,22,43,33,0.136986301369863,neutral
NVDRYCVR,88,79,63,77,167,140,0.13705583756345177,neutral
INCGIRFH,54,40,42,35,94,77,0.13709677419354838,neutral
GSRGGCYD,51,43,37,40,94,77,0.13709677419354838,neutral
IHFGVHGI,43,29,28,30,72,58,0.13725490196078433,neutral
RHVVNIYC,12,9,6,8,21,14,0.13725490196078433,neutral
SFVCRYVR,11,10,5,9,21,14,0.13725490196078433,neutral
FIGNCVCG,10,11,3,11,21,14,0.13725490196078433,neutral
VYLNFGFR,14,7,7,7,21,14,0.13725490196078433,neutral
YRYLCNDS,15,6,5,9,21,14,0.13725490196078433,neutral
CVYVGLFD,43,29,31,27,72,58,0.13725490196078433,neutral
FYGFFRVH,14,7,6,8,21,14,0.13725490196078433,neutral
FFGHLLCN,17,4,8,6,21,14,0.13725490196078433,neutral
SVIVGYGI,16,5,7,7,21,14,0.13725490196078433,neutral
LNNGFCNC,13,8,9,5,21,14,0.13725490196078433,neutral
FLLCDYDR,16,5,9,5,21,14,0.13725490196078433,neutral
FSCFFGLH,11,10,3,11,21,14,0.13725490196078433,neutral
LFGRFCYN,14,7,9,5,21,14,0.13725490196078433,neutral
RNDYFDGY,43,29,30,28,72,58,0.13725490196078433,neutral
VVVYGGSF,15,6,6,8,21,14,0.13725490196078433,neutral
IIRRVFGV,14,7,4,10,21,14,0.13725490196078433,neutral
FGHFNVVN,40,32,27,31,72,58,0.13725490196078433,neutral
RGNCCFDG,56,45,40,43,101,83,0.13740458015267176,neutral
FFCFDLCN,31,19,19,20,50,39,0.1375,neutral
VCCNLRCD,33,17,10,29,50,39,0.1375,neutral
YGCSFVDH,34,16,24,15,50,39,0.1375,neutral
CCSFNRGG,27,23,19,20,50,39,0.1375,neutral
HIGGCICS,29,21,19,20,50,39,0.1375,neutral
FNSLLIHH,27,23,20,19,50,39,0.1375,neutral
FVNLCVFS,27,23,22,17,50,39,0.1375,neutral
YNVCDVRC,49,30,25,39,79,64,0.13761467889908258,neutral
GRRRIRSL,48,31,38,26,79,64,0.13761467889908258,neutral
CFRSCRRS,48,31,23,41,79,64,0.13761467889908258,neutral
VDGLDYDH,78,59,60,54,137,114,0.1377245508982036,neutral
RDSSYSFG,62,53,50,45,115,95,0.13793103448275862,neutral
NHRFLGHG,18,10,13,7,28,20,0.13793103448275862,neutral
VVNGFCLR,18,10,7,13,28,20,0.13793103448275862,neutral
YRGGVYYH,31,26,26,19,57,45,0.13793103448275862,neutral
DIRGVGLY,31,26,22,23,57,45,0.13793103448275862,neutral
NIGYDDLR,37,20,17,28,57,45,0.13793103448275862,neutral
LYIHGSNH,13,15,11,9,28,20,0.13793103448275862,neutral
LVDGYCSD,21,7,10,10,28,20,0.13793103448275862,neutral
FFIDIDRR,20,8,12,8,28,20,0.13793103448275862,neutral
ICVIGCGY,23,5,10,10,28,20,0.13793103448275862,neutral
FLYGYIGL,17,11,9,11,28,20,0.13793103448275862,neutral
LYCSGSLF,38,19,24,21,57,45,0.13793103448275862,neutral
CCSIFGCS,19,9,9,11,28,20,0.13793103448275862,neutral
IRYDHNGI,17,11,10,10,28,20,0.13793103448275862,neutral
IDYVFFGG,13,15,10,10,28,20,0.13793103448275862,neutral
FCCNYING,18,10,10,10,28,20,0.13793103448275862,neutral
YGVCIRLD,12,16,10,10,28,20,0.13793103448275862,neutral
CSSYFCHS,20,8,7,13,28,20,0.13793103448275862,neutral
ICYNFSIH,21,7,10,10,28,20,0.13793103448275862,neutral
FCGFCFVS,15,13,9,11,28,20,0.13793103448275862,neutral
VFLHNVLD,18,10,14,6,28,20,0.13793103448275862,neutral
FNRYGCHH,18,10,8,12,28,20,0.13793103448275862,neutral
IVHCDLDG,20,8,10,10,28,20,0.13793103448275862,neutral
CYVNIVHH,39,25,28,23,64,51,0.13829787234042554,neutral
CVGRLLGY,38,26,23,28,64,51,0.13829787234042554,neutral
DGFSRFCL,38,26,24,27,64,51,0.13829787234042554,neutral
CCIHGRVL,41,23,19,32,64,51,0.13829787234042554,neutral
IIGFGIGV,33,31,23,28,64,51,0.13829787234042554,neutral
VFCVDFSV,38,26,27,24,64,51,0.13829787234042554,neutral
CFYDVHFY,23,12,14,12,35,26,0.13846153846153847,neutral
VGRSYCGG,24,11,11,15,35,26,0.13846153846153847,neutral
HFCFCSVR,19,16,14,12,35,26,0.13846153846153847,neutral
GSHLDSFV,21,14,7,19,35,26,0.13846153846153847,neutral
FFCYNRNV,19,16,18,8,35,26,0.13846153846153847,neutral
SLCYCFSS,23,12,16,10,35,26,0.13846153846153847,neutral
HVDHLFIL,23,12,7,19,35,26,0.13846153846153847,neutral
VIFRSIGL,18,17,11,15,35,26,0.13846153846153847,neutral
CFIRFRHC,23,12,12,14,35,26,0.13846153846153847,neutral
FNDVVYFD,21,14,11,15,35,26,0.13846153846153847,neutral
LYGSCFVH,24,11,15,11,35,26,0.13846153846153847,neutral
FYVSCGDR,21,14,10,16,35,26,0.13846153846153847,neutral
FGRIVRGR,57,43,37,45,100,82,0.13846153846153847,neutral
CDVHSGFV,19,16,11,15,35,26,0.13846153846153847,neutral
LDRDGFID,35,36,37,20,71,57,0.13861386138613863,neutral
LYVNLFVD,43,28,27,30,71,57,0.13861386138613863,neutral
GCLRIDIG,42,29,35,22,71,57,0.13861386138613863,neutral
HHVLYIHL,6,0,0,1,6,1,0.1388888888888889,neutral
SCFGVFID,5,1,1,0,6,1,0.1388888888888889,neutral
FDINYIDD,2,4,0,1,6,1,0.1388888888888889,neutral
LIYFDNYC,3,3,1,0,6,1,0.1388888888888889,neutral
VCCCGHVL,5,1,0,1,6,1,0.1388888888888889,neutral
YYLNILIC,3,3,0,1,6,1,0.1388888888888889,neutral
RYDYGYCD,5,1,0,1,6,1,0.1388888888888889,neutral
CVVFCVCI,2,4,0,1,6,1,0.1388888888888889,neutral
VHCLFYRL,3,3,1,0,6,1,0.1388888888888889,neutral
RVCCFFVY,4,2,0,1,6,1,0.1388888888888889,neutral
LIGGYHGV,5,1,1,0,6,1,0.1388888888888889,neutral
CFNDYGYL,3,3,1,0,6,1,0.1388888888888889,neutral
LVVFCFSS,5,1,0,1,6,1,0.1388888888888889,neutral
CGFRCSCD,3,3,0,1,6,1,0.1388888888888889,neutral
DFIDGCDV,3,3,0,1,6,1,0.1388888888888889,neutral
VLDCFYVI,65,49,42,52,114,94,0.1388888888888889,neutral
FIIYFCVS,4,2,1,0,6,1,0.1388888888888889,neutral
IFLFIVVS,2,4,0,1,6,1,0.1388888888888889,neutral
CVFHYYCD,3,3,0,1,6,1,0.1388888888888889,neutral
IVCFCFFV,4,2,1,0,6,1,0.1388888888888889,neutral
CCRIISHD,3,3,0,1,6,1,0.1388888888888889,neutral
CILRCIGF,4,2,0,1,6,1,0.1388888888888889,neutral
IFHGCVSY,3,3,0,1,6,1,0.1388888888888889,neutral
YCLFSGGG,5,1,0,1,6,1,0.1388888888888889,neutral
CYCVYCCN,3,3,1,0,6,1,0.1388888888888889,neutral
FLCLFIGL,5,1,1,0,6,1,0.1388888888888889,neutral
CYVLIGYD,4,2,1,0,6,1,0.1388888888888889,neutral
LCICVVLH,3,3,1,0,6,1,0.1388888888888889,neutral
GFVCCDNG,28,14,12,20,42,32,0.1388888888888889,neutral
VVYYVSDH,3,3,0,1,6,1,0.1388888888888889,neutral
ILLCVLVV,4,2,0,1,6,1,0.1388888888888889,neutral
DVYFCLVG,2,4,0,1,6,1,0.1388888888888889,neutral
FLFFFCCV,1,5,0,1,6,1,0.1388888888888889,neutral
LFCCDDCF,4,2,1,0,6,1,0.1388888888888889,neutral
IGIYIDCV,5,1,0,1,6,1,0.1388888888888889,neutral
CILHVRGD,64,50,41,53,114,94,0.1388888888888889,neutral
FIYVIGDF,4,2,1,0,6,1,0.1388888888888889,neutral
FDVHVCGV,4,2,0,1,6,1,0.1388888888888889,neutral
LYDCRLDY,4,2,0,1,6,1,0.1388888888888889,neutral
SCCCYNSC,5,1,0,1,6,1,0.1388888888888889,neutral
VCNDRNYY,3,3,0,1,6,1,0.1388888888888889,neutral
YIFFVYVH,5,1,0,1,6,1,0.1388888888888889,neutral
FYIYVVCH,4,2,0,1,6,1,0.1388888888888889,neutral
IYYINCNC,6,0,0,1,6,1,0.1388888888888889,neutral
YCFCVFFH,3,3,0,1,6,1,0.1388888888888889,neutral
VCFCCRLD,2,4,0,1,6,1,0.1388888888888889,neutral
ILGCDDCL,5,1,0,1,6,1,0.1388888888888889,neutral
LGDCIFDG,4,2,0,1,6,1,0.1388888888888889,neutral
FYLLHLRR,3,3,0,1,6,1,0.1388888888888889,neutral
LDCFCNVG,25,17,13,19,42,32,0.1388888888888889,neutral
HVLVHSLR,2,4,0,1,6,1,0.1388888888888889,neutral
YFFGFFDI,5,1,1,0,6,1,0.1388888888888889,neutral
GFFVYVCF,5,1,0,1,6,1,0.1388888888888889,neutral
LVSDGYCC,24,18,16,16,42,32,0.1388888888888889,neutral
CDLDLGVI,6,0,1,0,6,1,0.1388888888888889,neutral
GIGGIIGF,2,4,1,0,6,1,0.1388888888888889,neutral
CCYGFYFC,4,2,1,0,6,1,0.1388888888888889,neutral
SLRCVHFR,5,1,1,0,6,1,0.1388888888888889,neutral
SFGLSVCG,5,1,1,0,6,1,0.1388888888888889,neutral
LLRCVRVI,3,3,0,1,6,1,0.1388888888888889,neutral
LSDRGSYI,28,14,16,16,42,32,0.1388888888888889,neutral
CCFCFRYS,2,4,1,0,6,1,0.1388888888888889,neutral
FSCSIVYC,4,2,0,1,6,1,0.1388888888888889,neutral
YFVCCLFF,4,2,0,1,6,1,0.1388888888888889,neutral
HCCCHLCS,5,1,1,0,6,1,0.1388888888888889,neutral
CCCFCGDC,6,0,0,1,6,1,0.1388888888888889,neutral
CLRRFDCC,3,3,1,0,6,1,0.1388888888888889,neutral
CLCFVCCC,3,3,1,0,6,1,0.1388888888888889,neutral
SLLCFLRV,0,6,1,0,6,1,0.1388888888888889,neutral
VINIFFCF,4,2,1,0,6,1,0.1388888888888889,neutral
FIVSDNGL,28,14,13,19,42,32,0.1388888888888889,neutral
GCNCYFVF,4,2,0,1,6,1,0.1388888888888889,neutral
FRLNDCSS,5,1,0,1,6,1,0.1388888888888889,neutral
FFLIGLGL,4,2,1,0,6,1,0.1388888888888889,neutral
FFFCSICD,5,1,0,1,6,1,0.1388888888888889,neutral
CLFFYFLY,4,2,0,1,6,1,0.1388888888888889,neutral
IFYSFNIH,3,3,0,1,6,1,0.1388888888888889,neutral
YFYIVVCI,3,3,1,0,6,1,0.1388888888888889,neutral
LRCYGSYV,5,1,1,0,6,1,0.1388888888888889,neutral
LFCCGCVR,3,3,0,1,6,1,0.1388888888888889,neutral
IVIVHFYH,4,2,1,0,6,1,0.1388888888888889,neutral
CFFCCIVH,3,3,0,1,6,1,0.1388888888888889,neutral
FYVIVFRY,5,1,0,1,6,1,0.1388888888888889,neutral
LVGFSYCH,1,5,1,0,6,1,0.1388888888888889,neutral
LFCGLDGL,5,1,0,1,6,1,0.1388888888888889,neutral
CCYRSDCD,25,17,16,16,42,32,0.1388888888888889,neutral
FVLVLVGS,3,3,1,0,6,1,0.1388888888888889,neutral
CGHCVGFC,3,3,0,1,6,1,0.1388888888888889,neutral
CYGLFIFN,4,2,0,1,6,1,0.1388888888888889,neutral
LIVIYRIC,6,0,1,0,6,1,0.1388888888888889,neutral
YFHRHSGV,41,37,33,30,78,63,0.1388888888888889,neutral
FLCCLFFL,4,2,1,0,6,1,0.1388888888888889,neutral
FLIVNSFY,3,3,1,0,6,1,0.1388888888888889,neutral
RHVIRRVH,51,34,31,38,85,69,0.1391304347826087,neutral
DFHGVSVC,50,35,38,31,85,69,0.1391304347826087,neutral
GFHFLRFV,33,16,18,20,49,38,0.13924050632911392,neutral
CHGIHCNI,26,23,13,25,49,38,0.13924050632911392,neutral
RSICGGGY,30,19,20,18,49,38,0.13924050632911392,neutral
NDVYHLLY,23,26,20,18,49,38,0.13924050632911392,neutral
NHLHRFCC,31,18,16,22,49,38,0.13924050632911392,neutral
NDYDICSS,75,60,47,65,135,112,0.1393939393939394,neutral
CCCCHVIV,8,5,3,4,13,7,0.13953488372093023,neutral
CCDIGILI,10,3,4,3,13,7,0.13953488372093023,neutral
FFCRDCCV,6,7,3,4,13,7,0.13953488372093023,neutral
IDFRGCGH,51,48,37,44,99,81,0.13953488372093023,neutral
GRRIINCI,7,6,3,4,13,7,0.13953488372093023,neutral
FSLCGYVH,9,4,4,3,13,7,0.13953488372093023,neutral
FHHVRSGG,9,4,2,5,13,7,0.13953488372093023,neutral
FCCHGDCG,7,6,2,5,13,7,0.13953488372093023,neutral
CLCGRVRD,9,4,4,3,13,7,0.13953488372093023,neutral
VNFVFSYL,9,4,2,5,13,7,0.13953488372093023,neutral
CNHFRCLF,10,3,5,2,13,7,0.13953488372093023,neutral
DCFYSLCV,10,3,6,1,13,7,0.13953488372093023,neutral
VFCLCCDG,6,7,1,6,13,7,0.13953488372093023,neutral
CYFLGVVN,6,7,5,2,13,7,0.13953488372093023,neutral
HVYRRVSG,11,2,3,4,13,7,0.13953488372093023,neutral
LGGLSGIV,35,21,20,24,56,44,0.13953488372093023,neutral
CCVFCNDH,8,5,2,5,13,7,0.13953488372093023,neutral
CFVDGCVG,54,45,36,45,99,81,0.13953488372093023,neutral
CCHCYDDF,9,4,2,5,13,7,0.13953488372093023,neutral
VGVNVGRY,7,6,3,4,13,7,0.13953488372093023,neutral
YVFDCVVS,8,5,3,4,13,7,0.13953488372093023,neutral
IYCRYISY,7,6,4,3,13,7,0.13953488372093023,neutral
LCYHSVCC,9,4,3,4,13,7,0.13953488372093023,neutral
ICCCCDDV,35,21,20,24,56,44,0.13953488372093023,neutral
RYHDICGG,37,19,23,21,56,44,0.13953488372093023,neutral
FYDRINVD,10,3,3,4,13,7,0.13953488372093023,neutral
LYVCGSCY,10,3,3,4,13,7,0.13953488372093023,neutral
VNLCCDCF,7,6,4,3,13,7,0.13953488372093023,neutral
NDCRLYCV,37,19,19,25,56,44,0.13953488372093023,neutral
SCCLYISG,9,4,4,3,13,7,0.13953488372093023,neutral
LVLRVGVF,9,4,4,3,13,7,0.13953488372093023,neutral
FGFCCNDH,6,7,4,3,13,7,0.13953488372093023,neutral
IDGCYGVG,32,24,21,23,56,44,0.13953488372093023,neutral
GHVIDCCF,7,6,1,6,13,7,0.13953488372093023,neutral
SLFCDSHR,37,19,19,25,56,44,0.13953488372093023,neutral
VVCRCCGD,8,5,3,4,13,7,0.13953488372093023,neutral
RCSCSDLH,35,28,30,20,63,50,0.13978494623655913,neutral
HIHVCIGN,41,22,28,22,63,50,0.13978494623655913,neutral
RVCFGGVL,39,24,24,26,63,50,0.13978494623655913,neutral
LNCNDVVL,37,26,28,22,63,50,0.13978494623655913,neutral
RNIVFRDR,36,27,25,25,63,50,0.13978494623655913,neutral
YYRHVRVG,14,6,3,10,20,13,0.14,neutral
FCGLRNDI,42,28,23,33,70,56,0.14,neutral
FHIFCHRR,12,8,6,7,20,13,0.14,neutral
FCVHRFGV,16,4,5,8,20,13,0.14,neutral
CLLFCGSG,44,26,25,31,70,56,0.14,neutral
CLVSCDCV,14,6,5,8,20,13,0.14,neutral
FHVGIGCV,13,7,7,6,20,13,0.14,neutral
VRCRRFRR,39,31,24,32,70,56,0.14,neutral
LVRLCDCG,12,8,11,2,20,13,0.14,neutral
NGVFLVFS,13,7,8,5,20,13,0.14,neutral
IYDYVCGL,15,5,6,7,20,13,0.14,neutral
FCLVFVLV,11,9,2,11,20,13,0.14,neutral
VLSSCCIF,43,27,27,29,70,56,0.14,neutral
YFGYFGFV,10,10,7,6,20,13,0.14,neutral
HYGYISCF,15,5,3,10,20,13,0.14,neutral
FFGDCDSG,43,27,26,30,70,56,0.14,neutral
LLFLGCVS,15,5,6,7,20,13,0.14,neutral
GGLLYIGY,12,8,7,6,20,13,0.14,neutral
GYVLHNCS,64,63,54,51,127,105,0.14012738853503184,neutral
DNVCGGLV,45,32,33,29,77,62,0.14018691588785046,neutral
GDCYFSSF,43,34,36,26,77,62,0.14018691588785046,neutral
VLCHINVG,43,41,25,43,84,68,0.14035087719298245,neutral
CYNFYCNV,19,8,8,11,27,19,0.14035087719298245,neutral
LCFSLGLG,19,8,8,11,27,19,0.14035087719298245,neutral
YVSYYFCD,18,9,8,11,27,19,0.14035087719298245,neutral
VVCVGSCC,17,10,9,10,27,19,0.14035087719298245,neutral
SGGCFHNH,15,12,12,7,27,19,0.14035087719298245,neutral
VVVFGDGL,18,9,13,6,27,19,0.14035087719298245,neutral
VSHYVFRL,15,12,8,11,27,19,0.14035087719298245,neutral
VGFVVSDV,14,13,13,6,27,19,0.14035087719298245,neutral
FYCSSRVH,17,10,7,12,27,19,0.14035087719298245,neutral
VLLDIFGV,23,11,10,15,34,25,0.140625,neutral
SCVYVHGS,57,41,42,38,98,80,0.140625,neutral
SCYGFSRR,19,15,16,9,34,25,0.140625,neutral
ISVCGVFY,20,14,11,14,34,25,0.140625,neutral
FHSGCHHH,18,16,13,12,34,25,0.140625,neutral
GYCHGGGH,22,12,12,13,34,25,0.140625,neutral
NLFNYYCF,18,16,13,12,34,25,0.140625,neutral
HYGVLRNR,21,13,9,16,34,25,0.140625,neutral
NCSYLCGD,24,10,14,11,34,25,0.140625,neutral
HGVVYGGL,19,15,11,14,34,25,0.140625,neutral
RYHCHHHL,15,19,13,12,34,25,0.140625,neutral
LCVDNCIH,55,43,43,37,98,80,0.140625,neutral
RYNCDFGL,20,14,9,16,34,25,0.140625,neutral
IHGYVIFD,53,45,40,40,98,80,0.140625,neutral
VHYSSGVC,22,12,10,15,34,25,0.140625,neutral
VNCGVCIC,17,17,11,14,34,25,0.140625,neutral
CICSVINH,21,13,19,6,34,25,0.140625,neutral
GRICCRGD,24,10,5,20,34,25,0.140625,neutral
LDGCYCNH,20,14,13,12,34,25,0.140625,neutral
HHFRLNDC,23,18,16,15,41,31,0.14084507042253522,neutral
HCDFRCFD,28,13,11,20,41,31,0.14084507042253522,neutral
FNLCGIFV,26,15,14,17,41,31,0.14084507042253522,neutral
CYVGGCIV,28,13,23,8,41,31,0.14084507042253522,neutral
FIFRCVSV,28,13,13,18,41,31,0.14084507042253522,neutral
CLVLCGFR,20,21,13,18,41,31,0.14084507042253522,neutral
SCYSCSGL,24,17,17,14,41,31,0.14084507042253522,neutral
FNDVYSCG,29,19,25,12,48,37,0.14102564102564102,neutral
GYSGVYFF,31,17,20,17,48,37,0.14102564102564102,neutral
LLCCHDLY,30,18,17,20,48,37,0.14102564102564102,neutral
LHGHGDCI,30,18,11,26,48,37,0.14102564102564102,neutral
GRIFFYHS,29,19,17,20,48,37,0.14102564102564102,neutral
NVRYIVCS,71,55,47,57,126,104,0.14102564102564102,neutral
FCGFFFGD,32,16,22,15,48,37,0.14102564102564102,neutral
HYYYFCDS,28,20,15,22,48,37,0.14102564102564102,neutral
RGGGLDFN,27,21,21,16,48,37,0.14102564102564102,neutral
RVSHFNFL,73,60,56,54,133,110,0.1411042944785276,neutral
DSVVLSCF,34,21,18,25,55,43,0.1411764705882353,neutral
CFFDIVHC,35,20,20,23,55,43,0.1411764705882353,neutral
SVVGCCGC,37,18,19,24,55,43,0.1411764705882353,neutral
VGVISYLC,27,28,18,25,55,43,0.1411764705882353,neutral
FGFLNCSC,35,27,26,23,62,49,0.14130434782608695,neutral
CCCVDHGR,36,26,24,25,62,49,0.14130434782608695,neutral
CISRNCGF,38,24,29,20,62,49,0.14130434782608695,neutral
LCVGDGFV,44,25,22,33,69,55,0.1414141414141414,neutral
SSISGDCY,43,26,27,28,69,55,0.1414141414141414,neutral
FFVGIYCI,46,30,31,30,76,61,0.14150943396226415,neutral
LFVNHCRV,38,38,31,30,76,61,0.14150943396226415,neutral
SVGGSLFR,46,30,30,31,76,61,0.14150943396226415,neutral
ICINIDGI,50,33,35,32,83,67,0.1415929203539823,neutral
CGVGVRFC,52,38,33,40,90,73,0.14166666666666666,neutral
FYCGNFVC,53,37,33,40,90,73,0.14166666666666666,neutral
VGCDLCCN,52,38,28,45,90,73,0.14166666666666666,neutral
CIGIVCRS,56,41,36,43,97,79,0.14173228346456693,neutral
IFRSDSGS,57,40,33,46,97,79,0.14173228346456693,neutral
IDVNNGVF,64,47,53,38,111,91,0.14184397163120568,neutral
FGCYYDII,63,48,44,47,111,91,0.14184397163120568,neutral
CHSISHCR,63,48,40,51,111,91,0.14184397163120568,neutral
YCGRGFGL,65,60,50,53,125,103,0.14193548387096774,neutral
CCDVVRCV,81,65,54,67,146,121,0.14204545454545456,neutral
DCVSRCSC,33,21,24,18,54,42,0.14285714285714285,neutral
VILCHYCL,5,0,0,0,5,0,0.14285714285714285,neutral
CCYCCCGI,5,0,0,0,5,0,0.14285714285714285,neutral
FYFVFFFF,3,2,0,0,5,0,0.14285714285714285,neutral
FDSLGHVR,36,18,21,21,54,42,0.14285714285714285,neutral
FCRVVSNC,4,1,0,0,5,0,0.14285714285714285,neutral
CSFDVLDG,55,41,39,39,96,78,0.14285714285714285,neutral
CGCGCIYR,8,4,3,3,12,6,0.14285714285714285,neutral
FSFYDFYD,23,17,16,14,40,30,0.14285714285714285,neutral
NCFVGFRV,42,26,24,30,68,54,0.14285714285714285,neutral
VIVCFYLR,2,3,0,0,5,0,0.14285714285714285,neutral
HICGRHCG,68,56,46,56,124,102,0.14285714285714285,neutral
FRLFVFNC,4,1,0,0,5,0,0.14285714285714285,neutral
LHNCNFRR,27,20,20,16,47,36,0.14285714285714285,neutral
YFFVVVFF,3,2,0,0,5,0,0.14285714285714285,neutral
FFGYYRRN,22,11,9,15,33,24,0.14285714285714285,neutral
CCVNFRCC,3,2,0,0,5,0,0.14285714285714285,neutral
LRCYNFSR,28,12,18,12,40,30,0.14285714285714285,neutral
YFFFIIFI,4,1,0,0,5,0,0.14285714285714285,neutral
HLIVGNHL,47,28,32,28,75,60,0.14285714285714285,neutral
YFFCCIHF,4,1,0,0,5,0,0.14285714285714285,neutral
FCFGSYCL,10,2,2,4,12,6,0.14285714285714285,neutral
IDCHGRFL,41,27,26,28,68,54,0.14285714285714285,neutral
FLFSVVDG,26,14,8,22,40,30,0.14285714285714285,neutral
CYLSGCCH,5,0,0,0,5,0,0.14285714285714285,neutral
FFFSNGHD,14,5,3,9,19,12,0.14285714285714285,neutral
GNFSSVDC,5,0,0,0,5,0,0.14285714285714285,neutral
VHHCVCIS,31,16,19,17,47,36,0.14285714285714285,neutral
FFVCDSVY,19,7,8,10,26,18,0.14285714285714285,neutral
HCGLGGYR,9,10,6,6,19,12,0.14285714285714285,neutral
CICFCFVF,5,0,0,0,5,0,0.14285714285714285,neutral
NCCNSYYC,10,2,3,3,12,6,0.14285714285714285,neutral
IYGNLVCC,8,4,5,1,12,6,0.14285714285714285,neutral
RYCCSDGV,1,4,0,0,5,0,0.14285714285714285,neutral
YLYIVCFV,2,3,0,0,5,0,0.14285714285714285,neutral
NLRYCFNS,25,15,14,16,40,30,0.14285714285714285,neutral
GVRRCFLR,14,12,11,7,26,18,0.14285714285714285,neutral
GFIDDINC,7,5,3,3,12,6,0.14285714285714285,neutral
VFFDCIYI,10,9,8,4,19,12,0.14285714285714285,neutral
FHFSCNFC,5,0,0,0,5,0,0.14285714285714285,neutral
FSFFVCLI,1,4,0,0,5,0,0.14285714285714285,neutral
VCGNFCIN,9,10,3,9,19,12,0.14285714285714285,neutral
HRICYYFV,5,0,0,0,5,0,0.14285714285714285,neutral
HNCGCHCH,0,5,0,0,5,0,0.14285714285714285,neutral
YVYLFCGC,6,13,6,6,19,12,0.14285714285714285,neutral
CFRSCVCC,4,1,0,0,5,0,0.14285714285714285,neutral
FCLGRHSG,1,4,0,0,5,0,0.14285714285714285,neutral
IRCNCVCG,25,8,11,13,33,24,0.14285714285714285,neutral
VNCFYRGD,9,3,2,4,12,6,0.14285714285714285,neutral
LFSGCSSD,6,6,2,4,12,6,0.14285714285714285,neutral
RGYGCCRC,26,14,15,15,40,30,0.14285714285714285,neutral
CCVVCSFC,4,1,0,0,5,0,0.14285714285714285,neutral
YSCDFVFR,11,8,5,7,19,12,0.14285714285714285,neutral
GRRIIIDI,4,1,0,0,5,0,0.14285714285714285,neutral
CGYLCYCN,0,5,0,0,5,0,0.14285714285714285,neutral
FCDVCILD,9,10,8,4,19,12,0.14285714285714285,neutral
CSNLLVGY,19,14,12,12,33,24,0.14285714285714285,neutral
CYGLSGIF,22,4,7,11,26,18,0.14285714285714285,neutral
CVFFHDGN,8,4,1,5,12,6,0.14285714285714285,neutral
CDVINHVC,38,23,22,26,61,48,0.14285714285714285,neutral
VICLVCSF,2,3,0,0,5,0,0.14285714285714285,neutral
FCGDVFCC,3,2,0,0,5,0,0.14285714285714285,neutral
DVFCLRFN,6,6,2,4,12,6,0.14285714285714285,neutral
CFVYGVRG,5,0,0,0,5,0,0.14285714285714285,neutral
VNLCCGFY,3,2,0,0,5,0,0.14285714285714285,neutral
CVFGFFLF,2,3,0,0,5,0,0.14285714285714285,neutral
FVRCFCFL,0,5,0,0,5,0,0.14285714285714285,neutral
FFFFRCLR,4,1,0,0,5,0,0.14285714285714285,neutral
LDSLIYYS,8,4,2,4,12,6,0.14285714285714285,neutral
DCVYLRYG,12,7,7,5,19,12,0.14285714285714285,neutral
SILDSGLY,33,21,18,24,54,42,0.14285714285714285,neutral
GFFHVVCR,10,2,2,4,12,6,0.14285714285714285,neutral
RCYSYIRC,31,23,18,24,54,42,0.14285714285714285,neutral
YCCFNDHG,2,3,0,0,5,0,0.14285714285714285,neutral
YCNFDFDS,32,22,16,26,54,42,0.14285714285714285,neutral
VGNVCFRF,61,42,43,41,103,84,0.14285714285714285,neutral
FCYDYVSI,14,5,7,5,19,12,0.14285714285714285,neutral
FFGSGCGS,0,5,0,0,5,0,0.14285714285714285,neutral
FNSFVCYN,2,3,0,0,5,0,0.14285714285714285,neutral
HVHISRYY,4,1,0,0,5,0,0.14285714285714285,neutral
HFFFFLGI,2,3,0,0,5,0,0.14285714285714285,neutral
NNIVSHCV,0,5,0,0,5,0,0.14285714285714285,neutral
RCCFHFCF,5,0,0,0,5,0,0.14285714285714285,neutral
DSFCGSHC,37,24,24,24,61,48,0.14285714285714285,neutral
CVNCVFSG,21,12,13,11,33,24,0.14285714285714285,neutral
HFVRFYRF,4,1,0,0,5,0,0.14285714285714285,neutral
FFRCRFVG,26,21,22,14,47,36,0.14285714285714285,neutral
LCLFHNCH,6,6,1,5,12,6,0.14285714285714285,neutral
FYCHVVRC,4,1,0,0,5,0,0.14285714285714285,neutral
YLGFGHDD,4,1,0,0,5,0,0.14285714285714285,neutral
CCDSRYCG,5,0,0,0,5,0,0.14285714285714285,neutral
CFCVCCCV,6,6,4,2,12,6,0.14285714285714285,neutral
YFLSNLCG,3,2,0,0,5,0,0.14285714285714285,neutral
GCHFVVLF,1,4,0,0,5,0,0.14285714285714285,neutral
FGRNRCVH,4,8,3,3,12,6,0.14285714285714285,neutral
FFILVHFC,4,1,0,0,5,0,0.14285714285714285,neutral
GYCCCLIC,3,2,0,0,5,0,0.14285714285714285,neutral
VFCYCCHN,2,3,0,0,5,0,0.14285714285714285,neutral
YCLFICVC,5,0,0,0,5,0,0.14285714285714285,neutral
FFDFHGHF,3,2,0,0,5,0,0.14285714285714285,neutral
FCVYVYVH,3,2,0,0,5,0,0.14285714285714285,neutral
HLVCFSRG,1,4,0,0,5,0,0.14285714285714285,neutral
FHRCHDHI,27,13,14,16,40,30,0.14285714285714285,neutral
CCGSCCHV,3,2,0,0,5,0,0.14285714285714285,neutral
LVICCIRV,3,2,0,0,5,0,0.14285714285714285,neutral
YDNCVLDS,3,2,0,0,5,0,0.14285714285714285,neutral
LCGCNCYF,3,2,0,0,5,0,0.14285714285714285,neutral
ICDYNFCC,10,2,3,3,12,6,0.14285714285714285,neutral
LSGRIRLC,1,4,0,0,5,0,0.14285714285714285,neutral
VYNRLGGC,12,7,7,5,19,12,0.14285714285714285,neutral
CRYGSILG,20,13,12,12,33,24,0.14285714285714285,neutral
CDLHSCVH,40,35,25,35,75,60,0.14285714285714285,neutral
CNFCVHSF,4,1,0,0,5,0,0.14285714285714285,neutral
VFCFSFIV,0,5,0,0,5,0,0.14285714285714285,neutral
ILSYHVNH,44,31,31,29,75,60,0.14285714285714285,neutral
GCVYRFSY,5,0,0,0,5,0,0.14285714285714285,neutral
DNCCVHYC,21,12,9,15,33,24,0.14285714285714285,neutral
VVFFLIDI,14,5,4,8,19,12,0.14285714285714285,neutral
FICIRICG,3,2,0,0,5,0,0.14285714285714285,neutral
FRLVRDGC,25,8,14,10,33,24,0.14285714285714285,neutral
FFFFYFCF,3,2,0,0,5,0,0.14285714285714285,neutral
FHNYCSDC,3,2,0,0,5,0,0.14285714285714285,neutral
CHFYLYSS,33,21,19,23,54,42,0.14285714285714285,neutral
CNFCYICF,4,1,0,0,5,0,0.14285714285714285,neutral
VVYIYDGG,5,7,4,2,12,6,0.14285714285714285,neutral
CLIVVIRC,4,1,0,0,5,0,0.14285714285714285,neutral
IDYNCSYS,14,5,6,6,19,12,0.14285714285714285,neutral
VRCFLCYI,1,4,0,0,5,0,0.14285714285714285,neutral
NLIHGFCL,13,6,4,8,19,12,0.14285714285714285,neutral
HSFHLVVH,21,19,13,17,40,30,0.14285714285714285,neutral
VYCRDVCF,3,2,0,0,5,0,0.14285714285714285,neutral
FRNLCCLL,32,22,18,24,54,42,0.14285714285714285,neutral
VCLVFFFF,3,2,0,0,5,0,0.14285714285714285,neutral
FYCCIHRR,12,7,8,4,19,12,0.14285714285714285,neutral
VCIVDCYV,2,3,0,0,5,0,0.14285714285714285,neutral
VILHCCVR,8,4,1,5,12,6,0.14285714285714285,neutral
GICRGYLC,14,5,2,10,19,12,0.14285714285714285,neutral
LFVFLVRF,2,3,0,0,5,0,0.14285714285714285,neutral
CILCCGGG,16,10,8,10,26,18,0.14285714285714285,neutral
GGCNLGFS,8,4,4,2,12,6,0.14285714285714285,neutral
RFHCDFGL,15,4,3,9,19,12,0.14285714285714285,neutral
YYCGDVFI,30,17,17,19,47,36,0.14285714285714285,neutral
FYCCVYCC,4,1,0,0,5,0,0.14285714285714285,neutral
LCFDYGGS,26,14,11,19,40,30,0.14285714285714285,neutral
CFCHHHGY,3,2,0,0,5,0,0.14285714285714285,neutral
FGDVSSRC,0,5,0,0,5,0,0.14285714285714285,neutral
FCCVRCRI,5,0,0,0,5,0,0.14285714285714285,neutral
CHFDNCFG,34,20,20,22,54,42,0.14285714285714285,neutral
CGLRGVVV,47,35,32,34,82,66,0.14285714285714285,neutral
FCNFFGYR,16,17,11,13,33,24,0.14285714285714285,neutral
FFFNVFLH,3,2,0,0,5,0,0.14285714285714285,neutral
CGRSDLHV,0,5,0,0,5,0,0.14285714285714285,neutral
VFGVCLDG,21,12,12,12,33,24,0.14285714285714285,neutral
NFIVCFFS,3,2,0,0,5,0,0.14285714285714285,neutral
SFDRDNSC,1,4,0,0,5,0,0.14285714285714285,neutral
IGVGYHCR,3,2,0,0,5,0,0.14285714285714285,neutral
YLIRRCFC,4,1,0,0,5,0,0.14285714285714285,neutral
FDLCHFFN,8,4,3,3,12,6,0.14285714285714285,neutral
FHLHGHIV,3,2,0,0,5,0,0.14285714285714285,neutral
VVVCYLCR,3,2,0,0,5,0,0.14285714285714285,neutral
IFRSCFRF,4,1,0,0,5,0,0.14285714285714285,neutral
FFSIFFCV,4,1,0,0,5,0,0.14285714285714285,neutral
DFYGCSYI,8,4,1,5,12,6,0.14285714285714285,neutral
VFYLICCH,1,4,0,0,5,0,0.14285714285714285,neutral
GCCYLINN,12,7,8,4,19,12,0.14285714285714285,neutral
RYCCVCGC,7,5,3,3,12,6,0.14285714285714285,neutral
LFVVYCGC,4,1,0,0,5,0,0.14285714285714285,neutral
GVRIIRIS,5,0,0,0,5,0,0.14285714285714285,neutral
FDNRGIDC,3,2,0,0,5,0,0.14285714285714285,neutral
FYFIRFFF,4,1,0,0,5,0,0.14285714285714285,neutral
RLYLVYVR,3,2,0,0,5,0,0.14285714285714285,neutral
ICCINGVF,25,22,18,18,47,36,0.14285714285714285,neutral
LIGSDCCC,35,19,21,21,54,42,0.14285714285714285,neutral
YIIICGYS,11,8,4,8,19,12,0.14285714285714285,neutral
CYDSGGLG,12,7,5,7,19,12,0.14285714285714285,neutral
CRGVSGFI,0,5,0,0,5,0,0.14285714285714285,neutral
DICHRFFG,8,11,6,6,19,12,0.14285714285714285,neutral
IIGILGYD,23,17,17,13,40,30,0.14285714285714285,neutral
CDGYVYVD,4,1,0,0,5,0,0.14285714285714285,neutral
FYCRCCDH,3,2,0,0,5,0,0.14285714285714285,neutral
LCLVICVY,2,3,0,0,5,0,0.14285714285714285,neutral
FRVHGSFL,8,4,4,2,12,6,0.14285714285714285,neutral
VNSVYSGG,22,11,10,14,33,24,0.14285714285714285,neutral
LFLCVFGF,4,1,0,0,5,0,0.14285714285714285,neutral
FHCICFHC,5,0,0,0,5,0,0.14285714285714285,neutral
CHVDRGCY,10,2,1,5,12,6,0.14285714285714285,neutral
CNVCCYFF,3,2,0,0,5,0,0.14285714285714285,neutral
SNLCHSHN,3,2,0,0,5,0,0.14285714285714285,neutral
LDILYIFC,3,2,0,0,5,0,0.14285714285714285,neutral
FCVSGHVC,2,3,0,0,5,0,0.14285714285714285,neutral
CINVLRRV,1,4,0,0,5,0,0.14285714285714285,neutral
CCGLLDVR,5,0,0,0,5,0,0.14285714285714285,neutral
VGFGSGCG,4,1,0,0,5,0,0.14285714285714285,neutral
CDLLGLLI,1,4,0,0,5,0,0.14285714285714285,neutral
FFDCLCNC,7,5,2,4,12,6,0.14285714285714285,neutral
GCCHRGNC,20,20,17,13,40,30,0.14285714285714285,neutral
FLCFVRCC,3,2,0,0,5,0,0.14285714285714285,neutral
DDGRGCVV,1,4,0,0,5,0,0.14285714285714285,neutral
FCFSGSHG,2,3,0,0,5,0,0.14285714285714285,neutral
VNRNCGYC,24,16,14,16,40,30,0.14285714285714285,neutral
YYHSCGHG,14,12,12,6,26,18,0.14285714285714285,neutral
RLCIYLYI,4,1,0,0,5,0,0.14285714285714285,neutral
IIVICVYH,5,0,0,0,5,0,0.14285714285714285,neutral
CGVLGIHC,18,8,7,11,26,18,0.14285714285714285,neutral
CCHGGFYS,11,8,4,8,19,12,0.14285714285714285,neutral
GDCDSCVY,14,5,6,6,19,12,0.14285714285714285,neutral
CCCCIYLF,2,3,0,0,5,0,0.14285714285714285,neutral
YYDCRLCG,5,0,0,0,5,0,0.14285714285714285,neutral
FCFIGGIR,2,3,0,0,5,0,0.14285714285714285,neutral
RSSVRVCD,1,4,0,0,5,0,0.14285714285714285,neutral
VFVSRHCV,54,49,40,44,103,84,0.14285714285714285,neutral
GGVCNRFL,4,1,0,0,5,0,0.14285714285714285,neutral
SSSCYRYI,3,2,0,0,5,0,0.14285714285714285,neutral
SFIYSSYF,16,10,9,9,26,18,0.14285714285714285,neutral
HFDYDDLC,5,0,0,0,5,0,0.14285714285714285,neutral
HCFVSNVV,19,14,10,14,33,24,0.14285714285714285,neutral
VNDNFHGI,8,4,3,3,12,6,0.14285714285714285,neutral
HCFYYCVC,3,2,0,0,5,0,0.14285714285714285,neutral
CFHCFCSD,10,9,5,7,19,12,0.14285714285714285,neutral
GFYCVNVR,5,0,0,0,5,0,0.14285714285714285,neutral
FYSVIVIF,3,2,0,0,5,0,0.14285714285714285,neutral
FFFYVGRC,4,1,0,0,5,0,0.14285714285714285,neutral
LHRSLCYR,10,2,4,2,12,6,0.14285714285714285,neutral
VCRIISNR,25,15,17,13,40,30,0.14285714285714285,neutral
YCYGDFDC,10,2,1,5,12,6,0.14285714285714285,neutral
RFDHVGCG,46,36,30,36,82,66,0.14285714285714285,neutral
GCVLHYDY,3,2,0,0,5,0,0.14285714285714285,neutral
YVCFFVII,3,2,0,0,5,0,0.14285714285714285,neutral
LCCFGFVF,5,0,0,0,5,0,0.14285714285714285,neutral
FIVDIGIL,7,5,3,3,12,6,0.14285714285714285,neutral
FCCRRNCH,4,1,0,0,5,0,0.14285714285714285,neutral
FDCYFYGS,24,9,11,13,33,24,0.14285714285714285,neutral
YFCCYVLG,3,2,0,0,5,0,0.14285714285714285,neutral
VCYLGCFF,3,2,0,0,5,0,0.14285714285714285,neutral
FGLFCVCI,5,0,0,0,5,0,0.14285714285714285,neutral
FFFFVCIC,2,3,0,0,5,0,0.14285714285714285,neutral
VGRCCYIF,19,7,7,11,26,18,0.14285714285714285,neutral
FIFYVHLC,2,3,0,0,5,0,0.14285714285714285,neutral
VHILHLSV,67,56,48,53,123,101,0.1437908496732026,neutral
FHGDNFRR,59,43,42,41,102,83,0.14393939393939395,neutral
LYSDFFIG,59,43,33,50,102,83,0.14393939393939395,neutral
LLLGCGSG,56,39,33,44,95,77,0.144,neutral
FCSNRDCV,57,38,38,39,95,77,0.144,neutral
VVGGLVVR,47,34,32,33,81,65,0.14414414414414414,neutral
VCLFRNNG,46,28,24,35,74,59,0.14423076923076922,neutral
DFLVLDHG,42,32,23,36,74,59,0.14423076923076922,neutral
RYVCLDGF,45,29,25,34,74,59,0.14423076923076922,neutral
FGSGLDLH,41,26,23,30,67,53,0.14432989690721648,neutral
GLLSYVGS,42,25,22,31,67,53,0.14432989690721648,neutral
VHGFLGSG,40,27,22,31,67,53,0.14432989690721648,neutral
FYGGGIRC,35,25,16,31,60,47,0.14444444444444443,neutral
LGFCGLYV,38,22,20,27,60,47,0.14444444444444443,neutral
HRLLDFVG,32,28,21,26,60,47,0.14444444444444443,neutral
RCFFGNSS,36,24,27,20,60,47,0.14444444444444443,neutral
VYICRGNN,32,28,19,28,60,47,0.14444444444444443,neutral
CYLNSDCG,38,22,21,26,60,47,0.14444444444444443,neutral
FCGGNDYN,39,21,20,27,60,47,0.14444444444444443,neutral
GDCFCGIS,25,28,22,19,53,41,0.14457831325301204,neutral
CGSHLLGD,28,25,16,25,53,41,0.14457831325301204,neutral
CHCFDNFG,30,23,22,19,53,41,0.14457831325301204,neutral
CNLGSYVG,32,21,22,19,53,41,0.14457831325301204,neutral
DGFLCFHI,30,16,18,17,46,35,0.14473684210526316,neutral
RRGFCCNY,32,14,15,20,46,35,0.14473684210526316,neutral
FFNFCVVD,31,15,16,19,46,35,0.14473684210526316,neutral
FHFGFCGC,27,19,20,15,46,35,0.14473684210526316,neutral
IVRGLNFH,29,17,22,13,46,35,0.14473684210526316,neutral
HFSYDHDV,29,17,14,21,46,35,0.14473684210526316,neutral
SFVFVFDD,28,18,20,15,46,35,0.14473684210526316,neutral
FGGFGNHF,27,19,14,21,46,35,0.14473684210526316,neutral
HRFRFLCL,70,52,46,54,122,100,0.14473684210526316,neutral
CCDGDLSL,100,91,74,85,191,159,0.14479638009049775,neutral
FCYGGICL,66,49,42,52,115,94,0.14482758620689656,neutral
GFFGCHRG,65,50,50,44,115,94,0.14482758620689656,neutral
GCGCNSYS,29,10,17,12,39,29,0.14492753623188406,neutral
CSHVCNGC,27,12,16,13,39,29,0.14492753623188406,neutral
CFSRVCFS,29,10,17,12,39,29,0.14492753623188406,neutral
YGRCVLCS,20,19,17,12,39,29,0.14492753623188406,neutral
SCCDYGDH,26,13,13,16,39,29,0.14492753623188406,neutral
ISFVGSCV,22,17,13,16,39,29,0.14492753623188406,neutral
FGFFNDCG,26,13,11,18,39,29,0.14492753623188406,neutral
NDNCYLSC,21,18,16,13,39,29,0.14492753623188406,neutral
GHNNCYHC,21,18,18,11,39,29,0.14492753623188406,neutral
SFYGRGSV,50,51,41,41,101,82,0.1450381679389313,neutral
NYFGCLSC,20,12,11,12,32,23,0.14516129032258066,neutral
LFDNNIVH,22,10,10,13,32,23,0.14516129032258066,neutral
INLGSDDL,49,45,45,31,94,76,0.14516129032258066,neutral
CDDYSCCC,15,17,8,15,32,23,0.14516129032258066,neutral
IIDLSDVR,19,13,11,12,32,23,0.14516129032258066,neutral
NLRDLDDF,16,16,14,9,32,23,0.14516129032258066,neutral
GSFFGVDH,18,14,11,12,32,23,0.14516129032258066,neutral
SLYILDSI,20,12,13,10,32,23,0.14516129032258066,neutral
HLGLDDNI,17,15,11,12,32,23,0.14516129032258066,neutral
GDDDVLCC,80,62,49,68,142,117,0.14534883720930233,neutral
FIYRFVVR,15,10,8,9,25,17,0.14545454545454545,neutral
LNVSLHVV,15,10,11,6,25,17,0.14545454545454545,neutral
RSLCNFRR,49,31,31,33,80,64,0.14545454545454545,neutral
HNVIYRFH,14,11,9,8,25,17,0.14545454545454545,neutral
RSVRCGDD,17,8,11,6,25,17,0.14545454545454545,neutral
CNCYNHHN,19,6,5,12,25,17,0.14545454545454545,neutral
FIHCCDIL,16,9,4,13,25,17,0.14545454545454545,neutral
HLIGCIRC,47,33,36,28,80,64,0.14545454545454545,neutral
IDHRYFFV,15,10,5,12,25,17,0.14545454545454545,neutral
RCCDFYCL,20,5,8,9,25,17,0.14545454545454545,neutral
FVRGCFII,40,40,41,23,80,64,0.14545454545454545,neutral
YSGRCCNC,17,8,5,12,25,17,0.14545454545454545,neutral
YLCCRDRG,43,37,34,30,80,64,0.14545454545454545,neutral
VFVCSGNL,14,11,5,12,25,17,0.14545454545454545,neutral
CVRSCDHY,14,11,5,12,25,17,0.14545454545454545,neutral
DILLCFGL,15,10,12,5,25,17,0.14545454545454545,neutral
YGCYCFVG,13,12,7,10,25,17,0.14545454545454545,neutral
GLFCGNCH,15,10,9,8,25,17,0.14545454545454545,neutral
YFGYSSYF,13,12,8,9,25,17,0.14545454545454545,neutral
HSSFCLCV,42,31,29,29,73,58,0.14563106796116504,neutral
GGNCFRNH,45,28,28,30,73,58,0.14563106796116504,neutral
SYGYLNLR,11,7,5,6,18,11,0.14583333333333334,neutral
HCVNFSSS,14,4,4,7,18,11,0.14583333333333334,neutral
FCNCIRSV,11,7,5,6,18,11,0.14583333333333334,neutral
RYCVYCCC,42,24,24,28,66,52,0.14583333333333334,neutral
LGLGVNSF,10,8,6,5,18,11,0.14583333333333334,neutral
IIGFLVIR,11,7,4,7,18,11,0.14583333333333334,neutral
NILIGNGF,12,6,4,7,18,11,0.14583333333333334,neutral
CFNDCIIC,12,6,7,4,18,11,0.14583333333333334,neutral
GIGCLGGH,11,7,7,4,18,11,0.14583333333333334,neutral
RRSYVCDG,15,3,6,5,18,11,0.14583333333333334,neutral
CGCLRDFC,8,10,5,6,18,11,0.14583333333333334,neutral
CLHSCVNY,7,11,4,7,18,11,0.14583333333333334,neutral
FDVFLHNF,12,6,7,4,18,11,0.14583333333333334,neutral
DVDRSGSG,40,26,27,25,66,52,0.14583333333333334,neutral
DCFLSILH,11,7,7,4,18,11,0.14583333333333334,neutral
IVLGIGIR,36,30,27,25,66,52,0.14583333333333334,neutral
VGHYGDGG,11,7,5,6,18,11,0.14583333333333334,neutral
LLHSGCHV,39,27,22,30,66,52,0.14583333333333334,neutral
FVSRCFVS,40,26,20,32,66,52,0.14583333333333334,neutral
SCILGYGL,11,7,5,6,18,11,0.14583333333333334,neutral
GGCRSSFC,35,31,20,32,66,52,0.14583333333333334,neutral
ICNLSIVF,13,5,4,7,18,11,0.14583333333333334,neutral
VVDFHHIR,39,27,24,28,66,52,0.14583333333333334,neutral
CCYSHSRN,107,96,84,85,203,169,0.1459227467811159,neutral
CGGVHCVL,63,44,47,40,107,87,0.145985401459854,neutral
DSNYIGIS,34,25,25,21,59,46,0.14606741573033707,neutral
SNDVGRFH,39,20,25,21,59,46,0.14606741573033707,neutral
CFVCGRGV,36,23,18,28,59,46,0.14606741573033707,neutral
CCVVSLVD,38,21,22,24,59,46,0.14606741573033707,neutral
INDFFSVD,36,23,17,29,59,46,0.14606741573033707,neutral
CRDDFGGG,30,29,23,23,59,46,0.14606741573033707,neutral
FHYHGLVN,35,24,17,29,59,46,0.14606741573033707,neutral
LFSCFDIV,38,21,20,26,59,46,0.14606741573033707,neutral
CCGDGGCC,36,23,23,23,59,46,0.14606741573033707,neutral
FFYCGIGC,39,20,23,23,59,46,0.14606741573033707,neutral
CNNGVGIF,80,61,62,54,141,116,0.14619883040935672,neutral
CVDFRYGC,9,2,1,4,11,5,0.14634146341463414,neutral
FGFSCYHF,9,2,2,3,11,5,0.14634146341463414,neutral
YFLYYFRH,5,6,1,4,11,5,0.14634146341463414,neutral
LGIFFNCR,10,1,3,2,11,5,0.14634146341463414,neutral
RIGDCGRD,6,5,3,2,11,5,0.14634146341463414,neutral
SYSRLFCH,3,8,2,3,11,5,0.14634146341463414,neutral
DIYGGVLR,28,24,22,18,52,40,0.14634146341463414,neutral
SYDFDLFS,9,2,2,3,11,5,0.14634146341463414,neutral
VCFNCYRN,7,4,3,2,11,5,0.14634146341463414,neutral
FVNGFCGG,7,4,1,4,11,5,0.14634146341463414,neutral
CFDCLCCF,6,5,3,2,11,5,0.14634146341463414,neutral
GFYVCFGN,10,1,1,4,11,5,0.14634146341463414,neutral
CIIFCCFS,7,4,1,4,11,5,0.14634146341463414,neutral
GNRGGSVH,4,7,1,4,11,5,0.14634146341463414,neutral
CLSLCGGY,7,4,3,2,11,5,0.14634146341463414,neutral
FCCLHNVC,5,6,4,1,11,5,0.14634146341463414,neutral
VLCNFYNV,5,6,2,3,11,5,0.14634146341463414,neutral
VCGCRCGH,6,5,3,2,11,5,0.14634146341463414,neutral
ICCSDLFV,7,4,4,1,11,5,0.14634146341463414,neutral
CNCCGIDS,7,4,2,3,11,5,0.14634146341463414,neutral
SYYCSCFR,7,4,3,2,11,5,0.14634146341463414,neutral
CCRFVRRS,3,8,0,5,11,5,0.14634146341463414,neutral
IHLLGSFC,5,6,1,4,11,5,0.14634146341463414,neutral
RDFHICCL,31,21,18,22,52,40,0.14634146341463414,neutral
CLFCSCGS,7,4,2,3,11,5,0.14634146341463414,neutral
GFCGLNVI,6,5,3,2,11,5,0.14634146341463414,neutral
VGCSDHCY,29,23,20,20,52,40,0.14634146341463414,neutral
SGFCVGGF,2,9,4,1,11,5,0.14634146341463414,neutral
DCCILSYF,7,4,3,2,11,5,0.14634146341463414,neutral
FRFICGRY,8,3,2,3,11,5,0.14634146341463414,neutral
FGCCFVLH,33,19,16,24,52,40,0.14634146341463414,neutral
FSCSFSIC,31,21,15,25,52,40,0.14634146341463414,neutral
IICSVHRI,30,22,17,23,52,40,0.14634146341463414,neutral
NYCFFNLC,6,5,2,3,11,5,0.14634146341463414,neutral
INGDYFDH,24,21,20,14,45,34,0.14666666666666667,neutral
IDIGDFGD,28,17,12,22,45,34,0.14666666666666667,neutral
VLGGGFVG,63,57,43,55,120,98,0.14666666666666667,neutral
HLYVNCIS,24,14,15,13,38,28,0.14705882352941177,neutral
GNYGNCSF,17,21,11,17,38,28,0.14705882352941177,neutral
LLGVCCIS,26,12,18,10,38,28,0.14705882352941177,neutral
SICCVGDS,25,13,13,15,38,28,0.14705882352941177,neutral
VFGSIFVI,22,16,18,10,38,28,0.14705882352941177,neutral
IIRGCSYH,22,16,15,13,38,28,0.14705882352941177,neutral
FGDFCGGN,24,14,17,11,38,28,0.14705882352941177,neutral
RCSVCIHG,43,29,30,27,72,57,0.14705882352941177,neutral
VLRYIDRC,23,15,15,13,38,28,0.14705882352941177,neutral
SNRGGGLD,42,30,32,25,72,57,0.14705882352941177,neutral
RYDRGGVC,55,44,34,46,99,80,0.14728682170542637,neutral
SVFRSFSL,42,23,16,35,65,51,0.14736842105263157,neutral
HLFDFVRS,41,24,25,26,65,51,0.14736842105263157,neutral
FRFDHVSV,16,15,14,8,31,22,0.14754098360655737,neutral
SIFVVVDV,16,15,11,11,31,22,0.14754098360655737,neutral
CHFRSCVL,22,9,12,10,31,22,0.14754098360655737,neutral
DSVIRVFD,21,10,9,13,31,22,0.14754098360655737,neutral
FLIHRLGG,23,8,10,12,31,22,0.14754098360655737,neutral
FLFYNHFH,20,11,5,17,31,22,0.14754098360655737,neutral
FRNLICCV,25,6,10,12,31,22,0.14754098360655737,neutral
SFSDCGGG,21,10,12,10,31,22,0.14754098360655737,neutral
YCFIFVVF,16,15,14,8,31,22,0.14754098360655737,neutral
GRFIDFCV,22,9,13,9,31,22,0.14754098360655737,neutral
FVLCSGDD,21,10,11,11,31,22,0.14754098360655737,neutral
YVLCDDSC,15,16,11,11,31,22,0.14754098360655737,neutral
FYCDGFSC,36,22,22,23,58,45,0.14772727272727273,neutral
VGCVCDRR,32,26,20,25,58,45,0.14772727272727273,neutral
HCYSSDSD,28,30,23,22,58,45,0.14772727272727273,neutral
LNFIRSHD,49,36,29,39,85,68,0.14782608695652175,neutral
GRIIDSGD,46,39,29,39,85,68,0.14782608695652175,neutral
IFIVSGHD,50,35,30,38,85,68,0.14782608695652175,neutral
FCRVCGFG,79,60,57,57,139,114,0.14792899408284024,neutral
CFVHVGYC,18,6,4,12,24,16,0.14814814814814814,neutral
CSFFDFFG,16,8,9,7,24,16,0.14814814814814814,neutral
FYHVFCVD,29,22,15,24,51,39,0.14814814814814814,neutral
SLYLYSRD,14,10,9,7,24,16,0.14814814814814814,neutral
FVNHCINC,43,35,30,32,78,62,0.14814814814814814,neutral
SYSFNFCL,17,7,8,8,24,16,0.14814814814814814,neutral
GCCRGHVD,41,37,26,36,78,62,0.14814814814814814,neutral
FYLRFSVC,29,22,20,19,51,39,0.14814814814814814,neutral
VCFGDSFR,33,18,14,25,51,39,0.14814814814814814,neutral
CYYIGNLH,43,35,36,26,78,62,0.14814814814814814,neutral
VVGFDNGL,46,32,24,38,78,62,0.14814814814814814,neutral
DNLDFSGI,34,17,14,25,51,39,0.14814814814814814,neutral
LLCSYYVH,29,22,15,24,51,39,0.14814814814814814,neutral
HFDVSCNF,17,7,5,11,24,16,0.14814814814814814,neutral
YCRHDSLC,13,11,5,11,24,16,0.14814814814814814,neutral
HVLLDSVC,47,31,26,36,78,62,0.14814814814814814,neutral
LRCIIVSD,16,8,3,13,24,16,0.14814814814814814,neutral
NRFNCDLR,68,57,50,52,125,102,0.14838709677419354,neutral
CHRYGIVH,56,42,38,41,98,79,0.1484375,neutral
GLCGGCGG,44,27,22,34,71,56,0.1485148514851485,neutral
CCRVRYHR,44,27,28,28,71,56,0.1485148514851485,neutral
YSDCIILH,25,19,15,18,44,33,0.14864864864864866,neutral
LVVDGVIR,25,19,17,16,44,33,0.14864864864864866,neutral
CDGGFRYS,25,19,18,15,44,33,0.14864864864864866,neutral
GICNGIFC,24,20,12,21,44,33,0.14864864864864866,neutral
SCCCSDCY,29,15,15,18,44,33,0.14864864864864866,neutral
DFVRCYVR,48,43,39,34,91,73,0.1487603305785124,neutral
CFDYCNFF,6,11,6,4,17,10,0.14893617021276595,neutral
RYGGYLRI,9,8,7,3,17,10,0.14893617021276595,neutral
FCCFNGFN,11,6,5,5,17,10,0.14893617021276595,neutral
LYGVYCVS,9,8,4,6,17,10,0.14893617021276595,neutral
FYCNVCCH,12,5,5,5,17,10,0.14893617021276595,neutral
HSFDCCLY,10,7,7,3,17,10,0.14893617021276595,neutral
VCLSGCIV,35,29,21,29,64,50,0.14893617021276595,neutral
CDFCYGVD,36,28,18,32,64,50,0.14893617021276595,neutral
FDGGRCDY,8,9,5,5,17,10,0.14893617021276595,neutral
FGGISRYI,4,13,3,7,17,10,0.14893617021276595,neutral
GSVIFHSC,12,5,4,6,17,10,0.14893617021276595,neutral
CFFSGFLI,12,5,4,6,17,10,0.14893617021276595,neutral
FVHLIVYN,7,10,4,6,17,10,0.14893617021276595,neutral
FVCSLSLC,16,1,6,4,17,10,0.14893617021276595,neutral
VCFVCSYG,13,4,7,3,17,10,0.14893617021276595,neutral
FRNSLDSH,40,24,28,22,64,50,0.14893617021276595,neutral
NCRGLRFV,14,3,4,6,17,10,0.14893617021276595,neutral
FCRCHNHL,10,7,2,8,17,10,0.14893617021276595,neutral
DYRCLGCV,12,5,6,4,17,10,0.14893617021276595,neutral
CIYFGYDI,11,6,7,3,17,10,0.14893617021276595,neutral
LCCDFCHG,11,6,5,5,17,10,0.14893617021276595,neutral
RCFVCSCF,11,6,4,6,17,10,0.14893617021276595,neutral
CGCLCDYR,10,7,5,5,17,10,0.14893617021276595,neutral
CIDLCRVF,39,25,24,26,64,50,0.14893617021276595,neutral
GYVLIVDR,10,7,6,4,17,10,0.14893617021276595,neutral
FVRYSGGL,15,2,7,3,17,10,0.14893617021276595,neutral
LCILNVGC,34,30,26,24,64,50,0.14893617021276595,neutral
YCGSVIND,10,7,2,8,17,10,0.14893617021276595,neutral
RFRFGGFC,51,33,32,35,84,67,0.14912280701754385,neutral
GCFGFFCV,23,14,9,18,37,27,0.14925373134328357,neutral
VCVSLVGH,18,19,14,13,37,27,0.14925373134328357,neutral
CCIRSNCG,24,13,13,14,37,27,0.14925373134328357,neutral
VGLYLGNG,58,46,41,43,104,84,0.14925373134328357,neutral
RCIFIGCH,27,10,11,16,37,27,0.14925373134328357,neutral
YGGGCFCF,16,21,15,12,37,27,0.14925373134328357,neutral
FCDFCFDG,22,15,13,14,37,27,0.14925373134328357,neutral
RRICDGCC,21,16,13,14,37,27,0.14925373134328357,neutral
CRYGGYGV,58,46,35,49,104,84,0.14925373134328357,neutral
LNDCCNCG,26,11,15,12,37,27,0.14925373134328357,neutral
CDYVSRFS,36,21,19,25,57,44,0.14942528735632185,neutral
CFHGGDGG,35,22,17,27,57,44,0.14942528735632185,neutral
CFDVVRSL,33,24,22,22,57,44,0.14942528735632185,neutral
CLYFHRCN,37,20,24,20,57,44,0.14942528735632185,neutral
RSLCNFHV,37,20,25,19,57,44,0.14942528735632185,neutral
HCIRYVCV,36,21,24,20,57,44,0.14942528735632185,neutral
SNLFVSSS,41,36,29,32,77,61,0.14953271028037382,neutral
CVYGHCVD,47,30,32,29,77,61,0.14953271028037382,neutral
VGFSCVSG,48,29,26,35,77,61,0.14953271028037382,neutral
SYDCVYYC,57,40,30,48,97,78,0.14960629921259844,neutral
FSDFRFLH,4,6,3,1,10,4,0.15,neutral
HVCCIGVS,7,3,3,1,10,4,0.15,neutral
YCDFCYCF,6,4,2,2,10,4,0.15,neutral
FYYLRSVF,7,3,1,3,10,4,0.15,neutral
HIVCHVCV,3,7,3,1,10,4,0.15,neutral
YIDSNLFY,21,9,7,14,30,21,0.15,neutral
YHCHYFGC,9,1,1,3,10,4,0.15,neutral
VICLYLDS,7,3,0,4,10,4,0.15,neutral
IIHCFYGF,6,4,1,3,10,4,0.15,neutral
FFVNCDYI,8,2,2,2,10,4,0.15,neutral
VCLHYFVG,7,3,2,2,10,4,0.15,neutral
FFCGIGIN,6,4,1,3,10,4,0.15,neutral
NHDLYSIL,4,6,2,2,10,4,0.15,neutral
LHSLYCFY,8,2,2,2,10,4,0.15,neutral
GLDISGFR,7,3,3,1,10,4,0.15,neutral
YFVSNDDV,22,8,10,11,30,21,0.15,neutral
FFCVLFVL,5,5,0,4,10,4,0.15,neutral
FDSFGNDD,17,13,11,10,30,21,0.15,neutral
FFCCGGCL,7,3,1,3,10,4,0.15,neutral
FCCRYCRC,4,6,1,3,10,4,0.15,neutral
VCGDCSGC,25,25,20,18,50,38,0.15,neutral
NCLYNGFL,7,3,2,2,10,4,0.15,neutral
VGCCRCVH,4,6,3,1,10,4,0.15,neutral
YFLDRVRI,43,27,24,31,70,55,0.15,neutral
IYLYCRDC,21,9,6,15,30,21,0.15,neutral
ISNFNSCF,6,4,2,2,10,4,0.15,neutral
FSFCFGLH,34,16,21,17,50,38,0.15,neutral
FCVDDRCH,34,16,19,19,50,38,0.15,neutral
CLYGCDDG,19,11,12,9,30,21,0.15,neutral
RFHHHVCH,30,20,18,20,50,38,0.15,neutral
HVGVFVHN,33,17,16,22,50,38,0.15,neutral
FRFVGGFV,8,2,3,1,10,4,0.15,neutral
CCSCCVGV,2,8,3,1,10,4,0.15,neutral
FSFRHNHH,16,14,10,11,30,21,0.15,neutral
NCYCRLYH,18,12,10,11,30,21,0.15,neutral
CGILHGFS,20,10,8,13,30,21,0.15,neutral
CRIRVGGD,30,20,20,18,50,38,0.15,neutral
VCFICDGL,6,4,2,2,10,4,0.15,neutral
GRRIINCG,18,12,14,7,30,21,0.15,neutral
RDVRDFCV,32,18,15,23,50,38,0.15,neutral
CIFSVFGR,7,3,2,2,10,4,0.15,neutral
HIYVGHNV,5,5,3,1,10,4,0.15,neutral
RINRHFLR,33,17,20,18,50,38,0.15,neutral
GCGHGIYH,23,27,18,20,50,38,0.15,neutral
CIVNDFSH,27,23,21,17,50,38,0.15,neutral
VGGIYNHL,15,15,13,8,30,21,0.15,neutral
GLLCRDCG,8,2,4,0,10,4,0.15,neutral
VVGNIGHG,30,20,21,17,50,38,0.15,neutral
YFHFLFYD,6,4,3,1,10,4,0.15,neutral
INFGYCCC,5,5,3,1,10,4,0.15,neutral
LYGSGIIG,41,29,24,31,70,55,0.15,neutral
FCRFNCVV,5,5,2,2,10,4,0.15,neutral
VICIYRHV,4,6,0,4,10,4,0.15,neutral
GSFFVVRV,4,6,3,1,10,4,0.15,neutral
ISVIDRYC,6,4,4,0,10,4,0.15,neutral
CFVGDCCC,6,4,1,3,10,4,0.15,neutral
FGCCCCVH,7,3,1,3,10,4,0.15,neutral
ILNFNIHY,5,5,2,2,10,4,0.15,neutral
GGCFGIVC,67,56,49,51,123,100,0.1503267973856209,neutral
HSNIHRFH,43,40,34,32,83,66,0.1504424778761062,neutral
YVCGNCSV,38,25,20,29,63,49,0.15053763440860216,neutral
YVHGVHGV,39,24,27,22,63,49,0.15053763440860216,neutral
GNYGFDDG,37,26,25,24,63,49,0.15053763440860216,neutral
CDFSVLDF,29,14,11,21,43,32,0.1506849315068493,neutral
YGFFCDFV,29,14,16,16,43,32,0.1506849315068493,neutral
FGVLRCLI,28,15,16,16,43,32,0.1506849315068493,neutral
LVLGNCYC,26,17,17,15,43,32,0.1506849315068493,neutral
VIYFDGDN,25,18,12,20,43,32,0.1506849315068493,neutral
FSFILGHC,25,18,20,12,43,32,0.1506849315068493,neutral
ICYGGVFH,14,9,6,9,23,15,0.1509433962264151,neutral
GFCDYLYG,13,10,4,11,23,15,0.1509433962264151,neutral
IIYSRFRF,13,10,6,9,23,15,0.1509433962264151,neutral
HVGHCCVD,72,57,51,54,129,105,0.1509433962264151,neutral
YHFCHGFG,10,13,7,8,23,15,0.1509433962264151,neutral
FICFNGCF,17,6,8,7,23,15,0.1509433962264151,neutral
RLFGYGCS,16,7,6,9,23,15,0.1509433962264151,neutral
CSCGCGDL,13,10,7,8,23,15,0.1509433962264151,neutral
IFRDYCLD,16,7,10,5,23,15,0.1509433962264151,neutral
LGYGDINN,15,8,5,10,23,15,0.1509433962264151,neutral
LISSCCFG,12,11,6,9,23,15,0.1509433962264151,neutral
VFGCLVCH,17,6,6,9,23,15,0.1509433962264151,neutral
FNGVFCCG,14,9,9,6,23,15,0.1509433962264151,neutral
GCDCGCLD,46,30,33,27,76,60,0.1509433962264151,neutral
CVVDVFDF,61,48,39,49,109,88,0.1510791366906475,neutral
FIFNVCDL,33,23,22,21,56,43,0.1511627906976744,neutral
VCVISGGR,35,21,20,23,56,43,0.1511627906976744,neutral
NYIDYLCF,33,23,20,23,56,43,0.1511627906976744,neutral
SRHCLYDV,32,24,15,28,56,43,0.1511627906976744,neutral
FHHCDSSG,53,36,39,32,89,71,0.15126050420168066,neutral
YFYRLVDH,67,55,46,53,122,99,0.1513157894736842,neutral
NGCIGCRF,27,9,14,12,36,26,0.15151515151515152,neutral
CFFDGYGF,23,13,18,8,36,26,0.15151515151515152,neutral
GSFCFSDN,44,25,26,28,69,54,0.15151515151515152,neutral
GDFGVLSF,44,25,29,25,69,54,0.15151515151515152,neutral
LGHRNFGF,21,15,10,16,36,26,0.15151515151515152,neutral
LFNVGSLG,24,12,9,17,36,26,0.15151515151515152,neutral
RFCFIGSL,15,21,11,15,36,26,0.15151515151515152,neutral
FCCNGFSC,42,27,23,31,69,54,0.15151515151515152,neutral
CNSFFISG,20,16,9,17,36,26,0.15151515151515152,neutral
FSNIGYYI,23,13,17,9,36,26,0.15151515151515152,neutral
FLLRNNVV,21,15,12,14,36,26,0.15151515151515152,neutral
CGYNGCGR,46,36,24,41,82,65,0.15178571428571427,neutral
VGGCRLCG,89,72,64,68,161,132,0.1518324607329843,neutral
CHRHLYCL,31,18,20,17,49,37,0.1518987341772152,neutral
HFVGVNRL,32,17,14,23,49,37,0.1518987341772152,neutral
DFDFGSCI,27,22,24,13,49,37,0.1518987341772152,neutral
CISYCVRS,33,16,23,14,49,37,0.1518987341772152,neutral
CFIDDSNG,30,19,16,21,49,37,0.1518987341772152,neutral
CYVFSGRV,33,16,19,18,49,37,0.1518987341772152,neutral
FYNCDSRG,56,39,31,45,95,76,0.152,neutral
SRCFDILH,13,3,3,6,16,9,0.15217391304347827,neutral
LYYFIYDS,10,6,3,6,16,9,0.15217391304347827,neutral
CYCGHVFI,12,4,4,5,16,9,0.15217391304347827,neutral
FSLGHFIH,14,2,3,6,16,9,0.15217391304347827,neutral
FSCFDNLH,9,7,6,3,16,9,0.15217391304347827,neutral
YFSSSCFL,10,6,6,3,16,9,0.15217391304347827,neutral
IYCCLDCG,11,5,4,5,16,9,0.15217391304347827,neutral
DVDHHLCY,9,7,6,3,16,9,0.15217391304347827,neutral
RDCYDSFR,13,3,7,2,16,9,0.15217391304347827,neutral
FGGSYNVD,36,26,22,26,62,48,0.15217391304347827,neutral
FDFCYVDC,9,7,4,5,16,9,0.15217391304347827,neutral
FCGGSSGI,63,45,39,48,108,87,0.15217391304347827,neutral
YLVGRHSF,11,5,6,3,16,9,0.15217391304347827,neutral
NNFRVCIH,39,23,23,25,62,48,0.15217391304347827,neutral
FCGYGHSF,11,5,4,5,16,9,0.15217391304347827,neutral
CIVSYIFH,39,23,19,29,62,48,0.15217391304347827,neutral
LFGLRYRD,8,8,6,3,16,9,0.15217391304347827,neutral
VFCCDFII,10,6,3,6,16,9,0.15217391304347827,neutral
FCFINVGV,38,24,26,22,62,48,0.15217391304347827,neutral
ICFCVCNV,11,5,5,4,16,9,0.15217391304347827,neutral
CVVGLRFV,41,34,36,23,75,59,0.1523809523809524,neutral
IVCSHGGL,43,32,29,30,75,59,0.1523809523809524,neutral
ILGFSDDN,34,41,28,31,75,59,0.1523809523809524,neutral
FNVSSFIV,23,6,11,9,29,20,0.15254237288135594,neutral
LDSYYVYC,20,9,12,8,29,20,0.15254237288135594,neutral
RLCGGYFC,17,12,10,10,29,20,0.15254237288135594,neutral
YFHLLGSI,16,13,11,9,29,20,0.15254237288135594,neutral
VSFCCGIY,21,8,14,6,29,20,0.15254237288135594,neutral
FHHCSRLN,18,11,7,13,29,20,0.15254237288135594,neutral
NSSCGYCH,21,8,7,13,29,20,0.15254237288135594,neutral
LCGLHSCD,15,14,7,13,29,20,0.15254237288135594,neutral
CISLLDFF,21,8,11,9,29,20,0.15254237288135594,neutral
VHDCCSVH,17,12,8,12,29,20,0.15254237288135594,neutral
CHNDCLFG,18,11,8,12,29,20,0.15254237288135594,neutral
FYGYVLDL,21,8,13,7,29,20,0.15254237288135594,neutral
RDLSISYG,19,10,10,10,29,20,0.15254237288135594,neutral
FRRHFCCY,19,10,7,13,29,20,0.15254237288135594,neutral
FHNCYLHS,20,9,8,12,29,20,0.15254237288135594,neutral
ILGCGNNF,19,10,7,13,29,20,0.15254237288135594,neutral
SLGYGFRL,17,12,12,8,29,20,0.15254237288135594,neutral
LSYNHFCY,20,9,9,11,29,20,0.15254237288135594,neutral
CFRCDVFG,60,41,32,49,101,81,0.15267175572519084,neutral
SDILISCN,53,48,40,41,101,81,0.15267175572519084,neutral
GLCNYFLC,20,22,13,18,42,31,0.1527777777777778,neutral
GCCVRFHH,28,14,17,14,42,31,0.1527777777777778,neutral
LLHGGFFV,26,16,16,15,42,31,0.1527777777777778,neutral
HDSCRGYH,26,16,12,19,42,31,0.1527777777777778,neutral
ICCSGVGI,30,12,10,21,42,31,0.1527777777777778,neutral
FGHCGNCR,23,19,15,16,42,31,0.1527777777777778,neutral
FCGVVGCF,29,13,15,16,42,31,0.1527777777777778,neutral
SRGCCVCH,37,18,20,22,55,42,0.15294117647058825,neutral
GSCGVDDF,76,64,58,56,140,114,0.15294117647058825,neutral
HGICDVLD,35,20,21,21,55,42,0.15294117647058825,neutral
CSFLNVHL,34,21,19,23,55,42,0.15294117647058825,neutral
SGHGFVCH,37,18,20,22,55,42,0.15294117647058825,neutral
CCGIINID,31,24,19,23,55,42,0.15294117647058825,neutral
SFLHCCVR,34,21,16,26,55,42,0.15294117647058825,neutral
FFYSGCSL,33,35,23,30,68,53,0.15306122448979592,neutral
HFFFHLSS,45,36,31,33,81,64,0.15315315315315314,neutral
CSRFDLSC,51,43,32,43,94,75,0.1532258064516129,neutral
NLVRSDRF,66,54,53,44,120,97,0.15333333333333332,neutral
ICSVFCNV,67,66,55,53,133,108,0.15337423312883436,neutral
IIDGVVIY,10,12,7,7,22,14,0.15384615384615385,neutral
IFRYDNFY,22,13,9,16,35,25,0.15384615384615385,neutral
YFRRFCCI,3,6,3,0,9,3,0.15384615384615385,neutral
GFVFSVCC,7,2,0,3,9,3,0.15384615384615385,neutral
CFGLFVVD,16,19,13,12,35,25,0.15384615384615385,neutral
HYRCICIF,6,3,0,3,9,3,0.15384615384615385,neutral
IIDGCVGC,6,3,1,2,9,3,0.15384615384615385,neutral
IDFDYGYC,6,3,2,1,9,3,0.15384615384615385,neutral
FYFNDRIF,7,2,1,2,9,3,0.15384615384615385,neutral
VCIGGICD,13,9,8,6,22,14,0.15384615384615385,neutral
YFLFCYSH,4,5,2,1,9,3,0.15384615384615385,neutral
DCLHYFNN,4,5,3,0,9,3,0.15384615384615385,neutral
FFICVFVS,3,6,1,2,9,3,0.15384615384615385,neutral
FDSYFCIN,23,12,8,17,35,25,0.15384615384615385,neutral
GYDHSYDH,33,15,21,15,48,36,0.15384615384615385,neutral
LCVGDDFD,17,5,7,7,22,14,0.15384615384615385,neutral
YVLCFLGC,6,3,2,1,9,3,0.15384615384615385,neutral
LLGLCSCV,17,5,7,7,22,14,0.15384615384615385,neutral
IIFVCSHF,8,1,1,2,9,3,0.15384615384615385,neutral
FIDHGLFC,5,4,2,1,9,3,0.15384615384615385,neutral
VYDRNYFC,3,6,1,2,9,3,0.15384615384615385,neutral
FYRCRSSG,13,9,7,7,22,14,0.15384615384615385,neutral
IHLCCGII,7,2,1,2,9,3,0.15384615384615385,neutral
FSFNICCN,6,3,2,1,9,3,0.15384615384615385,neutral
RGCCGFYG,5,4,3,0,9,3,0.15384615384615385,neutral
DNSSINLY,21,14,11,14,35,25,0.15384615384615385,neutral
NIICCSHV,21,14,12,13,35,25,0.15384615384615385,neutral
NFVVDFHC,7,2,2,1,9,3,0.15384615384615385,neutral
FCCCFDIL,3,6,3,0,9,3,0.15384615384615385,neutral
FSSGIFLY,22,13,15,10,35,25,0.15384615384615385,neutral
FGISCSFY,7,2,1,2,9,3,0.15384615384615385,neutral
FRSHVHFC,7,2,3,0,9,3,0.15384615384615385,neutral
RHVCCGYC,6,3,2,1,9,3,0.15384615384615385,neutral
VVFDIRCV,45,29,33,25,74,58,0.15384615384615385,neutral
GYDSDVVN,14,8,7,7,22,14,0.15384615384615385,neutral
ILFCNVFC,15,7,7,7,22,14,0.15384615384615385,neutral
VLYGSFRS,24,11,12,13,35,25,0.15384615384615385,neutral
LFCDSNFF,31,17,24,12,48,36,0.15384615384615385,neutral
CFFVDVCD,29,19,17,19,48,36,0.15384615384615385,neutral
CFFRICGI,1,8,2,1,9,3,0.15384615384615385,neutral
NRLGYNIV,53,34,32,37,87,69,0.15384615384615385,neutral
SFLVCFLF,5,4,2,1,9,3,0.15384615384615385,neutral
LYGCDCVG,25,10,11,14,35,25,0.15384615384615385,neutral
IVYYSNYF,17,5,7,7,22,14,0.15384615384615385,neutral
VFNINGCV,33,15,16,20,48,36,0.15384615384615385,neutral
GHVCYLDH,6,3,1,2,9,3,0.15384615384615385,neutral
RCIGCNYH,6,3,1,2,9,3,0.15384615384615385,neutral
FSCSISYH,8,1,2,1,9,3,0.15384615384615385,neutral
GHFYGGIH,1,8,0,3,9,3,0.15384615384615385,neutral
FFGCSCLL,4,5,1,2,9,3,0.15384615384615385,neutral
CDFCFGCC,7,2,2,1,9,3,0.15384615384615385,neutral
FFIFGCVL,5,4,1,2,9,3,0.15384615384615385,neutral
VCFRRCVH,11,11,4,10,22,14,0.15384615384615385,neutral
YNCHNNLV,24,11,9,16,35,25,0.15384615384615385,neutral
CIGLNVVD,2,7,2,1,9,3,0.15384615384615385,neutral
VHVSCFLN,30,18,14,22,48,36,0.15384615384615385,neutral
FYLRVCDH,12,10,8,6,22,14,0.15384615384615385,neutral
ICRFIYSD,7,2,2,1,9,3,0.15384615384615385,neutral
GYSRSSDL,18,17,12,13,35,25,0.15384615384615385,neutral
LSSYHNCH,22,13,6,19,35,25,0.15384615384615385,neutral
LHVCFVCG,6,3,1,2,9,3,0.15384615384615385,neutral
DSIIYNYH,13,9,5,9,22,14,0.15384615384615385,neutral
FISIFLHV,6,3,1,2,9,3,0.15384615384615385,neutral
CYGVCRGL,5,4,2,1,9,3,0.15384615384615385,neutral
FFVVYGFC,6,3,1,2,9,3,0.15384615384615385,neutral
HVFRCYIG,24,11,14,11,35,25,0.15384615384615385,neutral
CVIVCVLS,8,1,1,2,9,3,0.15384615384615385,neutral
CHDRFICF,50,37,34,35,87,69,0.15384615384615385,neutral
INFGHYVR,6,3,1,2,9,3,0.15384615384615385,neutral
FCDSSFLV,7,2,1,2,9,3,0.15384615384615385,neutral
DCIRDNFR,22,13,10,15,35,25,0.15384615384615385,neutral
YFCVYGRC,4,5,1,2,9,3,0.15384615384615385,neutral
VIGFVCSH,29,19,15,21,48,36,0.15384615384615385,neutral
IDDSCVGD,59,47,38,47,106,85,0.15441176470588236,neutral
CRFHGFGC,55,38,33,41,93,74,0.15447154471544716,neutral
DICIYGVG,45,35,30,33,80,63,0.15454545454545454,neutral
DCSFIFCV,46,34,33,30,80,63,0.15454545454545454,neutral
NFLHSYSI,42,25,28,24,67,52,0.15463917525773196,neutral
FHFNYLIH,38,29,27,25,67,52,0.15463917525773196,neutral
LRVFSGLS,41,26,25,27,67,52,0.15463917525773196,neutral
LFCDNGCR,35,32,28,24,67,52,0.15463917525773196,neutral
CVFSHCGS,40,27,20,32,67,52,0.15463917525773196,neutral
GNDHRFGF,85,66,65,58,151,123,0.15469613259668508,neutral
FNNYSRVH,31,23,16,25,54,41,0.15476190476190477,neutral
RFIDGDCC,68,57,45,56,125,101,0.15483870967741936,neutral
LFCGCHFG,24,17,12,18,41,30,0.15492957746478872,neutral
FYYLCNGV,29,12,15,15,41,30,0.15492957746478872,neutral
RDFCYGIS,28,13,17,13,41,30,0.15492957746478872,neutral
VGDCLCFC,29,12,18,12,41,30,0.15492957746478872,neutral
FCVGGFVS,27,14,15,15,41,30,0.15492957746478872,neutral
YGGFGSNC,24,17,13,17,41,30,0.15492957746478872,neutral
CIGSYNCN,57,42,36,43,99,79,0.15503875968992248,neutral
CFSNHVCF,20,8,9,10,28,19,0.15517241379310345,neutral
CFISDLDF,22,6,9,10,28,19,0.15517241379310345,neutral
CFSSRCNF,18,10,5,14,28,19,0.15517241379310345,neutral
DCCLLGFF,15,13,7,12,28,19,0.15517241379310345,neutral
HRGLGDGF,17,11,12,7,28,19,0.15517241379310345,neutral
ILDCCCSD,19,9,13,6,28,19,0.15517241379310345,neutral
LCFRVCRN,16,12,9,10,28,19,0.15517241379310345,neutral
SHVCLSIL,16,12,8,11,28,19,0.15517241379310345,neutral
CGFCGDHI,14,14,12,7,28,19,0.15517241379310345,neutral
VCHISYFC,14,14,10,9,28,19,0.15517241379310345,neutral
FLRGCCCH,19,9,7,12,28,19,0.15517241379310345,neutral
DCCCGVYG,17,11,7,12,28,19,0.15517241379310345,neutral
FFDIFCNL,17,11,10,9,28,19,0.15517241379310345,neutral
FYRLICNG,17,11,3,16,28,19,0.15517241379310345,neutral
FGCFCFCD,23,5,5,14,28,19,0.15517241379310345,neutral
NRVLSLCG,17,11,14,5,28,19,0.15517241379310345,neutral
YCVGGSCC,19,9,8,11,28,19,0.15517241379310345,neutral
DSYLCCSI,18,10,8,11,28,19,0.15517241379310345,neutral
FSVHSFGG,15,13,8,11,28,19,0.15517241379310345,neutral
VVCSFNGG,46,27,31,26,73,57,0.1553398058252427,neutral
FLDRGVHC,43,30,28,29,73,57,0.1553398058252427,neutral
CCVVHGIR,44,29,25,32,73,57,0.1553398058252427,neutral
LHCRRFCG,62,56,42,53,118,95,0.1554054054054054,neutral
VVSFGDCV,8,7,4,4,15,8,0.15555555555555556,neutral
RHNDDGFD,4,11,2,6,15,8,0.15555555555555556,neutral
CICGVVLS,10,5,4,4,15,8,0.15555555555555556,neutral
YCGGIRLI,38,22,19,27,60,46,0.15555555555555556,neutral
CLGGCFRF,11,4,2,6,15,8,0.15555555555555556,neutral
IGVGICGC,35,25,18,28,60,46,0.15555555555555556,neutral
FGDLDVDV,9,6,1,7,15,8,0.15555555555555556,neutral
HVHLVGFI,39,21,19,27,60,46,0.15555555555555556,neutral
CFDFRFIC,7,8,6,2,15,8,0.15555555555555556,neutral
LNHCGSSG,33,27,25,21,60,46,0.15555555555555556,neutral
HCNYSFHH,8,7,2,6,15,8,0.15555555555555556,neutral
HSLFRNGG,9,6,6,2,15,8,0.15555555555555556,neutral
VNFGSFFC,6,9,5,3,15,8,0.15555555555555556,neutral
LGIDFRCC,13,2,2,6,15,8,0.15555555555555556,neutral
IRINYIRC,9,6,5,3,15,8,0.15555555555555556,neutral
SVCRVVLL,9,6,5,3,15,8,0.15555555555555556,neutral
LSICVDFS,8,7,6,2,15,8,0.15555555555555556,neutral
FRCRRDCF,59,46,38,46,105,84,0.15555555555555556,neutral
YYFGVVHY,7,8,3,5,15,8,0.15555555555555556,neutral
CGDFVNFI,10,5,4,4,15,8,0.15555555555555556,neutral
IYLICSCI,11,4,4,4,15,8,0.15555555555555556,neutral
FIDLSYGC,38,22,25,21,60,46,0.15555555555555556,neutral
YIDLCIYH,12,3,3,5,15,8,0.15555555555555556,neutral
VFIFLVHY,6,9,4,4,15,8,0.15555555555555556,neutral
VCYVYDDD,7,8,4,4,15,8,0.15555555555555556,neutral
DCLRFVYI,9,6,5,3,15,8,0.15555555555555556,neutral
IFGIGGGD,32,28,26,20,60,46,0.15555555555555556,neutral
CSFIINCF,8,7,5,3,15,8,0.15555555555555556,neutral
FGNIYGRI,55,37,42,31,92,73,0.1557377049180328,neutral
NFRGRYDL,32,15,9,26,47,35,0.15584415584415584,neutral
YLVLRNGD,32,15,11,24,47,35,0.15584415584415584,neutral
VCVSSGGD,23,24,20,15,47,35,0.15584415584415584,neutral
CNGFCVNG,23,24,23,12,47,35,0.15584415584415584,neutral
SNGLFFVG,26,21,14,21,47,35,0.15584415584415584,neutral
VVDDVVRY,33,14,17,18,47,35,0.15584415584415584,neutral
FIRHVCYF,29,18,17,18,47,35,0.15584415584415584,neutral
NFFGLLGC,30,17,12,23,47,35,0.15584415584415584,neutral
GCDSFCFG,24,23,23,12,47,35,0.15584415584415584,neutral
RNRNNRVR,44,35,30,32,79,62,0.1559633027522936,neutral
FFGRCCNL,47,32,32,30,79,62,0.1559633027522936,neutral
RYHCHCHV,44,35,23,39,79,62,0.1559633027522936,neutral
FLFCYNYH,40,39,36,26,79,62,0.1559633027522936,neutral
LVDCIIVH,47,32,32,30,79,62,0.1559633027522936,neutral
VVCYDCSL,13,21,12,12,34,24,0.15625,neutral
ISLICCGV,41,25,28,23,66,51,0.15625,neutral
HIFCHGNC,22,12,8,16,34,24,0.15625,neutral
VFDISIIS,39,27,19,32,66,51,0.15625,neutral
YYGLGFYS,18,16,11,13,34,24,0.15625,neutral
GFCDCGNG,19,15,12,12,34,24,0.15625,neutral
VRCRCYGD,17,17,16,8,34,24,0.15625,neutral
CCLDHGDH,35,31,23,28,66,51,0.15625,neutral
SCVCHLGC,18,16,11,13,34,24,0.15625,neutral
FFCCDYFN,19,15,10,14,34,24,0.15625,neutral
FCCCDGSG,52,33,28,39,85,67,0.1565217391304348,neutral
VCGVYNNC,36,17,18,22,53,40,0.1566265060240964,neutral
DSICSICC,25,28,25,15,53,40,0.1566265060240964,neutral
YSFRSLFC,32,21,17,23,53,40,0.1566265060240964,neutral
YVCSHHGC,28,25,23,17,53,40,0.1566265060240964,neutral
VVRCCDNC,30,23,22,18,53,40,0.1566265060240964,neutral
VNVCLRCD,35,18,17,23,53,40,0.1566265060240964,neutral
INVGVIIS,87,68,56,70,155,126,0.15675675675675677,neutral
DSFVDVIV,10,11,7,6,21,13,0.1568627450980392,neutral
CYYVDDDR,15,6,4,9,21,13,0.1568627450980392,neutral
RVIYSCDF,13,8,7,6,21,13,0.1568627450980392,neutral
LLFCGLRC,15,6,10,3,21,13,0.1568627450980392,neutral
CYSCIDFG,15,6,5,8,21,13,0.1568627450980392,neutral
VCFCSDGG,45,27,33,23,72,56,0.1568627450980392,neutral
SCVCGIRH,17,4,5,8,21,13,0.1568627450980392,neutral
YNIFSHYC,13,8,8,5,21,13,0.1568627450980392,neutral
DCFDIHFN,9,12,7,6,21,13,0.1568627450980392,neutral
DGYSFVGL,11,10,4,9,21,13,0.1568627450980392,neutral
FSNSCCVI,10,11,6,7,21,13,0.1568627450980392,neutral
CHLRVLCG,11,10,5,8,21,13,0.1568627450980392,neutral
RCICDVFD,40,32,24,32,72,56,0.1568627450980392,neutral
GDGLVGFV,69,54,44,55,123,99,0.1568627450980392,neutral
VCISGCGV,10,11,6,7,21,13,0.1568627450980392,neutral
CRYHDFVS,13,8,6,7,21,13,0.1568627450980392,neutral
VFIFDVCC,16,5,4,9,21,13,0.1568627450980392,neutral
CFICSSNV,28,12,12,17,40,29,0.15714285714285714,neutral
VHVVCHSL,25,15,21,8,40,29,0.15714285714285714,neutral
GCCYGVLH,26,14,12,17,40,29,0.15714285714285714,neutral
VCCRIVRG,25,15,19,10,40,29,0.15714285714285714,neutral
VRFGLCCD,61,49,38,50,110,88,0.15714285714285714,neutral
NIHYVNIH,29,11,16,13,40,29,0.15714285714285714,neutral
GYFCRNSI,26,14,13,16,40,29,0.15714285714285714,neutral
CVFDVFGV,23,17,15,14,40,29,0.15714285714285714,neutral
GILYGRIN,27,13,12,17,40,29,0.15714285714285714,neutral
YGGCCLNG,24,16,14,15,40,29,0.15714285714285714,neutral
SRLSSYCF,27,13,13,16,40,29,0.15714285714285714,neutral
FVFGGSVS,28,12,20,9,40,29,0.15714285714285714,neutral
CCRYFGFI,39,20,23,22,59,45,0.15730337078651685,neutral
LYHSGRHG,36,23,25,20,59,45,0.15730337078651685,neutral
NHYSCGVL,38,21,15,30,59,45,0.15730337078651685,neutral
NHIVCGFS,38,21,19,26,59,45,0.15730337078651685,neutral
NFRFFVDG,30,29,21,24,59,45,0.15730337078651685,neutral
IISHCGLG,36,23,19,26,59,45,0.15730337078651685,neutral
CFSCRSGF,39,20,13,32,59,45,0.15730337078651685,neutral
VFGFVLHR,35,24,16,29,59,45,0.15730337078651685,neutral
CSGYNSRF,43,35,32,29,78,61,0.1574074074074074,neutral
NLYSNSYS,45,33,25,36,78,61,0.1574074074074074,neutral
GSIGFCSR,43,35,27,34,78,61,0.1574074074074074,neutral
VVCGGFGC,44,34,33,28,78,61,0.1574074074074074,neutral
NINVVSHF,45,33,29,32,78,61,0.1574074074074074,neutral
GCHVHVYS,40,25,27,23,65,50,0.15789473684210525,neutral
CYFDCRNN,30,16,13,21,46,34,0.15789473684210525,neutral
RHVCFVDI,20,7,7,11,27,18,0.15789473684210525,neutral
IDRLVFHH,18,9,7,11,27,18,0.15789473684210525,neutral
SSGYGCHC,3,5,1,1,8,2,0.15789473684210525,neutral
FYFNNGRF,5,3,1,1,8,2,0.15789473684210525,neutral
VFCLCFHC,7,1,1,1,8,2,0.15789473684210525,neutral
SGLGYLGR,27,19,17,17,46,34,0.15789473684210525,neutral
GHFGSFDG,0,8,0,2,8,2,0.15789473684210525,neutral
CISNYLVR,28,18,24,10,46,34,0.15789473684210525,neutral
YHVYDCRH,5,3,2,0,8,2,0.15789473684210525,neutral
SFLFSDLF,16,11,8,10,27,18,0.15789473684210525,neutral
LLFCLVCV,5,3,0,2,8,2,0.15789473684210525,neutral
LGFIVVFL,5,3,2,0,8,2,0.15789473684210525,neutral
VFGSHLDN,49,35,30,36,84,66,0.15789473684210525,neutral
HFGIRLGI,31,15,18,16,46,34,0.15789473684210525,neutral
IFGVCGFD,41,24,30,20,65,50,0.15789473684210525,neutral
VYVHRDGV,21,6,12,6,27,18,0.15789473684210525,neutral
FFILVCCC,5,3,1,1,8,2,0.15789473684210525,neutral
FFCVLYFR,8,0,1,1,8,2,0.15789473684210525,neutral
CVHDYFCC,5,3,1,1,8,2,0.15789473684210525,neutral
DSSVIGSG,29,17,18,16,46,34,0.15789473684210525,neutral
YCCSCLFH,7,1,1,1,8,2,0.15789473684210525,neutral
GVFCNCGC,15,12,7,11,27,18,0.15789473684210525,neutral
YCCYINSC,32,14,13,21,46,34,0.15789473684210525,neutral
NNCFFGDG,16,11,5,13,27,18,0.15789473684210525,neutral
IICCRHYY,4,4,1,1,8,2,0.15789473684210525,neutral
CRFDCCVG,6,2,2,0,8,2,0.15789473684210525,neutral
LICYFYIH,6,2,0,2,8,2,0.15789473684210525,neutral
NSGNSDVV,6,2,0,2,8,2,0.15789473684210525,neutral
CGCVCGRH,7,1,2,0,8,2,0.15789473684210525,neutral
FNFCFINF,6,2,2,0,8,2,0.15789473684210525,neutral
FYVGLVID,6,2,1,1,8,2,0.15789473684210525,neutral
CSCVRCDV,19,8,12,6,27,18,0.15789473684210525,neutral
FCRDFSVG,28,18,16,18,46,34,0.15789473684210525,neutral
FFCFDDYV,3,5,1,1,8,2,0.15789473684210525,neutral
HFGFFICY,4,4,1,1,8,2,0.15789473684210525,neutral
CVCYHFRG,5,3,0,2,8,2,0.15789473684210525,neutral
VFYIGCFG,5,3,2,0,8,2,0.15789473684210525,neutral
FDVSIVLC,6,2,0,2,8,2,0.15789473684210525,neutral
LCFVDCVL,5,3,2,0,8,2,0.15789473684210525,neutral
NYYSNCGC,6,2,1,1,8,2,0.15789473684210525,neutral
RRVDGHHY,30,16,12,22,46,34,0.15789473684210525,neutral
CFSFYSCN,16,11,8,10,27,18,0.15789473684210525,neutral
NYGYGLRL,19,8,11,7,27,18,0.15789473684210525,neutral
FFFFIFFC,3,5,1,1,8,2,0.15789473684210525,neutral
FYSLCCRD,3,5,0,2,8,2,0.15789473684210525,neutral
SGCCDNCI,48,36,26,40,84,66,0.15789473684210525,neutral
CNFFVNLY,18,9,6,12,27,18,0.15789473684210525,neutral
FNFRCVFV,6,2,0,2,8,2,0.15789473684210525,neutral
GSVCYFGN,3,5,2,0,8,2,0.15789473684210525,neutral
CDGGLLCG,48,36,30,36,84,66,0.15789473684210525,neutral
CYVDGYFY,7,1,1,1,8,2,0.15789473684210525,neutral
FNVYGVFR,5,3,1,1,8,2,0.15789473684210525,neutral
RYCIYVHC,5,3,2,0,8,2,0.15789473684210525,neutral
FRNCCYVL,6,2,1,1,8,2,0.15789473684210525,neutral
CRCYYFYH,6,2,1,1,8,2,0.15789473684210525,neutral
FFYIYGCN,6,2,1,1,8,2,0.15789473684210525,neutral
CGCYYGRV,40,25,23,27,65,50,0.15789473684210525,neutral
SSVCFDGF,6,2,1,1,8,2,0.15789473684210525,neutral
FFCCGLCG,6,2,1,1,8,2,0.15789473684210525,neutral
VFFFICCC,4,4,0,2,8,2,0.15789473684210525,neutral
FGGCCGHG,5,3,2,0,8,2,0.15789473684210525,neutral
LRGGCFSC,7,1,2,0,8,2,0.15789473684210525,neutral
DFFIIFVC,6,2,1,1,8,2,0.15789473684210525,neutral
LFFLFDGL,4,4,0,2,8,2,0.15789473684210525,neutral
VYVCYRDF,4,4,1,1,8,2,0.15789473684210525,neutral
DSFVCFII,6,2,1,1,8,2,0.15789473684210525,neutral
FCFCHCCI,4,4,1,1,8,2,0.15789473684210525,neutral
CICVVHGC,14,13,9,9,27,18,0.15789473684210525,neutral
FNCDCDGC,62,47,47,40,109,87,0.15827338129496402,neutral
HRYRDVCV,45,26,29,26,71,55,0.15841584158415842,neutral
DCGLYDGD,38,33,22,33,71,55,0.15841584158415842,neutral
VYVDFCVC,44,27,25,30,71,55,0.15841584158415842,neutral
HCFDVCYY,41,30,27,28,71,55,0.15841584158415842,neutral
FLCGSSVR,29,23,19,20,52,39,0.15853658536585366,neutral
VNFGIINF,28,24,17,22,52,39,0.15853658536585366,neutral
DLVGCVFV,35,17,21,18,52,39,0.15853658536585366,neutral
RSYGGSCG,32,20,15,24,52,39,0.15853658536585366,neutral
LDRNGISY,67,67,46,62,134,108,0.15853658536585366,neutral
LGCFSFVV,31,21,17,22,52,39,0.15853658536585366,neutral
CHFLNGLD,28,24,25,14,52,39,0.15853658536585366,neutral
IHSVIGGS,61,54,44,48,115,92,0.15862068965517243,neutral
LCDDRRRF,25,8,11,12,33,23,0.15873015873015872,neutral
YRIGRGCI,56,40,36,40,96,76,0.15873015873015872,neutral
CFGFFYSN,23,10,8,15,33,23,0.15873015873015872,neutral
NFLILSNR,24,9,8,15,33,23,0.15873015873015872,neutral
VYVDNHGR,55,41,33,43,96,76,0.15873015873015872,neutral
FDRIGFVC,23,10,15,8,33,23,0.15873015873015872,neutral
FYCDHFCH,17,16,10,13,33,23,0.15873015873015872,neutral
FIDICFGC,23,10,14,9,33,23,0.15873015873015872,neutral
CIRVDVCL,19,14,7,16,33,23,0.15873015873015872,neutral
LLLHVGSN,41,36,31,29,77,60,0.1588785046728972,neutral
FSLIVGCD,46,31,22,38,77,60,0.1588785046728972,neutral
VHVLISGG,47,30,25,35,77,60,0.1588785046728972,neutral
VYGDFSCN,46,31,30,30,77,60,0.1588785046728972,neutral
IGICFLGS,48,29,30,30,77,60,0.1588785046728972,neutral
LVNDDLCD,48,29,26,34,77,60,0.1588785046728972,neutral
FFDDIVCS,11,3,3,4,14,7,0.1590909090909091,neutral
LGHCVRLL,7,7,5,2,14,7,0.1590909090909091,neutral
CLGFGLIY,9,5,3,4,14,7,0.1590909090909091,neutral
FNCHRICH,35,23,21,23,58,44,0.1590909090909091,neutral
VCFVDFGI,35,23,13,31,58,44,0.1590909090909091,neutral
IRDNIYGR,34,24,19,25,58,44,0.1590909090909091,neutral
FRVFGSCG,35,23,22,22,58,44,0.1590909090909091,neutral
RFICCRHD,8,6,3,4,14,7,0.1590909090909091,neutral
INHCVCCF,8,6,4,3,14,7,0.1590909090909091,neutral
RNDCRFDI,34,24,20,24,58,44,0.1590909090909091,neutral
YCNYCNLR,12,2,2,5,14,7,0.1590909090909091,neutral
IFYFSVSF,8,6,3,4,14,7,0.1590909090909091,neutral
CHCCRYNV,0,14,4,3,14,7,0.1590909090909091,neutral
YIRCRCCR,9,5,5,2,14,7,0.1590909090909091,neutral
FYCVLDYF,10,4,4,3,14,7,0.1590909090909091,neutral
YYIRGINC,9,5,2,5,14,7,0.1590909090909091,neutral
CCCLHFGH,9,5,3,4,14,7,0.1590909090909091,neutral
SCIGVYCI,6,8,2,5,14,7,0.1590909090909091,neutral
RYFNCYSC,10,4,6,1,14,7,0.1590909090909091,neutral
RNSHCCDF,8,6,4,3,14,7,0.1590909090909091,neutral
GYVDVGYF,4,10,2,5,14,7,0.1590909090909091,neutral
CVSCVRCG,9,5,3,4,14,7,0.1590909090909091,neutral
SDIYSSSY,9,5,2,5,14,7,0.1590909090909091,neutral
YYYGDFYS,8,6,3,4,14,7,0.1590909090909091,neutral
IYGVFCGF,9,5,5,2,14,7,0.1590909090909091,neutral
VRCDCIFD,10,4,4,3,14,7,0.1590909090909091,neutral
CIFRYSSC,11,3,1,6,14,7,0.1590909090909091,neutral
RLSNDSHF,29,29,20,24,58,44,0.1590909090909091,neutral
IVCYCGGV,9,5,2,5,14,7,0.1590909090909091,neutral
CSFIINCI,5,9,4,3,14,7,0.1590909090909091,neutral
FYYVHGCG,9,5,3,4,14,7,0.1590909090909091,neutral
CIGVNCYG,47,36,27,38,83,65,0.1592920353982301,neutral
IILCGLVG,43,40,30,35,83,65,0.1592920353982301,neutral
CHRVCGGF,49,34,27,38,83,65,0.1592920353982301,neutral
FFSDVYYI,26,13,9,19,39,28,0.15942028985507245,neutral
CNLRSFGG,25,14,15,13,39,28,0.15942028985507245,neutral
ICFFCFRS,29,10,14,14,39,28,0.15942028985507245,neutral
FHHSFVRF,29,10,16,12,39,28,0.15942028985507245,neutral
RFCCYDIL,21,18,11,17,39,28,0.15942028985507245,neutral
NCHGVVYG,26,13,19,9,39,28,0.15942028985507245,neutral
YFSCFSVG,20,19,16,12,39,28,0.15942028985507245,neutral
FINNYDIF,25,14,15,13,39,28,0.15942028985507245,neutral
GDGLFSGI,122,105,87,99,227,186,0.15953307392996108,neutral
GVCGGGHY,32,32,20,29,64,49,0.1595744680851064,neutral
FFVVDSGD,37,27,22,27,64,49,0.1595744680851064,neutral
FFRCYGDG,40,24,25,24,64,49,0.1595744680851064,neutral
LCSVLSGG,40,24,24,25,64,49,0.1595744680851064,neutral
CYGSYHDY,39,25,22,27,64,49,0.1595744680851064,neutral
VCDCVHNC,39,25,23,26,64,49,0.1595744680851064,neutral
GVGIFYRC,54,35,27,43,89,70,0.15966386554621848,neutral
FGSDVLGD,52,37,38,32,89,70,0.15966386554621848,neutral
GFLSGFVD,28,17,14,19,45,33,0.16,neutral
ICSCHGGS,6,14,4,8,20,12,0.16,neutral
GFRFDYVR,14,6,6,6,20,12,0.16,neutral
FFVFGRRR,28,17,13,20,45,33,0.16,neutral
YNFCIDLG,13,7,7,5,20,12,0.16,neutral
ICCLHDDH,14,6,5,7,20,12,0.16,neutral
RSVVRYLF,41,29,25,29,70,54,0.16,neutral
FYYGCSGY,12,8,1,11,20,12,0.16,neutral
DFFHVFHL,9,11,7,5,20,12,0.16,neutral
FSFYYHIR,13,7,4,8,20,12,0.16,neutral
GGVRFVGR,13,7,7,5,20,12,0.16,neutral
FIDFGCNC,12,8,3,9,20,12,0.16,neutral
HGDRYRFG,13,7,6,6,20,12,0.16,neutral
DGICFCIN,14,6,5,7,20,12,0.16,neutral
SSYCGRLG,9,11,5,7,20,12,0.16,neutral
IVRRINGY,30,15,17,16,45,33,0.16,neutral
LNCCFGVN,14,6,2,10,20,12,0.16,neutral
FLNCFGSL,12,8,10,2,20,12,0.16,neutral
IFNHCCIH,14,6,4,8,20,12,0.16,neutral
HDCYFYLS,53,42,31,44,95,75,0.16,neutral
NSCNCNNL,43,27,18,36,70,54,0.16,neutral
IFSRVYSC,16,4,6,6,20,12,0.16,neutral
SSLCLFGC,11,9,4,8,20,12,0.16,neutral
YYDCCYIR,29,16,16,17,45,33,0.16,neutral
VYCNRRFC,41,29,20,34,70,54,0.16,neutral
FYLSHICS,31,14,23,10,45,33,0.16,neutral
CDCFHNDG,23,22,15,18,45,33,0.16,neutral
VSHCGCYH,31,14,17,16,45,33,0.16,neutral
NGCICFDS,47,29,28,31,76,59,0.16037735849056603,neutral
ISVSRLFH,29,22,25,13,51,38,0.16049382716049382,neutral
SYVCIDLS,34,17,24,14,51,38,0.16049382716049382,neutral
SVLNHGFG,33,18,22,16,51,38,0.16049382716049382,neutral
IFVCGVGI,31,20,15,23,51,38,0.16049382716049382,neutral
GLSDSCVL,31,20,17,21,51,38,0.16049382716049382,neutral
LVCCCSDY,12,14,7,10,26,17,0.16071428571428573,neutral
IGGDNFDC,20,6,7,10,26,17,0.16071428571428573,neutral
CYISCGFF,15,11,9,8,26,17,0.16071428571428573,neutral
FCIGRIHC,19,7,7,10,26,17,0.16071428571428573,neutral
VINFSLHH,13,13,8,9,26,17,0.16071428571428573,neutral
DCSYLYDN,14,12,7,10,26,17,0.16071428571428573,neutral
FIGYFNLI,13,13,5,12,26,17,0.16071428571428573,neutral
GIHGYFVC,48,34,30,34,82,64,0.16071428571428573,neutral
HDYGIYIG,20,6,9,8,26,17,0.16071428571428573,neutral
VSFVGCSD,16,10,3,14,26,17,0.16071428571428573,neutral
YFHGNGCD,49,33,27,37,82,64,0.16071428571428573,neutral
NVVIGFVC,17,9,7,10,26,17,0.16071428571428573,neutral
IRFVYVYR,15,11,6,11,26,17,0.16071428571428573,neutral
DSCFNCIN,16,10,6,11,26,17,0.16071428571428573,neutral
FDDCIVGR,50,32,32,32,82,64,0.16071428571428573,neutral
YYYLRLDH,15,11,5,12,26,17,0.16071428571428573,neutral
NYVLSIVG,50,32,35,29,82,64,0.16071428571428573,neutral
CGSFSLDH,18,8,6,11,26,17,0.16071428571428573,neutral
GCDFVVLY,18,8,4,13,26,17,0.16071428571428573,neutral
FFDDGIFY,16,10,11,6,26,17,0.16071428571428573,neutral
RLVFDFCG,33,24,16,27,57,43,0.16091954022988506,neutral
DFDCYGFS,34,23,20,23,57,43,0.16091954022988506,neutral
ICRVGYHC,34,23,16,27,57,43,0.16091954022988506,neutral
CGCSIFVN,34,23,20,23,57,43,0.16091954022988506,neutral
CYCRGGNC,35,22,25,18,57,43,0.16091954022988506,neutral
CSVCGFRY,33,24,29,14,57,43,0.16091954022988506,neutral
LDIRYHYF,34,23,21,22,57,43,0.16091954022988506,neutral
VCCGGFND,36,21,16,27,57,43,0.16091954022988506,neutral
CSNINFVD,21,11,8,14,32,22,0.16129032258064516,neutral
YCHFLHYH,25,7,13,9,32,22,0.16129032258064516,neutral
IHHCCDYC,17,15,7,15,32,22,0.16129032258064516,neutral
RCSLYGHV,39,24,22,26,63,48,0.16129032258064516,neutral
FVNRDDIC,24,8,8,14,32,22,0.16129032258064516,neutral
LNDIGGLR,23,9,8,14,32,22,0.16129032258064516,neutral
DNFNLDGR,40,23,24,24,63,48,0.16129032258064516,neutral
YGDCLGVG,20,12,12,10,32,22,0.16129032258064516,neutral
FRDDRRFV,50,44,36,38,94,74,0.16129032258064516,neutral
RSSHIGCC,19,13,16,6,32,22,0.16129032258064516,neutral
CFDDNCHH,54,40,36,38,94,74,0.16129032258064516,neutral
DVVFGLVH,18,14,12,10,32,22,0.16129032258064516,neutral
DGRCCYSV,40,23,25,23,63,48,0.16129032258064516,neutral
IICGIGCN,22,10,10,12,32,22,0.16129032258064516,neutral
NVYYSSCD,22,10,9,13,32,22,0.16129032258064516,neutral
LCSVSNFG,23,9,9,13,32,22,0.16129032258064516,neutral
VIVNCFCN,43,26,18,35,69,53,0.16161616161616163,neutral
FNDSIFSY,44,25,26,27,69,53,0.16161616161616163,neutral
CDDDCLNF,39,30,24,29,69,53,0.16161616161616163,neutral
VHNGGVGF,43,26,17,36,69,53,0.16161616161616163,neutral
HGGFHCGI,32,37,22,31,69,53,0.16161616161616163,neutral
VNVFRRDD,34,35,17,36,69,53,0.16161616161616163,neutral
NGICRDCC,43,26,25,28,69,53,0.16161616161616163,neutral
CIVNCGVY,26,12,16,11,38,27,0.16176470588235295,neutral
VSFDLCIS,21,17,14,13,38,27,0.16176470588235295,neutral
VHFSFVGD,23,15,10,17,38,27,0.16176470588235295,neutral
FRHCDLIC,27,11,15,12,38,27,0.16176470588235295,neutral
RVYGHGGG,22,16,8,19,38,27,0.16176470588235295,neutral
YVHHVCCF,21,17,18,9,38,27,0.16176470588235295,neutral
CFHCDLIH,20,18,9,18,38,27,0.16176470588235295,neutral
YNYFVFHG,25,13,8,19,38,27,0.16176470588235295,neutral
DHYNYVFC,26,12,10,17,38,27,0.16176470588235295,neutral
CSGGCNGC,19,19,18,9,38,27,0.16176470588235295,neutral
FSHGICVH,25,13,13,14,38,27,0.16176470588235295,neutral
CIGDIFCF,26,12,12,15,38,27,0.16176470588235295,neutral
FCCGDHDI,21,17,13,14,38,27,0.16176470588235295,neutral
CCYYDFVN,26,12,12,15,38,27,0.16176470588235295,neutral
GVSHYRFC,23,15,16,11,38,27,0.16176470588235295,neutral
FFFFLHIC,5,2,0,1,7,1,0.16216216216216217,neutral
ICVYVRSR,4,3,1,0,7,1,0.16216216216216217,neutral
SDGYYRCF,4,3,0,1,7,1,0.16216216216216217,neutral
VFCLFNIV,3,4,0,1,7,1,0.16216216216216217,neutral
FCVVIFVI,3,4,0,1,7,1,0.16216216216216217,neutral
CCFHGVLL,6,1,0,1,7,1,0.16216216216216217,neutral
IYCIGYYL,4,3,0,1,7,1,0.16216216216216217,neutral
FGFGCFVC,50,31,34,29,81,63,0.16216216216216217,neutral
FVFVGYVF,5,2,1,0,7,1,0.16216216216216217,neutral
DCSCYFVL,4,3,1,0,7,1,0.16216216216216217,neutral
LDLFCLGC,7,0,0,1,7,1,0.16216216216216217,neutral
YFCCICYF,2,5,1,0,7,1,0.16216216216216217,neutral
FCFNFVVC,4,3,0,1,7,1,0.16216216216216217,neutral
FFHIFVYL,2,5,0,1,7,1,0.16216216216216217,neutral
NYDFVYCC,6,1,0,1,7,1,0.16216216216216217,neutral
GCVCGLCY,3,4,0,1,7,1,0.16216216216216217,neutral
SFFGVIVV,6,1,1,0,7,1,0.16216216216216217,neutral
IYFGYGSF,4,3,0,1,7,1,0.16216216216216217,neutral
FSNGCICV,28,16,15,17,44,32,0.16216216216216217,neutral
HLNIIYVD,5,2,0,1,7,1,0.16216216216216217,neutral
GIFILYGF,4,3,1,0,7,1,0.16216216216216217,neutral
DNCLVSFL,0,7,1,0,7,1,0.16216216216216217,neutral
FYNVCYYD,6,1,1,0,7,1,0.16216216216216217,neutral
VRVCIGVC,3,4,1,0,7,1,0.16216216216216217,neutral
IFLFCLCV,4,3,0,1,7,1,0.16216216216216217,neutral
FYLFVIFS,6,1,0,1,7,1,0.16216216216216217,neutral
VVLFHLHG,6,1,0,1,7,1,0.16216216216216217,neutral
CLYFHCFV,6,1,1,0,7,1,0.16216216216216217,neutral
CFYCFVIF,3,4,0,1,7,1,0.16216216216216217,neutral
CLYVYYYH,4,3,1,0,7,1,0.16216216216216217,neutral
CVHLCGYF,5,2,1,0,7,1,0.16216216216216217,neutral
FFDICFVG,5,2,0,1,7,1,0.16216216216216217,neutral
IIIFVSDV,5,2,0,1,7,1,0.16216216216216217,neutral
RCGGCVNC,28,16,15,17,44,32,0.16216216216216217,neutral
GYHGGYFH,5,2,1,0,7,1,0.16216216216216217,neutral
FCCFLVNG,4,3,1,0,7,1,0.16216216216216217,neutral
CCHFYCVN,3,4,1,0,7,1,0.16216216216216217,neutral
FICCLFIF,3,4,1,0,7,1,0.16216216216216217,neutral
CCFSFCLF,2,5,1,0,7,1,0.16216216216216217,neutral
FCINYVHI,27,17,17,15,44,32,0.16216216216216217,neutral
NISVYFVF,5,2,0,1,7,1,0.16216216216216217,neutral
LFILICVR,4,3,0,1,7,1,0.16216216216216217,neutral
FVLFINDD,4,3,0,1,7,1,0.16216216216216217,neutral
IFYRRFYF,6,1,1,0,7,1,0.16216216216216217,neutral
YVYFVYVN,4,3,0,1,7,1,0.16216216216216217,neutral
ICSYLRCI,3,4,1,0,7,1,0.16216216216216217,neutral
CRLVIVVL,3,4,0,1,7,1,0.16216216216216217,neutral
FVFYFFIF,5,2,1,0,7,1,0.16216216216216217,neutral
YVLIYCCN,5,2,1,0,7,1,0.16216216216216217,neutral
VCSYSYLN,1,6,0,1,7,1,0.16216216216216217,neutral
CFVFCYFF,3,4,0,1,7,1,0.16216216216216217,neutral
CCNCVVNY,4,3,0,1,7,1,0.16216216216216217,neutral
NLYYHCVF,2,5,1,0,7,1,0.16216216216216217,neutral
FICCIFRC,7,0,1,0,7,1,0.16216216216216217,neutral
YYVSLNFC,5,2,1,0,7,1,0.16216216216216217,neutral
FCFSISCC,5,2,0,1,7,1,0.16216216216216217,neutral
YISLVGHF,5,2,0,1,7,1,0.16216216216216217,neutral
YCYGCGGY,4,3,0,1,7,1,0.16216216216216217,neutral
FCICLCIR,6,1,0,1,7,1,0.16216216216216217,neutral
CHRIIVRI,2,5,0,1,7,1,0.16216216216216217,neutral
NLDYYYVF,3,4,0,1,7,1,0.16216216216216217,neutral
IFRFFVCY,3,4,0,1,7,1,0.16216216216216217,neutral
CHHVIGSY,2,5,0,1,7,1,0.16216216216216217,neutral
YSIFINIH,7,0,1,0,7,1,0.16216216216216217,neutral
FFGCGFSL,52,35,26,42,87,68,0.1623931623931624,neutral
RCNYGVLC,93,74,69,66,167,135,0.16243654822335024,neutral
GCFGNVFV,26,24,17,20,50,37,0.1625,neutral
VFVGFCNV,31,19,13,24,50,37,0.1625,neutral
LLFLSRCG,32,18,20,17,50,37,0.1625,neutral
VHVISGCR,54,39,35,38,93,73,0.16260162601626016,neutral
FNFGGVGG,54,39,33,40,93,73,0.16260162601626016,neutral
GLYCCGGV,8,5,2,4,13,6,0.16279069767441862,neutral
DVCYGVDV,10,3,2,4,13,6,0.16279069767441862,neutral
CYVVFVCH,6,7,3,3,13,6,0.16279069767441862,neutral
YSFRLGYC,7,6,2,4,13,6,0.16279069767441862,neutral
NGGNCGFD,8,5,2,4,13,6,0.16279069767441862,neutral
LYNYLFLN,6,7,2,4,13,6,0.16279069767441862,neutral
YCVFCYFC,6,7,2,4,13,6,0.16279069767441862,neutral
INFRSHGF,9,4,3,3,13,6,0.16279069767441862,neutral
GDFFDSCC,8,5,2,4,13,6,0.16279069767441862,neutral
CVGCVSGG,33,23,18,24,56,42,0.16279069767441862,neutral
GLGDGYGF,6,7,2,4,13,6,0.16279069767441862,neutral
FVDFHLYH,37,19,23,19,56,42,0.16279069767441862,neutral
YFHFFCGG,9,4,4,2,13,6,0.16279069767441862,neutral
CCCNYDGV,9,4,2,4,13,6,0.16279069767441862,neutral
CYCCVCVN,8,5,5,1,13,6,0.16279069767441862,neutral
SCYCGGGV,9,4,3,3,13,6,0.16279069767441862,neutral
LLRFYNGD,36,20,21,21,56,42,0.16279069767441862,neutral
FNHCFSCI,8,5,4,2,13,6,0.16279069767441862,neutral
GVIHYSYG,9,4,4,2,13,6,0.16279069767441862,neutral
FHIDVGCR,31,25,19,23,56,42,0.16279069767441862,neutral
FDGFNCLV,11,2,3,3,13,6,0.16279069767441862,neutral
FFVGDNCN,8,5,6,0,13,6,0.16279069767441862,neutral
CINVYYYH,9,4,1,5,13,6,0.16279069767441862,neutral
FFGCCDGL,8,5,3,3,13,6,0.16279069767441862,neutral
FFYSFSSI,29,27,16,26,56,42,0.16279069767441862,neutral
RNVYCHCR,33,23,19,23,56,42,0.16279069767441862,neutral
CCCCCLLV,11,2,1,5,13,6,0.16279069767441862,neutral
CCVCDLGG,10,3,3,3,13,6,0.16279069767441862,neutral
FYCVGGLG,8,5,3,3,13,6,0.16279069767441862,neutral
FNCCDCLG,7,6,4,2,13,6,0.16279069767441862,neutral
FYFYDCFR,33,23,26,16,56,42,0.16279069767441862,neutral
VSFLRCVR,30,26,17,25,56,42,0.16279069767441862,neutral
GVYFGVLC,7,6,2,4,13,6,0.16279069767441862,neutral
FFSCFRRS,10,3,3,3,13,6,0.16279069767441862,neutral
YYLCSGVR,10,3,2,4,13,6,0.16279069767441862,neutral
NFDFFGSG,37,19,18,24,56,42,0.16279069767441862,neutral
LYFGSLRL,37,19,22,20,56,42,0.16279069767441862,neutral
SCSLGYGG,57,48,37,46,105,83,0.16296296296296298,neutral
IFHCHGFS,39,23,14,33,62,47,0.16304347826086957,neutral
CFGCGIDR,31,31,24,23,62,47,0.16304347826086957,neutral
CILLGGHV,38,24,20,27,62,47,0.16304347826086957,neutral
DCVYRGVH,39,23,30,17,62,47,0.16304347826086957,neutral
DYVGVCGC,39,23,22,25,62,47,0.16304347826086957,neutral
SFGCCIYS,39,23,21,26,62,47,0.16304347826086957,neutral
CFHDGCGS,64,47,38,50,111,88,0.16312056737588654,neutral
DVLSCIGG,63,48,38,50,111,88,0.16312056737588654,neutral
FGGRCNCG,11,8,4,7,19,11,0.16326530612244897,neutral
FLSYIDCL,13,6,6,5,19,11,0.16326530612244897,neutral
GNYVVHYS,12,7,9,2,19,11,0.16326530612244897,neutral
FGLCGCGF,13,6,6,5,19,11,0.16326530612244897,neutral
VVGFCRDL,14,5,4,7,19,11,0.16326530612244897,neutral
RYYGILGS,40,28,28,24,68,52,0.16326530612244897,neutral
CVVNCYFC,12,7,5,6,19,11,0.16326530612244897,neutral
FHGYSLGF,10,9,8,3,19,11,0.16326530612244897,neutral
SNFFVLYN,17,2,6,5,19,11,0.16326530612244897,neutral
LYGLIFGN,41,27,23,29,68,52,0.16326530612244897,neutral
DLFRIVHN,67,50,38,55,117,93,0.16326530612244897,neutral
SYNGHCYH,5,14,6,5,19,11,0.16326530612244897,neutral
GFYCVDGG,36,32,29,23,68,52,0.16326530612244897,neutral
HNIRFLLG,12,7,6,5,19,11,0.16326530612244897,neutral
VYVCNISV,37,31,22,30,68,52,0.16326530612244897,neutral
YSCCCRHS,9,10,7,4,19,11,0.16326530612244897,neutral
FYNNLSGS,9,10,4,7,19,11,0.16326530612244897,neutral
LHCFFSSL,11,8,6,5,19,11,0.16326530612244897,neutral
VFCRDVGL,40,28,20,32,68,52,0.16326530612244897,neutral
RLCFCVHS,10,9,2,9,19,11,0.16326530612244897,neutral
YGFNFVSF,7,12,5,6,19,11,0.16326530612244897,neutral
FSRSYIIR,38,30,25,27,68,52,0.16326530612244897,neutral
HIFGGIVV,11,8,5,6,19,11,0.16326530612244897,neutral
CFFILHSR,11,8,7,4,19,11,0.16326530612244897,neutral
FVRVGCVN,44,30,25,32,74,57,0.16346153846153846,neutral
GRFLNYFH,38,36,20,37,74,57,0.16346153846153846,neutral
LCCGRDGI,14,11,7,9,25,16,0.16363636363636364,neutral
SGRSGGFR,16,9,9,7,25,16,0.16363636363636364,neutral
FCCVDYLN,17,8,9,7,25,16,0.16363636363636364,neutral
RGYVYGVR,14,11,7,9,25,16,0.16363636363636364,neutral
YYYNGSSS,17,8,3,13,25,16,0.16363636363636364,neutral
FFRNINLY,13,12,3,13,25,16,0.16363636363636364,neutral
FFGYFNSV,15,10,7,9,25,16,0.16363636363636364,neutral
VFCVLNCH,13,12,4,12,25,16,0.16363636363636364,neutral
LIVSLCCD,14,11,6,10,25,16,0.16363636363636364,neutral
ICSFLDDG,12,13,3,13,25,16,0.16363636363636364,neutral
LCCCDSND,17,8,4,12,25,16,0.16363636363636364,neutral
NFVSCFRD,16,9,7,9,25,16,0.16363636363636364,neutral
LRYCGRGG,14,11,12,4,25,16,0.16363636363636364,neutral
SCHCDSVR,43,37,28,34,80,62,0.16363636363636364,neutral
SYFDIGYV,15,10,6,10,25,16,0.16363636363636364,neutral
SFGYVSDV,13,12,11,5,25,16,0.16363636363636364,neutral
IIIDCDFV,19,6,4,12,25,16,0.16363636363636364,neutral
CDRSCFGN,77,58,47,61,135,108,0.16363636363636364,neutral
FCLGYHCH,15,10,4,12,25,16,0.16363636363636364,neutral
RCHVCRVH,49,31,24,38,80,62,0.16363636363636364,neutral
YYCYHHYR,18,7,6,10,25,16,0.16363636363636364,neutral
CLGYGCVG,14,11,6,10,25,16,0.16363636363636364,neutral
LHYVGGGV,16,9,8,8,25,16,0.16363636363636364,neutral
NFSCFGCD,12,13,9,7,25,16,0.16363636363636364,neutral
GGVLFRCI,16,9,9,7,25,16,0.16363636363636364,neutral
FLVCYNLC,20,5,9,7,25,16,0.16363636363636364,neutral
VFRGLYVI,52,34,36,31,86,67,0.16379310344827586,neutral
VHNVIYIH,17,14,6,15,31,21,0.16393442622950818,neutral
FVFCDYRL,19,12,9,12,31,21,0.16393442622950818,neutral
FNSVIFGS,53,39,37,35,92,72,0.16393442622950818,neutral
SSGVGIFR,21,10,9,12,31,21,0.16393442622950818,neutral
RSCVDFVG,16,15,9,12,31,21,0.16393442622950818,neutral
DCNSLRLR,54,38,29,43,92,72,0.16393442622950818,neutral
FLRNHSVG,55,37,33,39,92,72,0.16393442622950818,neutral
YNICVGGV,17,14,9,12,31,21,0.16393442622950818,neutral
FHVDCDIG,23,8,10,11,31,21,0.16393442622950818,neutral
CFRSCYVV,22,9,14,7,31,21,0.16393442622950818,neutral
IIGCVGFR,53,39,33,39,92,72,0.16393442622950818,neutral
LICSSHCG,54,38,30,42,92,72,0.16393442622950818,neutral
SSIFGYDC,18,13,11,10,31,21,0.16393442622950818,neutral
IIGCCNVF,19,12,8,13,31,21,0.16393442622950818,neutral
YSGNLRDG,19,12,8,13,31,21,0.16393442622950818,neutral
SGVHCRCV,20,17,15,11,37,26,0.16417910447761194,neutral
ICDFLVVR,27,10,10,16,37,26,0.16417910447761194,neutral
GFFNRCSC,25,12,11,15,37,26,0.16417910447761194,neutral
RCDCYNHF,24,13,9,17,37,26,0.16417910447761194,neutral
CHVSCIGV,56,48,42,40,104,82,0.16417910447761194,neutral
GVFFRISC,27,10,11,15,37,26,0.16417910447761194,neutral
VHRHFCCG,22,15,12,14,37,26,0.16417910447761194,neutral
LFVDDCVH,26,11,10,16,37,26,0.16417910447761194,neutral
HCNCIHNG,17,20,12,14,37,26,0.16417910447761194,neutral
HRIDCICH,23,14,15,11,37,26,0.16417910447761194,neutral
VCGYLSVN,19,18,12,14,37,26,0.16417910447761194,neutral
GNLCCVHL,21,16,18,8,37,26,0.16417910447761194,neutral
YSGDYGFD,19,18,10,16,37,26,0.16417910447761194,neutral
FCFGHDYF,63,47,46,41,110,87,0.16428571428571428,neutral
SHSHVFHF,30,13,20,11,43,31,0.1643835616438356,neutral
VIYNCCDS,25,18,14,17,43,31,0.1643835616438356,neutral
FFHCFHFD,27,16,11,20,43,31,0.1643835616438356,neutral
CSCDNDYS,23,20,17,14,43,31,0.1643835616438356,neutral
CRVSLCCL,31,12,10,21,43,31,0.1643835616438356,neutral
NRGLCGFN,22,21,14,17,43,31,0.1643835616438356,neutral
FLNLVGRF,29,14,20,11,43,31,0.1643835616438356,neutral
GYSSIGCG,25,18,18,13,43,31,0.1643835616438356,neutral
YDLVRVNC,24,19,10,21,43,31,0.1643835616438356,neutral
GRRISISF,30,13,14,17,43,31,0.1643835616438356,neutral
FIVGCFNI,27,16,13,18,43,31,0.1643835616438356,neutral
HVVRLNCG,70,52,44,53,122,97,0.16447368421052633,neutral
FINSFVRD,30,19,17,19,49,36,0.16455696202531644,neutral
VGFRYVFS,29,20,18,18,49,36,0.16455696202531644,neutral
IVRFSRVD,30,19,22,14,49,36,0.16455696202531644,neutral
FFCYYGVD,25,24,20,16,49,36,0.16455696202531644,neutral
YYNHGNRR,32,17,17,19,49,36,0.16455696202531644,neutral
DNGCCHGI,32,23,16,25,55,41,0.16470588235294117,neutral
VCCYRYGI,35,20,18,23,55,41,0.16470588235294117,neutral
VGNCGLDF,30,25,21,20,55,41,0.16470588235294117,neutral
DIRGNFDC,34,21,24,17,55,41,0.16470588235294117,neutral
HIFRRHGG,33,22,24,17,55,41,0.16470588235294117,neutral
DIGSYCNH,36,19,19,22,55,41,0.16470588235294117,neutral
CLNLHIDR,82,64,54,63,146,117,0.16477272727272727,neutral
FSCFDCHS,40,21,21,25,61,46,0.16483516483516483,neutral
IFSDFLRL,36,25,19,27,61,46,0.16483516483516483,neutral
LFNCHGHG,39,22,22,24,61,46,0.16483516483516483,neutral
YSCCRNDL,41,26,19,32,67,51,0.16494845360824742,neutral
SIVDLCVD,43,24,29,22,67,51,0.16494845360824742,neutral
DSCVYSVV,46,27,30,26,73,56,0.1650485436893204,neutral
LCNGDCGV,43,30,21,35,73,56,0.1650485436893204,neutral
CDHSFCVR,46,27,29,27,73,56,0.1650485436893204,neutral
LNFLLNHG,44,35,28,33,79,61,0.1651376146788991,neutral
GYVCRYVV,48,31,30,31,79,61,0.1651376146788991,neutral
CDLSGIFL,47,32,34,27,79,61,0.1651376146788991,neutral
GFVDYNCG,40,39,31,30,79,61,0.1651376146788991,neutral
CHFSVFGL,43,36,31,30,79,61,0.1651376146788991,neutral
YIDCRVGG,47,32,26,35,79,61,0.1651376146788991,neutral
DGCRDFRH,45,34,28,33,79,61,0.1651376146788991,neutral
RGFDRLLY,52,33,35,31,85,66,0.16521739130434782,neutral
VGGCVGFV,50,35,34,32,85,66,0.16521739130434782,neutral
VGDLCLGG,45,40,28,38,85,66,0.16521739130434782,neutral
IRGCGCVV,57,40,34,42,97,76,0.16535433070866143,neutral
VSCGCIGS,58,39,43,33,97,76,0.16535433070866143,neutral
LGIHNYRG,57,40,37,39,97,76,0.16535433070866143,neutral
LIISSRVN,58,39,30,46,97,76,0.16535433070866143,neutral
IICVHSCV,64,45,45,41,109,86,0.16546762589928057,neutral
GINFRGHD,68,53,42,54,121,96,0.16556291390728478,neutral
LCIYDGLI,72,55,56,45,127,101,0.16560509554140126,neutral
FFVYIRLG,3,3,0,0,6,0,0.16666666666666666,neutral
FFCFRIIV,2,4,0,0,6,0,0.16666666666666666,neutral
CGFYSIIV,11,7,3,7,18,10,0.16666666666666666,neutral
SVRIGRDF,33,15,16,19,48,35,0.16666666666666666,neutral
NCFYVSFV,20,10,15,5,30,20,0.16666666666666666,neutral
FFCCDLCG,7,5,2,3,12,5,0.16666666666666666,neutral
VYGFCICV,4,2,0,0,6,0,0.16666666666666666,neutral
IHRGYCFC,10,8,3,7,18,10,0.16666666666666666,neutral
FYVGNIDF,9,3,2,3,12,5,0.16666666666666666,neutral
DVCGCIRC,16,14,9,11,30,20,0.16666666666666666,neutral
LIIFCICC,6,0,0,0,6,0,0.16666666666666666,neutral
GCSSCSYH,4,2,0,0,6,0,0.16666666666666666,neutral
LNFGHIGC,19,11,11,9,30,20,0.16666666666666666,neutral
GRDYIGCG,13,11,7,8,24,15,0.16666666666666666,neutral
FCCDCCDG,24,6,7,13,30,20,0.16666666666666666,neutral
GNISIVLR,24,12,8,17,36,25,0.16666666666666666,neutral
YCFVGIGL,13,5,4,6,18,10,0.16666666666666666,neutral
HLRYFCNS,9,3,0,5,12,5,0.16666666666666666,neutral
LNVFRFVF,10,2,2,3,12,5,0.16666666666666666,neutral
CLLYGCYY,5,1,0,0,6,0,0.16666666666666666,neutral
NFCFCCHH,0,6,0,0,6,0,0.16666666666666666,neutral
HCGRYGGH,32,22,19,21,54,40,0.16666666666666666,neutral
GFFGRFIR,10,2,3,2,12,5,0.16666666666666666,neutral
CCVVLFVG,4,2,0,0,6,0,0.16666666666666666,neutral
ICIIFRCC,3,3,0,0,6,0,0.16666666666666666,neutral
YIINYDLI,20,10,8,12,30,20,0.16666666666666666,neutral
SSYRDVIF,6,0,0,0,6,0,0.16666666666666666,neutral
FYVHGHCC,8,4,2,3,12,5,0.16666666666666666,neutral
VFVGVCVC,9,3,2,3,12,5,0.16666666666666666,neutral
LFCNHYIF,16,14,7,13,30,20,0.16666666666666666,neutral
YCCGVLLH,56,46,42,38,102,80,0.16666666666666666,neutral
CCVLFSHS,2,4,0,0,6,0,0.16666666666666666,neutral
FGSYSSYL,4,2,0,0,6,0,0.16666666666666666,neutral
RYSHCVVS,15,9,8,7,24,15,0.16666666666666666,neutral
FIGGCSFC,8,4,1,4,12,5,0.16666666666666666,neutral
HVCVHGIL,34,20,12,28,54,40,0.16666666666666666,neutral
VYDCFGYN,2,4,0,0,6,0,0.16666666666666666,neutral
VYFNCRVH,7,5,2,3,12,5,0.16666666666666666,neutral
VVSFSNLC,14,4,7,3,18,10,0.16666666666666666,neutral
SYLVVSFS,5,1,0,0,6,0,0.16666666666666666,neutral
FCGGDGGS,1,5,0,0,6,0,0.16666666666666666,neutral
LNVGGYRL,4,8,2,3,12,5,0.16666666666666666,neutral
FVVVGRVH,36,18,20,20,54,40,0.16666666666666666,neutral
FIYHHGVR,15,9,4,11,24,15,0.16666666666666666,neutral
YSLCGCVC,9,3,3,2,12,5,0.16666666666666666,neutral
LHRNFHCV,15,9,7,8,24,15,0.16666666666666666,neutral
NFIRVVDD,18,6,10,5,24,15,0.16666666666666666,neutral
YNLFRFVL,4,2,0,0,6,0,0.16666666666666666,neutral
GCGLLICC,3,3,0,0,6,0,0.16666666666666666,neutral
CFYFFYVY,1,5,0,0,6,0,0.16666666666666666,neutral
SLCCSVYS,24,18,16,14,42,30,0.16666666666666666,neutral
FCGFGRSV,12,6,6,4,18,10,0.16666666666666666,neutral
GLIYVVYF,4,2,0,0,6,0,0.16666666666666666,neutral
RYSILISV,5,1,0,0,6,0,0.16666666666666666,neutral
FNNYRFGL,6,6,1,4,12,5,0.16666666666666666,neutral
FYCFCIFF,2,4,0,0,6,0,0.16666666666666666,neutral
VRRIIIRC,3,3,0,0,6,0,0.16666666666666666,neutral
YCYFVICI,4,2,0,0,6,0,0.16666666666666666,neutral
NYFVVCCL,1,5,0,0,6,0,0.16666666666666666,neutral
VDLGGCVF,5,1,0,0,6,0,0.16666666666666666,neutral
GRYCGFVY,4,2,0,0,6,0,0.16666666666666666,neutral
SFIFYCVY,3,3,0,0,6,0,0.16666666666666666,neutral
YYYFCYFY,4,2,0,0,6,0,0.16666666666666666,neutral
DVFYHGHC,5,1,0,0,6,0,0.16666666666666666,neutral
HGFSCSIY,3,3,0,0,6,0,0.16666666666666666,neutral
FNNIGFFD,15,9,9,6,24,15,0.16666666666666666,neutral
FDVFFCGC,14,10,4,11,24,15,0.16666666666666666,neutral
CVGHIVFR,13,11,6,9,24,15,0.16666666666666666,neutral
CFYFCGIH,6,6,2,3,12,5,0.16666666666666666,neutral
CIYILYYF,4,2,0,0,6,0,0.16666666666666666,neutral
DLVYISYC,14,4,5,5,18,10,0.16666666666666666,neutral
LIICCCCI,3,3,0,0,6,0,0.16666666666666666,neutral
FVFNIIFF,4,2,0,0,6,0,0.16666666666666666,neutral
NGNFFFVC,15,3,3,7,18,10,0.16666666666666666,neutral
SRVCVSFH,6,6,2,3,12,5,0.16666666666666666,neutral
FNLFCSLR,10,2,1,4,12,5,0.16666666666666666,neutral
GYHYCVFS,10,8,5,5,18,10,0.16666666666666666,neutral
YFFRSRYC,11,1,3,2,12,5,0.16666666666666666,neutral
HFLFFCGN,25,17,14,16,42,30,0.16666666666666666,neutral
VFLVVRLC,4,2,0,0,6,0,0.16666666666666666,neutral
YSCYCLGC,12,6,3,7,18,10,0.16666666666666666,neutral
VNGCYICG,27,9,10,15,36,25,0.16666666666666666,neutral
IFGLHCFR,10,2,2,3,12,5,0.16666666666666666,neutral
ICDSCVCR,17,7,5,10,24,15,0.16666666666666666,neutral
HLGDSLVL,9,3,3,2,12,5,0.16666666666666666,neutral
SYNFCILG,11,1,4,1,12,5,0.16666666666666666,neutral
CNLFDYHF,20,4,9,6,24,15,0.16666666666666666,neutral
CDRFNGCG,46,32,28,32,78,60,0.16666666666666666,neutral
FLLVIVRL,5,1,0,0,6,0,0.16666666666666666,neutral
NLRHCGYD,29,13,18,12,42,30,0.16666666666666666,neutral
VCFNIDGD,41,25,28,22,66,50,0.16666666666666666,neutral
FSCCFFHH,25,11,14,11,36,25,0.16666666666666666,neutral
FIFCNRFY,3,3,0,0,6,0,0.16666666666666666,neutral
GYHCCGIV,8,4,3,2,12,5,0.16666666666666666,neutral
VFYCFLGS,6,6,2,3,12,5,0.16666666666666666,neutral
CNDLYVRC,19,17,9,16,36,25,0.16666666666666666,neutral
GIVLFLYD,4,2,0,0,6,0,0.16666666666666666,neutral
NLCVCYGN,30,24,16,24,54,40,0.16666666666666666,neutral
FVFYIFCG,4,2,0,0,6,0,0.16666666666666666,neutral
FICCYFVF,6,0,0,0,6,0,0.16666666666666666,neutral
GYGVGFSY,3,3,0,0,6,0,0.16666666666666666,neutral
FRLIFCVV,6,0,0,0,6,0,0.16666666666666666,neutral
DFGISFGH,14,10,7,8,24,15,0.16666666666666666,neutral
FRYCYDFV,25,11,9,16,36,25,0.16666666666666666,neutral
DCGLFFYD,21,15,9,16,36,25,0.16666666666666666,neutral
LGSFYGYY,9,9,2,8,18,10,0.16666666666666666,neutral
FDRNVFIC,27,15,18,12,42,30,0.16666666666666666,neutral
FFCHISYS,9,9,4,6,18,10,0.16666666666666666,neutral
GVCLHFNI,18,18,6,19,36,25,0.16666666666666666,neutral
LIIICLLS,5,1,0,0,6,0,0.16666666666666666,neutral
FFYYFVIV,5,1,0,0,6,0,0.16666666666666666,neutral
HYLCFFSC,2,4,0,0,6,0,0.16666666666666666,neutral
VHGLVVRF,16,14,10,10,30,20,0.16666666666666666,neutral
FYLLVRFH,5,1,0,0,6,0,0.16666666666666666,neutral
RCGHNHDF,13,11,5,10,24,15,0.16666666666666666,neutral
YFIHVCGC,3,3,0,0,6,0,0.16666666666666666,neutral
YYFSCDVH,12,6,5,5,18,10,0.16666666666666666,neutral
YCFVIYLL,5,1,0,0,6,0,0.16666666666666666,neutral
LGGYDRYG,7,11,5,5,18,10,0.16666666666666666,neutral
CCGVRVCL,38,22,26,19,60,45,0.16666666666666666,neutral
FFLYLVGG,3,3,0,0,6,0,0.16666666666666666,neutral
LFHGYCGL,23,19,14,16,42,30,0.16666666666666666,neutral
FFGFYYGC,3,3,0,0,6,0,0.16666666666666666,neutral
CFVVCCIF,6,0,0,0,6,0,0.16666666666666666,neutral
FYCVVCCG,3,3,0,0,6,0,0.16666666666666666,neutral
VCHFLLCF,2,4,0,0,6,0,0.16666666666666666,neutral
CCSIDFYD,11,7,7,3,18,10,0.16666666666666666,neutral
LYHIRYLF,4,2,0,0,6,0,0.16666666666666666,neutral
VYIVCVFD,3,3,0,0,6,0,0.16666666666666666,neutral
CLYVNRIL,33,21,25,15,54,40,0.16666666666666666,neutral
YFCHGLSS,22,8,13,7,30,20,0.16666666666666666,neutral
CLSIGFGS,21,15,12,13,36,25,0.16666666666666666,neutral
FVNCLFGN,39,27,23,27,66,50,0.16666666666666666,neutral
GLVVFGVV,25,11,13,12,36,25,0.16666666666666666,neutral
YVSCGFYI,9,9,6,4,18,10,0.16666666666666666,neutral
ILISGCFH,20,4,7,8,24,15,0.16666666666666666,neutral
SHIFDIYN,10,2,1,4,12,5,0.16666666666666666,neutral
GSCLVCRR,31,23,14,26,54,40,0.16666666666666666,neutral
FDFRSCVC,7,5,1,4,12,5,0.16666666666666666,neutral
CCLCGCCF,4,2,0,0,6,0,0.16666666666666666,neutral
SGFGYNDV,56,40,39,36,96,75,0.16666666666666666,neutral
LFNGYSIH,16,2,3,7,18,10,0.16666666666666666,neutral
CFCRFNLF,9,3,3,2,12,5,0.16666666666666666,neutral
FVRICRGR,35,19,21,19,54,40,0.16666666666666666,neutral
SFFFVFVF,6,0,0,0,6,0,0.16666666666666666,neutral
SSHFCYSC,5,7,4,1,12,5,0.16666666666666666,neutral
FCVFSGDV,14,16,8,12,30,20,0.16666666666666666,neutral
GFGFCCIG,23,13,11,14,36,25,0.16666666666666666,neutral
YVLCVVSN,3,3,0,0,6,0,0.16666666666666666,neutral
FYFCGGRI,5,1,0,0,6,0,0.16666666666666666,neutral
FHLFVFGV,3,3,0,0,6,0,0.16666666666666666,neutral
FCFCLFVG,2,4,0,0,6,0,0.16666666666666666,neutral
LSFCCVCD,6,6,2,3,12,5,0.16666666666666666,neutral
CYYYDSVL,35,25,23,22,60,45,0.16666666666666666,neutral
IDFIVILF,2,4,0,0,6,0,0.16666666666666666,neutral
FVDRCIVG,4,2,0,0,6,0,0.16666666666666666,neutral
FDCHIFVC,3,3,0,0,6,0,0.16666666666666666,neutral
CRCIGRIC,2,4,0,0,6,0,0.16666666666666666,neutral
GCFRCDNC,0,6,0,0,6,0,0.16666666666666666,neutral
LCCRGVSG,3,3,0,0,6,0,0.16666666666666666,neutral
YRYGILGR,18,6,4,11,24,15,0.16666666666666666,neutral
FCGNLYIF,14,10,7,8,24,15,0.16666666666666666,neutral
FFRVVFIS,4,2,0,0,6,0,0.16666666666666666,neutral
HDVFSFVD,14,4,4,6,18,10,0.16666666666666666,neutral
CFGYFVCY,14,4,5,5,18,10,0.16666666666666666,neutral
VGVLCNRI,14,4,4,6,18,10,0.16666666666666666,neutral
SVCCGVLN,3,3,0,0,6,0,0.16666666666666666,neutral
FVFSYDSL,35,19,21,19,54,40,0.16666666666666666,neutral
FFLDFDFR,5,1,0,0,6,0,0.16666666666666666,neutral
VFYCCDSL,9,3,2,3,12,5,0.16666666666666666,neutral
ILNVSDNF,13,11,6,9,24,15,0.16666666666666666,neutral
YYHVCDCC,2,4,0,0,6,0,0.16666666666666666,neutral
IVVDYLCR,17,19,10,15,36,25,0.16666666666666666,neutral
FIVRIFGH,11,1,2,3,12,5,0.16666666666666666,neutral
RLFCHFHC,18,12,7,13,30,20,0.16666666666666666,neutral
VCCIGGHR,50,34,29,36,84,65,0.16666666666666666,neutral
YDDICSYC,4,2,0,0,6,0,0.16666666666666666,neutral
IFCDGCVD,17,19,12,13,36,25,0.16666666666666666,neutral
HCHRIVYC,24,18,11,19,42,30,0.16666666666666666,neutral
FFDNHGVS,12,6,5,5,18,10,0.16666666666666666,neutral
YCLGVDGH,39,21,20,25,60,45,0.16666666666666666,neutral
GCFNIYFG,14,16,7,13,30,20,0.16666666666666666,neutral
FIFIHFLC,2,4,0,0,6,0,0.16666666666666666,neutral
CFVIYVFF,4,2,0,0,6,0,0.16666666666666666,neutral
VNVHRVYD,32,28,21,24,60,45,0.16666666666666666,neutral
ICCNFCCV,4,2,0,0,6,0,0.16666666666666666,neutral
CRGNFCYS,66,47,44,45,113,89,0.16783216783216784,neutral
DIICHLCD,66,47,42,47,113,89,0.16783216783216784,neutral
FSYLCSLC,52,49,37,42,101,79,0.16793893129770993,neutral
SSYLCHGS,50,45,31,43,95,74,0.168,neutral
GRNCHGLF,53,36,36,33,89,69,0.16806722689075632,neutral
CNGFVGLR,49,34,27,37,83,64,0.168141592920354,neutral
GIRFRFLS,49,34,26,38,83,64,0.168141592920354,neutral
GVFLRCGC,50,33,31,33,83,64,0.168141592920354,neutral
GVGIVNFH,49,34,33,31,83,64,0.168141592920354,neutral
YLRSGCCN,51,32,31,33,83,64,0.168141592920354,neutral
VIRLCNIG,43,40,30,34,83,64,0.168141592920354,neutral
RFRVGGLG,42,35,32,27,77,59,0.16822429906542055,neutral
SLFVSCVV,47,30,36,23,77,59,0.16822429906542055,neutral
CGYGRFGC,41,30,28,26,71,54,0.16831683168316833,neutral
VYDIHVVN,40,25,22,27,65,49,0.16842105263157894,neutral
FRGHDCYN,39,26,24,25,65,49,0.16842105263157894,neutral
YDIIGSGR,42,23,23,26,65,49,0.16842105263157894,neutral
ICGGYHYF,34,31,21,28,65,49,0.16842105263157894,neutral
LGLRVYHR,34,25,19,25,59,44,0.16853932584269662,neutral
GSFSVIFG,34,25,15,29,59,44,0.16853932584269662,neutral
CVSFNVCG,39,20,22,22,59,44,0.16853932584269662,neutral
SDCGCVFI,78,70,57,61,148,118,0.16853932584269662,neutral
CIRSVYDS,37,22,28,16,59,44,0.16853932584269662,neutral
VCCHSVHV,36,17,20,19,53,39,0.1686746987951807,neutral
FHSVVYSI,29,24,22,17,53,39,0.1686746987951807,neutral
CHFSVNVV,30,23,19,20,53,39,0.1686746987951807,neutral
LVGRLVDC,35,18,20,19,53,39,0.1686746987951807,neutral
CINGVLRF,34,19,20,19,53,39,0.1686746987951807,neutral
CDIFVCCG,35,18,13,26,53,39,0.1686746987951807,neutral
FVVHHCGV,30,23,26,13,53,39,0.1686746987951807,neutral
CHGSCFNH,33,20,18,21,53,39,0.1686746987951807,neutral
SRGGVGFG,27,26,18,21,53,39,0.1686746987951807,neutral
HCYLSGFY,32,21,18,21,53,39,0.1686746987951807,neutral
LFNCHDLI,32,21,25,14,53,39,0.1686746987951807,neutral
NLGLSGFG,30,23,20,19,53,39,0.1686746987951807,neutral
GCLFLFDG,27,20,17,17,47,34,0.16883116883116883,neutral
FFLFSDVC,23,24,15,19,47,34,0.16883116883116883,neutral
CVFDRGCC,22,25,25,9,47,34,0.16883116883116883,neutral
ICYNLNFI,23,24,17,17,47,34,0.16883116883116883,neutral
YCGHVCGS,27,20,14,20,47,34,0.16883116883116883,neutral
CDIFLRGN,30,17,14,20,47,34,0.16883116883116883,neutral
FLNFVFCN,31,16,10,24,47,34,0.16883116883116883,neutral
VHFRRYYC,30,17,13,21,47,34,0.16883116883116883,neutral
YCYIRSCL,31,16,18,16,47,34,0.16883116883116883,neutral
IVGVGLVF,29,18,18,16,47,34,0.16883116883116883,neutral
VIGYRLFF,25,16,15,14,41,29,0.16901408450704225,neutral
CRCFVSNS,65,47,37,51,112,88,0.16901408450704225,neutral
YYGFIFYD,29,12,16,13,41,29,0.16901408450704225,neutral
SDYYSLCN,25,16,9,20,41,29,0.16901408450704225,neutral
CCYCFVDI,26,15,11,18,41,29,0.16901408450704225,neutral
CFFNCDHG,30,11,14,15,41,29,0.16901408450704225,neutral
GGGHDVRY,27,14,16,13,41,29,0.16901408450704225,neutral
CDVRYYHN,29,12,14,15,41,29,0.16901408450704225,neutral
CNIGHFFC,29,12,14,15,41,29,0.16901408450704225,neutral
NSGYGVYH,25,16,16,13,41,29,0.16901408450704225,neutral
FSFSCVGL,20,21,8,21,41,29,0.16901408450704225,neutral
HLISRGLG,22,19,9,20,41,29,0.16901408450704225,neutral
DYCNLINH,27,14,14,15,41,29,0.16901408450704225,neutral
FFCHHGRC,25,16,14,15,41,29,0.16901408450704225,neutral
LCGGCGNN,24,17,14,15,41,29,0.16901408450704225,neutral
CDRFHYFI,20,15,9,15,35,24,0.16923076923076924,neutral
NCGFLGCD,21,14,14,10,35,24,0.16923076923076924,neutral
FGCSVGLV,26,9,13,11,35,24,0.16923076923076924,neutral
FILRLHSF,20,15,11,13,35,24,0.16923076923076924,neutral
CFVGDIIR,23,12,16,8,35,24,0.16923076923076924,neutral
SVCSHGYV,27,8,12,12,35,24,0.16923076923076924,neutral
FFRGLCHI,18,17,9,15,35,24,0.16923076923076924,neutral
GYNIRGIG,24,11,15,9,35,24,0.16923076923076924,neutral
VLGIGHFI,19,16,10,14,35,24,0.16923076923076924,neutral
FFCGSSLL,20,15,11,13,35,24,0.16923076923076924,neutral
LFDGLNVL,20,15,13,11,35,24,0.16923076923076924,neutral
RGFCCRSI,26,9,13,11,35,24,0.16923076923076924,neutral
VINFHGVD,24,11,12,12,35,24,0.16923076923076924,neutral
RCVFFGGV,23,12,10,14,35,24,0.16923076923076924,neutral
FFSFGCVI,22,13,9,15,35,24,0.16923076923076924,neutral
VFDNNFVG,22,13,13,11,35,24,0.16923076923076924,neutral
CNFIFGVV,23,12,13,11,35,24,0.16923076923076924,neutral
NRVFCDCV,55,39,31,42,94,73,0.1693548387096774,neutral
IFGCVFYG,22,7,11,8,29,19,0.1694915254237288,neutral
IICFGSDF,20,9,11,8,29,19,0.1694915254237288,neutral
FGRCRFVF,19,10,10,9,29,19,0.1694915254237288,neutral
IVSYDCNH,20,9,9,10,29,19,0.1694915254237288,neutral
CNCVGGYS,19,10,10,9,29,19,0.1694915254237288,neutral
NICGHIYG,20,9,10,9,29,19,0.1694915254237288,neutral
GFFCSYFH,16,13,9,10,29,19,0.1694915254237288,neutral
FSYSFDGL,18,11,4,15,29,19,0.1694915254237288,neutral
VFCCSCCC,18,11,9,10,29,19,0.1694915254237288,neutral
INGLYVFH,16,13,13,6,29,19,0.1694915254237288,neutral
ICDYNIRG,17,12,12,7,29,19,0.1694915254237288,neutral
FYFRFYDG,21,8,9,10,29,19,0.1694915254237288,neutral
VGGICCYV,51,37,28,40,88,68,0.1694915254237288,neutral
LCCVDVCY,20,9,10,9,29,19,0.1694915254237288,neutral
CVYRLIYY,14,9,5,9,23,14,0.16981132075471697,neutral
FVLVCGSG,45,31,26,32,76,58,0.16981132075471697,neutral
NSIVVRNY,14,9,6,8,23,14,0.16981132075471697,neutral
FCCVSYGC,12,11,6,8,23,14,0.16981132075471697,neutral
LLLNDRCL,15,8,8,6,23,14,0.16981132075471697,neutral
FFDFDRIH,14,9,6,8,23,14,0.16981132075471697,neutral
VRVCSFIV,14,9,10,4,23,14,0.16981132075471697,neutral
FSSFLRSG,12,11,5,9,23,14,0.16981132075471697,neutral
FFNDDLCC,11,12,7,7,23,14,0.16981132075471697,neutral
HFYYCHFR,15,8,6,8,23,14,0.16981132075471697,neutral
YGSLGRCV,43,33,24,34,76,58,0.16981132075471697,neutral
FYNHFNHS,14,9,10,4,23,14,0.16981132075471697,neutral
YIFSSFSY,17,6,5,9,23,14,0.16981132075471697,neutral
SYYGRYFY,15,8,6,8,23,14,0.16981132075471697,neutral
NVLHYCLV,11,12,5,9,23,14,0.16981132075471697,neutral
YRFFDGGN,14,9,10,4,23,14,0.16981132075471697,neutral
CCCCVRVH,16,7,8,6,23,14,0.16981132075471697,neutral
CSSYVNSS,14,9,5,9,23,14,0.16981132075471697,neutral
FLDFIISR,67,56,49,48,123,97,0.16993464052287582,neutral
VRVRLRCH,44,26,21,32,70,53,0.17,neutral
CVLGHCDR,42,28,26,27,70,53,0.17,neutral
FSRYRVGN,36,34,22,31,70,53,0.17,neutral
VLDCCDCC,39,31,24,29,70,53,0.17,neutral
FLDCLIGI,43,27,26,27,70,53,0.17,neutral
IIDCVLIN,66,51,47,45,117,92,0.17006802721088435,neutral
VDCDYISG,9,8,4,5,17,9,0.1702127659574468,neutral
LFFNGFCD,35,29,25,23,64,48,0.1702127659574468,neutral
DCSFGHGL,12,5,4,5,17,9,0.1702127659574468,neutral
YDIVHHDR,41,23,24,24,64,48,0.1702127659574468,neutral
VHHFVHLG,12,5,5,4,17,9,0.1702127659574468,neutral
VISGYFVG,5,12,3,6,17,9,0.1702127659574468,neutral
NNVGNCFL,41,23,20,28,64,48,0.1702127659574468,neutral
YDRYVCIN,11,6,4,5,17,9,0.1702127659574468,neutral
YCGCCFVR,10,7,4,5,17,9,0.1702127659574468,neutral
VCSLYGFF,10,7,2,7,17,9,0.1702127659574468,neutral
ISGNRNVL,12,5,4,5,17,9,0.1702127659574468,neutral
SFGSCFFC,12,5,3,6,17,9,0.1702127659574468,neutral
LSNFICIV,10,7,3,6,17,9,0.1702127659574468,neutral
YFGVGNVG,7,10,3,6,17,9,0.1702127659574468,neutral
HHINCGCS,10,7,6,3,17,9,0.1702127659574468,neutral
YRFLDHFF,8,9,3,6,17,9,0.1702127659574468,neutral
VLVYHYNC,10,7,5,4,17,9,0.1702127659574468,neutral
CFDVGNYH,15,2,4,5,17,9,0.1702127659574468,neutral
GCCLHSGC,13,4,2,7,17,9,0.1702127659574468,neutral
GFCGCYVD,38,26,25,23,64,48,0.1702127659574468,neutral
FVVLRHVS,9,8,6,3,17,9,0.1702127659574468,neutral
VRIRVNGL,32,32,16,32,64,48,0.1702127659574468,neutral
YVDCFFVV,11,6,4,5,17,9,0.1702127659574468,neutral
ILGLFSGI,62,43,40,42,105,82,0.17037037037037037,neutral
CNFNCGRL,36,22,14,29,58,43,0.17045454545454544,neutral
FLRNSVYG,32,26,20,23,58,43,0.17045454545454544,neutral
FVFSYISH,32,26,18,25,58,43,0.17045454545454544,neutral
FHCYVGDS,34,24,22,21,58,43,0.17045454545454544,neutral
SRCYGCCF,37,21,22,21,58,43,0.17045454545454544,neutral
SNYRNVGR,59,40,46,31,99,77,0.17054263565891473,neutral
FNCSCGCG,8,3,3,1,11,4,0.17073170731707318,neutral
GCCLFGYH,29,23,12,26,52,38,0.17073170731707318,neutral
SIVGLCCG,8,3,1,3,11,4,0.17073170731707318,neutral
IRCRSHGR,54,39,35,37,93,72,0.17073170731707318,neutral
ICFLGFVR,10,1,2,2,11,4,0.17073170731707318,neutral
CGRYNYSG,5,6,3,1,11,4,0.17073170731707318,neutral
SFFLIVFG,6,5,2,2,11,4,0.17073170731707318,neutral
GCFIHVGG,4,7,3,1,11,4,0.17073170731707318,neutral
FFIGYFVN,9,2,2,2,11,4,0.17073170731707318,neutral
FYYDHCFY,0,11,2,2,11,4,0.17073170731707318,neutral
YFVCDSCI,8,3,2,2,11,4,0.17073170731707318,neutral
ICIDGCFY,7,4,4,0,11,4,0.17073170731707318,neutral
FICGFNDC,8,3,2,2,11,4,0.17073170731707318,neutral
CLVSGYDF,31,21,19,19,52,38,0.17073170731707318,neutral
CFHGIVVF,9,2,2,2,11,4,0.17073170731707318,neutral
CFIHRGGG,9,2,2,2,11,4,0.17073170731707318,neutral
CVCCFCCY,5,6,2,2,11,4,0.17073170731707318,neutral
SLHVCCGG,5,6,1,3,11,4,0.17073170731707318,neutral
RFFSSCDC,32,20,20,18,52,38,0.17073170731707318,neutral
IYNLCVSI,6,5,0,4,11,4,0.17073170731707318,neutral
YSVVDCVV,30,22,20,18,52,38,0.17073170731707318,neutral
VYYGICGS,4,7,3,1,11,4,0.17073170731707318,neutral
FVDIIVDS,55,38,33,39,93,72,0.17073170731707318,neutral
LCVLFHFR,7,4,2,2,11,4,0.17073170731707318,neutral
FDFCDCLC,34,18,18,20,52,38,0.17073170731707318,neutral
CVGDLVFR,7,4,2,2,11,4,0.17073170731707318,neutral
GFCIYGCN,8,3,3,1,11,4,0.17073170731707318,neutral
NFVYGVRD,6,5,0,4,11,4,0.17073170731707318,neutral
CGNDFYGD,6,5,0,4,11,4,0.17073170731707318,neutral
VIYSGCSL,6,5,3,1,11,4,0.17073170731707318,neutral
ILDGYRLN,8,3,3,1,11,4,0.17073170731707318,neutral
DFRCCSLY,3,8,2,2,11,4,0.17073170731707318,neutral
YFCSCDRL,35,17,17,21,52,38,0.17073170731707318,neutral
SYVVCSYC,6,5,2,2,11,4,0.17073170731707318,neutral
GRCCLRGN,6,5,0,4,11,4,0.17073170731707318,neutral
LYDFSVSS,7,4,3,1,11,4,0.17073170731707318,neutral
ICGSVRFG,6,5,2,2,11,4,0.17073170731707318,neutral
IFSCHSYR,7,4,3,1,11,4,0.17073170731707318,neutral
SFHCCGVH,30,22,14,24,52,38,0.17073170731707318,neutral
SCFCRDII,6,5,4,0,11,4,0.17073170731707318,neutral
FSLFGCGV,8,3,3,1,11,4,0.17073170731707318,neutral
CCSNDFVV,6,5,2,2,11,4,0.17073170731707318,neutral
YDFLFGCC,30,22,14,24,52,38,0.17073170731707318,neutral
GIFCCGYR,10,1,2,2,11,4,0.17073170731707318,neutral
NRVFFGFC,7,4,2,2,11,4,0.17073170731707318,neutral
CVCCCLGC,9,2,2,2,11,4,0.17073170731707318,neutral
SFHNRICF,29,23,15,23,52,38,0.17073170731707318,neutral
RLGGSGDF,9,2,1,3,11,4,0.17073170731707318,neutral
CSLFCRRL,8,3,1,3,11,4,0.17073170731707318,neutral
SYVCFSGG,6,5,2,2,11,4,0.17073170731707318,neutral
FDCNRLDF,6,5,2,2,11,4,0.17073170731707318,neutral
FCNGCDVC,22,30,17,21,52,38,0.17073170731707318,neutral
FNFLNVIG,47,40,28,39,87,67,0.17094017094017094,neutral
FDVYSSVG,52,35,31,36,87,67,0.17094017094017094,neutral
DYGLLLRV,51,36,35,32,87,67,0.17094017094017094,neutral
RFNFDDFR,29,17,13,20,46,33,0.17105263157894737,neutral
FVCDRCVL,30,16,15,18,46,33,0.17105263157894737,neutral
CDRVNLGF,31,15,21,12,46,33,0.17105263157894737,neutral
FFDGVLCC,31,15,13,20,46,33,0.17105263157894737,neutral
FVCCDCCS,24,22,11,22,46,33,0.17105263157894737,neutral
FSFCSLLV,29,17,16,17,46,33,0.17105263157894737,neutral
VFHISSCS,30,16,21,12,46,33,0.17105263157894737,neutral
GVSNFYDG,29,17,17,16,46,33,0.17105263157894737,neutral
LLDFVGCV,28,18,12,21,46,33,0.17105263157894737,neutral
CFVRGYNC,29,17,11,22,46,33,0.17105263157894737,neutral
VCLFSGFV,25,21,11,22,46,33,0.17105263157894737,neutral
RCHVCYVD,45,36,25,37,81,62,0.17117117117117117,neutral
CHRFLGHG,46,35,31,31,81,62,0.17117117117117117,neutral
SCFCYSGS,66,50,42,49,116,91,0.17123287671232876,neutral
FDYFGFNC,84,67,55,65,151,120,0.1712707182320442,neutral
IHHLDVCR,64,46,47,39,110,86,0.17142857142857143,neutral
FYNVLDYN,26,14,11,17,40,28,0.17142857142857143,neutral
FVRHDRFC,24,16,15,13,40,28,0.17142857142857143,neutral
YHFSDCSR,21,19,14,14,40,28,0.17142857142857143,neutral
CNVDCRCG,20,20,11,17,40,28,0.17142857142857143,neutral
FGLGCLSV,46,29,25,32,75,57,0.17142857142857143,neutral
RVHCRVCY,47,28,26,31,75,57,0.17142857142857143,neutral
CFFFDIVS,44,31,25,32,75,57,0.17142857142857143,neutral
YCDIVRRF,42,33,24,33,75,57,0.17142857142857143,neutral
FIVGGICG,46,29,23,34,75,57,0.17142857142857143,neutral
SNYISGFG,25,15,13,15,40,28,0.17142857142857143,neutral
LYIVIGDG,29,11,15,13,40,28,0.17142857142857143,neutral
YNGCFINV,28,12,15,13,40,28,0.17142857142857143,neutral
LFGGIGVC,28,12,12,16,40,28,0.17142857142857143,neutral
FSNDFDNC,60,44,37,44,104,81,0.17164179104477612,neutral
RNNLDVFR,49,55,43,38,104,81,0.17164179104477612,neutral
HVVLYNLV,37,32,21,31,69,52,0.1717171717171717,neutral
FSIFCDCS,39,30,20,32,69,52,0.1717171717171717,neutral
LSFNVFRG,22,12,10,13,34,23,0.171875,neutral
FRFCNHGC,26,8,8,15,34,23,0.171875,neutral
CFCDRSDF,21,13,8,15,34,23,0.171875,neutral
LLDLRDVH,55,43,41,35,98,76,0.171875,neutral
YDFCDRGG,21,13,7,16,34,23,0.171875,neutral
VCFRNILH,22,12,7,16,34,23,0.171875,neutral
LCYGNCSN,23,11,12,11,34,23,0.171875,neutral
VLFFRGHD,22,12,10,13,34,23,0.171875,neutral
NSVHLDCG,26,8,11,12,34,23,0.171875,neutral
SFCYLISH,25,9,10,13,34,23,0.171875,neutral
VNYLRSYH,54,44,41,35,98,76,0.171875,neutral
VCHGILHF,19,15,13,10,34,23,0.171875,neutral
FNCSSCFL,23,11,8,15,34,23,0.171875,neutral
FDNHFDSR,72,55,50,50,127,100,0.17197452229299362,neutral
CYRHRGGN,38,25,19,28,63,47,0.17204301075268819,neutral
INLGCCFV,37,26,21,26,63,47,0.17204301075268819,neutral
SFRGNGDG,39,24,21,26,63,47,0.17204301075268819,neutral
FIRDSLLS,54,38,31,40,92,71,0.1721311475409836,neutral
CFCVGLRG,62,59,48,47,121,95,0.17218543046357615,neutral
VFGCISVR,15,13,8,10,28,18,0.1724137931034483,neutral
LHDIIVFR,18,10,10,8,28,18,0.1724137931034483,neutral
CFIGYCDR,17,11,11,7,28,18,0.1724137931034483,neutral
FCCDRLLY,18,10,9,9,28,18,0.1724137931034483,neutral
YGFFSRYH,18,10,13,5,28,18,0.1724137931034483,neutral
FYCLSVCD,17,11,8,10,28,18,0.1724137931034483,neutral
CDGRDHFI,35,22,19,23,57,42,0.1724137931034483,neutral
CIRHYDGG,23,5,9,9,28,18,0.1724137931034483,neutral
IIFRCDLH,14,14,7,11,28,18,0.1724137931034483,neutral
GVYCHFNL,19,9,11,7,28,18,0.1724137931034483,neutral
VHCYGRCH,18,10,10,8,28,18,0.1724137931034483,neutral
FCVDVCGL,36,21,21,21,57,42,0.1724137931034483,neutral
CCVCVGGS,19,9,5,13,28,18,0.1724137931034483,neutral
FFCYGFHN,21,7,10,8,28,18,0.1724137931034483,neutral
CNSIFRLF,18,10,12,6,28,18,0.1724137931034483,neutral
VRCSFLRC,22,6,6,12,28,18,0.1724137931034483,neutral
YNFYNFVC,17,11,8,10,28,18,0.1724137931034483,neutral
CCFSSRVG,37,20,12,30,57,42,0.1724137931034483,neutral
FHYDGFLF,21,7,7,11,28,18,0.1724137931034483,neutral
FCFGDNNH,17,11,10,8,28,18,0.1724137931034483,neutral
IYNYVNHR,16,12,10,8,28,18,0.1724137931034483,neutral
CIDCRDRC,16,12,7,11,28,18,0.1724137931034483,neutral
HCHRVFLD,31,26,25,17,57,42,0.1724137931034483,neutral
LSLGLCVI,35,22,15,27,57,42,0.1724137931034483,neutral
FFRYRIRD,16,12,11,7,28,18,0.1724137931034483,neutral
YFVDCSIV,58,51,35,50,109,85,0.17266187050359713,neutral
FCDIGVCH,48,32,24,37,80,61,0.17272727272727273,neutral
CRDRDCYG,26,25,21,16,51,37,0.1728395061728395,neutral
DRYIFFCS,31,20,19,18,51,37,0.1728395061728395,neutral
CDDRDFYR,26,25,22,15,51,37,0.1728395061728395,neutral
IRVCDFGL,33,18,19,18,51,37,0.1728395061728395,neutral
GHCFRDGL,34,17,22,15,51,37,0.1728395061728395,neutral
LRCLRIDI,27,24,14,23,51,37,0.1728395061728395,neutral
CIRHGGLS,58,45,44,36,103,80,0.17293233082706766,neutral
CNLFCVGI,14,8,8,5,22,13,0.17307692307692307,neutral
VCHCDCCL,12,10,6,7,22,13,0.17307692307692307,neutral
YNYSRCVR,43,31,28,28,74,56,0.17307692307692307,neutral
GISNFDFR,14,8,6,7,22,13,0.17307692307692307,neutral
FGVFFDCC,13,9,7,6,22,13,0.17307692307692307,neutral
FCDRDVYR,46,28,22,34,74,56,0.17307692307692307,neutral
CFYYCCVG,16,6,8,5,22,13,0.17307692307692307,neutral
LYDRCGSL,15,7,5,8,22,13,0.17307692307692307,neutral
SCVCYYDL,14,8,8,5,22,13,0.17307692307692307,neutral
FDNFDGFG,13,9,7,6,22,13,0.17307692307692307,neutral
CRFNIGGN,11,11,5,8,22,13,0.17307692307692307,neutral
FVFCYVHH,16,6,6,7,22,13,0.17307692307692307,neutral
GVVDNVFF,14,8,6,7,22,13,0.17307692307692307,neutral
FVHGLNFC,11,11,5,8,22,13,0.17307692307692307,neutral
YCLYVHRG,12,10,8,5,22,13,0.17307692307692307,neutral
VLDCCIIL,14,8,7,6,22,13,0.17307692307692307,neutral
DYVYSCLV,56,41,28,47,97,75,0.1732283464566929,neutral
VCGYISGS,26,19,13,19,45,32,0.17333333333333334,neutral
SSLRYCVH,22,23,16,16,45,32,0.17333333333333334,neutral
RCYFDYLH,31,14,13,19,45,32,0.17333333333333334,neutral
FSDYGCDN,29,16,12,20,45,32,0.17333333333333334,neutral
CVHCGDGV,31,14,12,20,45,32,0.17333333333333334,neutral
GIYGVCVR,23,22,15,17,45,32,0.17333333333333334,neutral
YFFNDFYG,29,16,19,13,45,32,0.17333333333333334,neutral
CYDIHGHR,29,16,21,11,45,32,0.17333333333333334,neutral
DFICRHDC,30,15,13,19,45,32,0.17333333333333334,neutral
VGFHRLHF,24,21,16,16,45,32,0.17333333333333334,neutral
RGYHDRVV,25,20,11,21,45,32,0.17333333333333334,neutral
CRVFHDGR,28,17,17,15,45,32,0.17333333333333334,neutral
YFDVVDVI,41,27,25,26,68,51,0.17346938775510204,neutral
FNIDFNDG,37,31,24,27,68,51,0.17346938775510204,neutral
CFGDYSNS,42,26,23,28,68,51,0.17346938775510204,neutral
SRCLCGDF,36,32,20,31,68,51,0.17346938775510204,neutral
FYSGGSHV,49,42,34,36,91,70,0.17355371900826447,neutral
RNFRYGHC,78,59,52,56,137,108,0.17365269461077845,neutral
HVFSSRLC,22,17,11,16,39,27,0.17391304347826086,neutral
FCHLFYGC,8,8,3,5,16,8,0.17391304347826086,neutral
CLICGHGV,9,7,4,4,16,8,0.17391304347826086,neutral
GCFILRYD,26,13,11,16,39,27,0.17391304347826086,neutral
YYVLGFVD,12,4,4,4,16,8,0.17391304347826086,neutral
FVVSVRYL,9,7,4,4,16,8,0.17391304347826086,neutral
DLNSIGYG,10,6,6,2,16,8,0.17391304347826086,neutral
YRYVSFVG,7,9,7,1,16,8,0.17391304347826086,neutral
VCDYVGGG,51,34,32,33,85,65,0.17391304347826086,neutral
LDRFDRGS,58,50,41,43,108,84,0.17391304347826086,neutral
CNVFCLSR,12,4,5,3,16,8,0.17391304347826086,neutral
CNSICIFR,10,6,2,6,16,8,0.17391304347826086,neutral
GCSCYINV,12,4,2,6,16,8,0.17391304347826086,neutral
GFCGCIVF,6,10,5,3,16,8,0.17391304347826086,neutral
GFDRRVCF,10,6,3,5,16,8,0.17391304347826086,neutral
FCCNGVRC,8,8,4,4,16,8,0.17391304347826086,neutral
SLNIGGRY,15,1,4,4,16,8,0.17391304347826086,neutral
CYIYDFVH,8,8,6,2,16,8,0.17391304347826086,neutral
YYNSVLYC,21,18,15,12,39,27,0.17391304347826086,neutral
GGGVSHCF,63,45,38,46,108,84,0.17391304347826086,neutral
FGLVRFHV,8,8,3,5,16,8,0.17391304347826086,neutral
FSCHYGGG,75,56,51,52,131,103,0.17391304347826086,neutral
FCSGSFGF,12,4,5,3,16,8,0.17391304347826086,neutral
DCDGVGYG,49,36,28,37,85,65,0.17391304347826086,neutral
GLYHGFIV,23,16,16,11,39,27,0.17391304347826086,neutral
VFGSYSGH,39,23,25,21,62,46,0.17391304347826086,neutral
VLYNFGFY,14,2,5,3,16,8,0.17391304347826086,neutral
FCYVFSGC,12,4,4,4,16,8,0.17391304347826086,neutral
GCRCFRDF,20,19,10,17,39,27,0.17391304347826086,neutral
LDGIGCDC,10,6,3,5,16,8,0.17391304347826086,neutral
DHRCCYVV,39,23,24,22,62,46,0.17391304347826086,neutral
YYFVCDGC,8,8,6,2,16,8,0.17391304347826086,neutral
VCVRIHYH,11,5,4,4,16,8,0.17391304347826086,neutral
IYRSLCHV,52,33,25,40,85,65,0.17391304347826086,neutral
FGCVIFSS,6,10,7,1,16,8,0.17391304347826086,neutral
VLIDYNCL,12,4,5,3,16,8,0.17391304347826086,neutral
VGLSCFSL,32,30,25,21,62,46,0.17391304347826086,neutral
CCYGILFR,9,7,6,2,16,8,0.17391304347826086,neutral
FSILNIVH,8,8,4,4,16,8,0.17391304347826086,neutral
CGGIFCFR,13,3,3,5,16,8,0.17391304347826086,neutral
FIHCSVCD,27,12,16,11,39,27,0.17391304347826086,neutral
SFVCLCSV,23,16,15,12,39,27,0.17391304347826086,neutral
FLRRLDLY,39,23,26,20,62,46,0.17391304347826086,neutral
VVFLRSCR,8,8,6,2,16,8,0.17391304347826086,neutral
CGGSRGLH,22,17,14,13,39,27,0.17391304347826086,neutral
RICCLGVC,14,2,2,6,16,8,0.17391304347826086,neutral
IYSLGVGC,24,15,14,13,39,27,0.17391304347826086,neutral
VICYFDGI,23,16,12,15,39,27,0.17391304347826086,neutral
YFFYRDFF,13,3,2,6,16,8,0.17391304347826086,neutral
IVFRYCNL,12,4,3,5,16,8,0.17391304347826086,neutral
IFCIRGVC,12,4,1,7,16,8,0.17391304347826086,neutral
FFVDGGHC,9,7,4,4,16,8,0.17391304347826086,neutral
GDCCVFDV,9,7,4,4,16,8,0.17391304347826086,neutral
LGVCGLIV,28,11,16,11,39,27,0.17391304347826086,neutral
VYRFRGDL,58,44,40,39,102,79,0.17424242424242425,neutral
ICDFCGGS,58,44,42,37,102,79,0.17424242424242425,neutral
FNDCFCGI,37,42,30,30,79,60,0.1743119266055046,neutral
HDGIFGHS,44,35,27,33,79,60,0.1743119266055046,neutral
SVGCHFLV,45,34,28,32,79,60,0.1743119266055046,neutral
VDSLCCVG,46,33,28,32,79,60,0.1743119266055046,neutral
LLCFDCSD,33,23,21,20,56,41,0.1744186046511628,neutral
YIYGHFCL,34,22,15,26,56,41,0.1744186046511628,neutral
DHRGVYDC,35,21,15,26,56,41,0.1744186046511628,neutral
CRCIDGRY,28,28,18,23,56,41,0.1744186046511628,neutral
VCVGCLGN,32,24,13,28,56,41,0.1744186046511628,neutral
LNYSNDHC,30,26,15,26,56,41,0.1744186046511628,neutral
IRHVCGCD,52,44,30,44,96,74,0.1746031746031746,neutral
DYCCGYFV,23,10,12,10,33,22,0.1746031746031746,neutral
CNGVHYFH,17,16,9,13,33,22,0.1746031746031746,neutral
GNYHINNC,20,13,6,16,33,22,0.1746031746031746,neutral
NFCCIRGG,20,13,7,15,33,22,0.1746031746031746,neutral
HFFDCICV,22,11,12,10,33,22,0.1746031746031746,neutral
FLLIGDIC,24,9,13,9,33,22,0.1746031746031746,neutral
IYNYCLCS,22,11,14,8,33,22,0.1746031746031746,neutral
FFCLGGYH,24,9,11,11,33,22,0.1746031746031746,neutral
CDVLSYFV,21,12,7,15,33,22,0.1746031746031746,neutral
FRNLCYCG,22,11,10,12,33,22,0.1746031746031746,neutral
GGRYHIVY,54,42,29,45,96,74,0.1746031746031746,neutral
SYRCRFIV,17,16,8,14,33,22,0.1746031746031746,neutral
YCCFFGSN,20,13,13,9,33,22,0.1746031746031746,neutral
IFVYDVSC,18,15,11,11,33,22,0.1746031746031746,neutral
FYSGFCYL,20,13,14,8,33,22,0.1746031746031746,neutral
ISGCVFRC,46,27,27,28,73,55,0.17475728155339806,neutral
DSDDHGFR,43,30,26,29,73,55,0.17475728155339806,neutral
IRLCGDDV,26,24,18,18,50,36,0.175,neutral
NCCVIYDG,10,0,1,2,10,3,0.175,neutral
CCNYCSIR,8,2,2,1,10,3,0.175,neutral
YYFSVLDV,8,2,1,2,10,3,0.175,neutral
FGCYCLLV,7,3,1,2,10,3,0.175,neutral
LFLCGFVC,5,5,1,2,10,3,0.175,neutral
FYCFFHGF,6,4,1,2,10,3,0.175,neutral
CCFNCYSC,6,4,1,2,10,3,0.175,neutral
SCFYCCVV,6,4,1,2,10,3,0.175,neutral
YRRYLVYR,7,3,2,1,10,3,0.175,neutral
VVCFLYRC,7,3,3,0,10,3,0.175,neutral
HFYYCSLR,5,5,1,2,10,3,0.175,neutral
FFLFFSCF,6,4,2,1,10,3,0.175,neutral
FYCVRVNG,6,4,2,1,10,3,0.175,neutral
SYFFHHCC,4,6,2,1,10,3,0.175,neutral
FCCVGFFI,6,4,1,2,10,3,0.175,neutral
NCIVDICL,54,36,33,36,90,69,0.175,neutral
FFFCCGFV,8,2,2,1,10,3,0.175,neutral
CLNSCFIG,6,4,1,2,10,3,0.175,neutral
CLICLYGV,7,3,3,0,10,3,0.175,neutral
GVHCGVHR,6,4,2,1,10,3,0.175,neutral
VSVIVFYV,6,4,2,1,10,3,0.175,neutral
FSVDFVCH,6,4,1,2,10,3,0.175,neutral
IYVNGFSG,5,5,1,2,10,3,0.175,neutral
CHLVYDFS,4,6,2,1,10,3,0.175,neutral
SGCFGGLI,29,21,20,16,50,36,0.175,neutral
DDSDDDIR,9,1,2,1,10,3,0.175,neutral
YCYSVCHH,30,20,15,21,50,36,0.175,neutral
GGVYHYGY,6,4,2,1,10,3,0.175,neutral
SDLFDYCI,29,21,16,20,50,36,0.175,neutral
SGRFGGLF,5,5,1,2,10,3,0.175,neutral
CVCYVRFH,6,4,0,3,10,3,0.175,neutral
VCYDFRGF,5,5,2,1,10,3,0.175,neutral
CVFIYGVD,29,21,20,16,50,36,0.175,neutral
LYCCVLCC,5,5,1,2,10,3,0.175,neutral
CCDRIGIG,51,39,29,40,90,69,0.175,neutral
CINIVYRC,6,4,2,1,10,3,0.175,neutral
VNLCRVCY,4,6,1,2,10,3,0.175,neutral
FFGRVIGD,26,24,19,17,50,36,0.175,neutral
CNCLCHVN,5,5,2,1,10,3,0.175,neutral
YVDDDLVY,9,1,0,3,10,3,0.175,neutral
VYDDDCLD,5,5,2,1,10,3,0.175,neutral
VRYFRDCG,32,18,14,22,50,36,0.175,neutral
VHLFFGDH,5,5,3,0,10,3,0.175,neutral
DIFHIRGC,29,21,17,19,50,36,0.175,neutral
LIVYFFGN,5,5,2,1,10,3,0.175,neutral
FVYSRGGV,5,5,2,1,10,3,0.175,neutral
FIHVSVGI,34,16,18,18,50,36,0.175,neutral
FIFSLGDF,34,16,13,23,50,36,0.175,neutral
IICCRYVR,9,1,2,1,10,3,0.175,neutral
FFYFVCCF,8,2,3,0,10,3,0.175,neutral
LGIHVGLR,61,46,36,47,107,83,0.17518248175182483,neutral
FNVCNIIR,42,25,18,32,67,50,0.17525773195876287,neutral
CVRRLLYN,42,25,21,29,67,50,0.17525773195876287,neutral
VCDYVSDH,36,31,19,31,67,50,0.17525773195876287,neutral
CFLVSSFD,51,33,30,34,84,64,0.17543859649122806,neutral
HYGVYSLH,20,7,7,10,27,17,0.17543859649122806,neutral
FHDFCRCF,13,14,3,14,27,17,0.17543859649122806,neutral
FFVLNRCY,18,9,9,8,27,17,0.17543859649122806,neutral
CGSFGCFV,11,16,10,7,27,17,0.17543859649122806,neutral
CNVVFYGH,14,13,5,12,27,17,0.17543859649122806,neutral
FSICNCRC,17,10,8,9,27,17,0.17543859649122806,neutral
SYRCVLVC,15,12,9,8,27,17,0.17543859649122806,neutral
IDCFVNLH,19,8,13,4,27,17,0.17543859649122806,neutral
LGDGGGFH,17,10,6,11,27,17,0.17543859649122806,neutral
HGCFGGYC,16,11,4,13,27,17,0.17543859649122806,neutral
YCCYFFSS,19,8,7,10,27,17,0.17543859649122806,neutral
NFVHCIIH,17,10,8,9,27,17,0.17543859649122806,neutral
NYLGFDSL,18,9,8,9,27,17,0.17543859649122806,neutral
SFGDLCYF,58,43,44,34,101,78,0.17557251908396945,neutral
ICYDYDDI,26,18,14,17,44,31,0.17567567567567569,neutral
YYGRVHCV,25,19,16,15,44,31,0.17567567567567569,neutral
SFRIVLRV,25,19,14,17,44,31,0.17567567567567569,neutral
RGVFVFDY,23,21,11,20,44,31,0.17567567567567569,neutral
YFVHNRDD,31,13,15,16,44,31,0.17567567567567569,neutral
FNFNSNSC,27,17,13,18,44,31,0.17567567567567569,neutral
FSFHGFVG,30,14,9,22,44,31,0.17567567567567569,neutral
FYYSYVDG,25,19,14,17,44,31,0.17567567567567569,neutral
VFFNDFLV,25,19,16,15,44,31,0.17567567567567569,neutral
VCVFNFSV,30,14,18,13,44,31,0.17567567567567569,neutral
FYYSCNFH,30,14,16,15,44,31,0.17567567567567569,neutral
RSCCRCND,77,58,47,59,135,106,0.17575757575757575,neutral
FIDCFYSL,38,23,16,29,61,45,0.17582417582417584,neutral
NCCLYGGN,40,21,21,24,61,45,0.17582417582417584,neutral
LFVRRCFL,35,26,17,28,61,45,0.17582417582417584,neutral
GFYISCCD,35,26,21,24,61,45,0.17582417582417584,neutral
YYCSRDRH,39,22,25,20,61,45,0.17582417582417584,neutral
LVDYGFYY,33,28,20,25,61,45,0.17582417582417584,neutral
CCVCGGGD,46,32,30,29,78,59,0.17592592592592593,neutral
VFILGGDS,42,36,28,31,78,59,0.17592592592592593,neutral
FYNFDIVV,46,32,30,29,78,59,0.17592592592592593,neutral
FVILGGCL,44,34,26,33,78,59,0.17592592592592593,neutral
LCCSCGYD,52,43,35,38,95,73,0.176,neutral
VNVLLYDH,56,39,30,43,95,73,0.176,neutral
FVYCFGCG,13,8,6,6,21,12,0.17647058823529413,neutral
SFFYVNCL,37,18,19,21,55,40,0.17647058823529413,neutral
YCSCFSIG,14,7,7,5,21,12,0.17647058823529413,neutral
YYGHGFVL,9,12,2,10,21,12,0.17647058823529413,neutral
GCIFCVHG,12,9,4,8,21,12,0.17647058823529413,neutral
FLRRLNSS,52,37,42,26,89,68,0.17647058823529413,neutral
FCHCVDRY,33,22,15,25,55,40,0.17647058823529413,neutral
DYVFCNDL,34,21,15,25,55,40,0.17647058823529413,neutral
NCGVCCFF,12,9,7,5,21,12,0.17647058823529413,neutral
HYDLVHVV,27,11,13,13,38,26,0.17647058823529413,neutral
YVHRNCGF,11,10,10,2,21,12,0.17647058823529413,neutral
FFCNGGDD,33,22,20,20,55,40,0.17647058823529413,neutral
VYGHVLCL,6,15,7,5,21,12,0.17647058823529413,neutral
CDSCGCID,33,22,23,17,55,40,0.17647058823529413,neutral
LLRCGHDC,32,23,17,23,55,40,0.17647058823529413,neutral
IFIGSVCI,13,8,4,8,21,12,0.17647058823529413,neutral
DCHSSFYH,36,19,23,17,55,40,0.17647058823529413,neutral
DFCSCFGC,15,6,6,6,21,12,0.17647058823529413,neutral
FFGRGRYS,35,20,18,22,55,40,0.17647058823529413,neutral
ICCGCFGV,12,9,5,7,21,12,0.17647058823529413,neutral
VFFSGGVC,31,24,18,22,55,40,0.17647058823529413,neutral
FSIGCHNC,34,21,20,20,55,40,0.17647058823529413,neutral
YILGGSFL,15,6,6,6,21,12,0.17647058823529413,neutral
CLIYNYVN,48,41,34,34,89,68,0.17647058823529413,neutral
YSCCYDYF,12,9,5,7,21,12,0.17647058823529413,neutral
FICCVGYV,14,7,5,7,21,12,0.17647058823529413,neutral
YLGCVSYG,16,5,6,6,21,12,0.17647058823529413,neutral
GFYRLHCV,12,9,6,6,21,12,0.17647058823529413,neutral
LIYVVVFF,16,5,6,6,21,12,0.17647058823529413,neutral
FGYFDSCL,11,10,6,6,21,12,0.17647058823529413,neutral
LSFCDGLS,37,18,22,18,55,40,0.17647058823529413,neutral
GYVLVDFC,30,25,28,12,55,40,0.17647058823529413,neutral
IFDIVCSY,12,9,5,7,21,12,0.17647058823529413,neutral
FCYGYSGV,16,5,7,5,21,12,0.17647058823529413,neutral
CSVGCGCD,12,9,4,8,21,12,0.17647058823529413,neutral
CCDFRYSN,16,5,6,6,21,12,0.17647058823529413,neutral
LSYYGVFC,15,6,9,3,21,12,0.17647058823529413,neutral
FGDCFIYY,24,14,11,15,38,26,0.17647058823529413,neutral
RRIGFDIY,11,10,2,10,21,12,0.17647058823529413,neutral
SDVRISVF,51,49,40,37,100,77,0.17692307692307693,neutral
IFSGHLCG,54,46,31,46,100,77,0.17692307692307693,neutral
VCGGFCGD,45,38,25,38,83,63,0.17699115044247787,neutral
RGCGFDDG,38,28,25,24,66,49,0.17708333333333334,neutral
FSFFNCCL,38,28,24,25,66,49,0.17708333333333334,neutral
LFSCYFGH,40,26,23,26,66,49,0.17708333333333334,neutral
SYGCVLDG,40,26,18,31,66,49,0.17708333333333334,neutral
VFLSSHHL,40,26,31,18,66,49,0.17708333333333334,neutral
HCGIGVLC,37,29,28,21,66,49,0.17708333333333334,neutral
VFCDCRVL,35,31,25,24,66,49,0.17708333333333334,neutral
LLNSLCNV,79,66,56,58,145,114,0.17714285714285713,neutral
FFCHHDYF,33,16,18,17,49,35,0.17721518987341772,neutral
VFGCCGVL,27,22,17,18,49,35,0.17721518987341772,neutral
LFIFGGRH,28,21,12,23,49,35,0.17721518987341772,neutral
VYCRGYRR,27,22,15,20,49,35,0.17721518987341772,neutral
YVNCSNCH,65,46,36,50,111,86,0.1773049645390071,neutral
RFFVVRYG,18,14,11,10,32,21,0.1774193548387097,neutral
LDNGCGCL,50,44,38,34,94,72,0.1774193548387097,neutral
HICVCGVY,23,9,4,17,32,21,0.1774193548387097,neutral
VNHCNVVF,18,14,9,12,32,21,0.1774193548387097,neutral
LCHRLIFR,19,13,13,8,32,21,0.1774193548387097,neutral
GCDCYRNV,22,10,12,9,32,21,0.1774193548387097,neutral
FFSVGGVG,18,14,4,17,32,21,0.1774193548387097,neutral
FHSFFFDR,21,11,10,11,32,21,0.1774193548387097,neutral
CDGSCVYS,23,9,8,13,32,21,0.1774193548387097,neutral
SFDIISVL,23,9,7,14,32,21,0.1774193548387097,neutral
CFDGLGVL,15,17,11,10,32,21,0.1774193548387097,neutral
RNNFFGGV,15,17,5,16,32,21,0.1774193548387097,neutral
CIRGGFYH,24,8,8,13,32,21,0.1774193548387097,neutral
NCHGVCCG,16,16,15,6,32,21,0.1774193548387097,neutral
VDSLFLHV,21,11,9,12,32,21,0.1774193548387097,neutral
DCCCIYSD,56,38,38,34,94,72,0.1774193548387097,neutral
FYGGYICH,20,12,11,10,32,21,0.1774193548387097,neutral
GVHLLGSS,45,32,31,27,77,58,0.17757009345794392,neutral
YYGRVCVS,46,31,23,35,77,58,0.17757009345794392,neutral
NVVGVCCF,11,4,3,4,15,7,0.17777777777777778,neutral
FCYHIGGL,9,6,4,3,15,7,0.17777777777777778,neutral
VICVGLCH,9,6,2,5,15,7,0.17777777777777778,neutral
YDCCIDIS,9,6,3,4,15,7,0.17777777777777778,neutral
FFGYGLRH,9,6,4,3,15,7,0.17777777777777778,neutral
RIRINDHV,33,27,20,24,60,44,0.17777777777777778,neutral
HGNCCIFG,13,2,2,5,15,7,0.17777777777777778,neutral
FYRFIVFG,12,3,3,4,15,7,0.17777777777777778,neutral
CYDYYIDC,9,6,5,2,15,7,0.17777777777777778,neutral
LGCFGLFC,9,6,3,4,15,7,0.17777777777777778,neutral
FSVHGFCC,10,5,6,1,15,7,0.17777777777777778,neutral
CFIGGLHS,9,6,2,5,15,7,0.17777777777777778,neutral
HGCRGYLC,9,6,5,2,15,7,0.17777777777777778,neutral
FYDGVIFC,11,4,2,5,15,7,0.17777777777777778,neutral
CFYLNRCC,11,4,5,2,15,7,0.17777777777777778,neutral
CFGCDGVI,8,7,4,3,15,7,0.17777777777777778,neutral
LNLLHRND,8,7,1,6,15,7,0.17777777777777778,neutral
GHCFCLFH,9,6,3,4,15,7,0.17777777777777778,neutral
YHFCDDYV,11,4,3,4,15,7,0.17777777777777778,neutral
CNCCIGNG,11,4,4,3,15,7,0.17777777777777778,neutral
YNNCDCGR,35,25,23,21,60,44,0.17777777777777778,neutral
FGFDVGYL,4,11,1,6,15,7,0.17777777777777778,neutral
IVIDIFSG,10,5,3,4,15,7,0.17777777777777778,neutral
YVCGGIDL,10,5,4,3,15,7,0.17777777777777778,neutral
DSFLDICG,11,4,4,3,15,7,0.17777777777777778,neutral
VDFCVYRR,36,24,19,25,60,44,0.17777777777777778,neutral
SSFCCDSS,9,6,5,2,15,7,0.17777777777777778,neutral
YNINYSLI,10,5,6,1,15,7,0.17777777777777778,neutral
FDFVYSVV,6,9,2,5,15,7,0.17777777777777778,neutral
GICYIDGC,12,3,5,2,15,7,0.17777777777777778,neutral
YYDCLVGF,33,27,21,23,60,44,0.17777777777777778,neutral
FFCYSFRR,10,5,4,3,15,7,0.17777777777777778,neutral
FHIYGCRY,11,4,3,4,15,7,0.17777777777777778,neutral
GCRFCIFD,8,7,5,2,15,7,0.17777777777777778,neutral
VCICNFNL,12,3,3,4,15,7,0.17777777777777778,neutral
CCGIGHHL,12,3,3,4,15,7,0.17777777777777778,neutral
YGNLNCVC,37,23,21,23,60,44,0.17777777777777778,neutral
FGGNFRGY,11,4,3,4,15,7,0.17777777777777778,neutral
CYFGLYGF,11,4,4,3,15,7,0.17777777777777778,neutral
DRRIIVFR,9,6,3,4,15,7,0.17777777777777778,neutral
SIDSVILY,11,4,2,5,15,7,0.17777777777777778,neutral
SGCCIYIV,11,4,4,3,15,7,0.17777777777777778,neutral
SYCLLDHV,10,5,4,3,15,7,0.17777777777777778,neutral
NIFLCVGG,49,39,30,37,88,67,0.17796610169491525,neutral
FYDCHCGV,52,36,36,31,88,67,0.17796610169491525,neutral
VGLVGVCC,48,40,34,33,88,67,0.17796610169491525,neutral
FCSGLRGG,90,71,55,72,161,127,0.17801047120418848,neutral
GVDFLVCL,25,18,19,11,43,30,0.1780821917808219,neutral
LLICNSHS,25,18,12,18,43,30,0.1780821917808219,neutral
NLRYVCVG,28,15,15,15,43,30,0.1780821917808219,neutral
FFSGNVSL,28,15,12,18,43,30,0.1780821917808219,neutral
GYFDRYCI,27,16,15,15,43,30,0.1780821917808219,neutral
NVRRVHYG,27,16,12,18,43,30,0.1780821917808219,neutral
FYHGCVRI,40,31,24,29,71,53,0.1782178217821782,neutral
NVIDICND,38,33,23,30,71,53,0.1782178217821782,neutral
HVGFFRVG,35,36,23,30,71,53,0.1782178217821782,neutral
NLIGLFHS,53,46,38,38,99,76,0.17829457364341086,neutral
VYGNCVCV,72,55,41,58,127,99,0.17834394904458598,neutral
FRCDCYFC,10,16,5,11,26,16,0.17857142857142858,neutral
RFHCHFLI,15,11,11,5,26,16,0.17857142857142858,neutral
RLFCDGGS,31,23,28,11,54,39,0.17857142857142858,neutral
VNSFFCCV,50,32,33,29,82,62,0.17857142857142858,neutral
LDNFFFNY,13,13,8,8,26,16,0.17857142857142858,neutral
RVFDHFFH,15,11,11,5,26,16,0.17857142857142858,neutral
CGLFDLFL,17,9,3,13,26,16,0.17857142857142858,neutral
FCSIGCFL,16,10,9,7,26,16,0.17857142857142858,neutral
CSLYGCSS,18,8,9,7,26,16,0.17857142857142858,neutral
FVCVGGCF,18,8,11,5,26,16,0.17857142857142858,neutral
VSCFRVCV,18,8,5,11,26,16,0.17857142857142858,neutral
YVFRIHSL,8,18,6,10,26,16,0.17857142857142858,neutral
YFGVGLFG,17,9,6,10,26,16,0.17857142857142858,neutral
FFCDHFCH,21,5,10,6,26,16,0.17857142857142858,neutral
RVYYFFDY,17,9,12,4,26,16,0.17857142857142858,neutral
FCCNHDVG,87,79,75,56,166,131,0.17857142857142858,neutral
LCCFRGSI,16,10,11,5,26,16,0.17857142857142858,neutral
CFFRDGIG,18,8,7,9,26,16,0.17857142857142858,neutral
LGYNCGYI,17,9,6,10,26,16,0.17857142857142858,neutral
CFGDYGLR,14,12,10,6,26,16,0.17857142857142858,neutral
FFGCVRGY,18,8,9,7,26,16,0.17857142857142858,neutral
CFVYVCGG,17,9,5,11,26,16,0.17857142857142858,neutral
GYILDFVR,19,7,6,10,26,16,0.17857142857142858,neutral
CCGVYGYD,76,62,51,57,138,108,0.17857142857142858,neutral
VCCIFDDH,21,5,4,12,26,16,0.17857142857142858,neutral
DGCVFRCF,18,8,7,9,26,16,0.17857142857142858,neutral
HDCIHYCN,61,49,41,44,110,85,0.17857142857142858,neutral
LIFIINDG,16,10,7,9,26,16,0.17857142857142858,neutral
HIYIGIDG,14,12,11,5,26,16,0.17857142857142858,neutral
YVNFDVHR,21,5,6,10,26,16,0.17857142857142858,neutral
SDCCLGRC,49,33,27,35,82,62,0.17857142857142858,neutral
DFCCVHDD,15,11,7,9,26,16,0.17857142857142858,neutral
GRGFYYFG,14,12,6,10,26,16,0.17857142857142858,neutral
RLHVDIHC,51,42,38,33,93,71,0.17886178861788618,neutral
VYIVHDCG,47,46,26,45,93,71,0.17886178861788618,neutral
FVGFDVGS,36,29,23,25,65,48,0.17894736842105263,neutral
FRRCGCSR,40,25,20,28,65,48,0.17894736842105263,neutral
CVNFVLGR,74,58,45,58,132,103,0.17901234567901234,neutral
NVDSVHFI,23,14,14,11,37,25,0.1791044776119403,neutral
CIHFCSGG,26,11,12,13,37,25,0.1791044776119403,neutral
IILNCVSD,23,14,12,13,37,25,0.1791044776119403,neutral
GYFYGCNY,21,16,9,16,37,25,0.1791044776119403,neutral
FVDSLVDV,18,19,10,15,37,25,0.1791044776119403,neutral
HCCYVFGG,21,16,11,14,37,25,0.1791044776119403,neutral
FSDSCYRR,21,16,15,10,37,25,0.1791044776119403,neutral
SGRFYRGR,59,45,38,42,104,80,0.1791044776119403,neutral
FLDRCYVV,60,44,39,41,104,80,0.1791044776119403,neutral
FCYGSDLF,23,14,13,12,37,25,0.1791044776119403,neutral
CNLDGGGY,45,31,25,32,76,57,0.1792452830188679,neutral
SCNRFIDV,52,35,30,36,87,66,0.1794871794871795,neutral
FFYDLFNF,7,2,1,1,9,2,0.1794871794871795,neutral
LFGLFICH,3,6,1,1,9,2,0.1794871794871795,neutral
CSDCYCRG,5,4,1,1,9,2,0.1794871794871795,neutral
CCCGCVSV,7,2,0,2,9,2,0.1794871794871795,neutral
RCCGFSCG,5,4,1,1,9,2,0.1794871794871795,neutral
CFCFFCHC,7,2,0,2,9,2,0.1794871794871795,neutral
CNFCGDHY,29,19,16,18,48,34,0.1794871794871795,neutral
NYGCRDCY,7,2,2,0,9,2,0.1794871794871795,neutral
NCCLGIVI,50,37,28,38,87,66,0.1794871794871795,neutral
VYFCVLCY,5,4,1,1,9,2,0.1794871794871795,neutral
LCSSGLYC,7,2,1,1,9,2,0.1794871794871795,neutral
GYLFVSYC,5,4,1,1,9,2,0.1794871794871795,neutral
FLDSYYRN,8,1,1,1,9,2,0.1794871794871795,neutral
FLFDSDCV,6,3,1,1,9,2,0.1794871794871795,neutral
CFDLCYCL,7,2,1,1,9,2,0.1794871794871795,neutral
LDCFDHNF,8,1,0,2,9,2,0.1794871794871795,neutral
VLFVGGDS,28,20,14,20,48,34,0.1794871794871795,neutral
SCFFDVVD,32,16,14,20,48,34,0.1794871794871795,neutral
FCVCNGIR,33,15,21,13,48,34,0.1794871794871795,neutral
SCVIVHHN,4,5,1,1,9,2,0.1794871794871795,neutral
FHLCCLCY,6,3,1,1,9,2,0.1794871794871795,neutral
CCFVFFDL,8,1,1,1,9,2,0.1794871794871795,neutral
FSYGDIGD,6,3,1,1,9,2,0.1794871794871795,neutral
CIVCLICF,6,3,0,2,9,2,0.1794871794871795,neutral
GFNCRDII,29,19,9,25,48,34,0.1794871794871795,neutral
NFRFSLGV,5,4,1,1,9,2,0.1794871794871795,neutral
NRFYIDLC,31,17,18,16,48,34,0.1794871794871795,neutral
CILYNDRY,7,2,0,2,9,2,0.1794871794871795,neutral
VGCFFYIS,5,4,0,2,9,2,0.1794871794871795,neutral
LRYSILFH,4,5,1,1,9,2,0.1794871794871795,neutral
HYCLSFYS,5,4,0,2,9,2,0.1794871794871795,neutral
FCYCDSVV,5,4,0,2,9,2,0.1794871794871795,neutral
SCLRYNRL,27,21,20,14,48,34,0.1794871794871795,neutral
FVVCRGCG,6,3,1,1,9,2,0.1794871794871795,neutral
CCSFGISV,45,42,29,37,87,66,0.1794871794871795,neutral
FDCVCCCL,4,5,0,2,9,2,0.1794871794871795,neutral
LVFIVCDL,7,2,1,1,9,2,0.1794871794871795,neutral
LINCSRCF,6,3,0,2,9,2,0.1794871794871795,neutral
CYLRYVGS,28,20,11,23,48,34,0.1794871794871795,neutral
FFDHYVLC,1,8,2,0,9,2,0.1794871794871795,neutral
GICSLCDL,6,3,1,1,9,2,0.1794871794871795,neutral
RIFYHNLC,8,1,1,1,9,2,0.1794871794871795,neutral
VVCILCVL,6,3,1,1,9,2,0.1794871794871795,neutral
YRCRVCDG,5,4,0,2,9,2,0.1794871794871795,neutral
CINCVCIR,6,3,2,0,9,2,0.1794871794871795,neutral
HYGGHYNN,25,23,18,16,48,34,0.1794871794871795,neutral
CYRVLLGI,4,5,0,2,9,2,0.1794871794871795,neutral
FGCCRLLG,4,5,1,1,9,2,0.1794871794871795,neutral
FFDDLFGG,6,3,2,0,9,2,0.1794871794871795,neutral
FVCVGFVV,6,3,0,2,9,2,0.1794871794871795,neutral
FCNGDVGL,30,18,16,18,48,34,0.1794871794871795,neutral
IIICICYR,6,3,0,2,9,2,0.1794871794871795,neutral
DVHFDNDG,51,47,34,41,98,75,0.1796875,neutral
VCNSFRFG,31,28,21,22,59,43,0.1797752808988764,neutral
SCVVFVDG,39,20,21,22,59,43,0.1797752808988764,neutral
NIFCCIGH,12,8,3,8,20,11,0.18,neutral
RDCCFFRG,40,30,20,32,70,52,0.18,neutral
FYCCIDRL,14,6,7,4,20,11,0.18,neutral
VIIDLFDL,40,30,25,27,70,52,0.18,neutral
VFIGYSCI,15,5,7,4,20,11,0.18,neutral
CHYDCIGI,10,10,7,4,20,11,0.18,neutral
IFIYHSSV,15,5,8,3,20,11,0.18,neutral
CYNFGVDS,12,8,5,6,20,11,0.18,neutral
DCHVCLIG,13,7,5,6,20,11,0.18,neutral
FFYIGCHS,16,4,2,9,20,11,0.18,neutral
LLCFVVDR,18,2,4,7,20,11,0.18,neutral
DFCCCIGI,12,8,7,4,20,11,0.18,neutral
FYVSRFYI,17,3,7,4,20,11,0.18,neutral
DHDGFRFS,43,27,25,27,70,52,0.18,neutral
CCVDSRYS,43,27,24,28,70,52,0.18,neutral
GCYGIYNV,13,7,3,8,20,11,0.18,neutral
FRCFRYNG,15,5,3,8,20,11,0.18,neutral
DFGHNHGR,43,27,28,24,70,52,0.18,neutral
IFINHSFF,44,26,22,30,70,52,0.18,neutral
YIYCSGVS,11,9,4,7,20,11,0.18,neutral
YCCYRHRH,14,6,2,9,20,11,0.18,neutral
HCFFGRSF,40,41,27,34,81,61,0.18018018018018017,neutral
RRFVFDHD,50,31,33,28,81,61,0.18018018018018017,neutral
GGICCYYH,14,17,12,8,31,20,0.18032786885245902,neutral
FCCFVDVC,21,10,7,13,31,20,0.18032786885245902,neutral
FCFRGLCL,25,6,7,13,31,20,0.18032786885245902,neutral
GNIYDGDY,18,13,13,7,31,20,0.18032786885245902,neutral
NDFNHCLR,17,14,8,12,31,20,0.18032786885245902,neutral
CYDVVYVN,23,8,13,7,31,20,0.18032786885245902,neutral
SGDRCYCG,20,11,11,9,31,20,0.18032786885245902,neutral
RHYICLDV,22,9,10,10,31,20,0.18032786885245902,neutral
DGYYCFCG,21,10,11,9,31,20,0.18032786885245902,neutral
LGVFFFNS,18,13,9,11,31,20,0.18032786885245902,neutral
LCIHFGCH,19,12,10,10,31,20,0.18032786885245902,neutral
GGGLYDGY,18,13,8,12,31,20,0.18032786885245902,neutral
VCGVVYSL,15,16,10,10,31,20,0.18032786885245902,neutral
SIVFGYFH,19,12,8,12,31,20,0.18032786885245902,neutral
FFFCNYHC,20,11,7,13,31,20,0.18032786885245902,neutral
FDICLNCV,17,14,10,10,31,20,0.18032786885245902,neutral
CFHIHCYD,21,10,8,12,31,20,0.18032786885245902,neutral
FHFGRFGC,23,8,9,11,31,20,0.18032786885245902,neutral
RFFDRYVG,86,78,65,64,164,129,0.18041237113402062,neutral
GFSCFFSC,60,43,33,46,103,79,0.18045112781954886,neutral
VRYDHRSG,56,47,38,41,103,79,0.18045112781954886,neutral
DDSDDIGY,27,15,13,16,42,29,0.18055555555555555,neutral
LLVNRDYV,30,12,14,15,42,29,0.18055555555555555,neutral
VRIRDRYD,26,16,12,17,42,29,0.18055555555555555,neutral
NFSDLCFV,26,16,16,13,42,29,0.18055555555555555,neutral
SSHLNGFL,25,17,15,14,42,29,0.18055555555555555,neutral
GGFHGGCG,26,16,11,18,42,29,0.18055555555555555,neutral
FCSIVFGG,28,14,12,17,42,29,0.18055555555555555,neutral
CVYVDCNG,26,16,16,13,42,29,0.18055555555555555,neutral
IVCSVGCG,64,50,45,43,114,88,0.18055555555555555,neutral
YGHHHICV,23,19,9,20,42,29,0.18055555555555555,neutral
YICSHCGH,20,22,11,18,42,29,0.18055555555555555,neutral
FSYRSCCS,28,14,15,14,42,29,0.18055555555555555,neutral
VFFNNRNL,25,17,16,13,42,29,0.18055555555555555,neutral
GCLFFVDG,29,13,16,13,42,29,0.18055555555555555,neutral
VDCFCGDG,25,28,18,20,53,38,0.18072289156626506,neutral
IRCGCRSY,26,27,15,23,53,38,0.18072289156626506,neutral
GFYRVCNC,27,26,19,19,53,38,0.18072289156626506,neutral
DLGHYVGV,33,20,17,21,53,38,0.18072289156626506,neutral
IHCGFCNS,34,19,18,20,53,38,0.18072289156626506,neutral
SHGNFYCS,34,19,25,13,53,38,0.18072289156626506,neutral
GRYYVGSV,32,21,17,21,53,38,0.18072289156626506,neutral
ILGFGVFS,36,17,22,16,53,38,0.18072289156626506,neutral
CFVSNVCV,26,27,18,20,53,38,0.18072289156626506,neutral
HRRRFHHR,31,22,17,21,53,38,0.18072289156626506,neutral
YVNYGRIV,35,29,20,27,64,47,0.18085106382978725,neutral
DLSHGCVG,38,26,25,22,64,47,0.18085106382978725,neutral
VFGICVGL,37,27,18,29,64,47,0.18085106382978725,neutral
GCDCIVNG,36,39,27,29,75,56,0.18095238095238095,neutral
FDNCHGLR,46,40,32,33,86,65,0.1810344827586207,neutral
YFGSIGNN,49,37,27,38,86,65,0.1810344827586207,neutral
FHDFFFGC,52,34,33,32,86,65,0.1810344827586207,neutral
CVGYVCGR,54,43,34,40,97,74,0.18110236220472442,neutral
RCYLHVNL,61,47,34,49,108,83,0.18115942028985507,neutral
FCGRYIGC,62,46,45,38,108,83,0.18115942028985507,neutral
CFCSGLNG,68,62,49,52,130,101,0.18125,neutral
FCGSLINI,16,9,7,8,25,15,0.18181818181818182,neutral
LSGHRFCH,42,27,21,30,69,51,0.18181818181818182,neutral
CLDFSRIG,9,5,4,2,14,6,0.18181818181818182,neutral
VYFGCCSI,30,17,17,16,47,33,0.18181818181818182,neutral
CYFCSGIG,22,14,11,13,36,24,0.18181818181818182,neutral
VIDSVCII,12,2,3,3,14,6,0.18181818181818182,neutral
CSFGRSCC,23,13,11,13,36,24,0.18181818181818182,neutral
CIRRICIR,46,34,28,32,80,60,0.18181818181818182,neutral
GGFCLFYG,13,12,7,8,25,15,0.18181818181818182,neutral
FVIRDVLY,9,5,3,3,14,6,0.18181818181818182,neutral
CIYVCNYS,47,33,26,34,80,60,0.18181818181818182,neutral
INIHCVDL,11,3,4,2,14,6,0.18181818181818182,neutral
VVHCFYGV,18,18,9,15,36,24,0.18181818181818182,neutral
FVCFDCSV,8,6,3,3,14,6,0.18181818181818182,neutral
VRFFRCRR,43,26,29,22,69,51,0.18181818181818182,neutral
FCNVHFVC,12,13,9,6,25,15,0.18181818181818182,neutral
IRRGLNFS,49,31,29,31,80,60,0.18181818181818182,neutral
YVDYILFS,17,19,13,11,36,24,0.18181818181818182,neutral
NDFGFGIF,7,7,3,3,14,6,0.18181818181818182,neutral
RNFDVGLC,33,14,9,24,47,33,0.18181818181818182,neutral
NNYFLGDG,42,27,25,26,69,51,0.18181818181818182,neutral
DIVFRVSV,25,11,10,14,36,24,0.18181818181818182,neutral
FLIGLRCC,9,5,3,3,14,6,0.18181818181818182,neutral
RYCNGFGI,37,21,23,19,58,42,0.18181818181818182,neutral
VYVNSFCC,7,7,6,0,14,6,0.18181818181818182,neutral
GYRFSGFR,22,14,13,11,36,24,0.18181818181818182,neutral
HCSCRHVD,37,21,22,20,58,42,0.18181818181818182,neutral
FFNNNVNH,7,7,1,5,14,6,0.18181818181818182,neutral
NFGRGSFH,26,21,13,20,47,33,0.18181818181818182,neutral
FCYGDRFS,19,17,13,11,36,24,0.18181818181818182,neutral
RGCCGCRL,38,20,22,20,58,42,0.18181818181818182,neutral
CDIHGIVC,17,8,6,9,25,15,0.18181818181818182,neutral
SHGCILCY,49,31,30,30,80,60,0.18181818181818182,neutral
CYGLGGVG,17,19,11,13,36,24,0.18181818181818182,neutral
CHGFLSVG,22,25,12,21,47,33,0.18181818181818182,neutral
HCCFCVCS,11,3,3,3,14,6,0.18181818181818182,neutral
ILCRFRGL,42,27,24,27,69,51,0.18181818181818182,neutral
DGNCHCLY,10,4,3,3,14,6,0.18181818181818182,neutral
CFCLVYDG,21,15,15,9,36,24,0.18181818181818182,neutral
DCVRIYYR,12,2,6,0,14,6,0.18181818181818182,neutral
CFHSGLCC,11,3,2,4,14,6,0.18181818181818182,neutral
FYSNRGCN,14,11,9,6,25,15,0.18181818181818182,neutral
HGGGCVYD,29,18,16,17,47,33,0.18181818181818182,neutral
RHYDFLSV,26,21,17,16,47,33,0.18181818181818182,neutral
FRCRCGGG,18,7,10,5,25,15,0.18181818181818182,neutral
NNCIFNYD,10,4,3,3,14,6,0.18181818181818182,neutral
DYICCLSN,31,27,21,21,58,42,0.18181818181818182,neutral
YLYGDFHS,8,6,2,4,14,6,0.18181818181818182,neutral
IVGLFGFV,26,10,9,15,36,24,0.18181818181818182,neutral
FFCHIGRV,24,12,15,9,36,24,0.18181818181818182,neutral
FYFVVFHY,11,3,1,5,14,6,0.18181818181818182,neutral
VCLNRGIC,18,18,9,15,36,24,0.18181818181818182,neutral
FLRCCGNC,14,11,7,8,25,15,0.18181818181818182,neutral
DHCFGCYH,16,9,8,7,25,15,0.18181818181818182,neutral
LCHHIVGD,33,14,18,15,47,33,0.18181818181818182,neutral
GCYLNVLG,63,50,37,50,113,87,0.18181818181818182,neutral
FCLYVNRR,9,5,2,4,14,6,0.18181818181818182,neutral
GNIFINFI,9,5,2,4,14,6,0.18181818181818182,neutral
FCDCHNHD,38,20,23,19,58,42,0.18181818181818182,neutral
YRLRSISG,28,19,18,15,47,33,0.18181818181818182,neutral
GYGLGCHN,42,27,20,31,69,51,0.18181818181818182,neutral
IRCNCCGC,5,9,3,3,14,6,0.18181818181818182,neutral
RDHSCSVF,18,7,5,10,25,15,0.18181818181818182,neutral
GNFCYCHF,16,9,9,6,25,15,0.18181818181818182,neutral
NYSVVNDY,25,11,14,10,36,24,0.18181818181818182,neutral
VCLVDGCN,17,8,9,6,25,15,0.18181818181818182,neutral
CCNLFRGC,55,36,33,36,91,69,0.18181818181818182,neutral
VFFCVVFG,10,4,5,1,14,6,0.18181818181818182,neutral
YGCCFYGH,9,5,1,5,14,6,0.18181818181818182,neutral
VHVIRCVH,74,61,49,56,135,105,0.18181818181818182,neutral
YVRCCSLN,37,21,19,23,58,42,0.18181818181818182,neutral
RDFSCCHY,13,12,6,9,25,15,0.18181818181818182,neutral
CYHDFSVR,14,11,12,3,25,15,0.18181818181818182,neutral
FYDFCNCL,6,8,3,3,14,6,0.18181818181818182,neutral
RFFNLVRC,43,26,27,24,69,51,0.18181818181818182,neutral
CVLSRHCL,41,28,25,26,69,51,0.18181818181818182,neutral
CYFGGLDF,49,36,30,34,85,64,0.1826086956521739,neutral
VCRRNGCC,43,31,33,22,74,55,0.18269230769230768,neutral
HCCSRLVS,45,29,22,33,74,55,0.18269230769230768,neutral
GYRGIVSY,44,30,24,31,74,55,0.18269230769230768,neutral
FILDGLGR,41,22,18,28,63,46,0.1827956989247312,neutral
YGINIFRS,39,24,23,23,63,46,0.1827956989247312,neutral
FVCSLVGN,41,22,16,30,63,46,0.1827956989247312,neutral
YLLHGIDF,36,27,17,29,63,46,0.1827956989247312,neutral
YHDFFIGC,34,29,18,28,63,46,0.1827956989247312,neutral
LSVRHIFR,35,28,28,18,63,46,0.1827956989247312,neutral
VCHRDRCG,39,24,20,26,63,46,0.1827956989247312,neutral
DYVSRFDR,35,28,24,22,63,46,0.1827956989247312,neutral
FYIDDFFL,32,20,17,20,52,37,0.18292682926829268,neutral
VNDFLRSD,30,22,16,21,52,37,0.18292682926829268,neutral
LLSDSFLY,30,22,17,20,52,37,0.18292682926829268,neutral
CCYDGFLV,34,18,12,25,52,37,0.18292682926829268,neutral
VLLNCFRV,75,59,54,50,134,104,0.18292682926829268,neutral
LDCRFSVF,30,22,17,20,52,37,0.18292682926829268,neutral
FCDIFHIR,34,18,15,22,52,37,0.18292682926829268,neutral
VYCFLRRN,35,17,19,18,52,37,0.18292682926829268,neutral
ICGDILFG,25,16,13,15,41,28,0.18309859154929578,neutral
CYDFLLHD,24,17,13,15,41,28,0.18309859154929578,neutral
GFLCVHCS,28,13,18,10,41,28,0.18309859154929578,neutral
FCGYVFND,21,20,17,11,41,28,0.18309859154929578,neutral
CFFSGGVV,27,14,16,12,41,28,0.18309859154929578,neutral
YNGVCNGI,22,19,15,13,41,28,0.18309859154929578,neutral
VCVLCSHL,23,18,11,17,41,28,0.18309859154929578,neutral
IFSSSFSH,28,13,10,18,41,28,0.18309859154929578,neutral
FILHSVSG,25,16,12,16,41,28,0.18309859154929578,neutral
GSCHILCF,28,13,14,14,41,28,0.18309859154929578,neutral
FFNLICGV,26,15,12,16,41,28,0.18309859154929578,neutral
FGVCYRRC,24,17,14,14,41,28,0.18309859154929578,neutral
YCYNIVCH,26,15,13,15,41,28,0.18309859154929578,neutral
VCVFCSRG,22,19,17,11,41,28,0.18309859154929578,neutral
SIDVHYIG,58,43,43,34,101,77,0.183206106870229,neutral
FFSYCRSH,60,41,37,40,101,77,0.183206106870229,neutral
DYVFCGRG,56,45,41,36,101,77,0.183206106870229,neutral
CFYYLVGN,60,41,37,40,101,77,0.183206106870229,neutral
CNSFSRVF,21,9,7,12,30,19,0.18333333333333332,neutral
GYYSRSCR,48,42,32,36,90,68,0.18333333333333332,neutral
SYCGNDCV,51,39,25,43,90,68,0.18333333333333332,neutral
GFVGIYSI,20,10,5,14,30,19,0.18333333333333332,neutral
YICFFHFH,17,13,4,15,30,19,0.18333333333333332,neutral
FRSYVRCI,12,18,11,8,30,19,0.18333333333333332,neutral
FVSNFHSV,20,10,9,10,30,19,0.18333333333333332,neutral
ICVSYHCD,20,10,11,8,30,19,0.18333333333333332,neutral
CDFIFDNS,21,9,8,11,30,19,0.18333333333333332,neutral
HYFSYNCG,18,12,8,11,30,19,0.18333333333333332,neutral
YGGVCCHG,14,16,9,10,30,19,0.18333333333333332,neutral
ICFSRCFD,16,14,10,9,30,19,0.18333333333333332,neutral
YIVFNCVG,14,16,9,10,30,19,0.18333333333333332,neutral
CYVSICGF,20,10,11,8,30,19,0.18333333333333332,neutral
ICFDSGFH,15,15,13,6,30,19,0.18333333333333332,neutral
FVLSLCNH,17,13,11,8,30,19,0.18333333333333332,neutral
NLVFDSCR,23,7,12,7,30,19,0.18333333333333332,neutral
YSFICCSV,11,8,3,7,19,10,0.1836734693877551,neutral
VLYSNSFR,14,5,4,6,19,10,0.1836734693877551,neutral
CRCVIHLV,11,8,3,7,19,10,0.1836734693877551,neutral
DYVHLHLC,7,12,4,6,19,10,0.1836734693877551,neutral
FSNICDVY,13,6,6,4,19,10,0.1836734693877551,neutral
CYGVCGFD,8,11,6,4,19,10,0.1836734693877551,neutral
DFNDIYGR,14,5,2,8,19,10,0.1836734693877551,neutral
FFVGLCSR,15,4,4,6,19,10,0.1836734693877551,neutral
VGLCCDHV,40,28,29,21,68,50,0.1836734693877551,neutral
GFRSRNYD,36,32,23,27,68,50,0.1836734693877551,neutral
VCFSFGCF,9,10,7,3,19,10,0.1836734693877551,neutral
FRLRSLGN,38,30,27,23,68,50,0.1836734693877551,neutral
FGVSFICS,17,2,5,5,19,10,0.1836734693877551,neutral
SCSCDLRF,11,8,6,4,19,10,0.1836734693877551,neutral
VCLICCGV,14,5,5,5,19,10,0.1836734693877551,neutral
SCYHVGDG,12,7,6,4,19,10,0.1836734693877551,neutral
CIHHFFCH,14,5,5,5,19,10,0.1836734693877551,neutral
FGHVFFVR,14,5,6,4,19,10,0.1836734693877551,neutral
VLCFVSRS,14,5,4,6,19,10,0.1836734693877551,neutral
LIDCLRGD,11,8,7,3,19,10,0.1836734693877551,neutral
SYFRNLRC,67,50,49,41,117,90,0.1836734693877551,neutral
GVNVYCYI,7,12,4,6,19,10,0.1836734693877551,neutral
SHHHGGCC,9,10,6,4,19,10,0.1836734693877551,neutral
HSFCHHHV,36,32,22,28,68,50,0.1836734693877551,neutral
YLFDYHIN,12,7,7,3,19,10,0.1836734693877551,neutral
FGDLLLSG,59,47,40,41,106,81,0.18382352941176472,neutral
GCYVVFGH,59,47,35,46,106,81,0.18382352941176472,neutral
VFGCIVSV,30,27,24,17,57,41,0.1839080459770115,neutral
FCGFVCDG,32,25,16,25,57,41,0.1839080459770115,neutral
GFVYGRGF,33,24,25,16,57,41,0.1839080459770115,neutral
YCDRICSD,32,25,24,17,57,41,0.1839080459770115,neutral
DDGFHICR,53,42,34,38,95,72,0.184,neutral
ILGCFHGR,76,57,52,51,133,103,0.18404907975460122,neutral
SDFCGHVV,89,82,61,73,171,134,0.18407960199004975,neutral
FFFVYFRL,7,1,1,0,8,1,0.18421052631578946,neutral
CYVLICGV,4,4,0,1,8,1,0.18421052631578946,neutral
FGGGVLDY,5,3,1,0,8,1,0.18421052631578946,neutral
GFISYGSG,0,8,0,1,8,1,0.18421052631578946,neutral
GFFHYNNI,4,4,0,1,8,1,0.18421052631578946,neutral
FCVDIGHH,31,15,18,14,46,32,0.18421052631578946,neutral
RNILDHFR,51,33,28,35,84,63,0.18421052631578946,neutral
SHGFYYGY,5,3,1,0,8,1,0.18421052631578946,neutral
GFFYVFFN,4,4,0,1,8,1,0.18421052631578946,neutral
FGYFIVIF,6,2,0,1,8,1,0.18421052631578946,neutral
VDVIFSDD,27,19,10,22,46,32,0.18421052631578946,neutral
ILVCCLSH,5,3,1,0,8,1,0.18421052631578946,neutral
LSYCCCLF,5,3,0,1,8,1,0.18421052631578946,neutral
FYCLVLFH,5,3,0,1,8,1,0.18421052631578946,neutral
SISDDFLI,50,34,35,28,84,63,0.18421052631578946,neutral
CSFCLGSF,5,3,1,0,8,1,0.18421052631578946,neutral
VCCGIYFC,6,2,0,1,8,1,0.18421052631578946,neutral
GIDCVIRF,3,5,0,1,8,1,0.18421052631578946,neutral
CCIFLISG,5,3,1,0,8,1,0.18421052631578946,neutral
VCFCCLCH,3,5,0,1,8,1,0.18421052631578946,neutral
CIVHCYVH,3,5,1,0,8,1,0.18421052631578946,neutral
VVVFSVVG,1,7,1,0,8,1,0.18421052631578946,neutral
SIHRHGLR,7,1,1,0,8,1,0.18421052631578946,neutral
FSGCNGLI,32,14,18,14,46,32,0.18421052631578946,neutral
ICIRCFFV,6,2,0,1,8,1,0.18421052631578946,neutral
CCYFCLFF,6,2,1,0,8,1,0.18421052631578946,neutral
LYFVVILF,4,4,1,0,8,1,0.18421052631578946,neutral
YHCFDVIS,5,3,1,0,8,1,0.18421052631578946,neutral
DCCFRVIG,50,34,35,28,84,63,0.18421052631578946,neutral
VFFIHINY,5,3,1,0,8,1,0.18421052631578946,neutral
GRLIINCI,4,4,0,1,8,1,0.18421052631578946,neutral
GCGYYCCH,4,4,0,1,8,1,0.18421052631578946,neutral
FYIVVCCV,5,3,1,0,8,1,0.18421052631578946,neutral
FSRHSVFF,4,4,1,0,8,1,0.18421052631578946,neutral
VFIGCFFF,5,3,1,0,8,1,0.18421052631578946,neutral
FCCSHYDI,6,2,0,1,8,1,0.18421052631578946,neutral
ILGYVFFD,4,4,0,1,8,1,0.18421052631578946,neutral
IFCCVCRY,8,0,1,0,8,1,0.18421052631578946,neutral
YHHYFCNC,5,3,0,1,8,1,0.18421052631578946,neutral
IYYYSIGC,7,1,1,0,8,1,0.18421052631578946,neutral
CRLFRDHY,4,4,0,1,8,1,0.18421052631578946,neutral
GHVGGGGG,29,17,14,18,46,32,0.18421052631578946,neutral
FFFIFFVV,6,2,0,1,8,1,0.18421052631578946,neutral
CCYSCLCC,6,2,0,1,8,1,0.18421052631578946,neutral
FYFNCCVY,8,0,0,1,8,1,0.18421052631578946,neutral
VFICDCLI,3,5,0,1,8,1,0.18421052631578946,neutral
ICFRCVYC,6,2,1,0,8,1,0.18421052631578946,neutral
VISYRIRF,4,4,1,0,8,1,0.18421052631578946,neutral
SINDGFCF,8,0,0,1,8,1,0.18421052631578946,neutral
VFCCFCVC,4,4,0,1,8,1,0.18421052631578946,neutral
LFVCVIHV,7,1,0,1,8,1,0.18421052631578946,neutral
CDFRCHFN,4,4,0,1,8,1,0.18421052631578946,neutral
GCICCCSY,7,1,0,1,8,1,0.18421052631578946,neutral
VCFNFCRS,45,39,28,35,84,63,0.18421052631578946,neutral
DRNHCHIY,31,15,16,16,46,32,0.18421052631578946,neutral
CFCYNFNL,6,2,0,1,8,1,0.18421052631578946,neutral
VSSGYFYI,5,3,0,1,8,1,0.18421052631578946,neutral
CCLRLGCS,6,2,1,0,8,1,0.18421052631578946,neutral
YFFYLIYV,0,8,1,0,8,1,0.18421052631578946,neutral
FFHRLLFN,6,2,0,1,8,1,0.18421052631578946,neutral
FVCVCYDL,4,4,1,0,8,1,0.18421052631578946,neutral
HVSFRLSY,4,4,1,0,8,1,0.18421052631578946,neutral
YIYGVGDV,3,5,0,1,8,1,0.18421052631578946,neutral
FVICVVCN,6,2,1,0,8,1,0.18421052631578946,neutral
FYCFFNCC,3,5,1,0,8,1,0.18421052631578946,neutral
FIVLIHSF,7,1,0,1,8,1,0.18421052631578946,neutral
CGYFYLLF,5,3,0,1,8,1,0.18421052631578946,neutral
DRLRSLYL,60,51,47,38,111,85,0.18439716312056736,neutral
HDFRVDCV,64,47,42,43,111,85,0.18439716312056736,neutral
NHFSCVGI,44,29,29,25,73,54,0.18446601941747573,neutral
GDNICGDS,46,27,26,28,73,54,0.18446601941747573,neutral
FIGVDYFC,37,36,34,20,73,54,0.18446601941747573,neutral
CHVCGFGG,42,31,22,32,73,54,0.18446601941747573,neutral
HNCYNRLL,44,29,23,31,73,54,0.18446601941747573,neutral
CLGRFHVH,25,10,15,8,35,23,0.18461538461538463,neutral
IFNCLCLG,26,9,9,14,35,23,0.18461538461538463,neutral
CGLCRIDV,17,18,12,11,35,23,0.18461538461538463,neutral
YVDFGHVR,23,12,11,12,35,23,0.18461538461538463,neutral
VLSVSGIR,26,9,9,14,35,23,0.18461538461538463,neutral
HCSRSGCC,22,13,7,16,35,23,0.18461538461538463,neutral
LFSFCDVG,25,10,8,15,35,23,0.18461538461538463,neutral
IFVNNYLH,23,12,7,16,35,23,0.18461538461538463,neutral
CLVRFDDH,22,13,14,9,35,23,0.18461538461538463,neutral
VFDHSGGR,21,14,6,17,35,23,0.18461538461538463,neutral
FVSCRYGC,20,15,13,10,35,23,0.18461538461538463,neutral
CRVVGDSS,68,59,50,48,127,98,0.18471337579617833,neutral
VCFRDLHV,38,24,21,24,62,45,0.18478260869565216,neutral
CYDVGGDG,51,38,25,42,89,67,0.18487394957983194,neutral
HSFHCVCL,54,35,30,37,89,67,0.18487394957983194,neutral
FVFGVDLC,54,35,27,40,89,67,0.18487394957983194,neutral
VVCSVCDL,81,62,48,63,143,111,0.18497109826589594,neutral
NIVICCGY,21,3,8,6,24,14,0.18518518518518517,neutral
VSGHLCFF,17,7,4,10,24,14,0.18518518518518517,neutral
DFCGLCGN,45,33,22,36,78,58,0.18518518518518517,neutral
CSCSFFRG,31,20,18,18,51,36,0.18518518518518517,neutral
CVVYDHLR,17,7,7,7,24,14,0.18518518518518517,neutral
FVVGYCYY,14,10,7,7,24,14,0.18518518518518517,neutral
DFGFHSIH,31,20,20,16,51,36,0.18518518518518517,neutral
CICYLGRD,18,6,8,6,24,14,0.18518518518518517,neutral
DIVGSFDI,33,18,22,14,51,36,0.18518518518518517,neutral
LFRGVRFI,47,31,28,30,78,58,0.18518518518518517,neutral
CHHYGYIH,13,11,5,9,24,14,0.18518518518518517,neutral
LNGFGNNH,34,17,18,18,51,36,0.18518518518518517,neutral
HSVICGYL,58,47,45,35,105,80,0.18518518518518517,neutral
ICCSVFHN,46,32,26,32,78,58,0.18518518518518517,neutral
LSICRGYH,14,10,8,6,24,14,0.18518518518518517,neutral
FGRDIHRL,27,24,19,17,51,36,0.18518518518518517,neutral
SVLGYVVH,46,32,30,28,78,58,0.18518518518518517,neutral
LGFFGVGL,13,11,6,8,24,14,0.18518518518518517,neutral
CSCLDGSD,16,8,6,8,24,14,0.18518518518518517,neutral
HFRYDDYS,17,7,5,9,24,14,0.18518518518518517,neutral
LLCGRYFC,18,6,6,8,24,14,0.18518518518518517,neutral
CFHYHFCS,48,30,31,27,78,58,0.18518518518518517,neutral
SLIFNIHH,11,13,5,9,24,14,0.18518518518518517,neutral
GVVLVVYS,31,20,13,23,51,36,0.18518518518518517,neutral
NGIYVCFG,14,10,9,5,24,14,0.18518518518518517,neutral
VYFCNIGV,19,5,2,12,24,14,0.18518518518518517,neutral
IVFFDYVV,11,13,6,8,24,14,0.18518518518518517,neutral
CSLCRDLR,62,43,34,46,105,80,0.18518518518518517,neutral
YNCICYGV,32,19,17,19,51,36,0.18518518518518517,neutral
CHVLHGLG,11,13,7,7,24,14,0.18518518518518517,neutral
IDNRVHDG,43,24,22,27,67,49,0.18556701030927836,neutral
CGLCDVRH,41,26,17,32,67,49,0.18556701030927836,neutral
VIGIGFSI,40,27,25,24,67,49,0.18556701030927836,neutral
HCVCLYNS,39,28,20,29,67,49,0.18556701030927836,neutral
RHCVFCGC,38,29,27,22,67,49,0.18556701030927836,neutral
CCVISSYS,39,28,20,29,67,49,0.18556701030927836,neutral
NGCLNYNC,43,24,23,26,67,49,0.18556701030927836,neutral
SVLCVGSS,42,25,18,31,67,49,0.18556701030927836,neutral
NCNFDCCR,26,14,14,13,40,27,0.18571428571428572,neutral
DVFFFGCG,23,17,13,14,40,27,0.18571428571428572,neutral
DFDIVLFS,27,13,12,15,40,27,0.18571428571428572,neutral
DGFYVSVG,28,12,15,12,40,27,0.18571428571428572,neutral
RSVRGHVD,64,46,38,46,110,84,0.18571428571428572,neutral
CRGGIYGG,27,13,12,15,40,27,0.18571428571428572,neutral
YVNVVRRR,23,17,11,16,40,27,0.18571428571428572,neutral
NCVGIFHV,22,18,16,11,40,27,0.18571428571428572,neutral
VVFFSCGV,27,13,13,14,40,27,0.18571428571428572,neutral
HCGGCLRL,29,11,14,13,40,27,0.18571428571428572,neutral
YHISCLSS,26,14,12,15,40,27,0.18571428571428572,neutral
LLVNLDIS,23,17,13,14,40,27,0.18571428571428572,neutral
CDCFGVDD,48,35,27,35,83,62,0.18584070796460178,neutral
HDYCGCYS,33,23,17,23,56,40,0.18604651162790697,neutral
FIFCILFC,35,21,18,22,56,40,0.18604651162790697,neutral
CCCGHCYD,11,2,1,4,13,5,0.18604651162790697,neutral
DNDYYVFY,8,5,4,1,13,5,0.18604651162790697,neutral
CRDYIVCV,36,20,17,23,56,40,0.18604651162790697,neutral
YNCVFGLG,59,40,36,39,99,75,0.18604651162790697,neutral
DFLCVSYC,7,6,2,3,13,5,0.18604651162790697,neutral
CHVSHYFD,8,5,1,4,13,5,0.18604651162790697,neutral
GVVLFDII,58,41,41,34,99,75,0.18604651162790697,neutral
FNRICLVY,4,9,4,1,13,5,0.18604651162790697,neutral
SCDFSYCY,12,1,2,3,13,5,0.18604651162790697,neutral
CFGCDYHF,7,6,3,2,13,5,0.18604651162790697,neutral
RHSFGCIY,9,4,2,3,13,5,0.18604651162790697,neutral
YCVRGRFD,8,5,3,2,13,5,0.18604651162790697,neutral
HCSFCHIL,11,2,1,4,13,5,0.18604651162790697,neutral
IFYCGGYI,5,8,2,3,13,5,0.18604651162790697,neutral
VYSYFGVG,7,6,1,4,13,5,0.18604651162790697,neutral
NYFNSCVS,36,20,19,21,56,40,0.18604651162790697,neutral
YSSSNGIF,8,5,2,3,13,5,0.18604651162790697,neutral
LLCCFIFH,11,2,3,2,13,5,0.18604651162790697,neutral
VSFVGFHG,30,26,23,17,56,40,0.18604651162790697,neutral
GFDSLCDC,7,6,1,4,13,5,0.18604651162790697,neutral
CCHVFLNY,6,7,3,2,13,5,0.18604651162790697,neutral
CYCLCGCV,4,9,2,3,13,5,0.18604651162790697,neutral
CIFCGVGC,5,8,4,1,13,5,0.18604651162790697,neutral
IISGICDV,9,4,5,0,13,5,0.18604651162790697,neutral
RYIIRCRL,8,5,3,2,13,5,0.18604651162790697,neutral
FCGYVCNF,4,9,4,1,13,5,0.18604651162790697,neutral
LVGYHCCH,10,3,3,2,13,5,0.18604651162790697,neutral
RCCGLYGL,11,2,0,5,13,5,0.18604651162790697,neutral
NCDVICHF,10,3,3,2,13,5,0.18604651162790697,neutral
SCFLGFLS,10,3,2,3,13,5,0.18604651162790697,neutral
IRYRCGSS,59,40,42,33,99,75,0.18604651162790697,neutral
FIFCCNCV,10,3,2,3,13,5,0.18604651162790697,neutral
FCVRCNRC,7,6,2,3,13,5,0.18604651162790697,neutral
ICGYLNSC,6,7,3,2,13,5,0.18604651162790697,neutral
FHHFLVGC,10,3,2,3,13,5,0.18604651162790697,neutral
SYCYRGSN,37,35,26,27,72,53,0.18627450980392157,neutral
VYGRSVCH,16,13,9,9,29,18,0.1864406779661017,neutral
FYCDDGCL,14,15,7,11,29,18,0.1864406779661017,neutral
RFGDYICH,21,8,8,10,29,18,0.1864406779661017,neutral
FCSCYLRV,20,9,9,9,29,18,0.1864406779661017,neutral
FLGCGGFN,18,11,6,12,29,18,0.1864406779661017,neutral
FFIVRDVS,14,15,6,12,29,18,0.1864406779661017,neutral
CYVHRGDR,52,36,28,38,88,66,0.1864406779661017,neutral
SGFCLFHL,19,10,8,10,29,18,0.1864406779661017,neutral
LNGCGCLL,28,17,16,15,45,31,0.18666666666666668,neutral
YVSSGIGI,32,13,22,9,45,31,0.18666666666666668,neutral
CFRDGFLG,23,22,15,16,45,31,0.18666666666666668,neutral
VGRIFGVI,30,15,15,16,45,31,0.18666666666666668,neutral
HFSFNSHG,27,18,15,16,45,31,0.18666666666666668,neutral
IGFHCGLL,28,17,13,18,45,31,0.18666666666666668,neutral
DLVIGGIC,31,14,10,21,45,31,0.18666666666666668,neutral
YFFGCDVV,26,19,17,14,45,31,0.18666666666666668,neutral
SCRFHCHH,25,20,12,19,45,31,0.18666666666666668,neutral
DGYGCGFS,28,17,13,18,45,31,0.18666666666666668,neutral
YFCNGCRL,28,17,14,17,45,31,0.18666666666666668,neutral
CFSGDICF,32,13,16,15,45,31,0.18666666666666668,neutral
YSYSVFVV,25,20,14,17,45,31,0.18666666666666668,neutral
LCNSCGRF,34,27,18,26,61,44,0.18681318681318682,neutral
NVYGVHCH,39,22,21,23,61,44,0.18681318681318682,neutral
SSIGFLRR,31,30,25,19,61,44,0.18681318681318682,neutral
CYCDGGSG,39,22,19,25,61,44,0.18681318681318682,neutral
FDICCGFY,37,24,21,23,61,44,0.18681318681318682,neutral
GFVSGDCL,29,32,22,22,61,44,0.18681318681318682,neutral
LFLNSGDV,48,29,20,37,77,57,0.18691588785046728,neutral
GCYSVSHR,47,30,23,34,77,57,0.18691588785046728,neutral
FHLSGSHR,61,48,39,44,109,83,0.18705035971223022,neutral
NVFVGCLV,61,48,49,34,109,83,0.18705035971223022,neutral
HCCILDDD,64,45,41,42,109,83,0.18705035971223022,neutral
ISGGFRDG,86,71,53,69,157,122,0.18716577540106952,neutral
CIRLSGDI,37,29,23,25,66,48,0.1875,neutral
YINIRHRI,91,87,70,69,178,139,0.1875,neutral
DDNCLVCH,40,26,23,25,66,48,0.1875,neutral
LCVDFFRR,11,7,5,4,18,9,0.1875,neutral
CFDFRNCR,11,7,3,6,18,9,0.1875,neutral
FGNIGVCF,10,8,6,3,18,9,0.1875,neutral
GYCHDRSD,61,53,45,42,114,87,0.1875,neutral
FYSCVFGV,40,26,21,27,66,48,0.1875,neutral
GGCFHRYC,18,16,13,9,34,22,0.1875,neutral
ICNFVDDH,14,4,2,7,18,9,0.1875,neutral
FSCCGGVD,24,10,10,12,34,22,0.1875,neutral
VIVCHCFD,11,7,5,4,18,9,0.1875,neutral
FFNLIGGG,29,21,14,21,50,35,0.1875,neutral
CDFYVHFG,24,10,11,11,34,22,0.1875,neutral
HRFGIGCG,41,41,33,28,82,61,0.1875,neutral
ILGVLSFY,10,8,6,3,18,9,0.1875,neutral
YRYSSCDV,13,5,4,5,18,9,0.1875,neutral
NFSCFFFS,34,16,23,12,50,35,0.1875,neutral
HHILYCFH,15,3,4,5,18,9,0.1875,neutral
YGGFLGSD,12,6,4,5,18,9,0.1875,neutral
FGLYDVLV,41,25,23,25,66,48,0.1875,neutral
YDSFFFGS,10,8,6,3,18,9,0.1875,neutral
FRVFCGHG,19,15,12,10,34,22,0.1875,neutral
GRRIIIYG,11,7,7,2,18,9,0.1875,neutral
CVFVDGGG,45,37,26,35,82,61,0.1875,neutral
GVDGDGFR,13,5,4,5,18,9,0.1875,neutral
YYLDGVIL,57,41,29,45,98,74,0.1875,neutral
IGDLIRVR,40,26,23,25,66,48,0.1875,neutral
FDFIYFHV,13,5,5,4,18,9,0.1875,neutral
ICLFGHIH,19,15,8,14,34,22,0.1875,neutral
VLFNFLLN,11,7,4,5,18,9,0.1875,neutral
LVYCNFCV,13,5,3,6,18,9,0.1875,neutral
SCHDCRDF,30,20,10,25,50,35,0.1875,neutral
CYCVNFVV,17,17,7,15,34,22,0.1875,neutral
CHFNFFCG,30,20,14,21,50,35,0.1875,neutral
FCSFGCND,11,7,5,4,18,9,0.1875,neutral
CNCCGCNN,7,11,5,4,18,9,0.1875,neutral
VVRCFLSR,37,29,18,30,66,48,0.1875,neutral
DFVCSIGC,31,19,13,22,50,35,0.1875,neutral
HRCRCYFY,21,13,9,13,34,22,0.1875,neutral
VYFDFLCH,19,15,11,11,34,22,0.1875,neutral
DYYLHDSL,10,8,3,6,18,9,0.1875,neutral
HYYGRGCD,21,13,9,13,34,22,0.1875,neutral
HSGIFGCH,28,22,16,19,50,35,0.1875,neutral
IYDHHFGN,16,2,6,3,18,9,0.1875,neutral
VCGCFCDD,12,6,4,5,18,9,0.1875,neutral
SCSGCCLD,11,7,1,8,18,9,0.1875,neutral
FFVCCVSG,11,7,4,5,18,9,0.1875,neutral
FYGGVHFG,11,7,5,4,18,9,0.1875,neutral
GYLCGGDL,12,6,5,4,18,9,0.1875,neutral
RLSNCFLN,36,30,23,25,66,48,0.1875,neutral
IGCCFIVG,25,9,9,13,34,22,0.1875,neutral
HVNCFCDV,30,20,12,23,50,35,0.1875,neutral
DHCNCICF,21,13,7,15,34,22,0.1875,neutral
VCCYDVGS,13,5,3,6,18,9,0.1875,neutral
FVCSYRGD,14,4,6,3,18,9,0.1875,neutral
HCCDVCYS,31,19,14,21,50,35,0.1875,neutral
CYVGSFCI,13,5,5,4,18,9,0.1875,neutral
YVCVYGYH,9,9,5,4,18,9,0.1875,neutral
CLVDCDCG,61,42,37,41,103,78,0.18796992481203006,neutral
FCFIGCGV,61,42,37,41,103,78,0.18796992481203006,neutral
GCCILRNI,38,33,25,27,71,52,0.18811881188118812,neutral
YCGRYSCN,41,30,27,25,71,52,0.18811881188118812,neutral
FLHCFHHR,40,31,29,23,71,52,0.18811881188118812,neutral
RNHVFFGG,31,24,22,17,55,39,0.18823529411764706,neutral
LNFCCIRG,36,19,18,21,55,39,0.18823529411764706,neutral
VYHDCYDL,36,19,17,22,55,39,0.18823529411764706,neutral
IGFCSGVL,29,26,19,20,55,39,0.18823529411764706,neutral
FCFYDLGC,31,24,21,18,55,39,0.18823529411764706,neutral
FFRYGCLG,35,20,18,21,55,39,0.18823529411764706,neutral
FFSHVVGV,34,21,20,19,55,39,0.18823529411764706,neutral
YCYNIHLC,34,21,14,25,55,39,0.18823529411764706,neutral
VIVVGNYV,31,24,19,20,55,39,0.18823529411764706,neutral
FCFSIHRN,33,22,24,15,55,39,0.18823529411764706,neutral
VIRYCFGC,22,17,13,13,39,26,0.18840579710144928,neutral
LIGHLCCL,16,23,9,17,39,26,0.18840579710144928,neutral
FFFNHFCH,21,18,14,12,39,26,0.18840579710144928,neutral
VCGCDIVF,24,15,14,12,39,26,0.18840579710144928,neutral
CSVVLNDV,25,14,7,19,39,26,0.18840579710144928,neutral
GFYCSSFI,22,17,14,12,39,26,0.18840579710144928,neutral
SNHVRFGY,23,16,12,14,39,26,0.18840579710144928,neutral
GFSRFCFV,54,38,33,36,92,69,0.1885245901639344,neutral
SDFFRGGG,51,41,31,38,92,69,0.1885245901639344,neutral
GFFRISNC,47,29,25,31,76,56,0.18867924528301888,neutral
GFGFFRNV,43,33,26,30,76,56,0.18867924528301888,neutral
LHNRNGCS,45,31,26,30,76,56,0.18867924528301888,neutral
HLYNVCLV,14,9,8,5,23,13,0.18867924528301888,neutral
HGDNNFFH,12,11,6,7,23,13,0.18867924528301888,neutral
FYCDCICY,16,7,10,3,23,13,0.18867924528301888,neutral
LYVDLGLV,14,9,5,8,23,13,0.18867924528301888,neutral
FSHCICYH,15,8,7,6,23,13,0.18867924528301888,neutral
CICVGYGV,13,10,7,6,23,13,0.18867924528301888,neutral
GFSCIRCV,18,5,6,7,23,13,0.18867924528301888,neutral
CNHFSSCI,14,9,8,5,23,13,0.18867924528301888,neutral
RICVCSNH,13,10,8,5,23,13,0.18867924528301888,neutral
DFYIFDHC,19,4,7,6,23,13,0.18867924528301888,neutral
FHSGVCDV,10,13,8,5,23,13,0.18867924528301888,neutral
YIYGGFLY,14,9,5,8,23,13,0.18867924528301888,neutral
CIDFGSCC,12,11,4,9,23,13,0.18867924528301888,neutral
FGYISLFC,13,10,4,9,23,13,0.18867924528301888,neutral
SFLCVCFD,13,10,8,5,23,13,0.18867924528301888,neutral
YFYDGLHI,15,8,6,7,23,13,0.18867924528301888,neutral
FFNCVYDF,15,8,4,9,23,13,0.18867924528301888,neutral
SVCVCVSG,18,5,3,10,23,13,0.18867924528301888,neutral
LNVSFVIG,15,8,8,5,23,13,0.18867924528301888,neutral
YFGFDSSG,37,23,28,15,60,43,0.18888888888888888,neutral
VCYSSHCG,39,21,23,20,60,43,0.18888888888888888,neutral
FCDNDLLL,37,23,25,18,60,43,0.18888888888888888,neutral
CFLLLSGR,34,26,18,25,60,43,0.18888888888888888,neutral
FIFFIFFL,5,2,0,0,7,0,0.1891891891891892,neutral
FNDVGVCC,4,3,0,0,7,0,0.1891891891891892,neutral
YIYVRFYF,4,3,0,0,7,0,0.1891891891891892,neutral
CYFRYLLI,4,3,0,0,7,0,0.1891891891891892,neutral
FCIFHFFF,6,1,0,0,7,0,0.1891891891891892,neutral
CYSFVNGC,29,15,12,18,44,30,0.1891891891891892,neutral
FVGFIVLF,3,4,0,0,7,0,0.1891891891891892,neutral
NVIRNYLG,31,13,12,18,44,30,0.1891891891891892,neutral
VCCICVCY,3,4,0,0,7,0,0.1891891891891892,neutral
CFFCCFIY,5,2,0,0,7,0,0.1891891891891892,neutral
FYFSLCCC,2,5,0,0,7,0,0.1891891891891892,neutral
FLLCGIRL,5,2,0,0,7,0,0.1891891891891892,neutral
FCVICLVC,5,2,0,0,7,0,0.1891891891891892,neutral
FYHVNRCG,6,1,0,0,7,0,0.1891891891891892,neutral
GVVCGHVG,29,15,12,18,44,30,0.1891891891891892,neutral
FIFFVLDC,3,4,0,0,7,0,0.1891891891891892,neutral
FILLCLFV,5,2,0,0,7,0,0.1891891891891892,neutral
VFYCYFYF,2,5,0,0,7,0,0.1891891891891892,neutral
FRCVCFYF,4,3,0,0,7,0,0.1891891891891892,neutral
YVNLVSNF,5,2,0,0,7,0,0.1891891891891892,neutral
FCYCGVYY,6,1,0,0,7,0,0.1891891891891892,neutral
CFCHFLFI,6,1,0,0,7,0,0.1891891891891892,neutral
FFLFLFIV,3,4,0,0,7,0,0.1891891891891892,neutral
IYYFYHLL,3,4,0,0,7,0,0.1891891891891892,neutral
CCIICIVF,7,0,0,0,7,0,0.1891891891891892,neutral
ICHLLVVY,5,2,0,0,7,0,0.1891891891891892,neutral
LCYIILRG,4,3,0,0,7,0,0.1891891891891892,neutral
GFLRFCCF,3,4,0,0,7,0,0.1891891891891892,neutral
IYDHYYDY,6,1,0,0,7,0,0.1891891891891892,neutral
SFCHVYVY,4,3,0,0,7,0,0.1891891891891892,neutral
VSIGIYSG,48,33,30,30,81,60,0.1891891891891892,neutral
YFVCICIH,5,2,0,0,7,0,0.1891891891891892,neutral
YNFSLVCG,25,19,13,17,44,30,0.1891891891891892,neutral
DGSYDLLI,20,24,14,16,44,30,0.1891891891891892,neutral
RCLNVYGR,2,5,0,0,7,0,0.1891891891891892,neutral
CCFRCFCV,4,3,0,0,7,0,0.1891891891891892,neutral
FSFVIYSG,4,3,0,0,7,0,0.1891891891891892,neutral
ISSDFGLF,24,20,11,19,44,30,0.1891891891891892,neutral
FVCYVVFH,7,0,0,0,7,0,0.1891891891891892,neutral
CLGGYVLV,29,15,16,14,44,30,0.1891891891891892,neutral
FFFHIFRG,3,4,0,0,7,0,0.1891891891891892,neutral
CFFFSDLF,4,3,0,0,7,0,0.1891891891891892,neutral
INYFNICV,7,0,0,0,7,0,0.1891891891891892,neutral
IVDYRCFH,3,4,0,0,7,0,0.1891891891891892,neutral
IRFLFCFC,5,2,0,0,7,0,0.1891891891891892,neutral
CFVYCRYV,3,4,0,0,7,0,0.1891891891891892,neutral
CYYFFIFV,5,2,0,0,7,0,0.1891891891891892,neutral
LRCSSLGF,29,15,16,14,44,30,0.1891891891891892,neutral
LDIINFLN,7,0,0,0,7,0,0.1891891891891892,neutral
CIFCYNIC,6,1,0,0,7,0,0.1891891891891892,neutral
VGYCHGHL,28,16,13,17,44,30,0.1891891891891892,neutral
ICSYIGCI,20,24,14,16,44,30,0.1891891891891892,neutral
ILFIRRLR,5,2,0,0,7,0,0.1891891891891892,neutral
FICVFRRN,5,2,0,0,7,0,0.1891891891891892,neutral
LICYFIFC,2,5,0,0,7,0,0.1891891891891892,neutral
CIGRFCGV,4,3,0,0,7,0,0.1891891891891892,neutral
FCYGYYHC,29,15,12,18,44,30,0.1891891891891892,neutral
CRHFVLYV,2,5,0,0,7,0,0.1891891891891892,neutral
FFSFFCCC,5,2,0,0,7,0,0.1891891891891892,neutral
GCGRLCGI,1,6,0,0,7,0,0.1891891891891892,neutral
CFCNVFVC,6,1,0,0,7,0,0.1891891891891892,neutral
YFCLCFVC,4,3,0,0,7,0,0.1891891891891892,neutral
GYSSVFNC,4,3,0,0,7,0,0.1891891891891892,neutral
YLYNRSVC,0,7,0,0,7,0,0.1891891891891892,neutral
LFCVLFFR,7,0,0,0,7,0,0.1891891891891892,neutral
GVRVNDII,0,7,0,0,7,0,0.1891891891891892,neutral
LCGLLIVC,3,4,0,0,7,0,0.1891891891891892,neutral
CFFFSYRF,4,3,0,0,7,0,0.1891891891891892,neutral
YIDFHLHG,26,18,16,14,44,30,0.1891891891891892,neutral
GRCIINYV,22,22,18,12,44,30,0.1891891891891892,neutral
SFYFRHSR,3,4,0,0,7,0,0.1891891891891892,neutral
YFLVGCRF,5,2,0,0,7,0,0.1891891891891892,neutral
VIFYFFFF,4,3,0,0,7,0,0.1891891891891892,neutral
YFFGVFFY,5,2,0,0,7,0,0.1891891891891892,neutral
YLHLRCRI,29,15,18,12,44,30,0.1891891891891892,neutral
IHYCILCI,4,3,0,0,7,0,0.1891891891891892,neutral
CFFIIIVR,4,3,0,0,7,0,0.1891891891891892,neutral
IVLCVSDY,7,0,0,0,7,0,0.1891891891891892,neutral
CCHHHDHY,1,6,0,0,7,0,0.1891891891891892,neutral
FLRCGVGF,25,19,14,16,44,30,0.1891891891891892,neutral
CHGDLNFH,29,15,15,15,44,30,0.1891891891891892,neutral
FFYFCIFI,1,6,0,0,7,0,0.1891891891891892,neutral
CFCVFCCN,5,2,0,0,7,0,0.1891891891891892,neutral
FYRFIICC,4,3,0,0,7,0,0.1891891891891892,neutral
FCFLRFNF,5,2,0,0,7,0,0.1891891891891892,neutral
FFLVVYVL,7,0,0,0,7,0,0.1891891891891892,neutral
ICCGCNLV,4,3,0,0,7,0,0.1891891891891892,neutral
CYLYYFIR,1,6,0,0,7,0,0.1891891891891892,neutral
CSFCHYLY,6,1,0,0,7,0,0.1891891891891892,neutral
LLSCIVFL,6,1,0,0,7,0,0.1891891891891892,neutral
CLRIVYSY,5,2,0,0,7,0,0.1891891891891892,neutral
NLYVFVYG,3,4,0,0,7,0,0.1891891891891892,neutral
FLCHLLYF,4,3,0,0,7,0,0.1891891891891892,neutral
CCYGFHGG,6,1,0,0,7,0,0.1891891891891892,neutral
CYCRFVDC,6,1,0,0,7,0,0.1891891891891892,neutral
CCFHSSGG,3,4,0,0,7,0,0.1891891891891892,neutral
VLNCDHIG,35,30,19,28,65,47,0.18947368421052632,neutral
ICRVDFVR,38,27,19,28,65,47,0.18947368421052632,neutral
CCFGGYGV,39,26,25,22,65,47,0.18947368421052632,neutral
HGVCVCNC,39,26,22,25,65,47,0.18947368421052632,neutral
RDCNYFNV,37,28,25,22,65,47,0.18947368421052632,neutral
GGGLLLRF,39,26,21,26,65,47,0.18947368421052632,neutral
GCGGDFIG,13,15,10,7,28,17,0.1896551724137931,neutral
DCCCHGLD,16,12,6,11,28,17,0.1896551724137931,neutral
CCISINYH,16,12,7,10,28,17,0.1896551724137931,neutral
YDVRGGLN,46,40,29,35,86,64,0.1896551724137931,neutral
NGRICFDD,19,9,11,6,28,17,0.1896551724137931,neutral
FSNCNCYG,15,13,8,9,28,17,0.1896551724137931,neutral
CHVVHRIR,16,12,6,11,28,17,0.1896551724137931,neutral
CFGGVFIF,18,10,9,8,28,17,0.1896551724137931,neutral
LRVVGFGL,15,13,9,8,28,17,0.1896551724137931,neutral
LLLCSFDR,19,9,6,11,28,17,0.1896551724137931,neutral
YCRSVCLL,19,9,8,9,28,17,0.1896551724137931,neutral
YCGYFHYV,19,9,8,9,28,17,0.1896551724137931,neutral
FLVRCDVH,28,21,16,18,49,34,0.189873417721519,neutral
GYRYYRSI,31,18,13,21,49,34,0.189873417721519,neutral
HRLNRDFG,33,16,23,11,49,34,0.189873417721519,neutral
LCGVDNIC,34,15,16,18,49,34,0.189873417721519,neutral
LSCSIVYN,27,22,13,21,49,34,0.189873417721519,neutral
ICFFSSCG,33,16,16,18,49,34,0.189873417721519,neutral
NCGCFRGC,33,16,16,18,49,34,0.189873417721519,neutral
IRSRVGYS,71,57,46,52,128,98,0.189873417721519,neutral
FNGCSHVR,30,40,30,21,70,51,0.19,neutral
CFGFCGSG,42,28,21,30,70,51,0.19,neutral
FVRRCGHI,33,37,21,30,70,51,0.19,neutral
FSVDCSHC,54,37,35,33,91,68,0.19008264462809918,neutral
VFFVFRDS,7,5,2,2,12,4,0.19047619047619047,neutral
VLHNVCCC,7,5,3,1,12,4,0.19047619047619047,neutral
FCICRCDN,21,12,12,9,33,21,0.19047619047619047,neutral
CYYGNCGG,9,3,4,0,12,4,0.19047619047619047,neutral
FCGVLRFS,19,14,11,10,33,21,0.19047619047619047,neutral
VICLGDHF,8,4,1,3,12,4,0.19047619047619047,neutral
CCNRGLGI,32,22,19,19,54,38,0.19047619047619047,neutral
GLNCGCSV,33,21,15,23,54,38,0.19047619047619047,neutral
RGLLLHCI,29,25,18,20,54,38,0.19047619047619047,neutral
RRCGGCGC,24,9,7,14,33,21,0.19047619047619047,neutral
CCYICCYN,5,7,2,2,12,4,0.19047619047619047,neutral
LVYCCCYY,9,3,1,3,12,4,0.19047619047619047,neutral
GFVYGSFV,8,4,0,4,12,4,0.19047619047619047,neutral
IRCGGVVH,25,8,8,13,33,21,0.19047619047619047,neutral
CFGNFGRH,23,10,11,10,33,21,0.19047619047619047,neutral
DVFRFVVV,11,1,1,3,12,4,0.19047619047619047,neutral
CVHGFFLS,23,10,7,14,33,21,0.19047619047619047,neutral
RRHIFNCD,21,12,9,12,33,21,0.19047619047619047,neutral
GCVVFYCG,8,4,1,3,12,4,0.19047619047619047,neutral
FIYIRYFY,7,5,3,1,12,4,0.19047619047619047,neutral
NRCVCHIS,56,40,34,38,96,72,0.19047619047619047,neutral
ICNFVCHG,23,10,12,9,33,21,0.19047619047619047,neutral
FLDYDVCS,8,4,2,2,12,4,0.19047619047619047,neutral
NGLCYFGL,23,10,6,15,33,21,0.19047619047619047,neutral
RVCCCIRY,6,6,2,2,12,4,0.19047619047619047,neutral
FSRVCGLF,11,1,2,2,12,4,0.19047619047619047,neutral
SDLSCVYL,10,2,0,4,12,4,0.19047619047619047,neutral
FRFRRSLY,33,21,20,18,54,38,0.19047619047619047,neutral
YCLHGCYG,21,12,9,12,33,21,0.19047619047619047,neutral
NHLFDVYS,7,5,1,3,12,4,0.19047619047619047,neutral
VFGFCGSL,19,14,8,13,33,21,0.19047619047619047,neutral
FLVCGFCC,6,6,1,3,12,4,0.19047619047619047,neutral
HIHCVFYV,7,5,1,3,12,4,0.19047619047619047,neutral
DVFFLHLH,8,4,2,2,12,4,0.19047619047619047,neutral
GRGYGYCV,47,28,22,33,75,55,0.19047619047619047,neutral
GGSHFGLR,9,3,2,2,12,4,0.19047619047619047,neutral
VYVVSGIN,28,26,20,18,54,38,0.19047619047619047,neutral
RGVGCYFS,6,6,1,3,12,4,0.19047619047619047,neutral
FFSIGFFH,5,7,3,1,12,4,0.19047619047619047,neutral
YIRSVFRN,44,31,31,24,75,55,0.19047619047619047,neutral
FIFFGDLC,8,4,3,1,12,4,0.19047619047619047,neutral
LSYCSVYH,6,6,2,2,12,4,0.19047619047619047,neutral
CCHHVFFD,2,10,2,2,12,4,0.19047619047619047,neutral
SNCYLIRL,11,1,1,3,12,4,0.19047619047619047,neutral
FLCRGGGS,22,11,11,10,33,21,0.19047619047619047,neutral
FNLCCDII,36,18,17,21,54,38,0.19047619047619047,neutral
SSYFLVGV,5,7,2,2,12,4,0.19047619047619047,neutral
FRDFCICF,10,2,2,2,12,4,0.19047619047619047,neutral
YYFCDFRY,20,13,11,10,33,21,0.19047619047619047,neutral
FHSCIFYN,20,13,7,14,33,21,0.19047619047619047,neutral
FSHIVVSF,11,1,3,1,12,4,0.19047619047619047,neutral
YGYYCNRS,9,3,1,3,12,4,0.19047619047619047,neutral
FCDVRVFF,10,2,3,1,12,4,0.19047619047619047,neutral
NCVCVCSL,20,13,10,11,33,21,0.19047619047619047,neutral
CYDFCGVF,7,5,2,2,12,4,0.19047619047619047,neutral
FNFFFIDD,7,5,2,2,12,4,0.19047619047619047,neutral
FCVCDCCI,8,4,1,3,12,4,0.19047619047619047,neutral
IIGYYICG,7,5,1,3,12,4,0.19047619047619047,neutral
CNGGVCGY,67,55,47,46,122,93,0.19078947368421054,neutral
RSYRCGFR,48,32,30,29,80,59,0.19090909090909092,neutral
RYVNYGVL,45,35,31,28,80,59,0.19090909090909092,neutral
LYCDFYGC,39,20,24,18,59,42,0.19101123595505617,neutral
HDCRFSCF,35,24,22,20,59,42,0.19101123595505617,neutral
CCSGSVCV,36,23,26,16,59,42,0.19101123595505617,neutral
GHYIFGDF,38,21,20,22,59,42,0.19101123595505617,neutral
SGYDFIVI,76,72,62,52,148,114,0.19101123595505617,neutral
DLLDILRI,21,17,14,11,38,25,0.19117647058823528,neutral
DNFYLGHS,23,15,9,16,38,25,0.19117647058823528,neutral
DVVCSFCN,19,19,7,18,38,25,0.19117647058823528,neutral
CHYNCVRD,20,18,12,13,38,25,0.19117647058823528,neutral
VCIGRIVY,23,15,11,14,38,25,0.19117647058823528,neutral
LGHCVLDC,28,10,15,10,38,25,0.19117647058823528,neutral
CSYCYVDV,26,12,18,7,38,25,0.19117647058823528,neutral
VYVVYVDH,22,16,6,19,38,25,0.19117647058823528,neutral
IVYCNDCD,24,14,10,15,38,25,0.19117647058823528,neutral
FFYHSCSC,24,14,14,11,38,25,0.19117647058823528,neutral
FISCRGVD,20,18,15,10,38,25,0.19117647058823528,neutral
FGIIDCGS,26,12,16,9,38,25,0.19117647058823528,neutral
RCFHSDGH,22,16,11,14,38,25,0.19117647058823528,neutral
VFRCSCII,27,11,10,15,38,25,0.19117647058823528,neutral
RYLGIICG,52,33,35,28,85,63,0.19130434782608696,neutral
FCDCYLFD,49,36,30,33,85,63,0.19130434782608696,neutral
FCVCVGSF,10,7,5,3,17,8,0.19148936170212766,neutral
VDFSFLRG,40,24,19,27,64,46,0.19148936170212766,neutral
HCLCSFNN,10,7,5,3,17,8,0.19148936170212766,neutral
HVFGDIYC,9,8,3,5,17,8,0.19148936170212766,neutral
VCVVSVCC,11,6,4,4,17,8,0.19148936170212766,neutral
YIGVYCLS,10,7,4,4,17,8,0.19148936170212766,neutral
CYVSGFFC,12,5,3,5,17,8,0.19148936170212766,neutral
DNFCCRGY,12,5,5,3,17,8,0.19148936170212766,neutral
GFCGCRFH,38,26,20,26,64,46,0.19148936170212766,neutral
GRFYVCVR,10,7,5,3,17,8,0.19148936170212766,neutral
VRFCYHCH,11,6,4,4,17,8,0.19148936170212766,neutral
YLDRCCVR,10,7,6,2,17,8,0.19148936170212766,neutral
GSFYFRGS,13,4,6,2,17,8,0.19148936170212766,neutral
FGFFCHRG,10,7,6,2,17,8,0.19148936170212766,neutral
YFDCDYVC,41,23,19,27,64,46,0.19148936170212766,neutral
FLISNYSF,10,7,3,5,17,8,0.19148936170212766,neutral
YYSVSVYD,6,11,3,5,17,8,0.19148936170212766,neutral
SYLGYFCH,11,6,2,6,17,8,0.19148936170212766,neutral
VCGYIGIL,41,23,21,25,64,46,0.19148936170212766,neutral
FHDCRCGC,8,9,5,3,17,8,0.19148936170212766,neutral
FLFGCVSD,13,4,3,5,17,8,0.19148936170212766,neutral
GYFGLFVR,12,5,4,4,17,8,0.19148936170212766,neutral
CFLNCSCC,9,8,7,1,17,8,0.19148936170212766,neutral
FSDFVCVD,11,6,3,5,17,8,0.19148936170212766,neutral
YYYCVYGV,12,5,3,5,17,8,0.19148936170212766,neutral
LDYSVVVH,41,23,24,22,64,46,0.19148936170212766,neutral
FCYISVCG,40,24,25,21,64,46,0.19148936170212766,neutral
DVFGVIIR,52,38,31,36,90,67,0.19166666666666668,neutral
IVHDVVYF,90,73,61,65,163,126,0.19170984455958548,neutral
CFIGFLGV,22,21,15,14,43,29,0.1917808219178082,neutral
CYHVGIGH,30,13,16,13,43,29,0.1917808219178082,neutral
FFRFDYFG,25,18,14,15,43,29,0.1917808219178082,neutral
DNCSGCGL,18,25,13,16,43,29,0.1917808219178082,neutral
FSLVYGCG,20,23,15,14,43,29,0.1917808219178082,neutral
CFGYGCNC,27,16,17,12,43,29,0.1917808219178082,neutral
SGCRHICF,25,18,19,10,43,29,0.1917808219178082,neutral
IRSVRIFR,26,17,12,17,43,29,0.1917808219178082,neutral
VFNYVVCG,27,16,13,16,43,29,0.1917808219178082,neutral
FLLVSNRV,28,15,15,14,43,29,0.1917808219178082,neutral
DDVFCCSL,42,27,22,28,69,50,0.1919191919191919,neutral
CFNRFGRD,44,25,32,18,69,50,0.1919191919191919,neutral
FHHGGCNI,43,26,26,24,69,50,0.1919191919191919,neutral
FDDFCSFI,38,31,27,23,69,50,0.1919191919191919,neutral
VYYGVCGL,41,28,22,28,69,50,0.1919191919191919,neutral
VFDCLRHR,39,30,22,28,69,50,0.1919191919191919,neutral
FYNVFCCD,38,31,27,23,69,50,0.1919191919191919,neutral
CFDNCIGR,42,27,23,27,69,50,0.1919191919191919,neutral
FDRYDFII,55,40,31,40,95,71,0.192,neutral
GFCRVYGL,55,40,36,35,95,71,0.192,neutral
HHRVCSSG,68,53,38,54,121,92,0.19205298013245034,neutral
GCCGRGIH,24,24,18,15,48,33,0.19230769230769232,neutral
FHYCYCFC,13,9,4,8,22,12,0.19230769230769232,neutral
NYGNIGSG,29,19,18,15,48,33,0.19230769230769232,neutral
FLISVNYH,13,9,7,5,22,12,0.19230769230769232,neutral
FSICGCGF,33,15,12,21,48,33,0.19230769230769232,neutral
YFYSFRGS,13,9,6,6,22,12,0.19230769230769232,neutral
VFGCDCGR,27,21,18,15,48,33,0.19230769230769232,neutral
CLRLIHCR,43,31,29,25,74,54,0.19230769230769232,neutral
LVLCGSCG,30,18,19,14,48,33,0.19230769230769232,neutral
CFCVSNNS,13,9,6,6,22,12,0.19230769230769232,neutral
FYSGNVCG,30,18,15,18,48,33,0.19230769230769232,neutral
RLCCDYSG,45,29,32,22,74,54,0.19230769230769232,neutral
FGGIDSFL,13,9,5,7,22,12,0.19230769230769232,neutral
GLCLNVCV,33,15,17,16,48,33,0.19230769230769232,neutral
SLCFCCDD,13,9,6,6,22,12,0.19230769230769232,neutral
GFYCFCIH,18,4,8,4,22,12,0.19230769230769232,neutral
DVLCIHGR,15,7,8,4,22,12,0.19230769230769232,neutral
RYVVYCGS,26,22,17,16,48,33,0.19230769230769232,neutral
FNFYSLDF,14,8,4,8,22,12,0.19230769230769232,neutral
YFDCGSGS,43,31,23,31,74,54,0.19230769230769232,neutral
YYDCYVFG,13,9,4,8,22,12,0.19230769230769232,neutral
VDVFCVGC,14,8,10,2,22,12,0.19230769230769232,neutral
CYNFCDGG,32,16,13,20,48,33,0.19230769230769232,neutral
SVVFNCCD,43,31,19,35,74,54,0.19230769230769232,neutral
CLCNSVVD,30,18,12,21,48,33,0.19230769230769232,neutral
FSNNGSVY,46,28,26,28,74,54,0.19230769230769232,neutral
VFRRNGLC,30,18,17,16,48,33,0.19230769230769232,neutral
LDDCRDIF,14,8,3,9,22,12,0.19230769230769232,neutral
NFDVLGFS,13,9,4,8,22,12,0.19230769230769232,neutral
FSCNSGYI,14,8,5,7,22,12,0.19230769230769232,neutral
GSRFNCDV,33,15,16,17,48,33,0.19230769230769232,neutral
FVCSGYSF,74,57,45,55,131,100,0.19254658385093168,neutral
FRSRRDLF,62,43,43,36,105,79,0.1925925925925926,neutral
FCGYIFHC,47,32,31,27,79,58,0.1926605504587156,neutral
VFCCVDIL,29,24,17,20,53,37,0.1927710843373494,neutral
FYIGVCNR,31,22,20,17,53,37,0.1927710843373494,neutral
RFLDCLFC,34,19,17,20,53,37,0.1927710843373494,neutral
HVISLSGR,33,20,16,21,53,37,0.1927710843373494,neutral
LSFCDVID,30,23,14,23,53,37,0.1927710843373494,neutral
YHHSGCCD,29,24,23,14,53,37,0.1927710843373494,neutral
SYYLCDYG,32,21,19,18,53,37,0.1927710843373494,neutral
GHRSDSFY,30,23,14,23,53,37,0.1927710843373494,neutral
RGIDHFIF,33,20,17,20,53,37,0.1927710843373494,neutral
DFCHGVSC,93,74,63,66,167,129,0.19289340101522842,neutral
CSCSFGFN,13,14,7,9,27,16,0.19298245614035087,neutral
DFGSCLGD,15,12,8,8,27,16,0.19298245614035087,neutral
CSCNGCCS,17,10,12,4,27,16,0.19298245614035087,neutral
RLVGISCY,21,6,5,11,27,16,0.19298245614035087,neutral
FVYGICGC,20,7,4,12,27,16,0.19298245614035087,neutral
FIGNGSCF,21,6,9,7,27,16,0.19298245614035087,neutral
LFDLFIDY,14,13,9,7,27,16,0.19298245614035087,neutral
CSDIVYVG,19,8,6,10,27,16,0.19298245614035087,neutral
CNCNCVFS,15,12,9,7,27,16,0.19298245614035087,neutral
SDFVYFGN,17,10,10,6,27,16,0.19298245614035087,neutral
FRYCLGYV,15,12,6,10,27,16,0.19298245614035087,neutral
IYNNILFC,19,8,6,10,27,16,0.19298245614035087,neutral
LYCDVFGY,49,35,22,40,84,62,0.19298245614035087,neutral
FFGHCLGR,33,25,18,23,58,41,0.19318181818181818,neutral
LDHFCSGD,36,22,20,21,58,41,0.19318181818181818,neutral
FSFNVLFG,33,25,17,24,58,41,0.19318181818181818,neutral
FVSFCNFH,37,21,26,15,58,41,0.19318181818181818,neutral
HDVRYYVV,36,22,20,21,58,41,0.19318181818181818,neutral
VRRGYGHG,33,25,21,20,58,41,0.19318181818181818,neutral
NLVCIYRG,33,25,18,23,58,41,0.19318181818181818,neutral
NFYHYLCV,35,23,25,16,58,41,0.19318181818181818,neutral
IFLGDHGY,35,23,18,23,58,41,0.19318181818181818,neutral
IFVSNSHG,36,22,20,21,58,41,0.19318181818181818,neutral
GHIRSGVR,54,35,33,33,89,66,0.19327731092436976,neutral
NRCVYRFS,37,26,19,26,63,45,0.1935483870967742,neutral
VLCGYFLG,55,39,28,42,94,70,0.1935483870967742,neutral
CYCGYVLG,19,13,9,11,32,20,0.1935483870967742,neutral
CYNFYGCI,18,14,13,7,32,20,0.1935483870967742,neutral
YICCGDCD,35,28,21,24,63,45,0.1935483870967742,neutral
VYLGGLVF,35,28,19,26,63,45,0.1935483870967742,neutral
GHYGHRYL,30,33,16,29,63,45,0.1935483870967742,neutral
LHFFRVSY,22,10,8,12,32,20,0.1935483870967742,neutral
VVHGVFYV,46,48,31,39,94,70,0.1935483870967742,neutral
FRRIRDLD,23,9,7,13,32,20,0.1935483870967742,neutral
RNFGVGLY,40,23,19,26,63,45,0.1935483870967742,neutral
SFRRSDLF,40,23,22,23,63,45,0.1935483870967742,neutral
CCFCGCDG,20,12,9,11,32,20,0.1935483870967742,neutral
CGCGSSFG,17,15,12,8,32,20,0.1935483870967742,neutral
ICNCDGSY,14,18,12,8,32,20,0.1935483870967742,neutral
VGILLVYG,20,12,13,7,32,20,0.1935483870967742,neutral
VICGIDDV,59,40,30,44,99,74,0.1937984496124031,neutral
CYFFVVDN,39,29,17,32,68,49,0.19387755102040816,neutral
CFSCSIGR,36,32,21,28,68,49,0.19387755102040816,neutral
FSLDVGCN,39,29,20,29,68,49,0.19387755102040816,neutral
DCVVGLFF,20,17,13,11,37,24,0.19402985074626866,neutral
RFVGDVNF,20,17,13,11,37,24,0.19402985074626866,neutral
VVYNSLYI,19,18,10,14,37,24,0.19402985074626866,neutral
CVSHIGGG,19,18,11,13,37,24,0.19402985074626866,neutral
VNVGVYLF,17,20,13,11,37,24,0.19402985074626866,neutral
CVYFVNSV,23,14,10,14,37,24,0.19402985074626866,neutral
FFVFLYLR,25,12,17,7,37,24,0.19402985074626866,neutral
CGGRGCSH,17,20,11,13,37,24,0.19402985074626866,neutral
VLDVHGYR,61,43,35,43,104,78,0.19402985074626866,neutral
HCGGICVC,19,18,15,9,37,24,0.19402985074626866,neutral
FGFFNVCI,22,15,11,13,37,24,0.19402985074626866,neutral
IFCFSDFG,19,18,12,12,37,24,0.19402985074626866,neutral
CCLDNCRR,44,29,27,26,73,53,0.1941747572815534,neutral
FGFLGLNR,42,31,24,29,73,53,0.1941747572815534,neutral
NCSYLIDH,42,31,23,30,73,53,0.1941747572815534,neutral
FGYVNSFD,64,45,41,41,109,82,0.19424460431654678,neutral
CCGDICCD,78,67,54,57,145,111,0.19428571428571428,neutral
RNSRRINY,84,66,58,57,150,115,0.19444444444444445,neutral
VCLLSNNC,30,12,13,15,42,28,0.19444444444444445,neutral
VLCFSIHG,27,15,12,16,42,28,0.19444444444444445,neutral
SGFGFDDS,23,19,12,16,42,28,0.19444444444444445,neutral
VILNCVHL,30,12,9,19,42,28,0.19444444444444445,neutral
RCVRSYVD,45,33,26,31,78,57,0.19444444444444445,neutral
IVRRFCCD,47,31,27,30,78,57,0.19444444444444445,neutral
VSVDSLYF,25,17,15,13,42,28,0.19444444444444445,neutral
RNFVCGGR,28,14,12,16,42,28,0.19444444444444445,neutral
FLIDIVDD,26,16,12,16,42,28,0.19444444444444445,neutral
GFCCDSGL,29,13,17,11,42,28,0.19444444444444445,neutral
ICVFHDCC,26,16,16,12,42,28,0.19444444444444445,neutral
RHLCGVCR,80,75,54,65,155,119,0.1945945945945946,neutral
FGHHIRGL,47,36,36,25,83,61,0.19469026548672566,neutral
FFRLCFDH,49,34,26,35,83,61,0.19469026548672566,neutral
YCSFVCID,46,37,30,31,83,61,0.19469026548672566,neutral
CYGFIYGI,70,54,47,47,124,94,0.19480519480519481,neutral
RYCGCVYC,21,26,16,16,47,32,0.19480519480519481,neutral
HVFLYVDI,31,16,11,21,47,32,0.19480519480519481,neutral
VCCCGLDS,30,17,14,18,47,32,0.19480519480519481,neutral
DRRCCIGL,30,17,18,14,47,32,0.19480519480519481,neutral
VNICLGFR,31,16,18,14,47,32,0.19480519480519481,neutral
FFFCDNIH,30,17,19,13,47,32,0.19480519480519481,neutral
FSHGYIFV,70,54,42,52,124,94,0.19480519480519481,neutral
IVCGVNSC,71,53,43,51,124,94,0.19480519480519481,neutral
VCRVFDNI,32,15,17,15,47,32,0.19480519480519481,neutral
FYDLGSHL,44,44,30,35,88,65,0.19491525423728814,neutral
ICHVNFFR,53,35,31,34,88,65,0.19491525423728814,neutral
GFRRHSVH,51,37,33,32,88,65,0.19491525423728814,neutral
FIICHHLF,6,5,1,2,11,3,0.1951219512195122,neutral
VCCCVFDV,7,4,1,2,11,3,0.1951219512195122,neutral
NFFFNCSV,3,8,2,1,11,3,0.1951219512195122,neutral
YFGGGGFC,6,5,2,1,11,3,0.1951219512195122,neutral
SVIFVCYD,8,3,0,3,11,3,0.1951219512195122,neutral
LLLVSYGS,29,23,16,20,52,36,0.1951219512195122,neutral
GGCCICVH,7,4,3,0,11,3,0.1951219512195122,neutral
CHLCCCVS,8,3,2,1,11,3,0.1951219512195122,neutral
GYLYCGDG,8,3,3,0,11,3,0.1951219512195122,neutral
CNIDNLCG,33,19,18,18,52,36,0.1951219512195122,neutral
HYGFGIVG,10,1,1,2,11,3,0.1951219512195122,neutral
FFVFLCDN,7,4,1,2,11,3,0.1951219512195122,neutral
FRDVCYRI,75,59,43,59,134,102,0.1951219512195122,neutral
LCYLVSSV,5,6,3,0,11,3,0.1951219512195122,neutral
IDRFRVYF,8,3,3,0,11,3,0.1951219512195122,neutral
RCFVCHIH,6,5,3,0,11,3,0.1951219512195122,neutral
FDYFVYDG,3,8,1,2,11,3,0.1951219512195122,neutral
ILVYIFRV,8,3,2,1,11,3,0.1951219512195122,neutral
HCRYHFHF,9,2,2,1,11,3,0.1951219512195122,neutral
FYCCCGSV,6,5,2,1,11,3,0.1951219512195122,neutral
FFVDCLRC,6,5,2,1,11,3,0.1951219512195122,neutral
CFYCCFFR,7,4,1,2,11,3,0.1951219512195122,neutral
VHYLHHRF,7,4,2,1,11,3,0.1951219512195122,neutral
VFYLFVRH,5,6,0,3,11,3,0.1951219512195122,neutral
LYLIFFRI,6,5,2,1,11,3,0.1951219512195122,neutral
YVRFYNFN,8,3,1,2,11,3,0.1951219512195122,neutral
GCDNYFLD,4,7,1,2,11,3,0.1951219512195122,neutral
RLISRIHY,3,8,1,2,11,3,0.1951219512195122,neutral
CYGISLSV,34,18,15,21,52,36,0.1951219512195122,neutral
FIDCGCCF,9,2,2,1,11,3,0.1951219512195122,neutral
LLYRRYYV,7,4,3,0,11,3,0.1951219512195122,neutral
VCICSCFY,8,3,0,3,11,3,0.1951219512195122,neutral
ICLHCYGG,9,2,1,2,11,3,0.1951219512195122,neutral
DHLGIGLC,35,17,15,21,52,36,0.1951219512195122,neutral
YIIVDCHL,9,2,2,1,11,3,0.1951219512195122,neutral
YIIYLYFG,7,4,1,2,11,3,0.1951219512195122,neutral
CCCILICR,7,4,0,3,11,3,0.1951219512195122,neutral
VVCVCRVG,4,7,0,3,11,3,0.1951219512195122,neutral
FFGGNFNC,6,5,3,0,11,3,0.1951219512195122,neutral
LYCFCVDC,8,3,1,2,11,3,0.1951219512195122,neutral
DRRSYGLR,27,25,11,25,52,36,0.1951219512195122,neutral
FSRCYIGY,7,4,0,3,11,3,0.1951219512195122,neutral
VLFSCFVC,8,3,3,0,11,3,0.1951219512195122,neutral
CVFSICYL,9,2,1,2,11,3,0.1951219512195122,neutral
GRILGCDG,55,38,41,28,93,69,0.1951219512195122,neutral
IYCICCGF,5,6,1,2,11,3,0.1951219512195122,neutral
FYCLVIYL,6,5,1,2,11,3,0.1951219512195122,neutral
IVYVRHSR,57,41,27,46,98,73,0.1953125,neutral
FRYDRGIS,30,27,17,23,57,40,0.19540229885057472,neutral
VVGGGHFC,38,19,17,23,57,40,0.19540229885057472,neutral
GGCFFICG,31,26,15,25,57,40,0.19540229885057472,neutral
FLGCDFLC,34,23,19,21,57,40,0.19540229885057472,neutral
FNSFGCVG,35,22,20,20,57,40,0.19540229885057472,neutral
CGCDSRIC,38,19,18,22,57,40,0.19540229885057472,neutral
GDVCCGFS,32,25,21,19,57,40,0.19540229885057472,neutral
RLFCFSHN,33,24,23,17,57,40,0.19540229885057472,neutral
DYYNFRCG,9,7,3,4,16,7,0.1956521739130435,neutral
CCLSILLH,14,2,5,2,16,7,0.1956521739130435,neutral
VYYGLGHV,9,7,3,4,16,7,0.1956521739130435,neutral
VGHFCFNF,11,5,5,2,16,7,0.1956521739130435,neutral
YFFGHFCC,11,5,4,3,16,7,0.1956521739130435,neutral
VCSCSSCI,7,9,1,6,16,7,0.1956521739130435,neutral
FLYVCSIR,10,6,4,3,16,7,0.1956521739130435,neutral
IFGSHDCY,12,4,4,3,16,7,0.1956521739130435,neutral
CFVLGIDS,11,5,5,2,16,7,0.1956521739130435,neutral
CNVCNYNV,8,8,3,4,16,7,0.1956521739130435,neutral
GNNVHFYL,8,8,2,5,16,7,0.1956521739130435,neutral
CDFFLRFV,9,7,3,4,16,7,0.1956521739130435,neutral
RCLLGGVL,8,8,3,4,16,7,0.1956521739130435,neutral
FGVINCCC,8,8,4,3,16,7,0.1956521739130435,neutral
DCHLFDIS,11,5,3,4,16,7,0.1956521739130435,neutral
LNSCNFCC,9,7,4,3,16,7,0.1956521739130435,neutral
FNFFRGCR,5,11,5,2,16,7,0.1956521739130435,neutral
DGCFDSGF,11,5,4,3,16,7,0.1956521739130435,neutral
RNYRVGSR,40,22,27,17,62,44,0.1956521739130435,neutral
VDFGFYFF,9,7,3,4,16,7,0.1956521739130435,neutral
YCCRYSIH,12,4,2,5,16,7,0.1956521739130435,neutral
VDYFCGYY,11,5,2,5,16,7,0.1956521739130435,neutral
HINVDFVC,10,6,4,3,16,7,0.1956521739130435,neutral
FVICRCDY,9,7,5,2,16,7,0.1956521739130435,neutral
SGGGYIFL,13,3,5,2,16,7,0.1956521739130435,neutral
FGCHFYRF,12,4,2,5,16,7,0.1956521739130435,neutral
FYRCFRSF,10,6,5,2,16,7,0.1956521739130435,neutral
FDSVYYRF,12,4,2,5,16,7,0.1956521739130435,neutral
VFGLGCCC,7,9,3,4,16,7,0.1956521739130435,neutral
YFGICCGH,12,4,4,3,16,7,0.1956521739130435,neutral
CISCVIVD,38,24,20,24,62,44,0.1956521739130435,neutral
YIDIFCVN,11,5,3,4,16,7,0.1956521739130435,neutral
CDYCFRNC,11,5,3,4,16,7,0.1956521739130435,neutral
VLYHCDIC,10,6,3,4,16,7,0.1956521739130435,neutral
CCVSGLHF,63,45,33,48,108,81,0.1956521739130435,neutral
FIVDLNCH,62,46,35,46,108,81,0.1956521739130435,neutral
DFFRDLRL,37,25,23,21,62,44,0.1956521739130435,neutral
FNFVFRDG,41,26,29,19,67,48,0.1958762886597938,neutral
FCISFRDN,40,27,23,25,67,48,0.1958762886597938,neutral
FVVGHCIV,43,24,22,26,67,48,0.1958762886597938,neutral
DVGFFVRV,38,34,28,24,72,52,0.19607843137254902,neutral
HCINGYFC,11,10,4,7,21,11,0.19607843137254902,neutral
YFGFNNCF,12,9,6,5,21,11,0.19607843137254902,neutral
GHSYDYYH,12,9,5,6,21,11,0.19607843137254902,neutral
VCLVCCDV,12,9,5,6,21,11,0.19607843137254902,neutral
IFVCHRIH,10,11,2,9,21,11,0.19607843137254902,neutral
YSVYGDLH,14,7,7,4,21,11,0.19607843137254902,neutral
IVCYLNLH,15,6,3,8,21,11,0.19607843137254902,neutral
IFRRCFGG,12,9,3,8,21,11,0.19607843137254902,neutral
DSVFCSGL,12,9,1,10,21,11,0.19607843137254902,neutral
FCHLDCID,11,10,6,5,21,11,0.19607843137254902,neutral
VICCDYDL,10,11,6,5,21,11,0.19607843137254902,neutral
YCFDCYVN,13,8,6,5,21,11,0.19607843137254902,neutral
ILHIHGSL,15,6,3,8,21,11,0.19607843137254902,neutral
LFRCLVCD,15,6,6,5,21,11,0.19607843137254902,neutral
DFYSFGHD,13,8,2,9,21,11,0.19607843137254902,neutral
IRCCCYYH,12,9,4,7,21,11,0.19607843137254902,neutral
FDGGVRFC,10,11,8,3,21,11,0.19607843137254902,neutral
CLHCDHLI,12,9,1,10,21,11,0.19607843137254902,neutral
ILCFNVGN,13,8,5,6,21,11,0.19607843137254902,neutral
FVLFGCCG,13,8,5,6,21,11,0.19607843137254902,neutral
FRCFCGFC,10,11,4,7,21,11,0.19607843137254902,neutral
SYVISGVF,17,4,4,7,21,11,0.19607843137254902,neutral
FINFCHVV,11,10,4,7,21,11,0.19607843137254902,neutral
CCDYVIVR,65,58,49,44,123,93,0.19607843137254902,neutral
HFIIDFYH,9,12,3,8,21,11,0.19607843137254902,neutral
YFCRLNLC,9,12,7,4,21,11,0.19607843137254902,neutral
LVYCFDVS,16,5,2,9,21,11,0.19607843137254902,neutral
GLCFCHIH,13,8,5,6,21,11,0.19607843137254902,neutral
FSRHVVDV,70,58,45,52,128,97,0.1962025316455696,neutral
FVDGVLIF,47,30,29,27,77,56,0.19626168224299065,neutral
FYGSVIFH,13,13,10,5,26,15,0.19642857142857142,neutral
VSVLCGVF,18,8,8,7,26,15,0.19642857142857142,neutral
YICFDGLI,48,34,28,32,82,60,0.19642857142857142,neutral
FGSRHGYD,16,10,9,6,26,15,0.19642857142857142,neutral
LHCCDNCG,49,33,30,30,82,60,0.19642857142857142,neutral
CFNGCFLS,20,6,5,10,26,15,0.19642857142857142,neutral
CYYLHGCV,14,12,7,8,26,15,0.19642857142857142,neutral
NFRFRSNY,15,11,9,6,26,15,0.19642857142857142,neutral
FNCHFFGH,17,9,3,12,26,15,0.19642857142857142,neutral
CCLIYSSC,21,5,8,7,26,15,0.19642857142857142,neutral
VFSFSICC,19,7,4,11,26,15,0.19642857142857142,neutral
FINVDDFY,47,35,31,29,82,60,0.19642857142857142,neutral
YDDILCVV,17,9,10,5,26,15,0.19642857142857142,neutral
HFHNVFVI,14,12,5,10,26,15,0.19642857142857142,neutral
DYCVFVSV,17,9,5,10,26,15,0.19642857142857142,neutral
VFLDFDSC,18,8,9,6,26,15,0.19642857142857142,neutral
FNCIYSGN,15,11,6,9,26,15,0.19642857142857142,neutral
LLHCVCGV,49,33,30,30,82,60,0.19642857142857142,neutral
NLCHDCFL,19,7,10,5,26,15,0.19642857142857142,neutral
DIFDGVCI,50,37,29,35,87,64,0.19658119658119658,neutral
FYNNCCNG,52,35,40,24,87,64,0.19658119658119658,neutral
FFGLCVGV,19,12,3,16,31,19,0.19672131147540983,neutral
CFHNLFFV,20,11,10,9,31,19,0.19672131147540983,neutral
LYYFVCGD,17,14,8,11,31,19,0.19672131147540983,neutral
LYFFDCVH,15,16,6,13,31,19,0.19672131147540983,neutral
YDRDGHYV,21,10,8,11,31,19,0.19672131147540983,neutral
FRILNGCI,19,12,11,8,31,19,0.19672131147540983,neutral
YYLYGGFL,21,10,13,6,31,19,0.19672131147540983,neutral
NYGSVISL,16,15,9,10,31,19,0.19672131147540983,neutral
CVGFSYLV,23,8,6,13,31,19,0.19672131147540983,neutral
RVCCNRCV,55,37,34,34,92,68,0.19672131147540983,neutral
RYFSLGRY,16,15,9,10,31,19,0.19672131147540983,neutral
LCCVLNGL,19,12,6,13,31,19,0.19672131147540983,neutral
INYRCGGC,22,9,9,10,31,19,0.19672131147540983,neutral
FIHCDFCV,18,13,9,10,31,19,0.19672131147540983,neutral
LNGFLYHF,17,14,8,11,31,19,0.19672131147540983,neutral
RFCSNGCR,58,39,39,33,97,72,0.1968503937007874,neutral
FGFYCDDR,20,16,11,12,36,23,0.19696969696969696,neutral
ICHFHVRV,24,12,11,12,36,23,0.19696969696969696,neutral
VNFRYRFL,22,14,11,12,36,23,0.19696969696969696,neutral
FSFHFGSF,18,18,15,8,36,23,0.19696969696969696,neutral
IFHHFVDD,19,17,16,7,36,23,0.19696969696969696,neutral
SFDFGRVS,19,17,13,10,36,23,0.19696969696969696,neutral
CCDICYVH,21,15,15,8,36,23,0.19696969696969696,neutral
LGLCCSDC,21,15,15,8,36,23,0.19696969696969696,neutral
CHGFLVVS,125,109,83,99,234,182,0.19696969696969696,neutral
CFICNGFR,21,15,13,10,36,23,0.19696969696969696,neutral
RFIFYCVD,20,16,10,13,36,23,0.19696969696969696,neutral
VIGDCYDG,23,13,11,12,36,23,0.19696969696969696,neutral
GCSNVCFG,58,44,34,42,102,76,0.19696969696969696,neutral
VFDFCFCG,21,15,10,13,36,23,0.19696969696969696,neutral
RIRHFRRY,21,15,10,13,36,23,0.19696969696969696,neutral
GFGYCFYV,23,13,10,13,36,23,0.19696969696969696,neutral
IDLCDCCG,19,17,10,13,36,23,0.19696969696969696,neutral
NSFFNIFF,15,21,10,13,36,23,0.19696969696969696,neutral
CHVFCISH,23,13,8,15,36,23,0.19696969696969696,neutral
FYIDSNIF,64,48,39,45,112,84,0.19718309859154928,neutral
GSGISGFN,27,14,12,15,41,27,0.19718309859154928,neutral
IGGFYGIL,24,17,12,15,41,27,0.19718309859154928,neutral
GFRHLIDD,30,11,10,17,41,27,0.19718309859154928,neutral
GGSYCVFS,18,23,15,12,41,27,0.19718309859154928,neutral
DFICVDGG,29,12,13,14,41,27,0.19718309859154928,neutral
YFDCYGVG,61,51,46,38,112,84,0.19718309859154928,neutral
FCDCNDYG,22,24,15,16,46,31,0.19736842105263158,neutral
YIHRGCVN,24,22,11,20,46,31,0.19736842105263158,neutral
HLFNCFLY,32,14,16,15,46,31,0.19736842105263158,neutral
YRNFHCCV,67,55,42,50,122,92,0.19736842105263158,neutral
FYNDIFFV,34,17,15,20,51,35,0.19753086419753085,neutral
NCLVRCIG,35,16,13,22,51,35,0.19753086419753085,neutral
LGIGGGVF,32,19,21,14,51,35,0.19753086419753085,neutral
GCCNGFIR,32,19,9,26,51,35,0.19753086419753085,neutral
VYVDSVVV,34,17,17,18,51,35,0.19753086419753085,neutral
RDCLVGFC,31,20,13,22,51,35,0.19753086419753085,neutral
HIGGCLCL,32,19,12,23,51,35,0.19753086419753085,neutral
CSCIRRGN,30,26,17,22,56,39,0.19767441860465115,neutral
DYFYSCIL,28,28,19,20,56,39,0.19767441860465115,neutral
FVRCCGLI,35,21,15,24,56,39,0.19767441860465115,neutral
VNGLLIDD,36,20,19,20,56,39,0.19767441860465115,neutral
GHDFDLGD,31,25,18,21,56,39,0.19767441860465115,neutral
SVCVRSCF,32,24,14,25,56,39,0.19767441860465115,neutral
SCCLNGHC,33,23,21,18,56,39,0.19767441860465115,neutral
VCGHSYVH,33,28,21,22,61,43,0.1978021978021978,neutral
YHDGGRNY,39,22,20,23,61,43,0.1978021978021978,neutral
FCDRLVFS,35,26,20,23,61,43,0.1978021978021978,neutral
SCRFCDRV,37,24,21,22,61,43,0.1978021978021978,neutral
VIFSGLHG,40,21,20,23,61,43,0.1978021978021978,neutral
RYGCIVGC,36,25,20,23,61,43,0.1978021978021978,neutral
VLYGCCHF,37,24,17,26,61,43,0.1978021978021978,neutral
RYCGHYCS,34,27,26,17,61,43,0.1978021978021978,neutral
FCSNCVSR,40,26,19,28,66,47,0.19791666666666666,neutral
HCCGVRVF,41,30,25,26,71,51,0.19801980198019803,neutral
YLVRGVGC,41,30,23,28,71,51,0.19801980198019803,neutral
FDNHLGRH,41,30,23,28,71,51,0.19801980198019803,neutral
NVCGYVFL,37,39,25,30,76,55,0.19811320754716982,neutral
FYGHCYHY,43,33,23,32,76,55,0.19811320754716982,neutral
VFGFCSFY,47,29,25,30,76,55,0.19811320754716982,neutral
CGNGVCFV,42,34,24,31,76,55,0.19811320754716982,neutral
LFNGLCYH,47,34,27,32,81,59,0.1981981981981982,neutral
ILVGDFLI,49,32,26,33,81,59,0.1981981981981982,neutral
CYCDVSSG,54,37,26,41,91,67,0.19834710743801653,neutral
CRNVILLH,55,41,37,34,96,71,0.1984126984126984,neutral
SNLVYFRN,75,61,48,55,136,103,0.19879518072289157,neutral
VIHGDFVR,79,62,52,55,141,107,0.19883040935672514,neutral
GFFIDIRG,99,92,69,78,191,147,0.19909502262443438,neutral
CDCVSIVF,25,15,19,7,40,26,0.2,neutral
CDYGFVCF,35,25,26,16,60,42,0.2,neutral
CFYGLVDH,8,2,1,1,10,2,0.2,neutral
VVFHVNCL,17,13,8,10,30,18,0.2,neutral
FCDDCVYC,8,7,5,1,15,6,0.2,neutral
YHLICCGD,22,13,9,13,35,22,0.2,neutral
YGRFVSCC,27,18,11,19,45,30,0.2,neutral
FFDFYCIN,9,6,4,2,15,6,0.2,neutral
LDVFVSGY,9,11,4,6,20,10,0.2,neutral
FLHGICDV,8,7,4,2,15,6,0.2,neutral
CFCIGCYC,7,3,2,0,10,2,0.2,neutral
FRHVRIYD,8,7,6,0,15,6,0.2,neutral
VHRHLGCD,43,32,31,23,75,54,0.2,neutral
CCVVGCDL,33,27,17,25,60,42,0.2,neutral
CDVFYFSI,14,16,9,9,30,18,0.2,neutral
SFVCLRNY,8,2,1,1,10,2,0.2,neutral
GFVCSLHC,27,13,11,15,40,26,0.2,neutral
GYHSYLCS,39,26,25,21,65,46,0.2,neutral
FYCFNHRR,14,1,4,2,15,6,0.2,neutral
CSYGCVSS,17,13,10,8,30,18,0.2,neutral
RFVYSYVI,6,4,1,1,10,2,0.2,neutral
LFGSISSC,35,20,24,14,55,38,0.2,neutral
GYDHHIDD,39,21,20,22,60,42,0.2,neutral
CHGRFFYS,38,22,23,19,60,42,0.2,neutral
IILCGGLR,33,22,23,15,55,38,0.2,neutral
FIGDHLLC,12,13,10,4,25,14,0.2,neutral
VLFCSHRL,28,22,20,14,50,34,0.2,neutral
YHLGSDYD,34,16,15,19,50,34,0.2,neutral
YDLFGRRV,39,21,21,21,60,42,0.2,neutral
YYDGFVDD,6,4,0,2,10,2,0.2,neutral
GCICRCRV,4,6,0,2,10,2,0.2,neutral
FDGLVNIH,19,16,12,10,35,22,0.2,neutral
NVVSCGGY,41,24,21,25,65,46,0.2,neutral
FIYDGGCF,19,11,5,13,30,18,0.2,neutral
NGIFDVDN,25,15,9,17,40,26,0.2,neutral
ICSCCGRG,27,23,12,22,50,34,0.2,neutral
VFYFCVCC,5,5,1,1,10,2,0.2,neutral
GYGYCGLH,36,29,25,21,65,46,0.2,neutral
RRGVYLFC,8,12,3,7,20,10,0.2,neutral
CLCCLDHF,8,2,0,2,10,2,0.2,neutral
NFIRCHDF,10,10,4,6,20,10,0.2,neutral
FYYCGSRF,7,8,3,3,15,6,0.2,neutral
CFGDVDCC,9,6,1,5,15,6,0.2,neutral
IYCCSCGF,2,8,0,2,10,2,0.2,neutral
VSCCFDLG,21,9,11,7,30,18,0.2,neutral
YCCYVHIV,16,9,8,6,25,14,0.2,neutral
CYIVGDRL,14,11,8,6,25,14,0.2,neutral
NFLFGFCC,13,12,6,8,25,14,0.2,neutral
IILNYSGR,25,15,10,16,40,26,0.2,neutral
VGDFCGVC,11,4,4,2,15,6,0.2,neutral
YFNGYIRN,19,16,14,8,35,22,0.2,neutral
GFCCRLCS,11,9,5,5,20,10,0.2,neutral
VCCVCLHG,5,10,4,2,15,6,0.2,neutral
FCSVIVCI,4,6,0,2,10,2,0.2,neutral
CCYSGYSF,12,13,7,7,25,14,0.2,neutral
RGRCVCGI,2,8,2,0,10,2,0.2,neutral
YCVCGCYF,7,3,1,1,10,2,0.2,neutral
FCYFHVFN,7,3,1,1,10,2,0.2,neutral
FSCGICNV,9,6,3,3,15,6,0.2,neutral
FSCSHVHV,23,12,10,12,35,22,0.2,neutral
RYVIYCCH,10,10,5,5,20,10,0.2,neutral
FCFSSCHH,11,9,6,4,20,10,0.2,neutral
DVFHGLSD,41,34,23,31,75,54,0.2,neutral
CVCGCFFR,6,4,1,1,10,2,0.2,neutral
CIYGCGGG,19,11,5,13,30,18,0.2,neutral
GFVVHCSL,18,7,8,6,25,14,0.2,neutral
GIVYGNRY,6,4,2,0,10,2,0.2,neutral
CLCNRIHS,41,34,27,27,75,54,0.2,neutral
CRFCSVNG,34,21,17,21,55,38,0.2,neutral
CGVVGNFF,32,38,22,28,70,50,0.2,neutral
FSLICGCV,6,4,0,2,10,2,0.2,neutral
LVRFVCYR,10,5,4,2,15,6,0.2,neutral
FHHCDRLD,30,20,15,19,50,34,0.2,neutral
VYSIRYFN,17,13,9,9,30,18,0.2,neutral
VFNLCYLH,19,11,9,9,30,18,0.2,neutral
GLYSSYYC,3,7,1,1,10,2,0.2,neutral
FDNVFCVL,12,3,5,1,15,6,0.2,neutral
CFSFRGHL,10,5,4,2,15,6,0.2,neutral
GLDYGGLG,7,3,2,0,10,2,0.2,neutral
CVRGYGGD,31,19,14,20,50,34,0.2,neutral
CGGLGRGR,15,10,7,7,25,14,0.2,neutral
CFSLDFRV,48,42,31,35,90,66,0.2,neutral
ILVGFHNG,14,11,5,9,25,14,0.2,neutral
CRYDDLGI,14,6,7,3,20,10,0.2,neutral
CDSGICCI,31,19,14,20,50,34,0.2,neutral
SCFYDFVC,11,4,2,4,15,6,0.2,neutral
LLFCFDGF,15,10,5,9,25,14,0.2,neutral
LFFCYRHH,7,3,0,2,10,2,0.2,neutral
VVGVHFVL,18,7,9,5,25,14,0.2,neutral
FVSLVCCY,10,10,6,4,20,10,0.2,neutral
CCRDRFSI,25,15,18,8,40,26,0.2,neutral
NISVFCGL,24,16,13,13,40,26,0.2,neutral
CDRYDCVC,44,26,25,25,70,50,0.2,neutral
VHVCCRVL,25,10,13,9,35,22,0.2,neutral
GFRRIGFL,38,32,19,31,70,50,0.2,neutral
IGVGLFCS,59,51,40,42,110,82,0.2,neutral
CFYRSRGF,6,9,0,6,15,6,0.2,neutral
CGVVCGIH,30,15,13,17,45,30,0.2,neutral
FRFYLDSR,41,24,25,21,65,46,0.2,neutral
SYCSGIDG,15,10,6,8,25,14,0.2,neutral
VCVCGYGH,19,6,8,6,25,14,0.2,neutral
HYGCGSIY,6,4,0,2,10,2,0.2,neutral
VFRGCSLD,19,21,13,13,40,26,0.2,neutral
FNCYFYGS,13,7,2,8,20,10,0.2,neutral
FFCCFSLY,8,7,3,3,15,6,0.2,neutral
YCGLFRGL,43,32,26,28,75,54,0.2,neutral
FCNCIICD,22,18,8,18,40,26,0.2,neutral
LFGNFDRD,7,3,1,1,10,2,0.2,neutral
GCLVFSDI,4,6,2,0,10,2,0.2,neutral
YGDVCDYI,8,2,0,2,10,2,0.2,neutral
VFDLNVLC,10,5,3,3,15,6,0.2,neutral
NYLVLSCR,14,6,6,4,20,10,0.2,neutral
RFCHIDRF,17,8,5,9,25,14,0.2,neutral
SVYICYGL,16,9,7,7,25,14,0.2,neutral
CDFCCCGD,14,11,4,10,25,14,0.2,neutral
CYFFVGVF,10,10,2,8,20,10,0.2,neutral
CFSRGIRY,15,30,13,17,45,30,0.2,neutral
HCRCCVSC,12,3,2,4,15,6,0.2,neutral
VRFYCIGG,12,8,6,4,20,10,0.2,neutral
CIYDDFHY,8,7,2,4,15,6,0.2,neutral
LCFFNGSN,9,6,2,4,15,6,0.2,neutral
CNCFCLIH,9,1,1,1,10,2,0.2,neutral
CFVCNCCI,5,5,1,1,10,2,0.2,neutral
VFVRYRYL,7,3,0,2,10,2,0.2,neutral
VLVVDFFG,5,5,1,1,10,2,0.2,neutral
GVLCGIIR,24,16,8,18,40,26,0.2,neutral
VRRRCFDS,14,6,2,8,20,10,0.2,neutral
YCHGINCC,22,18,13,13,40,26,0.2,neutral
LFRFGFNV,42,23,23,23,65,46,0.2,neutral
CRDDFYDI,9,1,2,0,10,2,0.2,neutral
HCVGCCDC,22,8,8,10,30,18,0.2,neutral
VDFFYYFR,5,10,5,1,15,6,0.2,neutral
FLYGYFCL,8,2,1,1,10,2,0.2,neutral
HYFGGGRI,14,6,5,5,20,10,0.2,neutral
RSCIDRIF,13,12,7,7,25,14,0.2,neutral
ICVVDVSC,13,7,5,5,20,10,0.2,neutral
FFNCVVIV,8,2,1,1,10,2,0.2,neutral
FGRCGFGH,22,18,11,15,40,26,0.2,neutral
SGYRVCYF,30,15,16,14,45,30,0.2,neutral
ICRSHGVR,20,15,11,11,35,22,0.2,neutral
HHCVRVFG,1,9,1,1,10,2,0.2,neutral
VRSVCCVC,44,36,30,28,80,58,0.2,neutral
ICICDINV,29,16,13,17,45,30,0.2,neutral
CCCVRGSV,5,5,1,1,10,2,0.2,neutral
DRYGDNHY,40,25,26,20,65,46,0.2,neutral
CIGFDIDL,9,6,1,5,15,6,0.2,neutral
FFNCCDCI,11,9,6,4,20,10,0.2,neutral
CRRVFYVH,13,2,4,2,15,6,0.2,neutral
FYDSYRID,5,5,1,1,10,2,0.2,neutral
FILSDYGC,4,6,2,0,10,2,0.2,neutral
FGNCHVCG,43,27,24,26,70,50,0.2,neutral
NHIFVSFF,7,3,1,1,10,2,0.2,neutral
ICCLVCRL,5,5,2,0,10,2,0.2,neutral
LCSYVVCD,21,14,9,13,35,22,0.2,neutral
FFYRDICN,8,7,4,2,15,6,0.2,neutral
FNHCHVYR,19,6,3,11,25,14,0.2,neutral
RIDVHVIV,23,12,5,17,35,22,0.2,neutral
VNCNFGRL,49,31,29,29,80,58,0.2,neutral
IFFDLCSC,23,17,13,13,40,26,0.2,neutral
VFCGCFYL,18,7,6,8,25,14,0.2,neutral
SYCLGYSV,13,2,3,3,15,6,0.2,neutral
CHHGFIRL,32,18,13,21,50,34,0.2,neutral
FSFFCDIC,8,2,1,1,10,2,0.2,neutral
HLGFYGCS,16,4,3,7,20,10,0.2,neutral
RVFDSNFH,8,2,0,2,10,2,0.2,neutral
LFIGRGYV,5,10,6,0,15,6,0.2,neutral
VLLNHGCG,19,11,8,10,30,18,0.2,neutral
FRNYSGVC,7,8,3,3,15,6,0.2,neutral
RIDYNFGI,19,16,16,6,35,22,0.2,neutral
FCCFDGSG,21,14,13,9,35,22,0.2,neutral
CFCYFGHD,7,3,0,2,10,2,0.2,neutral
VINRFVCD,16,9,3,11,25,14,0.2,neutral
VGGSVYSF,11,14,9,5,25,14,0.2,neutral
GVFFFVIV,7,3,2,0,10,2,0.2,neutral
SVVGFRIR,18,17,4,18,35,22,0.2,neutral
FLIFDDFN,6,4,1,1,10,2,0.2,neutral
CSCDHICV,8,2,0,2,10,2,0.2,neutral
CIYHSHCL,23,12,8,14,35,22,0.2,neutral
DCYCIDGF,29,16,22,8,45,30,0.2,neutral
FDGCLVYV,7,3,1,1,10,2,0.2,neutral
SICFFDVN,8,7,2,4,15,6,0.2,neutral
FNFGCCDD,11,4,3,3,15,6,0.2,neutral
FCVFSSCS,16,9,7,7,25,14,0.2,neutral
RCFCVVGI,14,11,5,9,25,14,0.2,neutral
GRLFSRFD,7,3,1,1,10,2,0.2,neutral
DIRCGLCY,10,5,3,3,15,6,0.2,neutral
IFLSGVDH,17,18,11,11,35,22,0.2,neutral
IGRCSCCS,12,18,6,12,30,18,0.2,neutral
RHYSCRYC,23,12,8,14,35,22,0.2,neutral
YFSYGVVC,6,4,0,2,10,2,0.2,neutral
VFVGINCV,10,5,3,3,15,6,0.2,neutral
GSIHCGVF,20,15,11,11,35,22,0.2,neutral
FGFYRGLI,23,17,11,15,40,26,0.2,neutral
LHLHIRVV,4,6,1,1,10,2,0.2,neutral
LDSCRDCF,16,14,9,9,30,18,0.2,neutral
IGSFISLC,50,35,24,38,85,62,0.2,neutral
CFICDRHD,27,8,8,14,35,22,0.2,neutral
RSLRGCYH,8,7,3,3,15,6,0.2,neutral
YCVSDCSF,54,36,32,34,90,66,0.2,neutral
FYCSFFVL,7,3,1,1,10,2,0.2,neutral
RGYGLYGS,21,9,11,7,30,18,0.2,neutral
SHVYVRIC,23,12,10,12,35,22,0.2,neutral
FGCDHIIH,33,27,22,20,60,42,0.2,neutral
CNNDFSHY,43,27,23,27,70,50,0.2,neutral
LFYGYRVI,11,9,4,6,20,10,0.2,neutral
FYGCRYLY,25,15,14,12,40,26,0.2,neutral
SCFGCVCH,13,2,3,3,15,6,0.2,neutral
VCRFGILV,36,24,18,24,60,42,0.2,neutral
GVGCIFLV,14,11,6,8,25,14,0.2,neutral
GGGGVFDG,3,7,0,2,10,2,0.2,neutral
FSFRGSLI,5,5,1,1,10,2,0.2,neutral
YSYYVRVG,17,8,6,8,25,14,0.2,neutral
LRVHFVRF,7,3,1,1,10,2,0.2,neutral
FFSCFCSH,9,6,4,2,15,6,0.2,neutral
FLCGCVVI,25,20,13,17,45,30,0.2,neutral
VGFILCGC,39,26,19,27,65,46,0.2,neutral
YFSCGFGL,19,6,10,4,25,14,0.2,neutral
SNCCDFLC,40,30,21,29,70,50,0.2,neutral
FIFCYCLI,7,3,2,0,10,2,0.2,neutral
CYIISRYG,22,18,12,14,40,26,0.2,neutral
DCNCGGLG,29,16,19,11,45,30,0.2,neutral
NSLYYGGI,6,9,3,3,15,6,0.2,neutral
SFLCSCSG,22,18,11,15,40,26,0.2,neutral
CCHFRFLL,7,3,0,2,10,2,0.2,neutral
FIVFFVVH,7,3,2,0,10,2,0.2,neutral
FCCSINID,6,4,1,1,10,2,0.2,neutral
FRCNFNLI,42,28,23,27,70,50,0.2,neutral
VRYLGDLL,8,2,1,1,10,2,0.2,neutral
CYDFDSFI,30,20,16,18,50,34,0.2,neutral
VGGVFYHD,14,6,6,4,20,10,0.2,neutral
FFYHSNYG,13,7,3,7,20,10,0.2,neutral
FDCIFLSD,13,7,6,4,20,10,0.2,neutral
SYGCSDFD,35,25,18,24,60,42,0.2,neutral
IFFYDFDY,17,13,11,7,30,18,0.2,neutral
CICGNFFF,10,10,5,5,20,10,0.2,neutral
HYYLDCCS,50,35,23,39,85,62,0.2,neutral
SFVVCRCV,34,16,23,11,50,34,0.2,neutral
SILDSFCF,19,16,6,16,35,22,0.2,neutral
FINFDFRV,8,12,6,4,20,10,0.2,neutral
CCLVSHYF,16,19,12,10,35,22,0.2,neutral
RLLLLHDC,73,56,43,54,129,97,0.20125786163522014,neutral
DGYSVVGL,71,58,49,48,129,97,0.20125786163522014,neutral
RCGRDCFG,66,48,42,43,114,85,0.2013888888888889,neutral
ISCISDLF,63,51,42,43,114,85,0.2013888888888889,neutral
VDSDLCGC,63,46,44,37,109,81,0.2014388489208633,neutral
VCCGSFIY,63,46,36,45,109,81,0.2014388489208633,neutral
FCGGDSLD,59,40,30,43,99,73,0.20155038759689922,neutral
CSSHCCSD,56,43,31,42,99,73,0.20155038759689922,neutral
HDCCHGRC,57,42,34,39,99,73,0.20155038759689922,neutral
VSICVYGS,54,40,39,30,94,69,0.20161290322580644,neutral
SFSFDCSN,48,46,31,38,94,69,0.20161290322580644,neutral
GCVGSCVD,52,37,29,36,89,65,0.20168067226890757,neutral
VHCNYDGV,52,37,32,33,89,65,0.20168067226890757,neutral
CFNGIFCI,49,40,29,36,89,65,0.20168067226890757,neutral
CFNGVHIH,53,36,30,35,89,65,0.20168067226890757,neutral
CLLYDGVR,51,33,21,40,84,61,0.20175438596491227,neutral
LLYYCGHG,51,33,23,38,84,61,0.20175438596491227,neutral
FIRGHIDN,51,33,37,24,84,61,0.20175438596491227,neutral
GRCCYCGH,46,33,23,34,79,57,0.2018348623853211,neutral
FFGGCLHF,42,32,23,30,74,53,0.20192307692307693,neutral
VLSHCCNG,46,28,27,26,74,53,0.20192307692307693,neutral
CFCFVNSS,46,28,20,33,74,53,0.20192307692307693,neutral
FDCLCSVR,44,25,17,32,69,49,0.20202020202020202,neutral
SCIFDGHR,44,25,16,33,69,49,0.20202020202020202,neutral
VCVGGCGC,43,26,20,29,69,49,0.20202020202020202,neutral
RFCHIGGG,44,25,26,23,69,49,0.20202020202020202,neutral
IRIRRYSH,39,25,19,26,64,45,0.20212765957446807,neutral
FHFHVSSV,37,27,23,22,64,45,0.20212765957446807,neutral
DLLHDFLS,40,24,24,21,64,45,0.20212765957446807,neutral
YRSCYCHL,34,30,25,20,64,45,0.20212765957446807,neutral
ICCGSGNY,40,24,19,26,64,45,0.20212765957446807,neutral
CFNIRGFR,83,70,51,65,153,116,0.20218579234972678,neutral
FCFGVDYC,38,21,21,20,59,41,0.20224719101123595,neutral
LIVVDRCD,33,26,20,21,59,41,0.20224719101123595,neutral
IGVLDDHL,37,22,16,25,59,41,0.20224719101123595,neutral
CFVGVGCC,38,21,16,25,59,41,0.20224719101123595,neutral
LFCIGVGN,35,24,14,27,59,41,0.20224719101123595,neutral
CHCVSIGV,36,23,18,23,59,41,0.20224719101123595,neutral
CFVDFLVV,36,18,19,18,54,37,0.20238095238095238,neutral
LGFVGCGG,32,22,19,18,54,37,0.20238095238095238,neutral
NDGCCGFG,31,23,21,16,54,37,0.20238095238095238,neutral
VIRFGYGV,29,25,19,18,54,37,0.20238095238095238,neutral
FGIIRFHN,33,21,19,18,54,37,0.20238095238095238,neutral
YRNRDGFR,69,59,42,54,128,96,0.20253164556962025,neutral
FLCNCHHF,27,22,19,14,49,33,0.20253164556962025,neutral
LCHYIVDV,29,20,15,18,49,33,0.20253164556962025,neutral
VFDLRCFL,32,17,18,15,49,33,0.20253164556962025,neutral
ICDYSFGI,33,16,14,19,49,33,0.20253164556962025,neutral
VFDVFCCY,31,18,13,20,49,33,0.20253164556962025,neutral
RIVYVGHS,34,15,19,14,49,33,0.20253164556962025,neutral
CVHVFDIL,30,14,9,20,44,29,0.20270270270270271,neutral
YGCRGCIR,25,19,16,13,44,29,0.20270270270270271,neutral
FSNYCGDV,26,18,13,16,44,29,0.20270270270270271,neutral
CDVGCCIR,29,15,11,18,44,29,0.20270270270270271,neutral
VRYHGCVF,28,16,10,19,44,29,0.20270270270270271,neutral
VYHGLLVR,31,13,20,9,44,29,0.20270270270270271,neutral
VDCNIHLI,27,17,16,13,44,29,0.20270270270270271,neutral
FGLNNLCI,25,19,18,11,44,29,0.20270270270270271,neutral
VFIDHVVD,26,18,13,16,44,29,0.20270270270270271,neutral
RFGFDGVH,65,48,42,42,113,84,0.20279720279720279,neutral
HLICCDIR,23,16,11,14,39,25,0.2028985507246377,neutral
FHHYFYIS,23,16,12,13,39,25,0.2028985507246377,neutral
GRVCIVCN,25,14,11,14,39,25,0.2028985507246377,neutral
SIIGCRCV,21,18,7,18,39,25,0.2028985507246377,neutral
VDHFFSRV,22,17,11,14,39,25,0.2028985507246377,neutral
NVDGCHCH,20,19,8,17,39,25,0.2028985507246377,neutral
CFDGFVVN,23,16,19,6,39,25,0.2028985507246377,neutral
VCHISFGR,19,20,11,14,39,25,0.2028985507246377,neutral
FNDDSDFV,27,12,6,19,39,25,0.2028985507246377,neutral
SIDISCCC,24,15,8,17,39,25,0.2028985507246377,neutral
DNCVVGLF,24,10,10,11,34,21,0.203125,neutral
CILYGRFS,24,10,10,11,34,21,0.203125,neutral
FCILNVSV,24,10,9,12,34,21,0.203125,neutral
DYFINYVF,21,13,10,11,34,21,0.203125,neutral
HVICVGHS,22,12,8,13,34,21,0.203125,neutral
NCFCSCCG,21,13,10,11,34,21,0.203125,neutral
GCDCVVGC,24,10,8,13,34,21,0.203125,neutral
IFDCGYYH,23,11,12,9,34,21,0.203125,neutral
VVCNFFCN,19,15,10,11,34,21,0.203125,neutral
ILLGDYVN,22,12,9,12,34,21,0.203125,neutral
SCIRCNSI,26,8,11,10,34,21,0.203125,neutral
CDYGCLDG,24,10,14,7,34,21,0.203125,neutral
FNVCVDLH,24,10,10,11,34,21,0.203125,neutral
CCFGHNHV,53,45,30,42,98,72,0.203125,neutral
YSGICGCI,17,17,8,13,34,21,0.203125,neutral
FFFFSSLD,24,10,11,10,34,21,0.203125,neutral
CSYGSLIV,20,14,13,8,34,21,0.203125,neutral
LSGNFGCG,25,9,7,14,34,21,0.203125,neutral
SRLVRNIY,18,16,12,9,34,21,0.203125,neutral
GVCDCRDH,84,68,59,56,152,115,0.2032967032967033,neutral
RHLHNFYN,85,67,51,64,152,115,0.2032967032967033,neutral
GGVIYSLF,22,7,9,8,29,17,0.2033898305084746,neutral
FSCGFGSS,22,7,5,12,29,17,0.2033898305084746,neutral
GFSRFDGV,20,9,11,6,29,17,0.2033898305084746,neutral
LGDVFDCD,17,12,10,7,29,17,0.2033898305084746,neutral
FDGNHFIF,19,10,8,9,29,17,0.2033898305084746,neutral
FCGCDCLY,18,11,9,8,29,17,0.2033898305084746,neutral
FCRLNCGH,16,13,9,8,29,17,0.2033898305084746,neutral
HDFGCHDR,17,12,8,9,29,17,0.2033898305084746,neutral
SNRFCCGF,18,11,8,9,29,17,0.2033898305084746,neutral
RDYLYYSR,17,12,6,11,29,17,0.2033898305084746,neutral
FNSFLCDG,17,12,10,7,29,17,0.2033898305084746,neutral
FNIVVNNF,21,8,8,9,29,17,0.2033898305084746,neutral
FDRCNSFN,53,35,23,41,88,64,0.2033898305084746,neutral
ISNDVIGF,15,14,8,9,29,17,0.2033898305084746,neutral
GVICGCDV,20,9,6,11,29,17,0.2033898305084746,neutral
SGCSCGHL,19,10,7,10,29,17,0.2033898305084746,neutral
LCYINCGL,17,12,9,8,29,17,0.2033898305084746,neutral
YGDIFVCH,19,10,7,10,29,17,0.2033898305084746,neutral
FRLCCVYD,17,12,9,8,29,17,0.2033898305084746,neutral
GNRVDVYR,19,10,8,9,29,17,0.2033898305084746,neutral
HVVCVGVC,51,37,35,29,88,64,0.2033898305084746,neutral
VSCSCVRI,21,8,8,9,29,17,0.2033898305084746,neutral
VFFDLHRG,19,10,9,8,29,17,0.2033898305084746,neutral
VGLFNCHV,22,7,12,5,29,17,0.2033898305084746,neutral
LSYYGLVI,51,32,30,30,83,60,0.20353982300884957,neutral
IRCGCGGG,47,31,31,25,78,56,0.2037037037037037,neutral
CLFRVGSY,14,10,7,6,24,13,0.2037037037037037,neutral
RIHRICLH,45,33,28,28,78,56,0.2037037037037037,neutral
LVLCNFSG,43,35,28,28,78,56,0.2037037037037037,neutral
VFVNDFVS,17,7,5,8,24,13,0.2037037037037037,neutral
YYDVHIFC,15,9,8,5,24,13,0.2037037037037037,neutral
FSLNRYSC,13,11,10,3,24,13,0.2037037037037037,neutral
FFCFYDIS,21,3,5,8,24,13,0.2037037037037037,neutral
FGVDFDDI,15,9,7,6,24,13,0.2037037037037037,neutral
GSLSYGDL,18,6,8,5,24,13,0.2037037037037037,neutral
CYYINYGV,19,5,5,8,24,13,0.2037037037037037,neutral
LIFDCCSY,17,7,5,8,24,13,0.2037037037037037,neutral
GVCYVGGD,15,9,6,7,24,13,0.2037037037037037,neutral
RCCFCGGG,18,6,4,9,24,13,0.2037037037037037,neutral
YLSVCSHH,18,6,5,8,24,13,0.2037037037037037,neutral
IHFLRNFC,66,66,42,57,132,99,0.2037037037037037,neutral
RYCIDFGV,16,8,8,5,24,13,0.2037037037037037,neutral
RFGIGSHF,47,31,25,31,78,56,0.2037037037037037,neutral
FVFCFDRF,17,7,4,9,24,13,0.2037037037037037,neutral
FDFFCFGV,14,10,9,4,24,13,0.2037037037037037,neutral
VNVRYDGV,14,10,8,5,24,13,0.2037037037037037,neutral
YRCLDSHG,13,11,9,4,24,13,0.2037037037037037,neutral
FGRGYVDS,11,13,7,6,24,13,0.2037037037037037,neutral
LFGCRFVC,13,11,6,7,24,13,0.2037037037037037,neutral
VCGVCFVL,15,9,7,6,24,13,0.2037037037037037,neutral
GIDIYGCV,12,12,5,8,24,13,0.2037037037037037,neutral
VCNSCHIS,43,30,22,30,73,52,0.20388349514563106,neutral
FNRRNFLG,38,35,28,24,73,52,0.20388349514563106,neutral
FCVSLVGC,46,27,22,30,73,52,0.20388349514563106,neutral
HFFRGFSL,10,9,4,5,19,9,0.20408163265306123,neutral
FFIFILFF,10,9,2,7,19,9,0.20408163265306123,neutral
GVCFGGSF,14,5,5,4,19,9,0.20408163265306123,neutral
IRFFNFYV,13,6,4,5,19,9,0.20408163265306123,neutral
CRLSSFNN,43,25,26,22,68,48,0.20408163265306123,neutral
LFIGNLFS,40,28,20,28,68,48,0.20408163265306123,neutral
CCFGCCVD,12,7,6,3,19,9,0.20408163265306123,neutral
CNCIGFRN,10,9,5,4,19,9,0.20408163265306123,neutral
SFILGRLC,11,8,6,3,19,9,0.20408163265306123,neutral
SIVYSVCC,14,5,2,7,19,9,0.20408163265306123,neutral
HDVDDIFI,12,7,2,7,19,9,0.20408163265306123,neutral
GHGVSIFI,11,8,5,4,19,9,0.20408163265306123,neutral
DNLRGHGF,64,53,44,43,117,87,0.20408163265306123,neutral
VDGCFFFG,15,4,3,6,19,9,0.20408163265306123,neutral
YNYVVRCV,9,10,5,4,19,9,0.20408163265306123,neutral
FDCFFSFN,12,7,3,6,19,9,0.20408163265306123,neutral
CFVRHYVL,13,6,4,5,19,9,0.20408163265306123,neutral
CCLIVDYG,12,7,6,3,19,9,0.20408163265306123,neutral
LCSVYIYD,14,5,3,6,19,9,0.20408163265306123,neutral
NIVFLVVH,14,5,6,3,19,9,0.20408163265306123,neutral
CNCYDDLD,10,9,2,7,19,9,0.20408163265306123,neutral
FNCCYGVH,11,8,4,5,19,9,0.20408163265306123,neutral
FDCIVISH,11,8,6,3,19,9,0.20408163265306123,neutral
YVYCVLDV,13,6,6,3,19,9,0.20408163265306123,neutral
GCGCHDGC,65,47,34,49,112,83,0.20422535211267606,neutral
HLVRINGF,37,26,19,25,63,44,0.20430107526881722,neutral
CVLGGRIR,41,22,25,19,63,44,0.20430107526881722,neutral
LCCRIGGS,41,22,26,18,63,44,0.20430107526881722,neutral
ICFGIGVC,39,24,22,22,63,44,0.20430107526881722,neutral
YRGVYIDC,39,24,16,28,63,44,0.20430107526881722,neutral
FLLCGDCR,34,29,18,26,63,44,0.20430107526881722,neutral
NVYVFYFN,12,2,1,4,14,5,0.20454545454545456,neutral
YVCYDSDS,55,47,40,35,102,75,0.20454545454545456,neutral
CCRCVYDH,11,3,3,2,14,5,0.20454545454545456,neutral
YHLIGFCD,8,6,2,3,14,5,0.20454545454545456,neutral
CYHFDFLV,37,21,21,19,58,40,0.20454545454545456,neutral
CCVYFDDG,9,5,3,2,14,5,0.20454545454545456,neutral
CVLSIDFD,4,10,4,1,14,5,0.20454545454545456,neutral
FYVNCDSR,10,4,3,2,14,5,0.20454545454545456,neutral
GCVFGIVH,36,22,22,18,58,40,0.20454545454545456,neutral
LSCVHLYH,38,20,21,19,58,40,0.20454545454545456,neutral
RYHDFIHI,12,2,3,2,14,5,0.20454545454545456,neutral
FGDLGGVI,38,20,21,19,58,40,0.20454545454545456,neutral
YVYSYCYC,6,8,1,4,14,5,0.20454545454545456,neutral
FFYGCGVS,7,7,1,4,14,5,0.20454545454545456,neutral
CFHVFIFV,9,5,3,2,14,5,0.20454545454545456,neutral
RDYGVVYD,35,23,21,19,58,40,0.20454545454545456,neutral
CFVCCHCF,11,3,0,5,14,5,0.20454545454545456,neutral
FFCCNYHF,12,2,2,3,14,5,0.20454545454545456,neutral
SCVFSNFD,10,4,3,2,14,5,0.20454545454545456,neutral
HRYLFCVR,4,10,5,0,14,5,0.20454545454545456,neutral
CCYRFRDL,9,5,3,2,14,5,0.20454545454545456,neutral
FCNFRGGV,8,6,3,2,14,5,0.20454545454545456,neutral
ICFHVCNN,60,42,30,45,102,75,0.20454545454545456,neutral
LRCDFSCF,8,6,2,3,14,5,0.20454545454545456,neutral
FLNRIRYG,7,7,2,3,14,5,0.20454545454545456,neutral
VFDFRFGY,8,6,3,2,14,5,0.20454545454545456,neutral
FFSDIFCL,9,5,3,2,14,5,0.20454545454545456,neutral
SCFSCIDC,7,7,2,3,14,5,0.20454545454545456,neutral
DGGDYFRC,37,21,15,25,58,40,0.20454545454545456,neutral
CLFCVGGC,10,4,2,3,14,5,0.20454545454545456,neutral
FGVSVYCF,4,10,3,2,14,5,0.20454545454545456,neutral
FFFHCDCV,34,24,17,23,58,40,0.20454545454545456,neutral
NILSFRRD,32,26,19,21,58,40,0.20454545454545456,neutral
DIYSGFRG,34,24,19,21,58,40,0.20454545454545456,neutral
VFYNNNCC,9,5,2,3,14,5,0.20454545454545456,neutral
CNYLICVC,8,6,3,2,14,5,0.20454545454545456,neutral
VCSCVVDV,36,22,16,24,58,40,0.20454545454545456,neutral
HGVGRLYF,29,29,18,22,58,40,0.20454545454545456,neutral
FFGCCGSL,35,23,19,21,58,40,0.20454545454545456,neutral
CNNGGVSY,35,23,11,29,58,40,0.20454545454545456,neutral
LIYCDICV,6,8,3,2,14,5,0.20454545454545456,neutral
FFIDGGVN,51,46,29,42,97,71,0.2047244094488189,neutral
IGGRLVFN,51,46,33,38,97,71,0.2047244094488189,neutral
GVCYCVSS,56,41,38,33,97,71,0.2047244094488189,neutral
CYNHRDVF,36,17,19,17,53,36,0.20481927710843373,neutral
YHIGRHGL,34,19,13,23,53,36,0.20481927710843373,neutral
RIIGLCCD,36,17,19,17,53,36,0.20481927710843373,neutral
FYDNLVCV,35,18,19,17,53,36,0.20481927710843373,neutral
CLRGIRLL,33,20,24,12,53,36,0.20481927710843373,neutral
NYNRNYRF,29,24,15,21,53,36,0.20481927710843373,neutral
FFGNLCGS,32,21,15,21,53,36,0.20481927710843373,neutral
FRGYRFGS,55,37,30,37,92,67,0.20491803278688525,neutral
RGRRIRSV,70,61,50,48,131,98,0.20496894409937888,neutral
FFCSLCRD,5,4,0,1,9,1,0.20512820512820512,neutral
FSVFFRGH,31,17,14,18,48,32,0.20512820512820512,neutral
CCVFVRCL,5,4,0,1,9,1,0.20512820512820512,neutral
CNNFYRDG,6,3,0,1,9,1,0.20512820512820512,neutral
VVDILYDF,7,2,1,0,9,1,0.20512820512820512,neutral
FFCCCVRF,7,2,1,0,9,1,0.20512820512820512,neutral
FYCIIFGL,4,5,1,0,9,1,0.20512820512820512,neutral
RFCDCVYR,8,1,1,0,9,1,0.20512820512820512,neutral
FGHVVCLH,22,26,19,13,48,32,0.20512820512820512,neutral
HGIGFSFG,29,19,17,15,48,32,0.20512820512820512,neutral
RFVGDDCL,31,17,11,21,48,32,0.20512820512820512,neutral
LLLDCIIR,7,2,0,1,9,1,0.20512820512820512,neutral
RDGCFRYC,33,15,13,19,48,32,0.20512820512820512,neutral
GIYFGDYH,5,4,0,1,9,1,0.20512820512820512,neutral
FYFICVRI,7,2,1,0,9,1,0.20512820512820512,neutral
YSHCCIYS,2,7,0,1,9,1,0.20512820512820512,neutral
FCYFGVFI,8,1,1,0,9,1,0.20512820512820512,neutral
VDGISLSI,1,8,1,0,9,1,0.20512820512820512,neutral
VCGGFYVD,8,1,1,0,9,1,0.20512820512820512,neutral
HSVCGFLC,30,18,10,22,48,32,0.20512820512820512,neutral
LLRCCLGI,5,4,0,1,9,1,0.20512820512820512,neutral
HDCIFYHH,7,2,0,1,9,1,0.20512820512820512,neutral
FICCDCCF,1,8,1,0,9,1,0.20512820512820512,neutral
CGVYGIIR,4,5,1,0,9,1,0.20512820512820512,neutral
HFFYVSVY,3,6,0,1,9,1,0.20512820512820512,neutral
GINCVRNF,18,30,7,25,48,32,0.20512820512820512,neutral
CIRYYFDH,32,16,18,14,48,32,0.20512820512820512,neutral
FFFFVFVN,6,3,0,1,9,1,0.20512820512820512,neutral
VLFFCCFF,2,7,0,1,9,1,0.20512820512820512,neutral
VYNVRYYC,7,2,0,1,9,1,0.20512820512820512,neutral
CYGFGCFH,30,18,13,19,48,32,0.20512820512820512,neutral
FYFIFRVH,4,5,1,0,9,1,0.20512820512820512,neutral
LSVFGCSF,7,2,1,0,9,1,0.20512820512820512,neutral
LIFRHVFL,8,1,0,1,9,1,0.20512820512820512,neutral
FSCCDGHG,50,37,27,36,87,63,0.20512820512820512,neutral
SDIFCVRI,3,6,0,1,9,1,0.20512820512820512,neutral
FVYLCHDS,7,2,1,0,9,1,0.20512820512820512,neutral
CFVIYCDF,5,4,1,0,9,1,0.20512820512820512,neutral
LFIVRCFC,8,1,0,1,9,1,0.20512820512820512,neutral
GIYVCFHI,6,3,1,0,9,1,0.20512820512820512,neutral
CYSLINSC,4,5,1,0,9,1,0.20512820512820512,neutral
VFDVDGDD,6,3,0,1,9,1,0.20512820512820512,neutral
DCNDGVYD,28,20,15,17,48,32,0.20512820512820512,neutral
IVCCVGIV,33,15,14,18,48,32,0.20512820512820512,neutral
LSCYFYFL,6,3,0,1,9,1,0.20512820512820512,neutral
VCHGFCCV,5,4,0,1,9,1,0.20512820512820512,neutral
YHFCFHFC,7,2,0,1,9,1,0.20512820512820512,neutral
DFCIYCIC,4,5,0,1,9,1,0.20512820512820512,neutral
CCHNSFSL,48,39,32,31,87,63,0.20512820512820512,neutral
VCRFGCCG,8,1,0,1,9,1,0.20512820512820512,neutral
HLIFDFHG,7,2,0,1,9,1,0.20512820512820512,neutral
VYVCVIFN,6,3,0,1,9,1,0.20512820512820512,neutral
YNLYGNVR,6,3,0,1,9,1,0.20512820512820512,neutral
SSFRFCSC,50,37,28,35,87,63,0.20512820512820512,neutral
CIFVINVY,3,6,0,1,9,1,0.20512820512820512,neutral
FNCGCDFC,5,4,1,0,9,1,0.20512820512820512,neutral
YRYFYILH,5,4,0,1,9,1,0.20512820512820512,neutral
LFVCVFNC,5,4,1,0,9,1,0.20512820512820512,neutral
FFHIVICG,4,5,1,0,9,1,0.20512820512820512,neutral
ICVFFCFL,5,4,1,0,9,1,0.20512820512820512,neutral
RYCLVFIG,6,3,1,0,9,1,0.20512820512820512,neutral
LCGLRCYD,6,3,0,1,9,1,0.20512820512820512,neutral
GFVCFNGL,50,32,32,27,82,59,0.20535714285714285,neutral
GRFCDCVC,84,71,56,61,155,117,0.20540540540540542,neutral
CCGGSVHL,30,13,11,17,43,28,0.2054794520547945,neutral
CYLYDGGV,26,17,14,14,43,28,0.2054794520547945,neutral
NYVDVCII,27,16,14,14,43,28,0.2054794520547945,neutral
CGFGILCG,25,18,18,10,43,28,0.2054794520547945,neutral
SHICHFRC,23,20,12,16,43,28,0.2054794520547945,neutral
HCYDFCIV,28,15,10,18,43,28,0.2054794520547945,neutral
VRCCHGYV,27,16,10,18,43,28,0.2054794520547945,neutral
SLHFVGIC,26,17,13,15,43,28,0.2054794520547945,neutral
RLCDCRGF,24,19,11,17,43,28,0.2054794520547945,neutral
FHYCIFDH,28,15,14,14,43,28,0.2054794520547945,neutral
LRCFDICL,44,33,27,28,77,55,0.205607476635514,neutral
YSFDVFFY,26,12,18,6,38,24,0.20588235294117646,neutral
YVVDFGRR,22,16,12,12,38,24,0.20588235294117646,neutral
FILVHDGC,23,15,12,12,38,24,0.20588235294117646,neutral
FCFVDVGC,20,18,11,13,38,24,0.20588235294117646,neutral
IFDSSSDC,39,33,25,26,72,51,0.20588235294117646,neutral
VSLCCRGL,23,15,13,11,38,24,0.20588235294117646,neutral
FCIDFRVH,28,10,10,14,38,24,0.20588235294117646,neutral
IGVCGFCV,39,33,29,22,72,51,0.20588235294117646,neutral
VHCGYNLR,27,11,10,14,38,24,0.20588235294117646,neutral
FSVFNLVI,23,15,13,11,38,24,0.20588235294117646,neutral
VYGDGCLH,18,20,11,13,38,24,0.20588235294117646,neutral
SSIIVING,25,13,9,15,38,24,0.20588235294117646,neutral
CCGISFSD,28,10,11,13,38,24,0.20588235294117646,neutral
FFNFFVDH,27,11,7,17,38,24,0.20588235294117646,neutral
CHYDGIVN,44,28,21,30,72,51,0.20588235294117646,neutral
VFVFRLDS,16,22,15,9,38,24,0.20588235294117646,neutral
YHGFIGCY,24,14,12,12,38,24,0.20588235294117646,neutral
FYLSHGVI,19,19,13,11,38,24,0.20588235294117646,neutral
YHCGIGRH,26,12,13,11,38,24,0.20588235294117646,neutral
SYCDCNGV,38,34,28,23,72,51,0.20588235294117646,neutral
FFGLCYCD,55,51,33,45,106,78,0.20588235294117646,neutral
RRCFFSCR,43,29,21,30,72,51,0.20588235294117646,neutral
FRICSDIG,26,12,11,13,38,24,0.20588235294117646,neutral
LCSSNDLC,57,44,36,38,101,74,0.20610687022900764,neutral
LCNHFGRR,53,48,32,42,101,74,0.20610687022900764,neutral
FSRGVFVD,42,25,25,22,67,47,0.20618556701030927,neutral
RLVFCDNN,42,25,19,28,67,47,0.20618556701030927,neutral
FVDNIVFS,38,29,25,22,67,47,0.20618556701030927,neutral
HYIVCGNL,39,28,27,20,67,47,0.20618556701030927,neutral
RLSGLHVY,20,13,8,12,33,20,0.20634920634920634,neutral
GFRRCRLC,23,10,8,12,33,20,0.20634920634920634,neutral
VFCVCDRS,19,14,10,10,33,20,0.20634920634920634,neutral
LHCIFDDG,55,41,29,41,96,70,0.20634920634920634,neutral
FNFIDLCG,26,7,10,10,33,20,0.20634920634920634,neutral
VDHGNHCY,22,11,8,12,33,20,0.20634920634920634,neutral
VCFFGCNR,21,12,13,7,33,20,0.20634920634920634,neutral
DLVCFYCG,21,12,7,13,33,20,0.20634920634920634,neutral
YGGCLCFC,22,11,11,9,33,20,0.20634920634920634,neutral
RICVGVNY,16,17,10,10,33,20,0.20634920634920634,neutral
HLVYVGLD,24,9,6,14,33,20,0.20634920634920634,neutral
HNYRHRNR,19,14,11,9,33,20,0.20634920634920634,neutral
YVCSDIRC,54,42,41,29,96,70,0.20634920634920634,neutral
FRRDCFGC,89,70,64,56,159,120,0.20634920634920634,neutral
HNGSSCYD,24,9,11,9,33,20,0.20634920634920634,neutral
FCFYGGYH,23,10,9,11,33,20,0.20634920634920634,neutral
NGSCIIYC,36,26,21,22,62,43,0.20652173913043478,neutral
SIYGSCVG,36,26,17,26,62,43,0.20652173913043478,neutral
DRVIDDFY,36,26,15,28,62,43,0.20652173913043478,neutral
VCRFIYGR,39,23,17,26,62,43,0.20652173913043478,neutral
CSGLGCGG,37,25,26,17,62,43,0.20652173913043478,neutral
DLVNIGVS,53,38,26,40,91,66,0.2066115702479339,neutral
YGCGNHFG,34,23,20,19,57,39,0.20689655172413793,neutral
NNHGLFYR,18,10,8,8,28,16,0.20689655172413793,neutral
FCHGLYGI,22,6,6,10,28,16,0.20689655172413793,neutral
VFGVFHRF,37,20,16,23,57,39,0.20689655172413793,neutral
VCDLVYGL,20,8,5,11,28,16,0.20689655172413793,neutral
GFYGGNSV,48,38,35,27,86,62,0.20689655172413793,neutral
NCLVVCDL,19,9,11,5,28,16,0.20689655172413793,neutral
FCGLCVSI,16,12,10,6,28,16,0.20689655172413793,neutral
FFNFDRFD,19,9,7,9,28,16,0.20689655172413793,neutral
GCSFVCYD,22,6,13,3,28,16,0.20689655172413793,neutral
FLDLVNLR,23,5,10,6,28,16,0.20689655172413793,neutral
GHCVCNGD,32,25,18,21,57,39,0.20689655172413793,neutral
GCIVNCFF,20,8,8,8,28,16,0.20689655172413793,neutral
CFCDRLHG,35,22,16,23,57,39,0.20689655172413793,neutral
CIRYDCFY,21,7,10,6,28,16,0.20689655172413793,neutral
CHCNDVDV,38,19,24,15,57,39,0.20689655172413793,neutral
SFFSFGVL,15,13,5,11,28,16,0.20689655172413793,neutral
FFYCFSVN,12,16,7,9,28,16,0.20689655172413793,neutral
FCNFHFGC,38,19,26,13,57,39,0.20689655172413793,neutral
GGDHCSFL,14,14,7,9,28,16,0.20689655172413793,neutral
FCYGLIVH,38,19,22,17,57,39,0.20689655172413793,neutral
RVYGCIFG,22,6,6,10,28,16,0.20689655172413793,neutral
FGNFSVDH,18,10,8,8,28,16,0.20689655172413793,neutral
FCYGSILG,16,12,10,6,28,16,0.20689655172413793,neutral
FFCGSCLS,18,10,6,10,28,16,0.20689655172413793,neutral
GCRGGGGG,45,36,29,29,81,58,0.2072072072072072,neutral
VCDFCNFS,48,33,26,32,81,58,0.2072072072072072,neutral
CFGFGVLF,34,18,20,15,52,35,0.2073170731707317,neutral
CVYNYDGY,35,17,18,17,52,35,0.2073170731707317,neutral
HLGVCYRC,22,30,15,20,52,35,0.2073170731707317,neutral
GGYHFVDH,34,18,15,20,52,35,0.2073170731707317,neutral
DHCGCFHI,31,21,15,20,52,35,0.2073170731707317,neutral
HRFFCGVG,31,21,13,22,52,35,0.2073170731707317,neutral
VRCFCGGR,26,26,16,19,52,35,0.2073170731707317,neutral
CCRVVGYH,29,23,9,26,52,35,0.2073170731707317,neutral
CCSDYFDG,33,19,13,22,52,35,0.2073170731707317,neutral
FDHNGCFD,32,20,17,18,52,35,0.2073170731707317,neutral
RLVCFHRV,75,59,51,49,134,100,0.2073170731707317,neutral
RGCGFIVF,12,11,6,6,23,12,0.20754716981132076,neutral
LFCGDDII,46,30,30,24,76,54,0.20754716981132076,neutral
RFVCDSCL,18,5,11,1,23,12,0.20754716981132076,neutral
FCGLDICR,11,12,5,7,23,12,0.20754716981132076,neutral
CYGGFSYI,15,8,7,5,23,12,0.20754716981132076,neutral
SYFNSCLR,13,10,5,7,23,12,0.20754716981132076,neutral
VCYIGCCN,16,7,4,8,23,12,0.20754716981132076,neutral
LGIFYYNV,15,8,9,3,23,12,0.20754716981132076,neutral
CICDFDCR,16,7,5,7,23,12,0.20754716981132076,neutral
FIVVFSHC,15,8,3,9,23,12,0.20754716981132076,neutral
GCIHCCDY,15,8,5,7,23,12,0.20754716981132076,neutral
FIFCDCGG,15,8,5,7,23,12,0.20754716981132076,neutral
VNYCFHID,13,10,3,9,23,12,0.20754716981132076,neutral
SFHCIGLD,16,7,7,5,23,12,0.20754716981132076,neutral
FFGHFIYY,12,11,9,3,23,12,0.20754716981132076,neutral
VDIFFCSG,12,11,6,6,23,12,0.20754716981132076,neutral
LDNLYYFV,17,6,7,5,23,12,0.20754716981132076,neutral
VFGGYYVL,15,8,5,7,23,12,0.20754716981132076,neutral
LCLDHYFD,44,32,31,23,76,54,0.20754716981132076,neutral
YNGVFYLC,18,5,9,3,23,12,0.20754716981132076,neutral
CFINYCCY,14,9,3,9,23,12,0.20754716981132076,neutral
VHGYSCLC,14,9,6,6,23,12,0.20754716981132076,neutral
VCYLHVCH,15,8,5,7,23,12,0.20754716981132076,neutral
FGFRCNIL,13,10,5,7,23,12,0.20754716981132076,neutral
FGHYDHFY,16,7,2,10,23,12,0.20754716981132076,neutral
YFSCNCLV,11,12,7,5,23,12,0.20754716981132076,neutral
GDCVFIDS,58,42,38,35,100,73,0.2076923076923077,neutral
NHSFCVVR,25,22,20,11,47,31,0.2077922077922078,neutral
SRYCGILL,28,19,11,20,47,31,0.2077922077922078,neutral
SFSGVHRY,22,25,14,17,47,31,0.2077922077922078,neutral
SRRRVYHY,23,24,11,20,47,31,0.2077922077922078,neutral
VHVFCSCG,29,18,13,18,47,31,0.2077922077922078,neutral
FDCFYFGH,26,21,19,12,47,31,0.2077922077922078,neutral
LVSCVHDI,28,19,8,23,47,31,0.2077922077922078,neutral
LFNIIVDC,32,15,11,20,47,31,0.2077922077922078,neutral
VFNHGLFF,27,20,13,18,47,31,0.2077922077922078,neutral
GICGFIGG,30,17,14,17,47,31,0.2077922077922078,neutral
FCFNCGNH,25,22,18,13,47,31,0.2077922077922078,neutral
FCRFGVIS,32,15,12,19,47,31,0.2077922077922078,neutral
NCFDCGFV,31,16,19,12,47,31,0.2077922077922078,neutral
FSSFGVNC,33,14,14,17,47,31,0.2077922077922078,neutral
FFLCNIID,31,16,16,15,47,31,0.2077922077922078,neutral
VVGCSYCL,40,31,27,23,71,50,0.2079207920792079,neutral
YFGGLYIV,40,31,20,30,71,50,0.2079207920792079,neutral
RCGNICHY,92,80,66,64,172,130,0.2079207920792079,neutral
RFRYFYGC,39,32,22,28,71,50,0.2079207920792079,neutral
FFRVVSDG,41,30,26,24,71,50,0.2079207920792079,neutral
DRDYDLVI,36,35,21,29,71,50,0.2079207920792079,neutral
ILLYSDIC,54,41,35,34,95,69,0.208,neutral
FRSFCSSC,55,40,32,37,95,69,0.208,neutral
RNHDHYGR,65,54,42,46,119,88,0.2080536912751678,neutral
GNGRDVGS,68,51,43,45,119,88,0.2080536912751678,neutral
FHCFGICS,29,13,12,15,42,27,0.20833333333333334,neutral
LVYCRVCR,27,15,13,14,42,27,0.20833333333333334,neutral
CDISVFVV,29,13,11,16,42,27,0.20833333333333334,neutral
NCFVSGCR,24,18,14,13,42,27,0.20833333333333334,neutral
FRIFSGGH,22,20,10,17,42,27,0.20833333333333334,neutral
IFVCCYRD,6,12,3,5,18,8,0.20833333333333334,neutral
RFLRYINN,25,17,16,11,42,27,0.20833333333333334,neutral
FLFVSDFL,24,18,12,15,42,27,0.20833333333333334,neutral
CGLCHVFH,12,6,2,6,18,8,0.20833333333333334,neutral
FNLSYFDR,13,5,3,5,18,8,0.20833333333333334,neutral
FGFFLFSD,9,9,5,3,18,8,0.20833333333333334,neutral
VFVDCVCC,12,6,6,2,18,8,0.20833333333333334,neutral
HFSCRLFC,22,20,18,9,42,27,0.20833333333333334,neutral
FFCRYVDI,29,13,12,15,42,27,0.20833333333333334,neutral
HRVFCGFG,11,7,5,3,18,8,0.20833333333333334,neutral
CIGGCLYG,13,5,4,4,18,8,0.20833333333333334,neutral
GVCILGDY,11,7,2,6,18,8,0.20833333333333334,neutral
CYCFDRLS,8,10,4,4,18,8,0.20833333333333334,neutral
LLFVSVCN,13,5,5,3,18,8,0.20833333333333334,neutral
GVVFYVGR,11,7,4,4,18,8,0.20833333333333334,neutral
YSCCGFSC,15,3,2,6,18,8,0.20833333333333334,neutral
GSYLDGGL,31,35,24,22,66,46,0.20833333333333334,neutral
FFCSLSHN,28,14,11,16,42,27,0.20833333333333334,neutral
SRLCDNGF,11,7,5,3,18,8,0.20833333333333334,neutral
CDYLCFSY,11,7,4,4,18,8,0.20833333333333334,neutral
FHCVLDII,26,16,12,15,42,27,0.20833333333333334,neutral
FLGNVVCF,13,5,5,3,18,8,0.20833333333333334,neutral
LCNRFCVF,12,6,4,4,18,8,0.20833333333333334,neutral
VVSRFFCD,22,20,15,12,42,27,0.20833333333333334,neutral
VFCNIRDG,10,8,5,3,18,8,0.20833333333333334,neutral
GRVLFCRH,37,29,23,23,66,46,0.20833333333333334,neutral
LNHFIGIC,6,12,5,3,18,8,0.20833333333333334,neutral
RCFCNGCI,10,8,3,5,18,8,0.20833333333333334,neutral
SCGRVNYG,30,12,13,14,42,27,0.20833333333333334,neutral
CRVRCVFG,40,26,21,25,66,46,0.20833333333333334,neutral
VDCVHCCD,52,38,34,31,90,65,0.20833333333333334,neutral
SGYHLSLL,29,13,16,11,42,27,0.20833333333333334,neutral
CLHVVCGS,25,17,13,14,42,27,0.20833333333333334,neutral
VSFGVVYH,42,24,20,26,66,46,0.20833333333333334,neutral
CYVCDVCC,9,9,4,4,18,8,0.20833333333333334,neutral
IYGHCVYG,26,16,18,9,42,27,0.20833333333333334,neutral
IRFCCYHN,21,21,13,14,42,27,0.20833333333333334,neutral
CCGYGVRI,25,17,13,14,42,27,0.20833333333333334,neutral
SCFCVVSC,11,7,2,6,18,8,0.20833333333333334,neutral
IFVINGCF,12,6,1,7,18,8,0.20833333333333334,neutral
CSCSDFYV,12,6,5,3,18,8,0.20833333333333334,neutral
LNRIFHFV,40,26,19,27,66,46,0.20833333333333334,neutral
VFLFGCVG,28,14,9,18,42,27,0.20833333333333334,neutral
CFRVHFGC,51,34,28,33,85,61,0.20869565217391303,neutral
CYGVCGSD,39,22,22,20,61,42,0.2087912087912088,neutral
YYLFRCSF,33,28,22,20,61,42,0.2087912087912088,neutral
NRLSIVLR,37,24,20,22,61,42,0.2087912087912088,neutral
LVCDILGC,40,21,21,21,61,42,0.2087912087912088,neutral
FCNVYGVS,34,27,16,26,61,42,0.2087912087912088,neutral
YLGGGVCH,37,24,16,26,61,42,0.2087912087912088,neutral
SRYLCLGH,31,30,18,24,61,42,0.2087912087912088,neutral
CSGVLFHL,23,14,10,13,37,23,0.208955223880597,neutral
FDCRISGL,26,11,11,12,37,23,0.208955223880597,neutral
YVRLRDDV,23,14,8,15,37,23,0.208955223880597,neutral
LCGVCNRH,26,11,11,12,37,23,0.208955223880597,neutral
RNFVGIYG,27,10,12,11,37,23,0.208955223880597,neutral
LDYYCGSG,22,15,14,9,37,23,0.208955223880597,neutral
LFINDYGI,23,14,12,11,37,23,0.208955223880597,neutral
FLGYVIGG,22,15,13,10,37,23,0.208955223880597,neutral
FSCFLHLR,24,13,12,11,37,23,0.208955223880597,neutral
GNLSCLFN,22,15,14,9,37,23,0.208955223880597,neutral
FFCGIFDC,24,13,13,10,37,23,0.208955223880597,neutral
CHYGIRRF,23,14,10,13,37,23,0.208955223880597,neutral
YLFDFCCR,20,17,14,9,37,23,0.208955223880597,neutral
SYFVSYRH,26,11,12,11,37,23,0.208955223880597,neutral
CVFYDGGH,23,14,9,14,37,23,0.208955223880597,neutral
HHYRLGHL,79,68,46,64,147,110,0.20903954802259886,neutral
LVLRCCDN,47,33,22,35,80,57,0.20909090909090908,neutral
CNVVGFDN,48,32,25,32,80,57,0.20909090909090908,neutral
IYNCIVSC,44,36,28,29,80,57,0.20909090909090908,neutral
IHYCHLNV,48,32,30,27,80,57,0.20909090909090908,neutral
FCCCCHVC,9,4,2,2,13,4,0.20930232558139536,neutral
CVSFICFF,10,3,2,2,13,4,0.20930232558139536,neutral
CDICCYLR,8,5,1,3,13,4,0.20930232558139536,neutral
CVHGLDGL,33,23,20,18,56,38,0.20930232558139536,neutral
FFFCVVLC,6,7,0,4,13,4,0.20930232558139536,neutral
CFDHCVFC,9,4,1,3,13,4,0.20930232558139536,neutral
FGNCGFNR,31,25,17,21,56,38,0.20930232558139536,neutral
ICVCIHLL,6,7,1,3,13,4,0.20930232558139536,neutral
NFVFVDIC,10,3,0,4,13,4,0.20930232558139536,neutral
CNVRIIVH,10,3,2,2,13,4,0.20930232558139536,neutral
HVLGLCCN,36,20,20,18,56,38,0.20930232558139536,neutral
FLYNYDGN,33,23,19,19,56,38,0.20930232558139536,neutral
VFCGGCGG,9,4,4,0,13,4,0.20930232558139536,neutral
HFGFVGIH,36,20,21,17,56,38,0.20930232558139536,neutral
GFFIIFII,9,4,3,1,13,4,0.20930232558139536,neutral
FCLCYFDH,10,3,3,1,13,4,0.20930232558139536,neutral
CYCGFGIG,6,7,2,2,13,4,0.20930232558139536,neutral
FSCSSLHV,29,27,13,25,56,38,0.20930232558139536,neutral
CLGCGLLF,9,4,1,3,13,4,0.20930232558139536,neutral
NVVHNRCY,32,24,22,16,56,38,0.20930232558139536,neutral
CCGGRCHH,10,3,3,1,13,4,0.20930232558139536,neutral
YFGSYCGY,9,4,4,0,13,4,0.20930232558139536,neutral
GFSVFSYV,10,3,1,3,13,4,0.20930232558139536,neutral
SCYFCFLG,7,6,2,2,13,4,0.20930232558139536,neutral
CFHGRYFY,7,6,2,2,13,4,0.20930232558139536,neutral
LCVCCHCN,9,4,2,2,13,4,0.20930232558139536,neutral
FNICCVVG,7,6,1,3,13,4,0.20930232558139536,neutral
LCSVGFSL,9,4,3,1,13,4,0.20930232558139536,neutral
VNFIDCFG,35,21,15,23,56,38,0.20930232558139536,neutral
CYNFCCCS,9,4,1,3,13,4,0.20930232558139536,neutral
FVGFICYF,9,4,2,2,13,4,0.20930232558139536,neutral
YYHDVNCR,9,4,2,2,13,4,0.20930232558139536,neutral
VLYFCCGH,8,5,1,3,13,4,0.20930232558139536,neutral
VYVLCVLR,10,3,0,4,13,4,0.20930232558139536,neutral
VFIINFRD,7,6,3,1,13,4,0.20930232558139536,neutral
GFDYLRRC,34,22,13,25,56,38,0.20930232558139536,neutral
VFCNVIFC,11,2,2,2,13,4,0.20930232558139536,neutral
CIDCRVVN,32,24,17,21,56,38,0.20930232558139536,neutral
FSNCFNGL,7,6,1,3,13,4,0.20930232558139536,neutral
VCNVCFRV,9,4,1,3,13,4,0.20930232558139536,neutral
FSCGYGCY,8,5,3,1,13,4,0.20930232558139536,neutral
FGCFIICV,8,5,3,1,13,4,0.20930232558139536,neutral
FYNCHNVR,35,21,18,20,56,38,0.20930232558139536,neutral
CFVVCLGY,8,5,2,2,13,4,0.20930232558139536,neutral
FFFDLCIH,9,4,1,3,13,4,0.20930232558139536,neutral
SLNRNLRY,66,52,38,49,118,87,0.20945945945945946,neutral
FCIGDCRH,63,55,52,35,118,87,0.20945945945945946,neutral
YHRDGFVC,47,28,27,26,75,53,0.20952380952380953,neutral
GISVSIDI,40,35,25,28,75,53,0.20952380952380953,neutral
RVFYDFIS,44,31,32,21,75,53,0.20952380952380953,neutral
CRYVHGNF,47,28,26,27,75,53,0.20952380952380953,neutral
LGYCLGYF,21,11,5,14,32,19,0.20967741935483872,neutral
CICVRGGC,19,13,10,9,32,19,0.20967741935483872,neutral
CCLYNVLL,20,12,10,9,32,19,0.20967741935483872,neutral
YCFRSFVV,18,14,10,9,32,19,0.20967741935483872,neutral
GRRIINGY,23,9,5,14,32,19,0.20967741935483872,neutral
VCDYVVSL,20,12,7,12,32,19,0.20967741935483872,neutral
CGIYCDSV,18,14,3,16,32,19,0.20967741935483872,neutral
RFSFCRYL,21,11,8,11,32,19,0.20967741935483872,neutral
VYRFICGH,19,13,10,9,32,19,0.20967741935483872,neutral
FGCCNCVH,24,8,12,7,32,19,0.20967741935483872,neutral
VLVSCHFS,22,10,14,5,32,19,0.20967741935483872,neutral
VDVDVCYL,18,14,7,12,32,19,0.20967741935483872,neutral
YDDHFGHR,20,12,12,7,32,19,0.20967741935483872,neutral
VLVLRGGL,24,8,10,9,32,19,0.20967741935483872,neutral
CIVLGNYF,22,10,11,8,32,19,0.20967741935483872,neutral
CGVCGVSS,22,10,9,10,32,19,0.20967741935483872,neutral
IRCDRCYC,33,18,17,17,51,34,0.20987654320987653,neutral
CRLFDHFH,31,20,16,18,51,34,0.20987654320987653,neutral
NIFCVGFD,35,16,14,20,51,34,0.20987654320987653,neutral
LRHFSIDG,75,57,41,57,132,98,0.20987654320987653,neutral
LYGCSGFG,35,16,17,17,51,34,0.20987654320987653,neutral
FCDLSYVF,34,17,15,19,51,34,0.20987654320987653,neutral
FFFNFYHG,35,16,17,17,51,34,0.20987654320987653,neutral
YFNHGGNN,84,67,61,52,151,113,0.20994475138121546,neutral
FCYGSSRC,39,31,27,22,70,49,0.21,neutral
YGVGSSIL,44,26,30,19,70,49,0.21,neutral
FYNCGDVS,40,30,19,30,70,49,0.21,neutral
CCGSGFDC,40,30,30,19,70,49,0.21,neutral
FFVNHNND,50,39,34,30,89,64,0.21008403361344538,neutral
IGVGYDGV,81,65,60,49,146,109,0.21022727272727273,neutral
VFIGCFCF,5,3,0,0,8,0,0.21052631578947367,neutral
YCYCIGGC,16,11,11,4,27,15,0.21052631578947367,neutral
CFCIICIF,5,3,0,0,8,0,0.21052631578947367,neutral
YSNRFRDG,39,26,23,22,65,45,0.21052631578947367,neutral
HSFVYFLH,68,54,45,45,122,90,0.21052631578947367,neutral
FIGYDIDH,20,7,5,10,27,15,0.21052631578947367,neutral
RVFDLIVL,0,8,0,0,8,0,0.21052631578947367,neutral
YIFFFLNF,5,3,0,0,8,0,0.21052631578947367,neutral
RCCILCYS,6,2,0,0,8,0,0.21052631578947367,neutral
ICDCGNYG,33,32,21,24,65,45,0.21052631578947367,neutral
SCGVYLCC,32,14,14,16,46,30,0.21052631578947367,neutral
CCCYLVIC,6,2,0,0,8,0,0.21052631578947367,neutral
GCCVILIS,6,2,0,0,8,0,0.21052631578947367,neutral
IYLCFFGY,6,2,0,0,8,0,0.21052631578947367,neutral
FFFFYFYL,7,1,0,0,8,0,0.21052631578947367,neutral
VCFFCFIF,5,3,0,0,8,0,0.21052631578947367,neutral
CYCNFHFG,6,2,0,0,8,0,0.21052631578947367,neutral
GIVCVIIL,7,1,0,0,8,0,0.21052631578947367,neutral
DCLGYCLS,18,9,7,8,27,15,0.21052631578947367,neutral
FIHIGDFC,6,2,0,0,8,0,0.21052631578947367,neutral
DGCNCGIR,28,18,16,14,46,30,0.21052631578947367,neutral
IDLCFGHC,18,9,8,7,27,15,0.21052631578947367,neutral
FFYDNIRF,19,8,6,9,27,15,0.21052631578947367,neutral
FCFFSDLF,4,4,0,0,8,0,0.21052631578947367,neutral
IGVICLSY,5,3,0,0,8,0,0.21052631578947367,neutral
FLCDFLVD,34,31,21,24,65,45,0.21052631578947367,neutral
FYIRCVFI,5,3,0,0,8,0,0.21052631578947367,neutral
LLFNYGVS,38,27,24,21,65,45,0.21052631578947367,neutral
GFILCCRD,32,14,14,16,46,30,0.21052631578947367,neutral
YYCLLVRF,4,4,0,0,8,0,0.21052631578947367,neutral
CIFCFFHL,5,3,0,0,8,0,0.21052631578947367,neutral
RFILRHNC,13,14,3,12,27,15,0.21052631578947367,neutral
HLCFFYNL,6,2,0,0,8,0,0.21052631578947367,neutral
FVCLFCCC,7,1,0,0,8,0,0.21052631578947367,neutral
GVGFVFGG,0,8,0,0,8,0,0.21052631578947367,neutral
HCYFGFSG,19,8,6,9,27,15,0.21052631578947367,neutral
RCYIFLRV,6,2,0,0,8,0,0.21052631578947367,neutral
YNDCNFDC,4,4,0,0,8,0,0.21052631578947367,neutral
LCYYDNVR,6,2,0,0,8,0,0.21052631578947367,neutral
YVCGYVGC,19,8,8,7,27,15,0.21052631578947367,neutral
FFCFGRLH,30,16,13,17,46,30,0.21052631578947367,neutral
IYVYVCNL,6,2,0,0,8,0,0.21052631578947367,neutral
VCLLRRCY,7,1,0,0,8,0,0.21052631578947367,neutral
FYGIYFYL,5,3,0,0,8,0,0.21052631578947367,neutral
YCVFCLRL,7,1,0,0,8,0,0.21052631578947367,neutral
SYIYYCDG,40,25,24,21,65,45,0.21052631578947367,neutral
HLFNVIDG,42,23,19,26,65,45,0.21052631578947367,neutral
CYFCVCGV,0,8,0,0,8,0,0.21052631578947367,neutral
CGFVLGLS,15,12,5,10,27,15,0.21052631578947367,neutral
FFFLRFIF,4,4,0,0,8,0,0.21052631578947367,neutral
HNVCNSCF,23,23,17,13,46,30,0.21052631578947367,neutral
CYVYVYCV,7,1,0,0,8,0,0.21052631578947367,neutral
IFFSVFLY,5,3,0,0,8,0,0.21052631578947367,neutral
CCHYVGCG,8,0,0,0,8,0,0.21052631578947367,neutral
FCYSRRDG,5,3,0,0,8,0,0.21052631578947367,neutral
FFVGYFRC,6,2,0,0,8,0,0.21052631578947367,neutral
CYYNLDFI,14,13,8,7,27,15,0.21052631578947367,neutral
CVSSRLCI,27,19,21,9,46,30,0.21052631578947367,neutral
YFHGGFCI,14,13,7,8,27,15,0.21052631578947367,neutral
CVYIDFYF,5,3,0,0,8,0,0.21052631578947367,neutral
IDLFIIYC,5,3,0,0,8,0,0.21052631578947367,neutral
VLSCCRGG,36,29,20,25,65,45,0.21052631578947367,neutral
CISLIFGF,4,4,0,0,8,0,0.21052631578947367,neutral
FFIFCYFC,5,3,0,0,8,0,0.21052631578947367,neutral
FHVYYIVR,5,3,0,0,8,0,0.21052631578947367,neutral
FFCVLCDG,0,8,0,0,8,0,0.21052631578947367,neutral
HLLCCGYD,4,4,0,0,8,0,0.21052631578947367,neutral
FCICVIFI,7,1,0,0,8,0,0.21052631578947367,neutral
LFFIFYLY,5,3,0,0,8,0,0.21052631578947367,neutral
CFNGGFCI,20,7,8,7,27,15,0.21052631578947367,neutral
CFVCLCGY,5,3,0,0,8,0,0.21052631578947367,neutral
FYFCFGIY,8,0,0,0,8,0,0.21052631578947367,neutral
FFFCLFCL,5,3,0,0,8,0,0.21052631578947367,neutral
LCGIHSLY,27,19,14,16,46,30,0.21052631578947367,neutral
CFIYIIFG,6,2,0,0,8,0,0.21052631578947367,neutral
FCLFCNVY,6,2,0,0,8,0,0.21052631578947367,neutral
LCFFRLSN,34,31,23,22,65,45,0.21052631578947367,neutral
CFILSVIR,3,5,0,0,8,0,0.21052631578947367,neutral
YFVIVSIF,3,5,0,0,8,0,0.21052631578947367,neutral
VHYIGIYV,8,0,0,0,8,0,0.21052631578947367,neutral
SYHGCCDI,18,9,5,10,27,15,0.21052631578947367,neutral
CLFVCFVL,5,3,0,0,8,0,0.21052631578947367,neutral
FFNFFYFF,5,3,0,0,8,0,0.21052631578947367,neutral
DVSICYLF,14,13,5,10,27,15,0.21052631578947367,neutral
FIFSVSVR,6,2,0,0,8,0,0.21052631578947367,neutral
YFFCSHLR,5,3,0,0,8,0,0.21052631578947367,neutral
FHCCNIVN,48,36,26,34,84,60,0.21052631578947367,neutral
FCYFCCIF,5,3,0,0,8,0,0.21052631578947367,neutral
LDGHCSVY,31,15,7,23,46,30,0.21052631578947367,neutral
IFCHHGFI,14,13,4,11,27,15,0.21052631578947367,neutral
FIIFCYRI,4,4,0,0,8,0,0.21052631578947367,neutral
SDCSGHIF,6,2,0,0,8,0,0.21052631578947367,neutral
FRNLFIYF,6,2,0,0,8,0,0.21052631578947367,neutral
FLCLFFHC,5,3,0,0,8,0,0.21052631578947367,neutral
IYGLSCGL,18,9,8,7,27,15,0.21052631578947367,neutral
FYFSVFFF,6,2,0,0,8,0,0.21052631578947367,neutral
FYDCDDFY,5,3,0,0,8,0,0.21052631578947367,neutral
GCYCDLYC,5,3,0,0,8,0,0.21052631578947367,neutral
RRRSCRVF,20,7,7,8,27,15,0.21052631578947367,neutral
NCCIFFVR,6,2,0,0,8,0,0.21052631578947367,neutral
CLVDCGVG,14,13,7,8,27,15,0.21052631578947367,neutral
FFILHFHR,2,6,0,0,8,0,0.21052631578947367,neutral
FFCFCCFV,4,4,0,0,8,0,0.21052631578947367,neutral
LVLCVYYY,6,2,0,0,8,0,0.21052631578947367,neutral
SIYGVFSH,6,2,0,0,8,0,0.21052631578947367,neutral
VDYDCVVR,15,12,8,7,27,15,0.21052631578947367,neutral
DYVHGFLC,56,42,34,37,98,71,0.2109375,neutral
CGIHCLID,48,31,23,33,79,56,0.21100917431192662,neutral
SCYFDGFS,47,32,26,30,79,56,0.21100917431192662,neutral
VGCCVFSG,83,67,62,50,150,112,0.2111111111111111,neutral
VFFVCRGG,39,21,20,21,60,41,0.2111111111111111,neutral
GVHGHHHF,34,26,22,19,60,41,0.2111111111111111,neutral
LDLCLDLL,33,27,22,19,60,41,0.2111111111111111,neutral
YCRNGYLS,37,23,17,24,60,41,0.2111111111111111,neutral
FYRCGGFD,37,23,16,25,60,41,0.2111111111111111,neutral
SDYCLCIR,27,14,14,12,41,26,0.2112676056338028,neutral
LRCNCHRV,25,16,11,15,41,26,0.2112676056338028,neutral
YVVCHSVN,24,17,11,15,41,26,0.2112676056338028,neutral
LCRNDYVR,63,49,38,44,112,82,0.2112676056338028,neutral
FDFFRVFG,27,14,12,14,41,26,0.2112676056338028,neutral
RLHFRFIR,65,47,44,38,112,82,0.2112676056338028,neutral
IVLSSVVV,23,18,9,17,41,26,0.2112676056338028,neutral
GIRSFICC,20,21,8,18,41,26,0.2112676056338028,neutral
DHCSHSHF,29,12,13,13,41,26,0.2112676056338028,neutral
CCGGDVCG,26,15,12,14,41,26,0.2112676056338028,neutral
GFDSGFVG,27,14,7,19,41,26,0.2112676056338028,neutral
FGGLRVVY,29,12,11,15,41,26,0.2112676056338028,neutral
HDVRGCVF,22,19,8,18,41,26,0.2112676056338028,neutral
LSFIGCCF,55,38,32,35,93,67,0.21138211382113822,neutral
LFDSSCFI,80,65,56,52,145,108,0.21142857142857144,neutral
CSFCNVHF,19,3,3,8,22,11,0.21153846153846154,neutral
CDCGGFFS,42,32,29,23,74,52,0.21153846153846154,neutral
VCGGIFFV,14,8,5,6,22,11,0.21153846153846154,neutral
FNYSCFCG,12,10,7,4,22,11,0.21153846153846154,neutral
CDGLSVVL,46,28,29,23,74,52,0.21153846153846154,neutral
RICFRCRG,15,7,5,6,22,11,0.21153846153846154,neutral
YCFRFFDH,14,8,7,4,22,11,0.21153846153846154,neutral
VGFHGRVR,71,55,40,53,126,93,0.21153846153846154,neutral
HHCSFCIC,15,7,5,6,22,11,0.21153846153846154,neutral
VYYCDLFI,11,11,3,8,22,11,0.21153846153846154,neutral
VINCSCHF,45,29,24,28,74,52,0.21153846153846154,neutral
FSCISNLL,13,9,4,7,22,11,0.21153846153846154,neutral
YGGFRCGY,14,8,3,8,22,11,0.21153846153846154,neutral
YLCGVHCV,16,6,4,7,22,11,0.21153846153846154,neutral
HHCVFHCS,14,8,4,7,22,11,0.21153846153846154,neutral
FRGSICDL,42,32,28,24,74,52,0.21153846153846154,neutral
DCYYRCYG,16,6,3,8,22,11,0.21153846153846154,neutral
SFSLRRDG,43,31,23,29,74,52,0.21153846153846154,neutral
GFLHIVGD,16,6,1,10,22,11,0.21153846153846154,neutral
FGNRYFDC,11,11,9,2,22,11,0.21153846153846154,neutral
YVCGIGGF,17,5,6,5,22,11,0.21153846153846154,neutral
NSIFFLYS,10,12,5,6,22,11,0.21153846153846154,neutral
YHVFVNLH,13,9,7,4,22,11,0.21153846153846154,neutral
LDCRCSIH,60,47,33,45,107,78,0.2116788321167883,neutral
FNGVGCCV,37,18,22,15,55,37,0.21176470588235294,neutral
HHCCDIIG,34,21,17,20,55,37,0.21176470588235294,neutral
CYNFHSVD,30,25,17,20,55,37,0.21176470588235294,neutral
GCHDCYNL,35,20,17,20,55,37,0.21176470588235294,neutral
VGDFGRHF,35,20,20,17,55,37,0.21176470588235294,neutral
HFGVVYRI,37,18,21,16,55,37,0.21176470588235294,neutral
GLCSYSRL,51,37,33,30,88,63,0.211864406779661,neutral
FVVCDVVN,53,35,32,31,88,63,0.211864406779661,neutral
FFGINICR,51,37,23,40,88,63,0.211864406779661,neutral
CCINVDID,52,36,28,35,88,63,0.211864406779661,neutral
GLIFVGGV,53,35,32,31,88,63,0.211864406779661,neutral
DFGIVRLL,70,51,43,46,121,89,0.2119205298013245,neutral
IVYRLICD,24,12,7,15,36,22,0.21212121212121213,neutral
FSSRIRGH,20,16,11,11,36,22,0.21212121212121213,neutral
CICCIDYG,27,9,5,17,36,22,0.21212121212121213,neutral
YYYGDGVI,19,17,13,9,36,22,0.21212121212121213,neutral
CNYFYGLC,23,13,11,11,36,22,0.21212121212121213,neutral
NVGFCRCH,26,10,13,9,36,22,0.21212121212121213,neutral
CVHVFSVR,17,19,12,10,36,22,0.21212121212121213,neutral
VNYIYVCL,41,28,25,23,69,48,0.21212121212121213,neutral
HCSCVLID,27,9,10,12,36,22,0.21212121212121213,neutral
CCIRGGCL,21,15,13,9,36,22,0.21212121212121213,neutral
DRFYLLSV,25,11,9,13,36,22,0.21212121212121213,neutral
FGLDGRGF,41,28,22,26,69,48,0.21212121212121213,neutral
YCRDFCDS,21,15,12,10,36,22,0.21212121212121213,neutral
NCSILDGY,21,15,7,15,36,22,0.21212121212121213,neutral
FGFGCICI,19,17,9,13,36,22,0.21212121212121213,neutral
CVCSGFNN,23,13,14,8,36,22,0.21212121212121213,neutral
LFCCDGCG,44,25,22,26,69,48,0.21212121212121213,neutral
FCHRFCDI,25,11,14,8,36,22,0.21212121212121213,neutral
CYGNNSFG,24,12,10,12,36,22,0.21212121212121213,neutral
IYNVCVFN,21,15,10,12,36,22,0.21212121212121213,neutral
IHVCDRCY,19,17,15,7,36,22,0.21212121212121213,neutral
YSFCGDSC,27,9,9,13,36,22,0.21212121212121213,neutral
VFGCCHVL,21,15,8,14,36,22,0.21212121212121213,neutral
CFHSYGCD,42,27,22,26,69,48,0.21212121212121213,neutral
GHRFGYGH,24,12,10,12,36,22,0.21212121212121213,neutral
LFDCGSSL,23,13,15,7,36,22,0.21212121212121213,neutral
GFCRCDCV,18,18,12,10,36,22,0.21212121212121213,neutral
FFVDGCFC,24,12,11,11,36,22,0.21212121212121213,neutral
YIGCIFDS,26,10,15,7,36,22,0.21212121212121213,neutral
HFGYYCFH,22,14,10,12,36,22,0.21212121212121213,neutral
FYNCCGNV,22,14,8,14,36,22,0.21212121212121213,neutral
VYCRGHSR,21,15,12,10,36,22,0.21212121212121213,neutral
NCCVIDFL,42,27,24,24,69,48,0.21212121212121213,neutral
HHGIHFFC,25,11,9,13,36,22,0.21212121212121213,neutral
DCYIFGCH,24,12,10,12,36,22,0.21212121212121213,neutral
FCFGDCVR,22,14,16,6,36,22,0.21212121212121213,neutral
DDHYCIGF,42,27,18,30,69,48,0.21212121212121213,neutral
YRCGSFGC,51,32,35,24,83,59,0.21238938053097345,neutral
YFIGSIDI,51,32,26,33,83,59,0.21238938053097345,neutral
CDGIYICY,72,58,46,50,130,96,0.2125,neutral
RICGYDVR,28,22,18,15,50,33,0.2125,neutral
CGCLSVIR,31,19,14,19,50,33,0.2125,neutral
NFCCVNVH,26,24,15,18,50,33,0.2125,neutral
RLHSYGGI,30,20,15,18,50,33,0.2125,neutral
SFGDLCCF,33,17,17,16,50,33,0.2125,neutral
IYGRGGLC,33,17,11,22,50,33,0.2125,neutral
CGHCGSGV,25,25,12,21,50,33,0.2125,neutral
LFCYDDRL,28,22,18,15,50,33,0.2125,neutral
SCRVIDLR,28,22,15,18,50,33,0.2125,neutral
CGIVFGYC,32,18,16,17,50,33,0.2125,neutral
CYSCGCDC,28,22,19,14,50,33,0.2125,neutral
FYNICFGY,12,5,2,5,17,7,0.2127659574468085,neutral
HDICGYDH,16,1,1,6,17,7,0.2127659574468085,neutral
SCYCGDLI,40,24,21,23,64,44,0.2127659574468085,neutral
FYFIDGFF,6,11,3,4,17,7,0.2127659574468085,neutral
FYICYSGH,12,5,1,6,17,7,0.2127659574468085,neutral
CFFRDGRV,14,3,5,2,17,7,0.2127659574468085,neutral
ICCLHSDH,41,23,21,23,64,44,0.2127659574468085,neutral
SICICRRC,9,8,5,2,17,7,0.2127659574468085,neutral
CVYGGFCR,10,7,2,5,17,7,0.2127659574468085,neutral
GRCDIDLC,35,29,19,25,64,44,0.2127659574468085,neutral
FVSLGCNG,10,7,3,4,17,7,0.2127659574468085,neutral
CGRCFCYV,12,5,3,4,17,7,0.2127659574468085,neutral
FRCSSFVI,12,5,3,4,17,7,0.2127659574468085,neutral
FGVSYFYG,38,26,20,24,64,44,0.2127659574468085,neutral
LSCVYCYG,10,7,2,5,17,7,0.2127659574468085,neutral
DLRIFSVR,11,6,3,4,17,7,0.2127659574468085,neutral
VCVVFLVC,12,5,2,5,17,7,0.2127659574468085,neutral
CNDYNRSF,13,4,0,7,17,7,0.2127659574468085,neutral
SFGCFLCH,11,6,6,1,17,7,0.2127659574468085,neutral
FDNIFLYY,10,7,3,4,17,7,0.2127659574468085,neutral
FHRRRRYF,8,9,2,5,17,7,0.2127659574468085,neutral
CVRFFGCF,12,5,3,4,17,7,0.2127659574468085,neutral
FRFVYVLD,16,1,2,5,17,7,0.2127659574468085,neutral
FFGGCYSS,12,5,3,4,17,7,0.2127659574468085,neutral
RCLCRILS,65,46,41,40,111,81,0.2127659574468085,neutral
YSCFCHGC,11,6,3,4,17,7,0.2127659574468085,neutral
RCRNCDDC,37,27,25,19,64,44,0.2127659574468085,neutral
SGRDYDHG,11,6,1,6,17,7,0.2127659574468085,neutral
GSVLDVLC,11,6,6,1,17,7,0.2127659574468085,neutral
DSFRCRCY,12,5,6,1,17,7,0.2127659574468085,neutral
ISYFCNVI,12,5,4,3,17,7,0.2127659574468085,neutral
LCFGSGIF,10,7,4,3,17,7,0.2127659574468085,neutral
GGLHFSDG,36,28,20,24,64,44,0.2127659574468085,neutral
YLYFCDGC,10,7,3,4,17,7,0.2127659574468085,neutral
VVICGGVY,10,7,4,3,17,7,0.2127659574468085,neutral
CNLGCGLF,11,6,5,2,17,7,0.2127659574468085,neutral
FDVCFCNF,10,7,4,3,17,7,0.2127659574468085,neutral
CNYGLFFV,14,3,3,4,17,7,0.2127659574468085,neutral
CIRHYHDV,9,8,4,3,17,7,0.2127659574468085,neutral
CGCFGDCD,48,30,24,31,78,55,0.21296296296296297,neutral
VRLSIVHH,48,30,26,29,78,55,0.21296296296296297,neutral
VNLRDCLH,47,31,31,24,78,55,0.21296296296296297,neutral
HNHVCRFR,48,30,28,27,78,55,0.21296296296296297,neutral
FSHILFGC,18,13,10,8,31,18,0.21311475409836064,neutral
HCYDVCCL,13,18,7,11,31,18,0.21311475409836064,neutral
LFRCYSNS,18,13,10,8,31,18,0.21311475409836064,neutral
VFVFHGDC,21,10,5,13,31,18,0.21311475409836064,neutral
FYYRRHVS,16,15,10,8,31,18,0.21311475409836064,neutral
CFRCCICD,22,9,8,10,31,18,0.21311475409836064,neutral
LCSDYVGG,19,12,3,15,31,18,0.21311475409836064,neutral
VCVVLRGG,22,9,11,7,31,18,0.21311475409836064,neutral
GNFIVFYD,23,8,6,12,31,18,0.21311475409836064,neutral
VCVLDHRI,16,15,8,10,31,18,0.21311475409836064,neutral
NYILISHV,17,14,7,11,31,18,0.21311475409836064,neutral
VVGGSGVY,21,10,9,9,31,18,0.21311475409836064,neutral
ICVCGIIG,22,9,7,11,31,18,0.21311475409836064,neutral
CDHVHCCG,22,9,4,14,31,18,0.21311475409836064,neutral
FCCVGGCC,19,12,7,11,31,18,0.21311475409836064,neutral
LFISSIHD,20,11,8,10,31,18,0.21311475409836064,neutral
SGIFYFSH,23,8,8,10,31,18,0.21311475409836064,neutral
FNICRLFD,20,11,8,10,31,18,0.21311475409836064,neutral
IDCFGILH,25,6,9,9,31,18,0.21311475409836064,neutral
NCFSCVYG,21,10,8,10,31,18,0.21311475409836064,neutral
RHHLVHVR,56,50,38,39,106,77,0.21323529411764705,neutral
SICNDFYL,23,22,16,13,45,29,0.21333333333333335,neutral
VFRYGDDG,32,13,13,16,45,29,0.21333333333333335,neutral
YCDDRCYH,29,16,14,15,45,29,0.21333333333333335,neutral
YRRLDCVG,27,18,18,11,45,29,0.21333333333333335,neutral
YHSCVVSC,28,17,7,22,45,29,0.21333333333333335,neutral
CCDINFFI,30,15,17,12,45,29,0.21333333333333335,neutral
GCGCDSFV,30,15,11,18,45,29,0.21333333333333335,neutral
FSCHVIVG,32,13,13,16,45,29,0.21333333333333335,neutral
NCLFNSCH,24,21,13,16,45,29,0.21333333333333335,neutral
GSLSCIHL,29,16,14,15,45,29,0.21333333333333335,neutral
LFSDFYGV,28,17,13,16,45,29,0.21333333333333335,neutral
IIGSSFYC,38,21,13,27,59,40,0.21348314606741572,neutral
LLRLICYN,31,28,22,18,59,40,0.21348314606741572,neutral
YHNGGGRF,30,29,18,22,59,40,0.21348314606741572,neutral
LFGHIFGV,36,23,22,18,59,40,0.21348314606741572,neutral
FLDLGYCY,37,22,18,22,59,40,0.21348314606741572,neutral
FGNVFDVH,37,22,11,29,59,40,0.21348314606741572,neutral
SGFGNCFG,39,20,14,26,59,40,0.21348314606741572,neutral
FNVNCRSG,36,23,18,22,59,40,0.21348314606741572,neutral
DCSCRGCS,42,31,20,31,73,51,0.21359223300970873,neutral
CFSLCDGG,45,28,22,29,73,51,0.21359223300970873,neutral
RDCVHFCY,46,27,19,32,73,51,0.21359223300970873,neutral
CGNFRDSG,45,28,22,29,73,51,0.21359223300970873,neutral
SLCFLGCG,51,36,24,38,87,62,0.21367521367521367,neutral
IIFNCGHF,50,37,27,35,87,62,0.21367521367521367,neutral
HFCDFIGY,51,36,30,32,87,62,0.21367521367521367,neutral
RSYGCICL,66,49,43,41,115,84,0.21379310344827587,neutral
LINLLGCG,65,50,35,49,115,84,0.21379310344827587,neutral
LCCHSNCV,19,7,7,7,26,14,0.21428571428571427,neutral
FCRCFVVR,9,3,1,2,12,3,0.21428571428571427,neutral
YYGGLGCL,8,4,1,2,12,3,0.21428571428571427,neutral
VDRVCFSC,41,27,23,24,68,47,0.21428571428571427,neutral
VCDGVFLH,8,4,0,3,12,3,0.21428571428571427,neutral
RGFCYDHR,19,7,7,7,26,14,0.21428571428571427,neutral
HLCCHICH,5,7,1,2,12,3,0.21428571428571427,neutral
VFISGFCG,6,6,1,2,12,3,0.21428571428571427,neutral
YCRCCLFR,11,1,1,2,12,3,0.21428571428571427,neutral
GYYRRYCG,7,5,1,2,12,3,0.21428571428571427,neutral
CYVHRDVC,20,6,4,10,26,14,0.21428571428571427,neutral
GFFYYFGV,9,3,1,2,12,3,0.21428571428571427,neutral
HHGCGYCF,17,9,6,8,26,14,0.21428571428571427,neutral
VVYVFCCV,8,4,2,1,12,3,0.21428571428571427,neutral
LCLHNHFG,8,4,1,2,12,3,0.21428571428571427,neutral
IHCRVGCC,41,27,23,24,68,47,0.21428571428571427,neutral
CDLCICVL,6,6,2,1,12,3,0.21428571428571427,neutral
FVSSICVH,29,11,9,16,40,25,0.21428571428571427,neutral
CCFGVDGL,15,11,7,7,26,14,0.21428571428571427,neutral
YSLGLIRD,32,22,17,19,54,36,0.21428571428571427,neutral
LVCFVCLD,6,6,2,1,12,3,0.21428571428571427,neutral
FVVSGVDI,57,39,36,33,96,69,0.21428571428571427,neutral
FYVLCNCH,8,4,1,2,12,3,0.21428571428571427,neutral
FVLCFVVG,9,3,1,2,12,3,0.21428571428571427,neutral
YCDCVLYC,27,13,16,9,40,25,0.21428571428571427,neutral
FCYGFFYI,7,5,2,1,12,3,0.21428571428571427,neutral
GIDRDFFV,7,5,1,2,12,3,0.21428571428571427,neutral
DLYICDFG,41,27,29,18,68,47,0.21428571428571427,neutral
CIFVFSLL,10,2,1,2,12,3,0.21428571428571427,neutral
LSYSCCSL,20,6,9,5,26,14,0.21428571428571427,neutral
DVRYCSYL,6,6,1,2,12,3,0.21428571428571427,neutral
GRCIIGGI,7,5,0,3,12,3,0.21428571428571427,neutral
NCVCLINS,29,25,12,24,54,36,0.21428571428571427,neutral
CCVFFYVS,6,6,2,1,12,3,0.21428571428571427,neutral
RYCGVCIG,36,18,19,17,54,36,0.21428571428571427,neutral
FDVCSIID,19,7,9,5,26,14,0.21428571428571427,neutral
SLFSCYGY,9,3,2,1,12,3,0.21428571428571427,neutral
CGYCNIFN,26,14,10,15,40,25,0.21428571428571427,neutral
SYLSCGDV,43,25,26,21,68,47,0.21428571428571427,neutral
FVRCFDRD,23,17,11,14,40,25,0.21428571428571427,neutral
FFYCVCHV,8,4,1,2,12,3,0.21428571428571427,neutral
SCVSRCFC,17,9,4,10,26,14,0.21428571428571427,neutral
CFNDNYNC,17,9,4,10,26,14,0.21428571428571427,neutral
ICISDFLG,41,27,21,26,68,47,0.21428571428571427,neutral
CFGYDCGG,23,17,11,14,40,25,0.21428571428571427,neutral
DLFCSGCF,16,10,7,7,26,14,0.21428571428571427,neutral
RFNFYCGG,11,1,1,2,12,3,0.21428571428571427,neutral
ILISGRVR,20,20,11,14,40,25,0.21428571428571427,neutral
RVHCGGFL,31,23,14,22,54,36,0.21428571428571427,neutral
CCDISDIC,4,8,2,1,12,3,0.21428571428571427,neutral
VFVCDNCF,15,11,4,10,26,14,0.21428571428571427,neutral
VCGCHCVH,6,6,0,3,12,3,0.21428571428571427,neutral
CVFCFHCH,5,7,1,2,12,3,0.21428571428571427,neutral
FCCGVVIN,35,19,17,19,54,36,0.21428571428571427,neutral
CGYYRRCH,28,12,16,9,40,25,0.21428571428571427,neutral
CFDCIFFC,9,3,2,1,12,3,0.21428571428571427,neutral
NIVCCGFG,24,16,10,15,40,25,0.21428571428571427,neutral
CRFCVLHG,6,6,1,2,12,3,0.21428571428571427,neutral
FNCLRLNL,20,20,12,13,40,25,0.21428571428571427,neutral
CCLCFYGS,4,8,2,1,12,3,0.21428571428571427,neutral
SFRCYCRL,17,9,8,6,26,14,0.21428571428571427,neutral
CHYCLRSF,19,7,8,6,26,14,0.21428571428571427,neutral
GGRGCGCS,26,14,12,13,40,25,0.21428571428571427,neutral
YHYLGFDY,7,5,2,1,12,3,0.21428571428571427,neutral
CCYFCFGC,8,4,2,1,12,3,0.21428571428571427,neutral
VYGDVYIF,42,26,27,20,68,47,0.21428571428571427,neutral
VNYCVYIH,16,10,7,7,26,14,0.21428571428571427,neutral
FYGCSYIS,19,7,7,7,26,14,0.21428571428571427,neutral
SFSICDDG,33,21,22,14,54,36,0.21428571428571427,neutral
YLSRHLSG,31,23,18,18,54,36,0.21428571428571427,neutral
FYVFVGCD,21,19,11,14,40,25,0.21428571428571427,neutral
NCCYGFRD,76,57,43,55,133,98,0.2147239263803681,neutral
CHIRIHHC,45,46,30,35,91,65,0.21487603305785125,neutral
FFGGRYVV,54,37,27,38,91,65,0.21487603305785125,neutral
CHYGLVYD,51,40,32,33,91,65,0.21487603305785125,neutral
RLHDIRYL,55,36,32,33,91,65,0.21487603305785125,neutral
CSSLNSGY,47,30,30,24,77,54,0.21495327102803738,neutral
FGICGVVH,47,30,24,30,77,54,0.21495327102803738,neutral
VNNGDYLD,46,31,22,32,77,54,0.21495327102803738,neutral
LDVFVDCF,46,31,24,30,77,54,0.21495327102803738,neutral
FSCLRYNG,41,22,19,24,63,43,0.21505376344086022,neutral
FDCSCSFS,37,26,20,23,63,43,0.21505376344086022,neutral
ICGFGNVL,37,26,19,24,63,43,0.21505376344086022,neutral
FLSYCVVR,38,25,21,22,63,43,0.21505376344086022,neutral
GCCHGSLG,37,26,21,22,63,43,0.21505376344086022,neutral
IYLNGYRY,32,17,17,15,49,32,0.21518987341772153,neutral
SLIGLIID,31,18,13,19,49,32,0.21518987341772153,neutral
LFDIGLNS,32,17,15,17,49,32,0.21518987341772153,neutral
HHRHCGHG,30,19,17,15,49,32,0.21518987341772153,neutral
CLIGDFHL,28,21,12,20,49,32,0.21518987341772153,neutral
SCNCVLFS,31,18,15,17,49,32,0.21518987341772153,neutral
SFLFICGS,29,20,18,14,49,32,0.21518987341772153,neutral
YGYLDGRN,30,19,7,25,49,32,0.21518987341772153,neutral
FCYCGVNV,29,20,19,13,49,32,0.21518987341772153,neutral
CVFDGLVC,28,21,15,17,49,32,0.21518987341772153,neutral
SFCCGGHF,26,23,15,17,49,32,0.21518987341772153,neutral
FHYSRVIL,33,16,15,17,49,32,0.21518987341772153,neutral
CYFIGFGC,32,17,18,14,49,32,0.21518987341772153,neutral
CGRDSGVS,64,50,39,44,114,83,0.2152777777777778,neutral
IRDGRNVY,65,49,44,39,114,83,0.2152777777777778,neutral
VYDVGFSL,20,15,7,14,35,21,0.2153846153846154,neutral
RCLCSFDG,22,13,11,10,35,21,0.2153846153846154,neutral
FILVRNVR,25,10,7,14,35,21,0.2153846153846154,neutral
FYVYGGRC,16,19,11,10,35,21,0.2153846153846154,neutral
FRCVIIGD,23,12,12,9,35,21,0.2153846153846154,neutral
FIFYNIGV,26,9,12,9,35,21,0.2153846153846154,neutral
GVYDDFVG,23,12,14,7,35,21,0.2153846153846154,neutral
DHLLVVDY,24,11,7,14,35,21,0.2153846153846154,neutral
NRCNSNFV,58,42,31,41,100,72,0.2153846153846154,neutral
FVRVVNCF,25,10,9,12,35,21,0.2153846153846154,neutral
LSCFGFRC,18,17,10,11,35,21,0.2153846153846154,neutral
FGDNGCDI,21,14,7,14,35,21,0.2153846153846154,neutral
NCCRGCVN,14,7,3,7,21,10,0.21568627450980393,neutral
LIVGNIFV,11,10,4,6,21,10,0.21568627450980393,neutral
CSLLSVIV,12,9,5,5,21,10,0.21568627450980393,neutral
CFDVFFSG,14,7,2,8,21,10,0.21568627450980393,neutral
LGFYYRDR,11,10,5,5,21,10,0.21568627450980393,neutral
LYLCSSFI,43,29,20,30,72,50,0.21568627450980393,neutral
CIVNFGHV,16,5,4,6,21,10,0.21568627450980393,neutral
IFSYHFFD,44,28,25,25,72,50,0.21568627450980393,neutral
GCFHLFVG,17,4,5,5,21,10,0.21568627450980393,neutral
FCDLDFDG,12,9,6,4,21,10,0.21568627450980393,neutral
FCSFICHC,14,7,6,4,21,10,0.21568627450980393,neutral
ICFCCVRG,15,6,6,4,21,10,0.21568627450980393,neutral
CGGYFFGL,18,3,4,6,21,10,0.21568627450980393,neutral
IDYCIRHF,12,9,3,7,21,10,0.21568627450980393,neutral
FNDVCLDF,12,9,7,3,21,10,0.21568627450980393,neutral
FCYDVFFG,10,11,2,8,21,10,0.21568627450980393,neutral
IHGNFYIF,13,8,5,5,21,10,0.21568627450980393,neutral
YFNLFGGN,15,6,7,3,21,10,0.21568627450980393,neutral
NCFIFLRG,13,8,3,7,21,10,0.21568627450980393,neutral
VCHFCDGS,17,4,4,6,21,10,0.21568627450980393,neutral
RHVSSFYI,13,8,5,5,21,10,0.21568627450980393,neutral
FCNYVRCV,40,32,22,28,72,50,0.21568627450980393,neutral
FLYGDCCC,11,10,4,6,21,10,0.21568627450980393,neutral
SFVFLFCL,31,27,18,21,58,39,0.2159090909090909,neutral
FNGYLYGD,37,21,15,24,58,39,0.2159090909090909,neutral
FCVCSNYG,31,27,23,16,58,39,0.2159090909090909,neutral
VYGGIRCG,38,20,18,21,58,39,0.2159090909090909,neutral
NLSIRSSY,33,25,18,21,58,39,0.2159090909090909,neutral
VFGSGFCI,34,24,25,14,58,39,0.2159090909090909,neutral
CFISGGLG,35,23,17,22,58,39,0.2159090909090909,neutral
FCIGVCGF,33,25,16,23,58,39,0.2159090909090909,neutral
LIYLCSGD,37,21,17,22,58,39,0.2159090909090909,neutral
RGYRRSFD,34,24,17,22,58,39,0.2159090909090909,neutral
CCFGGGYH,35,23,23,16,58,39,0.2159090909090909,neutral
RLDLFNLG,37,21,17,22,58,39,0.2159090909090909,neutral
VCCGRIGC,57,38,30,38,95,68,0.216,neutral
FHCNNSVI,93,76,57,69,169,126,0.21608040201005024,neutral
DFCCCRDD,30,14,12,16,44,28,0.21621621621621623,neutral
GNFHHRYS,26,18,12,16,44,28,0.21621621621621623,neutral
VINFGVVS,46,35,22,35,81,57,0.21621621621621623,neutral
YLFNCYGF,27,17,11,17,44,28,0.21621621621621623,neutral
CHCGGSGL,26,18,12,16,44,28,0.21621621621621623,neutral
FFGYNFLC,26,18,11,17,44,28,0.21621621621621623,neutral
GCGDHFDV,30,14,13,15,44,28,0.21621621621621623,neutral
NGFCSYHC,30,14,16,12,44,28,0.21621621621621623,neutral
YNCDCNVD,24,20,10,18,44,28,0.21621621621621623,neutral
DFILCINS,31,13,18,10,44,28,0.21621621621621623,neutral
IVHYCNSV,22,22,16,12,44,28,0.21621621621621623,neutral
RCLGFDFS,66,52,52,34,118,86,0.21621621621621623,neutral
HCVSFNCG,47,34,34,23,81,57,0.21621621621621623,neutral
VCHYVISV,46,35,30,27,81,57,0.21621621621621623,neutral
FIGCSCSI,48,33,30,27,81,57,0.21621621621621623,neutral
YGCYVSVF,27,17,17,11,44,28,0.21621621621621623,neutral
DCSCFSNC,26,18,11,17,44,28,0.21621621621621623,neutral
FRLDIHGR,28,16,13,15,44,28,0.21621621621621623,neutral
LDHFICCH,25,19,17,11,44,28,0.21621621621621623,neutral
VFCYSSVD,58,46,37,38,104,75,0.21641791044776118,neutral
LDILVVHS,34,33,22,24,67,46,0.21649484536082475,neutral
DVHFCFDD,33,34,25,21,67,46,0.21649484536082475,neutral
FSCVGLVH,43,24,26,20,67,46,0.21649484536082475,neutral
SVNGCYIL,42,25,24,22,67,46,0.21649484536082475,neutral
CHNVYRNG,43,24,17,29,67,46,0.21649484536082475,neutral
CCSVGFDF,49,41,31,33,90,64,0.21666666666666667,neutral
GCGFGYIH,24,6,3,14,30,17,0.21666666666666667,neutral
FLSNIYGG,20,10,7,10,30,17,0.21666666666666667,neutral
CFGRFLYD,19,11,8,9,30,17,0.21666666666666667,neutral
SSVYCGFS,17,13,6,11,30,17,0.21666666666666667,neutral
FFGHVHGC,18,12,9,8,30,17,0.21666666666666667,neutral
NLDGYLCI,19,11,11,6,30,17,0.21666666666666667,neutral
CHSFFFVN,17,13,10,7,30,17,0.21666666666666667,neutral
SYFSGSSG,23,7,9,8,30,17,0.21666666666666667,neutral
LYDFNCGN,20,10,6,11,30,17,0.21666666666666667,neutral
CYDFYICH,20,10,7,10,30,17,0.21666666666666667,neutral
RNFICISC,20,10,5,12,30,17,0.21666666666666667,neutral
INCISICC,23,7,10,7,30,17,0.21666666666666667,neutral
SHRHFFGD,23,7,7,10,30,17,0.21666666666666667,neutral
FIRCFGIR,18,12,9,8,30,17,0.21666666666666667,neutral
YVFRDVRR,22,8,8,9,30,17,0.21666666666666667,neutral
FFRCSSHF,15,15,11,6,30,17,0.21666666666666667,neutral
DCNGSCCH,34,19,16,19,53,35,0.21686746987951808,neutral
HGYSSCFH,34,19,17,18,53,35,0.21686746987951808,neutral
LIDFRRVR,29,24,16,19,53,35,0.21686746987951808,neutral
VSSVSFLL,29,24,18,17,53,35,0.21686746987951808,neutral
FHFGHCCI,34,19,18,17,53,35,0.21686746987951808,neutral
DFIFLGHC,31,22,22,13,53,35,0.21686746987951808,neutral
FYDYYLVD,46,30,30,23,76,53,0.2169811320754717,neutral
FCGSFYVI,59,40,39,32,99,71,0.21705426356589147,neutral
VDRRCSGG,78,67,51,56,145,107,0.21714285714285714,neutral
CNFHVFDG,32,30,20,22,62,42,0.21739130434782608,neutral
CDNRCFFN,13,3,3,3,16,6,0.21739130434782608,neutral
GIRVGYRF,50,35,31,29,85,60,0.21739130434782608,neutral
LVLRRVCV,27,12,14,10,39,24,0.21739130434782608,neutral
FLNDGVFR,36,26,18,24,62,42,0.21739130434782608,neutral
IFRDFFDG,8,8,0,6,16,6,0.21739130434782608,neutral
HIFCCGLV,10,6,4,2,16,6,0.21739130434782608,neutral
VRFFSVRY,10,6,5,1,16,6,0.21739130434782608,neutral
LNSILGCH,7,9,2,4,16,6,0.21739130434782608,neutral
YCLFGHHD,11,5,5,1,16,6,0.21739130434782608,neutral
DCVYRGIY,10,6,3,3,16,6,0.21739130434782608,neutral
FCFYHCFR,11,5,2,4,16,6,0.21739130434782608,neutral
LGDRCFLI,20,19,13,11,39,24,0.21739130434782608,neutral
CVCFLCHV,10,6,3,3,16,6,0.21739130434782608,neutral
IDSCVVFV,19,20,15,9,39,24,0.21739130434782608,neutral
VCFFGNFC,20,19,8,16,39,24,0.21739130434782608,neutral
CYGGYNYH,12,4,2,4,16,6,0.21739130434782608,neutral
YFCGGNNL,27,12,10,14,39,24,0.21739130434782608,neutral
FDIFRDGC,10,6,4,2,16,6,0.21739130434782608,neutral
YIVYDIHS,13,3,3,3,16,6,0.21739130434782608,neutral
NGSIGVFF,10,6,4,2,16,6,0.21739130434782608,neutral
FCCCRYCC,13,3,4,2,16,6,0.21739130434782608,neutral
INSCSCFI,9,7,1,5,16,6,0.21739130434782608,neutral
HVRGLHYG,11,5,5,1,16,6,0.21739130434782608,neutral
LFICDYFR,9,7,6,0,16,6,0.21739130434782608,neutral
VNLFVGYC,27,12,13,11,39,24,0.21739130434782608,neutral
CGIHHRFV,26,13,4,20,39,24,0.21739130434782608,neutral
FFLIIGGS,9,7,3,3,16,6,0.21739130434782608,neutral
YSFFCVDH,9,7,2,4,16,6,0.21739130434782608,neutral
CGFIFGSG,26,13,10,14,39,24,0.21739130434782608,neutral
RCSCFYFV,22,17,8,16,39,24,0.21739130434782608,neutral
FFIGNSFR,12,4,3,3,16,6,0.21739130434782608,neutral
LGVVYCGS,36,26,22,20,62,42,0.21739130434782608,neutral
SIYCNVSV,8,8,4,2,16,6,0.21739130434782608,neutral
RHCSSGYD,28,11,13,11,39,24,0.21739130434782608,neutral
FGFIIGCN,27,35,25,17,62,42,0.21739130434782608,neutral
FCVVDICR,11,5,3,3,16,6,0.21739130434782608,neutral
LCGGCNLY,9,7,5,1,16,6,0.21739130434782608,neutral
SYCFRVIG,37,25,24,18,62,42,0.21739130434782608,neutral
CCCSYCDG,10,6,2,4,16,6,0.21739130434782608,neutral
IFVLGGFL,20,19,14,10,39,24,0.21739130434782608,neutral
VYGCHLDD,10,6,4,2,16,6,0.21739130434782608,neutral
CGLGFIVL,21,18,13,11,39,24,0.21739130434782608,neutral
SCVCYDIG,12,4,4,2,16,6,0.21739130434782608,neutral
IVYYDCVV,27,12,12,12,39,24,0.21739130434782608,neutral
CICCVNSC,10,6,4,2,16,6,0.21739130434782608,neutral
CNFCCVID,10,6,2,4,16,6,0.21739130434782608,neutral
IRFRYCFD,13,3,3,3,16,6,0.21739130434782608,neutral
GCLDDRFN,8,8,3,3,16,6,0.21739130434782608,neutral
YYRYSLCN,87,76,52,69,163,121,0.21761658031088082,neutral
SGFYISCC,64,53,45,40,117,85,0.21768707482993196,neutral
GVCGGGSG,51,43,33,34,94,67,0.21774193548387097,neutral
DISLVCNC,38,33,22,27,71,49,0.21782178217821782,neutral
HCYNHYFF,45,26,21,28,71,49,0.21782178217821782,neutral
NFRVLDIC,94,78,59,69,172,128,0.21782178217821782,neutral
FDSFNLCL,28,20,20,11,48,31,0.21794871794871795,neutral
IIVCRRSD,28,20,16,15,48,31,0.21794871794871795,neutral
LCGFGIDS,25,23,11,20,48,31,0.21794871794871795,neutral
RFGFSFRD,29,19,15,16,48,31,0.21794871794871795,neutral
YYGCGFSL,33,15,16,15,48,31,0.21794871794871795,neutral
FFVLCGNG,30,18,16,15,48,31,0.21794871794871795,neutral
CCHSHVRC,61,42,35,39,103,74,0.21804511278195488,neutral
HIYNLISI,15,10,3,10,25,13,0.21818181818181817,neutral
YRVCYGFR,19,6,7,6,25,13,0.21818181818181817,neutral
FHRLCSVG,15,10,4,9,25,13,0.21818181818181817,neutral
HDGCYYDD,19,6,8,5,25,13,0.21818181818181817,neutral
LIDDCYYH,22,3,5,8,25,13,0.21818181818181817,neutral
FGVRYNCG,14,11,3,10,25,13,0.21818181818181817,neutral
SCINCCLV,20,5,8,5,25,13,0.21818181818181817,neutral
CFFHVVYH,17,8,8,5,25,13,0.21818181818181817,neutral
FFFGCGFH,10,15,7,6,25,13,0.21818181818181817,neutral
LVCCNIRL,19,6,4,9,25,13,0.21818181818181817,neutral
LSDVVVFV,46,34,29,27,80,56,0.21818181818181817,neutral
RSFLFCDC,35,22,17,21,57,38,0.21839080459770116,neutral
FDVGVYVL,33,24,23,15,57,38,0.21839080459770116,neutral
FGLLNIHR,37,20,16,22,57,38,0.21839080459770116,neutral
LYCRHDSC,37,20,14,24,57,38,0.21839080459770116,neutral
HVGVLGGF,32,25,19,19,57,38,0.21839080459770116,neutral
FYDCVGDN,36,21,18,20,57,38,0.21839080459770116,neutral
CVSIVSFV,37,20,16,22,57,38,0.21839080459770116,neutral
CHGCISSR,38,19,13,25,57,38,0.21839080459770116,neutral
VVGFCDVG,32,25,11,27,57,38,0.21839080459770116,neutral
RCSICSHR,53,36,29,34,89,63,0.2184873949579832,neutral
FCCNVISV,70,51,43,45,121,88,0.2185430463576159,neutral
HFGFRFSC,83,70,51,62,153,113,0.2185792349726776,neutral
LDFNFFLN,24,10,9,11,34,20,0.21875,neutral
FGVFGFGN,14,20,10,10,34,20,0.21875,neutral
VFVGNGGG,34,32,20,25,66,45,0.21875,neutral
CRLSGGCC,16,18,12,8,34,20,0.21875,neutral
FVVCLDRG,17,17,11,9,34,20,0.21875,neutral
FGFHGFVI,20,14,10,10,34,20,0.21875,neutral
SDCCYSHV,25,9,7,13,34,20,0.21875,neutral
CHNCVLDS,22,12,11,9,34,20,0.21875,neutral
FYYCSRYV,23,11,10,10,34,20,0.21875,neutral
CFDGRIYV,37,29,28,17,66,45,0.21875,neutral
LCFNFRFS,19,15,7,13,34,20,0.21875,neutral
GGCGCRCG,19,15,9,11,34,20,0.21875,neutral
DCCVGCVY,19,15,13,7,34,20,0.21875,neutral
GYVGDGVN,20,14,10,10,34,20,0.21875,neutral
YGDFLCYN,22,12,9,11,34,20,0.21875,neutral
DCISYVLH,23,11,14,6,34,20,0.21875,neutral
FFCFIVLV,20,14,9,11,34,20,0.21875,neutral
VSVRVHLC,26,8,14,6,34,20,0.21875,neutral
VGCDCVRY,17,17,9,11,34,20,0.21875,neutral
GRYCGGGN,40,26,21,24,66,45,0.21875,neutral
CNGCVRDL,21,13,10,10,34,20,0.21875,neutral
GLGHFDGL,42,24,23,22,66,45,0.21875,neutral
YDLCVGND,17,17,10,10,34,20,0.21875,neutral
RHYIRVCG,21,13,7,13,34,20,0.21875,neutral
LIRFNLGL,61,46,37,40,107,77,0.21897810218978103,neutral
IDCYSFCV,43,32,35,17,75,52,0.21904761904761905,neutral
YGNHDIIG,46,29,27,25,75,52,0.21904761904761905,neutral
GFSCCRDI,47,28,23,29,75,52,0.21904761904761905,neutral
VYRVGGCC,79,69,51,58,148,109,0.21910112359550563,neutral
FYGGCFYL,27,16,11,16,43,27,0.2191780821917808,neutral
CGSVFVDC,22,21,15,12,43,27,0.2191780821917808,neutral
SFVFCSIV,23,20,12,15,43,27,0.2191780821917808,neutral
LCVNDVGI,29,14,14,13,43,27,0.2191780821917808,neutral
CYRYHSHF,30,13,13,14,43,27,0.2191780821917808,neutral
IFYYYGFR,27,16,13,14,43,27,0.2191780821917808,neutral
FGLICFGV,29,14,18,9,43,27,0.2191780821917808,neutral
LHFGCVVF,27,16,14,13,43,27,0.2191780821917808,neutral
GSYHVRID,30,13,15,12,43,27,0.2191780821917808,neutral
CSNGLCSI,30,13,14,13,43,27,0.2191780821917808,neutral
FFGFVSIH,28,15,9,18,43,27,0.2191780821917808,neutral
FYLISGRL,30,13,16,11,43,27,0.2191780821917808,neutral
FFNSVCNF,30,13,14,13,43,27,0.2191780821917808,neutral
VNVLHGCG,28,15,17,10,43,27,0.2191780821917808,neutral
HVCNFNRL,85,72,61,55,157,116,0.2192513368983957,neutral
RISYFSII,44,40,27,32,84,59,0.21929824561403508,neutral
SNFDDSYS,50,34,22,37,84,59,0.21929824561403508,neutral
RCGHCRVL,51,33,29,30,84,59,0.21929824561403508,neutral
LNCCRGLI,47,37,29,30,84,59,0.21929824561403508,neutral
FVVSYGIF,7,4,1,1,11,2,0.21951219512195122,neutral
CICFVLYF,7,4,2,0,11,2,0.21951219512195122,neutral
IICFVFVF,7,4,0,2,11,2,0.21951219512195122,neutral
LIFGCICF,5,6,0,2,11,2,0.21951219512195122,neutral
VFVIRGLL,4,7,1,1,11,2,0.21951219512195122,neutral
LCFFICGC,9,2,1,1,11,2,0.21951219512195122,neutral
CCYIVCYC,8,3,1,1,11,2,0.21951219512195122,neutral
NYFSISCS,32,20,20,14,52,34,0.21951219512195122,neutral
CVILFFDC,6,5,1,1,11,2,0.21951219512195122,neutral
LSRCGVGY,6,5,2,0,11,2,0.21951219512195122,neutral
IIVVCVIG,8,3,2,0,11,2,0.21951219512195122,neutral
FVLNHCSG,34,18,24,10,52,34,0.21951219512195122,neutral
VYGLGVRF,34,18,18,16,52,34,0.21951219512195122,neutral
CNCCCILI,4,7,1,1,11,2,0.21951219512195122,neutral
LSLVYSGY,27,25,9,25,52,34,0.21951219512195122,neutral
YYIGRRFV,9,2,1,1,11,2,0.21951219512195122,neutral
VYFDICYF,35,17,23,11,52,34,0.21951219512195122,neutral
FLNCIFCC,9,2,1,1,11,2,0.21951219512195122,neutral
VYVLRCRY,7,4,1,1,11,2,0.21951219512195122,neutral
FFCNFIFY,5,6,1,1,11,2,0.21951219512195122,neutral
FGDHCCCV,26,26,14,20,52,34,0.21951219512195122,neutral
VYYIDYVC,35,17,15,19,52,34,0.21951219512195122,neutral
ICDCRSCV,8,3,0,2,11,2,0.21951219512195122,neutral
LVFFIRYI,7,4,0,2,11,2,0.21951219512195122,neutral
IFLFSYYR,8,3,2,0,11,2,0.21951219512195122,neutral
FFYFCLCY,9,2,1,1,11,2,0.21951219512195122,neutral
FFCYFGYN,6,5,0,2,11,2,0.21951219512195122,neutral
YCIFVRVY,8,3,0,2,11,2,0.21951219512195122,neutral
CYVDFDCV,8,3,1,1,11,2,0.21951219512195122,neutral
FYRHSGDY,6,5,2,0,11,2,0.21951219512195122,neutral
VRYRCGFR,6,5,2,0,11,2,0.21951219512195122,neutral
CNICLCCC,8,3,0,2,11,2,0.21951219512195122,neutral
CVGYCVCF,9,2,0,2,11,2,0.21951219512195122,neutral
FFFLCGGY,7,4,1,1,11,2,0.21951219512195122,neutral
FYSGICRL,8,3,0,2,11,2,0.21951219512195122,neutral
HNRYVLCI,34,18,21,13,52,34,0.21951219512195122,neutral
GFYFVVRS,7,4,2,0,11,2,0.21951219512195122,neutral
DCFVCFYH,9,2,1,1,11,2,0.21951219512195122,neutral
IRNILFCR,33,19,13,21,52,34,0.21951219512195122,neutral
RCVVFCGR,39,22,20,21,61,41,0.21978021978021978,neutral
YNNGCYYF,37,24,18,23,61,41,0.21978021978021978,neutral
CIDGVDFF,30,31,20,21,61,41,0.21978021978021978,neutral
FRDIGFIG,40,21,19,22,61,41,0.21978021978021978,neutral
VCFNVGIF,39,22,16,25,61,41,0.21978021978021978,neutral
RVSYRGFG,34,27,22,19,61,41,0.21978021978021978,neutral
FSCLCDLF,34,27,18,23,61,41,0.21978021978021978,neutral
NFHFRRHH,40,21,17,24,61,41,0.21978021978021978,neutral
RRDGFFCF,36,25,26,15,61,41,0.21978021978021978,neutral
YSFLRFIN,38,23,17,24,61,41,0.21978021978021978,neutral
FDNVSNLD,62,49,34,46,111,80,0.2198581560283688,neutral
HFVIHING,9,11,4,5,20,9,0.22,neutral
FNIFNGCF,15,5,3,6,20,9,0.22,neutral
LDYCSVCY,10,10,4,5,20,9,0.22,neutral
LDYDNIGH,41,29,17,31,70,48,0.22,neutral
VFICCFGS,11,9,4,5,20,9,0.22,neutral
VCHGFIVV,40,30,25,23,70,48,0.22,neutral
RFCVGDCC,37,33,23,25,70,48,0.22,neutral
LIRYYLVR,12,8,6,3,20,9,0.22,neutral
FFLRGCCY,13,7,3,6,20,9,0.22,neutral
CNFFFDDV,12,8,2,7,20,9,0.22,neutral
RCICCVHL,12,8,3,6,20,9,0.22,neutral
VCIGIHCY,19,1,5,4,20,9,0.22,neutral
CDSFCDGV,15,5,5,4,20,9,0.22,neutral
YLDSIIVF,10,10,4,5,20,9,0.22,neutral
CCFFRGGS,13,7,3,6,20,9,0.22,neutral
FGFLVCRS,14,6,6,3,20,9,0.22,neutral
FGCIFIDV,13,7,6,3,20,9,0.22,neutral
FILRCVNH,10,10,5,4,20,9,0.22,neutral
CLDIDFGI,42,28,21,27,70,48,0.22,neutral
LSFCYSYF,12,8,3,6,20,9,0.22,neutral
YNLCSCHY,11,9,3,6,20,9,0.22,neutral
CSILCRGL,15,5,3,6,20,9,0.22,neutral
HCCVIYNC,12,8,2,7,20,9,0.22,neutral
CLGIFCYG,15,5,6,3,20,9,0.22,neutral
RHLRCCLH,41,29,22,26,70,48,0.22,neutral
NGFYLDRH,10,10,2,7,20,9,0.22,neutral
IYDFYCVD,15,5,7,2,20,9,0.22,neutral
FFDRFFID,17,3,1,8,20,9,0.22,neutral
HCRCVDVS,44,26,21,27,70,48,0.22,neutral
FFVFDFGS,15,5,4,5,20,9,0.22,neutral
FFYSDYFH,13,7,3,6,20,9,0.22,neutral
GSGRCSFF,14,6,0,9,20,9,0.22,neutral
YHFYCSLR,13,7,4,5,20,9,0.22,neutral
GRIVCHVH,9,11,6,3,20,9,0.22,neutral
CISSVRYH,15,5,6,3,20,9,0.22,neutral
CSRYLDNV,12,8,2,7,20,9,0.22,neutral
GICYGHHL,39,31,26,22,70,48,0.22,neutral
INCDICVD,38,32,23,25,70,48,0.22,neutral
ILYFHGGH,9,11,6,3,20,9,0.22,neutral
HYCFDLFF,14,6,3,6,20,9,0.22,neutral
HVHYSINF,12,8,5,4,20,9,0.22,neutral
FVYIGVID,10,10,2,7,20,9,0.22,neutral
FLSNCVDG,45,34,25,30,79,55,0.22018348623853212,neutral
GRICDCIL,48,31,22,33,79,55,0.22018348623853212,neutral
FVRFHSVN,78,60,52,49,138,101,0.22023809523809523,neutral
FGRCSFDV,19,10,6,10,29,16,0.22033898305084745,neutral
LIDFSRGL,53,35,37,25,88,62,0.22033898305084745,neutral
IISGYHVV,22,7,9,7,29,16,0.22033898305084745,neutral
YGFCFSDD,20,9,8,8,29,16,0.22033898305084745,neutral
DRRNCDII,22,7,8,8,29,16,0.22033898305084745,neutral
CSGVCYVI,21,8,8,8,29,16,0.22033898305084745,neutral
CGGIGSYV,52,36,34,28,88,62,0.22033898305084745,neutral
YYSFGICC,21,8,10,6,29,16,0.22033898305084745,neutral
YHCCGIHI,19,10,10,6,29,16,0.22033898305084745,neutral
LCFFSFGN,19,10,5,11,29,16,0.22033898305084745,neutral
NCRFCIGG,52,36,30,32,88,62,0.22033898305084745,neutral
VCVRIGVV,19,10,9,7,29,16,0.22033898305084745,neutral
INHIVRYG,17,12,6,10,29,16,0.22033898305084745,neutral
LGCGCLVH,17,12,10,6,29,16,0.22033898305084745,neutral
NSCGIFGL,19,10,8,8,29,16,0.22033898305084745,neutral
IYDFSVYY,13,16,11,5,29,16,0.22033898305084745,neutral
FHVVIGRC,18,11,7,9,29,16,0.22033898305084745,neutral
FNGCDCYD,15,14,4,12,29,16,0.22033898305084745,neutral
GHCCCDNF,15,14,9,7,29,16,0.22033898305084745,neutral
RNSHDCGF,15,14,12,4,29,16,0.22033898305084745,neutral
CFISRCGC,15,14,10,6,29,16,0.22033898305084745,neutral
FCGYSGFF,14,15,8,8,29,16,0.22033898305084745,neutral
GGYSRVFV,53,35,38,24,88,62,0.22033898305084745,neutral
HLSLVCRC,54,43,41,28,97,69,0.2204724409448819,neutral
DCNCCDRL,23,15,13,10,38,23,0.22058823529411764,neutral
CVDVCLDV,25,13,7,16,38,23,0.22058823529411764,neutral
IILGYGGD,24,14,12,11,38,23,0.22058823529411764,neutral
YYVGVRDV,27,11,4,19,38,23,0.22058823529411764,neutral
LLSCHICL,21,17,12,11,38,23,0.22058823529411764,neutral
CDYRCNHI,23,15,12,11,38,23,0.22058823529411764,neutral
SHCFGGHF,24,14,9,14,38,23,0.22058823529411764,neutral
CDLLGGGS,23,15,8,15,38,23,0.22058823529411764,neutral
RHFSCGHG,59,47,35,41,106,76,0.22058823529411764,neutral
HGCIRVLY,59,47,31,45,106,76,0.22058823529411764,neutral
CFCGVFNG,24,14,14,9,38,23,0.22058823529411764,neutral
CDVLSGCL,21,17,7,16,38,23,0.22058823529411764,neutral
FYYCFVGS,19,19,12,11,38,23,0.22058823529411764,neutral
NFVSVRYV,24,14,10,13,38,23,0.22058823529411764,neutral
FRNGGCLR,26,21,18,12,47,30,0.22077922077922077,neutral
LFCYDSVC,28,19,12,18,47,30,0.22077922077922077,neutral
VFCGDCGH,23,24,15,15,47,30,0.22077922077922077,neutral
CYCDGLGH,28,19,14,16,47,30,0.22077922077922077,neutral
FVGSVCVR,32,15,19,11,47,30,0.22077922077922077,neutral
CFIVHRVR,32,15,17,13,47,30,0.22077922077922077,neutral
CLSYLILL,29,18,17,13,47,30,0.22077922077922077,neutral
RSGDFRGG,21,26,12,18,47,30,0.22077922077922077,neutral
NYCCLIVH,31,16,11,19,47,30,0.22077922077922077,neutral
FCIFRFDS,33,14,16,14,47,30,0.22077922077922077,neutral
FCYGVSHI,24,23,13,17,47,30,0.22077922077922077,neutral
YRCCVIGV,29,27,22,15,56,37,0.22093023255813954,neutral
DCGVCFCV,30,26,15,22,56,37,0.22093023255813954,neutral
CNVRCRIC,30,26,15,22,56,37,0.22093023255813954,neutral
YNCNIRCG,32,24,16,21,56,37,0.22093023255813954,neutral
CINFFCGI,34,22,18,19,56,37,0.22093023255813954,neutral
SNHDYLFD,83,68,57,54,151,111,0.22099447513812154,neutral
IHLRDNYV,40,25,16,28,65,44,0.22105263157894736,neutral
YCRNGRGY,42,23,27,17,65,44,0.22105263157894736,neutral
IILYGLDV,40,25,19,25,65,44,0.22105263157894736,neutral
CFLVSCGS,36,29,19,25,65,44,0.22105263157894736,neutral
LVCIGFSS,42,23,16,28,65,44,0.22105263157894736,neutral
FFDLVCYL,39,26,20,24,65,44,0.22105263157894736,neutral
IDHYVSDH,39,26,21,23,65,44,0.22105263157894736,neutral
FFVCSGCG,38,27,21,23,65,44,0.22105263157894736,neutral
CHNVLLFC,37,37,18,33,74,51,0.22115384615384615,neutral
GFLDHVCG,46,28,20,31,74,51,0.22115384615384615,neutral
RSHGDIFS,50,33,25,33,83,58,0.22123893805309736,neutral
VCHCDVCC,47,36,26,32,83,58,0.22123893805309736,neutral
YGIGSSLG,45,38,26,32,83,58,0.22123893805309736,neutral
ICCIHGVD,61,49,44,35,110,79,0.22142857142857142,neutral
VYCGGCCF,9,6,3,2,15,5,0.2222222222222222,neutral
RRRVIVLR,9,6,1,4,15,5,0.2222222222222222,neutral
YIGHRFDL,19,14,8,11,33,19,0.2222222222222222,neutral
VCYVNCFD,26,7,9,10,33,19,0.2222222222222222,neutral
GCYDSNYH,31,20,14,19,51,33,0.2222222222222222,neutral
VYFIVFHF,10,5,2,3,15,5,0.2222222222222222,neutral
VYFISGCL,20,13,9,10,33,19,0.2222222222222222,neutral
ICSCCVRC,11,4,3,2,15,5,0.2222222222222222,neutral
CFCCLYSH,9,6,2,3,15,5,0.2222222222222222,neutral
CIIFCHDG,23,10,9,10,33,19,0.2222222222222222,neutral
SSFNCVFC,24,9,8,11,33,19,0.2222222222222222,neutral
CFSCLVDV,7,8,2,3,15,5,0.2222222222222222,neutral
ICDSCSCF,13,11,4,8,24,12,0.2222222222222222,neutral
FCSDHIDG,24,9,7,12,33,19,0.2222222222222222,neutral
VSSCFIIR,17,7,3,9,24,12,0.2222222222222222,neutral
VISFGCSI,18,15,7,12,33,19,0.2222222222222222,neutral
CICSCCDD,32,19,13,20,51,33,0.2222222222222222,neutral
FHCNIFGF,44,25,20,27,69,47,0.2222222222222222,neutral
CRRLCGFR,43,35,29,25,78,54,0.2222222222222222,neutral
DYSGLCVG,44,34,30,24,78,54,0.2222222222222222,neutral
VYGFVCYH,22,11,7,12,33,19,0.2222222222222222,neutral
FCDVHCFF,14,10,7,5,24,12,0.2222222222222222,neutral
VFVCRHRF,13,11,6,6,24,12,0.2222222222222222,neutral
SCYVLGVI,30,12,9,17,42,26,0.2222222222222222,neutral
DFSSGNGG,19,14,8,11,33,19,0.2222222222222222,neutral
YFCCGDLS,13,11,4,8,24,12,0.2222222222222222,neutral
DLGVHYYG,38,31,30,17,69,47,0.2222222222222222,neutral
GCRCIVSC,15,9,4,8,24,12,0.2222222222222222,neutral
NDCLRSFR,30,12,12,14,42,26,0.2222222222222222,neutral
GYCYFVVD,24,18,13,13,42,26,0.2222222222222222,neutral
FLFCCFCS,20,4,6,6,24,12,0.2222222222222222,neutral
FIVCGCVR,23,10,10,9,33,19,0.2222222222222222,neutral
NFHDYGGI,7,8,2,3,15,5,0.2222222222222222,neutral
CGCLYGNG,15,9,9,3,24,12,0.2222222222222222,neutral
YCGGFCFC,16,8,6,6,24,12,0.2222222222222222,neutral
YRFRCYGD,35,16,23,10,51,33,0.2222222222222222,neutral
FLFCCVNR,27,15,13,13,42,26,0.2222222222222222,neutral
IYVINCCC,12,3,1,4,15,5,0.2222222222222222,neutral
LFCFFCSY,6,9,0,5,15,5,0.2222222222222222,neutral
YNIVDICN,10,5,2,3,15,5,0.2222222222222222,neutral
FVVGVCGI,40,29,17,30,69,47,0.2222222222222222,neutral
FGVFCNYH,11,4,2,3,15,5,0.2222222222222222,neutral
YYHCVCGD,9,6,2,3,15,5,0.2222222222222222,neutral
CVFGCVNL,17,7,6,6,24,12,0.2222222222222222,neutral
VYVRHNRH,45,33,22,32,78,54,0.2222222222222222,neutral
IDCVYYGI,31,20,8,25,51,33,0.2222222222222222,neutral
YSLRCFFD,17,7,7,5,24,12,0.2222222222222222,neutral
GRYHCCLD,26,16,13,13,42,26,0.2222222222222222,neutral
DIVDHHRY,16,8,7,5,24,12,0.2222222222222222,neutral
SSHCYNFC,13,2,3,2,15,5,0.2222222222222222,neutral
FYGNSVYV,18,6,7,5,24,12,0.2222222222222222,neutral
HFFRCDCN,38,31,22,25,69,47,0.2222222222222222,neutral
IGCNYCDS,30,12,12,14,42,26,0.2222222222222222,neutral
FVYCGRGN,14,10,3,9,24,12,0.2222222222222222,neutral
LNCLRGLF,38,22,19,21,60,40,0.2222222222222222,neutral
GCDVCFCY,20,13,9,10,33,19,0.2222222222222222,neutral
YCDCRFHH,21,3,8,4,24,12,0.2222222222222222,neutral
YDDVSYYN,11,4,1,4,15,5,0.2222222222222222,neutral
FFDFCGCL,30,21,21,12,51,33,0.2222222222222222,neutral
LFDGCIYH,25,17,10,16,42,26,0.2222222222222222,neutral
NIVIRVCH,10,5,4,1,15,5,0.2222222222222222,neutral
VHHGGCLY,17,16,5,14,33,19,0.2222222222222222,neutral
NSFFCRLG,24,9,9,10,33,19,0.2222222222222222,neutral
GICSIYHC,48,30,28,26,78,54,0.2222222222222222,neutral
VVCSCDDC,35,25,15,25,60,40,0.2222222222222222,neutral
IVGYYCRG,37,23,25,15,60,40,0.2222222222222222,neutral
YGNCVGHL,42,27,24,23,69,47,0.2222222222222222,neutral
CVVGVCDY,11,4,2,3,15,5,0.2222222222222222,neutral
FCFGNCCC,6,9,2,3,15,5,0.2222222222222222,neutral
VGGRLCFI,27,15,15,11,42,26,0.2222222222222222,neutral
FDYIRFVH,21,12,10,9,33,19,0.2222222222222222,neutral
FYNYSGVC,10,5,2,3,15,5,0.2222222222222222,neutral
CSSGLVYY,9,6,3,2,15,5,0.2222222222222222,neutral
RCVNVDDF,34,26,25,15,60,40,0.2222222222222222,neutral
VHFFGNYH,10,5,2,3,15,5,0.2222222222222222,neutral
CVCHFSVY,9,6,3,2,15,5,0.2222222222222222,neutral
CYGVSYDH,19,5,6,6,24,12,0.2222222222222222,neutral
YLIGVGDC,24,9,8,11,33,19,0.2222222222222222,neutral
GFLCHLGV,24,9,13,6,33,19,0.2222222222222222,neutral
NFYSCVGR,18,6,5,7,24,12,0.2222222222222222,neutral
VRFNFGVI,48,30,27,27,78,54,0.2222222222222222,neutral
VHSCDSFI,17,7,4,8,24,12,0.2222222222222222,neutral
DYRVYDGL,14,1,3,2,15,5,0.2222222222222222,neutral
FCGGNYIH,10,5,1,4,15,5,0.2222222222222222,neutral
CLYVSVYH,8,7,2,3,15,5,0.2222222222222222,neutral
LCFGLCYH,17,7,4,8,24,12,0.2222222222222222,neutral
CYGLRSYV,8,7,3,2,15,5,0.2222222222222222,neutral
GNRGFVCD,36,24,25,15,60,40,0.2222222222222222,neutral
VYGSFDYG,16,17,6,13,33,19,0.2222222222222222,neutral
ICRICGGH,11,4,5,0,15,5,0.2222222222222222,neutral
FVSRFCVC,40,29,26,21,69,47,0.2222222222222222,neutral
SVYFFCGS,7,8,3,2,15,5,0.2222222222222222,neutral
CRSIHYFF,9,6,2,3,15,5,0.2222222222222222,neutral
CCVDRFNV,38,22,18,22,60,40,0.2222222222222222,neutral
DSFVIFCC,13,2,1,4,15,5,0.2222222222222222,neutral
FCVVFCGD,10,5,3,2,15,5,0.2222222222222222,neutral
VCVIFHRD,26,16,13,13,42,26,0.2222222222222222,neutral
FCYYCDGC,6,9,3,2,15,5,0.2222222222222222,neutral
VVFVDVRV,13,11,9,3,24,12,0.2222222222222222,neutral
ISFRVFRV,22,11,8,11,33,19,0.2222222222222222,neutral
CDCGYYVV,24,18,11,15,42,26,0.2222222222222222,neutral
LVFRHHVY,19,5,3,9,24,12,0.2222222222222222,neutral
FFFGSGVG,17,7,6,6,24,12,0.2222222222222222,neutral
HRCFCVHV,18,6,7,5,24,12,0.2222222222222222,neutral
FCVININH,19,14,9,10,33,19,0.2222222222222222,neutral
CCDGFLCY,12,3,4,1,15,5,0.2222222222222222,neutral
CVCNISGC,19,14,8,11,33,19,0.2222222222222222,neutral
FGVVHGHG,9,6,2,3,15,5,0.2222222222222222,neutral
FFCDCDHY,11,4,0,5,15,5,0.2222222222222222,neutral
FFHCLVGC,32,19,17,16,51,33,0.2222222222222222,neutral
YVVFRGVL,21,12,12,7,33,19,0.2222222222222222,neutral
GDLRIDGG,43,26,22,25,69,47,0.2222222222222222,neutral
VDCIYSSF,28,14,13,13,42,26,0.2222222222222222,neutral
HFGFIGRL,30,12,13,13,42,26,0.2222222222222222,neutral
CFCRIVRN,18,6,5,7,24,12,0.2222222222222222,neutral
IYDIFDIS,48,30,33,21,78,54,0.2222222222222222,neutral
CDVDRGYS,68,50,46,39,118,85,0.22297297297297297,neutral
HHGCIGNF,53,38,26,38,91,64,0.2231404958677686,neutral
HNFRDIVH,50,32,33,24,82,57,0.22321428571428573,neutral
IDCFIYYI,45,37,20,37,82,57,0.22321428571428573,neutral
CCIRDLGI,44,29,22,28,73,50,0.22330097087378642,neutral
IFNGIVCR,46,27,27,23,73,50,0.22330097087378642,neutral
IVSVVNFV,46,27,22,28,73,50,0.22330097087378642,neutral
NIFYIGGD,44,29,25,25,73,50,0.22330097087378642,neutral
LCGRFNVI,37,27,27,16,64,43,0.22340425531914893,neutral
FIGCSHIC,33,31,25,18,64,43,0.22340425531914893,neutral
GYVRIHRR,40,24,15,28,64,43,0.22340425531914893,neutral
LYHYGFRD,34,21,19,17,55,36,0.2235294117647059,neutral
VRCGNCVH,33,22,18,18,55,36,0.2235294117647059,neutral
CHYLFNGH,34,21,14,22,55,36,0.2235294117647059,neutral
VGFSVLSF,36,19,17,19,55,36,0.2235294117647059,neutral
CFDVIGIF,35,20,20,16,55,36,0.2235294117647059,neutral
FRGFGVHN,36,19,21,15,55,36,0.2235294117647059,neutral
RVCIRYGL,30,25,21,15,55,36,0.2235294117647059,neutral
LYYSFVSC,26,20,13,16,46,29,0.2236842105263158,neutral
NIVCGGLH,22,24,16,13,46,29,0.2236842105263158,neutral
VHCFDSFD,26,20,6,23,46,29,0.2236842105263158,neutral
LLDGLVGF,30,16,15,14,46,29,0.2236842105263158,neutral
YDCFCGGF,32,14,16,13,46,29,0.2236842105263158,neutral
CVVDSFCV,23,23,15,14,46,29,0.2236842105263158,neutral
CCVVCGFD,30,16,11,18,46,29,0.2236842105263158,neutral
LLDVGIVY,22,24,9,20,46,29,0.2236842105263158,neutral
GCRGDGFC,65,48,38,43,113,81,0.22377622377622378,neutral
CVGNSCVC,65,48,40,41,113,81,0.22377622377622378,neutral
DGFCCGGL,63,50,37,44,113,81,0.22377622377622378,neutral
YCLRGGVF,26,11,14,8,37,22,0.22388059701492538,neutral
RISYVVRC,24,13,10,12,37,22,0.22388059701492538,neutral
CFSVLCVN,26,11,12,10,37,22,0.22388059701492538,neutral
SGDVSVCF,23,14,10,12,37,22,0.22388059701492538,neutral
CGHSCFGD,26,11,11,11,37,22,0.22388059701492538,neutral
YDDIFFCV,21,16,11,11,37,22,0.22388059701492538,neutral
FCLSRIIV,21,16,9,13,37,22,0.22388059701492538,neutral
ICCSYLNY,18,19,9,13,37,22,0.22388059701492538,neutral
VIGCVHCF,24,13,11,11,37,22,0.22388059701492538,neutral
SCVFSGYR,25,12,10,12,37,22,0.22388059701492538,neutral
VVHYRYSN,21,16,11,11,37,22,0.22388059701492538,neutral
FYCCNILH,20,17,10,12,37,22,0.22388059701492538,neutral
FHFISRRC,26,11,12,10,37,22,0.22388059701492538,neutral
RYYGVVLG,23,14,12,10,37,22,0.22388059701492538,neutral
YVSINDGY,25,12,6,16,37,22,0.22388059701492538,neutral
YSDLCGHN,23,14,7,15,37,22,0.22388059701492538,neutral
LVRFSCRL,21,16,7,15,37,22,0.22388059701492538,neutral
FFYFHSFD,21,16,7,15,37,22,0.22388059701492538,neutral
CDRCDCCG,28,9,8,14,37,22,0.22388059701492538,neutral
FFFCNVCH,23,14,9,13,37,22,0.22388059701492538,neutral
RGCLHYYI,22,15,11,11,37,22,0.22388059701492538,neutral
CFVHRVFG,19,9,6,9,28,15,0.22413793103448276,neutral
VHLLCGCN,16,12,7,8,28,15,0.22413793103448276,neutral
IFDSVCLC,19,9,5,10,28,15,0.22413793103448276,neutral
IHRCCYVH,19,9,7,8,28,15,0.22413793103448276,neutral
RFSDVGFI,15,13,6,9,28,15,0.22413793103448276,neutral
RYVCFCRG,20,8,8,7,28,15,0.22413793103448276,neutral
VCCFGNLV,19,9,8,7,28,15,0.22413793103448276,neutral
FFYGGVVL,18,10,12,3,28,15,0.22413793103448276,neutral
VFLGLYSN,19,9,9,6,28,15,0.22413793103448276,neutral
VIDRLFFL,15,13,10,5,28,15,0.22413793103448276,neutral
FCVLSCIV,17,11,7,8,28,15,0.22413793103448276,neutral
FIVGILYD,21,7,10,5,28,15,0.22413793103448276,neutral
LDSFFVCL,23,5,7,8,28,15,0.22413793103448276,neutral
FFIVYDVF,19,9,7,8,28,15,0.22413793103448276,neutral
FFRCFDYR,20,8,7,8,28,15,0.22413793103448276,neutral
FFFLHRGG,15,13,9,6,28,15,0.22413793103448276,neutral
CHNNVHDL,20,8,8,7,28,15,0.22413793103448276,neutral
VYDCCCFD,18,10,8,7,28,15,0.22413793103448276,neutral
VLNRSGVF,16,12,5,10,28,15,0.22413793103448276,neutral
HFVHICGF,19,9,7,8,28,15,0.22413793103448276,neutral
CHLCFNIG,18,10,6,9,28,15,0.22413793103448276,neutral
FCIFDISC,21,7,7,8,28,15,0.22413793103448276,neutral
YYVSVGGR,20,8,8,7,28,15,0.22413793103448276,neutral
LCCSYVRV,16,12,9,6,28,15,0.22413793103448276,neutral
YSCFCVGH,20,8,6,9,28,15,0.22413793103448276,neutral
FLVHFNYD,48,29,21,32,77,53,0.22429906542056074,neutral
GCDGCDLY,41,36,20,33,77,53,0.22429906542056074,neutral
CYCSRFSI,46,31,24,29,77,53,0.22429906542056074,neutral
FSCGVCVV,48,29,18,35,77,53,0.22429906542056074,neutral
VFGIYGRH,9,10,3,5,19,8,0.22448979591836735,neutral
FSIIFDFC,11,8,6,2,19,8,0.22448979591836735,neutral
RNRYIHLR,38,30,23,23,68,46,0.22448979591836735,neutral
CYNIFLCD,15,4,2,6,19,8,0.22448979591836735,neutral
CCVCGCFF,12,7,4,4,19,8,0.22448979591836735,neutral
CDYCGGRG,12,7,2,6,19,8,0.22448979591836735,neutral
NCDLGFHF,14,5,3,5,19,8,0.22448979591836735,neutral
CLDCCSFH,14,5,5,3,19,8,0.22448979591836735,neutral
RICCCCCV,11,8,5,3,19,8,0.22448979591836735,neutral
NYIICGLG,12,7,3,5,19,8,0.22448979591836735,neutral
FCVDLFCL,13,6,3,5,19,8,0.22448979591836735,neutral
FFCLRVGS,12,7,5,3,19,8,0.22448979591836735,neutral
SHVDYGYC,11,8,6,2,19,8,0.22448979591836735,neutral
FFYGGFVV,42,26,21,25,68,46,0.22448979591836735,neutral
FICDFRYN,8,11,5,3,19,8,0.22448979591836735,neutral
FNCVCFCC,11,8,5,3,19,8,0.22448979591836735,neutral
RFRVDLYG,10,9,3,5,19,8,0.22448979591836735,neutral
YHSHYING,16,3,3,5,19,8,0.22448979591836735,neutral
CCGFYRSF,13,6,3,5,19,8,0.22448979591836735,neutral
GLGCFVHF,14,5,4,4,19,8,0.22448979591836735,neutral
IDLRHGFI,11,8,3,5,19,8,0.22448979591836735,neutral
VGFRLRVS,13,6,3,5,19,8,0.22448979591836735,neutral
NVNCHGYV,42,26,21,25,68,46,0.22448979591836735,neutral
DCFHGNGI,43,25,27,19,68,46,0.22448979591836735,neutral
YGLYYIRG,11,8,4,4,19,8,0.22448979591836735,neutral
VSIFYSHF,10,9,1,7,19,8,0.22448979591836735,neutral
DYVVFCSV,65,52,42,42,117,84,0.22448979591836735,neutral
VFYGLHLS,13,6,4,4,19,8,0.22448979591836735,neutral
IFLGSGVD,11,8,4,4,19,8,0.22448979591836735,neutral
GVCFINSL,36,32,23,23,68,46,0.22448979591836735,neutral
VGLRGSYD,41,27,21,25,68,46,0.22448979591836735,neutral
VNCILYVD,9,10,3,5,19,8,0.22448979591836735,neutral
FFFFFGFD,11,8,4,4,19,8,0.22448979591836735,neutral
VYRCCLGN,37,22,21,18,59,39,0.2247191011235955,neutral
LLFVDGFL,37,22,14,25,59,39,0.2247191011235955,neutral
ICDNRFFS,36,23,19,20,59,39,0.2247191011235955,neutral
CFVCRVRD,38,21,18,21,59,39,0.2247191011235955,neutral
SCSIFFDR,36,23,18,21,59,39,0.2247191011235955,neutral
DYFSFNIL,34,25,17,22,59,39,0.2247191011235955,neutral
YYFRRFSS,58,41,27,43,99,70,0.2248062015503876,neutral
FCSDNVCG,59,40,32,38,99,70,0.2248062015503876,neutral
HSYCYLHV,31,19,13,19,50,32,0.225,neutral
FCFFRCNS,8,2,0,1,10,1,0.225,neutral
VFVFFYVD,7,3,0,1,10,1,0.225,neutral
LHLFNDCD,6,4,1,0,10,1,0.225,neutral
HFYVCFRF,4,6,1,0,10,1,0.225,neutral
CLFFSHVG,54,36,29,34,90,63,0.225,neutral
GCFVIFII,8,2,0,1,10,1,0.225,neutral
YRVHGHFI,8,2,0,1,10,1,0.225,neutral
GCVFVICY,7,3,0,1,10,1,0.225,neutral
HRHIGFVF,3,7,1,0,10,1,0.225,neutral
FDFYRYRR,7,3,0,1,10,1,0.225,neutral
GCFIICRF,7,3,1,0,10,1,0.225,neutral
YIINVVRG,49,41,33,30,90,63,0.225,neutral
DRVCYFGC,30,20,16,16,50,32,0.225,neutral
CSVLIYSV,4,6,0,1,10,1,0.225,neutral
FYFLFGGV,7,3,1,0,10,1,0.225,neutral
FFRSFCDN,34,16,17,15,50,32,0.225,neutral
FYSCSYYF,8,2,1,0,10,1,0.225,neutral
RYNFYGLY,4,6,0,1,10,1,0.225,neutral
GDVSFILL,34,16,17,15,50,32,0.225,neutral
YCFCDGSI,33,17,24,8,50,32,0.225,neutral
GCVVLVRC,8,2,0,1,10,1,0.225,neutral
RCCLRGFD,8,2,0,1,10,1,0.225,neutral
FLCVNDIL,5,5,1,0,10,1,0.225,neutral
NCYVGFFF,7,3,1,0,10,1,0.225,neutral
FYVFSVCY,5,5,1,0,10,1,0.225,neutral
CGCCGIYC,8,2,0,1,10,1,0.225,neutral
CLFCNFSY,6,4,0,1,10,1,0.225,neutral
FYFYYVGI,6,4,0,1,10,1,0.225,neutral
LCCHFFFG,6,4,0,1,10,1,0.225,neutral
FLLGYFVN,7,3,1,0,10,1,0.225,neutral
FYLLCVIF,6,4,0,1,10,1,0.225,neutral
GVFIFCFF,5,5,0,1,10,1,0.225,neutral
VIVSFSLC,7,3,0,1,10,1,0.225,neutral
YICYVFYI,7,3,1,0,10,1,0.225,neutral
FCFCHCRH,4,6,0,1,10,1,0.225,neutral
VYVYNYCF,34,16,15,17,50,32,0.225,neutral
CFFCFFLN,9,1,0,1,10,1,0.225,neutral
VDLLFIFC,6,4,1,0,10,1,0.225,neutral
IFCCHFYV,6,4,0,1,10,1,0.225,neutral
IRVLFFSS,4,6,0,1,10,1,0.225,neutral
DIYVLFLG,5,5,0,1,10,1,0.225,neutral
FLFFFISH,6,4,1,0,10,1,0.225,neutral
FCVICLFI,7,3,0,1,10,1,0.225,neutral
CIIYIVYI,8,2,1,0,10,1,0.225,neutral
IFGVFRYF,6,4,0,1,10,1,0.225,neutral
CIYLCCVG,8,2,1,0,10,1,0.225,neutral
VLIVFLLV,7,3,0,1,10,1,0.225,neutral
YFVLCFFF,5,5,0,1,10,1,0.225,neutral
LIRDFLIR,52,38,34,29,90,63,0.225,neutral
GYGHSSVY,6,4,0,1,10,1,0.225,neutral
FGYRGDCC,7,3,0,1,10,1,0.225,neutral
GCRCLCHV,8,2,1,0,10,1,0.225,neutral
FGCFIYVV,8,2,0,1,10,1,0.225,neutral
CYCRGCCC,6,4,1,0,10,1,0.225,neutral
FYVFFHSF,5,5,0,1,10,1,0.225,neutral
LGCSVNSF,33,17,17,15,50,32,0.225,neutral
FVYLCLCL,4,6,0,1,10,1,0.225,neutral
CFFCVLSR,7,3,1,0,10,1,0.225,neutral
IGVDILNH,49,32,23,33,81,56,0.22522522522522523,neutral
CGGDCISI,49,32,32,24,81,56,0.22522522522522523,neutral
VINSFIDV,29,12,10,15,41,25,0.22535211267605634,neutral
YCNCVVCR,25,16,9,16,41,25,0.22535211267605634,neutral
HIRGLCDC,29,12,14,11,41,25,0.22535211267605634,neutral
CRNVFVGH,30,11,14,11,41,25,0.22535211267605634,neutral
IICGCDFV,27,14,12,13,41,25,0.22535211267605634,neutral
HRCICVSL,27,14,11,14,41,25,0.22535211267605634,neutral
CCFRLSYV,26,15,8,17,41,25,0.22535211267605634,neutral
VVNGGGFV,27,14,7,18,41,25,0.22535211267605634,neutral
YFGIVDVS,27,14,10,15,41,25,0.22535211267605634,neutral
FGSHGDLL,23,18,11,14,41,25,0.22535211267605634,neutral
LGCCGIFV,21,20,8,17,41,25,0.22535211267605634,neutral
DFCDGNYS,25,16,11,14,41,25,0.22535211267605634,neutral
NYSLGDDC,45,27,25,24,72,49,0.22549019607843138,neutral
IVVLGHCL,41,31,26,23,72,49,0.22549019607843138,neutral
LFFGGYDY,42,30,24,25,72,49,0.22549019607843138,neutral
SCVRNGFL,43,29,21,28,72,49,0.22549019607843138,neutral
LVCGYCSH,20,12,8,10,32,18,0.22580645161290322,neutral
DVYGIHHF,25,7,10,8,32,18,0.22580645161290322,neutral
DDSYFDCS,37,26,19,23,63,42,0.22580645161290322,neutral
HRLCSFYG,20,12,7,11,32,18,0.22580645161290322,neutral
IRYLYSNG,22,10,5,13,32,18,0.22580645161290322,neutral
CHSFCLCV,17,15,10,8,32,18,0.22580645161290322,neutral
FFFHHGIS,20,12,8,10,32,18,0.22580645161290322,neutral
LYVNVFHC,21,11,9,9,32,18,0.22580645161290322,neutral
GSFGGNNY,41,22,17,25,63,42,0.22580645161290322,neutral
VFIGVGVR,20,12,7,11,32,18,0.22580645161290322,neutral
VDCGCCID,22,10,7,11,32,18,0.22580645161290322,neutral
DRCFDVGY,19,13,8,10,32,18,0.22580645161290322,neutral
SCGVFFLV,18,14,5,13,32,18,0.22580645161290322,neutral
SFIDCRDC,38,25,22,20,63,42,0.22580645161290322,neutral
RCHLGYVL,40,23,19,23,63,42,0.22580645161290322,neutral
CLCFNDRV,20,12,8,10,32,18,0.22580645161290322,neutral
FGFCSGSY,22,10,9,9,32,18,0.22580645161290322,neutral
YIVGCGGG,36,27,23,19,63,42,0.22580645161290322,neutral
VSLVVRGF,30,33,26,16,63,42,0.22580645161290322,neutral
GFLCLGDV,23,9,11,7,32,18,0.22580645161290322,neutral
NNFYYVGS,20,12,10,8,32,18,0.22580645161290322,neutral
YVCCVCCH,19,13,10,8,32,18,0.22580645161290322,neutral
GFHSIISV,23,9,9,9,32,18,0.22580645161290322,neutral
SFGNCSCG,55,39,35,31,94,66,0.22580645161290322,neutral
LYDRVGVV,48,46,37,29,94,66,0.22580645161290322,neutral
RVHYGDGD,36,27,19,23,63,42,0.22580645161290322,neutral
HFVVYGCG,72,53,38,52,125,90,0.22580645161290322,neutral
LCDSFNII,17,15,11,7,32,18,0.22580645161290322,neutral
YNLCGSCN,40,23,24,18,63,42,0.22580645161290322,neutral
DIHVSFVV,23,9,9,9,32,18,0.22580645161290322,neutral
NNRVFYVI,35,28,19,23,63,42,0.22580645161290322,neutral
FGLIDFVG,21,11,9,9,32,18,0.22580645161290322,neutral
SYFVFGSC,63,53,40,43,116,83,0.22602739726027396,neutral
VRFLCNSD,50,35,31,28,85,59,0.22608695652173913,neutral
LCLLGDHR,46,39,30,29,85,59,0.22608695652173913,neutral
SCSNVIYI,52,33,33,26,85,59,0.22608695652173913,neutral
VYIVGCSG,25,29,21,14,54,35,0.2261904761904762,neutral
ILGFFVGD,27,27,13,22,54,35,0.2261904761904762,neutral
VFLRNHND,33,21,17,18,54,35,0.2261904761904762,neutral
SYRGCFRF,36,18,17,18,54,35,0.2261904761904762,neutral
LRRCGCIH,31,23,17,18,54,35,0.2261904761904762,neutral
CSICLDNH,34,20,18,17,54,35,0.2261904761904762,neutral
IDGRSCVF,36,18,17,18,54,35,0.2261904761904762,neutral
YVSFGGCS,32,22,17,18,54,35,0.2261904761904762,neutral
NFLRINDR,31,23,19,16,54,35,0.2261904761904762,neutral
FCSGLFGF,36,18,14,21,54,35,0.2261904761904762,neutral
CCNSYHIL,33,21,19,16,54,35,0.2261904761904762,neutral
CRRCRVVS,31,23,14,21,54,35,0.2261904761904762,neutral
LCVGCNSL,32,22,13,22,54,35,0.2261904761904762,neutral
DDCSYVCF,36,18,16,19,54,35,0.2261904761904762,neutral
FDGNSCFS,62,45,32,44,107,76,0.22627737226277372,neutral
CLGSGLLC,16,7,5,6,23,11,0.22641509433962265,neutral
CIFRGHYF,12,11,4,7,23,11,0.22641509433962265,neutral
IFLGNVVF,16,7,7,4,23,11,0.22641509433962265,neutral
IDLFRVRL,46,30,26,26,76,52,0.22641509433962265,neutral
FYISFCLH,14,9,8,3,23,11,0.22641509433962265,neutral
FFFDYVFS,15,8,7,4,23,11,0.22641509433962265,neutral
HHLLCLCG,11,12,4,7,23,11,0.22641509433962265,neutral
DHCSCYYH,18,5,8,3,23,11,0.22641509433962265,neutral
HCGVIYGG,46,30,30,22,76,52,0.22641509433962265,neutral
FYGCHGHL,14,9,7,4,23,11,0.22641509433962265,neutral
YYVRRSFG,15,8,4,7,23,11,0.22641509433962265,neutral
CFCRFYYD,15,8,7,4,23,11,0.22641509433962265,neutral
YHRYVGNG,16,7,4,7,23,11,0.22641509433962265,neutral
RICCYLRN,12,11,3,8,23,11,0.22641509433962265,neutral
FVSVVFYD,15,8,8,3,23,11,0.22641509433962265,neutral
FVNFCHSD,15,8,5,6,23,11,0.22641509433962265,neutral
FCFNSCFG,12,11,3,8,23,11,0.22641509433962265,neutral
CSVFDFRL,14,9,5,6,23,11,0.22641509433962265,neutral
SSCGFCSR,12,11,4,7,23,11,0.22641509433962265,neutral
NCGRYIGF,47,29,28,24,76,52,0.22641509433962265,neutral
YYDVGCRF,15,8,4,7,23,11,0.22641509433962265,neutral
CVVRDNVF,12,11,5,6,23,11,0.22641509433962265,neutral
FFHLFYCD,15,8,3,8,23,11,0.22641509433962265,neutral
IFHLLHFG,14,9,8,3,23,11,0.22641509433962265,neutral
CCCDCCYS,11,12,5,6,23,11,0.22641509433962265,neutral
CSCYCVCN,17,6,7,4,23,11,0.22641509433962265,neutral
FCCVGFIH,14,9,8,3,23,11,0.22641509433962265,neutral
YIHCDCGF,16,7,6,5,23,11,0.22641509433962265,neutral
RLVGCFCH,18,5,3,8,23,11,0.22641509433962265,neutral
VCRCILSY,14,9,5,6,23,11,0.22641509433962265,neutral
LFIRDCFG,56,42,31,38,98,69,0.2265625,neutral
LCCNLIYD,57,41,36,33,98,69,0.2265625,neutral
VNGIYNCC,30,15,11,17,45,28,0.22666666666666666,neutral
LNFCRCGG,30,15,15,13,45,28,0.22666666666666666,neutral
FGINYGVG,31,14,11,17,45,28,0.22666666666666666,neutral
HCDFGYII,31,14,18,10,45,28,0.22666666666666666,neutral
LCGCDVRV,67,53,46,40,120,86,0.22666666666666666,neutral
DIRFIVCH,32,13,10,18,45,28,0.22666666666666666,neutral
YYCHFGVI,61,59,43,43,120,86,0.22666666666666666,neutral
CSFCDFRD,30,15,14,14,45,28,0.22666666666666666,neutral
DLDGCGFV,25,20,9,19,45,28,0.22666666666666666,neutral
DLYLRGFV,25,20,8,20,45,28,0.22666666666666666,neutral
HSGLGRFG,29,16,15,13,45,28,0.22666666666666666,neutral
CSFGVCHI,31,14,9,19,45,28,0.22666666666666666,neutral
CHCVYIGN,30,15,10,18,45,28,0.22666666666666666,neutral
SSLGCLYC,79,63,44,59,142,103,0.22674418604651161,neutral
CFGCIGNC,42,25,20,25,67,45,0.2268041237113402,neutral
VNIIRILH,43,24,22,23,67,45,0.2268041237113402,neutral
FGSFVCCR,36,31,19,26,67,45,0.2268041237113402,neutral
ICGGSCSI,42,25,16,29,67,45,0.2268041237113402,neutral
YFYVGVRS,40,27,17,28,67,45,0.2268041237113402,neutral
GHVRDFCH,43,24,23,22,67,45,0.2268041237113402,neutral
LFYGDCNI,50,39,34,28,89,62,0.226890756302521,neutral
LVFVRCDV,50,39,30,32,89,62,0.226890756302521,neutral
GNCFDGYH,64,47,31,48,111,79,0.22695035460992907,neutral
CHRGGDVF,59,52,30,49,111,79,0.22695035460992907,neutral
CIRFGVDH,32,26,16,22,58,38,0.22727272727272727,neutral
CLCCSDCG,8,6,1,3,14,4,0.22727272727272727,neutral
GCRRLCVN,19,17,13,8,36,21,0.22727272727272727,neutral
LRDFYCVC,11,3,0,4,14,4,0.22727272727272727,neutral
GSCNCCLD,23,13,7,14,36,21,0.22727272727272727,neutral
IYDFDYIV,35,23,17,21,58,38,0.22727272727272727,neutral
IYSVDGGY,8,6,3,1,14,4,0.22727272727272727,neutral
FCFCCVCH,10,4,3,1,14,4,0.22727272727272727,neutral
FSFGCFSR,35,23,18,20,58,38,0.22727272727272727,neutral
YLLNFNGN,41,39,21,34,80,55,0.22727272727272727,neutral
FFVSHYNH,8,6,1,3,14,4,0.22727272727272727,neutral
VCFFVCGH,11,3,2,2,14,4,0.22727272727272727,neutral
FDYHLIFD,37,21,15,23,58,38,0.22727272727272727,neutral
GFDCCLYL,23,13,9,12,36,21,0.22727272727272727,neutral
FFCFGCFH,7,7,1,3,14,4,0.22727272727272727,neutral
FFHNCGNH,10,4,2,2,14,4,0.22727272727272727,neutral
CRVGCICY,6,8,0,4,14,4,0.22727272727272727,neutral
YGYVFYGD,7,7,1,3,14,4,0.22727272727272727,neutral
YRYYGVFV,8,6,3,1,14,4,0.22727272727272727,neutral
LVSFCLGV,9,5,2,2,14,4,0.22727272727272727,neutral
CCHDGCYC,13,1,2,2,14,4,0.22727272727272727,neutral
DCVRFHYC,8,6,1,3,14,4,0.22727272727272727,neutral
SFGGSIYR,8,6,2,2,14,4,0.22727272727272727,neutral
CFFNYFFL,10,4,2,2,14,4,0.22727272727272727,neutral
VDYCDNCL,7,7,2,2,14,4,0.22727272727272727,neutral
CHYSCIFD,11,3,1,3,14,4,0.22727272727272727,neutral
HDRYSFVR,15,21,8,13,36,21,0.22727272727272727,neutral
FYRCGDFC,26,10,9,12,36,21,0.22727272727272727,neutral
YIHGGRDH,34,24,23,15,58,38,0.22727272727272727,neutral
CRSFRFSY,8,6,3,1,14,4,0.22727272727272727,neutral
FCCCVSVR,8,6,1,3,14,4,0.22727272727272727,neutral
ILGLLYII,10,4,3,1,14,4,0.22727272727272727,neutral
FDICIRHS,67,48,42,40,115,82,0.22758620689655173,neutral
LDGCDRFH,54,39,28,37,93,65,0.22764227642276422,neutral
ICGSCFND,44,27,24,24,71,48,0.22772277227722773,neutral
VNCGSCCC,44,27,31,17,71,48,0.22772277227722773,neutral
VVCVFSGC,37,34,28,20,71,48,0.22772277227722773,neutral
GCSCVFSF,40,31,26,22,71,48,0.22772277227722773,neutral
FHGNGGSD,43,28,23,25,71,48,0.22772277227722773,neutral
FRFFGGHS,37,34,19,29,71,48,0.22772277227722773,neutral
CFGNCINF,30,19,11,20,49,31,0.22784810126582278,neutral
HCINVFCH,32,17,14,17,49,31,0.22784810126582278,neutral
SCGHYCHV,28,21,14,17,49,31,0.22784810126582278,neutral
FRLFSGDG,27,22,16,15,49,31,0.22784810126582278,neutral
SYVSRHLC,32,17,19,12,49,31,0.22784810126582278,neutral
IDFSILVG,30,19,12,19,49,31,0.22784810126582278,neutral
FSIVDCLF,32,17,13,18,49,31,0.22784810126582278,neutral
FHNRFFGF,26,23,17,14,49,31,0.22784810126582278,neutral
CRHGRYRY,34,15,19,12,49,31,0.22784810126582278,neutral
FFGLSVYH,32,17,14,17,49,31,0.22784810126582278,neutral
CSISYIGI,34,15,10,21,49,31,0.22784810126582278,neutral
ICGFDFID,34,15,19,12,49,31,0.22784810126582278,neutral
FSRFFCGV,54,52,29,46,106,75,0.22794117647058823,neutral
YCIDGYDI,16,11,7,7,27,14,0.22807017543859648,neutral
VYILGNCV,20,7,8,6,27,14,0.22807017543859648,neutral
ICRYVGVV,18,9,11,3,27,14,0.22807017543859648,neutral
NSYRCDRF,18,9,7,7,27,14,0.22807017543859648,neutral
LCGFGVYH,19,8,6,8,27,14,0.22807017543859648,neutral
LGHSRSFF,16,11,10,4,27,14,0.22807017543859648,neutral
SYGCGIGD,50,34,25,33,84,58,0.22807017543859648,neutral
CFLFNRFG,17,10,8,6,27,14,0.22807017543859648,neutral
RRDCFSCG,19,8,9,5,27,14,0.22807017543859648,neutral
FYRGFCIV,17,10,6,8,27,14,0.22807017543859648,neutral
VIFGCVLC,22,5,3,11,27,14,0.22807017543859648,neutral
DHGFYGLR,18,9,5,9,27,14,0.22807017543859648,neutral
YVCFVCRD,14,13,7,7,27,14,0.22807017543859648,neutral
FCSYCLIH,18,9,5,9,27,14,0.22807017543859648,neutral
FCVCCYDS,15,12,6,8,27,14,0.22807017543859648,neutral
LCRCSILG,15,12,9,5,27,14,0.22807017543859648,neutral
GVVSRGFC,13,14,3,11,27,14,0.22807017543859648,neutral
NYYCYLRC,10,17,5,9,27,14,0.22807017543859648,neutral
RYCGSFCV,68,51,38,47,119,85,0.22818791946308725,neutral
LGLGFIVV,39,23,25,16,62,41,0.22826086956521738,neutral
YICSCYRH,38,24,25,16,62,41,0.22826086956521738,neutral
RYCCHSGC,39,23,19,22,62,41,0.22826086956521738,neutral
GYCCGVRD,40,22,18,23,62,41,0.22826086956521738,neutral
CSRHFRHY,40,22,15,26,62,41,0.22826086956521738,neutral
CFYSSVCS,39,23,11,30,62,41,0.22826086956521738,neutral
DSLILCSD,51,46,33,35,97,68,0.2283464566929134,neutral
DYGVLDCG,58,39,26,42,97,68,0.2283464566929134,neutral
CSGVFCSN,50,47,36,32,97,68,0.2283464566929134,neutral
GFNICGHH,56,41,27,41,97,68,0.2283464566929134,neutral
GHVSYFGH,29,11,13,11,40,24,0.22857142857142856,neutral
SGDRGNYG,63,47,35,43,110,78,0.22857142857142856,neutral
GNCGRGCC,26,14,15,9,40,24,0.22857142857142856,neutral
YFRLIGSC,27,13,13,11,40,24,0.22857142857142856,neutral
VCGLYFSY,20,20,10,14,40,24,0.22857142857142856,neutral
LCGFVSCV,22,18,15,9,40,24,0.22857142857142856,neutral
GRCLINYV,25,15,8,16,40,24,0.22857142857142856,neutral
ICFDNCSN,25,15,11,13,40,24,0.22857142857142856,neutral
IFGICFGG,27,13,9,15,40,24,0.22857142857142856,neutral
YRIRDNFI,26,14,11,13,40,24,0.22857142857142856,neutral
IYGGHFRH,24,16,10,14,40,24,0.22857142857142856,neutral
YFGISSCG,43,32,31,20,75,51,0.22857142857142856,neutral
ICHVYCDV,42,33,22,29,75,51,0.22857142857142856,neutral
NCSVFCRR,25,15,11,13,40,24,0.22857142857142856,neutral
SCCVVSCV,28,12,9,15,40,24,0.22857142857142856,neutral
VDFYGGIS,39,36,28,23,75,51,0.22857142857142856,neutral
NFVRDFRC,29,11,14,10,40,24,0.22857142857142856,neutral
GCCCYDVR,26,14,12,12,40,24,0.22857142857142856,neutral
YFDYVSCL,25,15,14,10,40,24,0.22857142857142856,neutral
HCGHRHFL,44,31,26,25,75,51,0.22857142857142856,neutral
YIGSYHHG,27,13,13,11,40,24,0.22857142857142856,neutral
IFRIDCGV,23,17,10,14,40,24,0.22857142857142856,neutral
CGCSIGLD,44,31,19,32,75,51,0.22857142857142856,neutral
DVIDVLHC,18,22,8,16,40,24,0.22857142857142856,neutral
FCGVYDGH,53,35,28,33,88,61,0.2288135593220339,neutral
CVISYICH,53,35,30,31,88,61,0.2288135593220339,neutral
GSYVCHLR,41,47,28,33,88,61,0.2288135593220339,neutral
VLCCGFRG,51,37,34,27,88,61,0.2288135593220339,neutral
VVVCHICG,28,25,20,14,53,34,0.2289156626506024,neutral
RYRNDVNF,28,25,19,15,53,34,0.2289156626506024,neutral
HCYFVGFI,32,21,15,19,53,34,0.2289156626506024,neutral
ICFHGSSL,34,19,18,16,53,34,0.2289156626506024,neutral
FGFGGVYF,30,23,21,13,53,34,0.2289156626506024,neutral
YYVGNRIH,34,19,24,10,53,34,0.2289156626506024,neutral
YIGDLLRI,36,17,12,22,53,34,0.2289156626506024,neutral
IYGCIFRD,36,17,13,21,53,34,0.2289156626506024,neutral
VGCFFGFH,35,18,15,19,53,34,0.2289156626506024,neutral
FFDIISYC,36,17,14,20,53,34,0.2289156626506024,neutral
VCDVGYGG,32,21,20,14,53,34,0.2289156626506024,neutral
FCDFGVNF,33,20,13,21,53,34,0.2289156626506024,neutral
CCVCDGFG,30,23,21,13,53,34,0.2289156626506024,neutral
CSNVIVDS,59,42,33,38,101,71,0.22900763358778625,neutral
LIVRIHGV,11,7,4,3,18,7,0.22916666666666666,neutral
LRHIYHVC,11,7,1,6,18,7,0.22916666666666666,neutral
ILYCIVDV,9,9,2,5,18,7,0.22916666666666666,neutral
VYLIGHVN,13,5,1,6,18,7,0.22916666666666666,neutral
IHFIRLCH,12,6,2,5,18,7,0.22916666666666666,neutral
CCYRRVCN,13,5,3,4,18,7,0.22916666666666666,neutral
FVFRDCYC,11,7,2,5,18,7,0.22916666666666666,neutral
CCYRRYGL,12,6,3,4,18,7,0.22916666666666666,neutral
CCRLNCCG,10,8,4,3,18,7,0.22916666666666666,neutral
LHGILHGR,42,24,15,29,66,44,0.22916666666666666,neutral
CYCLFHLD,11,7,3,4,18,7,0.22916666666666666,neutral
GYYGSFRV,10,8,2,5,18,7,0.22916666666666666,neutral
GYCYDVVI,40,26,21,23,66,44,0.22916666666666666,neutral
CCVICFGY,9,9,3,4,18,7,0.22916666666666666,neutral
FFYNFDFR,11,7,2,5,18,7,0.22916666666666666,neutral
RFNSYFYF,14,4,4,3,18,7,0.22916666666666666,neutral
CCHNGLRC,38,28,21,23,66,44,0.22916666666666666,neutral
YVRDHFYG,12,6,3,4,18,7,0.22916666666666666,neutral
ICNLDRNY,41,25,23,21,66,44,0.22916666666666666,neutral
FYVVSFVG,10,8,1,6,18,7,0.22916666666666666,neutral
DCDYFHCL,11,7,3,4,18,7,0.22916666666666666,neutral
CNICCFSL,13,5,3,4,18,7,0.22916666666666666,neutral
LYCRYVNH,14,4,1,6,18,7,0.22916666666666666,neutral
FCDGCFGS,13,5,3,4,18,7,0.22916666666666666,neutral
GIYFDVGD,39,27,20,24,66,44,0.22916666666666666,neutral
YFDVCGRF,15,3,3,4,18,7,0.22916666666666666,neutral
FICVCGYG,9,9,6,1,18,7,0.22916666666666666,neutral
FCCRGDFL,12,6,4,3,18,7,0.22916666666666666,neutral
CCGFFFFG,7,11,2,5,18,7,0.22916666666666666,neutral
RFGFCFDG,10,8,4,3,18,7,0.22916666666666666,neutral
GGFFGNLG,10,8,5,2,18,7,0.22916666666666666,neutral
FNVRNLSY,10,8,4,3,18,7,0.22916666666666666,neutral
CFHFNYGI,10,8,5,2,18,7,0.22916666666666666,neutral
LHDHIIVC,39,27,17,27,66,44,0.22916666666666666,neutral
SCIRGCVG,73,54,46,45,127,91,0.22929936305732485,neutral
CLSRFCNG,47,32,35,19,79,54,0.22935779816513763,neutral
GFFNFNCH,49,30,23,31,79,54,0.22935779816513763,neutral
VLRVYNRI,47,32,30,24,79,54,0.22935779816513763,neutral
FSDIGCHD,47,32,27,27,79,54,0.22935779816513763,neutral
CFYSVVNS,46,33,30,24,79,54,0.22935779816513763,neutral
GVLVNRDY,22,9,6,11,31,17,0.22950819672131148,neutral
RFCFGGFY,14,17,10,7,31,17,0.22950819672131148,neutral
GVLCCNRF,23,8,3,14,31,17,0.22950819672131148,neutral
DFSYVFFN,23,8,8,9,31,17,0.22950819672131148,neutral
FYSGLRVI,22,9,9,8,31,17,0.22950819672131148,neutral
CDGGFCCN,20,11,8,9,31,17,0.22950819672131148,neutral
LCYVSFLD,21,10,9,8,31,17,0.22950819672131148,neutral
FSDNSHCL,20,11,7,10,31,17,0.22950819672131148,neutral
RYLGCVIH,55,37,25,39,92,64,0.22950819672131148,neutral
YFIYGGGF,16,15,13,4,31,17,0.22950819672131148,neutral
GFVSCGRC,18,13,10,7,31,17,0.22950819672131148,neutral
FRRYDSSC,16,15,9,8,31,17,0.22950819672131148,neutral
YVNCGSCN,54,38,32,32,92,64,0.22950819672131148,neutral
CYVHFDIS,21,10,9,8,31,17,0.22950819672131148,neutral
RVCGVCCF,17,14,5,12,31,17,0.22950819672131148,neutral
GSSFCCVC,21,10,8,9,31,17,0.22950819672131148,neutral
LFFDDCLC,19,12,10,7,31,17,0.22950819672131148,neutral
FFCVLHVH,18,13,9,8,31,17,0.22950819672131148,neutral
GDCHFVIL,19,12,6,11,31,17,0.22950819672131148,neutral
HCCRHGVL,19,12,9,8,31,17,0.22950819672131148,neutral
FCHIFCFD,18,13,9,8,31,17,0.22950819672131148,neutral
VFGFFVFN,21,10,7,10,31,17,0.22950819672131148,neutral
SCSRYCCV,31,13,14,13,44,27,0.22972972972972974,neutral
VCVYVGGG,26,18,13,14,44,27,0.22972972972972974,neutral
FNFSIGGV,26,18,15,12,44,27,0.22972972972972974,neutral
FCSHIFVC,28,16,15,12,44,27,0.22972972972972974,neutral
ICDFDVRL,30,14,12,15,44,27,0.22972972972972974,neutral
FCVVIGSS,26,18,11,16,44,27,0.22972972972972974,neutral
SYCHGFLC,28,16,15,12,44,27,0.22972972972972974,neutral
FFLSGDRV,28,16,16,11,44,27,0.22972972972972974,neutral
YDRCCVGD,23,21,10,17,44,27,0.22972972972972974,neutral
FCGCIRDI,26,18,12,15,44,27,0.22972972972972974,neutral
FRVSGYVF,26,18,17,10,44,27,0.22972972972972974,neutral
DICVLRCR,27,17,12,15,44,27,0.22972972972972974,neutral
CSNGFVLV,26,18,10,17,44,27,0.22972972972972974,neutral
LDHCYNDC,24,20,8,19,44,27,0.22972972972972974,neutral
VFRFNSRF,36,21,19,18,57,37,0.22988505747126436,neutral
GFNRLGIF,33,24,19,18,57,37,0.22988505747126436,neutral
YYLFNCCD,37,20,17,20,57,37,0.22988505747126436,neutral
RFCGVHCF,34,23,14,23,57,37,0.22988505747126436,neutral
VFRCIRVG,34,23,20,17,57,37,0.22988505747126436,neutral
SCFLCSFV,34,23,18,19,57,37,0.22988505747126436,neutral
LCDLLVRS,44,26,19,28,70,47,0.23,neutral
IRGFLDYF,42,28,20,27,70,47,0.23,neutral
FVYDSVVC,37,33,18,29,70,47,0.23,neutral
SFVCNYLI,44,26,24,23,70,47,0.23,neutral
IVSLNHCC,44,26,18,29,70,47,0.23,neutral
RLCCRRHY,33,37,22,25,70,47,0.23,neutral
GRDHNNIY,44,39,27,30,83,57,0.23008849557522124,neutral
SYISCNHC,51,32,29,28,83,57,0.23008849557522124,neutral
LGCHCLGD,54,42,42,25,96,67,0.23015873015873015,neutral
RLYGGGDL,61,48,38,39,109,77,0.2302158273381295,neutral
DCCGVVNL,83,65,48,59,148,107,0.2303370786516854,neutral
CFVRYLGL,32,16,20,10,48,30,0.23076923076923078,neutral
VFCGNSSG,28,20,17,13,48,30,0.23076923076923078,neutral
ICFIFCFY,4,5,0,0,9,0,0.23076923076923078,neutral
NIFIDGCV,25,10,11,9,35,20,0.23076923076923078,neutral
GCVSYIDH,22,13,6,14,35,20,0.23076923076923078,neutral
GICVIRGG,44,30,24,26,74,50,0.23076923076923078,neutral
GYLVRVCR,36,25,19,21,61,40,0.23076923076923078,neutral
FCVDDNGC,33,15,13,17,48,30,0.23076923076923078,neutral
LCIYFFFS,8,1,0,0,9,0,0.23076923076923078,neutral
LHFRCGVC,13,9,5,5,22,10,0.23076923076923078,neutral
VSFCCCYH,39,22,21,19,61,40,0.23076923076923078,neutral
FFSFHFFL,6,3,0,0,9,0,0.23076923076923078,neutral
FICDISFV,27,21,17,13,48,30,0.23076923076923078,neutral
LSHCGVYD,46,28,21,29,74,50,0.23076923076923078,neutral
CFRCCIRF,7,2,0,0,9,0,0.23076923076923078,neutral
FCCFFFGF,5,4,0,0,9,0,0.23076923076923078,neutral
NSGFVFLV,13,9,4,6,22,10,0.23076923076923078,neutral
CICFCCFR,6,3,0,0,9,0,0.23076923076923078,neutral
VLHCYFVF,6,3,0,0,9,0,0.23076923076923078,neutral
FILHLYVG,3,6,0,0,9,0,0.23076923076923078,neutral
FGYDCGDG,55,45,33,37,100,70,0.23076923076923078,neutral
GSRIIIFC,7,2,0,0,9,0,0.23076923076923078,neutral
CLCIICGC,7,2,0,0,9,0,0.23076923076923078,neutral
CCVNNCGR,38,36,22,28,74,50,0.23076923076923078,neutral
CCFFCFLF,4,5,0,0,9,0,0.23076923076923078,neutral
NFCFLGFS,30,18,13,17,48,30,0.23076923076923078,neutral
CFLIFCID,7,2,0,0,9,0,0.23076923076923078,neutral
FHGFFSFC,39,22,16,24,61,40,0.23076923076923078,neutral
CYFCYNLF,8,1,0,0,9,0,0.23076923076923078,neutral
FYVNCIGI,35,26,21,19,61,40,0.23076923076923078,neutral
FYFGLCFF,5,4,0,0,9,0,0.23076923076923078,neutral
RRHFNIDR,16,6,4,6,22,10,0.23076923076923078,neutral
VCGCYVYG,4,5,0,0,9,0,0.23076923076923078,neutral
HLYCGGCS,43,31,24,26,74,50,0.23076923076923078,neutral
FRHFSGFV,13,9,7,3,22,10,0.23076923076923078,neutral
CCRFINDD,28,20,15,15,48,30,0.23076923076923078,neutral
GVVCFICN,7,2,0,0,9,0,0.23076923076923078,neutral
FDFFCCNC,4,5,0,0,9,0,0.23076923076923078,neutral
CYNGDYFY,16,6,3,7,22,10,0.23076923076923078,neutral
FLLVFRIY,4,5,0,0,9,0,0.23076923076923078,neutral
LFCLYYVF,3,6,0,0,9,0,0.23076923076923078,neutral
HCDILLCN,5,4,0,0,9,0,0.23076923076923078,neutral
HFYSYYRS,10,12,5,5,22,10,0.23076923076923078,neutral
CLCFLCCG,6,3,0,0,9,0,0.23076923076923078,neutral
VYLFGIHR,11,11,7,3,22,10,0.23076923076923078,neutral
HVLCVSGC,38,23,21,19,61,40,0.23076923076923078,neutral
FCILFRLI,6,3,0,0,9,0,0.23076923076923078,neutral
RFFGCIFS,5,4,0,0,9,0,0.23076923076923078,neutral
FYYCVLIF,7,2,0,0,9,0,0.23076923076923078,neutral
CCRCGNVC,15,7,5,5,22,10,0.23076923076923078,neutral
FFVFFFLF,8,1,0,0,9,0,0.23076923076923078,neutral
CFVCLVCC,4,5,0,0,9,0,0.23076923076923078,neutral
SFLYGDFI,30,18,10,20,48,30,0.23076923076923078,neutral
LYICFCIR,6,3,0,0,9,0,0.23076923076923078,neutral
CVSNFFVH,30,18,18,12,48,30,0.23076923076923078,neutral
HFCGYCCG,21,14,12,8,35,20,0.23076923076923078,neutral
FFFCHCNV,20,2,4,6,22,10,0.23076923076923078,neutral
CDCFGGVL,16,6,6,4,22,10,0.23076923076923078,neutral
GRFFLYDI,0,9,0,0,9,0,0.23076923076923078,neutral
FLVFDVRL,6,3,0,0,9,0,0.23076923076923078,neutral
FFFCNCRG,16,6,2,8,22,10,0.23076923076923078,neutral
RYLSVFGD,20,15,9,11,35,20,0.23076923076923078,neutral
CFCCFGVC,5,4,0,0,9,0,0.23076923076923078,neutral
FGRVDFRC,38,23,21,19,61,40,0.23076923076923078,neutral
CHHGVCCL,16,6,4,6,22,10,0.23076923076923078,neutral
FFLLFFIV,5,4,0,0,9,0,0.23076923076923078,neutral
CCDFSICN,36,25,21,19,61,40,0.23076923076923078,neutral
FIFYNRFC,14,8,4,6,22,10,0.23076923076923078,neutral
FCFGIYVR,7,2,0,0,9,0,0.23076923076923078,neutral
FHRCRVNF,37,24,18,22,61,40,0.23076923076923078,neutral
FCSRVFCH,24,11,11,9,35,20,0.23076923076923078,neutral
FLFCDICV,13,9,5,5,22,10,0.23076923076923078,neutral
FCSLVVRD,40,21,17,23,61,40,0.23076923076923078,neutral
FHVGFHSI,25,10,5,15,35,20,0.23076923076923078,neutral
VFFFVVFC,5,4,0,0,9,0,0.23076923076923078,neutral
CYCRFCFC,8,1,0,0,9,0,0.23076923076923078,neutral
SYIVFYFI,5,4,0,0,9,0,0.23076923076923078,neutral
CFLGDVLL,46,28,27,23,74,50,0.23076923076923078,neutral
FGYCDCSC,12,10,6,4,22,10,0.23076923076923078,neutral
YGGDGVCI,25,10,7,13,35,20,0.23076923076923078,neutral
FGCLCYCH,13,9,4,6,22,10,0.23076923076923078,neutral
CFVILICF,5,4,0,0,9,0,0.23076923076923078,neutral
FFVVSFFL,7,2,0,0,9,0,0.23076923076923078,neutral
VHVYFHRC,21,14,12,8,35,20,0.23076923076923078,neutral
LCYRVVCR,19,16,10,10,35,20,0.23076923076923078,neutral
CGDFVCRF,46,41,28,32,87,60,0.23076923076923078,neutral
YFNFFSCV,22,13,5,15,35,20,0.23076923076923078,neutral
CFLFILIS,6,3,0,0,9,0,0.23076923076923078,neutral
FFYCFCRF,5,4,0,0,9,0,0.23076923076923078,neutral
GDFFDCLR,11,11,4,6,22,10,0.23076923076923078,neutral
YYVNVRRC,24,24,13,17,48,30,0.23076923076923078,neutral
SFLHIIFR,6,3,0,0,9,0,0.23076923076923078,neutral
CCDDVFVF,19,16,8,12,35,20,0.23076923076923078,neutral
FICGCSHG,36,25,13,27,61,40,0.23076923076923078,neutral
HGFLYIGR,39,22,17,23,61,40,0.23076923076923078,neutral
LIVGLIIV,3,6,0,0,9,0,0.23076923076923078,neutral
RDFYGGVH,21,14,8,12,35,20,0.23076923076923078,neutral
IFCVFFIN,6,3,0,0,9,0,0.23076923076923078,neutral
SCLDYCFS,51,36,23,37,87,60,0.23076923076923078,neutral
IGVCISDC,43,31,20,30,74,50,0.23076923076923078,neutral
LCFGCVFH,14,8,4,6,22,10,0.23076923076923078,neutral
RSVVIFRF,4,5,0,0,9,0,0.23076923076923078,neutral
GLIYFIRL,6,3,0,0,9,0,0.23076923076923078,neutral
IRVFRIHY,5,4,0,0,9,0,0.23076923076923078,neutral
CIINCGLI,33,15,16,14,48,30,0.23076923076923078,neutral
NLFVFNSN,20,28,17,13,48,30,0.23076923076923078,neutral
VCLFYGDV,21,14,12,8,35,20,0.23076923076923078,neutral
IGNDFCVG,49,38,32,28,87,60,0.23076923076923078,neutral
LLCYDGLY,4,5,0,0,9,0,0.23076923076923078,neutral
LRFVDFDG,12,10,2,8,22,10,0.23076923076923078,neutral
VFNFNLCV,46,28,26,24,74,50,0.23076923076923078,neutral
LLRCRVVD,28,20,16,14,48,30,0.23076923076923078,neutral
FCGCFIGN,93,76,68,55,169,123,0.23115577889447236,neutral
VRFFGCGC,59,45,34,39,104,73,0.23134328358208955,neutral
FIHSCRYG,54,37,36,27,91,63,0.23140495867768596,neutral
YNLCFLRR,41,37,22,31,78,53,0.23148148148148148,neutral
FHRFIYVD,42,23,21,22,65,43,0.23157894736842105,neutral
SLGSIYCC,41,24,26,17,65,43,0.23157894736842105,neutral
DCCLNFVI,34,31,14,29,65,43,0.23157894736842105,neutral
LCYCGSNR,41,24,28,15,65,43,0.23157894736842105,neutral
LRHLRGDH,30,22,17,16,52,33,0.23170731707317074,neutral
RLCCVNCD,30,22,16,17,52,33,0.23170731707317074,neutral
CLRGSCFS,28,24,16,17,52,33,0.23170731707317074,neutral
VFCFSVLD,34,18,20,13,52,33,0.23170731707317074,neutral
SVHLCGVG,33,19,16,17,52,33,0.23170731707317074,neutral
FHYRYGYL,29,23,17,16,52,33,0.23170731707317074,neutral
SYGCYGSR,31,21,18,15,52,33,0.23170731707317074,neutral
FYCGSVVL,31,21,18,15,52,33,0.23170731707317074,neutral
LRRHLCCY,33,19,18,15,52,33,0.23170731707317074,neutral
FICNCDGD,29,23,14,19,52,33,0.23170731707317074,neutral
VYGFCNRG,34,18,26,7,52,33,0.23170731707317074,neutral
SHGICYIL,32,20,17,16,52,33,0.23170731707317074,neutral
DGLHIDYY,24,15,13,10,39,23,0.2318840579710145,neutral
IFFDVNYL,28,11,10,13,39,23,0.2318840579710145,neutral
VNDYSVCH,21,18,8,15,39,23,0.2318840579710145,neutral
NFNYRDLI,21,18,13,10,39,23,0.2318840579710145,neutral
CCDYYSRI,28,11,16,7,39,23,0.2318840579710145,neutral
FGFCFRGR,26,13,9,14,39,23,0.2318840579710145,neutral
VVDCILCI,26,13,7,16,39,23,0.2318840579710145,neutral
YFCHLISC,20,19,12,11,39,23,0.2318840579710145,neutral
DFFCYHFF,29,10,15,8,39,23,0.2318840579710145,neutral
ILDCVIYI,20,19,13,10,39,23,0.2318840579710145,neutral
FCHFFICD,27,12,11,12,39,23,0.2318840579710145,neutral
FSSFSCRD,27,12,11,12,39,23,0.2318840579710145,neutral
GFDNSGCG,61,47,35,41,108,76,0.2318840579710145,neutral
GYGCCYNV,22,17,11,12,39,23,0.2318840579710145,neutral
FSFGLNRD,57,38,35,31,95,66,0.232,neutral
YDLHFCCV,53,42,28,38,95,66,0.232,neutral
CCGVIRLY,18,8,7,6,26,13,0.23214285714285715,neutral
NCIYLGYR,21,5,5,8,26,13,0.23214285714285715,neutral
FCYGYDSC,16,10,6,7,26,13,0.23214285714285715,neutral
CYGHSGFR,13,13,9,4,26,13,0.23214285714285715,neutral
LYCSFGHY,18,8,8,5,26,13,0.23214285714285715,neutral
CCLRFGVD,17,9,4,9,26,13,0.23214285714285715,neutral
CDRHHCHY,18,8,5,8,26,13,0.23214285714285715,neutral
YNIHGRRY,15,11,8,5,26,13,0.23214285714285715,neutral
CFVCLGVY,12,14,4,9,26,13,0.23214285714285715,neutral
LIYVNDSF,15,11,7,6,26,13,0.23214285714285715,neutral
FVCGGLLD,18,8,9,4,26,13,0.23214285714285715,neutral
HFSVHGLR,17,9,3,10,26,13,0.23214285714285715,neutral
CFGVSCFG,13,13,5,8,26,13,0.23214285714285715,neutral
DIYFSCDD,16,10,9,4,26,13,0.23214285714285715,neutral
CRYFGLHG,78,60,50,49,138,99,0.23214285714285715,neutral
LYHDRGGG,13,13,5,8,26,13,0.23214285714285715,neutral
HYCGHLVF,14,12,3,10,26,13,0.23214285714285715,neutral
FNCFGGGL,15,11,8,5,26,13,0.23214285714285715,neutral
YYCFRCVD,17,9,6,7,26,13,0.23214285714285715,neutral
GYDFCDCI,18,8,5,8,26,13,0.23214285714285715,neutral
SFIGVCGI,40,42,25,31,82,56,0.23214285714285715,neutral
VHHNLHCH,16,10,9,4,26,13,0.23214285714285715,neutral
VCLYVCGR,19,7,8,5,26,13,0.23214285714285715,neutral
VYFCDCDV,21,5,5,8,26,13,0.23214285714285715,neutral
IDSGVLFD,16,10,7,6,26,13,0.23214285714285715,neutral
VSYGGNCG,45,37,23,33,82,56,0.23214285714285715,neutral
FCGFNIFY,16,10,7,6,26,13,0.23214285714285715,neutral
FYYVHFRR,16,10,5,8,26,13,0.23214285714285715,neutral
ILNGFCIR,17,9,7,6,26,13,0.23214285714285715,neutral
HICFFCYR,14,12,8,5,26,13,0.23214285714285715,neutral
RVLFCGSD,78,60,46,53,138,99,0.23214285714285715,neutral
DFVVIDIL,44,25,25,21,69,46,0.23232323232323232,neutral
GNVSFYSN,39,30,23,23,69,46,0.23232323232323232,neutral
INNFRDSG,44,25,19,27,69,46,0.23232323232323232,neutral
YRSDYLGR,40,29,22,24,69,46,0.23232323232323232,neutral
RCFDFGCG,43,26,15,31,69,46,0.23232323232323232,neutral
DVFIGNLG,60,52,31,48,112,79,0.2323943661971831,neutral
CFSDYRCD,8,5,1,2,13,3,0.23255813953488372,neutral
CVHGSCSY,53,46,33,36,99,69,0.23255813953488372,neutral
DVVLCGVC,59,40,27,42,99,69,0.23255813953488372,neutral
RLCRYSYD,33,23,21,15,56,36,0.23255813953488372,neutral
LFFGVCYS,35,21,15,21,56,36,0.23255813953488372,neutral
FRVLCCCH,10,3,2,1,13,3,0.23255813953488372,neutral
HCCNFVGI,34,22,15,21,56,36,0.23255813953488372,neutral
VFVCYYSH,8,5,2,1,13,3,0.23255813953488372,neutral
NYVGSSVF,10,3,0,3,13,3,0.23255813953488372,neutral
LGCICFYF,6,7,3,0,13,3,0.23255813953488372,neutral
LRCICVIS,7,6,2,1,13,3,0.23255813953488372,neutral
CGFNVDVL,9,4,1,2,13,3,0.23255813953488372,neutral
YCHYLVFC,7,6,2,1,13,3,0.23255813953488372,neutral
CFYGDGID,59,40,34,35,99,69,0.23255813953488372,neutral
FCHVRVIV,7,6,0,3,13,3,0.23255813953488372,neutral
CFFIDGFY,11,2,2,1,13,3,0.23255813953488372,neutral
VIGSCGCF,31,25,26,10,56,36,0.23255813953488372,neutral
RCYGLVCI,10,3,2,1,13,3,0.23255813953488372,neutral
CCFFFCND,5,8,2,1,13,3,0.23255813953488372,neutral
ICFFVFGC,6,7,0,3,13,3,0.23255813953488372,neutral
FLDCGDYR,6,7,1,2,13,3,0.23255813953488372,neutral
DYIFNVVI,50,49,36,33,99,69,0.23255813953488372,neutral
FYDYISSV,8,5,0,3,13,3,0.23255813953488372,neutral
VVVCIIGD,8,5,0,3,13,3,0.23255813953488372,neutral
FSFGCIYF,12,1,1,2,13,3,0.23255813953488372,neutral
SVCGCDVG,32,24,20,16,56,36,0.23255813953488372,neutral
LLYFNNGI,10,3,1,2,13,3,0.23255813953488372,neutral
RCHCNCIF,8,5,1,2,13,3,0.23255813953488372,neutral
VVGHYYVF,7,6,2,1,13,3,0.23255813953488372,neutral
VYCCGCCG,4,9,2,1,13,3,0.23255813953488372,neutral
DRVLDYCG,33,23,19,17,56,36,0.23255813953488372,neutral
YFYDRCGI,9,4,1,2,13,3,0.23255813953488372,neutral
CNDYDCYG,79,63,50,52,142,102,0.23255813953488372,neutral
FLFFGVVV,7,6,2,1,13,3,0.23255813953488372,neutral
DIICRGLH,59,40,30,39,99,69,0.23255813953488372,neutral
VFYRCCRR,9,4,3,0,13,3,0.23255813953488372,neutral
NISVCDLC,35,21,11,25,56,36,0.23255813953488372,neutral
DDLFFGGG,9,4,2,1,13,3,0.23255813953488372,neutral
RCICGHSF,26,30,20,16,56,36,0.23255813953488372,neutral
VYYCFYIV,10,3,2,1,13,3,0.23255813953488372,neutral
CFFIRDYN,11,2,2,1,13,3,0.23255813953488372,neutral
FLHCGHGR,78,64,43,59,142,102,0.23255813953488372,neutral
FVHFFYLF,5,8,0,3,13,3,0.23255813953488372,neutral
FFDVHFCH,31,25,22,14,56,36,0.23255813953488372,neutral
HYVLHCVS,46,40,23,36,86,59,0.23275862068965517,neutral
FYSVRYRG,28,15,12,14,43,26,0.2328767123287671,neutral
ICCRLNGI,29,14,13,13,43,26,0.2328767123287671,neutral
FFLDCLGF,20,23,8,18,43,26,0.2328767123287671,neutral
FCRFGSFH,30,13,17,9,43,26,0.2328767123287671,neutral
HDCCCGNV,23,20,17,9,43,26,0.2328767123287671,neutral
FVFGDVRG,64,52,40,42,116,82,0.2328767123287671,neutral
LVIGHVCD,27,16,9,17,43,26,0.2328767123287671,neutral
CYVRLSIS,24,19,10,16,43,26,0.2328767123287671,neutral
CFRYFRSI,31,12,13,13,43,26,0.2328767123287671,neutral
IRIVYYDL,28,15,10,16,43,26,0.2328767123287671,neutral
IFYLCVDG,23,20,14,12,43,26,0.2328767123287671,neutral
VICVNHCY,29,14,12,14,43,26,0.2328767123287671,neutral
FRHRDDVR,24,19,12,14,43,26,0.2328767123287671,neutral
FGGFYCYY,22,21,16,10,43,26,0.2328767123287671,neutral
GLLYRDNC,31,12,12,14,43,26,0.2328767123287671,neutral
CYVDGIIV,46,27,26,23,73,49,0.23300970873786409,neutral
SCDYVNNI,46,27,30,19,73,49,0.23300970873786409,neutral
FGGVHDVG,39,34,27,22,73,49,0.23300970873786409,neutral
LICDVRCY,41,32,29,20,73,49,0.23300970873786409,neutral
FGDGCISL,45,28,23,26,73,49,0.23300970873786409,neutral
IHGRYGLL,58,45,41,31,103,72,0.23308270676691728,neutral
IRFLSCVN,60,43,36,36,103,72,0.23308270676691728,neutral
VCVYRFGV,60,43,36,36,103,72,0.23308270676691728,neutral
FGVFFYGN,19,11,8,8,30,16,0.23333333333333334,neutral
VHYCDGGG,54,36,35,27,90,62,0.23333333333333334,neutral
VFRICDVR,51,39,32,30,90,62,0.23333333333333334,neutral
IGVCVNCN,15,15,7,9,30,16,0.23333333333333334,neutral
FLGNFHGD,53,37,26,36,90,62,0.23333333333333334,neutral
LDVIRFGC,36,24,21,18,60,39,0.23333333333333334,neutral
VCHFCNSS,39,21,22,17,60,39,0.23333333333333334,neutral
LYCFCDSN,15,15,7,9,30,16,0.23333333333333334,neutral
IFSYLVHR,20,10,7,9,30,16,0.23333333333333334,neutral
FFFVDCVD,20,10,8,8,30,16,0.23333333333333334,neutral
FCGYLISG,21,9,6,10,30,16,0.23333333333333334,neutral
CVDFCSDL,21,9,8,8,30,16,0.23333333333333334,neutral
RYYCGCVG,10,20,7,9,30,16,0.23333333333333334,neutral
IFFGHCGR,17,13,9,7,30,16,0.23333333333333334,neutral
RCDCCGLC,18,12,7,9,30,16,0.23333333333333334,neutral
CCYVYSVH,39,21,14,25,60,39,0.23333333333333334,neutral
CGNNSVFR,52,38,28,34,90,62,0.23333333333333334,neutral
FRVGIFCN,21,9,11,5,30,16,0.23333333333333334,neutral
VCHYIVDV,35,25,17,22,60,39,0.23333333333333334,neutral
RSFCCRIV,52,38,23,39,90,62,0.23333333333333334,neutral
SLISHNLI,51,39,29,33,90,62,0.23333333333333334,neutral
FLGDIYVY,59,48,41,34,107,75,0.23357664233576642,neutral
LGDGLCVV,63,44,39,36,107,75,0.23357664233576642,neutral
LCCDSGCV,59,48,34,41,107,75,0.23357664233576642,neutral
RFDRISVI,47,30,24,28,77,52,0.2336448598130841,neutral
FLNGCRCF,43,34,31,21,77,52,0.2336448598130841,neutral
YLDVNFLC,48,29,25,27,77,52,0.2336448598130841,neutral
VGDCHCDC,41,36,25,27,77,52,0.2336448598130841,neutral
SGLYCYFC,43,34,28,24,77,52,0.2336448598130841,neutral
RCCCLNGD,29,18,14,15,47,29,0.23376623376623376,neutral
FRRRFFLR,32,15,16,13,47,29,0.23376623376623376,neutral
CLSYNSFG,33,14,17,12,47,29,0.23376623376623376,neutral
NYYLCGFN,31,16,8,21,47,29,0.23376623376623376,neutral
VFCRLRDG,29,18,14,15,47,29,0.23376623376623376,neutral
RSDYVFYL,29,18,13,16,47,29,0.23376623376623376,neutral
GFCNIRCC,24,23,14,15,47,29,0.23376623376623376,neutral
DCSRRCGC,30,17,14,15,47,29,0.23376623376623376,neutral
LRVCFLDG,30,17,10,19,47,29,0.23376623376623376,neutral
YNRNFYFV,31,16,16,13,47,29,0.23376623376623376,neutral
CINCFFVD,26,21,17,12,47,29,0.23376623376623376,neutral
CIRGHFVF,26,21,11,18,47,29,0.23376623376623376,neutral
RYVRCICG,29,18,13,16,47,29,0.23376623376623376,neutral
FHDGCVCL,32,15,16,13,47,29,0.23376623376623376,neutral
FYDVFHCC,32,15,13,16,47,29,0.23376623376623376,neutral
GRRIINYV,32,15,16,13,47,29,0.23376623376623376,neutral
LYVICNDG,54,40,29,36,94,65,0.23387096774193547,neutral
RVYNYDGV,78,63,53,48,141,101,0.23391812865497075,neutral
YSFIVNVC,10,7,3,3,17,6,0.23404255319148937,neutral
FCGNIGCI,37,27,18,24,64,42,0.23404255319148937,neutral
ISVIRCCF,33,31,20,22,64,42,0.23404255319148937,neutral
FCSYLYID,41,23,21,21,64,42,0.23404255319148937,neutral
LCVDDHYV,9,8,0,6,17,6,0.23404255319148937,neutral
FCGNCGYC,14,3,1,5,17,6,0.23404255319148937,neutral
FHLNYIVC,10,7,3,3,17,6,0.23404255319148937,neutral
HFFGSLGG,15,2,1,5,17,6,0.23404255319148937,neutral
FHIDCYGN,9,8,3,3,17,6,0.23404255319148937,neutral
FYYCFRYY,13,4,2,4,17,6,0.23404255319148937,neutral
RCRLCIHV,8,9,4,2,17,6,0.23404255319148937,neutral
CFDCFLRY,11,6,3,3,17,6,0.23404255319148937,neutral
CFLCVRSD,11,6,3,3,17,6,0.23404255319148937,neutral
LNHGFSCR,9,8,5,1,17,6,0.23404255319148937,neutral
YYVCGFFV,11,6,1,5,17,6,0.23404255319148937,neutral
DSLIIHGD,11,6,3,3,17,6,0.23404255319148937,neutral
CYVFYYCS,8,9,4,2,17,6,0.23404255319148937,neutral
NCLCNVCL,10,7,3,3,17,6,0.23404255319148937,neutral
GCSLCIFR,8,9,4,2,17,6,0.23404255319148937,neutral
IFSGSYDS,13,4,4,2,17,6,0.23404255319148937,neutral
DFHFCIDR,9,8,4,2,17,6,0.23404255319148937,neutral
FGGFFVCI,10,7,4,2,17,6,0.23404255319148937,neutral
GIVSFFGF,14,3,2,4,17,6,0.23404255319148937,neutral
FGFCCFGC,13,4,3,3,17,6,0.23404255319148937,neutral
SCVYSLVS,11,6,4,2,17,6,0.23404255319148937,neutral
FCFFGSCS,11,6,2,4,17,6,0.23404255319148937,neutral
CCSHRGYL,39,25,16,26,64,42,0.23404255319148937,neutral
GYYDSYDD,12,5,3,3,17,6,0.23404255319148937,neutral
IFRFRIDS,41,23,20,22,64,42,0.23404255319148937,neutral
LYFCHIFH,10,7,4,2,17,6,0.23404255319148937,neutral
VGDLYYNI,12,5,3,3,17,6,0.23404255319148937,neutral
YSCFCCGG,12,5,2,4,17,6,0.23404255319148937,neutral
FVHDCFNC,12,5,2,4,17,6,0.23404255319148937,neutral
GIDLVRFC,13,4,2,4,17,6,0.23404255319148937,neutral
LSDDSNIF,11,6,2,4,17,6,0.23404255319148937,neutral
SCFYVFGC,4,13,4,2,17,6,0.23404255319148937,neutral
FFGFGFGR,47,34,25,30,81,55,0.23423423423423423,neutral
FFYFGNFV,23,11,10,9,34,19,0.234375,neutral
CYGLGGSC,26,8,7,12,34,19,0.234375,neutral
CCSVHSIV,25,9,11,8,34,19,0.234375,neutral
RCCSRFCG,18,16,6,13,34,19,0.234375,neutral
NSSCGVCF,21,13,9,10,34,19,0.234375,neutral
DCYFHVGV,19,15,8,11,34,19,0.234375,neutral
VCSNCSVG,25,9,10,9,34,19,0.234375,neutral
FCGGIILC,22,12,12,7,34,19,0.234375,neutral
CVGYCSCD,20,14,8,11,34,19,0.234375,neutral
VHIHLFGG,23,11,6,13,34,19,0.234375,neutral
CGCLGVFD,19,15,10,9,34,19,0.234375,neutral
DDDCHICI,22,12,12,7,34,19,0.234375,neutral
FGCLSNFL,25,9,8,11,34,19,0.234375,neutral
GSFDVIVF,18,16,11,8,34,19,0.234375,neutral
FCYSFGYI,15,19,3,16,34,19,0.234375,neutral
DCVYFNYH,21,13,7,12,34,19,0.234375,neutral
GYVCCFGL,18,16,9,10,34,19,0.234375,neutral
GVDCRVCC,14,20,10,9,34,19,0.234375,neutral
GGDDYVLC,19,15,6,13,34,19,0.234375,neutral
DLHGYGVH,33,18,13,19,51,32,0.2345679012345679,neutral
HYHLGCGD,28,23,12,20,51,32,0.2345679012345679,neutral
FVYDCFFR,29,22,21,11,51,32,0.2345679012345679,neutral
CCCCINDG,30,21,17,15,51,32,0.2345679012345679,neutral
LFYHFLNG,34,17,18,14,51,32,0.2345679012345679,neutral
YIRIFGGC,30,21,18,14,51,32,0.2345679012345679,neutral
INGCCFSL,28,23,14,18,51,32,0.2345679012345679,neutral
DYSGVCCH,31,20,14,18,51,32,0.2345679012345679,neutral
FGCFLVRS,33,18,11,21,51,32,0.2345679012345679,neutral
FDIGDCFG,22,29,18,14,51,32,0.2345679012345679,neutral
LIHIHNHC,31,20,16,16,51,32,0.2345679012345679,neutral
SSLYNRRL,40,28,20,25,68,45,0.23469387755102042,neutral
CRSGCGGC,43,25,21,24,68,45,0.23469387755102042,neutral
FRDFVFGN,43,25,21,24,68,45,0.23469387755102042,neutral
CVGYNSVC,50,35,25,33,85,58,0.23478260869565218,neutral
GFRDCYSG,60,42,31,40,102,71,0.23484848484848486,neutral
SNVFGNGF,28,10,14,8,38,22,0.23529411764705882,neutral
CSCRCIGY,15,6,4,5,21,9,0.23529411764705882,neutral
DFCFFYCH,16,5,4,5,21,9,0.23529411764705882,neutral
IFGNNVLV,34,21,18,17,55,35,0.23529411764705882,neutral
GNVHCNVY,22,16,12,10,38,22,0.23529411764705882,neutral
LFLNRCDF,14,7,3,6,21,9,0.23529411764705882,neutral
HCHCYSRG,11,10,4,5,21,9,0.23529411764705882,neutral
FVDFVRYV,9,12,4,5,21,9,0.23529411764705882,neutral
FCYYCGNF,27,11,14,8,38,22,0.23529411764705882,neutral
FRCSDVCL,35,20,14,21,55,35,0.23529411764705882,neutral
CVSHCCSC,21,17,10,12,38,22,0.23529411764705882,neutral
ICLHGVFF,12,9,2,7,21,9,0.23529411764705882,neutral
CFCGVCRR,11,10,4,5,21,9,0.23529411764705882,neutral
CCINHLCI,15,6,2,7,21,9,0.23529411764705882,neutral
GIIGCCSC,14,7,4,5,21,9,0.23529411764705882,neutral
DYFDGSSG,10,11,3,6,21,9,0.23529411764705882,neutral
YYGHFCYV,45,27,16,32,72,48,0.23529411764705882,neutral
SFYFFDYV,20,18,15,7,38,22,0.23529411764705882,neutral
VYGCLRLD,13,8,6,3,21,9,0.23529411764705882,neutral
FCIYHVRS,25,13,8,14,38,22,0.23529411764705882,neutral
CNCCDFSI,16,5,3,6,21,9,0.23529411764705882,neutral
LLCCFNDV,27,11,10,12,38,22,0.23529411764705882,neutral
CIRGLHGG,35,20,16,19,55,35,0.23529411764705882,neutral
LNDFYINS,44,28,27,21,72,48,0.23529411764705882,neutral
LSIFCYCV,15,6,6,3,21,9,0.23529411764705882,neutral
GGFHDRLR,45,27,23,25,72,48,0.23529411764705882,neutral
HCDVLRYV,25,13,11,11,38,22,0.23529411764705882,neutral
VFGRHCFC,35,20,12,23,55,35,0.23529411764705882,neutral
FYGIHNGN,15,6,7,2,21,9,0.23529411764705882,neutral
CFYFGYVD,14,7,6,3,21,9,0.23529411764705882,neutral
ICIFGYGD,20,18,9,13,38,22,0.23529411764705882,neutral
FCYICGND,15,6,3,6,21,9,0.23529411764705882,neutral
FINFNYRV,41,31,22,26,72,48,0.23529411764705882,neutral
CYCFDHSC,19,19,12,10,38,22,0.23529411764705882,neutral
FYHCGGLN,10,11,6,3,21,9,0.23529411764705882,neutral
FFCVCNRH,25,13,11,11,38,22,0.23529411764705882,neutral
CVFDGCLY,15,6,2,7,21,9,0.23529411764705882,neutral
VVHVVRIR,13,8,3,6,21,9,0.23529411764705882,neutral
RYCICDRF,10,11,7,2,21,9,0.23529411764705882,neutral
HLYRGGYG,12,9,5,4,21,9,0.23529411764705882,neutral
CICLGDSC,7,14,1,8,21,9,0.23529411764705882,neutral
GGLCGFVF,31,24,17,18,55,35,0.23529411764705882,neutral
CCSVGLFL,15,6,6,3,21,9,0.23529411764705882,neutral
LCRIDLGL,36,19,25,10,55,35,0.23529411764705882,neutral
LINFYHSV,26,12,11,11,38,22,0.23529411764705882,neutral
VCCGHHFF,16,5,5,4,21,9,0.23529411764705882,neutral
LCFLFNRS,45,27,20,28,72,48,0.23529411764705882,neutral
NCLSIIFG,33,22,18,17,55,35,0.23529411764705882,neutral
CLLNINNI,24,14,8,14,38,22,0.23529411764705882,neutral
SCFCGIFH,15,6,6,3,21,9,0.23529411764705882,neutral
GDVFDNLV,14,7,3,6,21,9,0.23529411764705882,neutral
SYIYFRGI,14,7,7,2,21,9,0.23529411764705882,neutral
SCGYDYRI,6,15,3,6,21,9,0.23529411764705882,neutral
HFVYYIVR,14,7,4,5,21,9,0.23529411764705882,neutral
CFLSRVLI,54,35,27,34,89,61,0.23529411764705882,neutral
RCDRCVCC,15,6,3,6,21,9,0.23529411764705882,neutral
CCCSGVNG,9,12,7,2,21,9,0.23529411764705882,neutral
CHNCLIVS,13,8,2,7,21,9,0.23529411764705882,neutral
VCGFLNFC,10,11,3,6,21,9,0.23529411764705882,neutral
SYCYGVFI,15,6,4,5,21,9,0.23529411764705882,neutral
IDYIGFRC,43,33,17,34,76,51,0.2358490566037736,neutral
ICNLYRGF,39,20,16,22,59,38,0.23595505617977527,neutral
RFLGDVYR,38,21,14,24,59,38,0.23595505617977527,neutral
VFRILDGV,35,24,22,16,59,38,0.23595505617977527,neutral
CSCGSIDF,39,20,19,19,59,38,0.23595505617977527,neutral
VFVRFCRV,39,20,17,21,59,38,0.23595505617977527,neutral
CFCFDHRD,34,25,19,19,59,38,0.23595505617977527,neutral
FYVLRHRV,39,20,18,20,59,38,0.23595505617977527,neutral
FYINGNYF,34,25,19,19,59,38,0.23595505617977527,neutral
YFVFHGSH,38,21,18,20,59,38,0.23595505617977527,neutral
IGYVIRCH,33,26,16,22,59,38,0.23595505617977527,neutral
YIFGYGCG,37,22,19,19,59,38,0.23595505617977527,neutral
YCDIGFYV,38,21,19,19,59,38,0.23595505617977527,neutral
VSFCDGLL,32,27,15,23,59,38,0.23595505617977527,neutral
GVFCVCCG,28,14,9,16,42,25,0.2361111111111111,neutral
HVCGVCYI,26,16,12,13,42,25,0.2361111111111111,neutral
FYRNGFGI,18,24,11,14,42,25,0.2361111111111111,neutral
DVFLFDGL,22,20,11,14,42,25,0.2361111111111111,neutral
VLRCVGCV,26,16,14,11,42,25,0.2361111111111111,neutral
SVHSCIRY,30,12,12,13,42,25,0.2361111111111111,neutral
CIVFCGHG,22,20,14,11,42,25,0.2361111111111111,neutral
FFNGCVDG,28,14,8,17,42,25,0.2361111111111111,neutral
VIYNFNCD,26,16,11,14,42,25,0.2361111111111111,neutral
FINFVGHC,30,12,14,11,42,25,0.2361111111111111,neutral
FGHCVCRD,27,15,9,16,42,25,0.2361111111111111,neutral
VVFDHGFR,21,21,12,13,42,25,0.2361111111111111,neutral
CNRGSGGS,56,41,34,33,97,67,0.23622047244094488,neutral
VYCVRHGL,58,39,33,34,97,67,0.23622047244094488,neutral
GLYCVICR,15,10,4,8,25,12,0.23636363636363636,neutral
GLFFCGRF,20,5,4,8,25,12,0.23636363636363636,neutral
FHLDCVVL,16,9,7,5,25,12,0.23636363636363636,neutral
LFDHYIDH,12,13,5,7,25,12,0.23636363636363636,neutral
CDNSCGCC,19,6,6,6,25,12,0.23636363636363636,neutral
YSCVFVRG,14,11,6,6,25,12,0.23636363636363636,neutral
FYYCHGGG,19,6,3,9,25,12,0.23636363636363636,neutral
FIYSCNIR,12,13,7,5,25,12,0.23636363636363636,neutral
DLDFRYIN,14,11,3,9,25,12,0.23636363636363636,neutral
FFLDGVFF,18,7,8,4,25,12,0.23636363636363636,neutral
FHHFVICG,18,7,4,8,25,12,0.23636363636363636,neutral
FGCCFGRI,14,11,8,4,25,12,0.23636363636363636,neutral
FFGFSFIG,17,8,8,4,25,12,0.23636363636363636,neutral
CCGISYLY,20,5,4,8,25,12,0.23636363636363636,neutral
FSGCYDHH,15,10,4,8,25,12,0.23636363636363636,neutral
YLYGIVRC,15,10,5,7,25,12,0.23636363636363636,neutral
YSYGCCRF,16,9,5,7,25,12,0.23636363636363636,neutral
CHGLFVGF,12,13,7,5,25,12,0.23636363636363636,neutral
IFGFYSVH,16,9,6,6,25,12,0.23636363636363636,neutral
HCSFVCRL,9,16,5,7,25,12,0.23636363636363636,neutral
ILVLRHCI,16,9,5,7,25,12,0.23636363636363636,neutral
GYFGSDIR,75,60,43,53,135,96,0.23636363636363636,neutral
CLCRGCSV,17,8,5,7,25,12,0.23636363636363636,neutral
FFCNICYR,16,9,4,8,25,12,0.23636363636363636,neutral
CCCDCLVI,15,10,7,5,25,12,0.23636363636363636,neutral
FLCSRGHC,42,38,24,30,80,54,0.23636363636363636,neutral
FHCCVHVL,47,33,18,36,80,54,0.23636363636363636,neutral
CFRYCYGY,14,11,5,7,25,12,0.23636363636363636,neutral
YNHSGYLH,39,24,20,21,63,41,0.23655913978494625,neutral
FYHFNGCF,35,28,18,23,63,41,0.23655913978494625,neutral
FDFFYSRF,40,23,23,18,63,41,0.23655913978494625,neutral
VISICGCI,34,29,22,19,63,41,0.23655913978494625,neutral
YYFGLGHC,60,41,35,35,101,70,0.2366412213740458,neutral
VIFGLGCC,30,16,11,17,46,28,0.23684210526315788,neutral
SLINCYLY,25,21,13,15,46,28,0.23684210526315788,neutral
FLCRCGSH,26,20,14,14,46,28,0.23684210526315788,neutral
DRDSCDYV,23,23,15,13,46,28,0.23684210526315788,neutral
HVGYYLSG,29,17,13,15,46,28,0.23684210526315788,neutral
IYDFCFSS,29,17,10,18,46,28,0.23684210526315788,neutral
FCVNYHGD,26,20,15,13,46,28,0.23684210526315788,neutral
VLRSGFVY,27,19,9,19,46,28,0.23684210526315788,neutral
CLFRGGLR,51,33,29,28,84,57,0.23684210526315788,neutral
LFCVCSSH,30,16,14,14,46,28,0.23684210526315788,neutral
LFCFLHDV,29,17,12,16,46,28,0.23684210526315788,neutral
FDICFGLY,27,19,14,14,46,28,0.23684210526315788,neutral
RFVRYDGR,61,44,40,33,105,73,0.23703703703703705,neutral
SCFRDIFY,62,43,30,43,105,73,0.23703703703703705,neutral
RIGDFVCG,43,24,21,23,67,44,0.23711340206185566,neutral
ICYHVGNC,38,29,21,23,67,44,0.23711340206185566,neutral
CLIGCFSS,41,26,24,20,67,44,0.23711340206185566,neutral
FFFCSRHC,37,30,22,22,67,44,0.23711340206185566,neutral
IDFSCLRC,39,28,18,26,67,44,0.23711340206185566,neutral
IYCNVVVY,20,9,9,6,29,15,0.23728813559322035,neutral
RFGLCYVD,21,8,8,7,29,15,0.23728813559322035,neutral
YFRCCVRG,21,8,6,9,29,15,0.23728813559322035,neutral
FFFLCGLD,18,11,7,8,29,15,0.23728813559322035,neutral
CCDINCGC,18,11,9,6,29,15,0.23728813559322035,neutral
YFHFSFVG,16,13,10,5,29,15,0.23728813559322035,neutral
ICGLCFDN,16,13,3,12,29,15,0.23728813559322035,neutral
FFICGNCV,17,12,9,6,29,15,0.23728813559322035,neutral
YVYFDCDF,20,9,10,5,29,15,0.23728813559322035,neutral
CHVNNNYF,16,13,8,7,29,15,0.23728813559322035,neutral
FGICDSFV,23,6,4,11,29,15,0.23728813559322035,neutral
CFGDFFLC,17,12,7,8,29,15,0.23728813559322035,neutral
DVFDSFVL,21,8,8,7,29,15,0.23728813559322035,neutral
YYCHGFIF,18,11,7,8,29,15,0.23728813559322035,neutral
YDLFLSGL,15,14,7,8,29,15,0.23728813559322035,neutral
CGFFRSIH,24,5,8,7,29,15,0.23728813559322035,neutral
VFGCDGCG,52,36,28,32,88,60,0.23728813559322035,neutral
RNFRFLCF,23,6,6,9,29,15,0.23728813559322035,neutral
CCCRHCYC,18,11,8,7,29,15,0.23728813559322035,neutral
IYGCSGDI,64,45,34,42,109,76,0.23741007194244604,neutral
NFSNGYGR,31,19,11,20,50,31,0.2375,neutral
FLRHCIDS,33,17,18,13,50,31,0.2375,neutral
RVFCYSFR,30,20,12,19,50,31,0.2375,neutral
CYDCHSRI,29,21,24,7,50,31,0.2375,neutral
YLVVGCYH,28,22,13,18,50,31,0.2375,neutral
FLLFLDNR,27,23,14,17,50,31,0.2375,neutral
VILGCDSC,32,18,16,15,50,31,0.2375,neutral
FIHVGCLV,43,28,14,33,71,47,0.2376237623762376,neutral
DFVFRVHG,44,27,19,28,71,47,0.2376237623762376,neutral
YFFNVYSG,42,29,20,27,71,47,0.2376237623762376,neutral
YSFGVVCG,41,30,24,23,71,47,0.2376237623762376,neutral
VFHDFIGS,43,28,27,20,71,47,0.2376237623762376,neutral
FDDRDDHG,53,39,31,32,92,63,0.23770491803278687,neutral
FVCGSGCL,53,39,24,39,92,63,0.23770491803278687,neutral
FVIRHCDV,51,41,30,33,92,63,0.23770491803278687,neutral
FISVNIRH,64,49,38,41,113,79,0.23776223776223776,neutral
LCFDCRIV,64,49,31,48,113,79,0.23776223776223776,neutral
YGNVGCIR,87,68,57,54,155,111,0.23783783783783785,neutral
VVLFCGFC,7,5,2,0,12,2,0.23809523809523808,neutral
YSCGYCDN,14,19,9,9,33,18,0.23809523809523808,neutral
FFGGGCVY,24,9,7,11,33,18,0.23809523809523808,neutral
DYGIIFGY,18,15,8,10,33,18,0.23809523809523808,neutral
FVYLVVGC,7,5,1,1,12,2,0.23809523809523808,neutral
SLVIILYC,6,6,2,0,12,2,0.23809523809523808,neutral
ICFLRDGH,36,18,14,20,54,34,0.23809523809523808,neutral
FFFIIDCC,10,2,1,1,12,2,0.23809523809523808,neutral
FCVVCFCH,5,7,1,1,12,2,0.23809523809523808,neutral
FSCYYDGC,24,9,8,10,33,18,0.23809523809523808,neutral
SDCCRVGF,67,50,47,35,117,82,0.23809523809523808,neutral
GSHGNGYF,46,29,28,22,75,50,0.23809523809523808,neutral
RDGGGFFR,20,13,6,12,33,18,0.23809523809523808,neutral
CYRVISVC,47,28,28,22,75,50,0.23809523809523808,neutral
FDRHFIIY,3,9,1,1,12,2,0.23809523809523808,neutral
FSVSCYRI,21,12,11,7,33,18,0.23809523809523808,neutral
DIRFSIYI,5,7,1,1,12,2,0.23809523809523808,neutral
YGGYGLIF,24,9,7,11,33,18,0.23809523809523808,neutral
GCSVRGFV,31,23,15,19,54,34,0.23809523809523808,neutral
SHDDIFCR,6,6,2,0,12,2,0.23809523809523808,neutral
YCCVSLDL,9,3,1,1,12,2,0.23809523809523808,neutral
CLLFGFCH,6,6,2,0,12,2,0.23809523809523808,neutral
VSYICVGS,30,24,19,15,54,34,0.23809523809523808,neutral
LIHCSFCV,21,12,8,10,33,18,0.23809523809523808,neutral
FGCRRCVS,28,26,14,20,54,34,0.23809523809523808,neutral
SIVRCYCV,7,5,1,1,12,2,0.23809523809523808,neutral
FFCINSVR,7,5,1,1,12,2,0.23809523809523808,neutral
FCVCVVDG,18,15,7,11,33,18,0.23809523809523808,neutral
CGFVCSVD,31,23,14,20,54,34,0.23809523809523808,neutral
FCDCVFGF,18,15,12,6,33,18,0.23809523809523808,neutral
CFFFFVRC,8,4,1,1,12,2,0.23809523809523808,neutral
CDIYGGFL,7,5,1,1,12,2,0.23809523809523808,neutral
FFYDYYIV,6,6,2,0,12,2,0.23809523809523808,neutral
CHCGGGHL,20,13,9,9,33,18,0.23809523809523808,neutral
RFVIFCVI,4,8,1,1,12,2,0.23809523809523808,neutral
DVHDGFYF,24,9,7,11,33,18,0.23809523809523808,neutral
LFFVICIV,6,6,1,1,12,2,0.23809523809523808,neutral
CCYLFSYL,7,5,1,1,12,2,0.23809523809523808,neutral
SCGRCLHG,78,60,47,51,138,98,0.23809523809523808,neutral
HFCVVHFC,6,6,1,1,12,2,0.23809523809523808,neutral
SDFYVDSG,32,22,15,19,54,34,0.23809523809523808,neutral
IYFGNVVG,10,2,2,0,12,2,0.23809523809523808,neutral
VSVRLVDG,22,11,5,13,33,18,0.23809523809523808,neutral
NHFHNCFI,8,4,0,2,12,2,0.23809523809523808,neutral
CFLIFFIL,7,5,0,2,12,2,0.23809523809523808,neutral
FFDGLSGD,23,10,7,11,33,18,0.23809523809523808,neutral
FNGCLLCG,8,4,1,1,12,2,0.23809523809523808,neutral
CCVRFVGI,8,4,0,2,12,2,0.23809523809523808,neutral
FHFVFCFR,9,3,1,1,12,2,0.23809523809523808,neutral
ILVIFFHG,10,2,1,1,12,2,0.23809523809523808,neutral
FCFGFCYG,19,14,10,8,33,18,0.23809523809523808,neutral
CFYFVLCC,9,3,0,2,12,2,0.23809523809523808,neutral
FRDYSLGC,95,85,63,67,180,130,0.23809523809523808,neutral
GFIVYCDV,22,11,10,8,33,18,0.23809523809523808,neutral
VRDIICCF,28,26,17,17,54,34,0.23809523809523808,neutral
DCSFVSFV,22,11,8,10,33,18,0.23809523809523808,neutral
FIDYLNGG,20,13,10,8,33,18,0.23809523809523808,neutral
FNYSFFYG,36,18,16,18,54,34,0.23809523809523808,neutral
LCHYVIFL,5,7,1,1,12,2,0.23809523809523808,neutral
ICLYIFGC,10,2,2,0,12,2,0.23809523809523808,neutral
LLGNRGFR,21,12,5,13,33,18,0.23809523809523808,neutral
VVHVVIGH,4,8,2,0,12,2,0.23809523809523808,neutral
CCCSFYYH,9,3,0,2,12,2,0.23809523809523808,neutral
DNSLYGYF,7,5,2,0,12,2,0.23809523809523808,neutral
FCVGSCCH,7,5,1,1,12,2,0.23809523809523808,neutral
INVGFCSI,33,21,18,16,54,34,0.23809523809523808,neutral
GFRRYYCL,19,14,10,8,33,18,0.23809523809523808,neutral
FSRFGCFL,19,14,7,11,33,18,0.23809523809523808,neutral
DCYRHFLL,12,0,2,0,12,2,0.23809523809523808,neutral
VCYCDGFH,34,20,15,19,54,34,0.23809523809523808,neutral
FSRVICVY,11,1,1,1,12,2,0.23809523809523808,neutral
NYCGCIIL,4,8,2,0,12,2,0.23809523809523808,neutral
VNRFRYNH,28,26,12,22,54,34,0.23809523809523808,neutral
NFLCSCGS,26,28,20,14,54,34,0.23809523809523808,neutral
CCIFYDLC,7,5,1,1,12,2,0.23809523809523808,neutral
NYFDLDLV,9,3,1,1,12,2,0.23809523809523808,neutral
LDRLHVGF,17,16,7,11,33,18,0.23809523809523808,neutral
FYGCCFSG,67,54,42,43,121,85,0.23841059602649006,neutral
CYRFSGVS,69,52,40,45,121,85,0.23841059602649006,neutral
CCVGRRRC,57,43,37,32,100,69,0.23846153846153847,neutral
CFYGRLSH,55,45,32,37,100,69,0.23846153846153847,neutral
VCHGSFFI,47,32,31,22,79,53,0.23853211009174313,neutral
VCVGHCYR,48,31,22,31,79,53,0.23853211009174313,neutral
YCVYRLHS,35,23,19,18,58,37,0.23863636363636365,neutral
LFFFDLCG,26,32,16,21,58,37,0.23863636363636365,neutral
CFVICRCS,31,27,17,20,58,37,0.23863636363636365,neutral
LYCSCGNY,37,21,15,22,58,37,0.23863636363636365,neutral
YLGYGCSR,38,20,21,16,58,37,0.23863636363636365,neutral
DGCVCSCG,37,21,11,26,58,37,0.23863636363636365,neutral
CYGCNGHD,28,30,16,21,58,37,0.23863636363636365,neutral
VLSLVCRC,18,19,10,11,37,21,0.23880597014925373,neutral
RCICLGFD,60,44,29,43,104,72,0.23880597014925373,neutral
CIGFDFSS,26,11,8,13,37,21,0.23880597014925373,neutral
VLVCYDVH,58,46,34,38,104,72,0.23880597014925373,neutral
CLFFGYSV,22,15,9,12,37,21,0.23880597014925373,neutral
FDVLGCRL,23,14,12,9,37,21,0.23880597014925373,neutral
RGCFVHCC,22,15,9,12,37,21,0.23880597014925373,neutral
SYSCVHCL,23,14,11,10,37,21,0.23880597014925373,neutral
LSCVCYHV,21,16,11,10,37,21,0.23880597014925373,neutral
LVYVHSDV,25,12,16,5,37,21,0.23880597014925373,neutral
GCGLSGFV,60,44,32,40,104,72,0.23880597014925373,neutral
NRCCGVVF,26,11,9,12,37,21,0.23880597014925373,neutral
DDNFYIHG,24,13,10,11,37,21,0.23880597014925373,neutral
DCVLYSNS,25,12,8,13,37,21,0.23880597014925373,neutral
RFIRHCCG,53,51,33,39,104,72,0.23880597014925373,neutral
GVVSCRCF,20,17,13,8,37,21,0.23880597014925373,neutral
FIGCCHDC,25,12,10,11,37,21,0.23880597014925373,neutral
RFYDYDGF,20,17,8,13,37,21,0.23880597014925373,neutral
FSCFCCGR,18,19,9,12,37,21,0.23880597014925373,neutral
FGCCVFGR,24,13,11,10,37,21,0.23880597014925373,neutral
LYGDNSFN,51,32,30,26,83,56,0.23893805309734514,neutral
LYCHNRIR,50,33,30,26,83,56,0.23893805309734514,neutral
SVDCFFGF,51,32,23,33,83,56,0.23893805309734514,neutral
LIVNLYGG,50,33,26,30,83,56,0.23893805309734514,neutral
VCGVDCFG,48,35,25,31,83,56,0.23893805309734514,neutral
GNLVYNRH,49,34,28,28,83,56,0.23893805309734514,neutral
CVNYFCVD,36,26,24,16,62,40,0.2391304347826087,neutral
FFCDHIYL,9,7,2,3,16,5,0.2391304347826087,neutral
IYGFIRCV,6,10,1,4,16,5,0.2391304347826087,neutral
LHLCCHHC,13,3,2,3,16,5,0.2391304347826087,neutral
NHFLNGFN,10,6,2,3,16,5,0.2391304347826087,neutral
LNDFFHIR,14,2,3,2,16,5,0.2391304347826087,neutral
FLFCDNVY,6,10,1,4,16,5,0.2391304347826087,neutral
IVCGFGGL,10,6,2,3,16,5,0.2391304347826087,neutral
LRVCYYIR,12,4,3,2,16,5,0.2391304347826087,neutral
FCFYDIYC,9,7,0,5,16,5,0.2391304347826087,neutral
GLGIYSYY,7,9,2,3,16,5,0.2391304347826087,neutral
VHDSGFDL,12,4,5,0,16,5,0.2391304347826087,neutral
FYCRIGVH,38,24,17,23,62,40,0.2391304347826087,neutral
YFGLICHR,6,10,0,5,16,5,0.2391304347826087,neutral
FSRFNFLH,12,4,3,2,16,5,0.2391304347826087,neutral
HFGNCFFS,8,8,3,2,16,5,0.2391304347826087,neutral
FNYVLCDF,8,8,3,2,16,5,0.2391304347826087,neutral
FFVGYCGH,38,24,19,21,62,40,0.2391304347826087,neutral
FDFCCRDG,62,46,37,38,108,75,0.2391304347826087,neutral
LSRSFGHY,10,6,2,3,16,5,0.2391304347826087,neutral
FCVGCIFV,9,7,4,1,16,5,0.2391304347826087,neutral
SCYHSYRV,7,9,0,5,16,5,0.2391304347826087,neutral
LCGFCFYY,7,9,3,2,16,5,0.2391304347826087,neutral
GDHCCFSV,12,4,3,2,16,5,0.2391304347826087,neutral
VILCYLLD,12,4,1,4,16,5,0.2391304347826087,neutral
NCIDFGCC,13,3,3,2,16,5,0.2391304347826087,neutral
IVHIHIIY,13,3,2,3,16,5,0.2391304347826087,neutral
RSSGVDSG,9,7,4,1,16,5,0.2391304347826087,neutral
CFYGLCNI,8,8,3,2,16,5,0.2391304347826087,neutral
HIHILCVR,13,3,2,3,16,5,0.2391304347826087,neutral
FDFGLFFI,13,3,3,2,16,5,0.2391304347826087,neutral
FISNVYYG,11,5,2,3,16,5,0.2391304347826087,neutral
FCGGHYYH,13,3,3,2,16,5,0.2391304347826087,neutral
DFFVILVL,9,7,2,3,16,5,0.2391304347826087,neutral
CFCYYCHV,9,7,3,2,16,5,0.2391304347826087,neutral
CYRDFFCH,12,4,4,1,16,5,0.2391304347826087,neutral
NCSLCVLD,8,8,4,1,16,5,0.2391304347826087,neutral
CCGHRVLC,12,4,1,4,16,5,0.2391304347826087,neutral
FSSFCHGR,32,30,26,14,62,40,0.2391304347826087,neutral
NFRCNFHY,12,4,3,2,16,5,0.2391304347826087,neutral
FYCCDFGD,12,4,4,1,16,5,0.2391304347826087,neutral
GYRYGCYF,11,5,3,2,16,5,0.2391304347826087,neutral
CSCYVFCC,14,2,2,3,16,5,0.2391304347826087,neutral
FSCGSFGD,10,6,4,1,16,5,0.2391304347826087,neutral
CNNCCGGD,9,7,2,3,16,5,0.2391304347826087,neutral
VFSDYLLV,11,5,2,3,16,5,0.2391304347826087,neutral
CFFVNDCL,13,3,2,3,16,5,0.2391304347826087,neutral
FHRCFCDF,51,36,24,35,87,59,0.23931623931623933,neutral
CFSCDLRV,53,34,30,29,87,59,0.23931623931623933,neutral
GINIDFSD,47,40,30,29,87,59,0.23931623931623933,neutral
VRCGNDFH,62,50,39,39,112,78,0.23943661971830985,neutral
CNCRNVHC,26,15,11,13,41,24,0.23943661971830985,neutral
HSCSCHYC,26,15,11,13,41,24,0.23943661971830985,neutral
FCVNRCLV,28,13,10,14,41,24,0.23943661971830985,neutral
RFYLNNCR,20,21,7,17,41,24,0.23943661971830985,neutral
FFSCYFCD,22,19,10,14,41,24,0.23943661971830985,neutral
CFVYVHNI,26,15,13,11,41,24,0.23943661971830985,neutral
LGHFDIYV,26,15,11,13,41,24,0.23943661971830985,neutral
CSCVHSDL,25,16,9,15,41,24,0.23943661971830985,neutral
IGCLHCHR,28,13,10,14,41,24,0.23943661971830985,neutral
RLIFGNIV,30,11,8,16,41,24,0.23943661971830985,neutral
YDLDVIRH,26,15,10,14,41,24,0.23943661971830985,neutral
VDCVFLSC,25,16,18,6,41,24,0.23943661971830985,neutral
YVVCCVGR,26,15,11,13,41,24,0.23943661971830985,neutral
DLHINYGC,28,13,15,9,41,24,0.23943661971830985,neutral
ICCDISCF,21,20,14,10,41,24,0.23943661971830985,neutral
IYYSCDGR,22,19,11,13,41,24,0.23943661971830985,neutral
VNSGHYGR,25,16,11,13,41,24,0.23943661971830985,neutral
RCNVNHCF,38,28,23,20,66,43,0.23958333333333334,neutral
LILDCLCL,42,24,21,22,66,43,0.23958333333333334,neutral
FCSCVNSR,38,28,19,24,66,43,0.23958333333333334,neutral
VFSNCFCF,51,40,31,31,91,62,0.2396694214876033,neutral
RCFYDIGF,26,19,14,13,45,27,0.24,neutral
ILRNIFVH,27,18,13,14,45,27,0.24,neutral
FILDVCVG,27,18,10,17,45,27,0.24,neutral
HDYNNSLV,55,40,33,32,95,65,0.24,neutral
CDFCYGGG,26,19,8,19,45,27,0.24,neutral
FYGDYCCF,13,7,5,3,20,8,0.24,neutral
CCGIHGGC,10,10,3,5,20,8,0.24,neutral
FLVYNHRC,14,6,3,5,20,8,0.24,neutral
LFYGFCDR,17,3,2,6,20,8,0.24,neutral
SILVYHGC,32,13,13,14,45,27,0.24,neutral
CCCCDIDR,41,29,18,28,70,46,0.24,neutral
YCYYSLCL,10,10,5,3,20,8,0.24,neutral
VVDGFVLC,37,33,26,20,70,46,0.24,neutral
FDGGSRFI,16,4,2,6,20,8,0.24,neutral
LYSCVDNF,15,5,4,4,20,8,0.24,neutral
FFVYYFFH,13,7,3,5,20,8,0.24,neutral
CDDHCYYG,14,6,3,5,20,8,0.24,neutral
CLRVFFHR,15,5,3,5,20,8,0.24,neutral
CCGVCCNH,9,11,3,5,20,8,0.24,neutral
VFFSVHCG,28,17,11,16,45,27,0.24,neutral
CYNSFCVS,29,16,11,16,45,27,0.24,neutral
CCGFCGDL,6,14,3,5,20,8,0.24,neutral
YYCCGSGD,12,8,4,4,20,8,0.24,neutral
FVRCIGDC,34,36,18,28,70,46,0.24,neutral
YYYGNVVV,42,28,24,22,70,46,0.24,neutral
LHFCYFSS,13,7,3,5,20,8,0.24,neutral
RCFSYGYF,15,5,7,1,20,8,0.24,neutral
CYRHVDDL,11,9,3,5,20,8,0.24,neutral
GDLFFVRG,24,21,14,13,45,27,0.24,neutral
SRHYVDFH,11,9,2,6,20,8,0.24,neutral
GCFGFLSI,47,48,34,31,95,65,0.24,neutral
VVFYCIRD,10,10,3,5,20,8,0.24,neutral
YFLGFLDR,14,6,7,1,20,8,0.24,neutral
LFVFDGGC,27,18,16,11,45,27,0.24,neutral
FGFYNCCY,32,13,12,15,45,27,0.24,neutral
FYNCLYYR,11,9,3,5,20,8,0.24,neutral
IRCSNLCF,12,8,2,6,20,8,0.24,neutral
FSDFIICF,13,7,4,4,20,8,0.24,neutral
CVCGNGYS,14,6,6,2,20,8,0.24,neutral
DFGVHYLH,24,21,12,15,45,27,0.24,neutral
FYFGRSHN,29,16,13,14,45,27,0.24,neutral
DCVCIHCV,13,7,4,4,20,8,0.24,neutral
RFCDRGCC,43,27,20,26,70,46,0.24,neutral
IVVFYNCG,15,5,2,6,20,8,0.24,neutral
CCDFCVRY,7,13,4,4,20,8,0.24,neutral
CDFSVLCG,40,30,21,25,70,46,0.24,neutral
YFRHCCHI,27,18,13,14,45,27,0.24,neutral
FYFDCHCF,13,7,5,3,20,8,0.24,neutral
FYGGCILC,7,13,4,4,20,8,0.24,neutral
FFCGYVVG,9,11,2,6,20,8,0.24,neutral
RIFCNGLG,31,14,13,14,45,27,0.24,neutral
GYCDSDSH,55,44,30,38,99,68,0.24031007751937986,neutral
FYDFNISG,45,29,28,21,74,49,0.2403846153846154,neutral
FDVCGCGL,44,30,23,26,74,49,0.2403846153846154,neutral
IFCGCGGS,44,30,18,31,74,49,0.2403846153846154,neutral
CIRSNVCY,46,28,30,19,74,49,0.2403846153846154,neutral
GHGFLGDG,46,28,23,26,74,49,0.2403846153846154,neutral
IDCCLFCS,31,18,11,19,49,30,0.24050632911392406,neutral
FGYCSCCH,28,21,13,17,49,30,0.24050632911392406,neutral
FHYSDFLC,22,27,13,17,49,30,0.24050632911392406,neutral
YCFIFGHS,30,19,15,15,49,30,0.24050632911392406,neutral
GHNFCCFY,33,16,13,17,49,30,0.24050632911392406,neutral
SFSFSSDC,32,17,10,20,49,30,0.24050632911392406,neutral
IFVYGGGG,26,23,12,18,49,30,0.24050632911392406,neutral
YVCIGGGV,32,17,17,13,49,30,0.24050632911392406,neutral
FDVCGFCF,26,23,11,19,49,30,0.24050632911392406,neutral
VYVSGGGG,30,19,20,10,49,30,0.24050632911392406,neutral
RIIHLDHC,31,18,15,15,49,30,0.24050632911392406,neutral
GHYYCYFR,29,20,17,13,49,30,0.24050632911392406,neutral
IYCVCYNH,14,10,4,7,24,11,0.24074074074074073,neutral
YGDCGYSF,18,6,6,5,24,11,0.24074074074074073,neutral
FYCFRDHS,13,11,6,5,24,11,0.24074074074074073,neutral
FICCFDDD,13,11,5,6,24,11,0.24074074074074073,neutral
HSVGFYRD,12,12,7,4,24,11,0.24074074074074073,neutral
CRFIYDHR,12,12,5,6,24,11,0.24074074074074073,neutral
ISLFVFLD,16,8,4,7,24,11,0.24074074074074073,neutral
VCFLDGHG,15,9,8,3,24,11,0.24074074074074073,neutral
VFLYRRRH,43,35,24,28,78,52,0.24074074074074073,neutral
FRDLSLLF,13,11,5,6,24,11,0.24074074074074073,neutral
CCDFGIHF,13,11,6,5,24,11,0.24074074074074073,neutral
LCYDGFVV,16,8,5,6,24,11,0.24074074074074073,neutral
SYFGSNSC,14,10,4,7,24,11,0.24074074074074073,neutral
GHISRYFS,14,10,5,6,24,11,0.24074074074074073,neutral
YYYCHGCI,19,5,6,5,24,11,0.24074074074074073,neutral
NCLCVFDD,15,9,4,7,24,11,0.24074074074074073,neutral
IIGIIDVC,17,7,9,2,24,11,0.24074074074074073,neutral
HFYFVDVV,14,10,6,5,24,11,0.24074074074074073,neutral
VFDNGISL,11,13,3,8,24,11,0.24074074074074073,neutral
CYDVLFHH,18,6,5,6,24,11,0.24074074074074073,neutral
LYFGHVGL,10,14,4,7,24,11,0.24074074074074073,neutral
LCYNCGHV,32,21,17,16,53,33,0.24096385542168675,neutral
YLNGFYFV,36,17,18,15,53,33,0.24096385542168675,neutral
GCSRFSFG,35,18,15,18,53,33,0.24096385542168675,neutral
CCGGSSFG,33,20,17,16,53,33,0.24096385542168675,neutral
FRCRYGGV,34,19,18,15,53,33,0.24096385542168675,neutral
ICFRYDYL,36,17,13,20,53,33,0.24096385542168675,neutral
YGVFDVLF,32,21,17,16,53,33,0.24096385542168675,neutral
CGFRLSSG,50,32,29,26,82,55,0.24107142857142858,neutral
LSGVLSYV,65,46,37,40,111,77,0.24113475177304963,neutral
NFSLDRYD,63,48,37,40,111,77,0.24113475177304963,neutral
VYLSCGRF,18,10,8,6,28,14,0.2413793103448276,neutral
CNFYGDSY,18,10,6,8,28,14,0.2413793103448276,neutral
DFVFVRYG,16,12,6,8,28,14,0.2413793103448276,neutral
ISIGCLFC,38,19,12,24,57,36,0.2413793103448276,neutral
NCFCLGCV,13,15,3,11,28,14,0.2413793103448276,neutral
FDRCGLFF,20,8,7,7,28,14,0.2413793103448276,neutral
LYNGLDGL,38,19,18,18,57,36,0.2413793103448276,neutral
LRNVCCCR,19,9,7,7,28,14,0.2413793103448276,neutral
CCLGHHRY,20,8,9,5,28,14,0.2413793103448276,neutral
IFFNHCVH,35,22,19,17,57,36,0.2413793103448276,neutral
DLCGLCIS,19,9,8,6,28,14,0.2413793103448276,neutral
CCDFCCDN,16,12,6,8,28,14,0.2413793103448276,neutral
HGSVGYLV,7,21,4,10,28,14,0.2413793103448276,neutral
GDSYGVCR,64,51,45,35,115,80,0.2413793103448276,neutral
CNLDFSGV,20,8,4,10,28,14,0.2413793103448276,neutral
FLCVHRYV,18,10,5,9,28,14,0.2413793103448276,neutral
HDLCYHFD,15,13,10,4,28,14,0.2413793103448276,neutral
LYFDCFDV,12,16,10,4,28,14,0.2413793103448276,neutral
FFHGLFVH,17,11,10,4,28,14,0.2413793103448276,neutral
CFCCCFCS,20,8,8,6,28,14,0.2413793103448276,neutral
FYFRDLRL,35,22,19,17,57,36,0.2413793103448276,neutral
VSHCCVFH,38,19,18,18,57,36,0.2413793103448276,neutral
GICCCNHI,15,13,3,11,28,14,0.2413793103448276,neutral
CDFYVGSI,16,12,4,10,28,14,0.2413793103448276,neutral
GYVRGDGY,31,26,18,18,57,36,0.2413793103448276,neutral
CVCHCSVI,14,14,7,7,28,14,0.2413793103448276,neutral
CVVGHYFY,31,26,16,20,57,36,0.2413793103448276,neutral
HGDHFYCI,15,13,5,9,28,14,0.2413793103448276,neutral
HCLYGDSG,15,13,8,6,28,14,0.2413793103448276,neutral
DLLSGCCY,17,11,3,11,28,14,0.2413793103448276,neutral
VYDCCYIC,35,22,17,19,57,36,0.2413793103448276,neutral
FRRNDVCY,21,7,6,8,28,14,0.2413793103448276,neutral
ICVVDLCF,32,25,14,22,57,36,0.2413793103448276,neutral
CLVSHYVV,17,11,8,6,28,14,0.2413793103448276,neutral
HNLGCFVF,18,10,10,4,28,14,0.2413793103448276,neutral
FDCFVDDV,49,37,28,30,86,58,0.2413793103448276,neutral
DHRFVVYN,16,12,6,8,28,14,0.2413793103448276,neutral
SNCCHLGY,36,21,20,16,57,36,0.2413793103448276,neutral
FCFDYVVL,17,11,9,5,28,14,0.2413793103448276,neutral
CLGGLGLF,53,37,23,38,90,61,0.24166666666666667,neutral
LGYVISHL,53,37,29,32,90,61,0.24166666666666667,neutral
INRHDRCN,50,40,25,36,90,61,0.24166666666666667,neutral
LGDRDCSF,54,36,29,32,90,61,0.24166666666666667,neutral
CFHCNVIH,36,25,21,18,61,39,0.24175824175824176,neutral
FVLIDHYF,38,23,17,22,61,39,0.24175824175824176,neutral
HICRDHCH,39,22,20,19,61,39,0.24175824175824176,neutral
CVVVDGFV,40,21,24,15,61,39,0.24175824175824176,neutral
DLCGDFNN,68,55,34,52,123,86,0.24183006535947713,neutral
YHCIHCDI,16,16,5,12,32,17,0.24193548387096775,neutral
HVYYGLCG,20,12,6,11,32,17,0.24193548387096775,neutral
FLFGSRHL,20,12,8,9,32,17,0.24193548387096775,neutral
INYCRCRG,22,10,8,9,32,17,0.24193548387096775,neutral
ICSCNYHD,24,8,9,8,32,17,0.24193548387096775,neutral
NHVIYSGF,21,11,6,11,32,17,0.24193548387096775,neutral
IYCNYSCS,15,17,7,10,32,17,0.24193548387096775,neutral
FHHFYFLY,21,11,11,6,32,17,0.24193548387096775,neutral
FFNVHGYL,20,12,8,9,32,17,0.24193548387096775,neutral
YVLFGRLR,25,7,8,9,32,17,0.24193548387096775,neutral
FYHGDIRI,15,17,7,10,32,17,0.24193548387096775,neutral
SYRDGSYC,23,9,9,8,32,17,0.24193548387096775,neutral
CFFHSVYV,18,14,2,15,32,17,0.24193548387096775,neutral
FCFHVHSN,14,18,7,10,32,17,0.24193548387096775,neutral
CLVGLGCY,16,16,7,10,32,17,0.24193548387096775,neutral
VFDVLCSF,41,24,19,23,65,42,0.24210526315789474,neutral
FRGYVGYH,41,24,25,17,65,42,0.24210526315789474,neutral
HGIVFRCD,40,25,22,20,65,42,0.24210526315789474,neutral
HCIRLCSV,34,31,21,21,65,42,0.24210526315789474,neutral
ICRGDSCG,40,25,21,21,65,42,0.24210526315789474,neutral
IYGSRGFD,74,57,43,49,131,92,0.2422360248447205,neutral
HDDRFVGF,21,15,8,12,36,20,0.24242424242424243,neutral
IYSFFDLG,23,13,11,9,36,20,0.24242424242424243,neutral
RCNCGCYD,25,11,9,11,36,20,0.24242424242424243,neutral
LNCNVDCF,21,15,5,15,36,20,0.24242424242424243,neutral
LCSHCGFS,57,45,41,29,102,70,0.24242424242424243,neutral
YFGCILGV,27,9,8,12,36,20,0.24242424242424243,neutral
YVCFIGYV,21,15,10,10,36,20,0.24242424242424243,neutral
GYFDCCRL,16,20,14,6,36,20,0.24242424242424243,neutral
VSDVRDSG,41,28,26,19,69,45,0.24242424242424243,neutral
VFISGYYV,20,16,12,8,36,20,0.24242424242424243,neutral
NYSLFRVG,44,25,20,25,69,45,0.24242424242424243,neutral
FFCFCNVH,26,10,7,13,36,20,0.24242424242424243,neutral
SVFGFRIY,22,14,9,11,36,20,0.24242424242424243,neutral
FHSGYGRL,39,30,22,23,69,45,0.24242424242424243,neutral
NVDGRGYV,19,17,10,10,36,20,0.24242424242424243,neutral
CLSNSCIG,77,58,43,52,135,95,0.24242424242424243,neutral
FYDYVCCR,42,27,19,26,69,45,0.24242424242424243,neutral
FGFFRVLG,21,15,8,12,36,20,0.24242424242424243,neutral
HCIRRCGG,40,29,20,25,69,45,0.24242424242424243,neutral
YFYDIGVC,26,10,5,15,36,20,0.24242424242424243,neutral
YYCCINIS,18,18,10,10,36,20,0.24242424242424243,neutral
CCDILGRL,26,10,10,10,36,20,0.24242424242424243,neutral
GGNRYVYG,76,63,48,50,139,98,0.24260355029585798,neutral
ICCFSLVH,61,45,43,30,106,73,0.2426470588235294,neutral
FLGVSLIG,41,32,27,21,73,48,0.24271844660194175,neutral
FFHYDCGG,44,29,26,22,73,48,0.24271844660194175,neutral
DGCGFLYI,20,20,12,11,40,23,0.24285714285714285,neutral
LFLNIRYC,26,14,17,6,40,23,0.24285714285714285,neutral
YICSVFDY,25,15,9,14,40,23,0.24285714285714285,neutral
CGYGVCFC,25,15,6,17,40,23,0.24285714285714285,neutral
DLCRLGNY,26,14,13,10,40,23,0.24285714285714285,neutral
FYCNGFIL,24,16,11,12,40,23,0.24285714285714285,neutral
FSFDHVCY,22,18,8,15,40,23,0.24285714285714285,neutral
IFCCGGYN,25,15,9,14,40,23,0.24285714285714285,neutral
CSYFDRSF,23,17,9,14,40,23,0.24285714285714285,neutral
VCDRVNFC,26,14,8,15,40,23,0.24285714285714285,neutral
VFDSCLCV,24,16,10,13,40,23,0.24285714285714285,neutral
CYYLLGVD,44,33,28,23,77,51,0.24299065420560748,neutral
IDGFGSFL,42,35,22,29,77,51,0.24299065420560748,neutral
RVRHVIDG,47,30,23,28,77,51,0.24299065420560748,neutral
YFDFFHSH,24,20,9,17,44,26,0.24324324324324326,neutral
GVFLFVGS,23,21,12,14,44,26,0.24324324324324326,neutral
CRIVNLYG,47,34,24,30,81,54,0.24324324324324326,neutral
SSCSCSVI,50,31,21,33,81,54,0.24324324324324326,neutral
FSFGCGGV,27,17,15,11,44,26,0.24324324324324326,neutral
ILLGHLII,28,16,11,15,44,26,0.24324324324324326,neutral
HGFDLSHI,47,34,30,24,81,54,0.24324324324324326,neutral
VCVGSDGY,50,31,22,32,81,54,0.24324324324324326,neutral
FFCSLGDF,47,34,22,32,81,54,0.24324324324324326,neutral
HRDFFFVS,26,18,18,8,44,26,0.24324324324324326,neutral
NLVRHSGF,48,33,29,25,81,54,0.24324324324324326,neutral
DLVHCCNC,47,34,26,28,81,54,0.24324324324324326,neutral
NYYYDVLF,26,18,13,13,44,26,0.24324324324324326,neutral
LLSGFDCV,24,20,16,10,44,26,0.24324324324324326,neutral
FFSHFIIH,25,19,14,12,44,26,0.24324324324324326,neutral
GGHGDDVF,30,14,16,10,44,26,0.24324324324324326,neutral
FGDVGVCL,28,16,12,14,44,26,0.24324324324324326,neutral
VNVCRYFH,51,34,30,27,85,57,0.24347826086956523,neutral
HYGLVFGI,48,37,27,30,85,57,0.24347826086956523,neutral
LNYCCGFH,46,39,29,28,85,57,0.24347826086956523,neutral
VFLDDFRL,48,37,27,30,85,57,0.24347826086956523,neutral
HHCYGNCS,31,17,15,14,48,29,0.24358974358974358,neutral
FYDCIFRV,31,17,13,16,48,29,0.24358974358974358,neutral
CCFVFFDR,26,22,10,19,48,29,0.24358974358974358,neutral
VLCHFNGR,33,15,15,14,48,29,0.24358974358974358,neutral
NCDCSCCG,30,18,14,15,48,29,0.24358974358974358,neutral
CDDCIRLD,28,20,8,21,48,29,0.24358974358974358,neutral
YYHVSSVH,29,19,17,12,48,29,0.24358974358974358,neutral
YRCFRVVV,30,18,11,18,48,29,0.24358974358974358,neutral
FFFGFVNR,29,19,8,21,48,29,0.24358974358974358,neutral
HIHICCCD,29,19,15,14,48,29,0.24358974358974358,neutral
GFHHVLCF,29,19,13,16,48,29,0.24358974358974358,neutral
NCGDIHLC,30,18,16,13,48,29,0.24358974358974358,neutral
FRYYRVSV,48,41,30,30,89,60,0.24369747899159663,neutral
CHHCCCVL,7,4,1,0,11,1,0.24390243902439024,neutral
LHDIGFDG,33,19,15,17,52,32,0.24390243902439024,neutral
IFVIYCFV,7,4,0,1,11,1,0.24390243902439024,neutral
YIVCVYVY,5,6,0,1,11,1,0.24390243902439024,neutral
IIVFFVIV,8,3,0,1,11,1,0.24390243902439024,neutral
FLLCIGVF,6,5,0,1,11,1,0.24390243902439024,neutral
CIFFCYLY,4,7,1,0,11,1,0.24390243902439024,neutral
VCCNFLCD,32,20,9,23,52,32,0.24390243902439024,neutral
FFCYFVYR,10,1,1,0,11,1,0.24390243902439024,neutral
CFLFSGDR,29,23,19,13,52,32,0.24390243902439024,neutral
IIDHGICD,27,25,14,18,52,32,0.24390243902439024,neutral
LCGVFIGF,7,4,1,0,11,1,0.24390243902439024,neutral
ILVCCGLF,7,4,0,1,11,1,0.24390243902439024,neutral
ICVVCIFF,9,2,1,0,11,1,0.24390243902439024,neutral
GRRRFSVD,6,5,0,1,11,1,0.24390243902439024,neutral
FFLFFCCV,5,6,1,0,11,1,0.24390243902439024,neutral
FFCFFYVC,9,2,0,1,11,1,0.24390243902439024,neutral
YICIFCHC,7,4,1,0,11,1,0.24390243902439024,neutral
GIHYVNCN,34,18,13,19,52,32,0.24390243902439024,neutral
YCLRGLHR,7,4,0,1,11,1,0.24390243902439024,neutral
FICVHFVH,9,2,1,0,11,1,0.24390243902439024,neutral
FVFHVLFV,8,3,0,1,11,1,0.24390243902439024,neutral
GYLFFCLF,8,3,0,1,11,1,0.24390243902439024,neutral
VFGCYLFI,6,5,0,1,11,1,0.24390243902439024,neutral
FLCYVRVY,7,4,0,1,11,1,0.24390243902439024,neutral
GGHICCHF,33,19,17,15,52,32,0.24390243902439024,neutral
CCSVNYGC,56,37,34,29,93,63,0.24390243902439024,neutral
FYCYVCHV,8,3,1,0,11,1,0.24390243902439024,neutral
SFNFSYDL,9,2,1,0,11,1,0.24390243902439024,neutral
FIIIGVLC,8,3,0,1,11,1,0.24390243902439024,neutral
IFFFNFSY,5,6,1,0,11,1,0.24390243902439024,neutral
SYFSLVCS,31,21,19,13,52,32,0.24390243902439024,neutral
YFFFFFHV,6,5,1,0,11,1,0.24390243902439024,neutral
CYSIIFFV,7,4,1,0,11,1,0.24390243902439024,neutral
LCCCHCVG,9,2,0,1,11,1,0.24390243902439024,neutral
SFLFYFVF,8,3,1,0,11,1,0.24390243902439024,neutral
FIFCHFIH,6,5,0,1,11,1,0.24390243902439024,neutral
SICCFFCI,7,4,1,0,11,1,0.24390243902439024,neutral
FFCFVILL,7,4,1,0,11,1,0.24390243902439024,neutral
FFLIVVRN,7,4,0,1,11,1,0.24390243902439024,neutral
IYVRLNSD,31,21,13,19,52,32,0.24390243902439024,neutral
FFGCYIYF,8,3,0,1,11,1,0.24390243902439024,neutral
FYYFCVRG,6,5,0,1,11,1,0.24390243902439024,neutral
HLLVFYRR,8,3,1,0,11,1,0.24390243902439024,neutral
CCCDGIFG,6,5,0,1,11,1,0.24390243902439024,neutral
YRGYYYFR,7,4,0,1,11,1,0.24390243902439024,neutral
FFIIHYSG,5,6,1,0,11,1,0.24390243902439024,neutral
LHVVDFIR,8,3,1,0,11,1,0.24390243902439024,neutral
CSYLYVIC,5,6,1,0,11,1,0.24390243902439024,neutral
CRYFCRIF,8,3,0,1,11,1,0.24390243902439024,neutral
FVLCLFFS,4,7,0,1,11,1,0.24390243902439024,neutral
NFYYHHRC,7,4,1,0,11,1,0.24390243902439024,neutral
YFCFFVFY,7,4,0,1,11,1,0.24390243902439024,neutral
SCGCFCGY,8,3,1,0,11,1,0.24390243902439024,neutral
RCFCCYNV,6,5,0,1,11,1,0.24390243902439024,neutral
FFVIFIRY,7,4,0,1,11,1,0.24390243902439024,neutral
LNGDVFLY,34,22,12,23,56,35,0.2441860465116279,neutral
HVGFVYFG,30,26,24,11,56,35,0.2441860465116279,neutral
YGYCYNYL,29,27,16,19,56,35,0.2441860465116279,neutral
NVGYICFN,37,19,17,18,56,35,0.2441860465116279,neutral
FLFYGDLL,37,19,18,17,56,35,0.2441860465116279,neutral
LCFDFLCD,33,23,21,14,56,35,0.2441860465116279,neutral
GCGYHFIS,31,25,16,19,56,35,0.2441860465116279,neutral
FHGCGCGD,34,22,16,19,56,35,0.2441860465116279,neutral
LCHCGGFG,35,21,16,19,56,35,0.2441860465116279,neutral
RRDIHFGH,32,24,18,17,56,35,0.2441860465116279,neutral
FIYGLHLH,33,23,13,22,56,35,0.2441860465116279,neutral
LYIGGLVY,59,42,41,28,101,69,0.24427480916030533,neutral
IGFVYVFG,38,22,18,20,60,38,0.24444444444444444,neutral
FILHNFLG,11,4,2,2,15,4,0.24444444444444444,neutral
FVSICCVH,29,31,16,22,60,38,0.24444444444444444,neutral
LSIDYIFG,34,26,19,19,60,38,0.24444444444444444,neutral
CGLGCCLL,11,4,1,3,15,4,0.24444444444444444,neutral
FFCCCVRV,8,7,2,2,15,4,0.24444444444444444,neutral
NFYHRNYN,8,7,2,2,15,4,0.24444444444444444,neutral
FGLHGIGI,35,25,15,23,60,38,0.24444444444444444,neutral
CFVIFRFN,12,3,2,2,15,4,0.24444444444444444,neutral
IFFDIDLG,12,3,2,2,15,4,0.24444444444444444,neutral
VSISYLII,9,6,4,0,15,4,0.24444444444444444,neutral
HYNHFCHI,10,5,0,4,15,4,0.24444444444444444,neutral
RFVFCDYN,34,26,21,17,60,38,0.24444444444444444,neutral
VFGCFVVC,11,4,3,1,15,4,0.24444444444444444,neutral
SFDFYHCF,33,27,12,26,60,38,0.24444444444444444,neutral
FVGFFCCI,9,6,3,1,15,4,0.24444444444444444,neutral
HCRYHCLS,37,23,21,17,60,38,0.24444444444444444,neutral
CCLCVLSF,11,4,1,3,15,4,0.24444444444444444,neutral
SCCCYSYL,11,4,2,2,15,4,0.24444444444444444,neutral
FHCLGRYL,10,5,1,3,15,4,0.24444444444444444,neutral
FFGICCVI,9,6,3,1,15,4,0.24444444444444444,neutral
RICCCFFC,10,5,2,2,15,4,0.24444444444444444,neutral
CNFCLCIF,8,7,2,2,15,4,0.24444444444444444,neutral
CGFCSVYI,9,6,2,2,15,4,0.24444444444444444,neutral
CCLGRFFV,11,4,2,2,15,4,0.24444444444444444,neutral
CIVFGDCH,38,22,13,25,60,38,0.24444444444444444,neutral
YSFDFCGV,8,7,0,4,15,4,0.24444444444444444,neutral
YIHCFFCH,6,9,3,1,15,4,0.24444444444444444,neutral
VCCVNFVF,10,5,3,1,15,4,0.24444444444444444,neutral
VFFVNYYD,9,6,2,2,15,4,0.24444444444444444,neutral
GLNHHCFR,10,5,2,2,15,4,0.24444444444444444,neutral
CGCGVSDI,10,5,1,3,15,4,0.24444444444444444,neutral
ICCYYCLG,10,5,1,3,15,4,0.24444444444444444,neutral
NIFFCIFR,10,5,1,3,15,4,0.24444444444444444,neutral
RHLCCIVF,11,4,1,3,15,4,0.24444444444444444,neutral
FVCCSFCV,11,4,1,3,15,4,0.24444444444444444,neutral
FNFCYYGG,8,7,3,1,15,4,0.24444444444444444,neutral
SFSCCDYG,63,46,34,41,109,75,0.2446043165467626,neutral
SCVFGFSI,35,29,20,21,64,41,0.24468085106382978,neutral
CVDNNVYV,39,25,23,18,64,41,0.24468085106382978,neutral
FFDYGFFS,38,26,18,23,64,41,0.24468085106382978,neutral
FCVYNCRV,40,24,26,15,64,41,0.24468085106382978,neutral
CFFSYDCG,40,24,14,27,64,41,0.24468085106382978,neutral
LFFDFVFN,39,25,21,20,64,41,0.24468085106382978,neutral
VRVCCLGV,41,23,22,19,64,41,0.24468085106382978,neutral
DGLLGLCV,38,26,14,27,64,41,0.24468085106382978,neutral
CSIVVYSS,13,6,4,3,19,7,0.24489795918367346,neutral
FHCRGVFV,11,8,4,3,19,7,0.24489795918367346,neutral
CYCFDCDY,12,7,3,4,19,7,0.24489795918367346,neutral
YDLCCDRC,11,8,1,6,19,7,0.24489795918367346,neutral
RYYVFGDL,10,9,4,3,19,7,0.24489795918367346,neutral
CIFSYCLD,11,8,2,5,19,7,0.24489795918367346,neutral
CLVVSCGF,14,5,5,2,19,7,0.24489795918367346,neutral
NNLYCYVF,13,6,4,3,19,7,0.24489795918367346,neutral
CSCCLDGI,10,9,6,1,19,7,0.24489795918367346,neutral
CGFFRFFI,8,11,3,4,19,7,0.24489795918367346,neutral
FCFVYNHV,16,3,3,4,19,7,0.24489795918367346,neutral
FCNYFDNH,10,9,4,3,19,7,0.24489795918367346,neutral
ILYCGVRV,40,28,22,22,68,44,0.24489795918367346,neutral
VGFYCNGL,10,9,5,2,19,7,0.24489795918367346,neutral
IYCYGFRC,11,8,5,2,19,7,0.24489795918367346,neutral
CDFCISLI,13,6,2,5,19,7,0.24489795918367346,neutral
LGYFLSLR,13,6,5,2,19,7,0.24489795918367346,neutral
NYVYDSRI,9,10,5,2,19,7,0.24489795918367346,neutral
CLGRGGCC,41,27,14,30,68,44,0.24489795918367346,neutral
LFGCDFSF,67,50,36,45,117,81,0.24489795918367346,neutral
VDCLFFVR,12,7,5,2,19,7,0.24489795918367346,neutral
VCYSCFRG,11,8,4,3,19,7,0.24489795918367346,neutral
RLYRFCHN,12,7,4,3,19,7,0.24489795918367346,neutral
HLCFGGCR,10,9,3,4,19,7,0.24489795918367346,neutral
CHCGFILG,12,7,3,4,19,7,0.24489795918367346,neutral
LCCCHVVG,14,5,3,4,19,7,0.24489795918367346,neutral
FYFSVHRC,10,9,4,3,19,7,0.24489795918367346,neutral
RCYYIGLG,13,6,2,5,19,7,0.24489795918367346,neutral
NHCYYCIF,11,8,2,5,19,7,0.24489795918367346,neutral
GFCDDFCG,13,6,2,5,19,7,0.24489795918367346,neutral
NFCCHVFG,6,13,6,1,19,7,0.24489795918367346,neutral
SCYCISGV,12,7,6,1,19,7,0.24489795918367346,neutral
HYGCIGGV,41,31,25,22,72,47,0.24509803921568626,neutral
VYLGFVGG,41,31,20,27,72,47,0.24509803921568626,neutral
VCDRYGGD,41,31,22,25,72,47,0.24509803921568626,neutral
RCRHCSRD,69,56,43,44,125,87,0.24516129032258063,neutral
IHLVLGVL,17,6,7,3,23,10,0.24528301886792453,neutral
RFIVYYDS,45,31,21,29,76,50,0.24528301886792453,neutral
VRFDCGVG,40,36,30,20,76,50,0.24528301886792453,neutral
FSNRSLFD,15,8,1,9,23,10,0.24528301886792453,neutral
HVHGFVSF,17,6,6,4,23,10,0.24528301886792453,neutral
FYYDFSDH,14,9,4,6,23,10,0.24528301886792453,neutral
CCGCFDFG,15,8,3,7,23,10,0.24528301886792453,neutral
IFCCCFGI,14,9,4,6,23,10,0.24528301886792453,neutral
LHLDSDIC,20,3,7,3,23,10,0.24528301886792453,neutral
YCYRCGGL,17,6,6,4,23,10,0.24528301886792453,neutral
NCGLYNCC,15,8,6,4,23,10,0.24528301886792453,neutral
FICIRGHG,17,6,7,3,23,10,0.24528301886792453,neutral
VYYDYCCR,17,6,6,4,23,10,0.24528301886792453,neutral
CDNGFHLC,15,8,3,7,23,10,0.24528301886792453,neutral
DYLRVFYC,47,29,27,23,76,50,0.24528301886792453,neutral
FCNVYDNG,46,30,26,24,76,50,0.24528301886792453,neutral
IFGDFGSL,16,7,5,5,23,10,0.24528301886792453,neutral
GLYLGCRH,14,9,4,6,23,10,0.24528301886792453,neutral
FFRSCCYI,15,8,6,4,23,10,0.24528301886792453,neutral
HHLGYNIL,16,7,4,6,23,10,0.24528301886792453,neutral
NFFCVVSY,16,7,6,4,23,10,0.24528301886792453,neutral
RCFDCSGL,15,8,7,3,23,10,0.24528301886792453,neutral
GCSCCFGC,16,7,4,6,23,10,0.24528301886792453,neutral
VDFCLGLG,47,29,24,26,76,50,0.24528301886792453,neutral
FICYGNIR,11,12,2,8,23,10,0.24528301886792453,neutral
FCDFFCGL,15,8,4,6,23,10,0.24528301886792453,neutral
FINLDIHG,8,15,5,5,23,10,0.24528301886792453,neutral
FCGLLDFY,46,34,19,34,80,53,0.24545454545454545,neutral
CVFYVDGC,44,36,22,31,80,53,0.24545454545454545,neutral
CFYDRVCL,49,31,21,32,80,53,0.24545454545454545,neutral
FCGDICLR,75,62,42,54,137,96,0.24550898203592814,neutral
RLFRSGGS,21,6,10,3,27,13,0.24561403508771928,neutral
FIIIDFFY,18,9,5,8,27,13,0.24561403508771928,neutral
CFGYFVCH,20,7,8,5,27,13,0.24561403508771928,neutral
VCGCCGGF,19,8,7,6,27,13,0.24561403508771928,neutral
FCVGDLNI,15,12,5,8,27,13,0.24561403508771928,neutral
RFVCISID,20,7,7,6,27,13,0.24561403508771928,neutral
LVCYHNVL,16,11,8,5,27,13,0.24561403508771928,neutral
FGGVFRHL,19,8,5,8,27,13,0.24561403508771928,neutral
VNCGGCCS,17,10,5,8,27,13,0.24561403508771928,neutral
YIDRSLDI,19,8,3,10,27,13,0.24561403508771928,neutral
FFCVNCVI,20,7,5,8,27,13,0.24561403508771928,neutral
YNDIFRYC,21,6,5,8,27,13,0.24561403508771928,neutral
HHYYHYIC,50,34,28,28,84,56,0.24561403508771928,neutral
FFDRRGFH,18,9,8,5,27,13,0.24561403508771928,neutral
RIGYRFDC,79,62,45,54,141,99,0.24561403508771928,neutral
HFCVFGVF,19,8,5,8,27,13,0.24561403508771928,neutral
YFFLNHYL,14,13,9,4,27,13,0.24561403508771928,neutral
GLLVGCLC,52,36,24,35,88,59,0.2457627118644068,neutral
YCVVGFHC,51,37,30,29,88,59,0.2457627118644068,neutral
CGFGGCDI,50,38,29,30,88,59,0.2457627118644068,neutral
DIGLFYDF,18,13,8,8,31,16,0.2459016393442623,neutral
RDYFVRYD,17,14,10,6,31,16,0.2459016393442623,neutral
RLRGYFDF,20,11,6,10,31,16,0.2459016393442623,neutral
CLVCHYVV,22,9,10,6,31,16,0.2459016393442623,neutral
GICVLSCY,23,8,11,5,31,16,0.2459016393442623,neutral
HCCRYGNV,25,6,9,7,31,16,0.2459016393442623,neutral
CCSDICFY,23,8,7,9,31,16,0.2459016393442623,neutral
LHSVVIVH,21,10,7,9,31,16,0.2459016393442623,neutral
GCVCGFLV,21,10,9,7,31,16,0.2459016393442623,neutral
RRSLYNLY,19,12,7,9,31,16,0.2459016393442623,neutral
LFNFDCCC,20,11,9,7,31,16,0.2459016393442623,neutral
FGYFSSII,21,10,8,8,31,16,0.2459016393442623,neutral
FFCIYVDS,23,8,6,10,31,16,0.2459016393442623,neutral
NLCVFVIH,22,9,5,11,31,16,0.2459016393442623,neutral
VCCFVGGC,18,13,8,8,31,16,0.2459016393442623,neutral
FCCGGFDL,21,10,8,8,31,16,0.2459016393442623,neutral
RYCIVVSN,18,13,6,10,31,16,0.2459016393442623,neutral
DNVVNCLL,22,9,9,7,31,16,0.2459016393442623,neutral
GDGLVDDL,21,10,7,9,31,16,0.2459016393442623,neutral
DLSFRIHY,20,11,8,8,31,16,0.2459016393442623,neutral
HSLFGLNI,20,11,8,8,31,16,0.2459016393442623,neutral
IIFCFDVF,16,15,7,9,31,16,0.2459016393442623,neutral
CCFNLFYN,20,11,7,9,31,16,0.2459016393442623,neutral
CIRLHSLH,13,18,9,7,31,16,0.2459016393442623,neutral
YYGFNVDD,23,8,5,11,31,16,0.2459016393442623,neutral
YLCDNVYI,17,14,4,12,31,16,0.2459016393442623,neutral
CIDGNFVH,23,8,5,11,31,16,0.2459016393442623,neutral
CLVGFVLG,18,13,11,5,31,16,0.2459016393442623,neutral
DLIGVCGC,17,14,9,7,31,16,0.2459016393442623,neutral
VSGVYCCV,21,10,6,10,31,16,0.2459016393442623,neutral
VCHVLCDR,56,40,28,37,96,65,0.24603174603174602,neutral
RCGHGLFD,57,39,31,34,96,65,0.24603174603174602,neutral
CIDLSHSC,56,40,28,37,96,65,0.24603174603174602,neutral
GCDIYVSY,22,13,10,9,35,19,0.24615384615384617,neutral
FIRCYDCV,23,12,12,7,35,19,0.24615384615384617,neutral
FIYFIVYH,24,11,8,11,35,19,0.24615384615384617,neutral
YFGFVSVC,24,11,11,8,35,19,0.24615384615384617,neutral
SCYVDCLF,20,15,8,11,35,19,0.24615384615384617,neutral
IVYFDLLG,18,17,6,13,35,19,0.24615384615384617,neutral
SYDLYCVC,24,11,8,11,35,19,0.24615384615384617,neutral
VDCSCFRD,19,16,8,11,35,19,0.24615384615384617,neutral
YCVHVRDV,27,8,7,12,35,19,0.24615384615384617,neutral
HIISCVFH,20,15,13,6,35,19,0.24615384615384617,neutral
GLGFCLCR,23,12,13,6,35,19,0.24615384615384617,neutral
YSFHLCLG,24,11,6,13,35,19,0.24615384615384617,neutral
LSYGGFRD,23,12,13,6,35,19,0.24615384615384617,neutral
FSGICFNG,22,13,5,14,35,19,0.24615384615384617,neutral
FSCSNFIC,22,13,6,13,35,19,0.24615384615384617,neutral
GVRRNGGI,25,10,11,8,35,19,0.24615384615384617,neutral
FDIRFIRH,24,11,10,9,35,19,0.24615384615384617,neutral
LRGGCVYG,27,8,9,10,35,19,0.24615384615384617,neutral
LCLIVGGS,26,13,7,15,39,22,0.2463768115942029,neutral
IVCYDDFG,57,51,40,34,108,74,0.2463768115942029,neutral
RCYSIGII,20,19,10,12,39,22,0.2463768115942029,neutral
IVYSCSGN,28,11,10,12,39,22,0.2463768115942029,neutral
IVVDLRSR,25,14,9,13,39,22,0.2463768115942029,neutral
YCVRFDGL,28,11,15,7,39,22,0.2463768115942029,neutral
INFLFNHF,21,18,10,12,39,22,0.2463768115942029,neutral
IICCVYGR,25,14,11,11,39,22,0.2463768115942029,neutral
FCGGFYFD,21,18,14,8,39,22,0.2463768115942029,neutral
GHYCRCDV,27,12,13,9,39,22,0.2463768115942029,neutral
FYRCHRLC,25,14,14,8,39,22,0.2463768115942029,neutral
FNDIDFFL,29,10,9,13,39,22,0.2463768115942029,neutral
RNICNYFC,26,13,7,15,39,22,0.2463768115942029,neutral
CYYVSLGL,22,17,17,5,39,22,0.2463768115942029,neutral
CDCVGYGV,24,15,10,12,39,22,0.2463768115942029,neutral
CYSFFSCN,22,17,10,12,39,22,0.2463768115942029,neutral
HGFCIFYR,24,15,11,11,39,22,0.2463768115942029,neutral
FHCVCDGV,27,12,9,13,39,22,0.2463768115942029,neutral
CGHRLYFG,21,18,7,15,39,22,0.2463768115942029,neutral
ISFSCCVR,28,11,8,14,39,22,0.2463768115942029,neutral
DHCFYCGL,22,17,6,16,39,22,0.2463768115942029,neutral
CCLRYYVD,30,13,11,14,43,25,0.2465753424657534,neutral
IFFGGVCC,25,18,12,13,43,25,0.2465753424657534,neutral
VNGCCFGD,27,16,13,12,43,25,0.2465753424657534,neutral
ISLIFCGC,28,15,10,15,43,25,0.2465753424657534,neutral
VGYDFSYN,65,51,37,43,116,80,0.2465753424657534,neutral
FHCCGVLY,29,14,12,13,43,25,0.2465753424657534,neutral
IYVFGHVL,23,20,12,13,43,25,0.2465753424657534,neutral
DFICCNRY,27,16,18,7,43,25,0.2465753424657534,neutral
VSCCCGGG,30,13,11,14,43,25,0.2465753424657534,neutral
HLHSCGCG,31,12,9,16,43,25,0.2465753424657534,neutral
FYCSRVHI,28,15,10,15,43,25,0.2465753424657534,neutral
FYNCLYGY,28,15,12,13,43,25,0.2465753424657534,neutral
LRDGLFYG,26,17,11,14,43,25,0.2465753424657534,neutral
FCFSIDGY,19,24,9,16,43,25,0.2465753424657534,neutral
CFSVFVHS,30,17,13,15,47,28,0.24675324675324675,neutral
YRCDVRYI,28,19,13,15,47,28,0.24675324675324675,neutral
FGNIFYVN,30,17,14,14,47,28,0.24675324675324675,neutral
FRYILSNG,32,15,16,12,47,28,0.24675324675324675,neutral
IVIDIFDD,31,16,17,11,47,28,0.24675324675324675,neutral
IGYCLGDG,27,20,13,15,47,28,0.24675324675324675,neutral
CGLCGGGI,27,20,11,17,47,28,0.24675324675324675,neutral
FSDCLLRG,29,18,12,16,47,28,0.24675324675324675,neutral
CDSLVGYV,31,16,16,12,47,28,0.24675324675324675,neutral
GCIFSYCG,29,18,11,17,47,28,0.24675324675324675,neutral
GCFRFHLC,32,15,15,13,47,28,0.24675324675324675,neutral
FFDCVGYC,29,18,14,14,47,28,0.24675324675324675,neutral
FCCILDYN,30,17,12,16,47,28,0.24675324675324675,neutral
VIFCDLYC,25,22,15,13,47,28,0.24675324675324675,neutral
SLCFCSHV,31,16,16,12,47,28,0.24675324675324675,neutral
SVVFCCIS,23,24,13,15,47,28,0.24675324675324675,neutral
CRHGLCYD,35,16,14,17,51,31,0.24691358024691357,neutral
SDSIVSFV,34,17,15,16,51,31,0.24691358024691357,neutral
IYRIDFYH,28,23,14,17,51,31,0.24691358024691357,neutral
IDFYFGVH,35,16,12,19,51,31,0.24691358024691357,neutral
FDYVGGGG,29,22,14,17,51,31,0.24691358024691357,neutral
IHVCSFNI,35,16,19,12,51,31,0.24691358024691357,neutral
CSCDVSFR,32,19,18,13,51,31,0.24691358024691357,neutral
FDDFIVCG,30,21,16,15,51,31,0.24691358024691357,neutral
VNFRGICD,26,25,16,15,51,31,0.24691358024691357,neutral
RISDYGGN,36,19,15,19,55,34,0.24705882352941178,neutral
DCVIGNYG,34,21,16,18,55,34,0.24705882352941178,neutral
GCFCSVIL,37,18,15,19,55,34,0.24705882352941178,neutral
LVDYFFNG,35,20,13,21,55,34,0.24705882352941178,neutral
FGFLSCVY,35,24,22,15,59,37,0.24719101123595505,neutral
SFDHSGFL,36,23,16,21,59,37,0.24719101123595505,neutral
FHLRDRIS,35,24,21,16,59,37,0.24719101123595505,neutral
DCGVSFDV,31,28,21,16,59,37,0.24719101123595505,neutral
GVCRCSYI,36,23,26,11,59,37,0.24719101123595505,neutral
VYRLDSSG,36,23,14,23,59,37,0.24719101123595505,neutral
FYDCIDIC,39,20,18,19,59,37,0.24719101123595505,neutral
CGIVNCVL,35,24,18,19,59,37,0.24719101123595505,neutral
YSICGLVR,30,29,22,15,59,37,0.24719101123595505,neutral
NYFRNNDC,33,26,18,19,59,37,0.24719101123595505,neutral
GCVFNINF,36,23,21,16,59,37,0.24719101123595505,neutral
CLDYLVFR,39,20,16,21,59,37,0.24719101123595505,neutral
VCFRRFIV,84,68,50,57,152,107,0.24725274725274726,neutral
YCVFIRFV,30,33,27,13,63,40,0.24731182795698925,neutral
DNSYSCCC,41,22,20,20,63,40,0.24731182795698925,neutral
VLDYDNNC,38,25,20,20,63,40,0.24731182795698925,neutral
LYRDRVFV,40,23,17,23,63,40,0.24731182795698925,neutral
CVYFHSGC,39,24,23,17,63,40,0.24731182795698925,neutral
HSFHCCDV,41,22,18,22,63,40,0.24731182795698925,neutral
FYDDLRFG,35,28,17,23,63,40,0.24731182795698925,neutral
NRCIYCGR,43,24,20,23,67,43,0.24742268041237114,neutral
CDGGRINF,41,26,22,21,67,43,0.24742268041237114,neutral
SYISLFDN,36,31,21,22,67,43,0.24742268041237114,neutral
IYGHCFSY,41,30,24,22,71,46,0.24752475247524752,neutral
FVNVCVCD,40,31,26,20,71,46,0.24752475247524752,neutral
LIDSCFFF,43,28,18,28,71,46,0.24752475247524752,neutral
RCGSDIYR,42,29,21,25,71,46,0.24752475247524752,neutral
YYGFGFGF,42,29,20,26,71,46,0.24752475247524752,neutral
LRSLDRVG,38,33,14,32,71,46,0.24752475247524752,neutral
CLYFDSYH,39,32,20,26,71,46,0.24752475247524752,neutral
GLLRRDVY,42,33,21,28,75,49,0.24761904761904763,neutral
CFGIFGLR,46,29,23,26,75,49,0.24761904761904763,neutral
FRFFGCCG,42,33,24,25,75,49,0.24761904761904763,neutral
YFDCNHFR,44,31,26,23,75,49,0.24761904761904763,neutral
YIRIDLCS,40,35,27,22,75,49,0.24761904761904763,neutral
YYRCGHSC,45,30,24,25,75,49,0.24761904761904763,neutral
NCYCVDFG,47,32,28,24,79,52,0.24770642201834864,neutral
FVIGDYCG,49,30,20,32,79,52,0.24770642201834864,neutral
YLHFRGVL,40,39,32,20,79,52,0.24770642201834864,neutral
ILCNDYLV,48,31,27,25,79,52,0.24770642201834864,neutral
LIGNCSCL,46,33,28,24,79,52,0.24770642201834864,neutral
SYLYYSCG,50,33,31,24,83,55,0.24778761061946902,neutral
VYNICGGR,51,32,24,31,83,55,0.24778761061946902,neutral
ICFSVLSR,48,39,30,28,87,58,0.24786324786324787,neutral
FCCGIRLD,53,34,32,26,87,58,0.24786324786324787,neutral
LIGGIGIC,52,35,25,33,87,58,0.24786324786324787,neutral
FCCHLYDG,54,37,28,33,91,61,0.24793388429752067,neutral
CVGIDSIC,55,36,28,33,91,61,0.24793388429752067,neutral
YLGCRRFH,54,37,26,35,91,61,0.24793388429752067,neutral
CFNVFHFD,55,40,28,36,95,64,0.248,neutral
CFVFHCNG,55,40,34,30,95,64,0.248,neutral
YNRFLVGH,54,45,31,36,99,67,0.24806201550387597,neutral
LVCSHIIF,59,40,38,29,99,67,0.24806201550387597,neutral
SSVHFFRD,59,44,31,39,103,70,0.24812030075187969,neutral
GYGCGGLH,61,42,31,39,103,70,0.24812030075187969,neutral
NRCVSSYL,57,46,36,34,103,70,0.24812030075187969,neutral
VFSCLGFN,62,45,30,43,107,73,0.24817518248175183,neutral
CFCYYDCR,12,10,2,7,22,9,0.25,neutral
IVRLHCNF,46,28,21,27,74,48,0.25,neutral
YCHSNGCG,42,28,19,26,70,45,0.25,neutral
LSFFYVFI,6,4,0,0,10,0,0.25,neutral
VLDLVCRI,25,25,13,17,50,30,0.25,neutral
FCDVSFRH,11,7,0,6,18,6,0.25,neutral
FCHGICGH,8,2,0,0,10,0,0.25,neutral
FDCFVSGL,34,20,18,15,54,33,0.25,neutral
VGCIILRR,7,3,0,0,10,0,0.25,neutral
LIVCDFYI,11,7,3,3,18,6,0.25,neutral
FGDLCVCG,41,25,17,25,66,42,0.25,neutral
LYCNSYCD,7,3,0,0,10,0,0.25,neutral
YSHVCIIH,9,5,1,2,14,3,0.25,neutral
CYYYCNNG,9,5,2,1,14,3,0.25,neutral
VHFYYLVC,7,3,0,0,10,0,0.25,neutral
DNVCYYVC,14,16,2,13,30,15,0.25,neutral
CFCCFFGS,11,3,2,1,14,3,0.25,neutral
DVCNVYCR,53,45,39,27,98,66,0.25,neutral
LCFCGFFL,10,4,2,1,14,3,0.25,neutral
VHFFGVGH,23,15,12,9,38,21,0.25,neutral
CYCLRYGV,23,11,10,8,34,18,0.25,neutral
YYVHVGFC,20,6,5,7,26,12,0.25,neutral
RYGIFNVR,29,21,15,15,50,30,0.25,neutral
FHHIFFNC,34,20,17,16,54,33,0.25,neutral
FICGICFV,12,6,1,5,18,6,0.25,neutral
DYCCGNVV,19,11,8,7,30,15,0.25,neutral
YIGGHRYC,29,17,14,13,46,27,0.25,neutral
YDYCFIRG,22,8,9,6,30,15,0.25,neutral
CYFCDDCF,13,5,2,4,18,6,0.25,neutral
SGGVRNVV,5,5,0,0,10,0,0.25,neutral
VFHYRRFH,16,6,2,7,22,9,0.25,neutral
GLVGYVHG,33,17,13,17,50,30,0.25,neutral
GIHGGHLY,19,11,9,6,30,15,0.25,neutral
CHSCFLGS,14,8,5,4,22,9,0.25,neutral
FYFCYFRG,12,2,2,1,14,3,0.25,neutral
FSFFVHDH,6,8,0,3,14,3,0.25,neutral
NRCYCVVL,17,13,9,6,30,15,0.25,neutral
CVLFGDLC,21,17,10,11,38,21,0.25,neutral
FGFVFNYF,14,4,2,4,18,6,0.25,neutral
NYYRVVFV,17,9,5,7,26,12,0.25,neutral
FCFYSGVD,22,8,7,8,30,15,0.25,neutral
FCIRFFFF,6,4,0,0,10,0,0.25,neutral
FCFYGYCH,14,8,6,3,22,9,0.25,neutral
VGYNYCIN,15,7,4,5,22,9,0.25,neutral
LICRCSNI,29,17,15,12,46,27,0.25,neutral
VILYCIYH,15,3,4,2,18,6,0.25,neutral
FFGLYFCD,17,13,3,12,30,15,0.25,neutral
CFSNNIFC,22,12,11,7,34,18,0.25,neutral
FIVNVCVH,8,2,0,0,10,0,0.25,neutral
ILGCYNYH,26,12,9,12,38,21,0.25,neutral
IVCCCFGL,15,15,6,9,30,15,0.25,neutral
IYISSFGG,34,20,21,12,54,33,0.25,neutral
FYIFICCV,12,6,4,2,18,6,0.25,neutral
FGRCVISY,54,36,23,37,90,60,0.25,neutral
LCGILGNY,8,6,1,2,14,3,0.25,neutral
HFVVIGDS,23,7,4,11,30,15,0.25,neutral
IFDFDNFY,33,21,20,13,54,33,0.25,neutral
ICRICGLI,14,8,5,4,22,9,0.25,neutral
LFGVYFGD,12,6,0,6,18,6,0.25,neutral
FICFRFDV,8,2,0,0,10,0,0.25,neutral
GIDNCRDF,31,19,16,14,50,30,0.25,neutral
VCFCVFYG,7,7,1,2,14,3,0.25,neutral
RGHFCSYL,28,18,13,14,46,27,0.25,neutral
VYFVSSGD,15,3,4,2,18,6,0.25,neutral
YVLLLGCR,5,5,0,0,10,0,0.25,neutral
CSSVFDVY,15,3,2,4,18,6,0.25,neutral
CSHHGFFS,18,8,8,4,26,12,0.25,neutral
FFCSHVRG,32,18,18,12,50,30,0.25,neutral
CRLYLGCS,11,3,3,0,14,3,0.25,neutral
NFIVLLNI,8,6,1,2,14,3,0.25,neutral
VYFCFDFL,7,3,0,0,10,0,0.25,neutral
FCCDFIFH,18,12,11,4,30,15,0.25,neutral
VCVLFYCL,7,7,1,2,14,3,0.25,neutral
FSSFFVFC,8,6,2,1,14,3,0.25,neutral
FYCNGGVI,22,12,11,7,34,18,0.25,neutral
FIIVCFLG,8,2,0,0,10,0,0.25,neutral
LLHGHVYH,21,17,13,8,38,21,0.25,neutral
FCFFSFYF,6,4,0,0,10,0,0.25,neutral
GYLCDVCG,41,37,25,26,78,51,0.25,neutral
CYVGDFDR,19,7,7,5,26,12,0.25,neutral
NCRVGCCV,31,15,12,15,46,27,0.25,neutral
HIGYIGCH,37,25,19,20,62,39,0.25,neutral
GCRFGVCY,17,13,9,6,30,15,0.25,neutral
DLCLCNGF,29,13,14,10,42,24,0.25,neutral
RGVFSGHC,27,19,15,12,46,27,0.25,neutral
CFFFIRYG,7,3,0,0,10,0,0.25,neutral
FFVSSVHL,18,8,7,5,26,12,0.25,neutral
CNLICYYH,11,7,2,4,18,6,0.25,neutral
IVCYSSCG,12,6,4,2,18,6,0.25,neutral
VFVSFCCF,9,5,2,1,14,3,0.25,neutral
FGFFIVVF,7,3,0,0,10,0,0.25,neutral
FCHCNFHC,10,4,1,2,14,3,0.25,neutral
YVIIFDGL,32,14,10,17,46,27,0.25,neutral
IRVIIVYS,7,7,2,1,14,3,0.25,neutral
FIFVFFIF,8,2,0,0,10,0,0.25,neutral
VRLLIIIY,8,2,0,0,10,0,0.25,neutral
VSFCFCFH,15,3,1,5,18,6,0.25,neutral
IFVLGFCD,32,22,18,15,54,33,0.25,neutral
FSLFYSYL,8,6,1,2,14,3,0.25,neutral
ISGDRIYC,32,22,9,24,54,33,0.25,neutral
YGIVFNCY,15,7,6,3,22,9,0.25,neutral
HNFVVFRC,30,16,10,17,46,27,0.25,neutral
SNCFCNCV,9,5,3,0,14,3,0.25,neutral
LFDVVCVN,0,10,0,0,10,0,0.25,neutral
VYGDIFVF,30,24,14,19,54,33,0.25,neutral
DDYICGVC,14,8,3,6,22,9,0.25,neutral
YCIVNFLF,8,2,0,0,10,0,0.25,neutral
YSSVCSGF,58,40,32,34,98,66,0.25,neutral
RHFICIHH,9,13,5,4,22,9,0.25,neutral
CVFYNSVV,18,8,6,6,26,12,0.25,neutral
SYNYCGGC,11,3,2,1,14,3,0.25,neutral
SIRCSIFH,23,11,10,8,34,18,0.25,neutral
FIVLVDRH,23,11,10,8,34,18,0.25,neutral
YFVLGSFR,29,13,7,17,42,24,0.25,neutral
YCFYGCSG,18,16,8,10,34,18,0.25,neutral
FYCFFFCF,5,5,0,0,10,0,0.25,neutral
VCVCSVSC,13,5,1,5,18,6,0.25,neutral
LYGYRFSY,22,16,11,10,38,21,0.25,neutral
LLVFSVHV,10,8,3,3,18,6,0.25,neutral
CDFRFNLR,25,13,9,12,38,21,0.25,neutral
YVFYCLFF,8,2,0,0,10,0,0.25,neutral
VRYGVGIC,19,3,5,4,22,9,0.25,neutral
FFFFYVCL,6,4,0,0,10,0,0.25,neutral
IFFCIFRF,8,2,0,0,10,0,0.25,neutral
VDFDVVGF,32,14,16,11,46,27,0.25,neutral
VHCYVLSY,13,9,6,3,22,9,0.25,neutral
CFILFCGS,12,2,1,2,14,3,0.25,neutral
FCRVGFYC,46,28,28,20,74,48,0.25,neutral
IFFYIVLF,5,5,0,0,10,0,0.25,neutral
FFIVCCFS,5,5,0,0,10,0,0.25,neutral
SRCDCCGV,36,22,16,20,58,36,0.25,neutral
FCCCCGFI,13,5,2,4,18,6,0.25,neutral
CDNSCYYH,44,26,24,21,70,45,0.25,neutral
FYYCYCVI,6,4,0,0,10,0,0.25,neutral
FLIFCIIH,6,4,0,0,10,0,0.25,neutral
IFYRCFRF,7,3,0,0,10,0,0.25,neutral
FVRGIIFD,18,12,6,9,30,15,0.25,neutral
DCLLCSHL,29,17,15,12,46,27,0.25,neutral
SYFCYVGN,20,6,4,8,26,12,0.25,neutral
VLLFSHRI,60,42,33,36,102,69,0.25,neutral
FYGSGGDC,33,25,18,18,58,36,0.25,neutral
FFYNSYFV,23,11,9,9,34,18,0.25,neutral
CSLHNLID,48,30,27,24,78,51,0.25,neutral
GCGGCSLY,10,16,6,6,26,12,0.25,neutral
NYCFRVCV,18,8,7,5,26,12,0.25,neutral
DCGYYFFI,13,5,4,2,18,6,0.25,neutral
SDIFDGLR,15,11,8,4,26,12,0.25,neutral
NGYCSYLV,20,10,10,5,30,15,0.25,neutral
LCFCHFYR,10,8,5,1,18,6,0.25,neutral
LIFCIVIH,5,5,0,0,10,0,0.25,neutral
SVFRCCYG,8,6,1,2,14,3,0.25,neutral
VFRLGCHF,27,15,12,12,42,24,0.25,neutral
LYHCFSFR,54,36,34,26,90,60,0.25,neutral
VFYDCYGV,46,32,18,33,78,51,0.25,neutral
LCCRSFDR,27,15,13,11,42,24,0.25,neutral
FHSYRFLH,24,22,9,18,46,27,0.25,neutral
CVVVDCYV,10,4,0,3,14,3,0.25,neutral
YVHLFRYH,13,5,1,5,18,6,0.25,neutral
RCHLNFYS,44,26,21,24,70,45,0.25,neutral
YHVCCVYG,13,5,3,3,18,6,0.25,neutral
HLCGGFSS,11,3,2,1,14,3,0.25,neutral
DFYFFDCV,19,11,7,8,30,15,0.25,neutral
ISFCDSGY,17,9,7,5,26,12,0.25,neutral
FVNNYGCF,12,10,1,8,22,9,0.25,neutral
ISHFLIIH,13,9,4,5,22,9,0.25,neutral
GVIRFFGR,25,9,8,10,34,18,0.25,neutral
FVDCFSVV,16,10,7,5,26,12,0.25,neutral
YLSLFGIS,42,32,25,23,74,48,0.25,neutral
CFCGFFVG,29,29,16,20,58,36,0.25,neutral
FYFRNFGR,8,14,5,4,22,9,0.25,neutral
FSFCNSCF,25,17,16,8,42,24,0.25,neutral
FYFRFFGF,6,4,0,0,10,0,0.25,neutral
FYVFFFYC,5,5,0,0,10,0,0.25,neutral
IIDCRVFH,56,42,29,37,98,66,0.25,neutral
YLVVHFCR,11,3,0,3,14,3,0.25,neutral
ICFCVFSV,8,6,0,3,14,3,0.25,neutral
CGCCVCRC,9,5,1,2,14,3,0.25,neutral
IILFGIHV,8,6,2,1,14,3,0.25,neutral
SSCFYFRS,26,8,8,10,34,18,0.25,neutral
NFCILFDH,16,14,8,7,30,15,0.25,neutral
FHFNGVFH,17,5,4,5,22,9,0.25,neutral
YSFDLHCV,19,3,1,8,22,9,0.25,neutral
FDSLCFLI,13,21,10,8,34,18,0.25,neutral
GLFVCYSG,17,5,3,6,22,9,0.25,neutral
FIYYSGCC,34,24,19,17,58,36,0.25,neutral
LLYGCDYC,31,19,16,14,50,30,0.25,neutral
VYDFHCSG,29,17,16,11,46,27,0.25,neutral
VLGISYRI,25,17,13,11,42,24,0.25,neutral
GCSYIVYS,6,8,2,1,14,3,0.25,neutral
CYFVVVIN,10,8,3,3,18,6,0.25,neutral
VNYSRVLC,18,16,4,14,34,18,0.25,neutral
HRYCCNCH,9,9,3,3,18,6,0.25,neutral
DFFSCLIV,52,42,34,29,94,63,0.25,neutral
VFVDVCVF,13,9,5,4,22,9,0.25,neutral
LFYFVIYF,7,3,0,0,10,0,0.25,neutral
IYRYFHYN,15,3,2,4,18,6,0.25,neutral
YLVCNIDN,20,10,9,6,30,15,0.25,neutral
FVFHRINC,14,8,5,4,22,9,0.25,neutral
HHSGCICY,35,23,19,17,58,36,0.25,neutral
FRRFGFYG,10,4,0,3,14,3,0.25,neutral
FCFCDDSC,54,44,36,30,98,66,0.25,neutral
FYVGIINH,56,42,30,36,98,66,0.25,neutral
IGFRGFVN,49,45,29,34,94,63,0.25,neutral
FRVGFLVH,18,12,8,7,30,15,0.25,neutral
VCVVVVLH,5,5,0,0,10,0,0.25,neutral
IFDCFLLN,12,6,5,1,18,6,0.25,neutral
CVLHNDYG,17,9,6,6,26,12,0.25,neutral
LCGFVDFF,11,7,0,6,18,6,0.25,neutral
HYGIRCCF,7,7,3,0,14,3,0.25,neutral
FCDFCIID,31,27,20,16,58,36,0.25,neutral
CLVSYYYG,11,11,1,8,22,9,0.25,neutral
LVFLSIVG,6,8,1,2,14,3,0.25,neutral
FRYCGICL,22,8,6,9,30,15,0.25,neutral
DIFGIRFI,19,7,7,5,26,12,0.25,neutral
VCDIRGDF,13,9,3,6,22,9,0.25,neutral
RIYFRIHL,15,7,3,6,22,9,0.25,neutral
LDRFCGLV,11,7,3,3,18,6,0.25,neutral
YLDVHCGC,19,11,9,6,30,15,0.25,neutral
GCCFGDCC,14,8,4,5,22,9,0.25,neutral
GVCRRYDY,14,8,6,3,22,9,0.25,neutral
CGCFFFFR,7,11,2,4,18,6,0.25,neutral
DFVGLILC,16,10,5,7,26,12,0.25,neutral
CLFLCDRY,12,6,3,3,18,6,0.25,neutral
GCLCCGDD,21,9,5,10,30,15,0.25,neutral
HGRCVNCY,38,24,20,19,62,39,0.25,neutral
DICSDHYR,37,25,19,20,62,39,0.25,neutral
SSHFIFRD,24,18,13,11,42,24,0.25,neutral
IYCFLYVC,7,3,0,0,10,0,0.25,neutral
IVNVIILH,7,7,2,1,14,3,0.25,neutral
FRRVGYDV,53,37,22,38,90,60,0.25,neutral
LCLYCGIG,15,11,5,7,26,12,0.25,neutral
VILCGDYY,38,32,22,23,70,45,0.25,neutral
GDCRVHFV,16,14,7,8,30,15,0.25,neutral
LYISGYLS,13,13,5,7,26,12,0.25,neutral
VYVVSGLC,28,14,13,11,42,24,0.25,neutral
FLCCGGHN,21,9,10,5,30,15,0.25,neutral
CFFISLVF,6,4,0,0,10,0,0.25,neutral
LFVSRGSR,43,27,29,16,70,45,0.25,neutral
YCFFFFFF,7,3,0,0,10,0,0.25,neutral
RCDVYCGV,19,19,11,10,38,21,0.25,neutral
FVCFCLGF,6,4,0,0,10,0,0.25,neutral
YHFCFHCG,13,9,5,4,22,9,0.25,neutral
SYCNLGCL,14,12,4,8,26,12,0.25,neutral
FVCYCGIR,8,6,2,1,14,3,0.25,neutral
LCVCIFFI,7,3,0,0,10,0,0.25,neutral
FFCDYFVL,10,4,2,1,14,3,0.25,neutral
CYLIIVCC,6,4,0,0,10,0,0.25,neutral
SIGYISDS,36,18,18,15,54,33,0.25,neutral
LDFVSGDL,15,7,4,5,22,9,0.25,neutral
FFHFHVCG,56,38,30,33,94,63,0.25,neutral
CVGVHYVC,34,16,15,15,50,30,0.25,neutral
VLCFDFCL,17,5,6,3,22,9,0.25,neutral
HCNCLIDF,35,19,13,20,54,33,0.25,neutral
YFVNFYGH,22,12,8,10,34,18,0.25,neutral
LSLGLGVF,25,13,8,13,38,21,0.25,neutral
LFLDDHVR,60,42,29,40,102,69,0.25,neutral
CCCVCGSL,23,7,6,9,30,15,0.25,neutral
CCCRSIVR,7,7,2,1,14,3,0.25,neutral
VFGCGGDL,10,8,3,3,18,6,0.25,neutral
NLYVSVYV,16,6,5,4,22,9,0.25,neutral
VNGFFCVI,29,13,10,14,42,24,0.25,neutral
GCVCVSVG,19,15,8,10,34,18,0.25,neutral
LLFFDYGH,14,8,4,5,22,9,0.25,neutral
VCCGYFIN,8,10,3,3,18,6,0.25,neutral
DIIFHSGR,26,16,10,14,42,24,0.25,neutral
IYFCSCGV,19,7,7,5,26,12,0.25,neutral
SVCFNLCH,40,30,19,26,70,45,0.25,neutral
NVLVFLRF,6,4,0,0,10,0,0.25,neutral
CFVVCYYN,5,5,0,0,10,0,0.25,neutral
FCCYVLCD,9,5,1,2,14,3,0.25,neutral
CICLCHCG,9,5,2,1,14,3,0.25,neutral
YINGSHFG,22,12,7,11,34,18,0.25,neutral
ILRVSLCD,43,27,23,22,70,45,0.25,neutral
CRIRVYHD,32,14,16,11,46,27,0.25,neutral
FLCVVNGH,58,44,31,38,102,69,0.25,neutral
CFVLRDIF,25,13,10,11,38,21,0.25,neutral
VVFYFLNS,7,3,0,0,10,0,0.25,neutral
CVCDRGLS,6,8,0,3,14,3,0.25,neutral
HRCHYCGG,32,30,16,23,62,39,0.25,neutral
GIILNFYD,24,14,6,15,38,21,0.25,neutral
CYGCFVRV,10,12,3,6,22,9,0.25,neutral
FLFHVCNL,55,39,36,27,94,63,0.25,neutral
CCFLHIYC,15,7,3,6,22,9,0.25,neutral
FDDINGVV,22,12,6,12,34,18,0.25,neutral
IYGCYRLN,19,7,8,4,26,12,0.25,neutral
VRFFGSFF,13,5,4,2,18,6,0.25,neutral
VCILGLLF,4,6,0,0,10,0,0.25,neutral
RCIVSFYI,9,1,0,0,10,0,0.25,neutral
YDCFCDNI,10,4,2,1,14,3,0.25,neutral
CCGSGCHG,21,13,9,9,34,18,0.25,neutral
GLRGGCIY,26,20,12,15,46,27,0.25,neutral
RYDFSFRL,21,5,7,5,26,12,0.25,neutral
RYNYCIDN,22,20,11,13,42,24,0.25,neutral
DFCGNSYR,52,38,23,37,90,60,0.25,neutral
CVLGRICG,104,89,61,76,193,137,0.25112107623318386,neutral
GIVCFVDR,94,79,58,64,173,122,0.2512315270935961,neutral
DSFIRYVG,77,60,48,47,137,95,0.25149700598802394,neutral
LYCDHVCG,66,51,39,41,117,80,0.25170068027210885,neutral
CLFNLISI,59,42,27,41,101,68,0.25190839694656486,neutral
SRIRFCDG,57,44,36,32,101,68,0.25190839694656486,neutral
YFNGLFCG,57,40,28,37,97,65,0.25196850393700787,neutral
FYDGCFGL,55,42,25,40,97,65,0.25196850393700787,neutral
FCILGYSS,50,47,34,31,97,65,0.25196850393700787,neutral
VRCHICLR,58,39,29,36,97,65,0.25196850393700787,neutral
IFCDIYVN,56,37,34,28,93,62,0.25203252032520324,neutral
HRLVCGIR,51,38,24,35,89,59,0.25210084033613445,neutral
VDYVCIHC,47,42,31,28,89,59,0.25210084033613445,neutral
DCFGYLRI,53,36,26,33,89,59,0.25210084033613445,neutral
GYSSGRFV,50,35,19,37,85,56,0.25217391304347825,neutral
DISVCVCN,43,38,26,27,81,53,0.25225225225225223,neutral
GLVHGGFC,39,38,25,25,77,50,0.2523364485981308,neutral
CCDSFFVL,45,32,21,29,77,50,0.2523364485981308,neutral
CCSGGFSC,44,33,25,25,77,50,0.2523364485981308,neutral
YGFYDFSV,48,29,23,27,77,50,0.2523364485981308,neutral
SFFGCNRN,47,30,26,24,77,50,0.2523364485981308,neutral
GSGFDDFV,48,29,18,32,77,50,0.2523364485981308,neutral
FSLRCVHG,45,32,18,32,77,50,0.2523364485981308,neutral
CHRYLCGG,41,32,29,18,73,47,0.2524271844660194,neutral
SFLFGRYL,38,35,22,25,73,47,0.2524271844660194,neutral
FLFNCIHS,40,33,21,26,73,47,0.2524271844660194,neutral
FCYDCVIN,46,27,21,26,73,47,0.2524271844660194,neutral
DVIHYVGY,41,28,20,24,69,44,0.25252525252525254,neutral
GGFFLGCH,43,26,19,25,69,44,0.25252525252525254,neutral
CSDGSFID,40,25,23,18,65,41,0.25263157894736843,neutral
HLGCDCGV,36,29,20,21,65,41,0.25263157894736843,neutral
CVYSGLVG,41,24,26,15,65,41,0.25263157894736843,neutral
HYHYVVRV,37,28,17,24,65,41,0.25263157894736843,neutral
HGFYLSSS,42,23,18,23,65,41,0.25263157894736843,neutral
CIGFGSFG,41,24,16,25,65,41,0.25263157894736843,neutral
FVRGCFGL,36,25,21,17,61,38,0.25274725274725274,neutral
VFRIRLCG,40,21,22,16,61,38,0.25274725274725274,neutral
SYVSGVHR,38,23,20,18,61,38,0.25274725274725274,neutral
CFDHIFVR,34,27,17,21,61,38,0.25274725274725274,neutral
LNIGFGFG,38,23,16,22,61,38,0.25274725274725274,neutral
SSFDLYYG,38,19,15,20,57,35,0.25287356321839083,neutral
VCNLYGYV,34,23,16,19,57,35,0.25287356321839083,neutral
RSRSLGLD,36,21,20,15,57,35,0.25287356321839083,neutral
VYCCVCGD,35,22,14,21,57,35,0.25287356321839083,neutral
FYRLCDYC,27,30,12,23,57,35,0.25287356321839083,neutral
GDNCLILC,31,26,21,14,57,35,0.25287356321839083,neutral
LYCGDGCC,37,20,14,21,57,35,0.25287356321839083,neutral
CCGHNFRC,33,24,8,27,57,35,0.25287356321839083,neutral
CCCSDHYR,35,22,15,20,57,35,0.25287356321839083,neutral
YSRRNFCG,29,24,16,16,53,32,0.25301204819277107,neutral
NVCCFSHL,35,18,16,16,53,32,0.25301204819277107,neutral
RYYHNGCN,34,19,19,13,53,32,0.25301204819277107,neutral
GLCGFYGI,31,22,14,18,53,32,0.25301204819277107,neutral
SSRCSFCV,75,61,39,55,136,94,0.25301204819277107,neutral
LHFCYYVS,36,17,10,22,53,32,0.25301204819277107,neutral
FCDISNFF,30,23,17,15,53,32,0.25301204819277107,neutral
CFCRIHLH,32,21,13,19,53,32,0.25301204819277107,neutral
FRCGSCDH,30,23,18,14,53,32,0.25301204819277107,neutral
IDCGCHIC,35,18,12,20,53,32,0.25301204819277107,neutral
YHCFYIGS,35,18,9,23,53,32,0.25301204819277107,neutral
FDIGFSYG,33,20,17,15,53,32,0.25301204819277107,neutral
YVFRCRLG,33,16,11,18,49,29,0.25316455696202533,neutral
CDLYHFFN,29,20,8,21,49,29,0.25316455696202533,neutral
FIVFSGFG,29,20,11,18,49,29,0.25316455696202533,neutral
NCGCIYDL,28,21,12,17,49,29,0.25316455696202533,neutral
VVCCNYRN,28,21,19,10,49,29,0.25316455696202533,neutral
VLVCGISL,27,22,10,19,49,29,0.25316455696202533,neutral
CYNGVCFH,34,15,15,14,49,29,0.25316455696202533,neutral
CHNFGGCC,31,18,10,19,49,29,0.25316455696202533,neutral
CVCSGIDV,31,18,14,15,49,29,0.25316455696202533,neutral
SCCDFSRI,31,18,13,16,49,29,0.25316455696202533,neutral
CYIGVICH,29,20,15,14,49,29,0.25316455696202533,neutral
FCNFYCDI,32,17,17,12,49,29,0.25316455696202533,neutral
FLCSICGS,30,19,14,15,49,29,0.25316455696202533,neutral
RLFCVGCV,31,18,15,14,49,29,0.25316455696202533,neutral
HLVNCFFC,30,15,11,15,45,26,0.25333333333333335,neutral
FGLIFCCH,28,17,11,15,45,26,0.25333333333333335,neutral
CHDFFFVV,29,16,10,16,45,26,0.25333333333333335,neutral
DLCGCVCV,29,16,13,13,45,26,0.25333333333333335,neutral
FHFVCIDG,24,21,12,14,45,26,0.25333333333333335,neutral
RFGGHVFV,32,13,14,12,45,26,0.25333333333333335,neutral
NVDLYFCI,29,16,14,12,45,26,0.25333333333333335,neutral
FLRYDNGR,27,18,14,12,45,26,0.25333333333333335,neutral
VCYHDSYH,28,17,10,16,45,26,0.25333333333333335,neutral
IYFDVGHY,28,17,9,17,45,26,0.25333333333333335,neutral
FICCLDRV,32,13,14,12,45,26,0.25333333333333335,neutral
LRCSRDFY,26,19,10,16,45,26,0.25333333333333335,neutral
YCVSSCIY,28,17,6,20,45,26,0.25333333333333335,neutral
ICSYFFGG,64,52,43,36,116,79,0.2534246575342466,neutral
FYHYRNVN,29,12,10,13,41,23,0.2535211267605634,neutral
LRLRGGFV,30,11,8,15,41,23,0.2535211267605634,neutral
CFYFYVDH,25,16,12,11,41,23,0.2535211267605634,neutral
FDCFICDV,27,14,12,11,41,23,0.2535211267605634,neutral
DFVDCIRD,23,18,12,11,41,23,0.2535211267605634,neutral
IIGIVSRF,21,20,9,14,41,23,0.2535211267605634,neutral
LSVFSGVH,25,16,9,14,41,23,0.2535211267605634,neutral
DVNYIGCC,22,19,9,14,41,23,0.2535211267605634,neutral
GYICSNVD,28,13,9,14,41,23,0.2535211267605634,neutral
GICHFCGC,24,17,14,9,41,23,0.2535211267605634,neutral
VLCCHIRV,24,17,12,11,41,23,0.2535211267605634,neutral
SVLNRCIF,24,13,8,12,37,20,0.2537313432835821,neutral
RDRRFYVD,22,15,9,11,37,20,0.2537313432835821,neutral
VCFGSCCG,23,14,6,14,37,20,0.2537313432835821,neutral
FGVGGGGY,28,9,7,13,37,20,0.2537313432835821,neutral
IHCHYSFF,22,15,12,8,37,20,0.2537313432835821,neutral
CDNFFCVR,25,12,7,13,37,20,0.2537313432835821,neutral
GFVVGFCR,24,13,14,6,37,20,0.2537313432835821,neutral
SFIYYDVH,21,16,5,15,37,20,0.2537313432835821,neutral
VYCCIVNG,22,15,12,8,37,20,0.2537313432835821,neutral
ISDYDFVH,25,12,7,13,37,20,0.2537313432835821,neutral
DFSYSFCF,24,13,10,10,37,20,0.2537313432835821,neutral
YCFRGCGL,26,11,8,12,37,20,0.2537313432835821,neutral
CRHCGFFN,18,19,10,10,37,20,0.2537313432835821,neutral
CFDCYLDL,28,9,12,8,37,20,0.2537313432835821,neutral
DCIFRGCF,20,17,6,14,37,20,0.2537313432835821,neutral
ICDCHVSY,25,12,2,18,37,20,0.2537313432835821,neutral
SVCCRLHC,20,17,8,12,37,20,0.2537313432835821,neutral
VCHYLYHC,24,13,8,12,37,20,0.2537313432835821,neutral
CCIDIVFR,25,12,10,10,37,20,0.2537313432835821,neutral
FYNCFHGS,15,22,15,5,37,20,0.2537313432835821,neutral
VFNVGYRD,20,17,5,15,37,20,0.2537313432835821,neutral
FHHLNLGG,23,14,10,10,37,20,0.2537313432835821,neutral
YRVDFLIN,20,13,5,12,33,17,0.25396825396825395,neutral
YVGCFCSN,23,10,6,11,33,17,0.25396825396825395,neutral
LDCIYVSH,21,12,7,10,33,17,0.25396825396825395,neutral
HFCDNVLF,23,10,8,9,33,17,0.25396825396825395,neutral
YFSYGSLH,24,9,11,6,33,17,0.25396825396825395,neutral
YNVCHVLF,20,13,10,7,33,17,0.25396825396825395,neutral
HRFCYDYD,23,10,9,8,33,17,0.25396825396825395,neutral
DLSLCCVF,20,13,6,11,33,17,0.25396825396825395,neutral
VFFCNLLG,17,16,9,8,33,17,0.25396825396825395,neutral
DDVGVLYV,26,7,4,13,33,17,0.25396825396825395,neutral
FICSFRFG,20,13,7,10,33,17,0.25396825396825395,neutral
DVNFFYSC,22,11,8,9,33,17,0.25396825396825395,neutral
CGFRCVLL,24,9,5,12,33,17,0.25396825396825395,neutral
VLCVGDSI,46,50,35,29,96,64,0.25396825396825395,neutral
CSCFYHDN,16,17,11,6,33,17,0.25396825396825395,neutral
CRCGRGVR,24,9,9,8,33,17,0.25396825396825395,neutral
FGFVCNFC,24,9,6,11,33,17,0.25396825396825395,neutral
CGCDLFYR,19,14,9,8,33,17,0.25396825396825395,neutral
VSFVHCSD,22,11,10,7,33,17,0.25396825396825395,neutral
YGCCGSGL,25,8,12,5,33,17,0.25396825396825395,neutral
YFYSCVGG,21,12,4,13,33,17,0.25396825396825395,neutral
VYRFVSVV,53,39,27,34,92,61,0.2540983606557377,neutral
IFLHSFLS,55,37,29,32,92,61,0.2540983606557377,neutral
SYNRCFSD,84,67,54,51,151,105,0.2541436464088398,neutral
SFLNIRLI,85,66,49,56,151,105,0.2541436464088398,neutral
VFCFHVCS,22,7,8,6,29,14,0.2542372881355932,neutral
FIDFGVCY,20,9,6,8,29,14,0.2542372881355932,neutral
FFSCFCVH,21,8,6,8,29,14,0.2542372881355932,neutral
LLYDVYCF,19,10,4,10,29,14,0.2542372881355932,neutral
YLFFRGIR,18,11,10,4,29,14,0.2542372881355932,neutral
FNGGRLFG,17,12,11,3,29,14,0.2542372881355932,neutral
FCHGCHNG,20,9,5,9,29,14,0.2542372881355932,neutral
VFFGDICG,20,9,10,4,29,14,0.2542372881355932,neutral
YVCCGGRR,17,12,4,10,29,14,0.2542372881355932,neutral
NCCVYDFC,15,14,9,5,29,14,0.2542372881355932,neutral
FCCYRIDD,17,12,9,5,29,14,0.2542372881355932,neutral
CCRSFNGI,18,11,2,12,29,14,0.2542372881355932,neutral
YSCICGGG,17,12,5,9,29,14,0.2542372881355932,neutral
HVCCSNDY,12,17,5,9,29,14,0.2542372881355932,neutral
FVVSCCGR,47,41,24,34,88,58,0.2542372881355932,neutral
VIFDHVRL,43,45,28,30,88,58,0.2542372881355932,neutral
GYSIHFCS,19,10,11,3,29,14,0.2542372881355932,neutral
CLRSHIYI,18,11,10,4,29,14,0.2542372881355932,neutral
CFRSFLVC,18,11,5,9,29,14,0.2542372881355932,neutral
GHNYDDYF,19,10,5,9,29,14,0.2542372881355932,neutral
CFLLHCGD,23,6,4,10,29,14,0.2542372881355932,neutral
NFVCFDFL,17,12,4,10,29,14,0.2542372881355932,neutral
FVFVYNGI,20,9,8,6,29,14,0.2542372881355932,neutral
LYVVGSDC,20,9,9,5,29,14,0.2542372881355932,neutral
IIISVCDI,18,11,5,9,29,14,0.2542372881355932,neutral
VVICDDFN,52,36,27,31,88,58,0.2542372881355932,neutral
LLSIGSIC,53,35,23,35,88,58,0.2542372881355932,neutral
IFYNYVCV,16,13,8,6,29,14,0.2542372881355932,neutral
VYSYISVH,48,36,26,29,84,55,0.2543859649122807,neutral
LSVIYGCV,51,33,29,26,84,55,0.2543859649122807,neutral
GDIDFLSI,45,39,26,29,84,55,0.2543859649122807,neutral
CDICRSCR,47,37,29,26,84,55,0.2543859649122807,neutral
NFVIRGVN,46,38,20,35,84,55,0.2543859649122807,neutral
YRLLSICG,48,36,29,26,84,55,0.2543859649122807,neutral
SSVFHIHV,42,42,26,29,84,55,0.2543859649122807,neutral
LVYDVNVH,50,34,22,33,84,55,0.2543859649122807,neutral
FLDVGHFR,51,33,28,27,84,55,0.2543859649122807,neutral
RDICDLYH,14,11,6,5,25,11,0.2545454545454545,neutral
VIYFLILF,14,11,4,7,25,11,0.2545454545454545,neutral
FFHFVHSF,14,11,3,8,25,11,0.2545454545454545,neutral
GFIYVNCD,13,12,7,4,25,11,0.2545454545454545,neutral
YCNGDIGC,17,8,4,7,25,11,0.2545454545454545,neutral
CFFYHCHV,19,6,4,7,25,11,0.2545454545454545,neutral
RRVVRVLV,15,10,4,7,25,11,0.2545454545454545,neutral
YGVDCDID,18,7,6,5,25,11,0.2545454545454545,neutral
RDHCLHIF,14,11,3,8,25,11,0.2545454545454545,neutral
DICVCFRR,17,8,5,6,25,11,0.2545454545454545,neutral
DIFYSGLR,19,6,9,2,25,11,0.2545454545454545,neutral
CYFVFVYI,18,7,6,5,25,11,0.2545454545454545,neutral
RCYGNVIH,44,36,18,34,80,52,0.2545454545454545,neutral
YYRDGGSD,42,38,25,27,80,52,0.2545454545454545,neutral
FCHFVYFR,20,5,5,6,25,11,0.2545454545454545,neutral
LFDISNFC,19,6,5,6,25,11,0.2545454545454545,neutral
FHCLFDRL,16,9,8,3,25,11,0.2545454545454545,neutral
YYRCLNRL,16,9,2,9,25,11,0.2545454545454545,neutral
GDYFRGGC,41,39,29,23,80,52,0.2545454545454545,neutral
FCSYLSVG,49,31,22,30,80,52,0.2545454545454545,neutral
SFRHSFDH,14,11,8,3,25,11,0.2545454545454545,neutral
IHDFLCHR,17,8,4,7,25,11,0.2545454545454545,neutral
VFCCLNGI,18,7,1,10,25,11,0.2545454545454545,neutral
CFVCCDYD,19,6,5,6,25,11,0.2545454545454545,neutral
ISHCFFGC,17,8,6,5,25,11,0.2545454545454545,neutral
CLGYCDRR,43,37,23,29,80,52,0.2545454545454545,neutral
LHGFSSHL,44,36,24,28,80,52,0.2545454545454545,neutral
FFFFNYGD,17,8,6,5,25,11,0.2545454545454545,neutral
DILDVNSI,47,33,25,27,80,52,0.2545454545454545,neutral
CHYFCYRG,17,8,3,8,25,11,0.2545454545454545,neutral
YDYVLVRY,13,12,5,6,25,11,0.2545454545454545,neutral
NYCGYFYH,17,8,2,9,25,11,0.2545454545454545,neutral
CVRFNVDY,16,9,8,3,25,11,0.2545454545454545,neutral
LVNSCHLR,17,8,4,7,25,11,0.2545454545454545,neutral
FYDVSRFD,13,12,6,5,25,11,0.2545454545454545,neutral
VLFCSHRI,46,30,29,20,76,49,0.25471698113207547,neutral
VYDIHYIV,40,36,21,28,76,49,0.25471698113207547,neutral
FGLCDIVH,41,35,25,24,76,49,0.25471698113207547,neutral
LFGCRLSG,68,59,42,45,127,87,0.25477707006369427,neutral
DCNVSCFI,13,8,5,3,21,8,0.2549019607843137,neutral
CHCCGHCS,11,10,1,7,21,8,0.2549019607843137,neutral
SDVICIRC,9,12,5,3,21,8,0.2549019607843137,neutral
FCYCGCRH,13,8,4,4,21,8,0.2549019607843137,neutral
GFGGYDHV,12,9,3,5,21,8,0.2549019607843137,neutral
GIILDCFC,14,7,3,5,21,8,0.2549019607843137,neutral
GLNYGYSD,13,8,3,5,21,8,0.2549019607843137,neutral
ICHGSVYL,39,33,21,25,72,46,0.2549019607843137,neutral
FHCHSCSG,10,11,4,4,21,8,0.2549019607843137,neutral
CLCYFVLF,13,8,2,6,21,8,0.2549019607843137,neutral
VGYCGFYR,13,8,5,3,21,8,0.2549019607843137,neutral
CFNCCGCD,15,6,5,3,21,8,0.2549019607843137,neutral
FGCIVCDD,13,8,4,4,21,8,0.2549019607843137,neutral
HCVDFVIV,13,8,3,5,21,8,0.2549019607843137,neutral
LCCFCCYH,15,6,5,3,21,8,0.2549019607843137,neutral
FISGGIGF,42,30,29,17,72,46,0.2549019607843137,neutral
RVCLCSVV,70,53,39,45,123,84,0.2549019607843137,neutral
CCCFSDCI,12,9,4,4,21,8,0.2549019607843137,neutral
CVYRGCVY,18,3,2,6,21,8,0.2549019607843137,neutral
VVVRRGFC,45,27,17,29,72,46,0.2549019607843137,neutral
CFRNVIHY,10,11,5,3,21,8,0.2549019607843137,neutral
HFCFHCFN,12,9,3,5,21,8,0.2549019607843137,neutral
FCCIDFDC,14,7,3,5,21,8,0.2549019607843137,neutral
LHYIFSVG,40,32,24,22,72,46,0.2549019607843137,neutral
VCSCSVIV,17,4,3,5,21,8,0.2549019607843137,neutral
CYYCDIIH,12,9,4,4,21,8,0.2549019607843137,neutral
FCCCCDVR,9,12,6,2,21,8,0.2549019607843137,neutral
SYFVCNGG,43,29,15,31,72,46,0.2549019607843137,neutral
LCIGDCGI,44,28,18,28,72,46,0.2549019607843137,neutral
GGLCFFRC,10,11,5,3,21,8,0.2549019607843137,neutral
SGFGYFCI,16,5,2,6,21,8,0.2549019607843137,neutral
CSYRIVGD,11,10,4,4,21,8,0.2549019607843137,neutral
NCCRDIVF,14,7,4,4,21,8,0.2549019607843137,neutral
FCNLHLFD,12,9,4,4,21,8,0.2549019607843137,neutral
VICDSVHY,11,10,4,4,21,8,0.2549019607843137,neutral
VHCYSYGL,10,11,5,3,21,8,0.2549019607843137,neutral
GLFGIGHY,14,7,2,6,21,8,0.2549019607843137,neutral
CLYSDFVC,15,6,2,6,21,8,0.2549019607843137,neutral
LSDFGCCS,43,25,23,20,68,43,0.25510204081632654,neutral
RHRRRSLV,36,32,20,23,68,43,0.25510204081632654,neutral
RYLHGSVH,41,27,19,24,68,43,0.25510204081632654,neutral
LSYRLDRC,38,30,18,25,68,43,0.25510204081632654,neutral
VIGCRFRC,62,53,45,33,115,78,0.25517241379310346,neutral
VVSCCVGL,60,51,41,34,111,75,0.2553191489361702,neutral
CFRFVCRD,38,26,13,27,64,40,0.2553191489361702,neutral
SGRCLGCC,9,8,2,3,17,5,0.2553191489361702,neutral
GNCGNLGF,33,31,25,15,64,40,0.2553191489361702,neutral
VCHSHLFH,8,9,1,4,17,5,0.2553191489361702,neutral
CYGDYDFL,14,3,2,3,17,5,0.2553191489361702,neutral
YFVLGGFR,12,5,3,2,17,5,0.2553191489361702,neutral
HFFRLIHL,7,10,1,4,17,5,0.2553191489361702,neutral
NRLFCRLD,40,24,22,18,64,40,0.2553191489361702,neutral
IGLGFDFL,14,3,2,3,17,5,0.2553191489361702,neutral
FGCHSYFL,38,26,21,19,64,40,0.2553191489361702,neutral
RSLSCVFC,31,33,20,20,64,40,0.2553191489361702,neutral
CCDICGCL,11,6,5,0,17,5,0.2553191489361702,neutral
CYFYCCFI,6,11,3,2,17,5,0.2553191489361702,neutral
CDYLYCYR,14,3,4,1,17,5,0.2553191489361702,neutral
VISCYLSL,9,8,2,3,17,5,0.2553191489361702,neutral
GFIFRVRY,8,9,2,3,17,5,0.2553191489361702,neutral
CYRLYGIN,8,9,2,3,17,5,0.2553191489361702,neutral
YYGNCGII,11,6,2,3,17,5,0.2553191489361702,neutral
YVFRNFSD,9,8,3,2,17,5,0.2553191489361702,neutral
IGYFVCCL,12,5,2,3,17,5,0.2553191489361702,neutral
HRSRLLSG,40,24,18,22,64,40,0.2553191489361702,neutral
DIHIIRFC,9,8,3,2,17,5,0.2553191489361702,neutral
RIHCGFSF,39,25,18,22,64,40,0.2553191489361702,neutral
CICLHCIH,14,3,5,0,17,5,0.2553191489361702,neutral
IVCYVVYL,13,4,0,5,17,5,0.2553191489361702,neutral
YDRDFGLV,13,4,2,3,17,5,0.2553191489361702,neutral
GFLFSFCV,10,7,4,1,17,5,0.2553191489361702,neutral
CCCIFYHV,8,9,2,3,17,5,0.2553191489361702,neutral
VHFFCGCV,10,7,2,3,17,5,0.2553191489361702,neutral
CCYFDGLL,10,7,3,2,17,5,0.2553191489361702,neutral
VCIFCCCV,11,6,2,3,17,5,0.2553191489361702,neutral
FSFSGRVG,13,4,4,1,17,5,0.2553191489361702,neutral
CRCYDRYR,12,5,3,2,17,5,0.2553191489361702,neutral
VNYLCGLC,8,9,4,1,17,5,0.2553191489361702,neutral
FLCGFFSV,7,10,2,3,17,5,0.2553191489361702,neutral
LDFCGCCV,10,7,4,1,17,5,0.2553191489361702,neutral
GCFNFVCC,10,7,0,5,17,5,0.2553191489361702,neutral
FYGNGYFI,39,25,18,22,64,40,0.2553191489361702,neutral
FVCFFSDL,10,7,2,3,17,5,0.2553191489361702,neutral
CGSFYGVL,10,7,3,2,17,5,0.2553191489361702,neutral
CIIGYICD,11,6,4,1,17,5,0.2553191489361702,neutral
FYISHCRS,41,23,20,20,64,40,0.2553191489361702,neutral
FFFCHYDI,10,7,3,2,17,5,0.2553191489361702,neutral
CYGIYGHF,11,6,2,3,17,5,0.2553191489361702,neutral
CYIDSCCV,35,29,21,19,64,40,0.2553191489361702,neutral
CVLCFNDV,12,5,4,1,17,5,0.2553191489361702,neutral
IYHSCRVC,61,46,40,32,107,72,0.25547445255474455,neutral
SSDCCNCI,39,21,20,17,60,37,0.25555555555555554,neutral
LDILNGYC,38,22,12,25,60,37,0.25555555555555554,neutral
LGIICCHN,35,25,20,17,60,37,0.25555555555555554,neutral
CFNGFCII,34,26,20,17,60,37,0.25555555555555554,neutral
LRFYISVI,10,3,1,1,13,2,0.2558139534883721,neutral
FYFSICLV,11,2,0,2,13,2,0.2558139534883721,neutral
FRLCVGHV,6,7,0,2,13,2,0.2558139534883721,neutral
FFYSVYFI,5,8,1,1,13,2,0.2558139534883721,neutral
YSRHLDDS,36,20,20,14,56,34,0.2558139534883721,neutral
VLCSGCRC,9,4,0,2,13,2,0.2558139534883721,neutral
YFFGIIVD,6,7,2,0,13,2,0.2558139534883721,neutral
CCVFCYIY,8,5,1,1,13,2,0.2558139534883721,neutral
IYIYCIVF,9,4,1,1,13,2,0.2558139534883721,neutral
SYCYDYFC,9,4,1,1,13,2,0.2558139534883721,neutral
VIVYYCSV,11,2,2,0,13,2,0.2558139534883721,neutral
FCCVCFVR,7,6,0,2,13,2,0.2558139534883721,neutral
IIDVSVCC,10,3,2,0,13,2,0.2558139534883721,neutral
FYFHFRSF,5,8,2,0,13,2,0.2558139534883721,neutral
YFFFFDVC,5,8,1,1,13,2,0.2558139534883721,neutral
FRVYIHIL,9,4,0,2,13,2,0.2558139534883721,neutral
CVYFGIIY,6,7,1,1,13,2,0.2558139534883721,neutral
GYGFVGVV,2,11,1,1,13,2,0.2558139534883721,neutral
RCVIGVFG,58,41,28,38,99,66,0.2558139534883721,neutral
CYYVFGGS,34,22,13,21,56,34,0.2558139534883721,neutral
VFICCGRC,12,1,2,0,13,2,0.2558139534883721,neutral
DYGDLDFF,6,7,2,0,13,2,0.2558139534883721,neutral
FFCFICSF,9,4,1,1,13,2,0.2558139534883721,neutral
YCFCYLVF,11,2,0,2,13,2,0.2558139534883721,neutral
LVFVYYHF,8,5,1,1,13,2,0.2558139534883721,neutral
CFCDCIYG,8,5,0,2,13,2,0.2558139534883721,neutral
VHCCHVLL,9,4,2,0,13,2,0.2558139534883721,neutral
GVDYIRCV,35,21,16,18,56,34,0.2558139534883721,neutral
RRGVYFVV,5,8,0,2,13,2,0.2558139534883721,neutral
ICYLCVSF,8,5,1,1,13,2,0.2558139534883721,neutral
CIVCFFYC,8,5,0,2,13,2,0.2558139534883721,neutral
GCDLCLLG,2,11,2,0,13,2,0.2558139534883721,neutral
CFFLLLVH,9,4,1,1,13,2,0.2558139534883721,neutral
FCFGGHRC,33,23,17,17,56,34,0.2558139534883721,neutral
FYRSGYVV,32,24,18,16,56,34,0.2558139534883721,neutral
CVYDGICF,37,19,18,16,56,34,0.2558139534883721,neutral
GYVIGCIY,9,4,2,0,13,2,0.2558139534883721,neutral
YCLLCHVC,6,7,2,0,13,2,0.2558139534883721,neutral
CCFRCSCL,8,5,0,2,13,2,0.2558139534883721,neutral
IHCFYCLL,5,8,2,0,13,2,0.2558139534883721,neutral
FCCVCDFY,9,4,1,1,13,2,0.2558139534883721,neutral
CFRFVCYV,9,4,2,0,13,2,0.2558139534883721,neutral
FCLSSIGF,57,38,29,34,95,63,0.256,neutral
VFDFRFFR,33,19,14,17,52,31,0.25609756097560976,neutral
FCSNHFVH,34,18,13,18,52,31,0.25609756097560976,neutral
DLLRYSGN,28,24,10,21,52,31,0.25609756097560976,neutral
CGLCFYDG,26,26,16,15,52,31,0.25609756097560976,neutral
LDNLVFGR,33,19,13,18,52,31,0.25609756097560976,neutral
IIYGLCNV,32,20,13,18,52,31,0.25609756097560976,neutral
VYGGHIDV,34,18,14,17,52,31,0.25609756097560976,neutral
ICFRVGVH,33,19,15,16,52,31,0.25609756097560976,neutral
FCHDCFFH,32,20,18,13,52,31,0.25609756097560976,neutral
ICHHDCGH,25,27,14,17,52,31,0.25609756097560976,neutral
FYSFHCVV,75,59,45,47,134,92,0.25609756097560976,neutral
CCLVFYDD,54,37,29,31,91,60,0.256198347107438,neutral
LGLFDIGN,26,22,13,15,48,28,0.2564102564102564,neutral
CDHFLRFG,72,54,38,48,126,86,0.2564102564102564,neutral
SNCFCVVS,53,34,30,27,87,57,0.2564102564102564,neutral
FVGCCIGF,33,15,17,11,48,28,0.2564102564102564,neutral
HIYRRGLD,31,17,17,11,48,28,0.2564102564102564,neutral
GVCSCLVS,33,15,17,11,48,28,0.2564102564102564,neutral
ISNCVFRC,32,16,17,11,48,28,0.2564102564102564,neutral
LLYYDFSC,25,23,13,15,48,28,0.2564102564102564,neutral
CDDCCCHC,31,17,7,21,48,28,0.2564102564102564,neutral
FCLGSCVR,29,19,17,11,48,28,0.2564102564102564,neutral
GVIFSSYF,53,34,35,22,87,57,0.2564102564102564,neutral
FRDDVGIC,47,40,30,27,87,57,0.2564102564102564,neutral
CFNSSLRF,41,42,25,29,83,54,0.25663716814159293,neutral
YVSRVFLY,22,22,13,12,44,25,0.25675675675675674,neutral
ICYVGGCY,28,16,11,14,44,25,0.25675675675675674,neutral
GNYSFVRL,27,17,12,13,44,25,0.25675675675675674,neutral
FRLCGCFD,22,22,7,18,44,25,0.25675675675675674,neutral
VGYDYGVD,25,19,8,17,44,25,0.25675675675675674,neutral
ILCDFVRL,28,16,15,10,44,25,0.25675675675675674,neutral
SFLCFRGS,29,15,15,10,44,25,0.25675675675675674,neutral
VCCVHRHF,28,16,13,12,44,25,0.25675675675675674,neutral
RFYDCSNV,30,14,10,15,44,25,0.25675675675675674,neutral
RHGSFVFD,22,22,15,10,44,25,0.25675675675675674,neutral
YVIGVCCV,30,14,14,11,44,25,0.25675675675675674,neutral
IGYCISIS,29,15,15,10,44,25,0.25675675675675674,neutral
FSGFCCVH,24,20,7,18,44,25,0.25675675675675674,neutral
SLHFFHCC,27,17,13,12,44,25,0.25675675675675674,neutral
CCFYHDLH,25,19,15,10,44,25,0.25675675675675674,neutral
FYGYHRII,25,19,14,11,44,25,0.25675675675675674,neutral
FSFHVCVN,31,13,9,16,44,25,0.25675675675675674,neutral
GFVLVDSF,30,14,9,16,44,25,0.25675675675675674,neutral
IVYGLIVD,26,18,11,14,44,25,0.25675675675675674,neutral
DCHCGGFY,67,51,35,45,118,80,0.25675675675675674,neutral
FYFCYGYR,30,14,11,14,44,25,0.25675675675675674,neutral
DRICLFHI,29,15,13,12,44,25,0.25675675675675674,neutral
LVICGCLR,26,18,13,12,44,25,0.25675675675675674,neutral
YGCFDCIR,23,21,10,15,44,25,0.25675675675675674,neutral
FVNICGGC,46,33,25,26,79,51,0.25688073394495414,neutral
SICIYCDN,45,34,24,27,79,51,0.25688073394495414,neutral
YCCLRSDD,47,32,28,23,79,51,0.25688073394495414,neutral
LLFIGVHG,27,13,12,10,40,22,0.2571428571428571,neutral
NFDRCNFG,46,29,25,23,75,48,0.2571428571428571,neutral
LRRCLFDL,63,47,43,31,110,74,0.2571428571428571,neutral
YVLGHYFG,21,19,13,9,40,22,0.2571428571428571,neutral
CGYVNCYD,24,16,14,8,40,22,0.2571428571428571,neutral
VDYFYISC,29,11,9,13,40,22,0.2571428571428571,neutral
LNDYFSFV,25,15,9,13,40,22,0.2571428571428571,neutral
VNCDGHFI,63,47,40,34,110,74,0.2571428571428571,neutral
GCGSDVLD,24,16,14,8,40,22,0.2571428571428571,neutral
RNCFYIDS,38,37,21,27,75,48,0.2571428571428571,neutral
HHRSNGHG,47,28,28,20,75,48,0.2571428571428571,neutral
SCVLCRNR,46,29,16,32,75,48,0.2571428571428571,neutral
YVNCRFNC,27,13,12,10,40,22,0.2571428571428571,neutral
FSYCLFSR,19,21,14,8,40,22,0.2571428571428571,neutral
CFSFGRDG,45,30,23,25,75,48,0.2571428571428571,neutral
DIYNLISG,27,13,9,13,40,22,0.2571428571428571,neutral
ISVFGCRL,46,29,27,21,75,48,0.2571428571428571,neutral
CICNVFIN,20,20,9,13,40,22,0.2571428571428571,neutral
DRVLLGHF,45,26,21,24,71,45,0.25742574257425743,neutral
YCVVYSRV,42,29,26,19,71,45,0.25742574257425743,neutral
HVCFFSIR,44,27,23,22,71,45,0.25742574257425743,neutral
HICGYGHG,25,11,6,13,36,19,0.25757575757575757,neutral
CNICVCSG,26,10,9,10,36,19,0.25757575757575757,neutral
DCRIGVHF,60,42,30,38,102,68,0.25757575757575757,neutral
YNHCSCYC,26,10,11,8,36,19,0.25757575757575757,neutral
GFDCLSGF,24,12,10,9,36,19,0.25757575757575757,neutral
ILFHVGCF,21,15,10,9,36,19,0.25757575757575757,neutral
RCILGCGY,24,12,7,12,36,19,0.25757575757575757,neutral
YICCHDLV,21,15,8,11,36,19,0.25757575757575757,neutral
FSSCIDDV,26,10,8,11,36,19,0.25757575757575757,neutral
LSFYRGNC,24,12,9,10,36,19,0.25757575757575757,neutral
HFDNDYCG,20,16,8,11,36,19,0.25757575757575757,neutral
CYHYYGVS,24,12,9,10,36,19,0.25757575757575757,neutral
LYSNLCGG,25,11,8,11,36,19,0.25757575757575757,neutral
VLHYRGVH,24,12,6,13,36,19,0.25757575757575757,neutral
NVFRVCCC,19,17,10,9,36,19,0.25757575757575757,neutral
FCCYGNRV,16,20,12,7,36,19,0.25757575757575757,neutral
VCDVFFSF,27,9,9,10,36,19,0.25757575757575757,neutral
LFYYYLHR,17,19,8,11,36,19,0.25757575757575757,neutral
IFVSGFVS,24,12,10,9,36,19,0.25757575757575757,neutral
FCNIHCYF,23,13,9,10,36,19,0.25757575757575757,neutral
DLICINCV,21,15,13,6,36,19,0.25757575757575757,neutral
IFVGSLRG,24,12,10,9,36,19,0.25757575757575757,neutral
YDFYGYVS,19,17,5,14,36,19,0.25757575757575757,neutral
FFGCDCCV,23,13,9,10,36,19,0.25757575757575757,neutral
VYHHSGSD,74,59,38,53,133,91,0.25766871165644173,neutral
SLGDCCCF,41,26,16,26,67,42,0.25773195876288657,neutral
DCHIFGHI,37,30,22,20,67,42,0.25773195876288657,neutral
CVIFLGGN,41,26,24,18,67,42,0.25773195876288657,neutral
CSYYGDVD,40,27,23,19,67,42,0.25773195876288657,neutral
NFVIGLGY,39,28,18,24,67,42,0.25773195876288657,neutral
VFCYCHDS,42,25,19,23,67,42,0.25773195876288657,neutral
FRGNVYVY,41,26,15,27,67,42,0.25773195876288657,neutral
ICVLSCVC,37,30,21,21,67,42,0.25773195876288657,neutral
CDFLDVLL,36,31,23,19,67,42,0.25773195876288657,neutral
HVSCDGFN,53,45,31,34,98,65,0.2578125,neutral
CYSVCGLI,55,43,24,41,98,65,0.2578125,neutral
GVIYVDGG,55,43,26,39,98,65,0.2578125,neutral
CGNGHLSY,74,55,46,42,129,88,0.2578616352201258,neutral
CGRSCGVH,37,26,20,19,63,39,0.25806451612903225,neutral
IHVRCYCH,19,13,4,12,32,16,0.25806451612903225,neutral
CFINFFRG,37,26,13,26,63,39,0.25806451612903225,neutral
FYSCDVFC,21,11,8,8,32,16,0.25806451612903225,neutral
DCNFLYCD,18,14,9,7,32,16,0.25806451612903225,neutral
YDIYSFLL,25,7,9,7,32,16,0.25806451612903225,neutral
FFNFCYRC,19,13,10,6,32,16,0.25806451612903225,neutral
FLFFCVHR,22,10,5,11,32,16,0.25806451612903225,neutral
CRLCDRLI,22,10,10,6,32,16,0.25806451612903225,neutral
LNGDFFFL,23,9,5,11,32,16,0.25806451612903225,neutral
GYNFHCGC,23,9,7,9,32,16,0.25806451612903225,neutral
SSVRFIVR,40,23,20,19,63,39,0.25806451612903225,neutral
DGYCYVIV,21,11,7,9,32,16,0.25806451612903225,neutral
DVYHRCID,22,10,9,7,32,16,0.25806451612903225,neutral
VYYLGDDL,14,18,7,9,32,16,0.25806451612903225,neutral
FIFGCDFG,39,24,22,17,63,39,0.25806451612903225,neutral
ICCDYYDF,21,11,7,9,32,16,0.25806451612903225,neutral
DFGCIFRV,33,30,18,21,63,39,0.25806451612903225,neutral
CFSVCDCV,21,11,6,10,32,16,0.25806451612903225,neutral
FLCRGLLS,51,43,29,33,94,62,0.25806451612903225,neutral
LSIGVRHF,23,9,3,13,32,16,0.25806451612903225,neutral
CFCHDGGC,18,14,5,11,32,16,0.25806451612903225,neutral
RLCCNYDD,41,22,19,20,63,39,0.25806451612903225,neutral
YLHYGFCL,23,9,8,8,32,16,0.25806451612903225,neutral
FCDFFSIG,29,34,17,22,63,39,0.25806451612903225,neutral
FSCCFGSR,21,11,8,8,32,16,0.25806451612903225,neutral
SRGYSDCS,20,12,9,7,32,16,0.25806451612903225,neutral
VDNLLLCS,21,11,8,8,32,16,0.25806451612903225,neutral
VFCCRRRH,18,14,7,9,32,16,0.25806451612903225,neutral
GFYCVNDV,19,13,5,11,32,16,0.25806451612903225,neutral
YCDCVIDH,13,19,8,8,32,16,0.25806451612903225,neutral
SIGIVFRC,22,10,7,9,32,16,0.25806451612903225,neutral
YCDSFIVV,38,25,13,26,63,39,0.25806451612903225,neutral
YYCFNGVD,47,47,31,31,94,62,0.25806451612903225,neutral
IISCGVYY,19,13,12,4,32,16,0.25806451612903225,neutral
LGCIYSGG,39,24,23,16,63,39,0.25806451612903225,neutral
VFVVHRCV,17,15,12,4,32,16,0.25806451612903225,neutral
YRGCRFRC,70,51,38,44,121,82,0.2582781456953642,neutral
FINVLRVG,53,37,31,28,90,59,0.25833333333333336,neutral
CCLSFSYN,34,25,18,18,59,36,0.25842696629213485,neutral
VLYFGIDC,31,28,19,17,59,36,0.25842696629213485,neutral
DIDFVLDC,35,24,17,19,59,36,0.25842696629213485,neutral
CFRSLNVF,39,20,17,19,59,36,0.25842696629213485,neutral
FSVLDSLL,34,25,17,19,59,36,0.25842696629213485,neutral
VDGYISIV,32,27,23,13,59,36,0.25842696629213485,neutral
YICRGVLD,34,25,13,23,59,36,0.25842696629213485,neutral
CIRNCLRC,35,24,21,15,59,36,0.25842696629213485,neutral
FDYHIVGC,37,22,17,19,59,36,0.25842696629213485,neutral
SHDIYCGS,68,49,38,41,117,79,0.2585034013605442,neutral
LFFRDSLH,20,8,6,7,28,13,0.25862068965517243,neutral
VFCCFSVV,20,8,7,6,28,13,0.25862068965517243,neutral
FNHCYYSH,16,12,4,9,28,13,0.25862068965517243,neutral
VNSFICVY,20,8,7,6,28,13,0.25862068965517243,neutral
CSFGGLDV,18,10,2,11,28,13,0.25862068965517243,neutral
CLCCVNLD,17,11,6,7,28,13,0.25862068965517243,neutral
CHSIRIYH,19,9,8,5,28,13,0.25862068965517243,neutral
CRVVSIFD,15,13,6,7,28,13,0.25862068965517243,neutral
IFVSGLHF,19,9,6,7,28,13,0.25862068965517243,neutral
ICCNFSYG,21,7,10,3,28,13,0.25862068965517243,neutral
ICHGLCLC,18,10,6,7,28,13,0.25862068965517243,neutral
FSGGFFIV,17,11,9,4,28,13,0.25862068965517243,neutral
RFVHSFRF,18,10,6,7,28,13,0.25862068965517243,neutral
FRSGCSFC,15,13,3,10,28,13,0.25862068965517243,neutral
SFCGCDGV,18,10,8,5,28,13,0.25862068965517243,neutral
GVHCLINF,18,10,9,4,28,13,0.25862068965517243,neutral
GVCSDVFG,40,46,28,28,86,56,0.25862068965517243,neutral
NCVCVCCY,16,12,7,6,28,13,0.25862068965517243,neutral
FHHYRRDG,19,9,6,7,28,13,0.25862068965517243,neutral
LFVLNCVF,20,8,4,9,28,13,0.25862068965517243,neutral
DYRFGNYG,20,8,9,4,28,13,0.25862068965517243,neutral
FNLDFVDY,15,13,4,9,28,13,0.25862068965517243,neutral
SLRYFRHC,20,8,2,11,28,13,0.25862068965517243,neutral
SCVCFLSC,18,10,9,4,28,13,0.25862068965517243,neutral
FVFGSILL,17,11,6,7,28,13,0.25862068965517243,neutral
SYFSCRYG,19,9,7,6,28,13,0.25862068965517243,neutral
LYDNFDFI,17,11,6,7,28,13,0.25862068965517243,neutral
NIHFSHDY,33,22,19,14,55,33,0.25882352941176473,neutral
GFIVSGID,36,19,14,19,55,33,0.25882352941176473,neutral
VFCISCGV,36,19,14,19,55,33,0.25882352941176473,neutral
CRVLGDCC,36,19,18,15,55,33,0.25882352941176473,neutral
DVLFGFCC,32,23,15,18,55,33,0.25882352941176473,neutral
GISSLFGH,29,26,19,14,55,33,0.25882352941176473,neutral
SIGLGNIF,46,36,24,29,82,53,0.25892857142857145,neutral
LCGGDSRF,48,34,24,29,82,53,0.25892857142857145,neutral
CNGIFIVD,47,35,23,30,82,53,0.25892857142857145,neutral
VCDCCLSC,14,10,4,6,24,10,0.25925925925925924,neutral
VFSLCLRR,47,31,19,31,78,50,0.25925925925925924,neutral
NFIDCIYG,17,7,5,5,24,10,0.25925925925925924,neutral
CYFRHICC,12,12,6,4,24,10,0.25925925925925924,neutral
HVCYCDLC,13,11,6,4,24,10,0.25925925925925924,neutral
FCHFVGCF,14,10,4,6,24,10,0.25925925925925924,neutral
SNCSCFYR,14,10,5,5,24,10,0.25925925925925924,neutral
SYCCSGCF,15,9,4,6,24,10,0.25925925925925924,neutral
LDFSCLRV,28,23,17,13,51,30,0.25925925925925924,neutral
GGCFFLIH,15,9,2,8,24,10,0.25925925925925924,neutral
DFCYGCCG,15,9,4,6,24,10,0.25925925925925924,neutral
HVHCSCVF,17,7,5,5,24,10,0.25925925925925924,neutral
NFFYCVSC,19,5,4,6,24,10,0.25925925925925924,neutral
GCVVGSCY,30,21,14,16,51,30,0.25925925925925924,neutral
LCHVFSSV,27,24,13,17,51,30,0.25925925925925924,neutral
VDFHCGFS,15,9,6,4,24,10,0.25925925925925924,neutral
FCDLGFVR,18,6,6,4,24,10,0.25925925925925924,neutral
CSSFGLLR,17,7,4,6,24,10,0.25925925925925924,neutral
IYVGGLYY,61,44,36,34,105,70,0.25925925925925924,neutral
ICDFIYGV,11,13,5,5,24,10,0.25925925925925924,neutral
FIVDLNLY,34,17,19,11,51,30,0.25925925925925924,neutral
NYCNRGVG,32,19,14,16,51,30,0.25925925925925924,neutral
ICSFVYFH,14,10,2,8,24,10,0.25925925925925924,neutral
VCHGFCGY,16,8,5,5,24,10,0.25925925925925924,neutral
RGFGLYIC,14,10,4,6,24,10,0.25925925925925924,neutral
FFNCDLGC,15,9,6,4,24,10,0.25925925925925924,neutral
IIHYGGFC,14,10,4,6,24,10,0.25925925925925924,neutral
IFYDCFSF,9,15,5,5,24,10,0.25925925925925924,neutral
YYDHVFVF,43,35,17,33,78,50,0.25925925925925924,neutral
LFSCFYGS,33,18,12,18,51,30,0.25925925925925924,neutral
FCFYNRLI,11,13,7,3,24,10,0.25925925925925924,neutral
FICLRCLS,16,8,5,5,24,10,0.25925925925925924,neutral
CFHVGRYG,12,12,5,5,24,10,0.25925925925925924,neutral
FYGLHSFI,16,8,6,4,24,10,0.25925925925925924,neutral
YCYHLDYL,15,9,2,8,24,10,0.25925925925925924,neutral
FFCNVNLI,94,88,58,69,182,127,0.25943396226415094,neutral
CVDVFVDI,59,42,26,41,101,67,0.2595419847328244,neutral
CVCHRGRD,43,31,27,20,74,47,0.25961538461538464,neutral
FSNFRVVC,43,31,27,20,74,47,0.25961538461538464,neutral
GCFSYYVL,44,30,24,23,74,47,0.25961538461538464,neutral
LHYVSFVC,39,35,26,21,74,47,0.25961538461538464,neutral
GYCDNSVL,32,15,14,13,47,27,0.2597402597402597,neutral
IVGFGVYH,29,18,14,13,47,27,0.2597402597402597,neutral
NFRFGYRR,30,17,13,14,47,27,0.2597402597402597,neutral
VYVCSGVG,32,15,11,16,47,27,0.2597402597402597,neutral
ICISGFGF,26,21,16,11,47,27,0.2597402597402597,neutral
CRFCRDYD,28,19,7,20,47,27,0.2597402597402597,neutral
GVCRHGLG,32,15,12,15,47,27,0.2597402597402597,neutral
NLRYLGFC,27,20,16,11,47,27,0.2597402597402597,neutral
LCFDVCLL,25,22,13,14,47,27,0.2597402597402597,neutral
IFGVCVVG,27,20,10,17,47,27,0.2597402597402597,neutral
HIFCVNLG,31,16,15,12,47,27,0.2597402597402597,neutral
LIFSSSIR,31,16,15,12,47,27,0.2597402597402597,neutral
FFFCGFDI,33,14,13,14,47,27,0.2597402597402597,neutral
CIVCFNGY,28,19,13,14,47,27,0.2597402597402597,neutral
YGYYDCDY,31,16,13,14,47,27,0.2597402597402597,neutral
YVHCGGVV,32,15,12,15,47,27,0.2597402597402597,neutral
IFVCRIYD,15,5,4,3,20,7,0.26,neutral
CFCYGRVN,14,6,2,5,20,7,0.26,neutral
CFGCGGLI,14,6,1,6,20,7,0.26,neutral
FCSYCHLH,15,5,4,3,20,7,0.26,neutral
YYFFCGDL,14,6,4,3,20,7,0.26,neutral
VFGFCRDS,10,10,3,4,20,7,0.26,neutral
VYSSSGII,41,29,17,27,70,44,0.26,neutral
FVFHGCRH,13,7,2,5,20,7,0.26,neutral
YVVYGNGC,13,7,3,4,20,7,0.26,neutral
VYRLSGFH,15,5,0,7,20,7,0.26,neutral
DFCYDSCC,11,9,3,4,20,7,0.26,neutral
VDRCCIYV,42,28,21,23,70,44,0.26,neutral
VFCCNCFD,16,4,4,3,20,7,0.26,neutral
YFHDCIFH,13,7,3,4,20,7,0.26,neutral
CVSGGFCG,15,5,3,4,20,7,0.26,neutral
YLGVSYHG,17,3,3,4,20,7,0.26,neutral
CDVLCDVV,64,56,39,42,120,81,0.26,neutral
CFRGVLDY,12,8,5,2,20,7,0.26,neutral
FCGDGFRC,43,27,21,23,70,44,0.26,neutral
FSRFFDVV,12,8,3,4,20,7,0.26,neutral
CRGVCSYS,44,26,20,24,70,44,0.26,neutral
VSLCFGLG,13,7,3,4,20,7,0.26,neutral
YLCLNNIC,11,9,4,3,20,7,0.26,neutral
FYCCFGFG,15,5,4,3,20,7,0.26,neutral
FFGYHDVS,12,8,5,2,20,7,0.26,neutral
VFRGCGFI,43,27,16,28,70,44,0.26,neutral
CHYSGFCH,10,10,4,3,20,7,0.26,neutral
FYFLDCCI,11,9,1,6,20,7,0.26,neutral
IFLRDSLH,25,18,11,13,43,24,0.2602739726027397,neutral
YFCFGGNY,25,18,13,11,43,24,0.2602739726027397,neutral
VICCGGIG,30,13,11,13,43,24,0.2602739726027397,neutral
LYGYCGVV,30,13,15,9,43,24,0.2602739726027397,neutral
FSYGHFSI,30,13,12,12,43,24,0.2602739726027397,neutral
YGCGHYLN,26,17,11,13,43,24,0.2602739726027397,neutral
NCFFSYRV,27,16,13,11,43,24,0.2602739726027397,neutral
CCHHHRFL,27,16,6,18,43,24,0.2602739726027397,neutral
IGGLVHDF,24,19,13,11,43,24,0.2602739726027397,neutral
FFDGRVLR,29,14,8,16,43,24,0.2602739726027397,neutral
FFVGDYLC,27,16,14,10,43,24,0.2602739726027397,neutral
VLCGCSHN,63,53,42,36,116,78,0.2602739726027397,neutral
YNLRVCVV,28,15,15,9,43,24,0.2602739726027397,neutral
DCHLVSRY,30,13,14,10,43,24,0.2602739726027397,neutral
IFFGRLVV,26,17,10,14,43,24,0.2602739726027397,neutral
CSYVFRVL,28,15,10,14,43,24,0.2602739726027397,neutral
FVGVGCGF,27,16,12,12,43,24,0.2602739726027397,neutral
GYLGLYDH,24,19,15,9,43,24,0.2602739726027397,neutral
YSHRRGIR,39,27,17,24,66,41,0.2604166666666667,neutral
FDLCDGHR,36,30,21,20,66,41,0.2604166666666667,neutral
GFYLRHIN,40,26,17,24,66,41,0.2604166666666667,neutral
GLFGNRGG,37,29,17,24,66,41,0.2604166666666667,neutral
SFLSDGVG,54,35,28,30,89,58,0.2605042016806723,neutral
CGHDSGFV,57,55,33,42,112,75,0.2605633802816901,neutral
LVVHGVGF,63,49,31,44,112,75,0.2605633802816901,neutral
CFHFFSLV,29,10,10,11,39,21,0.2608695652173913,neutral
YVYSLSGN,21,18,11,10,39,21,0.2608695652173913,neutral
SCCDVDVF,14,2,2,2,16,4,0.2608695652173913,neutral
FCSGYLGY,11,5,2,2,16,4,0.2608695652173913,neutral
CYFRIRNG,27,12,9,12,39,21,0.2608695652173913,neutral
FCCGLLYV,9,7,2,2,16,4,0.2608695652173913,neutral
FVCFRDVL,10,6,1,3,16,4,0.2608695652173913,neutral
YYHGGGRG,26,13,11,10,39,21,0.2608695652173913,neutral
RCYDGGGG,9,7,1,3,16,4,0.2608695652173913,neutral
YVSIVDSH,32,30,19,19,62,38,0.2608695652173913,neutral
NVHFVCSV,63,45,39,33,108,72,0.2608695652173913,neutral
CFNYVIGN,9,7,3,1,16,4,0.2608695652173913,neutral
FSVFVCCG,11,5,4,0,16,4,0.2608695652173913,neutral
LCVCGYGH,25,14,10,11,39,21,0.2608695652173913,neutral
RRDLCVVI,40,22,18,20,62,38,0.2608695652173913,neutral
CDYFSLDF,40,22,20,18,62,38,0.2608695652173913,neutral
FIFNNLIC,60,48,35,37,108,72,0.2608695652173913,neutral
IYGFYFDR,38,24,17,21,62,38,0.2608695652173913,neutral
YCFYGSGG,7,9,3,1,16,4,0.2608695652173913,neutral
VFYGYCVV,26,13,6,15,39,21,0.2608695652173913,neutral
FDSDLRVF,11,5,3,1,16,4,0.2608695652173913,neutral
YVSFSCSR,38,24,21,17,62,38,0.2608695652173913,neutral
CVLIRCSD,35,27,25,13,62,38,0.2608695652173913,neutral
SGHHSRFL,46,39,32,23,85,55,0.2608695652173913,neutral
IGRCDDYG,27,12,12,9,39,21,0.2608695652173913,neutral
DIFGFFVF,13,3,2,2,16,4,0.2608695652173913,neutral
VDDGCCGY,40,22,18,20,62,38,0.2608695652173913,neutral
YFDRIDNV,14,2,3,1,16,4,0.2608695652173913,neutral
DYVFGCYH,11,5,1,3,16,4,0.2608695652173913,neutral
LCFGIGCL,39,23,19,19,62,38,0.2608695652173913,neutral
GVRVSFVR,49,36,28,27,85,55,0.2608695652173913,neutral
FFCFIFLN,8,8,3,1,16,4,0.2608695652173913,neutral
IYLFVIYS,11,5,2,2,16,4,0.2608695652173913,neutral
CDFDICGY,10,6,1,3,16,4,0.2608695652173913,neutral
SCCGFFGY,24,15,9,12,39,21,0.2608695652173913,neutral
FCYVLGCY,7,9,2,2,16,4,0.2608695652173913,neutral
GFGFCVLH,38,24,26,12,62,38,0.2608695652173913,neutral
LFFNVCLV,8,8,2,2,16,4,0.2608695652173913,neutral
FICRNRYF,27,12,6,15,39,21,0.2608695652173913,neutral
CFCFDVCV,13,3,3,1,16,4,0.2608695652173913,neutral
LCLLGVCV,11,5,2,2,16,4,0.2608695652173913,neutral
HVDVFFFV,12,4,3,1,16,4,0.2608695652173913,neutral
FYRYHFGY,21,18,11,10,39,21,0.2608695652173913,neutral
FNVCGSYC,7,9,2,2,16,4,0.2608695652173913,neutral
VCLVFDHD,11,5,3,1,16,4,0.2608695652173913,neutral
SGFFVCSD,39,23,21,17,62,38,0.2608695652173913,neutral
LYNDCFIG,35,27,20,18,62,38,0.2608695652173913,neutral
FFSDFVGV,35,27,17,21,62,38,0.2608695652173913,neutral
SILHILSV,12,4,1,3,16,4,0.2608695652173913,neutral
VGCFGSVG,27,12,13,8,39,21,0.2608695652173913,neutral
GICHFVIY,14,2,1,3,16,4,0.2608695652173913,neutral
FCFGGVGI,19,20,10,11,39,21,0.2608695652173913,neutral
FFFCFCFR,13,3,2,2,16,4,0.2608695652173913,neutral
SGVCCFHL,23,16,9,12,39,21,0.2608695652173913,neutral
FDFCLRVL,25,14,9,12,39,21,0.2608695652173913,neutral
NCCYGFCV,28,11,12,9,39,21,0.2608695652173913,neutral
LSFSLCGH,33,29,17,21,62,38,0.2608695652173913,neutral
VFGCYGFF,73,54,38,48,127,86,0.2611464968152866,neutral
LCHYNLGR,59,45,31,38,104,69,0.26119402985074625,neutral
GFFVNGYL,47,34,21,31,81,52,0.26126126126126126,neutral
HGVHLSVY,50,31,22,30,81,52,0.26126126126126126,neutral
CYYGLRGG,47,34,24,28,81,52,0.26126126126126126,neutral
FHSVIFHY,31,27,17,18,58,35,0.26136363636363635,neutral
FFFGSGLD,34,24,21,14,58,35,0.26136363636363635,neutral
DFIGRILL,35,23,16,19,58,35,0.26136363636363635,neutral
HCCSNNCC,35,23,13,22,58,35,0.26136363636363635,neutral
VVYLGGVH,34,24,21,14,58,35,0.26136363636363635,neutral
LRCVDCVC,36,22,18,17,58,35,0.26136363636363635,neutral
CICYRFGD,36,22,16,19,58,35,0.26136363636363635,neutral
GDHYGINC,38,20,19,16,58,35,0.26136363636363635,neutral
VVIGLFGN,38,20,17,18,58,35,0.26136363636363635,neutral
FFFFSRVC,38,20,12,23,58,35,0.26136363636363635,neutral
LCYCGVRL,31,27,19,16,58,35,0.26136363636363635,neutral
YNNGYVCV,38,20,14,21,58,35,0.26136363636363635,neutral
FCCHIRVD,33,25,14,21,58,35,0.26136363636363635,neutral
GIGVYIVG,71,52,43,40,123,83,0.26143790849673204,neutral
NFVGHVGF,66,57,41,42,123,83,0.26143790849673204,neutral
LRHLYFNI,22,13,9,9,35,18,0.26153846153846155,neutral
VDVGCDSG,22,13,7,11,35,18,0.26153846153846155,neutral
FSLLNYYY,22,13,6,12,35,18,0.26153846153846155,neutral
LCCSGNHY,22,13,5,13,35,18,0.26153846153846155,neutral
LCRVCLGS,18,17,10,8,35,18,0.26153846153846155,neutral
IFHGSRSF,26,9,9,9,35,18,0.26153846153846155,neutral
DDCLCLGV,20,15,9,9,35,18,0.26153846153846155,neutral
VNICYYGL,24,11,6,12,35,18,0.26153846153846155,neutral
CCSGFCRN,27,8,8,10,35,18,0.26153846153846155,neutral
FFVDRFYC,23,12,8,10,35,18,0.26153846153846155,neutral
YYVDCFFV,24,11,11,7,35,18,0.26153846153846155,neutral
FGCDFFCL,18,17,7,11,35,18,0.26153846153846155,neutral
FYFFNCVY,23,12,5,13,35,18,0.26153846153846155,neutral
CCHLLSFL,24,11,7,11,35,18,0.26153846153846155,neutral
YHFCVFGN,27,8,11,7,35,18,0.26153846153846155,neutral
VHYLFHSF,19,16,10,8,35,18,0.26153846153846155,neutral
CNVDFYDG,27,8,10,8,35,18,0.26153846153846155,neutral
DYFVVLNS,21,14,7,11,35,18,0.26153846153846155,neutral
GHCCGFRC,24,11,11,7,35,18,0.26153846153846155,neutral
LSYYSCCF,23,12,7,11,35,18,0.26153846153846155,neutral
FDFFDGSV,27,8,11,7,35,18,0.26153846153846155,neutral
YCYFVGSS,21,14,7,11,35,18,0.26153846153846155,neutral
SNLGNICF,46,31,22,27,77,49,0.2616822429906542,neutral
CDSVCCVV,46,31,23,26,77,49,0.2616822429906542,neutral
CFDSSYLD,8,4,1,0,12,1,0.2619047619047619,neutral
FGFFICVI,6,6,1,0,12,1,0.2619047619047619,neutral
SYFDIYDR,8,4,1,0,12,1,0.2619047619047619,neutral
YFYFVILC,7,5,1,0,12,1,0.2619047619047619,neutral
LYCCIRLL,7,5,1,0,12,1,0.2619047619047619,neutral
HCHLFIVH,4,8,0,1,12,1,0.2619047619047619,neutral
FFRRFFLL,6,6,0,1,12,1,0.2619047619047619,neutral
GCYYVVLH,6,6,1,0,12,1,0.2619047619047619,neutral
CFFCGVYS,10,2,1,0,12,1,0.2619047619047619,neutral
FSFLVCVY,10,2,0,1,12,1,0.2619047619047619,neutral
FFLVCIIF,6,6,1,0,12,1,0.2619047619047619,neutral
FFFLVCLS,6,6,0,1,12,1,0.2619047619047619,neutral
CVNCFCGF,6,6,1,0,12,1,0.2619047619047619,neutral
ISCYVVYY,8,4,0,1,12,1,0.2619047619047619,neutral
VFNIVIYH,10,2,0,1,12,1,0.2619047619047619,neutral
FFCRLFVH,10,2,1,0,12,1,0.2619047619047619,neutral
FFCFYFSI,7,5,0,1,12,1,0.2619047619047619,neutral
YFFFLLFR,8,4,1,0,12,1,0.2619047619047619,neutral
FLSFCLFF,7,5,1,0,12,1,0.2619047619047619,neutral
CCHFFVVS,6,6,0,1,12,1,0.2619047619047619,neutral
CDLIDSDY,8,4,0,1,12,1,0.2619047619047619,neutral
FCCISCVF,9,3,1,0,12,1,0.2619047619047619,neutral
YIFCYYCF,10,2,0,1,12,1,0.2619047619047619,neutral
VNGYHVFR,8,4,0,1,12,1,0.2619047619047619,neutral
NYLYVFYI,10,2,1,0,12,1,0.2619047619047619,neutral
FHCVYCVN,8,4,1,0,12,1,0.2619047619047619,neutral
FCYCFICH,9,3,0,1,12,1,0.2619047619047619,neutral
CLYFHCFG,7,5,1,0,12,1,0.2619047619047619,neutral
HCSFIVCN,35,19,16,16,54,32,0.2619047619047619,neutral
CYVFCYCY,7,5,0,1,12,1,0.2619047619047619,neutral
DGGHDSFN,33,21,12,20,54,32,0.2619047619047619,neutral
NFFFLCLF,6,6,1,0,12,1,0.2619047619047619,neutral
VCGLVGFH,33,21,14,18,54,32,0.2619047619047619,neutral
FCFVCLSG,10,2,1,0,12,1,0.2619047619047619,neutral
YCVFVFVC,9,3,1,0,12,1,0.2619047619047619,neutral
YYLYFGFH,6,6,0,1,12,1,0.2619047619047619,neutral
LCICCFFF,9,3,1,0,12,1,0.2619047619047619,neutral
FIIFVFVY,9,3,0,1,12,1,0.2619047619047619,neutral
FCFFLYCV,10,2,1,0,12,1,0.2619047619047619,neutral
VYGFYNRS,33,21,17,15,54,32,0.2619047619047619,neutral
FRCCLCGS,9,3,1,0,12,1,0.2619047619047619,neutral
VYVCHIYC,7,5,0,1,12,1,0.2619047619047619,neutral
VYFYIFLG,7,5,0,1,12,1,0.2619047619047619,neutral
CIFFVYYH,7,5,1,0,12,1,0.2619047619047619,neutral
YFCYYVIY,7,5,0,1,12,1,0.2619047619047619,neutral
FCLRDCVG,35,19,12,20,54,32,0.2619047619047619,neutral
YHIVSHHR,32,22,10,22,54,32,0.2619047619047619,neutral
VVFVLFCY,0,12,1,0,12,1,0.2619047619047619,neutral
NFFFHVSV,54,42,29,34,96,63,0.2619047619047619,neutral
HCYGGSCL,29,25,16,16,54,32,0.2619047619047619,neutral
FFCFCVFF,7,5,0,1,12,1,0.2619047619047619,neutral
FYCYSIIF,8,4,0,1,12,1,0.2619047619047619,neutral
RFFFIVLH,11,1,1,0,12,1,0.2619047619047619,neutral
DYDVYYLC,5,7,0,1,12,1,0.2619047619047619,neutral
VCIYVNFC,9,3,0,1,12,1,0.2619047619047619,neutral
RFFYVYGF,9,3,1,0,12,1,0.2619047619047619,neutral
FFICVFVI,10,2,0,1,12,1,0.2619047619047619,neutral
FYHFVIRL,9,3,0,1,12,1,0.2619047619047619,neutral
LCRYRVCG,46,27,21,25,73,46,0.2621359223300971,neutral
VYRCDCIH,43,30,21,25,73,46,0.2621359223300971,neutral
YSCIDCHH,42,31,26,20,73,46,0.2621359223300971,neutral
FHSFCGSS,46,27,16,30,73,46,0.2621359223300971,neutral
CCNISYNF,16,15,2,13,31,15,0.26229508196721313,neutral
YVCYNFFR,23,8,10,5,31,15,0.26229508196721313,neutral
RFVNICIR,20,11,3,12,31,15,0.26229508196721313,neutral
FCGYIFYC,21,10,9,6,31,15,0.26229508196721313,neutral
FYGGLGFN,25,6,4,11,31,15,0.26229508196721313,neutral
FCYFCSGS,18,13,5,10,31,15,0.26229508196721313,neutral
DICFFINS,20,11,7,8,31,15,0.26229508196721313,neutral
VNFFRFSF,21,10,2,13,31,15,0.26229508196721313,neutral
FCLCGGDH,17,14,10,5,31,15,0.26229508196721313,neutral
CCFLSDVG,19,12,5,10,31,15,0.26229508196721313,neutral
ISNRGGYS,19,12,4,11,31,15,0.26229508196721313,neutral
CNCRFLNG,15,16,5,10,31,15,0.26229508196721313,neutral
VFVYCGVN,17,14,4,11,31,15,0.26229508196721313,neutral
FNYRDCCI,19,12,9,6,31,15,0.26229508196721313,neutral
FIRYNIDH,49,43,27,33,92,60,0.26229508196721313,neutral
FFGCVIVH,24,7,6,9,31,15,0.26229508196721313,neutral
GYSLSCCH,19,12,9,6,31,15,0.26229508196721313,neutral
VGRYFCYL,15,16,8,7,31,15,0.26229508196721313,neutral
LYGCCGDN,55,37,28,32,92,60,0.26229508196721313,neutral
CNCCYCSS,22,9,9,6,31,15,0.26229508196721313,neutral
FRSSNYCF,14,17,11,4,31,15,0.26229508196721313,neutral
YRGCVGGN,65,46,35,39,111,74,0.2624113475177305,neutral
FIHRGYHI,33,17,11,18,50,29,0.2625,neutral
CHGDCLNC,34,16,12,17,50,29,0.2625,neutral
FNNVCVCF,32,18,15,14,50,29,0.2625,neutral
DYSFCGHD,34,16,18,11,50,29,0.2625,neutral
CFLHGGFH,34,16,13,16,50,29,0.2625,neutral
SSFNCFHH,33,17,15,14,50,29,0.2625,neutral
DSSFIGCV,29,21,8,21,50,29,0.2625,neutral
VYCILNDG,70,60,37,51,130,88,0.2625,neutral
LFSGVLFS,24,26,15,14,50,29,0.2625,neutral
SFFCIHGS,34,16,18,11,50,29,0.2625,neutral
FIDICNFC,33,17,13,16,50,29,0.2625,neutral
RFCSCLLG,27,23,12,17,50,29,0.2625,neutral
FRYYCYLS,28,22,13,16,50,29,0.2625,neutral
LSCIHFLH,44,25,20,23,69,43,0.26262626262626265,neutral
RVSFCGFR,42,27,27,16,69,43,0.26262626262626265,neutral
FCVCNIGG,44,25,19,24,69,43,0.26262626262626265,neutral
SCVYFGNC,39,30,18,25,69,43,0.26262626262626265,neutral
CCCGDSCY,36,33,18,25,69,43,0.26262626262626265,neutral
FVCSRLFG,43,26,23,20,69,43,0.26262626262626265,neutral
NCCVYRYD,40,29,23,20,69,43,0.26262626262626265,neutral
YNFYGLLS,40,29,20,23,69,43,0.26262626262626265,neutral
NNDRHFGF,42,27,22,21,69,43,0.26262626262626265,neutral
VNIYGGLR,52,36,20,37,88,57,0.2627118644067797,neutral
GVCCGFSD,53,35,27,30,88,57,0.2627118644067797,neutral
CNNSHVCY,46,42,27,30,88,57,0.2627118644067797,neutral
FNRNYILN,50,38,31,26,88,57,0.2627118644067797,neutral
DFIYDNGD,45,43,26,31,88,57,0.2627118644067797,neutral
FLDVVRLL,24,22,12,14,46,26,0.2631578947368421,neutral
ICVGCCFG,23,23,15,11,46,26,0.2631578947368421,neutral
ICHNLCYF,40,25,23,17,65,40,0.2631578947368421,neutral
FGCHFFCG,14,13,5,7,27,12,0.2631578947368421,neutral
NISLCNDI,17,10,4,8,27,12,0.2631578947368421,neutral
FFCCNLLC,32,14,13,13,46,26,0.2631578947368421,neutral
CHDLCHLC,16,11,6,6,27,12,0.2631578947368421,neutral
VLFSYGFL,26,20,9,17,46,26,0.2631578947368421,neutral
GGVCLCGY,20,7,6,6,27,12,0.2631578947368421,neutral
YVDRRFFG,19,8,5,7,27,12,0.2631578947368421,neutral
FFDCIGNF,16,11,8,4,27,12,0.2631578947368421,neutral
CGDFGICF,89,71,51,59,160,110,0.2631578947368421,neutral
VNHCHCVR,41,24,18,22,65,40,0.2631578947368421,neutral
IFCDYFVY,25,21,12,14,46,26,0.2631578947368421,neutral
FCVFHCRH,32,14,12,14,46,26,0.2631578947368421,neutral
CLSFCSFI,26,20,12,14,46,26,0.2631578947368421,neutral
HFCCYYGG,38,27,15,25,65,40,0.2631578947368421,neutral
CLCDLHRL,20,7,4,8,27,12,0.2631578947368421,neutral
FRVSFLDC,18,9,6,6,27,12,0.2631578947368421,neutral
VGVFICGI,16,11,6,6,27,12,0.2631578947368421,neutral
GIYCHCIH,21,6,3,9,27,12,0.2631578947368421,neutral
VRLGCDFF,16,11,7,5,27,12,0.2631578947368421,neutral
GGLFNCGV,19,8,6,6,27,12,0.2631578947368421,neutral
FCDHVDCR,40,25,27,13,65,40,0.2631578947368421,neutral
DDRCFYFF,19,8,5,7,27,12,0.2631578947368421,neutral
GFDDFGGD,37,28,17,23,65,40,0.2631578947368421,neutral
CNIRCVYI,20,7,4,8,27,12,0.2631578947368421,neutral
CCYYCDYY,17,10,4,8,27,12,0.2631578947368421,neutral
YNGRNCSY,37,28,20,20,65,40,0.2631578947368421,neutral
INVLIYGG,29,17,10,16,46,26,0.2631578947368421,neutral
FLSCCSDL,12,15,3,9,27,12,0.2631578947368421,neutral
HCVFYDCR,15,12,3,9,27,12,0.2631578947368421,neutral
FCFVNCGI,18,9,3,9,27,12,0.2631578947368421,neutral
LILNCSVY,38,27,24,16,65,40,0.2631578947368421,neutral
CLFFLSHH,21,6,5,7,27,12,0.2631578947368421,neutral
VHCFGYIG,38,27,21,19,65,40,0.2631578947368421,neutral
FNYFCLLN,48,36,20,34,84,54,0.2631578947368421,neutral
LLSDFFCH,28,18,17,9,46,26,0.2631578947368421,neutral
YVNFNCYG,17,10,4,8,27,12,0.2631578947368421,neutral
DICNIFDG,17,10,7,5,27,12,0.2631578947368421,neutral
YRRFNFNG,14,13,6,6,27,12,0.2631578947368421,neutral
GCYCVDYV,18,9,6,6,27,12,0.2631578947368421,neutral
FFGGFSCY,15,12,4,8,27,12,0.2631578947368421,neutral
FGCVRCFY,19,8,2,10,27,12,0.2631578947368421,neutral
INDYIGDI,57,46,35,33,103,68,0.2631578947368421,neutral
SCYCVGFL,18,9,5,7,27,12,0.2631578947368421,neutral
GYSRYDSV,41,24,21,19,65,40,0.2631578947368421,neutral
CVGLVGFF,41,24,19,21,65,40,0.2631578947368421,neutral
GYGFVCGF,61,42,35,33,103,68,0.2631578947368421,neutral
NICYSVVS,25,21,15,11,46,26,0.2631578947368421,neutral
CCIYGRIC,16,11,7,5,27,12,0.2631578947368421,neutral
YGDGFGLL,17,10,9,3,27,12,0.2631578947368421,neutral
ICDGGRFL,30,16,12,14,46,26,0.2631578947368421,neutral
IFFGCCSN,31,15,13,13,46,26,0.2631578947368421,neutral
DVCFVSLH,60,43,27,41,103,68,0.2631578947368421,neutral
IRSNLFGF,32,33,18,22,65,40,0.2631578947368421,neutral
DLFFCRVH,31,15,12,14,46,26,0.2631578947368421,neutral
LDCYVCGC,78,59,39,54,137,93,0.2634730538922156,neutral
CNSCYHGN,64,54,45,34,118,79,0.2635135135135135,neutral
LVYCNHCS,49,31,24,27,80,51,0.2636363636363636,neutral
RCYCDDID,46,34,27,24,80,51,0.2636363636363636,neutral
CYYCRIGD,47,33,22,29,80,51,0.2636363636363636,neutral
YCSCGGRI,49,31,27,24,80,51,0.2636363636363636,neutral
FLSGDVFR,43,37,28,23,80,51,0.2636363636363636,neutral
GNCFCRRN,44,36,19,32,80,51,0.2636363636363636,neutral
FDIGSCVH,49,31,17,34,80,51,0.2636363636363636,neutral
GSFRCFFC,40,21,19,18,61,37,0.26373626373626374,neutral
CCDSDIFL,38,23,18,19,61,37,0.26373626373626374,neutral
CFVGCSFF,40,21,18,19,61,37,0.26373626373626374,neutral
CCCIHCFC,39,22,14,23,61,37,0.26373626373626374,neutral
ISDGCCIC,33,28,12,25,61,37,0.26373626373626374,neutral
VNVHDCGY,39,22,19,18,61,37,0.26373626373626374,neutral
ICFYCSYD,35,26,20,17,61,37,0.26373626373626374,neutral
YRLIGSLV,37,24,22,15,61,37,0.26373626373626374,neutral
HDLRYSCD,75,58,42,48,133,90,0.26380368098159507,neutral
FCFFSGRF,28,14,9,14,42,23,0.2638888888888889,neutral
LIGGFVHG,21,21,11,12,42,23,0.2638888888888889,neutral
CCNSYCRR,26,16,8,15,42,23,0.2638888888888889,neutral
VCHHDGFF,23,19,10,13,42,23,0.2638888888888889,neutral
HCGFFGNF,26,16,13,10,42,23,0.2638888888888889,neutral
VYYYIFDD,22,20,10,13,42,23,0.2638888888888889,neutral
GDFCVCFF,28,14,4,19,42,23,0.2638888888888889,neutral
CFVNGNFS,22,20,11,12,42,23,0.2638888888888889,neutral
HFSFCVNY,95,91,58,71,186,129,0.2638888888888889,neutral
VFDIGCHC,22,20,12,11,42,23,0.2638888888888889,neutral
YIDCSCGG,29,13,7,16,42,23,0.2638888888888889,neutral
CGSFFISR,30,12,11,12,42,23,0.2638888888888889,neutral
CYVDYGGC,26,16,7,16,42,23,0.2638888888888889,neutral
ISVCNFNR,24,18,11,12,42,23,0.2638888888888889,neutral
CHLCGDCV,25,17,14,9,42,23,0.2638888888888889,neutral
FINLRHGI,22,20,18,5,42,23,0.2638888888888889,neutral
FDLSFRCG,56,39,27,35,95,62,0.264,neutral
FCFYDCGV,13,10,3,6,23,9,0.2641509433962264,neutral
LCGRCYIH,14,9,5,4,23,9,0.2641509433962264,neutral
SCFRGHFD,45,31,17,31,76,48,0.2641509433962264,neutral
VVLFVGNI,14,9,5,4,23,9,0.2641509433962264,neutral
RFNFFYLH,8,15,4,5,23,9,0.2641509433962264,neutral
RGNCHDYI,12,11,3,6,23,9,0.2641509433962264,neutral
CSCGCGLD,15,8,4,5,23,9,0.2641509433962264,neutral
CCLYNLSG,15,8,6,3,23,9,0.2641509433962264,neutral
YGVYRVSF,15,8,4,5,23,9,0.2641509433962264,neutral
YSSYRCDI,17,6,2,7,23,9,0.2641509433962264,neutral
YYCGCSSC,15,8,6,3,23,9,0.2641509433962264,neutral
IDYYGGCV,13,10,1,8,23,9,0.2641509433962264,neutral
CYLIGGYY,18,5,5,4,23,9,0.2641509433962264,neutral
DIRCYVCI,19,4,3,6,23,9,0.2641509433962264,neutral
SHLLFHSL,14,9,6,3,23,9,0.2641509433962264,neutral
CLNDNGFI,10,13,6,3,23,9,0.2641509433962264,neutral
FCCVRYCY,17,6,5,4,23,9,0.2641509433962264,neutral
SDDLFFFR,14,9,4,5,23,9,0.2641509433962264,neutral
YHYVDVCN,15,8,5,4,23,9,0.2641509433962264,neutral
LIYGDCLG,12,11,7,2,23,9,0.2641509433962264,neutral
YFHLHSLV,12,11,3,6,23,9,0.2641509433962264,neutral
LGFVHISD,46,30,27,21,76,48,0.2641509433962264,neutral
HLVGHCRY,14,9,2,7,23,9,0.2641509433962264,neutral
CVRIRVFH,18,5,7,2,23,9,0.2641509433962264,neutral
SFHCFVLI,14,9,5,4,23,9,0.2641509433962264,neutral
VLDSCHFD,16,7,5,4,23,9,0.2641509433962264,neutral
FCCCNLYH,14,9,6,3,23,9,0.2641509433962264,neutral
SRCLYSYH,18,5,5,4,23,9,0.2641509433962264,neutral
CLFGNCSL,13,10,6,3,23,9,0.2641509433962264,neutral
CLGDCHIF,16,7,7,2,23,9,0.2641509433962264,neutral
CYFSGVVR,15,8,7,2,23,9,0.2641509433962264,neutral
RDFRYGYL,11,12,4,5,23,9,0.2641509433962264,neutral
VCYDRFGD,17,6,6,3,23,9,0.2641509433962264,neutral
CFNVDCLD,14,9,4,5,23,9,0.2641509433962264,neutral
FILFFCDD,11,12,6,3,23,9,0.2641509433962264,neutral
FFYCFYYH,18,5,5,4,23,9,0.2641509433962264,neutral
CCCVGDLF,14,9,6,3,23,9,0.2641509433962264,neutral
CFDVLFCH,43,33,28,20,76,48,0.2641509433962264,neutral
CCCVYLCY,14,9,5,4,23,9,0.2641509433962264,neutral
LINVYSVN,64,46,35,38,110,73,0.2642857142857143,neutral
FCRHCSSD,34,23,25,9,57,34,0.26436781609195403,neutral
FYHFHVSL,37,20,20,14,57,34,0.26436781609195403,neutral
ICFVGIDF,34,23,12,22,57,34,0.26436781609195403,neutral
HHLFSSVH,30,27,21,13,57,34,0.26436781609195403,neutral
SFFGVFSS,36,21,15,19,57,34,0.26436781609195403,neutral
CVLRFGSS,37,20,19,15,57,34,0.26436781609195403,neutral
FYRNCFCV,36,21,17,17,57,34,0.26436781609195403,neutral
FNVCSRHC,38,19,17,17,57,34,0.26436781609195403,neutral
FCINYVVG,30,27,16,18,57,34,0.26436781609195403,neutral
RFCCGRVI,35,22,18,16,57,34,0.26436781609195403,neutral
IVNIGCVF,33,24,17,17,57,34,0.26436781609195403,neutral
GIVGVFHD,53,38,28,31,91,59,0.2644628099173554,neutral
CNDFVCVG,54,37,22,37,91,59,0.2644628099173554,neutral
RFLGSLDH,50,41,26,33,91,59,0.2644628099173554,neutral
SFGCNCIH,19,19,12,8,38,20,0.2647058823529412,neutral
FFSICSLY,26,12,11,9,38,20,0.2647058823529412,neutral
LIHCRSCG,23,15,9,11,38,20,0.2647058823529412,neutral
RYVFSNDC,23,15,12,8,38,20,0.2647058823529412,neutral
GIFYRYVR,27,11,7,13,38,20,0.2647058823529412,neutral
SFVICDGF,23,15,10,10,38,20,0.2647058823529412,neutral
YISLDCYI,21,17,7,13,38,20,0.2647058823529412,neutral
ILGGVGFR,51,55,37,33,106,70,0.2647058823529412,neutral
YSCFVVGG,25,13,8,12,38,20,0.2647058823529412,neutral
VCVVNDLV,44,28,19,26,72,45,0.2647058823529412,neutral
YLSYYCDN,23,15,10,10,38,20,0.2647058823529412,neutral
DVSCCCRV,21,17,11,9,38,20,0.2647058823529412,neutral
LVCFYDVG,25,13,9,11,38,20,0.2647058823529412,neutral
CHCGSFNF,26,12,9,11,38,20,0.2647058823529412,neutral
FFFVGFNR,26,12,12,8,38,20,0.2647058823529412,neutral
CSIIRILR,22,16,9,11,38,20,0.2647058823529412,neutral
DLCGVLVV,86,69,52,54,155,106,0.2648648648648649,neutral
DCDCIIGD,47,40,22,34,87,56,0.26495726495726496,neutral
FFFVFLYV,50,37,25,31,87,56,0.26495726495726496,neutral
FRGFDGRV,49,38,25,31,87,56,0.26495726495726496,neutral
VHRGFCLL,34,19,17,14,53,31,0.26506024096385544,neutral
YLLSRGCL,30,23,16,15,53,31,0.26506024096385544,neutral
CCRLNIVG,30,23,12,19,53,31,0.26506024096385544,neutral
YGGCLINC,30,23,18,13,53,31,0.26506024096385544,neutral
FNSYVYFC,34,19,15,16,53,31,0.26506024096385544,neutral
CFRDLVGR,35,18,15,16,53,31,0.26506024096385544,neutral
FLGRVDHF,36,17,14,17,53,31,0.26506024096385544,neutral
VIDLINGD,57,45,29,38,102,67,0.26515151515151514,neutral
GLFDYFDC,41,27,19,23,68,42,0.2653061224489796,neutral
YDCSCHHH,43,25,22,20,68,42,0.2653061224489796,neutral
GGSVGFFI,43,25,25,17,68,42,0.2653061224489796,neutral
GLCNFICD,12,7,4,2,19,6,0.2653061224489796,neutral
CYGYYRFC,14,5,4,2,19,6,0.2653061224489796,neutral
IFSYIVHH,12,7,3,3,19,6,0.2653061224489796,neutral
CGDFDGLG,39,29,20,22,68,42,0.2653061224489796,neutral
RFCCISCS,12,7,4,2,19,6,0.2653061224489796,neutral
FFVFLVRR,13,6,3,3,19,6,0.2653061224489796,neutral
FCLRYVCV,11,8,3,3,19,6,0.2653061224489796,neutral
GIFIGYFV,15,4,4,2,19,6,0.2653061224489796,neutral
SGYVCYSV,9,10,2,4,19,6,0.2653061224489796,neutral
FFFYGVLN,42,26,20,22,68,42,0.2653061224489796,neutral
CYCSRIHY,10,9,4,2,19,6,0.2653061224489796,neutral
LFSLGVFN,13,6,5,1,19,6,0.2653061224489796,neutral
SSFYFHYL,13,6,5,1,19,6,0.2653061224489796,neutral
FLGLRDYD,12,7,1,5,19,6,0.2653061224489796,neutral
IVLGCSFR,11,8,2,4,19,6,0.2653061224489796,neutral
FFFRGIYV,15,4,4,2,19,6,0.2653061224489796,neutral
RHDIFIFY,15,4,2,4,19,6,0.2653061224489796,neutral
CFCCCLLI,9,10,3,3,19,6,0.2653061224489796,neutral
HCCYCLCR,9,10,2,4,19,6,0.2653061224489796,neutral
IGVNFNGF,41,27,26,16,68,42,0.2653061224489796,neutral
SICGCHHV,10,9,3,3,19,6,0.2653061224489796,neutral
LCRCFNGC,13,6,2,4,19,6,0.2653061224489796,neutral
LDRCCCSI,10,9,3,3,19,6,0.2653061224489796,neutral
GVNCGFFF,40,28,21,21,68,42,0.2653061224489796,neutral
FFDCFVRL,12,7,3,3,19,6,0.2653061224489796,neutral
YCLGGSFH,12,7,5,1,19,6,0.2653061224489796,neutral
VFHFVYCC,13,6,1,5,19,6,0.2653061224489796,neutral
FCLHFDRL,16,3,2,4,19,6,0.2653061224489796,neutral
FRNDGFGV,41,27,17,25,68,42,0.2653061224489796,neutral
YICVCGCF,8,11,3,3,19,6,0.2653061224489796,neutral
FCDCVRFV,14,5,3,3,19,6,0.2653061224489796,neutral
FLLCCYYS,12,7,3,3,19,6,0.2653061224489796,neutral
VIRRCFDR,106,90,67,69,196,136,0.26548672566371684,neutral
CCHFGGFR,50,33,26,27,83,53,0.26548672566371684,neutral
CLIYSICS,50,33,28,25,83,53,0.26548672566371684,neutral
CDHFFVGV,24,10,5,12,34,17,0.265625,neutral
SYDLCCDG,56,42,31,33,98,64,0.265625,neutral
IFSVCHCV,23,11,9,8,34,17,0.265625,neutral
YYGVINVD,26,8,11,6,34,17,0.265625,neutral
RICGFLRL,22,12,8,9,34,17,0.265625,neutral
LCGCHFLG,23,11,9,8,34,17,0.265625,neutral
CGDCFNFG,23,11,9,8,34,17,0.265625,neutral
HYCGLVCI,20,14,8,9,34,17,0.265625,neutral
FCGIIICD,18,16,12,5,34,17,0.265625,neutral
CFFCNVRD,25,9,9,8,34,17,0.265625,neutral
CFGFGVFC,21,13,5,12,34,17,0.265625,neutral
CYFDHCFC,19,15,7,10,34,17,0.265625,neutral
SCCFDFFV,24,10,6,11,34,17,0.265625,neutral
ISFCIFSS,21,13,8,9,34,17,0.265625,neutral
DYYYVFRC,24,10,5,12,34,17,0.265625,neutral
GCGCDIIY,24,10,8,9,34,17,0.265625,neutral
YGSFGFVL,24,10,10,7,34,17,0.265625,neutral
FFDFVYGC,26,8,8,9,34,17,0.265625,neutral
DNHFVYGC,65,48,33,42,113,75,0.26573426573426573,neutral
GVFCVGCL,25,24,17,11,49,28,0.26582278481012656,neutral
CVLFDIGI,30,19,13,15,49,28,0.26582278481012656,neutral
SFSYVVLR,33,16,9,19,49,28,0.26582278481012656,neutral
SVYRVCYF,33,16,16,12,49,28,0.26582278481012656,neutral
GCVLHCGY,22,27,15,13,49,28,0.26582278481012656,neutral
GCGVFNLR,26,23,12,16,49,28,0.26582278481012656,neutral
CDLVFCGY,29,20,13,15,49,28,0.26582278481012656,neutral
CCLNFNGV,29,20,13,15,49,28,0.26582278481012656,neutral
IFHINLDN,26,23,18,10,49,28,0.26582278481012656,neutral
FDRVVGFY,27,22,14,14,49,28,0.26582278481012656,neutral
GHYFCRSL,24,25,12,16,49,28,0.26582278481012656,neutral
SSFLCDFG,31,18,9,19,49,28,0.26582278481012656,neutral
CRCVNHVR,30,19,12,16,49,28,0.26582278481012656,neutral
CYVLGFGI,32,17,12,16,49,28,0.26582278481012656,neutral
YIYDDCIF,31,18,10,18,49,28,0.26582278481012656,neutral
RSYFLVNV,27,22,16,12,49,28,0.26582278481012656,neutral
RFDLYFVG,27,22,12,16,49,28,0.26582278481012656,neutral
RIVCDCNY,40,24,17,22,64,39,0.26595744680851063,neutral
NVFNGGYS,40,24,22,17,64,39,0.26595744680851063,neutral
FLGLVNRF,39,25,20,19,64,39,0.26595744680851063,neutral
DHVDLCGF,45,34,22,28,79,50,0.26605504587155965,neutral
IIVLRNCV,45,34,21,29,79,50,0.26605504587155965,neutral
HVLNGGIR,56,38,35,26,94,61,0.2661290322580645,neutral
YDGCVSFV,56,38,24,37,94,61,0.2661290322580645,neutral
VSLLRGFG,55,39,33,28,94,61,0.2661290322580645,neutral
HYDGLIRD,70,54,39,44,124,83,0.2662337662337662,neutral
RLYCCYCD,27,18,13,12,45,25,0.26666666666666666,neutral
IYYLIRGV,10,5,1,2,15,3,0.26666666666666666,neutral
RGCFYDHL,12,3,3,0,15,3,0.26666666666666666,neutral
LCFYVGHL,22,8,4,10,30,14,0.26666666666666666,neutral
VCDFGCVH,23,22,10,15,45,25,0.26666666666666666,neutral
FVFFHRNL,10,5,2,1,15,3,0.26666666666666666,neutral
RDFGFVYC,24,6,6,8,30,14,0.26666666666666666,neutral
VYGYSGGG,26,19,11,14,45,25,0.26666666666666666,neutral
VFFRYYGG,7,8,2,1,15,3,0.26666666666666666,neutral
CYLCFHGD,8,7,1,2,15,3,0.26666666666666666,neutral
FIHLSVFS,17,13,7,7,30,14,0.26666666666666666,neutral
FDVGICIR,22,8,7,7,30,14,0.26666666666666666,neutral
GCRLCDSC,22,8,7,7,30,14,0.26666666666666666,neutral
FFCYYFND,8,7,2,1,15,3,0.26666666666666666,neutral
LLCFRYFN,8,7,2,1,15,3,0.26666666666666666,neutral
INGCIVFY,15,15,8,6,30,14,0.26666666666666666,neutral
CLHYGGIV,27,18,14,11,45,25,0.26666666666666666,neutral
CYGSYYSF,18,12,8,6,30,14,0.26666666666666666,neutral
CNFCYLIH,15,15,6,8,30,14,0.26666666666666666,neutral
FCGVYDIL,25,20,18,7,45,25,0.26666666666666666,neutral
FVVGGDHL,25,20,14,11,45,25,0.26666666666666666,neutral
YICSFGIL,29,16,6,19,45,25,0.26666666666666666,neutral
FHFCCCSD,27,18,13,12,45,25,0.26666666666666666,neutral
CCYHGIRG,48,42,25,33,90,58,0.26666666666666666,neutral
FFNCFFHV,10,5,2,1,15,3,0.26666666666666666,neutral
FVLLCHLL,6,9,1,2,15,3,0.26666666666666666,neutral
GFCCGHSG,22,8,5,9,30,14,0.26666666666666666,neutral
IIFCGCDI,43,32,24,23,75,47,0.26666666666666666,neutral
IFFNCYGI,30,15,14,11,45,25,0.26666666666666666,neutral
GHLVFLLF,9,6,0,3,15,3,0.26666666666666666,neutral
IVIVISLI,10,5,1,2,15,3,0.26666666666666666,neutral
SDCCCCYR,8,7,2,1,15,3,0.26666666666666666,neutral
CFVFHCYD,10,5,2,1,15,3,0.26666666666666666,neutral
CSVILCVL,5,10,2,1,15,3,0.26666666666666666,neutral
CDGLYFCC,25,20,9,16,45,25,0.26666666666666666,neutral
FFYYSFLV,11,4,1,2,15,3,0.26666666666666666,neutral
RIVYNLRH,30,30,19,17,60,36,0.26666666666666666,neutral
SCGFNDIC,10,5,2,1,15,3,0.26666666666666666,neutral
FSVCFLRS,18,12,5,9,30,14,0.26666666666666666,neutral
LDGFHGIS,42,33,18,29,75,47,0.26666666666666666,neutral
YFHGCYRN,30,15,9,16,45,25,0.26666666666666666,neutral
VVYLGVCI,7,8,2,1,15,3,0.26666666666666666,neutral
SNYVCRCL,19,11,7,7,30,14,0.26666666666666666,neutral
FHVSSCVF,10,5,1,2,15,3,0.26666666666666666,neutral
YYFCCLFY,12,3,1,2,15,3,0.26666666666666666,neutral
VFSCCVFG,22,8,6,8,30,14,0.26666666666666666,neutral
NNGCDGFF,22,8,6,8,30,14,0.26666666666666666,neutral
LFSIDCYY,9,6,3,0,15,3,0.26666666666666666,neutral
DFHYGFVL,22,23,13,12,45,25,0.26666666666666666,neutral
HYGFGSNG,75,60,42,49,135,91,0.26666666666666666,neutral
HCFDHFLS,19,11,7,7,30,14,0.26666666666666666,neutral
HISHFVGC,45,30,24,23,75,47,0.26666666666666666,neutral
VDCCHYDD,20,10,7,7,30,14,0.26666666666666666,neutral
VGCVLGCV,44,31,26,21,75,47,0.26666666666666666,neutral
FFYYLCFI,8,7,3,0,15,3,0.26666666666666666,neutral
CSLFLRYY,11,4,1,2,15,3,0.26666666666666666,neutral
HGGGVNRG,6,9,2,1,15,3,0.26666666666666666,neutral
CFFFVGVC,9,6,2,1,15,3,0.26666666666666666,neutral
FFYLGSHY,23,22,13,12,45,25,0.26666666666666666,neutral
FRYLGFRV,39,21,19,17,60,36,0.26666666666666666,neutral
FNFVSFFF,7,8,2,1,15,3,0.26666666666666666,neutral
RDFYYFHF,47,28,28,19,75,47,0.26666666666666666,neutral
CFVFFFFG,9,6,2,1,15,3,0.26666666666666666,neutral
VCYYLVHG,6,9,0,3,15,3,0.26666666666666666,neutral
ILYGGLCV,36,24,13,23,60,36,0.26666666666666666,neutral
FIVDYLFR,25,20,12,13,45,25,0.26666666666666666,neutral
FRVFRICH,9,6,1,2,15,3,0.26666666666666666,neutral
VLGCCCVV,10,5,3,0,15,3,0.26666666666666666,neutral
HYIIYYSC,9,6,1,2,15,3,0.26666666666666666,neutral
FCDFCCDF,10,5,2,1,15,3,0.26666666666666666,neutral
FCSRVYHL,23,22,12,13,45,25,0.26666666666666666,neutral
GHGLGFFY,10,5,1,2,15,3,0.26666666666666666,neutral
GCVGCFCV,6,9,2,1,15,3,0.26666666666666666,neutral
FYDCHHVG,7,8,2,1,15,3,0.26666666666666666,neutral
FVCSLSCY,30,15,8,17,45,25,0.26666666666666666,neutral
YFDGLGCH,22,8,6,8,30,14,0.26666666666666666,neutral
FIVSGVCY,46,44,32,26,90,58,0.26666666666666666,neutral
VDHSRDHD,7,8,0,3,15,3,0.26666666666666666,neutral
GCNNLGYN,17,13,5,9,30,14,0.26666666666666666,neutral
YCYYCGFF,12,3,1,2,15,3,0.26666666666666666,neutral
VYCCSSGL,72,59,38,50,131,88,0.2670807453416149,neutral
FYDVDHFD,75,56,53,35,131,88,0.2670807453416149,neutral
NFVVSLYR,74,57,44,44,131,88,0.2670807453416149,neutral
LLFSYGSG,63,53,34,43,116,77,0.2671232876712329,neutral
CVSCVNVH,65,51,40,37,116,77,0.2671232876712329,neutral
GCCCDDIC,67,49,35,42,116,77,0.2671232876712329,neutral
RVCSVVFH,58,43,37,29,101,66,0.26717557251908397,neutral
CGGDGLYG,56,45,35,31,101,66,0.26717557251908397,neutral
NVYDSCND,49,37,26,29,86,55,0.2672413793103448,neutral
HCICDIIY,50,36,24,31,86,55,0.2672413793103448,neutral
GIRGYGCV,49,37,27,28,86,55,0.2672413793103448,neutral
ILCGHLHV,41,30,20,24,71,44,0.26732673267326734,neutral
LCCINIDI,45,26,13,31,71,44,0.26732673267326734,neutral
FCVDRFNS,44,27,22,22,71,44,0.26732673267326734,neutral
VFVLGRIV,41,30,26,18,71,44,0.26732673267326734,neutral
YRFRFDSL,36,20,13,20,56,33,0.26744186046511625,neutral
RFRHFVDD,32,24,12,21,56,33,0.26744186046511625,neutral
GCVSLDGF,36,20,16,17,56,33,0.26744186046511625,neutral
YLGLYLYH,32,24,11,22,56,33,0.26744186046511625,neutral
DFRFLVNL,36,20,19,14,56,33,0.26744186046511625,neutral
CCVGYCIH,31,25,21,12,56,33,0.26744186046511625,neutral
IRIGFGGV,25,16,8,14,41,22,0.2676056338028169,neutral
CDRDFRSG,29,12,8,14,41,22,0.2676056338028169,neutral
VFCFGGVI,25,16,8,14,41,22,0.2676056338028169,neutral
RHRYYRDG,30,11,13,9,41,22,0.2676056338028169,neutral
IVLCRYGL,25,16,13,9,41,22,0.2676056338028169,neutral
DFGLLCRR,18,23,12,10,41,22,0.2676056338028169,neutral
GCRCHLDY,24,17,8,14,41,22,0.2676056338028169,neutral
RCCCFGNC,30,11,13,9,41,22,0.2676056338028169,neutral
FNHCSYLC,19,22,10,12,41,22,0.2676056338028169,neutral
YLSYIGCN,30,11,13,9,41,22,0.2676056338028169,neutral
GFCHCVHL,24,17,7,15,41,22,0.2676056338028169,neutral
NVFCIGCG,30,11,10,12,41,22,0.2676056338028169,neutral
FGFINFLR,30,11,9,13,41,22,0.2676056338028169,neutral
LVDLCVRC,27,14,9,13,41,22,0.2676056338028169,neutral
NCCLVDLF,22,19,10,12,41,22,0.2676056338028169,neutral
INCSCDLF,29,12,11,11,41,22,0.2676056338028169,neutral
GFFVSCLR,27,14,8,14,41,22,0.2676056338028169,neutral
YFDCLCVH,30,11,10,12,41,22,0.2676056338028169,neutral
FYGGCCCD,15,11,3,8,26,11,0.26785714285714285,neutral
FCHRCFGG,16,10,5,6,26,11,0.26785714285714285,neutral
GYVHGYVH,16,10,4,7,26,11,0.26785714285714285,neutral
RIYCIVGS,16,10,3,8,26,11,0.26785714285714285,neutral
CSFCFHCL,14,12,7,4,26,11,0.26785714285714285,neutral
FYIYNVGR,20,6,7,4,26,11,0.26785714285714285,neutral
CVDFNFFH,45,37,27,25,82,52,0.26785714285714285,neutral
DIVFFHNY,19,7,7,4,26,11,0.26785714285714285,neutral
FFSSRVDF,13,13,4,7,26,11,0.26785714285714285,neutral
GHGCHCLG,15,11,7,4,26,11,0.26785714285714285,neutral
NYCNVLYI,15,11,3,8,26,11,0.26785714285714285,neutral
DHHCGCNL,17,9,5,6,26,11,0.26785714285714285,neutral
CCYGLRRF,20,6,8,3,26,11,0.26785714285714285,neutral
HNCRRCCR,16,10,5,6,26,11,0.26785714285714285,neutral
YGFSGCVL,18,8,3,8,26,11,0.26785714285714285,neutral
NFSFFCRV,17,9,5,6,26,11,0.26785714285714285,neutral
FSFYGCYR,19,7,5,6,26,11,0.26785714285714285,neutral
NIRYVCFY,17,9,5,6,26,11,0.26785714285714285,neutral
IRSCRGFR,48,34,23,29,82,52,0.26785714285714285,neutral
VDHLCCGN,21,5,3,8,26,11,0.26785714285714285,neutral
YCCDLFYL,13,13,7,4,26,11,0.26785714285714285,neutral
FCGRSFCV,21,5,5,6,26,11,0.26785714285714285,neutral
NCCSCFVG,19,7,9,2,26,11,0.26785714285714285,neutral
HCLRGCDG,19,7,3,8,26,11,0.26785714285714285,neutral
SHFCVRVF,18,8,4,7,26,11,0.26785714285714285,neutral
DGVRLVVI,15,11,6,5,26,11,0.26785714285714285,neutral
LLDGLNFC,15,11,9,2,26,11,0.26785714285714285,neutral
HFRRCSYV,20,6,4,7,26,11,0.26785714285714285,neutral
LFVGLCDY,19,7,6,5,26,11,0.26785714285714285,neutral
IYGLHIHV,16,10,6,5,26,11,0.26785714285714285,neutral
GDCGFFGF,40,27,18,23,67,41,0.26804123711340205,neutral
FNFLVFDD,41,26,24,17,67,41,0.26804123711340205,neutral
IFVGGNFS,41,26,17,24,67,41,0.26804123711340205,neutral
VHVVVRRC,32,20,15,15,52,30,0.2682926829268293,neutral
VGLFFGCC,30,22,16,14,52,30,0.2682926829268293,neutral
FFSFFFCH,8,3,0,0,11,0,0.2682926829268293,neutral
FHCCRIRV,28,24,14,16,52,30,0.2682926829268293,neutral
SFVFLLLI,7,4,0,0,11,0,0.2682926829268293,neutral
IYNVNRHC,35,17,12,18,52,30,0.2682926829268293,neutral
VHSRSCSL,1,10,0,0,11,0,0.2682926829268293,neutral
CRCVYFLC,9,2,0,0,11,0,0.2682926829268293,neutral
GFLSDFCN,33,19,7,23,52,30,0.2682926829268293,neutral
GIVYFLCV,5,6,0,0,11,0,0.2682926829268293,neutral
DDLCVCDC,33,19,11,19,52,30,0.2682926829268293,neutral
FFLCVCVH,6,5,0,0,11,0,0.2682926829268293,neutral
FYRCFIFC,5,6,0,0,11,0,0.2682926829268293,neutral
FCSCCDRY,8,3,0,0,11,0,0.2682926829268293,neutral
CDIFCVLV,6,5,0,0,11,0,0.2682926829268293,neutral
FYFGCVCV,7,4,0,0,11,0,0.2682926829268293,neutral
FDRRIYCL,30,22,16,14,52,30,0.2682926829268293,neutral
VYNVCCLF,8,3,0,0,11,0,0.2682926829268293,neutral
NVYVLLIV,5,6,0,0,11,0,0.2682926829268293,neutral
FFCCLLVC,7,4,0,0,11,0,0.2682926829268293,neutral
CCFSVFFV,7,4,0,0,11,0,0.2682926829268293,neutral
VFCVDVNG,0,11,0,0,11,0,0.2682926829268293,neutral
GFGCGCNR,10,1,0,0,11,0,0.2682926829268293,neutral
CCVFRIRF,7,4,0,0,11,0,0.2682926829268293,neutral
FILLIVHI,5,6,0,0,11,0,0.2682926829268293,neutral
CHVLIYGG,34,18,16,14,52,30,0.2682926829268293,neutral
NVVHCFLV,74,60,39,51,134,90,0.2682926829268293,neutral
RCNFYCSL,26,26,12,18,52,30,0.2682926829268293,neutral
FVFHFFIC,7,4,0,0,11,0,0.2682926829268293,neutral
FICGHRRH,55,38,29,31,93,60,0.2682926829268293,neutral
CCFVFICF,5,6,0,0,11,0,0.2682926829268293,neutral
RVICDSCL,75,59,37,53,134,90,0.2682926829268293,neutral
FSFFFLVI,10,1,0,0,11,0,0.2682926829268293,neutral
CCCILRVV,8,3,0,0,11,0,0.2682926829268293,neutral
IYFYCCFG,8,3,0,0,11,0,0.2682926829268293,neutral
FLRCFFVY,5,6,0,0,11,0,0.2682926829268293,neutral
FICCYLFH,7,4,0,0,11,0,0.2682926829268293,neutral
FFFFYVGF,9,2,0,0,11,0,0.2682926829268293,neutral
YFRFLYDC,26,26,14,16,52,30,0.2682926829268293,neutral
CYVVYRLH,6,5,0,0,11,0,0.2682926829268293,neutral
DCCHVHYG,34,18,13,17,52,30,0.2682926829268293,neutral
FIVYVVRD,5,6,0,0,11,0,0.2682926829268293,neutral
YFFRVSVI,9,2,0,0,11,0,0.2682926829268293,neutral
ICFCFIIV,6,5,0,0,11,0,0.2682926829268293,neutral
YLVFGVYV,8,3,0,0,11,0,0.2682926829268293,neutral
CLHLGCGI,29,23,18,12,52,30,0.2682926829268293,neutral
FCLYIGRY,7,4,0,0,11,0,0.2682926829268293,neutral
FLYYFFYV,8,3,0,0,11,0,0.2682926829268293,neutral
FVCFYLLS,7,4,0,0,11,0,0.2682926829268293,neutral
FVVFRYCI,8,3,0,0,11,0,0.2682926829268293,neutral
FFFICVYF,9,2,0,0,11,0,0.2682926829268293,neutral
VVRDYVDI,35,17,16,14,52,30,0.2682926829268293,neutral
CFCYRCRI,10,1,0,0,11,0,0.2682926829268293,neutral
LNCFCDYC,7,4,0,0,11,0,0.2682926829268293,neutral
SVIFFVCV,6,5,0,0,11,0,0.2682926829268293,neutral
IVGCVCHL,35,17,12,18,52,30,0.2682926829268293,neutral
FVCFRLLF,7,4,0,0,11,0,0.2682926829268293,neutral
FRLYGSVN,0,11,0,0,11,0,0.2682926829268293,neutral
CVFVISYI,9,2,0,0,11,0,0.2682926829268293,neutral
IFVIRYCG,7,4,0,0,11,0,0.2682926829268293,neutral
FFVDLCGC,55,38,28,32,93,60,0.2682926829268293,neutral
FVSVFIFS,8,3,0,0,11,0,0.2682926829268293,neutral
CCFFFVDF,9,2,0,0,11,0,0.2682926829268293,neutral
HLNHDLFV,32,20,15,15,52,30,0.2682926829268293,neutral
CFLYFRLH,8,3,0,0,11,0,0.2682926829268293,neutral
FSSCFCLG,35,17,8,22,52,30,0.2682926829268293,neutral
INFCDVVG,42,36,24,25,78,49,0.26851851851851855,neutral
CGCCDVSL,46,32,19,30,78,49,0.26851851851851855,neutral
GIYGNGVI,47,31,27,22,78,49,0.26851851851851855,neutral
CCSCRGNI,23,14,5,14,37,19,0.26865671641791045,neutral
GCSCYCVD,24,13,9,10,37,19,0.26865671641791045,neutral
DHIICVCS,23,14,7,12,37,19,0.26865671641791045,neutral
IFVYSVNH,21,16,8,11,37,19,0.26865671641791045,neutral
DCFYDFRC,23,14,6,13,37,19,0.26865671641791045,neutral
ISCFDFDC,25,12,10,9,37,19,0.26865671641791045,neutral
CCCNHLSD,20,17,8,11,37,19,0.26865671641791045,neutral
YFRFRYGH,24,13,6,13,37,19,0.26865671641791045,neutral
CHIDGCYC,26,11,7,12,37,19,0.26865671641791045,neutral
GFICGCDH,60,44,33,35,104,68,0.26865671641791045,neutral
DVCHSDII,23,14,7,12,37,19,0.26865671641791045,neutral
FVNCSVCY,20,17,8,11,37,19,0.26865671641791045,neutral
CYVCYDGH,20,17,14,5,37,19,0.26865671641791045,neutral
GVCFCGGS,21,16,12,7,37,19,0.26865671641791045,neutral
VLLDVDFF,18,19,7,12,37,19,0.26865671641791045,neutral
FCNGLCLH,40,23,22,16,63,38,0.26881720430107525,neutral
IYNGVIIL,40,23,19,19,63,38,0.26881720430107525,neutral
CCIHIYGI,39,24,17,21,63,38,0.26881720430107525,neutral
FNNCYCGH,38,25,19,19,63,38,0.26881720430107525,neutral
CIFRYVDI,33,30,16,22,63,38,0.26881720430107525,neutral
YGGDGFVR,37,26,16,22,63,38,0.26881720430107525,neutral
VVLSNSGY,40,23,23,15,63,38,0.26881720430107525,neutral
YSLRFFDN,53,36,29,28,89,57,0.2689075630252101,neutral
SNYYFSSD,93,74,51,63,167,114,0.26903553299492383,neutral
VFLFIGVS,12,10,4,4,22,8,0.2692307692307692,neutral
DCLVCYHF,12,10,2,6,22,8,0.2692307692307692,neutral
VGVCCGGF,27,21,12,15,48,27,0.2692307692307692,neutral
FYSCGDIL,24,24,11,16,48,27,0.2692307692307692,neutral
DYDLDSNF,12,10,3,5,22,8,0.2692307692307692,neutral
SISFFYGC,30,18,12,15,48,27,0.2692307692307692,neutral
RFYICHFH,14,8,3,5,22,8,0.2692307692307692,neutral
GLINDFIN,16,6,5,3,22,8,0.2692307692307692,neutral
FLCGRFLS,54,46,29,36,100,65,0.2692307692307692,neutral
IFGIVCRC,12,10,4,4,22,8,0.2692307692307692,neutral
IVRCYVCR,23,25,16,11,48,27,0.2692307692307692,neutral
RFFFRVNI,14,8,5,3,22,8,0.2692307692307692,neutral
FIFCYGDF,16,6,4,4,22,8,0.2692307692307692,neutral
RNVHCVYN,71,55,42,42,126,84,0.2692307692307692,neutral
YFFGDYDF,11,11,4,4,22,8,0.2692307692307692,neutral
FYFVSRCI,15,7,2,6,22,8,0.2692307692307692,neutral
RDLYNVFL,12,10,2,6,22,8,0.2692307692307692,neutral
FHYYVGNS,15,7,1,7,22,8,0.2692307692307692,neutral
LGGFDFCN,13,9,3,5,22,8,0.2692307692307692,neutral
FFVHCNFH,15,7,1,7,22,8,0.2692307692307692,neutral
NFFGGFIH,31,17,12,15,48,27,0.2692307692307692,neutral
HHCCHNFS,31,17,16,11,48,27,0.2692307692307692,neutral
FFFDNSYC,32,16,14,13,48,27,0.2692307692307692,neutral
IFSCGNDL,14,8,5,3,22,8,0.2692307692307692,neutral
CFDFGDCC,14,8,2,6,22,8,0.2692307692307692,neutral
CVRFLLGN,30,18,16,11,48,27,0.2692307692307692,neutral
VGFYFSCH,12,10,2,6,22,8,0.2692307692307692,neutral
IISCSGFN,15,7,5,3,22,8,0.2692307692307692,neutral
NCVYDFCI,16,6,3,5,22,8,0.2692307692307692,neutral
RVVHGIFY,11,11,3,5,22,8,0.2692307692307692,neutral
GYHCFCLV,16,6,1,7,22,8,0.2692307692307692,neutral
CIVSLGYC,27,21,12,15,48,27,0.2692307692307692,neutral
CCHCFYLN,12,10,3,5,22,8,0.2692307692307692,neutral
FCFCCNRF,10,12,6,2,22,8,0.2692307692307692,neutral
YLFSDFCF,15,7,3,5,22,8,0.2692307692307692,neutral
IYRILSDC,15,7,3,5,22,8,0.2692307692307692,neutral
FFCSGCIH,14,8,3,5,22,8,0.2692307692307692,neutral
VVYDFHVR,33,15,6,21,48,27,0.2692307692307692,neutral
GYHRVRCD,60,51,38,35,111,73,0.2695035460992908,neutral
CFVDIRLV,65,46,29,44,111,73,0.2695035460992908,neutral
RYRLCHVI,49,36,19,35,85,54,0.26956521739130435,neutral
HRCSCVVR,46,39,25,29,85,54,0.26956521739130435,neutral
SDDIFDCN,49,36,24,30,85,54,0.26956521739130435,neutral
ICRCSDDD,81,67,41,59,148,100,0.2696629213483146,neutral
FRFGCCFI,33,26,16,19,59,35,0.2696629213483146,neutral
SYGHVCVL,38,21,15,20,59,35,0.2696629213483146,neutral
DDYFGHRH,39,20,16,19,59,35,0.2696629213483146,neutral
RDFDLVHI,34,25,10,25,59,35,0.2696629213483146,neutral
VCFVYSGV,38,21,14,21,59,35,0.2696629213483146,neutral
HFLGHIYH,38,21,10,25,59,35,0.2696629213483146,neutral
CGYVRGHV,32,27,17,18,59,35,0.2696629213483146,neutral
GCSCLSGN,35,24,21,14,59,35,0.2696629213483146,neutral
RFCGVNDY,36,23,19,16,59,35,0.2696629213483146,neutral
NVHFGHCC,21,12,9,7,33,16,0.2698412698412698,neutral
RIHRCFVF,25,8,11,5,33,16,0.2698412698412698,neutral
YHDRVGHY,21,12,10,6,33,16,0.2698412698412698,neutral
SYLFGIFH,20,13,8,8,33,16,0.2698412698412698,neutral
RCCFCGSF,23,10,6,10,33,16,0.2698412698412698,neutral
CFFSSICS,18,15,9,7,33,16,0.2698412698412698,neutral
DSCILFGH,17,16,8,8,33,16,0.2698412698412698,neutral
CCGYHFYD,19,14,9,7,33,16,0.2698412698412698,neutral
LGYRDVIG,19,14,10,6,33,16,0.2698412698412698,neutral
LINNHCYV,20,13,10,6,33,16,0.2698412698412698,neutral
CLSYVCDD,21,12,7,9,33,16,0.2698412698412698,neutral
CHLGSCYN,21,12,6,10,33,16,0.2698412698412698,neutral
FLFFDSFV,17,16,4,12,33,16,0.2698412698412698,neutral
HICFFRCD,19,14,9,7,33,16,0.2698412698412698,neutral
LYHGVLCR,15,18,6,10,33,16,0.2698412698412698,neutral
VHCFYFYD,25,8,5,11,33,16,0.2698412698412698,neutral
DVCLNVCF,20,13,9,7,33,16,0.2698412698412698,neutral
FCVVSGFD,55,41,22,40,96,62,0.2698412698412698,neutral
LCYSHFGY,14,19,7,9,33,16,0.2698412698412698,neutral
CCVDICCS,21,12,12,4,33,16,0.2698412698412698,neutral
CGFCVSFH,21,12,4,12,33,16,0.2698412698412698,neutral
FYCDVFVC,20,13,5,11,33,16,0.2698412698412698,neutral
YFFFDDLN,21,12,5,11,33,16,0.2698412698412698,neutral
VDDCFIFF,21,12,6,10,33,16,0.2698412698412698,neutral
FHYGVIVH,18,15,10,6,33,16,0.2698412698412698,neutral
NLDYDCRV,18,15,7,9,33,16,0.2698412698412698,neutral
CNFCVNYY,24,9,8,8,33,16,0.2698412698412698,neutral
YHVGCFNC,14,19,8,8,33,16,0.2698412698412698,neutral
NSCCISVC,65,68,35,54,133,89,0.26993865030674846,neutral
FDCFRYLS,43,27,21,22,70,43,0.27,neutral
CYRGIYRF,43,27,23,20,70,43,0.27,neutral
IYHDYVCI,41,29,21,22,70,43,0.27,neutral
FILLSDCC,44,26,19,24,70,43,0.27,neutral
CCDCDVVC,44,26,17,26,70,43,0.27,neutral
HFFNVCGC,63,44,36,34,107,70,0.27007299270072993,neutral
LCFRVDRN,46,35,26,25,81,51,0.2702702702702703,neutral
RLNCVCDF,28,16,11,13,44,24,0.2702702702702703,neutral
FYYFGSDC,48,33,29,22,81,51,0.2702702702702703,neutral
NSCCRVIF,29,15,9,15,44,24,0.2702702702702703,neutral
VGGRCHDF,46,35,20,31,81,51,0.2702702702702703,neutral
FCYLCHDG,45,36,32,19,81,51,0.2702702702702703,neutral
LYDIGFFN,29,15,10,14,44,24,0.2702702702702703,neutral
DDFVYILH,27,17,10,14,44,24,0.2702702702702703,neutral
RLDFVCHF,23,21,11,13,44,24,0.2702702702702703,neutral
YHVCDGLG,30,14,12,12,44,24,0.2702702702702703,neutral
FNHNLIVC,27,17,15,9,44,24,0.2702702702702703,neutral
CCVGVCGG,23,21,12,12,44,24,0.2702702702702703,neutral
LHFGVYSV,28,16,13,11,44,24,0.2702702702702703,neutral
YHYFCFNV,25,19,11,13,44,24,0.2702702702702703,neutral
FYNGDGHC,28,16,11,13,44,24,0.2702702702702703,neutral
VCCSIGHV,49,32,20,31,81,51,0.2702702702702703,neutral
FCLGGDFF,25,19,9,15,44,24,0.2702702702702703,neutral
HRVNDGYS,46,35,22,29,81,51,0.2702702702702703,neutral
DFCFCNDG,49,43,31,28,92,59,0.27049180327868855,neutral
VFLSILCD,55,37,27,32,92,59,0.27049180327868855,neutral
FGDLCLLG,54,38,21,38,92,59,0.27049180327868855,neutral
VIFRGRCF,51,41,25,34,92,59,0.27049180327868855,neutral
RRYCCIHV,27,28,17,15,55,32,0.27058823529411763,neutral
SYGCDCHR,30,25,19,13,55,32,0.27058823529411763,neutral
DFYGISCV,34,21,15,17,55,32,0.27058823529411763,neutral
NVYHICSL,34,21,19,13,55,32,0.27058823529411763,neutral
CGFYVGLG,37,18,14,18,55,32,0.27058823529411763,neutral
FYDCNIFH,36,19,20,12,55,32,0.27058823529411763,neutral
LDGLYVGR,36,19,10,22,55,32,0.27058823529411763,neutral
ISCGGCIC,33,22,13,19,55,32,0.27058823529411763,neutral
VRCSLRCR,32,23,16,16,55,32,0.27058823529411763,neutral
GFRCLDNF,57,46,27,40,103,67,0.2706766917293233,neutral
HCYCVCGV,12,6,1,4,18,5,0.2708333333333333,neutral
FCYVYSFF,13,5,3,2,18,5,0.2708333333333333,neutral
YCFFNCDI,16,2,2,3,18,5,0.2708333333333333,neutral
FFLCIGFV,10,8,2,3,18,5,0.2708333333333333,neutral
FFCCNICG,14,4,2,3,18,5,0.2708333333333333,neutral
LYVCCSLI,12,6,2,3,18,5,0.2708333333333333,neutral
CYGGVCVY,11,7,3,2,18,5,0.2708333333333333,neutral
VCHCYFCH,9,9,3,2,18,5,0.2708333333333333,neutral
HYFFDGFV,36,30,16,24,66,40,0.2708333333333333,neutral
DIVLGGCG,41,25,23,17,66,40,0.2708333333333333,neutral
FVYYDCCC,12,6,1,4,18,5,0.2708333333333333,neutral
IYSCNNRF,13,5,4,1,18,5,0.2708333333333333,neutral
YCDIRIYC,14,4,4,1,18,5,0.2708333333333333,neutral
FCVRGCVR,13,5,4,1,18,5,0.2708333333333333,neutral
DLFHVYFY,9,9,2,3,18,5,0.2708333333333333,neutral
FHRCDCHH,9,9,2,3,18,5,0.2708333333333333,neutral
YFYYFLVC,11,7,3,2,18,5,0.2708333333333333,neutral
NFSFCFGF,13,5,4,1,18,5,0.2708333333333333,neutral
RFRCIIGC,11,7,2,3,18,5,0.2708333333333333,neutral
YIFISFLD,14,4,1,4,18,5,0.2708333333333333,neutral
NFGICVRF,8,10,4,1,18,5,0.2708333333333333,neutral
FVYYGICG,10,8,1,4,18,5,0.2708333333333333,neutral
CNLVYVFR,11,7,3,2,18,5,0.2708333333333333,neutral
VFFCYSYC,9,9,4,1,18,5,0.2708333333333333,neutral
FFNCVYSG,41,25,21,19,66,40,0.2708333333333333,neutral
ICLCDFLH,13,5,2,3,18,5,0.2708333333333333,neutral
GSVFSFSR,40,26,21,19,66,40,0.2708333333333333,neutral
YFRGCYCS,14,4,3,2,18,5,0.2708333333333333,neutral
FLYCCICY,12,6,2,3,18,5,0.2708333333333333,neutral
CYVRGGLD,10,8,2,3,18,5,0.2708333333333333,neutral
VIGFGLCH,41,25,20,20,66,40,0.2708333333333333,neutral
YGNGGFDD,37,29,20,20,66,40,0.2708333333333333,neutral
LFGCVYHV,40,26,23,17,66,40,0.2708333333333333,neutral
VSYVLGVI,40,26,23,17,66,40,0.2708333333333333,neutral
GYFYCFVH,12,6,4,1,18,5,0.2708333333333333,neutral
IFCDDSYG,42,24,18,22,66,40,0.2708333333333333,neutral
FFCHYVCD,12,6,2,3,18,5,0.2708333333333333,neutral
FNCCIIYF,9,9,0,5,18,5,0.2708333333333333,neutral
CFYHYNSS,11,7,2,3,18,5,0.2708333333333333,neutral
CCVVNVCC,11,7,1,4,18,5,0.2708333333333333,neutral
CRYLCVRV,11,7,2,3,18,5,0.2708333333333333,neutral
GLFLFHDS,47,30,26,22,77,48,0.27102803738317754,neutral
FCGYHSCL,47,30,26,22,77,48,0.27102803738317754,neutral
CGVIRGFD,46,31,18,30,77,48,0.27102803738317754,neutral
CNNRFFSH,42,35,22,26,77,48,0.27102803738317754,neutral
LCGFCDSF,19,10,8,5,29,13,0.2711864406779661,neutral
CCDFSFFF,53,35,31,25,88,56,0.2711864406779661,neutral
VNIFGNVR,20,9,8,5,29,13,0.2711864406779661,neutral
SCRCSICR,20,9,8,5,29,13,0.2711864406779661,neutral
CVRVGHLY,21,8,9,4,29,13,0.2711864406779661,neutral
FFRYHNGI,23,6,11,2,29,13,0.2711864406779661,neutral
NGYFSGIY,18,11,8,5,29,13,0.2711864406779661,neutral
FCGCVFGV,18,11,8,5,29,13,0.2711864406779661,neutral
VYCCGVGG,18,11,9,4,29,13,0.2711864406779661,neutral
YYVGFNFY,19,10,5,8,29,13,0.2711864406779661,neutral
LVCYSYCD,20,9,10,3,29,13,0.2711864406779661,neutral
IHVISRYG,17,12,5,8,29,13,0.2711864406779661,neutral
LFFLSVGR,18,11,8,5,29,13,0.2711864406779661,neutral
GHVYFFNV,19,10,9,4,29,13,0.2711864406779661,neutral
GFVCLLGL,22,7,5,8,29,13,0.2711864406779661,neutral
RYCDRILY,24,5,8,5,29,13,0.2711864406779661,neutral
FCICHINC,18,11,8,5,29,13,0.2711864406779661,neutral
LYYRSRFD,20,9,6,7,29,13,0.2711864406779661,neutral
SCCYRLGV,18,11,5,8,29,13,0.2711864406779661,neutral
YFVHISDV,17,12,5,8,29,13,0.2711864406779661,neutral
VGCCHFFH,54,45,29,35,99,64,0.2713178294573643,neutral
FIHNIYDD,25,15,6,15,40,21,0.2714285714285714,neutral
CYCCCDGG,21,19,10,11,40,21,0.2714285714285714,neutral
YCGFGYYI,29,11,8,13,40,21,0.2714285714285714,neutral
FLRFCVDR,54,56,33,39,110,72,0.2714285714285714,neutral
YCFGFVVG,24,16,12,9,40,21,0.2714285714285714,neutral
RDFSSYDH,24,16,10,11,40,21,0.2714285714285714,neutral
CGCGYNVL,28,12,11,10,40,21,0.2714285714285714,neutral
FVVCCDGY,27,13,12,9,40,21,0.2714285714285714,neutral
FSFDCRCY,23,17,11,10,40,21,0.2714285714285714,neutral
CCDDLFGN,28,23,15,14,51,29,0.2716049382716049,neutral
CCLYDFSR,33,18,12,17,51,29,0.2716049382716049,neutral
RHRFLDHI,34,17,7,22,51,29,0.2716049382716049,neutral
FSVCYVLG,21,30,18,11,51,29,0.2716049382716049,neutral
FDYCGGVD,35,16,19,10,51,29,0.2716049382716049,neutral
SFDGLGFR,28,23,13,16,51,29,0.2716049382716049,neutral
CYFDGHGR,33,18,5,24,51,29,0.2716049382716049,neutral
VVHRLSNG,33,18,13,16,51,29,0.2716049382716049,neutral
FISGFFCY,30,21,18,11,51,29,0.2716049382716049,neutral
SIGFSVYV,32,19,12,17,51,29,0.2716049382716049,neutral
DHRCSFYF,34,17,13,16,51,29,0.2716049382716049,neutral
VCRCGLYD,31,20,13,16,51,29,0.2716049382716049,neutral
FICDGRIV,34,17,10,19,51,29,0.2716049382716049,neutral
FFGGVCVR,31,31,17,20,62,37,0.2717391304347826,neutral
CLDSFDYI,44,29,26,19,73,45,0.27184466019417475,neutral
CSCGLDVL,44,29,22,23,73,45,0.27184466019417475,neutral
DHIDDNFR,43,30,20,25,73,45,0.27184466019417475,neutral
FIVGGCLC,45,28,22,23,73,45,0.27184466019417475,neutral
CFCSRFSG,45,28,19,26,73,45,0.27184466019417475,neutral
NCFYHGCG,49,35,31,22,84,53,0.2719298245614035,neutral
FCSFVFVD,46,38,26,27,84,53,0.2719298245614035,neutral
LRVCSYCD,55,40,33,28,95,61,0.272,neutral
RYHCCGVL,50,45,31,30,95,61,0.272,neutral
GRYFCGYF,27,9,6,12,36,18,0.2727272727272727,neutral
YVFSSSDH,21,15,9,9,36,18,0.2727272727272727,neutral
YRFRRCVY,37,21,12,22,58,34,0.2727272727272727,neutral
CNGYFFCC,12,13,6,4,25,10,0.2727272727272727,neutral
IYNSLNIC,23,13,4,14,36,18,0.2727272727272727,neutral
FIGCVVRV,37,32,20,22,69,42,0.2727272727272727,neutral
RYHLRDFH,18,18,8,10,36,18,0.2727272727272727,neutral
FYRRRHRN,22,14,7,11,36,18,0.2727272727272727,neutral
FCCFGGCH,13,12,6,4,25,10,0.2727272727272727,neutral
IFVVCIHN,6,8,1,1,14,2,0.2727272727272727,neutral
LFCYNDLY,39,30,21,21,69,42,0.2727272727272727,neutral
CYSVFRYF,17,8,6,4,25,10,0.2727272727272727,neutral
YFIYFVRF,12,2,1,1,14,2,0.2727272727272727,neutral
SCCHYGDV,18,7,5,5,25,10,0.2727272727272727,neutral
IYVGVCVV,16,9,2,8,25,10,0.2727272727272727,neutral
GYFDCSCS,37,21,15,19,58,34,0.2727272727272727,neutral
DCFFFCLR,13,12,4,6,25,10,0.2727272727272727,neutral
VYLDDGFR,28,19,10,16,47,26,0.2727272727272727,neutral
GFFLGDVD,19,6,5,5,25,10,0.2727272727272727,neutral
NYDIIFGC,33,14,13,13,47,26,0.2727272727272727,neutral
GYCRCVDS,34,24,12,22,58,34,0.2727272727272727,neutral
LFCFVIVF,8,6,0,2,14,2,0.2727272727272727,neutral
FYRRCVVC,32,15,10,16,47,26,0.2727272727272727,neutral
NRFFGVCL,34,24,17,17,58,34,0.2727272727272727,neutral
CDVCNSCR,46,34,26,24,80,50,0.2727272727272727,neutral
FFYYDIFL,7,7,1,1,14,2,0.2727272727272727,neutral
GYSCCYDV,12,13,4,6,25,10,0.2727272727272727,neutral
CSCVDLLG,38,20,13,21,58,34,0.2727272727272727,neutral
NLDCFLGS,13,12,4,6,25,10,0.2727272727272727,neutral
SDLYCVCH,41,28,23,19,69,42,0.2727272727272727,neutral
CILCFFIF,6,8,1,1,14,2,0.2727272727272727,neutral
FFIVCLCC,7,7,2,0,14,2,0.2727272727272727,neutral
DILFDCHI,31,16,12,14,47,26,0.2727272727272727,neutral
YDYGIIFS,33,14,10,16,47,26,0.2727272727272727,neutral
VFCGCFYY,12,13,2,8,25,10,0.2727272727272727,neutral
FNFCSCDN,31,16,14,12,47,26,0.2727272727272727,neutral
FFFVCVGF,9,5,2,0,14,2,0.2727272727272727,neutral
SYICNFDC,6,8,1,1,14,2,0.2727272727272727,neutral
RCINCGVV,21,15,7,11,36,18,0.2727272727272727,neutral
GVGFSCFH,32,15,12,14,47,26,0.2727272727272727,neutral
IFFRFGNV,42,27,19,23,69,42,0.2727272727272727,neutral
FIFDIVSL,48,32,23,27,80,50,0.2727272727272727,neutral
VLYVDSCG,28,30,17,17,58,34,0.2727272727272727,neutral
FFYLCYFY,12,2,2,0,14,2,0.2727272727272727,neutral
VCNCGVGL,53,38,25,33,91,58,0.2727272727272727,neutral
LCSGVCRF,16,9,6,4,25,10,0.2727272727272727,neutral
FFYYVCDG,27,9,10,8,36,18,0.2727272727272727,neutral
FLLGGFIY,18,7,4,6,25,10,0.2727272727272727,neutral
RCHCSDDG,17,8,3,7,25,10,0.2727272727272727,neutral
SCCSCIIS,15,10,4,6,25,10,0.2727272727272727,neutral
CSCDNFGC,23,13,5,13,36,18,0.2727272727272727,neutral
IDLGFYDI,9,5,0,2,14,2,0.2727272727272727,neutral
FCHFNLFS,23,24,16,10,47,26,0.2727272727272727,neutral
ICCCVCVN,18,7,5,5,25,10,0.2727272727272727,neutral
RIFRCGYH,10,4,1,1,14,2,0.2727272727272727,neutral
CRIDSCCY,31,16,18,8,47,26,0.2727272727272727,neutral
CFFIGLLC,9,5,2,0,14,2,0.2727272727272727,neutral
FICISYCD,12,2,0,2,14,2,0.2727272727272727,neutral
VLCHFYCV,5,9,0,2,14,2,0.2727272727272727,neutral
LDFCVLFS,16,9,4,6,25,10,0.2727272727272727,neutral
VNVVLCDI,36,22,16,18,58,34,0.2727272727272727,neutral
CFVHCSFG,33,14,11,15,47,26,0.2727272727272727,neutral
VVHFCLSI,7,7,1,1,14,2,0.2727272727272727,neutral
IVRDVYVL,25,22,12,14,47,26,0.2727272727272727,neutral
HNGLFIYC,28,19,12,14,47,26,0.2727272727272727,neutral
YCLIRDCH,28,19,16,10,47,26,0.2727272727272727,neutral
CDCIVDSD,33,14,11,15,47,26,0.2727272727272727,neutral
SCYFLDVH,35,23,16,18,58,34,0.2727272727272727,neutral
DDCHRFFH,38,20,20,14,58,34,0.2727272727272727,neutral
CICRSFRH,30,17,12,14,47,26,0.2727272727272727,neutral
VYGGHRYL,12,13,6,4,25,10,0.2727272727272727,neutral
LINNCSLR,44,25,13,29,69,42,0.2727272727272727,neutral
VVCFGGLG,8,17,5,5,25,10,0.2727272727272727,neutral
FSFYCCDN,22,14,6,12,36,18,0.2727272727272727,neutral
VIIFFIDN,11,3,1,1,14,2,0.2727272727272727,neutral
CLYNDHCV,27,20,14,12,47,26,0.2727272727272727,neutral
LRYIYVLI,9,5,0,2,14,2,0.2727272727272727,neutral
YCVRYVCS,26,10,13,5,36,18,0.2727272727272727,neutral
FVYYDVSH,19,6,5,5,25,10,0.2727272727272727,neutral
CCSYVFVL,8,6,1,1,14,2,0.2727272727272727,neutral
HYLHYCHC,17,8,3,7,25,10,0.2727272727272727,neutral
YCGCCYGC,33,14,9,17,47,26,0.2727272727272727,neutral
GYVRRDFF,28,19,13,13,47,26,0.2727272727272727,neutral
CNYGSFDV,10,4,1,1,14,2,0.2727272727272727,neutral
IYCCFCFY,14,11,6,4,25,10,0.2727272727272727,neutral
CYSYGYVY,14,11,5,5,25,10,0.2727272727272727,neutral
VFCSHHDC,17,8,5,5,25,10,0.2727272727272727,neutral
GCGGYDLI,25,11,7,11,36,18,0.2727272727272727,neutral
CGCDGRFG,34,24,14,20,58,34,0.2727272727272727,neutral
CIIFRCSL,7,7,0,2,14,2,0.2727272727272727,neutral
LNVFVHSY,12,2,0,2,14,2,0.2727272727272727,neutral
FVYFFYFC,11,3,1,1,14,2,0.2727272727272727,neutral
LHCICCGI,10,4,0,2,14,2,0.2727272727272727,neutral
CCGGDCFV,17,8,7,3,25,10,0.2727272727272727,neutral
CDLCGIFV,16,9,6,4,25,10,0.2727272727272727,neutral
FYNYFVDY,36,22,10,24,58,34,0.2727272727272727,neutral
CCLLCLHC,5,9,1,1,14,2,0.2727272727272727,neutral
FIFCLCDN,18,7,3,7,25,10,0.2727272727272727,neutral
FFIFVIVL,9,5,0,2,14,2,0.2727272727272727,neutral
YGFCRFLI,22,14,9,9,36,18,0.2727272727272727,neutral
YGLHIIGC,12,13,4,6,25,10,0.2727272727272727,neutral
RHYCCVHC,31,16,13,13,47,26,0.2727272727272727,neutral
IYHHFLRL,20,16,7,11,36,18,0.2727272727272727,neutral
GHSIFNFD,21,15,5,13,36,18,0.2727272727272727,neutral
VHLVCCVD,27,20,9,17,47,26,0.2727272727272727,neutral
NLVCFYGC,42,27,30,12,69,42,0.2727272727272727,neutral
SCCCCFRF,7,7,1,1,14,2,0.2727272727272727,neutral
SLDNCSDF,14,11,7,3,25,10,0.2727272727272727,neutral
GYVFRHGY,10,4,2,0,14,2,0.2727272727272727,neutral
SFYRCDDY,18,7,6,4,25,10,0.2727272727272727,neutral
YLFVIRYG,17,8,4,6,25,10,0.2727272727272727,neutral
FFFCDHNY,33,14,11,15,47,26,0.2727272727272727,neutral
LRFSDHGL,68,52,30,49,120,79,0.2733333333333333,neutral
GDGSYFFS,56,42,34,29,98,63,0.2734375,neutral
YFVNIDFR,57,41,29,34,98,63,0.2734375,neutral
LLDGVCVI,53,34,33,22,87,55,0.27350427350427353,neutral
YRSVFDHS,44,43,28,27,87,55,0.27350427350427353,neutral
FRSDYFLL,49,38,21,34,87,55,0.27350427350427353,neutral
VIDYDLSF,48,39,30,25,87,55,0.27350427350427353,neutral
SFRDLSDF,45,31,25,22,76,47,0.27358490566037735,neutral
FYGIGGGD,43,33,29,18,76,47,0.27358490566037735,neutral
CYDFSVRL,41,35,26,21,76,47,0.27358490566037735,neutral
CSDSISDY,43,33,23,24,76,47,0.27358490566037735,neutral
GSNGYRFG,41,24,19,20,65,39,0.2736842105263158,neutral
YYGYGSYD,35,30,18,21,65,39,0.2736842105263158,neutral
FYGDRCHC,39,26,17,22,65,39,0.2736842105263158,neutral
NCGFGCRL,35,30,19,20,65,39,0.2736842105263158,neutral
RCRLFHCH,80,69,48,52,149,100,0.2737430167597765,neutral
GYLLRYRC,35,19,19,12,54,31,0.27380952380952384,neutral
VLRGFHGN,31,23,19,12,54,31,0.27380952380952384,neutral
CCDYIIHG,30,24,19,12,54,31,0.27380952380952384,neutral
DYCVDDFC,33,21,15,16,54,31,0.27380952380952384,neutral
VVVCHFGH,30,24,15,16,54,31,0.27380952380952384,neutral
YCRLDFCY,29,25,16,15,54,31,0.27380952380952384,neutral
SCHCFYGV,28,26,17,14,54,31,0.27380952380952384,neutral
GLICSFVV,33,21,13,18,54,31,0.27380952380952384,neutral
DLCCGNCC,35,19,17,14,54,31,0.27380952380952384,neutral
IFHYIGCD,28,26,11,20,54,31,0.27380952380952384,neutral
SGCYFYCV,33,21,17,14,54,31,0.27380952380952384,neutral
LFVCLGVG,27,27,17,14,54,31,0.27380952380952384,neutral
FVRVGVCD,34,20,13,18,54,31,0.27380952380952384,neutral
YGCYCGSS,34,20,16,15,54,31,0.27380952380952384,neutral
CFSILFGN,33,21,13,18,54,31,0.27380952380952384,neutral
CHVILCDD,30,24,15,16,54,31,0.27380952380952384,neutral
SFYYGYLC,22,21,13,10,43,23,0.273972602739726,neutral
VDFHRICL,22,21,14,9,43,23,0.273972602739726,neutral
FFFDISCH,31,12,7,16,43,23,0.273972602739726,neutral
LRIRHCLR,31,12,10,13,43,23,0.273972602739726,neutral
FYGLLSLR,31,12,11,12,43,23,0.273972602739726,neutral
FDGIHCCR,29,14,7,16,43,23,0.273972602739726,neutral
SNFGRRYY,25,18,7,16,43,23,0.273972602739726,neutral
SGLIYIDV,31,12,11,12,43,23,0.273972602739726,neutral
YSRGFGLC,31,12,13,10,43,23,0.273972602739726,neutral
LLSFRCCV,28,15,11,12,43,23,0.273972602739726,neutral
IHGYHDCD,31,12,8,15,43,23,0.273972602739726,neutral
NCSGYILF,31,12,11,12,43,23,0.273972602739726,neutral
LSYFLGCN,25,18,10,13,43,23,0.273972602739726,neutral
FYNVDNYV,30,13,13,10,43,23,0.273972602739726,neutral
FICVCGHV,30,13,9,14,43,23,0.273972602739726,neutral
LYFFCSSG,53,41,39,21,94,60,0.27419354838709675,neutral
SDCLYVYC,20,12,8,7,32,15,0.27419354838709675,neutral
YNCFCHRI,20,12,7,8,32,15,0.27419354838709675,neutral
DLGCICHF,24,8,4,11,32,15,0.27419354838709675,neutral
DHVYYYIH,24,8,6,9,32,15,0.27419354838709675,neutral
VISGLYYF,21,11,10,5,32,15,0.27419354838709675,neutral
FFGDCILR,16,16,6,9,32,15,0.27419354838709675,neutral
HIRYNFHV,21,11,7,8,32,15,0.27419354838709675,neutral
IDCCVYFH,22,10,9,6,32,15,0.27419354838709675,neutral
RRSIIILD,20,12,7,8,32,15,0.27419354838709675,neutral
FVSLRILR,20,12,6,9,32,15,0.27419354838709675,neutral
YCLDHIDS,18,14,4,11,32,15,0.27419354838709675,neutral
VCYRYDRR,22,10,5,10,32,15,0.27419354838709675,neutral
CVCCCVVC,20,12,7,8,32,15,0.27419354838709675,neutral
YSCDCGSI,24,8,10,5,32,15,0.27419354838709675,neutral
VCLHRSVY,15,17,9,6,32,15,0.27419354838709675,neutral
CYCIYFGR,17,15,8,7,32,15,0.27419354838709675,neutral
CVICRDCV,20,12,7,8,32,15,0.27419354838709675,neutral
CDHFSGCF,22,10,8,7,32,15,0.27419354838709675,neutral
IVNFGFHH,19,13,7,8,32,15,0.27419354838709675,neutral
VIGDIIYD,21,11,9,6,32,15,0.27419354838709675,neutral
LCCHGGVS,54,40,22,38,94,60,0.27419354838709675,neutral
HCNCDIFR,19,13,9,6,32,15,0.27419354838709675,neutral
YFRLVVFD,22,10,9,6,32,15,0.27419354838709675,neutral
LLRVFGNL,50,33,26,26,83,52,0.2743362831858407,neutral
CFRLGSCG,51,32,22,30,83,52,0.2743362831858407,neutral
FIGCGIGG,35,37,17,27,72,44,0.27450980392156865,neutral
GLLDFCYC,40,32,22,22,72,44,0.27450980392156865,neutral
CYSFCLLR,16,5,3,4,21,7,0.27450980392156865,neutral
CVFHHCCC,14,7,2,5,21,7,0.27450980392156865,neutral
CGHFGFIG,12,9,2,5,21,7,0.27450980392156865,neutral
HNYCYGHH,15,6,3,4,21,7,0.27450980392156865,neutral
ICYFGSVC,11,10,5,2,21,7,0.27450980392156865,neutral
CSIFCHFD,8,13,6,1,21,7,0.27450980392156865,neutral
HFSVCCIR,44,28,19,25,72,44,0.27450980392156865,neutral
VNGYSCRF,10,11,3,4,21,7,0.27450980392156865,neutral
LFVIGVCD,8,13,3,4,21,7,0.27450980392156865,neutral
FSFGLYCL,9,12,2,5,21,7,0.27450980392156865,neutral
HFSCVILC,11,10,2,5,21,7,0.27450980392156865,neutral
LSYVCFGC,12,9,2,5,21,7,0.27450980392156865,neutral
CDCCVFVR,14,7,2,5,21,7,0.27450980392156865,neutral
GGFCYRCY,9,12,4,3,21,7,0.27450980392156865,neutral
FRDCYCHF,14,7,4,3,21,7,0.27450980392156865,neutral
FFGCVDGC,15,6,3,4,21,7,0.27450980392156865,neutral
DCCVGVCY,14,7,3,4,21,7,0.27450980392156865,neutral
CFCGICHH,10,11,2,5,21,7,0.27450980392156865,neutral
DDGFCDCF,14,7,6,1,21,7,0.27450980392156865,neutral
IFIGCIID,44,28,23,21,72,44,0.27450980392156865,neutral
LRFIFGSL,11,10,4,3,21,7,0.27450980392156865,neutral
VFFGRGCC,13,8,3,4,21,7,0.27450980392156865,neutral
FFFYCYHD,13,8,2,5,21,7,0.27450980392156865,neutral
LFNGFGGD,71,52,38,43,123,81,0.27450980392156865,neutral
LVYHGIYG,17,4,3,4,21,7,0.27450980392156865,neutral
CLCCCDSC,38,34,19,25,72,44,0.27450980392156865,neutral
CGCGGHLG,64,48,33,40,112,73,0.2746478873239437,neutral
IIFVSDFR,38,23,10,26,61,36,0.27472527472527475,neutral
VCGSFNSF,38,23,19,17,61,36,0.27472527472527475,neutral
FGFFRYVG,35,26,16,20,61,36,0.27472527472527475,neutral
NFGLNLDF,40,21,13,23,61,36,0.27472527472527475,neutral
NLVRFSVD,40,21,19,17,61,36,0.27472527472527475,neutral
VCCCNVNC,35,26,19,17,61,36,0.27472527472527475,neutral
SLVRFVSR,38,23,21,15,61,36,0.27472527472527475,neutral
VLYRCHSV,36,25,17,19,61,36,0.27472527472527475,neutral
FILDCCLY,37,24,23,13,61,36,0.27472527472527475,neutral
FCCCCCCD,32,29,14,22,61,36,0.27472527472527475,neutral
YHYNRVYS,38,23,17,19,61,36,0.27472527472527475,neutral
DGGFCRFN,60,41,34,31,101,65,0.2748091603053435,neutral
DCIRCNIG,28,22,14,14,50,28,0.275,neutral
CVDLNCCC,52,38,27,30,90,57,0.275,neutral
RFFRCLGY,29,21,9,19,50,28,0.275,neutral
GLCGVCFG,34,16,13,15,50,28,0.275,neutral
FSHHFDDR,51,39,24,33,90,57,0.275,neutral
RGVFYGFN,29,21,10,18,50,28,0.275,neutral
LYRSVDSG,30,20,14,14,50,28,0.275,neutral
VSDRFVGN,51,39,25,32,90,57,0.275,neutral
CVGFCFHC,27,23,7,21,50,28,0.275,neutral
CGGFGFVC,29,21,11,17,50,28,0.275,neutral
FLGISDHH,32,18,14,14,50,28,0.275,neutral
RDRFYYYI,30,20,14,14,50,28,0.275,neutral
VCRFGIDR,123,105,80,77,228,157,0.2751937984496124,neutral
FFGHVCVS,48,31,26,23,79,49,0.27522935779816515,neutral
YSSCNVHL,49,30,17,32,79,49,0.27522935779816515,neutral
FFISNICD,21,18,10,10,39,20,0.2753623188405797,neutral
HIDLISCG,25,14,9,11,39,20,0.2753623188405797,neutral
GHFCCNVG,23,16,6,14,39,20,0.2753623188405797,neutral
LFDCFFVC,25,14,12,8,39,20,0.2753623188405797,neutral
VSYIISHC,20,19,7,13,39,20,0.2753623188405797,neutral
HFYGCVCN,25,14,9,11,39,20,0.2753623188405797,neutral
DYLVIGDF,20,19,10,10,39,20,0.2753623188405797,neutral
CVFCFSRH,25,14,11,9,39,20,0.2753623188405797,neutral
FLFRYRSD,21,18,8,12,39,20,0.2753623188405797,neutral
LFCGHCFR,27,12,5,15,39,20,0.2753623188405797,neutral
FLRYGGFF,24,15,12,8,39,20,0.2753623188405797,neutral
YFVCDFGF,24,15,7,13,39,20,0.2753623188405797,neutral
DICIGYLF,25,14,7,13,39,20,0.2753623188405797,neutral
VRHFYCNS,27,12,9,11,39,20,0.2753623188405797,neutral
FGGFFCLG,58,50,32,38,108,70,0.2753623188405797,neutral
GYDSVCIL,28,11,11,9,39,20,0.2753623188405797,neutral
CLFYHFGC,21,18,9,11,39,20,0.2753623188405797,neutral
YCINNVFH,43,25,22,19,68,41,0.2755102040816326,neutral
LCGIYGVC,41,27,22,19,68,41,0.2755102040816326,neutral
NVFFSYCI,41,27,20,21,68,41,0.2755102040816326,neutral
LFRFLFDD,39,29,24,17,68,41,0.2755102040816326,neutral
NRFLVGHF,36,32,15,26,68,41,0.2755102040816326,neutral
YGCCGLNR,55,42,30,32,97,62,0.27559055118110237,neutral
HVFFHSVV,35,22,18,15,57,33,0.27586206896551724,neutral
SDCGIFFH,37,20,17,16,57,33,0.27586206896551724,neutral
FCCFFGCS,36,21,15,18,57,33,0.27586206896551724,neutral
VCCYDCLR,20,8,5,7,28,12,0.27586206896551724,neutral
YDGIDFVN,17,11,6,6,28,12,0.27586206896551724,neutral
CCFFIHND,18,10,3,9,28,12,0.27586206896551724,neutral
YCDCCGIL,19,9,8,4,28,12,0.27586206896551724,neutral
YFSDRGFG,36,21,15,18,57,33,0.27586206896551724,neutral
FCCIYDVD,21,7,6,6,28,12,0.27586206896551724,neutral
GFRYGIFH,17,11,7,5,28,12,0.27586206896551724,neutral
FLFGCVFS,20,8,4,8,28,12,0.27586206896551724,neutral
FLYDDGIR,52,34,22,32,86,54,0.27586206896551724,neutral
CVGFHGFH,37,20,17,16,57,33,0.27586206896551724,neutral
YNCHLRFR,18,10,7,5,28,12,0.27586206896551724,neutral
SDVFVCCH,17,11,4,8,28,12,0.27586206896551724,neutral
RVCIGILD,31,26,14,19,57,33,0.27586206896551724,neutral
GFLCDDYI,16,12,6,6,28,12,0.27586206896551724,neutral
RFDDYYLC,37,20,11,22,57,33,0.27586206896551724,neutral
DYCVVSHD,31,26,14,19,57,33,0.27586206896551724,neutral
VIVHYIHH,16,12,4,8,28,12,0.27586206896551724,neutral
VCDDSGGF,47,39,32,22,86,54,0.27586206896551724,neutral
VIDNSCCC,65,50,37,38,115,75,0.27586206896551724,neutral
GLYCRHFL,21,7,8,4,28,12,0.27586206896551724,neutral
CFCSCNCL,15,13,7,5,28,12,0.27586206896551724,neutral
FCVRSDFD,22,6,5,7,28,12,0.27586206896551724,neutral
NLVGGFDV,35,22,20,13,57,33,0.27586206896551724,neutral
FVCSRFCG,16,12,7,5,28,12,0.27586206896551724,neutral
LFCSCGGC,15,13,7,5,28,12,0.27586206896551724,neutral
HICSSSFH,46,29,25,21,75,46,0.2761904761904762,neutral
VSDYVLVG,47,28,22,24,75,46,0.2761904761904762,neutral
CCFHLRSL,41,34,18,28,75,46,0.2761904761904762,neutral
FIRIFGGL,47,28,26,20,75,46,0.2761904761904762,neutral
FCRFCRCD,28,18,16,9,46,25,0.27631578947368424,neutral
GCCFYFGG,32,14,8,17,46,25,0.27631578947368424,neutral
NYSGFCYG,30,16,8,17,46,25,0.27631578947368424,neutral
VDDYGGLS,24,22,5,20,46,25,0.27631578947368424,neutral
FSVYVLGD,24,22,11,14,46,25,0.27631578947368424,neutral
CVSCCNVF,22,24,14,11,46,25,0.27631578947368424,neutral
VLFGSVID,24,22,15,10,46,25,0.27631578947368424,neutral
LLFFGSVI,22,24,15,10,46,25,0.27631578947368424,neutral
YIRNYDHH,29,17,10,15,46,25,0.27631578947368424,neutral
YYGCFVRH,29,17,13,12,46,25,0.27631578947368424,neutral
FLHHCDYC,27,19,12,13,46,25,0.27631578947368424,neutral
LNCCIYNI,24,22,8,17,46,25,0.27631578947368424,neutral
CDCLHCFD,31,15,11,14,46,25,0.27631578947368424,neutral
VCDHCLNF,32,14,12,13,46,25,0.27631578947368424,neutral
DVYLRFCC,31,15,12,13,46,25,0.27631578947368424,neutral
CYGVGFYN,31,15,12,13,46,25,0.27631578947368424,neutral
FICFGGVC,55,38,26,33,93,59,0.2764227642276423,neutral
HCDYNRCR,55,38,27,32,93,59,0.2764227642276423,neutral
LVRRSVGD,52,41,31,28,93,59,0.2764227642276423,neutral
YILCFVRV,10,7,1,3,17,4,0.2765957446808511,neutral
YFVCLVGC,13,4,3,1,17,4,0.2765957446808511,neutral
GYGSFHCC,9,8,1,3,17,4,0.2765957446808511,neutral
GFDCVYSC,13,4,1,3,17,4,0.2765957446808511,neutral
CFFCFCYH,12,5,2,2,17,4,0.2765957446808511,neutral
FIVSICCD,13,4,1,3,17,4,0.2765957446808511,neutral
LCFSGRVY,13,4,0,4,17,4,0.2765957446808511,neutral
CFCSGGGV,10,7,0,4,17,4,0.2765957446808511,neutral
VYVICLGN,11,6,3,1,17,4,0.2765957446808511,neutral
FFYHVCYC,12,5,2,2,17,4,0.2765957446808511,neutral
NLHCSDVF,11,6,1,3,17,4,0.2765957446808511,neutral
FFCLVIIV,7,10,1,3,17,4,0.2765957446808511,neutral
GNDDYCYC,10,7,2,2,17,4,0.2765957446808511,neutral
GDFSFHCC,37,27,22,16,64,38,0.2765957446808511,neutral
NFHCIRIV,40,24,17,21,64,38,0.2765957446808511,neutral
CLRCISGC,13,4,1,3,17,4,0.2765957446808511,neutral
VVSFHCIC,40,24,19,19,64,38,0.2765957446808511,neutral
FDNRRVCF,12,5,1,3,17,4,0.2765957446808511,neutral
FVCFIFSH,12,5,2,2,17,4,0.2765957446808511,neutral
YFIYCCCI,8,9,1,3,17,4,0.2765957446808511,neutral
FFFNYVCI,10,7,1,3,17,4,0.2765957446808511,neutral
FVYFVCDN,40,24,18,20,64,38,0.2765957446808511,neutral
VVRCDRFF,13,4,3,1,17,4,0.2765957446808511,neutral
YSVSVCSL,34,30,21,17,64,38,0.2765957446808511,neutral
LCRYVGSY,10,7,1,3,17,4,0.2765957446808511,neutral
YSDDHRSG,87,71,49,57,158,106,0.2765957446808511,neutral
DFDYHNFH,11,6,2,2,17,4,0.2765957446808511,neutral
LSVCCCLH,14,3,0,4,17,4,0.2765957446808511,neutral
IDYGYGRD,10,7,2,2,17,4,0.2765957446808511,neutral
CYFHFGCY,9,8,1,3,17,4,0.2765957446808511,neutral
YVNCGCGF,14,3,2,2,17,4,0.2765957446808511,neutral
ILFYVNVL,7,10,2,2,17,4,0.2765957446808511,neutral
CSVSCNVC,63,48,30,42,111,72,0.2765957446808511,neutral
CFDDCVDI,11,6,2,2,17,4,0.2765957446808511,neutral
FVLFFCDY,6,11,2,2,17,4,0.2765957446808511,neutral
LRFGYCVV,62,49,39,33,111,72,0.2765957446808511,neutral
FCCFLFHL,9,8,2,2,17,4,0.2765957446808511,neutral
CCLVIVGG,8,9,2,2,17,4,0.2765957446808511,neutral
NDVIGGYF,10,7,4,0,17,4,0.2765957446808511,neutral
YNFCVHGL,9,8,1,3,17,4,0.2765957446808511,neutral
CNSLCRGC,72,57,39,46,129,85,0.27672955974842767,neutral
CNVFICSG,73,56,47,38,129,85,0.27672955974842767,neutral
IGVFRCCL,45,37,32,19,82,51,0.2767857142857143,neutral
NFCDINYF,18,17,8,9,35,17,0.27692307692307694,neutral
NLDCLCGH,21,14,12,5,35,17,0.27692307692307694,neutral
FGNFGCLC,20,15,7,10,35,17,0.27692307692307694,neutral
GLGIFCSY,19,16,8,9,35,17,0.27692307692307694,neutral
DCLLSCVC,23,12,6,11,35,17,0.27692307692307694,neutral
FCVDVVGD,21,14,7,10,35,17,0.27692307692307694,neutral
FNIFCGGL,24,11,9,8,35,17,0.27692307692307694,neutral
LSSSGIFD,26,9,5,12,35,17,0.27692307692307694,neutral
FFLCSHFY,24,11,8,9,35,17,0.27692307692307694,neutral
VCGHCVSG,22,13,6,11,35,17,0.27692307692307694,neutral
CCDRFCGI,19,16,5,12,35,17,0.27692307692307694,neutral
HISCGFFG,22,13,4,13,35,17,0.27692307692307694,neutral
CVCDFHVR,24,11,5,12,35,17,0.27692307692307694,neutral
GCLLYGCH,18,17,3,14,35,17,0.27692307692307694,neutral
FCRNCCGD,23,12,8,9,35,17,0.27692307692307694,neutral
FCFDFVCN,24,11,8,9,35,17,0.27692307692307694,neutral
CFLSISID,22,13,9,8,35,17,0.27692307692307694,neutral
CLFCGISF,21,14,4,13,35,17,0.27692307692307694,neutral
FHSFFNFV,24,11,8,9,35,17,0.27692307692307694,neutral
VCVCDCSI,32,21,9,21,53,30,0.27710843373493976,neutral
GGLCLSFC,31,22,18,12,53,30,0.27710843373493976,neutral
YSSFVCFG,35,18,12,18,53,30,0.27710843373493976,neutral
VDNVLCVC,30,23,10,20,53,30,0.27710843373493976,neutral
YSIYNCLI,35,18,16,14,53,30,0.27710843373493976,neutral
HSNYCFFC,26,27,20,10,53,30,0.27710843373493976,neutral
FICLDVGD,34,19,9,21,53,30,0.27710843373493976,neutral
FHFDNIVY,32,21,15,15,53,30,0.27710843373493976,neutral
YLDYCVYC,36,17,16,14,53,30,0.27710843373493976,neutral
VYCGFGDR,31,22,13,17,53,30,0.27710843373493976,neutral
FFVDYSGC,31,22,15,15,53,30,0.27710843373493976,neutral
NFFVVCDH,35,18,12,18,53,30,0.27710843373493976,neutral
DCLLHYCN,43,28,18,25,71,43,0.27722772277227725,neutral
FVCVDVSF,45,26,18,25,71,43,0.27722772277227725,neutral
HNRHRSVF,41,30,23,20,71,43,0.27722772277227725,neutral
FCYHCVYD,45,26,20,23,71,43,0.27722772277227725,neutral
DSDIVVCL,44,27,27,16,71,43,0.27722772277227725,neutral
CIFFDDGL,43,28,20,23,71,43,0.27722772277227725,neutral
SNRIGFCF,51,38,34,22,89,56,0.2773109243697479,neutral
LYYRNCCF,61,46,33,36,107,69,0.2773722627737226,neutral
FCGVSCHH,18,6,5,4,24,9,0.2777777777777778,neutral
SYGFDCVF,48,30,19,29,78,48,0.2777777777777778,neutral
GRGCGCCV,38,22,18,17,60,35,0.2777777777777778,neutral
VCGCDYFG,30,12,13,9,42,22,0.2777777777777778,neutral
FFCFFSDV,13,11,4,5,24,9,0.2777777777777778,neutral
HNYVCHII,16,8,4,5,24,9,0.2777777777777778,neutral
YFFFDHHR,15,9,6,3,24,9,0.2777777777777778,neutral
CHVVCFLH,18,6,4,5,24,9,0.2777777777777778,neutral
FFIGCFGR,37,23,18,17,60,35,0.2777777777777778,neutral
YRIVGVVC,13,11,1,8,24,9,0.2777777777777778,neutral
LGIGSFVR,34,26,19,16,60,35,0.2777777777777778,neutral
FRFRYIRC,36,24,15,20,60,35,0.2777777777777778,neutral
HGFVFCYC,13,11,2,7,24,9,0.2777777777777778,neutral
LCFNIYLG,15,9,3,6,24,9,0.2777777777777778,neutral
GFFNCHCL,22,20,10,12,42,22,0.2777777777777778,neutral
VDCRRCGR,33,27,18,17,60,35,0.2777777777777778,neutral
CHNIVCCH,14,10,3,6,24,9,0.2777777777777778,neutral
FYCFCCCV,28,14,13,9,42,22,0.2777777777777778,neutral
VFCCYVFH,16,8,6,3,24,9,0.2777777777777778,neutral
HISVCCRC,19,5,7,2,24,9,0.2777777777777778,neutral
GYYFSYYC,16,8,4,5,24,9,0.2777777777777778,neutral
DICGYCRV,35,25,17,18,60,35,0.2777777777777778,neutral
FGLLGVDS,25,17,13,9,42,22,0.2777777777777778,neutral
YRCICGDC,24,18,7,15,42,22,0.2777777777777778,neutral
CICGVVNC,16,8,6,3,24,9,0.2777777777777778,neutral
RYCFVCRD,28,14,8,14,42,22,0.2777777777777778,neutral
FHRYSGGL,36,24,16,19,60,35,0.2777777777777778,neutral
YFVVGYGC,16,8,3,6,24,9,0.2777777777777778,neutral
YFDCGFGG,28,14,7,15,42,22,0.2777777777777778,neutral
YDCFGVFS,27,33,18,17,60,35,0.2777777777777778,neutral
GYGCGCYR,23,19,11,11,42,22,0.2777777777777778,neutral
CCDNYGYL,18,6,4,5,24,9,0.2777777777777778,neutral
YVYLSVFR,17,7,4,5,24,9,0.2777777777777778,neutral
CNNCYIDV,29,31,14,21,60,35,0.2777777777777778,neutral
FCHHIYGV,12,12,6,3,24,9,0.2777777777777778,neutral
SFVGGVFR,24,18,11,11,42,22,0.2777777777777778,neutral
GYVFSYGR,20,4,1,8,24,9,0.2777777777777778,neutral
NYYLDFGG,15,9,6,3,24,9,0.2777777777777778,neutral
FFNFYNCS,29,13,12,10,42,22,0.2777777777777778,neutral
YFGLFVYS,14,10,3,6,24,9,0.2777777777777778,neutral
YGLVRGVY,16,8,3,6,24,9,0.2777777777777778,neutral
FCVSNIVC,55,41,28,33,96,61,0.2777777777777778,neutral
HCNCHSVR,22,20,13,9,42,22,0.2777777777777778,neutral
FCCVNSHH,15,9,4,5,24,9,0.2777777777777778,neutral
VIHFVIDD,27,15,8,14,42,22,0.2777777777777778,neutral
ISIRGVLL,13,11,3,6,24,9,0.2777777777777778,neutral
GIFYISGD,27,15,11,11,42,22,0.2777777777777778,neutral
FSGIGCIG,35,25,12,23,60,35,0.2777777777777778,neutral
DDFICYDI,16,8,4,5,24,9,0.2777777777777778,neutral
VYDGYVFI,37,23,16,19,60,35,0.2777777777777778,neutral
DDYFYSLV,14,10,4,5,24,9,0.2777777777777778,neutral
FSDSYVFF,37,23,16,19,60,35,0.2777777777777778,neutral
ILCNGCDL,39,21,14,21,60,35,0.2777777777777778,neutral
VFYCSICS,14,10,4,5,24,9,0.2777777777777778,neutral
LCCYGLNV,39,21,20,15,60,35,0.2777777777777778,neutral
VVGLCFVN,79,60,50,42,139,92,0.2781065088757396,neutral
GFISCVCN,66,55,39,40,121,79,0.2781456953642384,neutral
VVGCCGGH,60,43,33,33,103,66,0.2781954887218045,neutral
SGLSCFCH,61,42,32,34,103,66,0.2781954887218045,neutral
CGVYGDGG,51,34,22,31,85,53,0.2782608695652174,neutral
FCLSYRRN,52,33,29,24,85,53,0.2782608695652174,neutral
GNVCLDCY,50,35,30,23,85,53,0.2782608695652174,neutral
FDNRCFGG,52,33,29,24,85,53,0.2782608695652174,neutral
FFCGSFFH,45,40,25,28,85,53,0.2782608695652174,neutral
VSGYVSSG,51,34,17,36,85,53,0.2782608695652174,neutral
GVLCDFVV,42,25,16,24,67,40,0.27835051546391754,neutral
NNFDCRCF,40,27,17,23,67,40,0.27835051546391754,neutral
GNDFGLGI,31,18,12,15,49,27,0.27848101265822783,neutral
CYGRCDCH,28,21,9,18,49,27,0.27848101265822783,neutral
RCVLHFDR,34,15,13,14,49,27,0.27848101265822783,neutral
YLLRLSGC,24,25,17,10,49,27,0.27848101265822783,neutral
GHVGCSCL,30,19,17,10,49,27,0.27848101265822783,neutral
FCGFSVGV,28,21,13,14,49,27,0.27848101265822783,neutral
FDCLDGVC,31,18,17,10,49,27,0.27848101265822783,neutral
GLCNCIVF,31,18,17,10,49,27,0.27848101265822783,neutral
YDGRRVIY,26,23,10,17,49,27,0.27848101265822783,neutral
ICLCDGIL,30,19,14,13,49,27,0.27848101265822783,neutral
CYCVSRGF,30,19,12,15,49,27,0.27848101265822783,neutral
YCIHLYGG,34,15,12,15,49,27,0.27848101265822783,neutral
LNLVVSHF,31,18,14,13,49,27,0.27848101265822783,neutral
SGCFNRIF,29,20,10,17,49,27,0.27848101265822783,neutral
FDGCFVYC,31,18,11,16,49,27,0.27848101265822783,neutral
RGCVFVCG,27,22,18,9,49,27,0.27848101265822783,neutral
FYVFSSGL,21,28,11,16,49,27,0.27848101265822783,neutral
VYGNIDVY,21,10,6,8,31,14,0.2786885245901639,neutral
YRRHSYYG,21,10,6,8,31,14,0.2786885245901639,neutral
IIFDYYVH,21,10,9,5,31,14,0.2786885245901639,neutral
LNFCHGVF,18,13,9,5,31,14,0.2786885245901639,neutral
FYHFSLCL,22,9,9,5,31,14,0.2786885245901639,neutral
FRRFRNLF,16,15,6,8,31,14,0.2786885245901639,neutral
DCCVCDSF,16,15,5,9,31,14,0.2786885245901639,neutral
RSYVIYVD,13,18,9,5,31,14,0.2786885245901639,neutral
YGCCDGRL,20,11,7,7,31,14,0.2786885245901639,neutral
IDVYCHSF,20,11,3,11,31,14,0.2786885245901639,neutral
FNIFDYVN,19,12,9,5,31,14,0.2786885245901639,neutral
CHFHVCVG,20,11,8,6,31,14,0.2786885245901639,neutral
CSDCGCCL,23,8,7,7,31,14,0.2786885245901639,neutral
IRCHRDSF,53,39,28,30,92,58,0.2786885245901639,neutral
LNVGFRCL,53,39,24,34,92,58,0.2786885245901639,neutral
CCVSSCIG,21,10,6,8,31,14,0.2786885245901639,neutral
RFFGGCYN,20,11,8,6,31,14,0.2786885245901639,neutral
CGCLLRFC,21,10,6,8,31,14,0.2786885245901639,neutral
CFVNFGHF,22,9,6,8,31,14,0.2786885245901639,neutral
CICFRFGD,15,16,6,8,31,14,0.2786885245901639,neutral
GYCLVYSC,18,13,4,10,31,14,0.2786885245901639,neutral
RYRVIGYF,20,11,7,7,31,14,0.2786885245901639,neutral
GRLIGGSG,44,30,21,24,74,45,0.27884615384615385,neutral
NYCCIDGD,44,30,22,23,74,45,0.27884615384615385,neutral
VCFGSGFC,40,34,25,20,74,45,0.27884615384615385,neutral
CFYHFGHV,43,31,23,22,74,45,0.27884615384615385,neutral
SYLGLCNG,95,83,53,67,178,120,0.27884615384615385,neutral
CFFCHYLY,9,4,0,1,13,1,0.27906976744186046,neutral
VCCYYCGF,9,4,0,1,13,1,0.27906976744186046,neutral
FVHVHVLI,7,6,0,1,13,1,0.27906976744186046,neutral
VVFRVLVR,12,1,1,0,13,1,0.27906976744186046,neutral
CVIHCILC,6,7,1,0,13,1,0.27906976744186046,neutral
IVSGFDLC,35,21,19,13,56,32,0.27906976744186046,neutral
FFCFFCFC,6,7,1,0,13,1,0.27906976744186046,neutral
DVFFGVGL,33,23,14,18,56,32,0.27906976744186046,neutral
FFFCVGGF,9,4,1,0,13,1,0.27906976744186046,neutral
CDGVSLFV,33,23,15,17,56,32,0.27906976744186046,neutral
VCFFLFFV,8,5,0,1,13,1,0.27906976744186046,neutral
GFYCVILF,8,5,0,1,13,1,0.27906976744186046,neutral
VFYFRFYF,7,6,1,0,13,1,0.27906976744186046,neutral
CRCIDRIY,32,24,15,17,56,32,0.27906976744186046,neutral
CYCYLFLI,9,4,1,0,13,1,0.27906976744186046,neutral
GCRIIIDV,7,6,1,0,13,1,0.27906976744186046,neutral
CFYIIFDI,6,7,0,1,13,1,0.27906976744186046,neutral
NILFRVHF,9,4,1,0,13,1,0.27906976744186046,neutral
FYCCYLFV,9,4,0,1,13,1,0.27906976744186046,neutral
FFCCFFDL,7,6,1,0,13,1,0.27906976744186046,neutral
FGLYFYFC,6,7,0,1,13,1,0.27906976744186046,neutral
GCVYGFLL,35,21,15,17,56,32,0.27906976744186046,neutral
ICVICCVG,9,4,0,1,13,1,0.27906976744186046,neutral
ILFLFFVV,10,3,0,1,13,1,0.27906976744186046,neutral
IIFFNFVY,8,5,0,1,13,1,0.27906976744186046,neutral
FYISCHRD,37,19,15,17,56,32,0.27906976744186046,neutral
GFIVLGIC,11,2,0,1,13,1,0.27906976744186046,neutral
LFCIYCCF,9,4,1,0,13,1,0.27906976744186046,neutral
RFCVRGVY,32,24,14,18,56,32,0.27906976744186046,neutral
RFFVCNFC,10,3,0,1,13,1,0.27906976744186046,neutral
VVFCLYVY,7,6,1,0,13,1,0.27906976744186046,neutral
YLFVHCRI,9,4,0,1,13,1,0.27906976744186046,neutral
CYFFCLFN,7,6,0,1,13,1,0.27906976744186046,neutral
FFLYCFYF,9,4,0,1,13,1,0.27906976744186046,neutral
ILYHYVRC,6,7,0,1,13,1,0.27906976744186046,neutral
LSLLFIVL,8,5,0,1,13,1,0.27906976744186046,neutral
YCYFLFRV,10,3,1,0,13,1,0.27906976744186046,neutral
DFVFVFCF,5,8,1,0,13,1,0.27906976744186046,neutral
LYFCIYFC,8,5,0,1,13,1,0.27906976744186046,neutral
FCCCGYGY,35,21,16,16,56,32,0.27906976744186046,neutral
SSIYLGDL,32,24,15,17,56,32,0.27906976744186046,neutral
RYHYCDGV,8,5,0,1,13,1,0.27906976744186046,neutral
LYLCDGCN,59,40,27,36,99,63,0.27906976744186046,neutral
FHCDISHY,9,4,1,0,13,1,0.27906976744186046,neutral
FYVFRLVY,11,2,1,0,13,1,0.27906976744186046,neutral
CFIFFRGC,8,5,0,1,13,1,0.27906976744186046,neutral
CIYIFYVN,7,6,0,1,13,1,0.27906976744186046,neutral
DFVLVCRI,7,6,0,1,13,1,0.27906976744186046,neutral
FNFLFVCV,5,8,1,0,13,1,0.27906976744186046,neutral
FYNVINLV,8,5,0,1,13,1,0.27906976744186046,neutral
NIVCLVVG,8,5,1,0,13,1,0.27906976744186046,neutral
FSFYGVFL,8,5,1,0,13,1,0.27906976744186046,neutral
FYRCVIIV,9,4,1,0,13,1,0.27906976744186046,neutral
HCLFFDDF,8,5,1,0,13,1,0.27906976744186046,neutral
CFVVCVCY,4,9,1,0,13,1,0.27906976744186046,neutral
FGFFFFFG,8,5,1,0,13,1,0.27906976744186046,neutral
YYCFCIDY,8,5,1,0,13,1,0.27906976744186046,neutral
FGFNFRFF,8,5,1,0,13,1,0.27906976744186046,neutral
FRCFGYVV,54,45,33,30,99,63,0.27906976744186046,neutral
INILDHIV,50,31,22,28,81,50,0.27927927927927926,neutral
FVGFVCYS,44,37,27,23,81,50,0.27927927927927926,neutral
CYFSVGFD,49,32,22,28,81,50,0.27927927927927926,neutral
NCLDLNLD,28,10,10,9,38,19,0.27941176470588236,neutral
VGCCLYRV,24,14,6,13,38,19,0.27941176470588236,neutral
GIGIFGYH,20,18,9,10,38,19,0.27941176470588236,neutral
LVINLLND,25,13,6,13,38,19,0.27941176470588236,neutral
FYHDIICY,15,23,10,9,38,19,0.27941176470588236,neutral
CHLFVGID,23,15,9,10,38,19,0.27941176470588236,neutral
CGIINVFC,23,15,6,13,38,19,0.27941176470588236,neutral
FGCSVYCY,22,16,4,15,38,19,0.27941176470588236,neutral
SVRVDFVY,27,11,12,7,38,19,0.27941176470588236,neutral
IYYHCCSL,25,13,9,10,38,19,0.27941176470588236,neutral
VGGGYLLF,28,10,10,9,38,19,0.27941176470588236,neutral
CLCSGCGI,26,12,10,9,38,19,0.27941176470588236,neutral
FHYCVDCL,28,10,11,8,38,19,0.27941176470588236,neutral
FCNDIGVL,26,12,6,13,38,19,0.27941176470588236,neutral
DCDCYVGL,27,11,11,8,38,19,0.27941176470588236,neutral
CIVCCIDG,21,17,13,6,38,19,0.27941176470588236,neutral
DCYGVNSL,62,44,30,38,106,68,0.27941176470588236,neutral
VCGISLRF,40,23,21,16,63,37,0.27956989247311825,neutral
LFFSNCYH,40,23,21,16,63,37,0.27956989247311825,neutral
VVGRVGFR,33,30,25,12,63,37,0.27956989247311825,neutral
GCLIFHSF,38,25,13,24,63,37,0.27956989247311825,neutral
FCNSIDVI,39,24,16,21,63,37,0.27956989247311825,neutral
FCGVIHGY,36,27,18,19,63,37,0.27956989247311825,neutral
CYGSVCSC,52,36,22,33,88,55,0.2796610169491525,neutral
LVICNGCN,49,39,25,30,88,55,0.2796610169491525,neutral
VYFGLVRH,52,36,24,31,88,55,0.2796610169491525,neutral
LNYDVVCI,12,8,3,3,20,6,0.28,neutral
CINFCGRH,11,9,5,1,20,6,0.28,neutral
CNVFNFHI,12,8,3,3,20,6,0.28,neutral
LDDDGVYD,43,27,18,24,70,42,0.28,neutral
FFICRSYH,15,5,2,4,20,6,0.28,neutral
LCYYVYCD,14,6,2,4,20,6,0.28,neutral
HHFDFCND,10,10,2,4,20,6,0.28,neutral
NHCHCIFS,13,7,2,4,20,6,0.28,neutral
DFYFYLCH,16,4,4,2,20,6,0.28,neutral
LGCNFVLS,44,26,21,21,70,42,0.28,neutral
FFIGGHLV,14,6,1,5,20,6,0.28,neutral
FRCNGYDF,12,8,4,2,20,6,0.28,neutral
RVHCVIVG,26,19,10,14,45,24,0.28,neutral
VFCGSGDH,31,14,15,9,45,24,0.28,neutral
CYHDVCYS,12,8,3,3,20,6,0.28,neutral
IFFYCSGG,27,18,8,16,45,24,0.28,neutral
LCLGDNDC,93,77,58,56,170,114,0.28,neutral
CSCVLCLG,14,6,2,4,20,6,0.28,neutral
SNIIVYSV,53,42,27,33,95,60,0.28,neutral
FVSFFDGL,26,19,13,11,45,24,0.28,neutral
LCIVRVSS,42,28,18,24,70,42,0.28,neutral
NLNCFCSG,12,8,3,3,20,6,0.28,neutral
FCCNCDNI,14,6,4,2,20,6,0.28,neutral
CCCLYCID,43,27,16,26,70,42,0.28,neutral
CFVFSGLL,53,42,30,30,95,60,0.28,neutral
CFFHSCDV,29,16,5,19,45,24,0.28,neutral
GCRHFLGC,57,38,31,29,95,60,0.28,neutral
CCFCCGLF,15,5,2,4,20,6,0.28,neutral
FSHCDFVH,30,15,11,13,45,24,0.28,neutral
IFFDRCVG,31,14,12,12,45,24,0.28,neutral
RCCCVVYF,13,7,4,2,20,6,0.28,neutral
GNHCLFGR,30,15,10,14,45,24,0.28,neutral
FGCCGLSF,12,8,6,0,20,6,0.28,neutral
IFVRGGVS,29,16,12,12,45,24,0.28,neutral
CYCCHDLH,29,16,13,11,45,24,0.28,neutral
FYFVNFGY,9,11,3,3,20,6,0.28,neutral
LYRSCGGC,32,13,13,11,45,24,0.28,neutral
LLFHDNSF,38,32,24,18,70,42,0.28,neutral
CFGFHFVY,41,29,23,19,70,42,0.28,neutral
FCIRYVRV,8,12,4,2,20,6,0.28,neutral
FFSYHYCC,26,19,12,12,45,24,0.28,neutral
IILRGVVD,32,13,10,14,45,24,0.28,neutral
DLCSYIRH,12,8,2,4,20,6,0.28,neutral
RYCFCCRG,18,2,3,3,20,6,0.28,neutral
VIVGCSLD,57,38,22,38,95,60,0.28,neutral
FFVFCGGL,12,8,3,3,20,6,0.28,neutral
VSNLHIHF,13,7,4,2,20,6,0.28,neutral
IRFHCGYS,25,20,12,12,45,24,0.28,neutral
FCFYVDYS,16,4,1,5,20,6,0.28,neutral
VSYSDDGF,54,41,27,33,95,60,0.28,neutral
CICSVFIH,12,8,4,2,20,6,0.28,neutral
HHFDVDVF,42,28,19,23,70,42,0.28,neutral
FRLFGIVG,14,6,4,2,20,6,0.28,neutral
CFLCGFGG,15,5,4,2,20,6,0.28,neutral
HCSFFNIC,67,53,37,41,120,78,0.28,neutral
DHCIVYDG,25,20,12,12,45,24,0.28,neutral
FFYCVISY,12,8,3,3,20,6,0.28,neutral
VFVCDYGC,17,3,4,2,20,6,0.28,neutral
SVHVVRFF,10,10,4,2,20,6,0.28,neutral
FCGVCYND,46,31,19,28,77,47,0.2803738317757009,neutral
FFRYSIVR,44,33,19,28,77,47,0.2803738317757009,neutral
CCIVYGNY,46,31,24,23,77,47,0.2803738317757009,neutral
CHGFICLG,43,34,26,21,77,47,0.2803738317757009,neutral
CFSFGYVY,46,31,22,25,77,47,0.2803738317757009,neutral
FCLIHSVI,32,20,9,20,52,29,0.2804878048780488,neutral
CFFFDSFH,30,22,11,18,52,29,0.2804878048780488,neutral
LYYCDFHG,32,20,12,17,52,29,0.2804878048780488,neutral
LCVFSRYC,31,21,11,18,52,29,0.2804878048780488,neutral
FLGFSFFD,30,22,21,8,52,29,0.2804878048780488,neutral
FYVNLCCS,29,23,18,11,52,29,0.2804878048780488,neutral
FGYRDSHG,30,22,8,21,52,29,0.2804878048780488,neutral
SFCFGFHY,32,20,19,10,52,29,0.2804878048780488,neutral
YGGGFHFR,28,24,12,17,52,29,0.2804878048780488,neutral
FGLNRGCV,30,22,7,22,52,29,0.2804878048780488,neutral
SGVLCSCY,27,25,12,17,52,29,0.2804878048780488,neutral
FGCVHICV,63,46,27,43,109,70,0.2805755395683453,neutral
FRNNVSFC,57,52,26,44,109,70,0.2805755395683453,neutral
CRIFFGVV,21,6,5,6,27,11,0.2807017543859649,neutral
DYGYNNIF,14,13,7,4,27,11,0.2807017543859649,neutral
FYCISSVG,20,7,3,8,27,11,0.2807017543859649,neutral
FCYCLVSR,18,9,5,6,27,11,0.2807017543859649,neutral
FCHCGIYV,18,9,3,8,27,11,0.2807017543859649,neutral
CIICSDCD,49,35,23,29,84,52,0.2807017543859649,neutral
YYVGVFRV,17,10,6,5,27,11,0.2807017543859649,neutral
VHSFHCFY,19,8,8,3,27,11,0.2807017543859649,neutral
HYVYGGFV,20,7,4,7,27,11,0.2807017543859649,neutral
VGLGCFYN,15,12,3,8,27,11,0.2807017543859649,neutral
LCYRYLNV,15,12,8,3,27,11,0.2807017543859649,neutral
YCSVYGYH,20,7,3,8,27,11,0.2807017543859649,neutral
SRFCLYCF,20,7,8,3,27,11,0.2807017543859649,neutral
LYICCRYS,13,14,5,6,27,11,0.2807017543859649,neutral
CCSCSHCC,11,16,3,8,27,11,0.2807017543859649,neutral
FFCYLYSD,17,10,6,5,27,11,0.2807017543859649,neutral
YFHISCGR,19,8,7,4,27,11,0.2807017543859649,neutral
FCCYGLRR,17,10,9,2,27,11,0.2807017543859649,neutral
SDFGFDSF,15,12,8,3,27,11,0.2807017543859649,neutral
HCVGYCSS,15,12,6,5,27,11,0.2807017543859649,neutral
CRGYGFLF,20,7,4,7,27,11,0.2807017543859649,neutral
SCCFCRFR,17,10,6,5,27,11,0.2807017543859649,neutral
IISCGCGD,49,35,24,28,84,52,0.2807017543859649,neutral
NFCYICDL,17,10,6,5,27,11,0.2807017543859649,neutral
NYYLSGHN,18,9,7,4,27,11,0.2807017543859649,neutral
DVLRHVYV,17,10,4,7,27,11,0.2807017543859649,neutral
CFCCIYFD,18,9,7,4,27,11,0.2807017543859649,neutral
RCVFVCGG,16,11,3,8,27,11,0.2807017543859649,neutral
GCCVCGRV,20,7,6,5,27,11,0.2807017543859649,neutral
FIYCDCYV,16,11,6,5,27,11,0.2807017543859649,neutral
NCCYRLGF,17,10,5,6,27,11,0.2807017543859649,neutral
VRHFFCVG,38,21,13,21,59,34,0.2808988764044944,neutral
CNLCGSFC,36,23,18,16,59,34,0.2808988764044944,neutral
YSYGCVCS,30,29,15,19,59,34,0.2808988764044944,neutral
YCVLIGDG,37,22,18,16,59,34,0.2808988764044944,neutral
FFFRDLSI,35,24,14,20,59,34,0.2808988764044944,neutral
VLFSCFYD,36,23,13,21,59,34,0.2808988764044944,neutral
IHVVYCGF,37,22,14,20,59,34,0.2808988764044944,neutral
CIGFIRVN,38,21,18,16,59,34,0.2808988764044944,neutral
CVVYFNGL,39,20,12,22,59,34,0.2808988764044944,neutral
LRRIGRVR,44,47,26,31,91,57,0.2809917355371901,neutral
NYVLGYVL,46,45,25,32,91,57,0.2809917355371901,neutral
FYRFGVSV,39,27,21,18,66,39,0.28125,neutral
LIRFIDCD,39,27,18,21,66,39,0.28125,neutral
VICFLRNR,24,10,7,9,34,16,0.28125,neutral
VLDYFCYF,23,11,8,8,34,16,0.28125,neutral
FNCFVGRH,21,13,8,8,34,16,0.28125,neutral
FYYYFGRN,22,12,5,11,34,16,0.28125,neutral
HFYHNVCY,22,12,8,8,34,16,0.28125,neutral
LCRFSYGC,38,28,21,18,66,39,0.28125,neutral
DFNCISIY,23,11,13,3,34,16,0.28125,neutral
VYDFVSFY,39,27,20,19,66,39,0.28125,neutral
GGVDYYRI,56,42,30,32,98,62,0.28125,neutral
FDFHFLCC,55,43,24,38,98,62,0.28125,neutral
CLYVYDFH,20,14,7,9,34,16,0.28125,neutral
CFGCVSRR,39,27,12,27,66,39,0.28125,neutral
DVVYFGSF,40,26,14,25,66,39,0.28125,neutral
CFDGGYNN,24,10,7,9,34,16,0.28125,neutral
YFCHFYRC,18,16,10,6,34,16,0.28125,neutral
FVGICCGG,41,25,23,16,66,39,0.28125,neutral
GCVHSIHY,23,11,10,6,34,16,0.28125,neutral
CSCHCSVG,26,8,7,9,34,16,0.28125,neutral
LSDCSGVF,25,9,8,8,34,16,0.28125,neutral
CCDHFCGC,19,15,10,6,34,16,0.28125,neutral
CYFSNCSD,25,9,9,7,34,16,0.28125,neutral
VYSCFCGI,51,47,23,39,98,62,0.28125,neutral
VCVFLSGD,56,42,30,32,98,62,0.28125,neutral
LCFFGCGG,16,18,7,9,34,16,0.28125,neutral
ICNYVVGC,59,46,32,35,105,67,0.2814814814814815,neutral
LVHDSNFV,44,29,25,19,73,44,0.2815533980582524,neutral
LVDIGHFG,43,30,22,22,73,44,0.2815533980582524,neutral
LVIGHDFF,43,30,17,27,73,44,0.2815533980582524,neutral
IFLSLGHG,40,33,18,26,73,44,0.2815533980582524,neutral
FDCFVRSR,41,32,27,17,73,44,0.2815533980582524,neutral
NCIIGCGY,45,28,19,25,73,44,0.2815533980582524,neutral
FLNCLCHH,46,27,22,22,73,44,0.2815533980582524,neutral
CNIRYRGY,44,29,22,22,73,44,0.2815533980582524,neutral
DYSLCGFD,22,19,13,8,41,21,0.28169014084507044,neutral
SSFICVHS,65,47,34,38,112,72,0.28169014084507044,neutral
GIYVLDSC,27,14,9,12,41,21,0.28169014084507044,neutral
CIRCGINI,26,15,12,9,41,21,0.28169014084507044,neutral
YCFRDGHG,29,12,11,10,41,21,0.28169014084507044,neutral
FCNFDCVV,30,11,9,12,41,21,0.28169014084507044,neutral
YCGVCYGC,25,16,8,13,41,21,0.28169014084507044,neutral
GYILCNIR,22,19,11,10,41,21,0.28169014084507044,neutral
YLVCRLRG,19,22,16,5,41,21,0.28169014084507044,neutral
YVCCLNLN,26,15,13,8,41,21,0.28169014084507044,neutral
CSYGRFFS,29,12,10,11,41,21,0.28169014084507044,neutral
GVSCNCCL,22,19,11,10,41,21,0.28169014084507044,neutral
YISSDSIC,26,15,9,12,41,21,0.28169014084507044,neutral
GDDFFLGC,28,13,12,9,41,21,0.28169014084507044,neutral
FFNIVCGI,27,14,13,8,41,21,0.28169014084507044,neutral
LCNCCVVG,28,13,7,14,41,21,0.28169014084507044,neutral
HCYHICCC,28,13,8,13,41,21,0.28169014084507044,neutral
FCIHLVYS,27,14,8,13,41,21,0.28169014084507044,neutral
NFLSCISC,45,35,20,29,80,49,0.2818181818181818,neutral
VLFCHICR,45,35,20,29,80,49,0.2818181818181818,neutral
YCCLSGNS,45,35,22,27,80,49,0.2818181818181818,neutral
LFGGNDGC,47,33,22,27,80,49,0.2818181818181818,neutral
YGRYRHCV,49,31,19,30,80,49,0.2818181818181818,neutral
CRVRCRII,67,52,41,36,119,77,0.28187919463087246,neutral
CVYDFGII,65,54,37,40,119,77,0.28187919463087246,neutral
IRVCNFCV,48,39,30,24,87,54,0.28205128205128205,neutral
FFCCSLVG,25,23,13,13,48,26,0.28205128205128205,neutral
IFGCGSCG,29,19,16,10,48,26,0.28205128205128205,neutral
VCCDGDCG,71,55,40,42,126,82,0.28205128205128205,neutral
LCVDFCVN,28,20,16,10,48,26,0.28205128205128205,neutral
GCFDNFRV,26,22,11,15,48,26,0.28205128205128205,neutral
FCGGCLYC,32,16,13,13,48,26,0.28205128205128205,neutral
YDGSVFVI,25,23,12,14,48,26,0.28205128205128205,neutral
IFYCGVHV,49,38,24,30,87,54,0.28205128205128205,neutral
VIRFSGIS,30,18,14,12,48,26,0.28205128205128205,neutral
CDVSVSGF,53,41,36,23,94,59,0.28225806451612906,neutral
CDHIVRCC,49,45,30,29,94,59,0.28225806451612906,neutral
ILFHDCLI,48,46,30,29,94,59,0.28225806451612906,neutral
VFLFVDGY,34,21,19,12,55,31,0.2823529411764706,neutral
CYYYGDGY,36,19,14,17,55,31,0.2823529411764706,neutral
CFFVGCGG,32,23,15,16,55,31,0.2823529411764706,neutral
FFNHCCGS,32,23,14,17,55,31,0.2823529411764706,neutral
NSVYCGLD,32,23,20,11,55,31,0.2823529411764706,neutral
RSYCGCGN,33,22,16,15,55,31,0.2823529411764706,neutral
GLRIFYDS,37,18,14,17,55,31,0.2823529411764706,neutral
VFIGDFVC,34,21,10,21,55,31,0.2823529411764706,neutral
LFSLSHYG,29,26,15,16,55,31,0.2823529411764706,neutral
FVVGHNDL,59,42,37,27,101,64,0.2824427480916031,neutral
YSYIFCDY,9,7,0,3,16,3,0.2826086956521739,neutral
FICGSHNH,14,2,3,0,16,3,0.2826086956521739,neutral
YCLNICNV,11,5,1,2,16,3,0.2826086956521739,neutral
YFVCGYCH,9,7,2,1,16,3,0.2826086956521739,neutral
YRICLNLY,11,5,2,1,16,3,0.2826086956521739,neutral
FGFGRLHC,13,3,3,0,16,3,0.2826086956521739,neutral
CGCVFDDF,13,3,2,1,16,3,0.2826086956521739,neutral
YCYCDFRC,12,4,0,3,16,3,0.2826086956521739,neutral
NCISCCGY,9,7,1,2,16,3,0.2826086956521739,neutral
CYLGVGLS,38,24,21,15,62,36,0.2826086956521739,neutral
FYHFDYYV,13,3,2,1,16,3,0.2826086956521739,neutral
FCVCGCIC,12,4,1,2,16,3,0.2826086956521739,neutral
VCCVSIFR,9,7,2,1,16,3,0.2826086956521739,neutral
YDRYSRHV,37,25,16,20,62,36,0.2826086956521739,neutral
FRYRVFLL,10,6,2,1,16,3,0.2826086956521739,neutral
FLVVCNLC,13,3,3,0,16,3,0.2826086956521739,neutral
CVVFGGCF,10,6,1,2,16,3,0.2826086956521739,neutral
FVVFFFCV,8,8,2,1,16,3,0.2826086956521739,neutral
SFFHGGFY,10,6,2,1,16,3,0.2826086956521739,neutral
VCFLVDRD,10,6,1,2,16,3,0.2826086956521739,neutral
VFCYFCHH,11,5,1,2,16,3,0.2826086956521739,neutral
CCGCHFYI,13,3,3,0,16,3,0.2826086956521739,neutral
DIRCGICG,34,28,16,20,62,36,0.2826086956521739,neutral
FYFSNHFY,11,5,2,1,16,3,0.2826086956521739,neutral
FFCLSCCV,11,5,1,2,16,3,0.2826086956521739,neutral
FFVCGFYS,14,2,1,2,16,3,0.2826086956521739,neutral
FVIGNVFH,8,8,3,0,16,3,0.2826086956521739,neutral
DGLICIYC,36,26,16,20,62,36,0.2826086956521739,neutral
ICLFYVIC,9,7,3,0,16,3,0.2826086956521739,neutral
VFFVFGCH,9,7,1,2,16,3,0.2826086956521739,neutral
IFVRGFLY,10,6,0,3,16,3,0.2826086956521739,neutral
GVDCFYDF,10,6,2,1,16,3,0.2826086956521739,neutral
FYFYVFGG,10,6,1,2,16,3,0.2826086956521739,neutral
CHNHFHLC,35,34,20,21,69,41,0.2828282828282828,neutral
LLGCGHVH,87,81,48,64,168,112,0.2828282828282828,neutral
FVCSNFVD,40,29,18,23,69,41,0.2828282828282828,neutral
FGSYHFCD,40,29,25,16,69,41,0.2828282828282828,neutral
RGLNIFIG,41,28,20,21,69,41,0.2828282828282828,neutral
IYIGYVVD,38,31,18,23,69,41,0.2828282828282828,neutral
VIRSVGDY,96,79,56,61,175,117,0.28292682926829266,neutral
CYVRFYHV,16,7,3,5,23,8,0.2830188679245283,neutral
FYCFVSNF,13,10,5,3,23,8,0.2830188679245283,neutral
FFCYLDNG,45,31,25,21,76,46,0.2830188679245283,neutral
FYICCFNI,17,6,2,6,23,8,0.2830188679245283,neutral
VVFGFNYN,44,32,20,26,76,46,0.2830188679245283,neutral
CHYVGNVG,16,7,5,3,23,8,0.2830188679245283,neutral
IGLSICLI,18,5,2,6,23,8,0.2830188679245283,neutral
FFRIGVCG,13,10,4,4,23,8,0.2830188679245283,neutral
LGHHLRYG,14,9,6,2,23,8,0.2830188679245283,neutral
GGCICCCF,17,6,4,4,23,8,0.2830188679245283,neutral
CNFCICVD,12,11,3,5,23,8,0.2830188679245283,neutral
FNGCGYYS,14,9,2,6,23,8,0.2830188679245283,neutral
NFSCDFGL,15,8,3,5,23,8,0.2830188679245283,neutral
CFFRYINV,13,10,3,5,23,8,0.2830188679245283,neutral
IHNSCHFS,42,34,22,24,76,46,0.2830188679245283,neutral
LFGDLNGD,15,8,2,6,23,8,0.2830188679245283,neutral
FRYCCCCI,11,12,5,3,23,8,0.2830188679245283,neutral
FCGFYGHS,15,8,3,5,23,8,0.2830188679245283,neutral
FSCFRINF,15,8,2,6,23,8,0.2830188679245283,neutral
CRVNNVYR,15,8,3,5,23,8,0.2830188679245283,neutral
IVYFCSSC,16,7,5,3,23,8,0.2830188679245283,neutral
FCIVFLYS,19,4,3,5,23,8,0.2830188679245283,neutral
VNFCIFID,15,8,6,2,23,8,0.2830188679245283,neutral
YLFYICCY,18,5,1,7,23,8,0.2830188679245283,neutral
ILLVYHCY,13,10,4,4,23,8,0.2830188679245283,neutral
YICGCFSL,13,10,5,3,23,8,0.2830188679245283,neutral
FVCFGVRV,43,33,19,27,76,46,0.2830188679245283,neutral
VFFCSSVR,15,8,4,4,23,8,0.2830188679245283,neutral
CDFFVYHS,41,35,22,24,76,46,0.2830188679245283,neutral
VFSRFRLI,15,8,4,4,23,8,0.2830188679245283,neutral
ILVFYVLI,14,9,2,6,23,8,0.2830188679245283,neutral
VFILSCYC,23,7,5,8,30,13,0.2833333333333333,neutral
FFYICNFY,18,12,5,8,30,13,0.2833333333333333,neutral
YYVFGICN,15,15,9,4,30,13,0.2833333333333333,neutral
DLSSDGCY,52,38,33,23,90,56,0.2833333333333333,neutral
IYGCGGCR,18,12,9,4,30,13,0.2833333333333333,neutral
LVGCFGFC,20,10,4,9,30,13,0.2833333333333333,neutral
CFDCDHDI,19,11,6,7,30,13,0.2833333333333333,neutral
NCVCCLLS,11,19,5,8,30,13,0.2833333333333333,neutral
YYYYIGID,18,12,7,6,30,13,0.2833333333333333,neutral
YVCGVSYD,18,12,7,6,30,13,0.2833333333333333,neutral
RFSFFLLH,19,11,6,7,30,13,0.2833333333333333,neutral
GCVGICGS,20,10,4,9,30,13,0.2833333333333333,neutral
FYYCDICV,20,10,8,5,30,13,0.2833333333333333,neutral
VFVIGDSN,17,13,4,9,30,13,0.2833333333333333,neutral
YYCGVISL,19,11,7,6,30,13,0.2833333333333333,neutral
IFVHFGDF,19,11,6,7,30,13,0.2833333333333333,neutral
FFIYDSFC,20,10,9,4,30,13,0.2833333333333333,neutral
NCVYYRDV,16,14,7,6,30,13,0.2833333333333333,neutral
SVGNDIIY,18,12,7,6,30,13,0.2833333333333333,neutral
RCDNLNFG,51,39,23,33,90,56,0.2833333333333333,neutral
FDYFFRNC,22,8,6,7,30,13,0.2833333333333333,neutral
CDGCDVCY,19,11,9,4,30,13,0.2833333333333333,neutral
FLFCGNCI,17,13,3,10,30,13,0.2833333333333333,neutral
LCRCNFCI,22,8,6,7,30,13,0.2833333333333333,neutral
SCLVNHGL,20,10,8,5,30,13,0.2833333333333333,neutral
GGCGFYSV,24,13,7,11,37,18,0.2835820895522388,neutral
LRHHDFDH,58,46,34,32,104,66,0.2835820895522388,neutral
GICSYYGH,23,14,9,9,37,18,0.2835820895522388,neutral
GFGIGCVG,25,12,9,9,37,18,0.2835820895522388,neutral
CGFDFLLG,22,15,9,9,37,18,0.2835820895522388,neutral
CVCYIHFR,27,10,7,11,37,18,0.2835820895522388,neutral
VISGGFNY,27,10,15,3,37,18,0.2835820895522388,neutral
VCLSVGLR,24,13,6,12,37,18,0.2835820895522388,neutral
CNCCHLRS,25,12,8,10,37,18,0.2835820895522388,neutral
IICGDFDC,24,13,6,12,37,18,0.2835820895522388,neutral
CFRSHLDR,26,11,15,3,37,18,0.2835820895522388,neutral
YVLCCHGH,26,11,7,11,37,18,0.2835820895522388,neutral
CVCDCGFS,22,15,13,5,37,18,0.2835820895522388,neutral
GCFVGVFG,23,14,13,5,37,18,0.2835820895522388,neutral
SNCFDDVF,18,19,8,10,37,18,0.2835820895522388,neutral
LSCCDCCC,27,10,6,12,37,18,0.2835820895522388,neutral
FIVRFGSN,21,16,3,15,37,18,0.2835820895522388,neutral
YFLYHLSH,25,12,8,10,37,18,0.2835820895522388,neutral
LCVNLHNL,24,13,8,10,37,18,0.2835820895522388,neutral
CVCGFGHF,22,15,11,7,37,18,0.2835820895522388,neutral
DCGLVHYG,64,47,31,40,111,71,0.28368794326241137,neutral
CYVVRVHR,26,18,5,18,44,23,0.28378378378378377,neutral
VIVDFISI,24,20,9,14,44,23,0.28378378378378377,neutral
NNFGGYVC,27,17,9,14,44,23,0.28378378378378377,neutral
SYYCDVND,27,17,9,14,44,23,0.28378378378378377,neutral
DCVSCFVI,30,14,12,11,44,23,0.28378378378378377,neutral
SDCLHLIF,26,18,11,12,44,23,0.28378378378378377,neutral
YRISGYCC,27,17,10,13,44,23,0.28378378378378377,neutral
LLNCLCHG,30,14,12,11,44,23,0.28378378378378377,neutral
CLLRNCIV,31,13,14,9,44,23,0.28378378378378377,neutral
LFCYVDLN,31,13,5,18,44,23,0.28378378378378377,neutral
YFHCNFIC,24,20,12,11,44,23,0.28378378378378377,neutral
VYCDVSHD,26,18,12,11,44,23,0.28378378378378377,neutral
LFFLGGVG,28,16,14,9,44,23,0.28378378378378377,neutral
FGRCLIHF,27,17,15,8,44,23,0.28378378378378377,neutral
YRYICCGY,25,19,8,15,44,23,0.28378378378378377,neutral
CICDHGIV,29,15,11,12,44,23,0.28378378378378377,neutral
VNSCDILF,28,16,14,9,44,23,0.28378378378378377,neutral
FCFSLDCG,28,16,12,11,44,23,0.28378378378378377,neutral
IYCRVVSF,25,19,11,12,44,23,0.28378378378378377,neutral
SFLYVCGV,29,15,16,7,44,23,0.28378378378378377,neutral
FIDYVRYC,28,16,15,8,44,23,0.28378378378378377,neutral
LYGFDYVD,25,19,12,11,44,23,0.28378378378378377,neutral
VCYCHSYN,28,16,9,14,44,23,0.28378378378378377,neutral
FCRCYCCF,24,20,13,10,44,23,0.28378378378378377,neutral
HVDCFLCY,26,18,13,10,44,23,0.28378378378378377,neutral
HICNCNVS,26,18,8,15,44,23,0.28378378378378377,neutral
IINFVDCV,32,19,15,13,51,28,0.2839506172839506,neutral
FGICSSSI,35,16,12,16,51,28,0.2839506172839506,neutral
DFHCGGHL,26,25,11,17,51,28,0.2839506172839506,neutral
NCCCIYGC,33,18,15,13,51,28,0.2839506172839506,neutral
CGVIFGDF,32,19,15,13,51,28,0.2839506172839506,neutral
CIFFGNVF,35,16,18,10,51,28,0.2839506172839506,neutral
FCNYIIVS,30,21,11,17,51,28,0.2839506172839506,neutral
HVSVCLSV,29,22,15,13,51,28,0.2839506172839506,neutral
NCCFVNSV,32,19,13,15,51,28,0.2839506172839506,neutral
FHHGGVYD,32,19,9,19,51,28,0.2839506172839506,neutral
CVSDVDVF,35,16,9,19,51,28,0.2839506172839506,neutral
FISGRYLG,33,25,14,19,58,33,0.2840909090909091,neutral
HYFHCICS,33,25,16,17,58,33,0.2840909090909091,neutral
NIFVSYHV,38,20,15,18,58,33,0.2840909090909091,neutral
HLNCICDC,36,22,15,18,58,33,0.2840909090909091,neutral
CIFNNDRD,34,24,15,18,58,33,0.2840909090909091,neutral
FCSCDSFS,32,26,15,18,58,33,0.2840909090909091,neutral
CYFSNRVC,30,28,13,20,58,33,0.2840909090909091,neutral
DCNGIVHY,37,21,16,17,58,33,0.2840909090909091,neutral
VLYCVGDG,38,20,14,19,58,33,0.2840909090909091,neutral
ICHFVRVH,79,74,47,54,153,101,0.28415300546448086,neutral
CFSLCSLR,42,23,22,16,65,38,0.28421052631578947,neutral
CIYFCDRS,42,23,16,22,65,38,0.28421052631578947,neutral
ILDVLRSL,37,28,21,17,65,38,0.28421052631578947,neutral
CNCSLDSV,42,23,12,26,65,38,0.28421052631578947,neutral
CHGYNHID,36,29,16,22,65,38,0.28421052631578947,neutral
HSGLSLFR,40,32,22,21,72,43,0.28431372549019607,neutral
LGYFCDYG,45,27,17,26,72,43,0.28431372549019607,neutral
LCLCGGDY,43,29,20,23,72,43,0.28431372549019607,neutral
GNDYIGCC,44,28,16,27,72,43,0.28431372549019607,neutral
YFGCFLSR,42,30,22,21,72,43,0.28431372549019607,neutral
FGGIHILV,44,28,15,28,72,43,0.28431372549019607,neutral
IIGIHSYI,44,28,24,19,72,43,0.28431372549019607,neutral
IFYSSGYF,41,31,23,20,72,43,0.28431372549019607,neutral
HRDFVCCL,35,37,18,25,72,43,0.28431372549019607,neutral
VNFFGIRL,49,30,20,28,79,48,0.28440366972477066,neutral
VFIFHGSY,47,32,20,28,79,48,0.28440366972477066,neutral
LDYCYLFG,46,33,24,24,79,48,0.28440366972477066,neutral
YCYSGSCS,48,31,23,25,79,48,0.28440366972477066,neutral
GNFFVVCR,49,30,18,30,79,48,0.28440366972477066,neutral
HFIRGVNY,46,33,20,28,79,48,0.28440366972477066,neutral
HLDCCCGL,47,39,21,32,86,53,0.28448275862068967,neutral
YGSRLVCF,51,35,21,32,86,53,0.28448275862068967,neutral
CFVDYIIV,48,38,28,25,86,53,0.28448275862068967,neutral
IYFVHSVG,50,43,29,29,93,58,0.2845528455284553,neutral
SYYGVVCV,53,40,29,29,93,58,0.2845528455284553,neutral
FNFCHDLY,56,37,30,28,93,58,0.2845528455284553,neutral
FVVDFLGI,54,39,29,29,93,58,0.2845528455284553,neutral
FVCHCRHS,63,44,26,42,107,68,0.2846715328467153,neutral
SFCCYGVH,46,36,28,22,82,50,0.2857142857142857,neutral
VFCIHCDH,40,21,20,15,61,35,0.2857142857142857,neutral
RNFNFRYY,11,8,2,3,19,5,0.2857142857142857,neutral
DRRIIIFG,8,4,0,0,12,0,0.2857142857142857,neutral
FSGCFLCH,28,19,14,11,47,25,0.2857142857142857,neutral
LFSFDYRH,12,7,1,4,19,5,0.2857142857142857,neutral
FGCRCVNG,37,24,14,21,61,35,0.2857142857142857,neutral
CLGSGYFF,28,12,6,14,40,20,0.2857142857142857,neutral
DCCFFGVL,35,26,19,16,61,35,0.2857142857142857,neutral
LGYRYFIN,9,10,3,2,19,5,0.2857142857142857,neutral
YNCVCVRN,17,9,7,3,26,10,0.2857142857142857,neutral
SVLVCFCY,9,3,0,0,12,0,0.2857142857142857,neutral
LFVLCCRC,10,2,0,0,12,0,0.2857142857142857,neutral
HIVYSCYV,16,10,5,5,26,10,0.2857142857142857,neutral
LSLGYCDV,0,12,0,0,12,0,0.2857142857142857,neutral
NNLCRFDG,58,45,29,36,103,65,0.2857142857142857,neutral
FSFSISCR,33,21,9,21,54,30,0.2857142857142857,neutral
FCFCFRRL,8,4,0,0,12,0,0.2857142857142857,neutral
CINFVGVI,29,18,6,19,47,25,0.2857142857142857,neutral
FYHGVGYV,44,31,20,25,75,45,0.2857142857142857,neutral
ISGSCGFF,16,10,3,7,26,10,0.2857142857142857,neutral
CFCFRFIL,7,5,0,0,12,0,0.2857142857142857,neutral
RLRCCGGC,28,19,14,11,47,25,0.2857142857142857,neutral
FCYDGRIV,15,11,3,7,26,10,0.2857142857142857,neutral
NINSVVDF,91,75,48,62,166,110,0.2857142857142857,neutral
CCLHYDGN,64,46,31,39,110,70,0.2857142857142857,neutral
YIVVDLSF,14,5,4,1,19,5,0.2857142857142857,neutral
SCCCCSGV,15,11,4,6,26,10,0.2857142857142857,neutral
CLDVCVLV,50,32,23,27,82,50,0.2857142857142857,neutral
VCVHVYVI,8,4,0,0,12,0,0.2857142857142857,neutral
CFSCDLHV,38,37,17,28,75,45,0.2857142857142857,neutral
GGCFICSD,33,14,9,16,47,25,0.2857142857142857,neutral
RYLSIRLS,24,9,8,7,33,15,0.2857142857142857,neutral
SDVVLDFH,44,31,19,26,75,45,0.2857142857142857,neutral
YFGLGLHN,36,25,12,23,61,35,0.2857142857142857,neutral
YRLCFFRV,6,6,0,0,12,0,0.2857142857142857,neutral
IYSCCYSY,7,5,0,0,12,0,0.2857142857142857,neutral
YVVILVVR,8,4,0,0,12,0,0.2857142857142857,neutral
FIFRVINH,23,17,15,5,40,20,0.2857142857142857,neutral
SLDCFCCC,30,17,14,11,47,25,0.2857142857142857,neutral
YFLFFYYH,13,6,4,1,19,5,0.2857142857142857,neutral
FFICCFSI,8,4,0,0,12,0,0.2857142857142857,neutral
CCVLHHHS,23,17,7,13,40,20,0.2857142857142857,neutral
YRDIFLLV,13,6,2,3,19,5,0.2857142857142857,neutral
CINFDVIF,16,3,2,3,19,5,0.2857142857142857,neutral
ICCFHGCF,8,4,0,0,12,0,0.2857142857142857,neutral
CDLRFLLI,13,6,0,5,19,5,0.2857142857142857,neutral
VCGIRFDL,40,21,18,17,61,35,0.2857142857142857,neutral
GFCLIRIF,10,2,0,0,12,0,0.2857142857142857,neutral
GFYLDIRD,12,7,3,2,19,5,0.2857142857142857,neutral
CGNLDVFC,10,2,0,0,12,0,0.2857142857142857,neutral
ISCFNYDL,24,9,3,12,33,15,0.2857142857142857,neutral
YDDNCGSI,15,11,5,5,26,10,0.2857142857142857,neutral
YNYVFGFR,29,25,14,16,54,30,0.2857142857142857,neutral
GILRDGVR,20,20,6,14,40,20,0.2857142857142857,neutral
FNVLVDFR,28,19,15,10,47,25,0.2857142857142857,neutral
ICVFCGCG,20,6,6,4,26,10,0.2857142857142857,neutral
YCNFCFGD,41,27,14,26,68,40,0.2857142857142857,neutral
CDVCVLRG,36,25,15,20,61,35,0.2857142857142857,neutral
SVIFIFIF,6,6,0,0,12,0,0.2857142857142857,neutral
LFFFCHSN,36,25,17,18,61,35,0.2857142857142857,neutral
YHCDYGFF,10,9,3,2,19,5,0.2857142857142857,neutral
VSCICFHH,15,4,0,5,19,5,0.2857142857142857,neutral
FICYLGVY,8,4,0,0,12,0,0.2857142857142857,neutral
FRDYFICG,44,31,22,23,75,45,0.2857142857142857,neutral
FSFGCVYV,57,39,28,32,96,60,0.2857142857142857,neutral
VCLRFYGD,13,6,0,5,19,5,0.2857142857142857,neutral
GCFGFCDC,18,8,4,6,26,10,0.2857142857142857,neutral
ILCLSRRD,57,46,33,32,103,65,0.2857142857142857,neutral
CFCLVFCL,8,4,0,0,12,0,0.2857142857142857,neutral
FFRVFIYF,4,8,0,0,12,0,0.2857142857142857,neutral
SCCNVYFL,15,11,3,7,26,10,0.2857142857142857,neutral
GFYYGGYC,12,7,3,2,19,5,0.2857142857142857,neutral
DLSFFCFI,18,15,10,5,33,15,0.2857142857142857,neutral
YLICRSLR,11,8,2,3,19,5,0.2857142857142857,neutral
CNCSYCVF,11,8,3,2,19,5,0.2857142857142857,neutral
DRYCFCHV,21,5,7,3,26,10,0.2857142857142857,neutral
CCVCCGNY,14,12,6,4,26,10,0.2857142857142857,neutral
YCLYSSVD,33,28,21,14,61,35,0.2857142857142857,neutral
IYLVYFLV,10,2,0,0,12,0,0.2857142857142857,neutral
HYCSGIHF,23,10,10,5,33,15,0.2857142857142857,neutral
SSGSIFFC,38,23,19,16,61,35,0.2857142857142857,neutral
GIRYGNVY,30,17,13,12,47,25,0.2857142857142857,neutral
FFCRGSDF,27,13,10,10,40,20,0.2857142857142857,neutral
GHFYGIGL,32,15,10,15,47,25,0.2857142857142857,neutral
HILGYVSL,22,4,4,6,26,10,0.2857142857142857,neutral
FFCFCVFI,10,2,0,0,12,0,0.2857142857142857,neutral
CCFFGGFR,24,16,9,11,40,20,0.2857142857142857,neutral
SFISVFGL,48,34,28,22,82,50,0.2857142857142857,neutral
FGFSCRLG,28,19,10,15,47,25,0.2857142857142857,neutral
DNSSFVSF,24,16,12,8,40,20,0.2857142857142857,neutral
HFICDCIC,17,9,4,6,26,10,0.2857142857142857,neutral
CFGIGRYS,10,9,2,3,19,5,0.2857142857142857,neutral
FFVFGDFV,19,14,7,8,33,15,0.2857142857142857,neutral
FDFFYFCF,10,2,0,0,12,0,0.2857142857142857,neutral
VFYCLFFG,8,4,0,0,12,0,0.2857142857142857,neutral
YINFVGCC,20,20,9,11,40,20,0.2857142857142857,neutral
SIFVCFCC,10,2,0,0,12,0,0.2857142857142857,neutral
DDSYGDHY,45,37,26,24,82,50,0.2857142857142857,neutral
SFYVCINI,11,8,1,4,19,5,0.2857142857142857,neutral
FFYGYLRN,11,8,5,0,19,5,0.2857142857142857,neutral
CIGFYFCS,38,23,22,13,61,35,0.2857142857142857,neutral
FCFYVNFD,20,20,9,11,40,20,0.2857142857142857,neutral
VRFHCYRF,14,5,3,2,19,5,0.2857142857142857,neutral
GCHLYFLH,46,29,17,28,75,45,0.2857142857142857,neutral
NIFIVSHF,18,8,4,6,26,10,0.2857142857142857,neutral
SLVCNRFR,33,28,21,14,61,35,0.2857142857142857,neutral
SHFCVVVC,11,8,1,4,19,5,0.2857142857142857,neutral
YYSFLGFC,21,19,13,7,40,20,0.2857142857142857,neutral
CIICCCGR,11,8,3,2,19,5,0.2857142857142857,neutral
CCLYDRGY,15,11,6,4,26,10,0.2857142857142857,neutral
FGCNRVRS,0,12,0,0,12,0,0.2857142857142857,neutral
VFIRFHYI,7,5,0,0,12,0,0.2857142857142857,neutral
YYDCCGFD,27,13,11,9,40,20,0.2857142857142857,neutral
NCNYFCVN,38,23,12,23,61,35,0.2857142857142857,neutral
GNRYFGLC,1,11,0,0,12,0,0.2857142857142857,neutral
FGCYILGI,17,9,6,4,26,10,0.2857142857142857,neutral
CIFYFSVS,23,10,6,9,33,15,0.2857142857142857,neutral
YFGYCFCY,10,9,3,2,19,5,0.2857142857142857,neutral
CNYICDYD,36,18,18,12,54,30,0.2857142857142857,neutral
FICILRVG,11,8,2,3,19,5,0.2857142857142857,neutral
CFSNCCFV,14,5,2,3,19,5,0.2857142857142857,neutral
DFFDHVNC,22,4,5,5,26,10,0.2857142857142857,neutral
FSLHHCRL,14,12,5,5,26,10,0.2857142857142857,neutral
CDCSLICF,21,12,8,7,33,15,0.2857142857142857,neutral
LVYVRSCD,17,9,4,6,26,10,0.2857142857142857,neutral
LGFNVYNN,32,22,14,16,54,30,0.2857142857142857,neutral
CVFSFGLG,49,33,22,28,82,50,0.2857142857142857,neutral
YICSVGLR,23,17,8,12,40,20,0.2857142857142857,neutral
IIVVDFVI,15,4,3,2,19,5,0.2857142857142857,neutral
VGCHCNFN,27,20,15,10,47,25,0.2857142857142857,neutral
ICFDSCCF,41,27,18,22,68,40,0.2857142857142857,neutral
DYFRYRCG,16,10,5,5,26,10,0.2857142857142857,neutral
FFRFHVCL,4,8,0,0,12,0,0.2857142857142857,neutral
VFCYSHFC,47,35,22,28,82,50,0.2857142857142857,neutral
LFIDIFIF,7,5,0,0,12,0,0.2857142857142857,neutral
GIRFGICY,19,7,4,6,26,10,0.2857142857142857,neutral
LFHFVRGI,21,12,5,10,33,15,0.2857142857142857,neutral
FCDCSGLD,73,58,40,45,131,85,0.2857142857142857,neutral
CFDSCDYC,15,11,3,7,26,10,0.2857142857142857,neutral
LFYNNSFR,19,14,3,12,33,15,0.2857142857142857,neutral
SFHVYHYC,12,7,2,3,19,5,0.2857142857142857,neutral
CIFCFFCR,8,4,0,0,12,0,0.2857142857142857,neutral
NCFRYCCH,11,8,3,2,19,5,0.2857142857142857,neutral
VYCFGCGS,20,6,6,4,26,10,0.2857142857142857,neutral
IIGVVYCY,13,6,3,2,19,5,0.2857142857142857,neutral
FYHVVIFS,8,4,0,0,12,0,0.2857142857142857,neutral
GGHCSYFF,40,28,23,17,68,40,0.2857142857142857,neutral
IDFFDFCI,28,19,11,14,47,25,0.2857142857142857,neutral
FGCSYRGL,57,46,28,37,103,65,0.2857142857142857,neutral
YVFFFVFL,7,5,0,0,12,0,0.2857142857142857,neutral
CICFDRCG,8,4,0,0,12,0,0.2857142857142857,neutral
FNYSCVLS,10,9,5,0,19,5,0.2857142857142857,neutral
DFCLICRL,13,13,3,7,26,10,0.2857142857142857,neutral
VVRFFLFF,8,4,0,0,12,0,0.2857142857142857,neutral
CIFFYDNG,26,14,11,9,40,20,0.2857142857142857,neutral
YHYRCGYD,12,7,2,3,19,5,0.2857142857142857,neutral
IFSHSVII,22,11,7,8,33,15,0.2857142857142857,neutral
FCFFDHDR,15,11,3,7,26,10,0.2857142857142857,neutral
CRLIVDCF,29,18,14,11,47,25,0.2857142857142857,neutral
YYHILISV,7,5,0,0,12,0,0.2857142857142857,neutral
VICSSCDR,37,24,15,20,61,35,0.2857142857142857,neutral
CYCDCFLG,12,7,2,3,19,5,0.2857142857142857,neutral
HYCHRNCR,64,46,30,40,110,70,0.2857142857142857,neutral
FGLDCRYH,26,14,10,10,40,20,0.2857142857142857,neutral
VIHLRRCV,41,34,21,24,75,45,0.2857142857142857,neutral
FIFSVCVF,6,6,0,0,12,0,0.2857142857142857,neutral
GFGFFIFN,7,5,0,0,12,0,0.2857142857142857,neutral
FRYFCYDI,21,12,9,6,33,15,0.2857142857142857,neutral
FDNRYRYH,12,7,2,3,19,5,0.2857142857142857,neutral
LLRFHCCC,18,8,7,3,26,10,0.2857142857142857,neutral
IDVCFHHL,44,31,14,31,75,45,0.2857142857142857,neutral
CCIIFGFL,18,8,4,6,26,10,0.2857142857142857,neutral
FFCRDFVS,14,5,2,3,19,5,0.2857142857142857,neutral
CLRYVCFG,12,7,2,3,19,5,0.2857142857142857,neutral
CSVFGGCC,33,14,9,16,47,25,0.2857142857142857,neutral
CYGGNCRF,33,28,18,17,61,35,0.2857142857142857,neutral
FFNRFRGV,76,58,41,46,134,87,0.2865853658536585,neutral
CNNCGFGR,66,54,43,34,120,77,0.2866666666666667,neutral
YHHVNDVV,66,47,34,38,113,72,0.2867132867132867,neutral
FSSGRICY,59,47,34,33,106,67,0.2867647058823529,neutral
YYGHRDGY,54,45,36,26,99,62,0.2868217054263566,neutral
FCCVGDRI,54,45,28,34,99,62,0.2868217054263566,neutral
FRINSGCC,55,37,31,26,92,57,0.28688524590163933,neutral
GYRHHLVF,52,33,24,28,85,52,0.28695652173913044,neutral
VRCFGCGV,50,35,29,23,85,52,0.28695652173913044,neutral
IFGFYYSD,44,41,25,27,85,52,0.28695652173913044,neutral
NHDSIVGY,50,35,26,26,85,52,0.28695652173913044,neutral
LYSVCDID,51,34,31,21,85,52,0.28695652173913044,neutral
FNLFGVIN,52,33,28,24,85,52,0.28695652173913044,neutral
LRCGIRHF,48,30,21,26,78,47,0.28703703703703703,neutral
CCCDLYGS,47,31,27,20,78,47,0.28703703703703703,neutral
FDILSFCI,44,34,20,27,78,47,0.28703703703703703,neutral
FFLSNHHG,44,27,20,22,71,42,0.2871287128712871,neutral
CCGHHIRC,41,30,21,21,71,42,0.2871287128712871,neutral
DYVRHVFF,42,29,20,22,71,42,0.2871287128712871,neutral
CFVCDNRS,37,27,18,19,64,37,0.2872340425531915,neutral
FYYRRLGC,36,28,16,21,64,37,0.2872340425531915,neutral
FCSRIFYN,34,30,16,21,64,37,0.2872340425531915,neutral
CVDCHVNI,35,29,13,24,64,37,0.2872340425531915,neutral
NFIRDIFL,38,26,13,24,64,37,0.2872340425531915,neutral
VYNGFIIH,38,26,14,23,64,37,0.2872340425531915,neutral
ICDLGIGC,35,22,14,18,57,32,0.28735632183908044,neutral
NGYFVGDG,34,23,16,16,57,32,0.28735632183908044,neutral
FFGNLYVG,35,22,16,16,57,32,0.28735632183908044,neutral
CGGVFGCV,37,20,15,17,57,32,0.28735632183908044,neutral
VFSIGYLC,38,19,18,14,57,32,0.28735632183908044,neutral
YVCHGCNN,37,20,16,16,57,32,0.28735632183908044,neutral
CDDLCCYS,30,27,12,20,57,32,0.28735632183908044,neutral
RGHCGVFG,27,30,14,18,57,32,0.28735632183908044,neutral
ICGYFYGG,37,20,13,19,57,32,0.28735632183908044,neutral
FSCRGVVY,35,22,13,19,57,32,0.28735632183908044,neutral
VLYGDGGG,30,27,15,17,57,32,0.28735632183908044,neutral
FCIGHGFF,35,22,14,18,57,32,0.28735632183908044,neutral
FFSRFDGC,38,19,17,15,57,32,0.28735632183908044,neutral
FSGGCDLD,35,22,9,23,57,32,0.28735632183908044,neutral
YHDGRSYV,32,18,13,14,50,27,0.2875,neutral
CIVYGVGG,30,20,16,11,50,27,0.2875,neutral
FFFNGFHV,31,19,16,11,50,27,0.2875,neutral
VFGFVICN,32,18,13,14,50,27,0.2875,neutral
VYGGLFCI,33,17,13,14,50,27,0.2875,neutral
GNFDFIGG,32,18,10,17,50,27,0.2875,neutral
IVCFGDCI,26,24,17,10,50,27,0.2875,neutral
YVRRRFFD,29,21,11,16,50,27,0.2875,neutral
FCYNSFIY,70,60,41,43,130,84,0.2875,neutral
HLSRVGGY,32,18,18,9,50,27,0.2875,neutral
VGGVLCNF,33,17,13,14,50,27,0.2875,neutral
DGSFHDIF,27,23,12,15,50,27,0.2875,neutral
YCSYRYFY,29,14,11,11,43,22,0.2876712328767123,neutral
FGDCVFRL,28,15,8,14,43,22,0.2876712328767123,neutral
CGFVFRHV,26,17,8,14,43,22,0.2876712328767123,neutral
YFLNYFDL,25,18,10,12,43,22,0.2876712328767123,neutral
VGLHYDGH,24,19,10,12,43,22,0.2876712328767123,neutral
FVCDCLFS,30,13,12,10,43,22,0.2876712328767123,neutral
CDGIVFLY,31,12,11,11,43,22,0.2876712328767123,neutral
GCDVCDCR,23,20,10,12,43,22,0.2876712328767123,neutral
FCSNFIID,23,20,14,8,43,22,0.2876712328767123,neutral
YLGSNYSV,26,17,9,13,43,22,0.2876712328767123,neutral
GICGHFYH,29,14,15,7,43,22,0.2876712328767123,neutral
FDCFRGVS,29,14,7,15,43,22,0.2876712328767123,neutral
CIFDCFDG,27,16,13,9,43,22,0.2876712328767123,neutral
VIGFCGVG,56,53,25,44,109,69,0.28776978417266186,neutral
CDHNRLSF,63,46,32,37,109,69,0.28776978417266186,neutral
YFGCIGRC,61,48,44,25,109,69,0.28776978417266186,neutral
RVCLGVIV,23,13,7,10,36,17,0.2878787878787879,neutral
CIVCNVNY,20,16,5,12,36,17,0.2878787878787879,neutral
CFFNVGFR,20,16,10,7,36,17,0.2878787878787879,neutral
NFFSCLFN,25,11,7,10,36,17,0.2878787878787879,neutral
FVCCFCLH,24,12,9,8,36,17,0.2878787878787879,neutral
CYYCCDDL,19,17,11,6,36,17,0.2878787878787879,neutral
VCVCNGIH,22,14,7,10,36,17,0.2878787878787879,neutral
SVCRCSNF,19,17,10,7,36,17,0.2878787878787879,neutral
FVNCGHYG,24,12,12,5,36,17,0.2878787878787879,neutral
HCCFFGSI,22,14,7,10,36,17,0.2878787878787879,neutral
SDCCVCVR,21,15,9,8,36,17,0.2878787878787879,neutral
CYLFNCDC,21,15,11,6,36,17,0.2878787878787879,neutral
YFCCGYDF,23,13,11,6,36,17,0.2878787878787879,neutral
FLLVSDCY,26,10,2,15,36,17,0.2878787878787879,neutral
YDCYSYFI,23,13,9,8,36,17,0.2878787878787879,neutral
GFSCFCNY,23,13,10,7,36,17,0.2878787878787879,neutral
ICFIGFSD,22,14,11,6,36,17,0.2878787878787879,neutral
FHCSYHNV,22,14,7,10,36,17,0.2878787878787879,neutral
CFCVCDGY,22,14,7,10,36,17,0.2878787878787879,neutral
VHVFDHYY,22,14,8,9,36,17,0.2878787878787879,neutral
FCYFVDIR,23,13,8,9,36,17,0.2878787878787879,neutral
FDSCSFGD,24,12,6,11,36,17,0.2878787878787879,neutral
CRCIGGYG,26,10,6,11,36,17,0.2878787878787879,neutral
FIFVLVYS,21,15,7,10,36,17,0.2878787878787879,neutral
NHLGYIYI,23,13,7,10,36,17,0.2878787878787879,neutral
GLCGVYHH,18,18,11,6,36,17,0.2878787878787879,neutral
CCDFCLLH,23,13,11,6,36,17,0.2878787878787879,neutral
LYSCRVGL,53,42,22,37,95,59,0.288,neutral
ISVLDCCF,55,40,21,38,95,59,0.288,neutral
FFCGRFIR,51,44,25,34,95,59,0.288,neutral
YCGRCDLG,56,39,27,32,95,59,0.288,neutral
ICGLHYLS,54,41,28,31,95,59,0.288,neutral
CGYVCCIR,19,10,4,8,29,12,0.288135593220339,neutral
RYDFGCDN,51,37,19,35,88,54,0.288135593220339,neutral
IHFCCVRY,23,6,7,5,29,12,0.288135593220339,neutral
GSSIFVYV,17,12,10,2,29,12,0.288135593220339,neutral
VVCVGHRF,14,15,6,6,29,12,0.288135593220339,neutral
VYFLHGDV,19,10,6,6,29,12,0.288135593220339,neutral
GICCCSFY,17,12,6,6,29,12,0.288135593220339,neutral
CRCCDHIH,20,9,6,6,29,12,0.288135593220339,neutral
YVLHDRCH,21,8,7,5,29,12,0.288135593220339,neutral
YVSYRRVY,19,10,8,4,29,12,0.288135593220339,neutral
DCYSIVIR,21,8,8,4,29,12,0.288135593220339,neutral
FVDGFSVF,21,8,6,6,29,12,0.288135593220339,neutral
GFGSHFGF,20,9,4,8,29,12,0.288135593220339,neutral
LFDGCVCD,22,7,3,9,29,12,0.288135593220339,neutral
CFRFVNDG,17,12,5,7,29,12,0.288135593220339,neutral
CCVSCNHC,18,11,5,7,29,12,0.288135593220339,neutral
ICIHFCDN,16,13,6,6,29,12,0.288135593220339,neutral
YYDHFNVR,17,12,4,8,29,12,0.288135593220339,neutral
CNCGRCND,22,7,3,9,29,12,0.288135593220339,neutral
RFCGCNHC,21,8,3,9,29,12,0.288135593220339,neutral
CFSCNGVG,82,65,41,55,147,96,0.288135593220339,neutral
CGHCRYLN,21,8,8,4,29,12,0.288135593220339,neutral
VFVYDHLF,21,8,8,4,29,12,0.288135593220339,neutral
NFYGDILI,21,8,6,6,29,12,0.288135593220339,neutral
YVYCCRDH,20,9,2,10,29,12,0.288135593220339,neutral
IFCHRIHC,19,10,3,9,29,12,0.288135593220339,neutral
VILVDFCC,16,13,7,5,29,12,0.288135593220339,neutral
CYSSYLHY,16,13,7,5,29,12,0.288135593220339,neutral
CCCRLSVR,20,9,3,9,29,12,0.288135593220339,neutral
VRYYNLGL,45,36,21,28,81,49,0.2882882882882883,neutral
DYHCGSVC,47,34,20,29,81,49,0.2882882882882883,neutral
FRSCGRCC,46,35,20,29,81,49,0.2882882882882883,neutral
RRLFLDDV,42,39,25,24,81,49,0.2882882882882883,neutral
FFFICGVV,14,8,4,3,22,7,0.28846153846153844,neutral
DIYYCFGG,43,31,16,28,74,44,0.28846153846153844,neutral
VVCCFSHL,19,3,5,2,22,7,0.28846153846153844,neutral
YCLSFFGG,13,9,3,4,22,7,0.28846153846153844,neutral
HLCCGCSR,12,10,0,7,22,7,0.28846153846153844,neutral
HFCHSSSY,11,11,2,5,22,7,0.28846153846153844,neutral
IYNGLSDC,16,6,4,3,22,7,0.28846153846153844,neutral
RVDIHFRH,71,55,46,35,126,81,0.28846153846153844,neutral
NCVLCFFF,13,9,5,2,22,7,0.28846153846153844,neutral
FSDVGSFH,38,36,23,21,74,44,0.28846153846153844,neutral
YHFHVGYC,11,11,1,6,22,7,0.28846153846153844,neutral
FDRICICD,17,5,3,4,22,7,0.28846153846153844,neutral
RHYYYGRD,16,6,3,4,22,7,0.28846153846153844,neutral
CSGLFHCR,14,8,7,0,22,7,0.28846153846153844,neutral
FYSRYCIL,14,8,4,3,22,7,0.28846153846153844,neutral
CDFCLCCR,12,10,3,4,22,7,0.28846153846153844,neutral
FDVYICCC,13,9,4,3,22,7,0.28846153846153844,neutral
YRFDVSLL,16,6,6,1,22,7,0.28846153846153844,neutral
YSVFCVRC,13,9,2,5,22,7,0.28846153846153844,neutral
FYFVVVDH,12,10,4,3,22,7,0.28846153846153844,neutral
FIGCLRHF,41,33,15,29,74,44,0.28846153846153844,neutral
DRLYGSIR,41,33,20,24,74,44,0.28846153846153844,neutral
CVCCICGF,16,6,2,5,22,7,0.28846153846153844,neutral
IRYVCNCN,11,11,4,3,22,7,0.28846153846153844,neutral
VLFGCFYF,16,6,2,5,22,7,0.28846153846153844,neutral
LFFCYIFN,17,5,5,2,22,7,0.28846153846153844,neutral
HFGFHCGD,12,10,4,3,22,7,0.28846153846153844,neutral
YLCFGFYN,16,6,1,6,22,7,0.28846153846153844,neutral
YVISCVGC,45,29,24,20,74,44,0.28846153846153844,neutral
LYCYVGGL,66,53,37,39,119,76,0.28859060402684567,neutral
DGYSGYHG,41,26,18,21,67,39,0.28865979381443296,neutral
FLCFGRHF,43,24,21,18,67,39,0.28865979381443296,neutral
FICISLLN,12,3,1,1,15,2,0.28888888888888886,neutral
CFLCLFHC,12,3,1,1,15,2,0.28888888888888886,neutral
FFFVLFYL,11,4,2,0,15,2,0.28888888888888886,neutral
YCFHIGRG,37,23,15,19,60,34,0.28888888888888886,neutral
HYIYGCCS,10,5,1,1,15,2,0.28888888888888886,neutral
IYCHFFVL,13,2,1,1,15,2,0.28888888888888886,neutral
RCCGCRFL,11,4,1,1,15,2,0.28888888888888886,neutral
FVCCLVIC,7,8,0,2,15,2,0.28888888888888886,neutral
FFRHCFLY,9,6,1,1,15,2,0.28888888888888886,neutral
FCVCFVCS,11,4,2,0,15,2,0.28888888888888886,neutral
RFDCCGCH,9,6,1,1,15,2,0.28888888888888886,neutral
FSISVVVH,10,5,1,1,15,2,0.28888888888888886,neutral
CLCGNCCV,9,6,1,1,15,2,0.28888888888888886,neutral
VSVLCCDC,37,23,13,21,60,34,0.28888888888888886,neutral
SHYSYVCH,9,6,1,1,15,2,0.28888888888888886,neutral
GRRIIIFC,10,5,1,1,15,2,0.28888888888888886,neutral
GYCFIYIR,9,6,2,0,15,2,0.28888888888888886,neutral
YIRCYLHF,11,4,1,1,15,2,0.28888888888888886,neutral
FYCCIYII,8,7,0,2,15,2,0.28888888888888886,neutral
YVRYFLYH,11,4,2,0,15,2,0.28888888888888886,neutral
FFGFIYYC,10,5,1,1,15,2,0.28888888888888886,neutral
CIDIFFCL,11,4,0,2,15,2,0.28888888888888886,neutral
FCLCYYCF,10,5,1,1,15,2,0.28888888888888886,neutral
VRCFCLGF,12,3,1,1,15,2,0.28888888888888886,neutral
FCCYFYYG,10,5,0,2,15,2,0.28888888888888886,neutral
IFIFGDGC,61,44,32,34,105,66,0.28888888888888886,neutral
VFYCIYNL,10,5,1,1,15,2,0.28888888888888886,neutral
YCCIGFLG,10,5,1,1,15,2,0.28888888888888886,neutral
CCFLIRNY,9,6,1,1,15,2,0.28888888888888886,neutral
CVCGDFCD,39,21,10,24,60,34,0.28888888888888886,neutral
FYGCVIFY,11,4,1,1,15,2,0.28888888888888886,neutral
DICLYVRY,9,6,2,0,15,2,0.28888888888888886,neutral
FRFSLFVR,8,7,0,2,15,2,0.28888888888888886,neutral
VLCFYCSV,10,5,2,0,15,2,0.28888888888888886,neutral
FVVCRCCF,10,5,1,1,15,2,0.28888888888888886,neutral
CCGCCICL,7,8,1,1,15,2,0.28888888888888886,neutral
SSVIVCLD,39,21,12,22,60,34,0.28888888888888886,neutral
HVVLFCSC,12,3,1,1,15,2,0.28888888888888886,neutral
FIIYCSFG,4,11,0,2,15,2,0.28888888888888886,neutral
YGDGDCVY,38,22,9,25,60,34,0.28888888888888886,neutral
FVCLRICV,9,6,1,1,15,2,0.28888888888888886,neutral
GYCGRCCI,11,4,2,0,15,2,0.28888888888888886,neutral
FDRGFIYN,37,23,15,19,60,34,0.28888888888888886,neutral
FFFDICRD,8,7,2,0,15,2,0.28888888888888886,neutral
IDLVLLFL,11,4,2,0,15,2,0.28888888888888886,neutral
IFFLIFCC,9,6,1,1,15,2,0.28888888888888886,neutral
CFYYFLLD,7,8,1,1,15,2,0.28888888888888886,neutral
YHFDIYCF,11,4,1,1,15,2,0.28888888888888886,neutral
FFCVCIIH,5,10,1,1,15,2,0.28888888888888886,neutral
NIIIYCYH,8,7,0,2,15,2,0.28888888888888886,neutral
VRYHVGCY,8,7,0,2,15,2,0.28888888888888886,neutral
FCFIFVFN,12,3,0,2,15,2,0.28888888888888886,neutral
LFGGFILR,79,64,56,37,143,93,0.28901734104046245,neutral
GIDCGFCR,51,47,25,36,98,61,0.2890625,neutral
RLSYLCNR,30,23,15,14,53,29,0.2891566265060241,neutral
VFIGHCHI,36,17,17,12,53,29,0.2891566265060241,neutral
CNVDCGLI,35,18,14,15,53,29,0.2891566265060241,neutral
ISCHNGFG,30,23,10,19,53,29,0.2891566265060241,neutral
NYYFFFLH,34,19,9,20,53,29,0.2891566265060241,neutral
HFFCCDCG,34,19,17,12,53,29,0.2891566265060241,neutral
DYFCNCRN,32,21,15,14,53,29,0.2891566265060241,neutral
SYVVCVRH,34,19,13,16,53,29,0.2891566265060241,neutral
YRDCGFCL,55,36,24,32,91,56,0.2892561983471074,neutral
DYCGICSC,52,39,25,31,91,56,0.2892561983471074,neutral
GCRCIRSI,74,55,43,40,129,83,0.2893081761006289,neutral
CHDCFIRG,27,19,10,14,46,24,0.2894736842105263,neutral
CFSIIVGV,24,22,11,13,46,24,0.2894736842105263,neutral
CVDSVCVC,28,18,9,15,46,24,0.2894736842105263,neutral
FIRVGCYS,27,19,12,12,46,24,0.2894736842105263,neutral
RYCRHIFV,29,17,12,12,46,24,0.2894736842105263,neutral
GFGLFCVI,22,24,12,12,46,24,0.2894736842105263,neutral
CHCFDHYV,19,27,12,12,46,24,0.2894736842105263,neutral
ICDCRYFG,27,19,7,17,46,24,0.2894736842105263,neutral
CRCGNFYD,26,20,9,15,46,24,0.2894736842105263,neutral
NSFYFCCL,28,18,13,11,46,24,0.2894736842105263,neutral
IFDRDCIG,29,17,12,12,46,24,0.2894736842105263,neutral
LFFSNVVC,49,35,25,26,84,51,0.2894736842105263,neutral
FYGSCFLL,29,17,14,10,46,24,0.2894736842105263,neutral
CYLHDYGS,45,39,27,24,84,51,0.2894736842105263,neutral
LCIGFCDC,32,14,10,14,46,24,0.2894736842105263,neutral
FCSGCIVN,29,17,11,13,46,24,0.2894736842105263,neutral
GFRGFSDR,28,18,13,11,46,24,0.2894736842105263,neutral
VNFNIGNF,67,48,41,32,115,73,0.2896551724137931,neutral
FRVRDGLF,44,33,18,28,77,46,0.2897196261682243,neutral
HDFCFFFF,46,31,20,26,77,46,0.2897196261682243,neutral
RDFVSDFR,48,29,17,29,77,46,0.2897196261682243,neutral
FYGCRYHR,24,15,12,7,39,19,0.2898550724637681,neutral
FYIGHCGF,25,14,7,12,39,19,0.2898550724637681,neutral
FHCCLIRH,61,47,34,34,108,68,0.2898550724637681,neutral
SGIFHFRD,27,12,10,9,39,19,0.2898550724637681,neutral
CYVFGSGC,24,15,7,12,39,19,0.2898550724637681,neutral
FCGYLHCV,26,13,13,6,39,19,0.2898550724637681,neutral
GCVCDHGI,23,16,8,11,39,19,0.2898550724637681,neutral
CFGDVCFG,27,12,11,8,39,19,0.2898550724637681,neutral
CCGFHVDF,21,18,8,11,39,19,0.2898550724637681,neutral
CRRFCVSF,28,11,9,10,39,19,0.2898550724637681,neutral
YGIDYVHN,18,21,8,11,39,19,0.2898550724637681,neutral
FNLNFYIH,26,13,8,11,39,19,0.2898550724637681,neutral
VYGGISCF,25,14,12,7,39,19,0.2898550724637681,neutral
FFVVFVYF,28,11,11,8,39,19,0.2898550724637681,neutral
FCCVGFNC,25,14,11,8,39,19,0.2898550724637681,neutral
FCISNCHG,62,46,35,33,108,68,0.2898550724637681,neutral
FGCFNDHD,27,12,10,9,39,19,0.2898550724637681,neutral
VFCNFGDD,29,10,6,13,39,19,0.2898550724637681,neutral
SCLIGGFC,24,15,12,7,39,19,0.2898550724637681,neutral
LVHCYFYN,26,13,8,11,39,19,0.2898550724637681,neutral
FHNCFLRL,78,61,44,46,139,90,0.28994082840236685,neutral
FSYCVGLD,42,28,20,21,70,41,0.29,neutral
GFGNHFCH,43,27,17,24,70,41,0.29,neutral
CNVDSVLL,42,28,25,16,70,41,0.29,neutral
YGFLCSIF,40,30,26,15,70,41,0.29,neutral
CCFCLYHH,21,11,3,11,32,14,0.2903225806451613,neutral
CCSCSLYH,17,15,5,9,32,14,0.2903225806451613,neutral
LCFCFGGV,20,12,7,7,32,14,0.2903225806451613,neutral
FFFFNVFS,21,11,6,8,32,14,0.2903225806451613,neutral
FVISGRFS,37,26,15,21,63,36,0.2903225806451613,neutral
RFLCIGNC,38,25,19,17,63,36,0.2903225806451613,neutral
FCISRLCC,40,23,13,23,63,36,0.2903225806451613,neutral
NCCGRFLR,20,12,4,10,32,14,0.2903225806451613,neutral
RYYCSVDN,39,24,21,15,63,36,0.2903225806451613,neutral
DCISSGYG,14,18,6,8,32,14,0.2903225806451613,neutral
GCNCNSVV,39,24,20,16,63,36,0.2903225806451613,neutral
DDHRGFGY,19,13,9,5,32,14,0.2903225806451613,neutral
FYRRCGYR,41,22,18,18,63,36,0.2903225806451613,neutral
NCDDCYLR,34,29,18,18,63,36,0.2903225806451613,neutral
FCHCDISG,18,14,8,6,32,14,0.2903225806451613,neutral
FNFFVHYF,21,11,5,9,32,14,0.2903225806451613,neutral
CSCDSYGF,20,12,8,6,32,14,0.2903225806451613,neutral
NCLFFGSC,36,27,19,17,63,36,0.2903225806451613,neutral
SCYDYCCC,18,14,7,7,32,14,0.2903225806451613,neutral
LIFCRDFS,21,11,4,10,32,14,0.2903225806451613,neutral
LFSHHLYN,19,13,5,9,32,14,0.2903225806451613,neutral
IFFRSFIG,20,12,8,6,32,14,0.2903225806451613,neutral
GFSYDLCN,19,13,6,8,32,14,0.2903225806451613,neutral
SCVGCINV,41,22,21,15,63,36,0.2903225806451613,neutral
SYICLSVS,33,30,14,22,63,36,0.2903225806451613,neutral
NLGVFGDC,37,26,15,21,63,36,0.2903225806451613,neutral
YFDYHIGC,20,12,4,10,32,14,0.2903225806451613,neutral
SVICHFSF,23,9,7,7,32,14,0.2903225806451613,neutral
SRFNDCCY,18,14,7,7,32,14,0.2903225806451613,neutral
YDYLGIVR,18,14,4,10,32,14,0.2903225806451613,neutral
CVFRRLGG,35,28,17,19,63,36,0.2903225806451613,neutral
FSGFVSFY,18,14,9,5,32,14,0.2903225806451613,neutral
CICLDHFS,40,23,13,23,63,36,0.2903225806451613,neutral
VIRCNSVF,24,8,6,8,32,14,0.2903225806451613,neutral
HVVIGGYL,20,12,7,7,32,14,0.2903225806451613,neutral
CLFFNDCC,20,12,7,7,32,14,0.2903225806451613,neutral
FFHVVCRD,22,10,8,6,32,14,0.2903225806451613,neutral
DCDFLCID,22,10,8,6,32,14,0.2903225806451613,neutral
YFDRSYGI,16,16,5,9,32,14,0.2903225806451613,neutral
GFGGRICY,25,7,5,9,32,14,0.2903225806451613,neutral
IILCNRFD,34,29,20,16,63,36,0.2903225806451613,neutral
RFGFYCGC,40,23,20,16,63,36,0.2903225806451613,neutral
FVDVHLCG,17,15,8,6,32,14,0.2903225806451613,neutral
LSLGICGI,39,24,15,21,63,36,0.2903225806451613,neutral
VFSYSGSG,36,20,13,18,56,31,0.29069767441860467,neutral
YVSSYGVR,35,21,14,17,56,31,0.29069767441860467,neutral
YDLCCFHG,34,22,19,12,56,31,0.29069767441860467,neutral
FSHFYGYL,37,19,18,13,56,31,0.29069767441860467,neutral
ICYSHCHF,37,19,15,16,56,31,0.29069767441860467,neutral
SHCCYSYV,37,19,16,15,56,31,0.29069767441860467,neutral
YSFCNFIC,36,20,12,19,56,31,0.29069767441860467,neutral
FYDFSVFV,32,24,19,12,56,31,0.29069767441860467,neutral
GFVGFISF,33,23,18,13,56,31,0.29069767441860467,neutral
FRSGNFLN,36,20,11,20,56,31,0.29069767441860467,neutral
FCCGRRYF,17,8,2,7,25,9,0.2909090909090909,neutral
YCFCRGLD,19,6,3,6,25,9,0.2909090909090909,neutral
VLCHGGFY,18,7,7,2,25,9,0.2909090909090909,neutral
YVCLCSYL,22,3,5,4,25,9,0.2909090909090909,neutral
SHIVILYG,16,9,5,4,25,9,0.2909090909090909,neutral
CFSCCGGV,16,9,3,6,25,9,0.2909090909090909,neutral
FGHGCYRF,13,12,4,5,25,9,0.2909090909090909,neutral
VIIRYNCV,16,9,3,6,25,9,0.2909090909090909,neutral
YYYFFCDD,15,10,2,7,25,9,0.2909090909090909,neutral
YGVGCFCG,14,11,3,6,25,9,0.2909090909090909,neutral
CSYRSNCC,44,36,24,24,80,48,0.2909090909090909,neutral
CSLVCNIV,13,12,4,5,25,9,0.2909090909090909,neutral
LCSVYRFG,17,8,5,4,25,9,0.2909090909090909,neutral
FLFYYCGG,16,9,4,5,25,9,0.2909090909090909,neutral
FRGVCSID,18,7,5,4,25,9,0.2909090909090909,neutral
YVCRNSVF,16,9,1,8,25,9,0.2909090909090909,neutral
VFHGDCHF,14,11,4,5,25,9,0.2909090909090909,neutral
SFVVFIFH,14,11,5,4,25,9,0.2909090909090909,neutral
SHCCHCCN,13,12,4,5,25,9,0.2909090909090909,neutral
IGDLGCFL,15,10,5,4,25,9,0.2909090909090909,neutral
CLGCRHHC,18,7,3,6,25,9,0.2909090909090909,neutral
CISCRCCH,17,8,4,5,25,9,0.2909090909090909,neutral
LCGGFNYL,20,5,4,5,25,9,0.2909090909090909,neutral
FCRGVYGL,14,11,6,3,25,9,0.2909090909090909,neutral
FNYVVDVF,18,7,8,1,25,9,0.2909090909090909,neutral
CYLGDVCG,48,32,18,30,80,48,0.2909090909090909,neutral
YRIVCVRD,48,32,20,28,80,48,0.2909090909090909,neutral
YVNCFFCG,18,7,5,4,25,9,0.2909090909090909,neutral
CIHVFVGS,15,10,2,7,25,9,0.2909090909090909,neutral
CHCGFYCH,15,10,5,4,25,9,0.2909090909090909,neutral
CRDLGRFV,14,11,4,5,25,9,0.2909090909090909,neutral
YCFVNDFL,15,10,7,2,25,9,0.2909090909090909,neutral
DFHFCRCC,19,6,5,4,25,9,0.2909090909090909,neutral
FYVGLVCD,56,48,42,23,104,65,0.291044776119403,neutral
FHYFDCFI,32,17,12,14,49,26,0.2911392405063291,neutral
VSRFFCCL,33,16,12,14,49,26,0.2911392405063291,neutral
SCDFRCYN,26,23,11,15,49,26,0.2911392405063291,neutral
GRVCHYIY,28,21,13,13,49,26,0.2911392405063291,neutral
FYSCCSSL,30,19,11,15,49,26,0.2911392405063291,neutral
SNLIFYGN,26,23,9,17,49,26,0.2911392405063291,neutral
CGCVFDFH,32,17,14,12,49,26,0.2911392405063291,neutral
FFGDFGYH,34,15,16,10,49,26,0.2911392405063291,neutral
SYVIGHDV,71,57,35,47,128,82,0.2911392405063291,neutral
CSGRYCFG,31,18,11,15,49,26,0.2911392405063291,neutral
GRVCVCSC,32,17,13,13,49,26,0.2911392405063291,neutral
LRGCYYIH,30,19,14,12,49,26,0.2911392405063291,neutral
VNCFNFFY,27,22,13,13,49,26,0.2911392405063291,neutral
HFLFGVCS,27,22,20,6,49,26,0.2911392405063291,neutral
LDCINICC,29,20,12,14,49,26,0.2911392405063291,neutral
LCCVYSVH,31,18,11,15,49,26,0.2911392405063291,neutral
IVCCGVLY,28,21,13,13,49,26,0.2911392405063291,neutral
FFVCNGGC,40,33,24,19,73,43,0.2912621359223301,neutral
VFCCHVRG,45,28,19,24,73,43,0.2912621359223301,neutral
CCCGVYFV,39,34,23,20,73,43,0.2912621359223301,neutral
GLRILDGS,45,28,21,22,73,43,0.2912621359223301,neutral
FCGFSFVV,50,47,27,33,97,60,0.29133858267716534,neutral
DFYGIRVH,29,13,9,12,42,21,0.2916666666666667,neutral
VCNGSGID,37,29,24,14,66,38,0.2916666666666667,neutral
LNDFLGFC,27,15,8,13,42,21,0.2916666666666667,neutral
FCNYILYN,25,17,10,11,42,21,0.2916666666666667,neutral
NRSCFIVL,26,16,14,7,42,21,0.2916666666666667,neutral
CCFCFCGC,11,7,0,4,18,4,0.2916666666666667,neutral
FLFCYYIL,14,4,1,3,18,4,0.2916666666666667,neutral
GLICDFCV,40,26,23,15,66,38,0.2916666666666667,neutral
CIVCRFGR,8,10,1,3,18,4,0.2916666666666667,neutral
GFVGDFLF,27,15,10,11,42,21,0.2916666666666667,neutral
HSFYSCCF,26,16,12,9,42,21,0.2916666666666667,neutral
CCLVSYFG,14,4,3,1,18,4,0.2916666666666667,neutral
LCSGVCGI,51,39,23,32,90,55,0.2916666666666667,neutral
VCVGLYGV,22,20,8,13,42,21,0.2916666666666667,neutral
FNGILFCH,13,5,2,2,18,4,0.2916666666666667,neutral
NCVFYLNH,28,14,14,7,42,21,0.2916666666666667,neutral
SVLFDYFI,30,12,10,11,42,21,0.2916666666666667,neutral
FIGYGGDY,11,7,3,1,18,4,0.2916666666666667,neutral
VVRLCSFF,22,20,7,14,42,21,0.2916666666666667,neutral
FLGVCHLF,25,17,9,12,42,21,0.2916666666666667,neutral
FLRCSVDN,26,16,9,12,42,21,0.2916666666666667,neutral
CLHGCCFF,12,6,3,1,18,4,0.2916666666666667,neutral
ILFCCGCI,11,7,0,4,18,4,0.2916666666666667,neutral
FDIYGYGG,9,9,3,1,18,4,0.2916666666666667,neutral
CNNFCIYV,27,15,11,10,42,21,0.2916666666666667,neutral
ILGVGSCY,10,8,4,0,18,4,0.2916666666666667,neutral
RFDYVVLD,11,7,2,2,18,4,0.2916666666666667,neutral
NNYCCFRV,11,7,4,0,18,4,0.2916666666666667,neutral
RCGCRYHL,28,14,11,10,42,21,0.2916666666666667,neutral
CCLLIYLG,13,5,2,2,18,4,0.2916666666666667,neutral
FGLFVLYH,12,6,2,2,18,4,0.2916666666666667,neutral
FLCISCYC,8,10,2,2,18,4,0.2916666666666667,neutral
CSCSGGLF,13,5,3,1,18,4,0.2916666666666667,neutral
YHGYCYIV,42,24,21,17,66,38,0.2916666666666667,neutral
LFFGYNGR,14,4,2,2,18,4,0.2916666666666667,neutral
ILFNNHFG,42,24,16,22,66,38,0.2916666666666667,neutral
FIFFNSLF,11,7,3,1,18,4,0.2916666666666667,neutral
FFLCIRIC,9,9,2,2,18,4,0.2916666666666667,neutral
SDICVYIY,8,10,1,3,18,4,0.2916666666666667,neutral
CCNFCRVC,13,5,1,3,18,4,0.2916666666666667,neutral
FSSCFFRS,26,16,12,9,42,21,0.2916666666666667,neutral
CFCVSCIV,9,9,1,3,18,4,0.2916666666666667,neutral
FNDLCRHF,9,9,1,3,18,4,0.2916666666666667,neutral
CCSRLDVY,35,31,15,23,66,38,0.2916666666666667,neutral
SNSNFVVY,26,16,6,15,42,21,0.2916666666666667,neutral
HFRFFHFC,11,7,2,2,18,4,0.2916666666666667,neutral
CNICCGRH,21,21,10,11,42,21,0.2916666666666667,neutral
CHYVGCLL,11,7,1,3,18,4,0.2916666666666667,neutral
CFCFFIGL,12,6,3,1,18,4,0.2916666666666667,neutral
VVYIHCLS,17,1,3,1,18,4,0.2916666666666667,neutral
YYVRCGDV,10,8,2,2,18,4,0.2916666666666667,neutral
FYIGGIVG,75,56,38,46,131,84,0.2919254658385093,neutral
LIYRDYFL,62,45,32,35,107,67,0.291970802919708,neutral
FHVCRHCD,61,46,27,40,107,67,0.291970802919708,neutral
RHFLGFCC,49,34,26,24,83,50,0.2920353982300885,neutral
NYRVGLCF,49,34,24,26,83,50,0.2920353982300885,neutral
RGGGYNIV,42,41,25,25,83,50,0.2920353982300885,neutral
DVGLGCLF,38,21,15,18,59,33,0.29213483146067415,neutral
FCIIRCVR,35,24,16,17,59,33,0.29213483146067415,neutral
VVFDFHDV,35,24,16,17,59,33,0.29213483146067415,neutral
SLCCFLGV,36,23,10,23,59,33,0.29213483146067415,neutral
GFGDCIFS,39,20,21,12,59,33,0.29213483146067415,neutral
CLNGCFNC,39,20,16,17,59,33,0.29213483146067415,neutral
FFCSYGYS,34,25,17,16,59,33,0.29213483146067415,neutral
FYDFVNFC,32,27,21,12,59,33,0.29213483146067415,neutral
VFYNHYCV,20,15,9,7,35,16,0.2923076923076923,neutral
INFNHCCC,26,9,8,8,35,16,0.2923076923076923,neutral
CVIGVISC,24,11,7,9,35,16,0.2923076923076923,neutral
FVVYDYCY,22,13,7,9,35,16,0.2923076923076923,neutral
FRSLIGCL,23,12,6,10,35,16,0.2923076923076923,neutral
FCGCCVFH,24,11,9,7,35,16,0.2923076923076923,neutral
YIVDLFFR,23,12,6,10,35,16,0.2923076923076923,neutral
CLGRFDSI,22,13,3,13,35,16,0.2923076923076923,neutral
FCDCCSFC,23,12,5,11,35,16,0.2923076923076923,neutral
VFGLVGGC,59,41,33,29,100,62,0.2923076923076923,neutral
FNDYYGLI,21,14,4,12,35,16,0.2923076923076923,neutral
VCGGLIFV,21,14,6,10,35,16,0.2923076923076923,neutral
CFVSFCRD,24,11,7,9,35,16,0.2923076923076923,neutral
FFDCVGFN,24,11,6,10,35,16,0.2923076923076923,neutral
FFRYSYRG,23,12,8,8,35,16,0.2923076923076923,neutral
VYICGVIG,26,9,7,9,35,16,0.2923076923076923,neutral
YCGGHGGF,22,13,8,8,35,16,0.2923076923076923,neutral
INYCYVHC,47,29,22,23,76,45,0.29245283018867924,neutral
YCGGFSFF,47,29,21,24,76,45,0.29245283018867924,neutral
GYCLDVFG,43,33,15,30,76,45,0.29245283018867924,neutral
SHFFYCIS,45,31,17,28,76,45,0.29245283018867924,neutral
GFYGCDFC,44,32,21,24,76,45,0.29245283018867924,neutral
NFVCRFGR,117,106,79,70,223,149,0.2924901185770751,neutral
VICNLYSC,65,52,39,35,117,74,0.2925170068027211,neutral
FYGIRRYC,67,50,38,36,117,74,0.2925170068027211,neutral
LVIFGGLG,55,38,22,35,93,57,0.2926829268292683,neutral
IVRYCLNC,35,17,12,16,52,28,0.2926829268292683,neutral
FYHCHRNI,31,21,13,15,52,28,0.2926829268292683,neutral
CHCRYIHH,34,18,18,10,52,28,0.2926829268292683,neutral
CISCVYGI,27,25,12,16,52,28,0.2926829268292683,neutral
DLRGFCVI,33,19,17,11,52,28,0.2926829268292683,neutral
DIGYFYFR,32,20,17,11,52,28,0.2926829268292683,neutral
VRDLRHYF,44,25,22,18,69,40,0.29292929292929293,neutral
LYYDRVNS,42,27,19,21,69,40,0.29292929292929293,neutral
DCYFGGRG,44,25,16,24,69,40,0.29292929292929293,neutral
FNLSDGFR,36,33,20,20,69,40,0.29292929292929293,neutral
FCGSFHDI,44,25,20,20,69,40,0.29292929292929293,neutral
RCLFRRCC,40,29,12,28,69,40,0.29292929292929293,neutral
YFSCDGHS,73,54,35,46,127,81,0.2929936305732484,neutral
CGFRDDFI,72,55,43,38,127,81,0.2929936305732484,neutral
LICGHLYG,17,11,7,4,28,11,0.29310344827586204,neutral
CCIHRLLG,17,11,4,7,28,11,0.29310344827586204,neutral
YCDGISHL,15,13,8,3,28,11,0.29310344827586204,neutral
YGFYGLCI,15,13,5,6,28,11,0.29310344827586204,neutral
CFGLYSCY,17,11,4,7,28,11,0.29310344827586204,neutral
CVCIFSVD,50,36,27,25,86,52,0.29310344827586204,neutral
FCYGCGNC,20,8,6,5,28,11,0.29310344827586204,neutral
CVVCVVCD,16,12,4,7,28,11,0.29310344827586204,neutral
DCGCGNLL,19,9,8,3,28,11,0.29310344827586204,neutral
RISCVCCC,19,9,4,7,28,11,0.29310344827586204,neutral
VCDFVGCC,50,36,26,26,86,52,0.29310344827586204,neutral
FFFSSGLH,18,10,4,7,28,11,0.29310344827586204,neutral
FNDCCVGV,19,9,5,6,28,11,0.29310344827586204,neutral
LCVIGLVC,19,9,2,9,28,11,0.29310344827586204,neutral
YFCHVNVH,16,12,6,5,28,11,0.29310344827586204,neutral
FIRGYFGV,18,10,6,5,28,11,0.29310344827586204,neutral
ILIRYSRH,17,11,8,3,28,11,0.29310344827586204,neutral
SCFCDGGF,20,8,7,4,28,11,0.29310344827586204,neutral
IGFINILV,48,38,21,31,86,52,0.29310344827586204,neutral
VDCFSGIF,14,14,2,9,28,11,0.29310344827586204,neutral
CNHCSIDC,59,44,35,29,103,64,0.2932330827067669,neutral
FDGRFCGD,31,14,13,10,45,23,0.29333333333333333,neutral
FVHCGFRC,26,19,12,11,45,23,0.29333333333333333,neutral
ICCIFSCD,24,21,12,11,45,23,0.29333333333333333,neutral
CFCNFNRY,29,16,14,9,45,23,0.29333333333333333,neutral
FHFVRHVC,29,16,10,13,45,23,0.29333333333333333,neutral
VFRYRGCG,31,14,14,9,45,23,0.29333333333333333,neutral
SFHSRIFI,30,15,10,13,45,23,0.29333333333333333,neutral
DFRFFRIC,31,14,9,14,45,23,0.29333333333333333,neutral
GGFCFCDG,32,13,12,11,45,23,0.29333333333333333,neutral
FCLVFGNV,28,17,12,11,45,23,0.29333333333333333,neutral
CDFSGRGF,24,21,10,13,45,23,0.29333333333333333,neutral
VFGGGRVG,23,22,11,12,45,23,0.29333333333333333,neutral
IVHDVCGI,25,20,10,13,45,23,0.29333333333333333,neutral
LHYRDGYH,27,18,12,11,45,23,0.29333333333333333,neutral
DGLVGDIY,28,17,10,13,45,23,0.29333333333333333,neutral
VYVFYLDG,28,17,12,11,45,23,0.29333333333333333,neutral
FCDIVFGF,23,22,14,9,45,23,0.29333333333333333,neutral
ICSGGCVF,31,14,13,10,45,23,0.29333333333333333,neutral
LGYGVRCG,30,15,11,12,45,23,0.29333333333333333,neutral
VCFYGCGG,24,21,10,13,45,23,0.29333333333333333,neutral
NCVFFDIL,28,17,13,10,45,23,0.29333333333333333,neutral
SFDRSVFL,37,25,15,20,62,35,0.29347826086956524,neutral
VISSCRYC,37,25,16,19,62,35,0.29347826086956524,neutral
VFFIGGCI,36,26,13,22,62,35,0.29347826086956524,neutral
LRCFYDRF,35,27,16,19,62,35,0.29347826086956524,neutral
SLDIFDRH,39,23,19,16,62,35,0.29347826086956524,neutral
CCVGGDFY,40,22,15,20,62,35,0.29347826086956524,neutral
CDISVYRL,37,25,14,21,62,35,0.29347826086956524,neutral
FGCNIGIC,48,31,28,19,79,47,0.29357798165137616,neutral
CDVFLSNG,48,31,30,17,79,47,0.29357798165137616,neutral
CIYFGRRC,48,31,24,23,79,47,0.29357798165137616,neutral
DHYYILCS,66,47,32,39,113,71,0.2937062937062937,neutral
CLCVSRRN,40,32,15,27,72,42,0.29411764705882354,neutral
IDCNDGIF,16,5,4,2,21,6,0.29411764705882354,neutral
LNDVGLYG,29,26,12,18,55,30,0.29411764705882354,neutral
CHCFGDSY,23,15,12,6,38,18,0.29411764705882354,neutral
GLFHGYCD,10,11,2,4,21,6,0.29411764705882354,neutral
CCFGFCGF,17,4,2,4,21,6,0.29411764705882354,neutral
CCGVCDVC,15,6,2,4,21,6,0.29411764705882354,neutral
CCCYIGGG,26,12,9,9,38,18,0.29411764705882354,neutral
IYSGDHCL,23,15,9,9,38,18,0.29411764705882354,neutral
VLVFNLSI,22,16,10,8,38,18,0.29411764705882354,neutral
FCYYVYSH,13,8,2,4,21,6,0.29411764705882354,neutral
YFGIRCVH,21,17,7,11,38,18,0.29411764705882354,neutral
RCHFIYFD,13,8,1,5,21,6,0.29411764705882354,neutral
FSFFIFIN,15,6,2,4,21,6,0.29411764705882354,neutral
FIFRDIRN,34,21,10,20,55,30,0.29411764705882354,neutral
LFLVFRGI,76,64,46,44,140,90,0.29411764705882354,neutral
DCCCRFND,26,12,7,11,38,18,0.29411764705882354,neutral
FLCIDFVG,25,13,11,7,38,18,0.29411764705882354,neutral
IGGNFYYY,30,25,12,18,55,30,0.29411764705882354,neutral
VCLFFGYD,35,20,13,17,55,30,0.29411764705882354,neutral
LCRILRCV,33,22,16,14,55,30,0.29411764705882354,neutral
CCFIIHCN,14,7,3,3,21,6,0.29411764705882354,neutral
CCVGYLLY,15,6,2,4,21,6,0.29411764705882354,neutral
NVLYYSHH,37,18,11,19,55,30,0.29411764705882354,neutral
FHCGLCYY,36,19,22,8,55,30,0.29411764705882354,neutral
FNVFDCLY,12,9,2,4,21,6,0.29411764705882354,neutral
FRVCDCGS,19,19,8,10,38,18,0.29411764705882354,neutral
YHGCDFGY,31,24,18,12,55,30,0.29411764705882354,neutral
LGYSCDDC,29,26,13,17,55,30,0.29411764705882354,neutral
CYFNGSGN,24,14,8,10,38,18,0.29411764705882354,neutral
FCFNCYDY,15,6,3,3,21,6,0.29411764705882354,neutral
YDDCDSRY,9,12,1,5,21,6,0.29411764705882354,neutral
FFCFNHHG,18,3,3,3,21,6,0.29411764705882354,neutral
LGNYYGDR,37,18,11,19,55,30,0.29411764705882354,neutral
IYLNDVLI,14,7,4,2,21,6,0.29411764705882354,neutral
SCVLVGDL,12,9,4,2,21,6,0.29411764705882354,neutral
ICFFRNCH,23,15,6,12,38,18,0.29411764705882354,neutral
VFCRILGC,34,21,15,15,55,30,0.29411764705882354,neutral
ICCFVLYI,17,4,2,4,21,6,0.29411764705882354,neutral
CYHNGYVV,23,15,11,7,38,18,0.29411764705882354,neutral
LCFVIDRR,44,28,21,21,72,42,0.29411764705882354,neutral
VNFYGVYD,22,16,5,13,38,18,0.29411764705882354,neutral
LYIYSGSG,34,21,13,17,55,30,0.29411764705882354,neutral
FSCCYGCD,37,18,15,15,55,30,0.29411764705882354,neutral
GNLFIINH,22,16,8,10,38,18,0.29411764705882354,neutral
IRVCYIRS,20,18,7,11,38,18,0.29411764705882354,neutral
HCDFFVLG,16,5,2,4,21,6,0.29411764705882354,neutral
CYDCLDSS,14,7,2,4,21,6,0.29411764705882354,neutral
CFIYVCSF,12,9,4,2,21,6,0.29411764705882354,neutral
VRIFNCGY,12,9,2,4,21,6,0.29411764705882354,neutral
FYRGLGDN,24,14,8,10,38,18,0.29411764705882354,neutral
FDCFFFCS,34,21,15,15,55,30,0.29411764705882354,neutral
IFYRVVGV,26,12,12,6,38,18,0.29411764705882354,neutral
SNCCYRFR,33,22,13,17,55,30,0.29411764705882354,neutral
FCNVGFSV,25,13,8,10,38,18,0.29411764705882354,neutral
GCVNLICY,27,11,11,7,38,18,0.29411764705882354,neutral
DVIDVFIS,36,19,11,19,55,30,0.29411764705882354,neutral
GFDYDSRV,24,14,12,6,38,18,0.29411764705882354,neutral
FYLGGGFR,32,23,9,21,55,30,0.29411764705882354,neutral
HCVCYCVI,12,9,3,3,21,6,0.29411764705882354,neutral
RFCHFCCG,14,7,4,2,21,6,0.29411764705882354,neutral
FCCNRSCR,15,6,3,3,21,6,0.29411764705882354,neutral
GCVRGVYF,22,16,9,9,38,18,0.29411764705882354,neutral
LFCCRGVC,12,9,3,3,21,6,0.29411764705882354,neutral
VLCGLSGF,34,21,15,15,55,30,0.29411764705882354,neutral
FIVGSYVR,10,11,1,5,21,6,0.29411764705882354,neutral
YNCHRGCY,32,23,16,14,55,30,0.29411764705882354,neutral
CNFDGFGG,28,10,13,5,38,18,0.29411764705882354,neutral
VDSIYGYL,71,52,36,42,123,78,0.29411764705882354,neutral
NVDLIGVG,36,19,13,17,55,30,0.29411764705882354,neutral
YNCVCVSI,11,10,1,5,21,6,0.29411764705882354,neutral
FYCFLVHC,13,8,1,5,21,6,0.29411764705882354,neutral
YVHCDFGF,11,10,4,2,21,6,0.29411764705882354,neutral
RRRRYCCG,89,78,54,55,167,109,0.29441624365482233,neutral
CGFFDDHG,74,59,33,52,133,85,0.294478527607362,neutral
LFYYGLSV,76,57,47,38,133,85,0.294478527607362,neutral
CCVHNIDC,58,41,27,34,99,61,0.29457364341085274,neutral
VFYHSDSG,57,42,27,34,99,61,0.29457364341085274,neutral
YDRFVVCC,59,40,23,38,99,61,0.29457364341085274,neutral
NCYYVLCH,46,36,23,26,82,49,0.29464285714285715,neutral
RFDVGGFS,46,36,30,19,82,49,0.29464285714285715,neutral
LNGYDIRD,45,37,24,25,82,49,0.29464285714285715,neutral
VGICSLDF,50,32,23,26,82,49,0.29464285714285715,neutral
SHFLCGHC,48,34,28,21,82,49,0.29464285714285715,neutral
CDIFDSHV,41,24,17,20,65,37,0.29473684210526313,neutral
VICDCDVG,39,26,10,27,65,37,0.29473684210526313,neutral
HCINSYCV,37,28,19,18,65,37,0.29473684210526313,neutral
CFVYCNNF,41,24,16,21,65,37,0.29473684210526313,neutral
SVFVHCLR,29,19,9,16,48,25,0.2948717948717949,neutral
FIHGGVRF,28,20,8,17,48,25,0.2948717948717949,neutral
LCGFLLCN,26,22,12,13,48,25,0.2948717948717949,neutral
HVCSIGFF,30,18,16,9,48,25,0.2948717948717949,neutral
GRCVCSYL,30,18,14,11,48,25,0.2948717948717949,neutral
HLSYGCIG,29,19,7,18,48,25,0.2948717948717949,neutral
FVLCSRYL,29,19,11,14,48,25,0.2948717948717949,neutral
CLLFGNCR,30,18,12,13,48,25,0.2948717948717949,neutral
YFYVVDRG,32,16,17,8,48,25,0.2948717948717949,neutral
FFLYGYRD,32,16,16,9,48,25,0.2948717948717949,neutral
YSFCRNLL,26,22,13,12,48,25,0.2948717948717949,neutral
SFIDFVCH,29,19,12,13,48,25,0.2948717948717949,neutral
GYDNGSIY,30,18,9,16,48,25,0.2948717948717949,neutral
RYCHSHCD,63,46,30,38,109,68,0.2949640287769784,neutral
YRFVGCYC,53,39,22,34,92,56,0.29508196721311475,neutral
FYGYIGCC,19,12,8,5,31,13,0.29508196721311475,neutral
FIFSCFNC,52,40,26,30,92,56,0.29508196721311475,neutral
GCDSCCNC,19,12,9,4,31,13,0.29508196721311475,neutral
FLDYFRCV,24,7,9,4,31,13,0.29508196721311475,neutral
DCSDNCFC,16,15,8,5,31,13,0.29508196721311475,neutral
HDRYFLVY,19,12,8,5,31,13,0.29508196721311475,neutral
HCGVVNFL,52,40,34,22,92,56,0.29508196721311475,neutral
VYGYVRGF,23,8,7,6,31,13,0.29508196721311475,neutral
YYNICNNS,20,11,7,6,31,13,0.29508196721311475,neutral
YFFNRHSR,18,13,5,8,31,13,0.29508196721311475,neutral
CFSCCSDC,21,10,8,5,31,13,0.29508196721311475,neutral
VVCDYNYC,23,8,6,7,31,13,0.29508196721311475,neutral
LLRYCIHG,17,14,6,7,31,13,0.29508196721311475,neutral
LFYCDHHC,21,10,7,6,31,13,0.29508196721311475,neutral
YISGLNYY,21,10,6,7,31,13,0.29508196721311475,neutral
FSLDLCCG,17,14,5,8,31,13,0.29508196721311475,neutral
ILFHYVYH,21,10,10,3,31,13,0.29508196721311475,neutral
GCHIYNYH,18,13,7,6,31,13,0.29508196721311475,neutral
CFDCCNCL,23,8,3,10,31,13,0.29508196721311475,neutral
VSYYCNCC,22,9,7,6,31,13,0.29508196721311475,neutral
LDDYGDCV,23,8,6,7,31,13,0.29508196721311475,neutral
CFGSHFDI,21,10,7,6,31,13,0.29508196721311475,neutral
CGDHGCFC,23,8,5,8,31,13,0.29508196721311475,neutral
CLIFGVCD,19,12,7,6,31,13,0.29508196721311475,neutral
GCRVFVDL,18,13,5,8,31,13,0.29508196721311475,neutral
YYIFYSYH,19,12,6,7,31,13,0.29508196721311475,neutral
IFIHGIFS,37,21,12,20,58,32,0.29545454545454547,neutral
GFHFDDGY,33,25,20,12,58,32,0.29545454545454547,neutral
FIVCCRIY,9,5,1,0,14,1,0.29545454545454547,neutral
FFFCYFFF,11,3,1,0,14,1,0.29545454545454547,neutral
LSLFVSYD,10,4,0,1,14,1,0.29545454545454547,neutral
NFVYFYVL,10,4,0,1,14,1,0.29545454545454547,neutral
FFCCCYCC,13,1,0,1,14,1,0.29545454545454547,neutral
DYVIDFDI,12,2,1,0,14,1,0.29545454545454547,neutral
YRFCCDFR,37,21,11,21,58,32,0.29545454545454547,neutral
SFVFFILL,6,8,0,1,14,1,0.29545454545454547,neutral
LLFSILVC,10,4,0,1,14,1,0.29545454545454547,neutral
VYIFFLYF,8,6,1,0,14,1,0.29545454545454547,neutral
CIVLICVY,7,7,0,1,14,1,0.29545454545454547,neutral
IFCYFVIC,12,2,0,1,14,1,0.29545454545454547,neutral
VHCFCCFF,8,6,1,0,14,1,0.29545454545454547,neutral
DCIYLLFY,9,5,1,0,14,1,0.29545454545454547,neutral
FFCFCIDL,8,6,1,0,14,1,0.29545454545454547,neutral
FCFVFFLC,9,5,0,1,14,1,0.29545454545454547,neutral
NIVIFLRC,9,5,1,0,14,1,0.29545454545454547,neutral
FIYLRLCG,14,0,0,1,14,1,0.29545454545454547,neutral
LYIFRCVL,9,5,0,1,14,1,0.29545454545454547,neutral
GRYFCGIL,33,25,12,20,58,32,0.29545454545454547,neutral
FFYYGICL,13,1,0,1,14,1,0.29545454545454547,neutral
CYYFRCYF,10,4,0,1,14,1,0.29545454545454547,neutral
FLFFLFRI,10,4,0,1,14,1,0.29545454545454547,neutral
INFFGIIC,6,8,0,1,14,1,0.29545454545454547,neutral
YLSVCRSG,32,26,15,17,58,32,0.29545454545454547,neutral
CFYFVFVI,11,3,0,1,14,1,0.29545454545454547,neutral
VCVDSHVY,34,24,12,20,58,32,0.29545454545454547,neutral
YCCVSFGG,33,25,14,18,58,32,0.29545454545454547,neutral
SYYVFFGC,10,4,0,1,14,1,0.29545454545454547,neutral
CDCFVSVC,36,22,14,18,58,32,0.29545454545454547,neutral
LFVRNLLF,32,26,16,16,58,32,0.29545454545454547,neutral
RIYHIIIG,11,3,0,1,14,1,0.29545454545454547,neutral
VGIGFCHH,38,20,12,20,58,32,0.29545454545454547,neutral
FFVVYCCF,10,4,1,0,14,1,0.29545454545454547,neutral
FNYFFVCF,10,4,0,1,14,1,0.29545454545454547,neutral
HFCFCCCF,10,4,0,1,14,1,0.29545454545454547,neutral
FFGYGNYH,7,7,1,0,14,1,0.29545454545454547,neutral
IFYFIRSR,7,7,0,1,14,1,0.29545454545454547,neutral
FHVILLGC,6,8,0,1,14,1,0.29545454545454547,neutral
VCIFISFF,11,3,1,0,14,1,0.29545454545454547,neutral
CFYRCFRF,8,6,0,1,14,1,0.29545454545454547,neutral
FCVVFYLF,9,5,0,1,14,1,0.29545454545454547,neutral
CGYFYCFL,9,5,0,1,14,1,0.29545454545454547,neutral
IGVNGFCR,37,21,18,14,58,32,0.29545454545454547,neutral
YFISYVCV,9,5,0,1,14,1,0.29545454545454547,neutral
LCYNLCYC,8,6,0,1,14,1,0.29545454545454547,neutral
VLFGYVCH,35,23,12,20,58,32,0.29545454545454547,neutral
IYYFFIFF,7,7,1,0,14,1,0.29545454545454547,neutral
HYIVGLGG,36,22,12,20,58,32,0.29545454545454547,neutral
FYFNIIFC,8,6,1,0,14,1,0.29545454545454547,neutral
FFFCVFYV,10,4,1,0,14,1,0.29545454545454547,neutral
YDCGCSII,46,39,21,30,85,51,0.2956521739130435,neutral
CSLRYRFN,48,37,22,29,85,51,0.2956521739130435,neutral
GIFSVVGC,51,34,22,29,85,51,0.2956521739130435,neutral
IIGGLVRF,43,42,24,27,85,51,0.2956521739130435,neutral
ICGSFSCV,46,39,21,30,85,51,0.2956521739130435,neutral
IVFRCGDI,49,36,20,31,85,51,0.2956521739130435,neutral
FVDYLGGG,40,45,24,27,85,51,0.2956521739130435,neutral
IVFCVSGY,22,19,9,11,41,20,0.29577464788732394,neutral
FYCHCFNC,24,17,7,13,41,20,0.29577464788732394,neutral
LFSFYLGG,25,16,9,11,41,20,0.29577464788732394,neutral
FYRVFGYI,26,15,6,14,41,20,0.29577464788732394,neutral
YSFSSRFD,27,14,11,9,41,20,0.29577464788732394,neutral
YDFFRVGI,28,13,10,10,41,20,0.29577464788732394,neutral
YCGFLCRH,16,25,10,10,41,20,0.29577464788732394,neutral
RCHCHFFF,29,12,8,12,41,20,0.29577464788732394,neutral
CFGCGYFS,24,17,7,13,41,20,0.29577464788732394,neutral
FRHFDYYI,25,16,9,11,41,20,0.29577464788732394,neutral
CCYVSYYS,24,17,12,8,41,20,0.29577464788732394,neutral
VCCRHFHS,25,16,7,13,41,20,0.29577464788732394,neutral
FICSSIGC,26,15,12,8,41,20,0.29577464788732394,neutral
FNFYRCIC,24,17,9,11,41,20,0.29577464788732394,neutral
SFCGGSSY,29,12,10,10,41,20,0.29577464788732394,neutral
ICNYFCRC,29,12,11,9,41,20,0.29577464788732394,neutral
CVVCVNSY,42,26,14,25,68,39,0.29591836734693877,neutral
SVRYCYNF,40,28,20,19,68,39,0.29591836734693877,neutral
VLRIRGYC,42,26,23,16,68,39,0.29591836734693877,neutral
HCDCSLGH,39,29,20,19,68,39,0.29591836734693877,neutral
NCSCLSND,36,32,14,25,68,39,0.29591836734693877,neutral
FSGIRRDR,36,32,21,18,68,39,0.29591836734693877,neutral
SFYVNVFV,43,25,24,15,68,39,0.29591836734693877,neutral
FNRHDVFV,53,42,22,36,95,58,0.296,neutral
FRGCDDGG,52,43,29,29,95,58,0.296,neutral
YFSVVDLG,57,38,28,30,95,58,0.296,neutral
CVRGDINY,57,38,27,31,95,58,0.296,neutral
FGFLCGCH,67,55,38,39,122,77,0.29605263157894735,neutral
DHLYSCNC,84,65,44,52,149,96,0.29608938547486036,neutral
ICLGLLGC,48,30,14,32,78,46,0.2962962962962963,neutral
VNCLIIDV,14,10,3,5,24,8,0.2962962962962963,neutral
IVCYGGDF,15,9,3,5,24,8,0.2962962962962963,neutral
ICYSCFHG,16,8,4,4,24,8,0.2962962962962963,neutral
HYVRYGGV,32,19,18,9,51,27,0.2962962962962963,neutral
FCGDGFVL,60,45,26,39,105,65,0.2962962962962963,neutral
LGCNCICF,17,7,5,3,24,8,0.2962962962962963,neutral
YLGCGCYR,15,9,4,4,24,8,0.2962962962962963,neutral
FFYYVCCN,9,15,6,2,24,8,0.2962962962962963,neutral
FRYLDFDH,20,4,2,6,24,8,0.2962962962962963,neutral
CCFCICRL,15,9,5,3,24,8,0.2962962962962963,neutral
GCCGRHCG,17,7,5,3,24,8,0.2962962962962963,neutral
FFVDCCFC,14,10,2,6,24,8,0.2962962962962963,neutral
FHSVSYCY,17,7,3,5,24,8,0.2962962962962963,neutral
IVSDGILC,32,19,9,18,51,27,0.2962962962962963,neutral
CCFNLDLH,44,34,24,22,78,46,0.2962962962962963,neutral
IVIGRYCR,42,36,26,20,78,46,0.2962962962962963,neutral
IYRCYSID,14,10,5,3,24,8,0.2962962962962963,neutral
FFGLCYLG,16,8,3,5,24,8,0.2962962962962963,neutral
CVVLRFSG,32,19,12,15,51,27,0.2962962962962963,neutral
YGVNFYGI,14,10,4,4,24,8,0.2962962962962963,neutral
YFNYGVCR,14,10,4,4,24,8,0.2962962962962963,neutral
YHSVYFRN,17,7,5,3,24,8,0.2962962962962963,neutral
VDYCGGLV,14,10,3,5,24,8,0.2962962962962963,neutral
SFGGCCCG,30,21,14,13,51,27,0.2962962962962963,neutral
HLGIICLH,29,22,15,12,51,27,0.2962962962962963,neutral
LVIYFGGS,12,12,3,5,24,8,0.2962962962962963,neutral
FGCFCYGF,15,9,3,5,24,8,0.2962962962962963,neutral
FVVGGFRH,61,44,38,27,105,65,0.2962962962962963,neutral
FGFCCSYN,26,25,15,12,51,27,0.2962962962962963,neutral
YFGFYFRH,16,8,4,4,24,8,0.2962962962962963,neutral
CLVSFSCC,12,12,4,4,24,8,0.2962962962962963,neutral
DFRFIRFS,26,25,12,15,51,27,0.2962962962962963,neutral
HFCLDILI,46,32,21,25,78,46,0.2962962962962963,neutral
FLFIYYLH,16,8,3,5,24,8,0.2962962962962963,neutral
RIHLHFGR,16,8,3,5,24,8,0.2962962962962963,neutral
SYFVSCRC,14,10,6,2,24,8,0.2962962962962963,neutral
NSNCCFIH,16,8,5,3,24,8,0.2962962962962963,neutral
NLGCCCGY,14,10,5,3,24,8,0.2962962962962963,neutral
LCYVRYHV,30,21,13,14,51,27,0.2962962962962963,neutral
YISVRFGL,32,19,12,15,51,27,0.2962962962962963,neutral
IYHFYDNC,14,10,5,3,24,8,0.2962962962962963,neutral
GYCRSYCS,67,48,40,32,115,72,0.296551724137931,neutral
GDCSLGGY,50,38,22,31,88,53,0.2966101694915254,neutral
HIGCSFFL,42,46,29,24,88,53,0.2966101694915254,neutral
CDCLNRHL,33,28,20,14,61,34,0.2967032967032967,neutral
LFVVNYHF,40,21,14,20,61,34,0.2967032967032967,neutral
VSRCLCLY,33,28,15,19,61,34,0.2967032967032967,neutral
SHLCYSLH,39,22,18,16,61,34,0.2967032967032967,neutral
FFHCHFCS,38,23,10,24,61,34,0.2967032967032967,neutral
CYNFGHFF,40,21,15,19,61,34,0.2967032967032967,neutral
HVIRDVDF,32,29,21,13,61,34,0.2967032967032967,neutral
RFFDFFGC,39,22,14,20,61,34,0.2967032967032967,neutral
RFDVIVGF,34,27,17,17,61,34,0.2967032967032967,neutral
FNCIFFSD,21,13,10,5,34,15,0.296875,neutral
YLFVRGGG,17,17,6,9,34,15,0.296875,neutral
VVIFRCGV,20,14,10,5,34,15,0.296875,neutral
YILNVFHV,19,15,10,5,34,15,0.296875,neutral
YCGYICVD,24,10,7,8,34,15,0.296875,neutral
HNIVYGYI,26,8,10,5,34,15,0.296875,neutral
VFYLSVSG,22,12,6,9,34,15,0.296875,neutral
ISFFHGCC,20,14,7,8,34,15,0.296875,neutral
LLHFDSCF,53,45,30,30,98,60,0.296875,neutral
FFNFLDDH,21,13,6,9,34,15,0.296875,neutral
CCNCNSRL,22,12,4,11,34,15,0.296875,neutral
ISGFHICG,19,15,9,6,34,15,0.296875,neutral
CFGCLVCD,19,15,6,9,34,15,0.296875,neutral
FSFVHGCF,20,14,8,7,34,15,0.296875,neutral
IFCDYVGG,18,16,10,5,34,15,0.296875,neutral
FLIFRDCI,21,13,9,6,34,15,0.296875,neutral
GCVRFVFC,22,12,9,6,34,15,0.296875,neutral
CLFGNCSR,25,9,8,7,34,15,0.296875,neutral
CGFFRFVG,26,8,11,4,34,15,0.296875,neutral
YCHYSHGI,19,15,7,8,34,15,0.296875,neutral
NGCCYCRD,23,11,4,11,34,15,0.296875,neutral
SSVCLFVD,18,16,5,10,34,15,0.296875,neutral
LISCYRSS,57,41,36,24,98,60,0.296875,neutral
VFFHGRCF,18,16,8,7,34,15,0.296875,neutral
CVCFCNII,23,11,5,10,34,15,0.296875,neutral
VFGCLFCY,24,10,11,4,34,15,0.296875,neutral
HLYCDSVC,19,15,6,9,34,15,0.296875,neutral
IDFCHVFV,45,26,25,16,71,41,0.297029702970297,neutral
LSIGYVCC,43,28,19,22,71,41,0.297029702970297,neutral
SVCFYSSG,42,29,12,29,71,41,0.297029702970297,neutral
YVVGLCYC,44,27,23,18,71,41,0.297029702970297,neutral
NYYRVGHY,44,27,23,18,71,41,0.297029702970297,neutral
CVDDCVIV,68,50,36,38,118,74,0.2972972972972973,neutral
IISSFINL,24,20,8,14,44,22,0.2972972972972973,neutral
FNLCRVSF,31,13,12,10,44,22,0.2972972972972973,neutral
VIRHDGFY,23,21,9,13,44,22,0.2972972972972973,neutral
CICFSCVN,26,18,12,10,44,22,0.2972972972972973,neutral
CFFHRICG,48,33,24,24,81,48,0.2972972972972973,neutral
HDYHFFCI,68,50,41,33,118,74,0.2972972972972973,neutral
YNCCRNHL,28,16,13,9,44,22,0.2972972972972973,neutral
VFCGDCCG,30,14,9,13,44,22,0.2972972972972973,neutral
SVGYDFVF,21,23,9,13,44,22,0.2972972972972973,neutral
YDFRIVVH,31,13,7,15,44,22,0.2972972972972973,neutral
VIYRNHDY,28,16,12,10,44,22,0.2972972972972973,neutral
HFCLYCDG,23,21,10,12,44,22,0.2972972972972973,neutral
NCRLFGLY,29,15,11,11,44,22,0.2972972972972973,neutral
IVNCIGFY,31,13,6,16,44,22,0.2972972972972973,neutral
VCFVNFCG,25,19,11,11,44,22,0.2972972972972973,neutral
FSYNLSVF,30,14,16,6,44,22,0.2972972972972973,neutral
GNFVDDFG,27,17,11,11,44,22,0.2972972972972973,neutral
LDRCGSFI,53,38,27,28,91,55,0.2975206611570248,neutral
FIDIFSCL,55,36,30,25,91,55,0.2975206611570248,neutral
DFVYDIFF,36,18,12,17,54,29,0.2976190476190476,neutral
YFDCGCFV,29,25,16,13,54,29,0.2976190476190476,neutral
CVCYGIRF,31,23,17,12,54,29,0.2976190476190476,neutral
YDFYVCGR,32,22,13,16,54,29,0.2976190476190476,neutral
HFCCYYDF,35,19,13,16,54,29,0.2976190476190476,neutral
YCVLCGGI,34,20,10,19,54,29,0.2976190476190476,neutral
DFCDHHFH,31,23,16,13,54,29,0.2976190476190476,neutral
YRCDCFRC,36,18,14,15,54,29,0.2976190476190476,neutral
FFHCFHVC,33,21,15,14,54,29,0.2976190476190476,neutral
FGIRFGGC,28,26,16,13,54,29,0.2976190476190476,neutral
YISCNGFL,34,20,13,16,54,29,0.2976190476190476,neutral
GFFGFGFS,33,21,16,13,54,29,0.2976190476190476,neutral
CIDHIHFL,35,19,16,13,54,29,0.2976190476190476,neutral
YCLRIDVS,29,25,11,18,54,29,0.2976190476190476,neutral
FNNVGRSY,77,61,50,38,138,88,0.2976190476190476,neutral
YGFGSGIR,33,21,15,14,54,29,0.2976190476190476,neutral
VRGGFGSS,29,25,14,15,54,29,0.2976190476190476,neutral
RNYCVRSG,33,21,17,12,54,29,0.2976190476190476,neutral
NGDNGYIF,32,22,9,20,54,29,0.2976190476190476,neutral
YLDGCSCC,36,18,14,15,54,29,0.2976190476190476,neutral
CCNFRHLI,35,19,12,17,54,29,0.2976190476190476,neutral
GYCFSGIC,35,19,12,17,54,29,0.2976190476190476,neutral
YYCVCSSG,56,45,27,35,101,62,0.29770992366412213,neutral
CDFYCFRF,9,8,0,3,17,3,0.2978723404255319,neutral
FVFCVFFN,11,6,3,0,17,3,0.2978723404255319,neutral
DFDCDVCY,8,9,2,1,17,3,0.2978723404255319,neutral
VLRDCGFG,35,29,14,22,64,36,0.2978723404255319,neutral
FLVLLLYI,10,7,2,1,17,3,0.2978723404255319,neutral
SVFFVVLC,8,9,1,2,17,3,0.2978723404255319,neutral
GCSCCSYY,9,8,1,2,17,3,0.2978723404255319,neutral
LFRGLCDV,9,8,0,3,17,3,0.2978723404255319,neutral
FLVCSFFG,11,6,1,2,17,3,0.2978723404255319,neutral
HFIFSGLC,37,27,16,20,64,36,0.2978723404255319,neutral
FFCDRFYC,37,27,21,15,64,36,0.2978723404255319,neutral
SYIFDFRI,10,7,1,2,17,3,0.2978723404255319,neutral
CDFCLCSF,15,2,1,2,17,3,0.2978723404255319,neutral
CYNSHVIV,35,29,11,25,64,36,0.2978723404255319,neutral
SFYCCCGL,8,9,2,1,17,3,0.2978723404255319,neutral
FFFRCGCF,14,3,0,3,17,3,0.2978723404255319,neutral
LLYVGVLV,9,8,2,1,17,3,0.2978723404255319,neutral
VCFCFRRC,15,2,2,1,17,3,0.2978723404255319,neutral
GCCCYCCR,13,4,1,2,17,3,0.2978723404255319,neutral
LVCCHCFS,13,4,1,2,17,3,0.2978723404255319,neutral
FVCHVIRC,11,6,0,3,17,3,0.2978723404255319,neutral
FDSFFIVL,10,7,1,2,17,3,0.2978723404255319,neutral
CLCCSGNY,13,4,2,1,17,3,0.2978723404255319,neutral
SLFCIIGL,10,7,2,1,17,3,0.2978723404255319,neutral
RNSFGFFH,36,28,15,21,64,36,0.2978723404255319,neutral
IIFFCFIL,10,7,3,0,17,3,0.2978723404255319,neutral
FCYDGIIG,39,25,17,19,64,36,0.2978723404255319,neutral
FLCYVYCC,12,5,2,1,17,3,0.2978723404255319,neutral
SCCSCNDF,13,4,3,0,17,3,0.2978723404255319,neutral
FCVDCFCI,10,7,1,2,17,3,0.2978723404255319,neutral
FFVGCIRS,38,26,17,19,64,36,0.2978723404255319,neutral
DCCIDVFC,12,5,2,1,17,3,0.2978723404255319,neutral
CVFLLVRH,11,6,1,2,17,3,0.2978723404255319,neutral
SLCVIFYL,13,4,3,0,17,3,0.2978723404255319,neutral
ICGFCGLC,12,5,1,2,17,3,0.2978723404255319,neutral
VIFVLFCF,11,6,2,1,17,3,0.2978723404255319,neutral
YVCIIYCL,10,7,2,1,17,3,0.2978723404255319,neutral
YCFRYGHY,11,6,3,0,17,3,0.2978723404255319,neutral
FRCSIGVG,37,37,24,19,74,43,0.2980769230769231,neutral
CHYGLFVV,43,31,23,20,74,43,0.2980769230769231,neutral
YFNIGSCG,38,36,18,25,74,43,0.2980769230769231,neutral
CCILRDFR,45,29,14,29,74,43,0.2980769230769231,neutral
FRGSSYDR,41,33,18,25,74,43,0.2980769230769231,neutral
CCVRGCGG,44,30,18,25,74,43,0.2980769230769231,neutral
SCGLGCCG,43,31,16,27,74,43,0.2980769230769231,neutral
VYGCNIFY,40,34,19,24,74,43,0.2980769230769231,neutral
RHGDYRNY,41,33,17,26,74,43,0.2980769230769231,neutral
CRVICYDF,43,31,18,25,74,43,0.2980769230769231,neutral
GYFCGGYY,18,9,5,5,27,10,0.2982456140350877,neutral
DCFFCCSH,16,11,6,4,27,10,0.2982456140350877,neutral
FCCDFYYI,19,8,2,8,27,10,0.2982456140350877,neutral
FYRCGDRD,45,39,20,30,84,50,0.2982456140350877,neutral
RIDRYYFL,20,7,6,4,27,10,0.2982456140350877,neutral
CYVYYFGN,16,11,6,4,27,10,0.2982456140350877,neutral
FGFRDSGF,15,12,7,3,27,10,0.2982456140350877,neutral
FHSCCVLC,21,6,7,3,27,10,0.2982456140350877,neutral
DYFFCNRC,16,11,4,6,27,10,0.2982456140350877,neutral
FCVFFSCG,16,11,4,6,27,10,0.2982456140350877,neutral
HSYFGRVG,51,33,20,30,84,50,0.2982456140350877,neutral
RCFCCSGI,18,9,5,5,27,10,0.2982456140350877,neutral
GHCFIYDV,19,8,3,7,27,10,0.2982456140350877,neutral
FYGDYRNH,19,8,3,7,27,10,0.2982456140350877,neutral
GLNCCFRH,18,9,3,7,27,10,0.2982456140350877,neutral
GFCDGYCV,16,11,6,4,27,10,0.2982456140350877,neutral
FCGCFVDG,48,36,19,31,84,50,0.2982456140350877,neutral
FICHFSVC,48,36,22,28,84,50,0.2982456140350877,neutral
YCSCDLIC,53,41,30,27,94,57,0.29838709677419356,neutral
LCFHGFGI,50,44,28,29,94,57,0.29838709677419356,neutral
LIILDYDC,22,15,7,10,37,17,0.29850746268656714,neutral
VRLCDFLN,24,13,5,12,37,17,0.29850746268656714,neutral
LFRCGHHY,22,15,4,13,37,17,0.29850746268656714,neutral
YDLNVFIC,18,19,11,6,37,17,0.29850746268656714,neutral
NIVGHGYG,25,12,5,12,37,17,0.29850746268656714,neutral
RNFFVCYG,20,17,9,8,37,17,0.29850746268656714,neutral
FSHFRCCV,25,12,7,10,37,17,0.29850746268656714,neutral
VCYILGSC,26,11,9,8,37,17,0.29850746268656714,neutral
SINRLLSD,58,46,26,38,104,64,0.29850746268656714,neutral
YSIFVDSV,26,11,5,12,37,17,0.29850746268656714,neutral
VCSRLFIY,23,14,8,9,37,17,0.29850746268656714,neutral
FFGGFDVN,25,12,8,9,37,17,0.29850746268656714,neutral
GSCYVGVR,19,18,13,4,37,17,0.29850746268656714,neutral
VLCFFDDH,56,48,25,39,104,64,0.29850746268656714,neutral
FGLNCFRH,26,11,8,9,37,17,0.29850746268656714,neutral
FFFHCNVC,22,15,8,9,37,17,0.29850746268656714,neutral
VYCCYFSD,25,12,7,10,37,17,0.29850746268656714,neutral
CGCISNSI,24,13,9,8,37,17,0.29850746268656714,neutral
LGFFYIGG,22,15,7,10,37,17,0.29850746268656714,neutral
FCCDYGRI,26,11,10,7,37,17,0.29850746268656714,neutral
YFCGRCIS,22,15,10,7,37,17,0.29850746268656714,neutral
CIDVGDIG,59,45,31,33,104,64,0.29850746268656714,neutral
DCFCIHYN,20,17,7,10,37,17,0.29850746268656714,neutral
FFFNCDSV,20,17,6,11,37,17,0.29850746268656714,neutral
VCDCHFGS,66,48,36,35,114,71,0.2986111111111111,neutral
YSCVCDFH,26,21,13,11,47,24,0.2987012987012987,neutral
FYCFNGRL,26,21,7,17,47,24,0.2987012987012987,neutral
SIYDCYDG,27,20,10,14,47,24,0.2987012987012987,neutral
GFNCVCDL,28,19,5,19,47,24,0.2987012987012987,neutral
FFFGFIDY,33,14,12,12,47,24,0.2987012987012987,neutral
VYYNHVSL,28,19,12,12,47,24,0.2987012987012987,neutral
VCIFYSSC,26,21,9,15,47,24,0.2987012987012987,neutral
GCHNFFRR,28,19,11,13,47,24,0.2987012987012987,neutral
HFLFFSCG,30,17,13,11,47,24,0.2987012987012987,neutral
INCSCCVG,22,25,11,13,47,24,0.2987012987012987,neutral
SLIYSGLS,33,14,13,11,47,24,0.2987012987012987,neutral
YILDCCIS,28,19,12,12,47,24,0.2987012987012987,neutral
RFFCGSGG,33,14,12,12,47,24,0.2987012987012987,neutral
VVNCGFCR,31,16,12,12,47,24,0.2987012987012987,neutral
FGVFGLII,32,25,14,17,57,31,0.2988505747126437,neutral
IDDCGCGL,34,23,12,19,57,31,0.2988505747126437,neutral
FRCRFRCH,31,26,14,17,57,31,0.2988505747126437,neutral
IDCYRYRN,32,25,13,18,57,31,0.2988505747126437,neutral
CYIGCISV,34,23,11,20,57,31,0.2988505747126437,neutral
YSLYHLFH,32,25,11,20,57,31,0.2988505747126437,neutral
FCVDCCCV,31,26,20,11,57,31,0.2988505747126437,neutral
FHHHSIVC,38,19,13,18,57,31,0.2988505747126437,neutral
CVVIGGYC,34,23,13,18,57,31,0.2988505747126437,neutral
DYVFLFGG,32,25,11,20,57,31,0.2988505747126437,neutral
FLICHRSR,36,21,15,16,57,31,0.2988505747126437,neutral
GFVYHCDS,34,23,16,15,57,31,0.2988505747126437,neutral
YIDLYHGG,38,19,11,20,57,31,0.2988505747126437,neutral
DCCICGVH,40,27,19,19,67,38,0.29896907216494845,neutral
YLFGCFHL,41,26,20,18,67,38,0.29896907216494845,neutral
YSDSSGIS,33,34,16,22,67,38,0.29896907216494845,neutral
GYGFCRGG,43,24,18,20,67,38,0.29896907216494845,neutral
HCSSIFNG,39,28,17,21,67,38,0.29896907216494845,neutral
CHRFCLGS,39,28,11,27,67,38,0.29896907216494845,neutral
GGCFDCFR,44,33,22,23,77,45,0.29906542056074764,neutral
FICGGSVG,45,32,22,23,77,45,0.29906542056074764,neutral
FVCGGGFI,47,30,28,17,77,45,0.29906542056074764,neutral
CIVNHCLL,47,30,25,20,77,45,0.29906542056074764,neutral
LRSLFLVD,48,29,29,16,77,45,0.29906542056074764,neutral
HYGFDSIL,38,39,24,21,77,45,0.29906542056074764,neutral
CLDNIRLC,48,29,20,25,77,45,0.29906542056074764,neutral
IICHCYCD,44,33,22,23,77,45,0.29906542056074764,neutral
LCNHIFHF,51,36,25,27,87,52,0.29914529914529914,neutral
FDFHVRDG,52,35,24,28,87,52,0.29914529914529914,neutral
VDHSDFYH,47,40,23,29,87,52,0.29914529914529914,neutral
VDGGFFCY,50,37,25,27,87,52,0.29914529914529914,neutral
YDCCGYFL,51,46,28,31,97,59,0.2992125984251969,neutral
CYHRDVRL,60,47,38,28,107,66,0.29927007299270075,neutral
VLNGGVFR,61,56,36,37,117,73,0.29931972789115646,neutral
FLDCVRGD,12,8,3,2,20,5,0.3,neutral
CVCRHFDV,29,21,14,12,50,26,0.3,neutral
GICLFNGG,71,59,33,49,130,82,0.3,neutral
FFCHFDGI,17,13,6,6,30,12,0.3,neutral
FFDSFNSV,25,15,10,9,40,19,0.3,neutral
RFYGGHYF,25,15,9,10,40,19,0.3,neutral
IYGSYCNG,15,5,2,3,20,5,0.3,neutral
FYCCGVCV,14,6,3,2,20,5,0.3,neutral
CCVCRNGG,23,17,9,10,40,19,0.3,neutral
NHCCFYVI,34,16,9,17,50,26,0.3,neutral
HLFRNCLC,36,24,14,19,60,33,0.3,neutral
FYNVGFRV,45,35,28,19,80,47,0.3,neutral
GDLSYVLH,35,25,15,18,60,33,0.3,neutral
FHFCFSDH,28,22,11,15,50,26,0.3,neutral
CSYVCCFG,12,8,2,3,20,5,0.3,neutral
GSCGGFFH,21,9,4,8,30,12,0.3,neutral
YLRCCSRF,39,21,18,15,60,33,0.3,neutral
FCDVCFVI,23,17,9,10,40,19,0.3,neutral
GYIYCVGR,39,31,24,16,70,40,0.3,neutral
IRCCCHIG,19,21,10,9,40,19,0.3,neutral
SLGILFCD,44,26,20,20,70,40,0.3,neutral
YCGLCHYF,29,11,10,9,40,19,0.3,neutral
HCICRYYS,33,27,16,17,60,33,0.3,neutral
IVYRGGLR,46,34,17,30,80,47,0.3,neutral
FIRDLHLC,37,23,14,19,60,33,0.3,neutral
NVSVCGYN,41,29,18,22,70,40,0.3,neutral
IVIGGLGY,26,14,4,15,40,19,0.3,neutral
GFGCNFHV,21,19,8,11,40,19,0.3,neutral
CVFSYICC,13,7,1,4,20,5,0.3,neutral
SYGGLYYD,34,26,14,19,60,33,0.3,neutral
FIHVCCFG,13,7,1,4,20,5,0.3,neutral
GSNGDFDY,29,21,17,9,50,26,0.3,neutral
CVFGFNIY,44,26,26,14,70,40,0.3,neutral
FCLGGIYF,24,16,11,8,40,19,0.3,neutral
FFCNGRCL,20,10,5,7,30,12,0.3,neutral
GSDIFFHG,12,8,3,2,20,5,0.3,neutral
DIVRCYGD,39,31,22,18,70,40,0.3,neutral
FYYGGGYR,14,6,4,1,20,5,0.3,neutral
CDGCDYSF,18,12,5,7,30,12,0.3,neutral
FVHGRHNY,13,7,3,2,20,5,0.3,neutral
CRRCSFCV,13,7,3,2,20,5,0.3,neutral
CDCFLGNC,17,13,7,5,30,12,0.3,neutral
CYCGNIGD,36,24,20,13,60,33,0.3,neutral
LFCIHDCF,24,16,8,11,40,19,0.3,neutral
VGSSFFGF,17,13,8,4,30,12,0.3,neutral
CYYCRFDH,18,12,5,7,30,12,0.3,neutral
LFFDYVFL,22,18,8,11,40,19,0.3,neutral
CCVYGSLV,22,18,6,13,40,19,0.3,neutral
LFGDDYGF,36,24,16,17,60,33,0.3,neutral
YRICFSFN,36,24,17,16,60,33,0.3,neutral
SRCLYICS,20,20,8,11,40,19,0.3,neutral
YYSNGGCV,31,19,14,12,50,26,0.3,neutral
HFGFLCDF,17,13,7,5,30,12,0.3,neutral
ICLRGFGC,42,28,17,23,70,40,0.3,neutral
FDCNYYDF,25,15,9,10,40,19,0.3,neutral
FNGYGIHY,14,6,2,3,20,5,0.3,neutral
ISGLFDFV,54,36,29,25,90,54,0.3,neutral
FRFVDLRY,16,4,3,2,20,5,0.3,neutral
FYSDFCCH,23,7,8,4,30,12,0.3,neutral
FRRFYFGD,14,6,1,4,20,5,0.3,neutral
FVNFCLCV,15,15,3,9,30,12,0.3,neutral
SNHCNCLY,41,39,28,19,80,47,0.3,neutral
FFSFSFCG,14,6,1,4,20,5,0.3,neutral
FLHRFYYH,34,16,16,10,50,26,0.3,neutral
LDYHVCRL,14,16,7,5,30,12,0.3,neutral
IFVVDCLF,48,32,16,31,80,47,0.3,neutral
CVYHSCVN,24,16,10,9,40,19,0.3,neutral
GCGCRFIC,17,13,5,7,30,12,0.3,neutral
ILCGICFI,15,15,6,6,30,12,0.3,neutral
GLSCFCNL,27,13,7,12,40,19,0.3,neutral
FYFYRGYV,9,11,1,4,20,5,0.3,neutral
CSRCCIDH,15,5,2,3,20,5,0.3,neutral
HGSYVGYH,23,17,9,10,40,19,0.3,neutral
CYCSLNIG,12,8,1,4,20,5,0.3,neutral
LSCCIHRR,12,8,3,2,20,5,0.3,neutral
FFGSFGNR,54,36,35,19,90,54,0.3,neutral
FICIHCYF,8,12,1,4,20,5,0.3,neutral
FNLYGHLV,11,9,1,4,20,5,0.3,neutral
CFSSYFCV,42,28,19,21,70,40,0.3,neutral
ICRCCDGI,26,14,10,9,40,19,0.3,neutral
CLCFFCVS,12,8,3,2,20,5,0.3,neutral
CCYCGYCY,22,8,2,10,30,12,0.3,neutral
ILGDCVVF,19,11,5,7,30,12,0.3,neutral
CYVRYVGR,11,9,2,3,20,5,0.3,neutral
DFLFIHSG,30,20,8,18,50,26,0.3,neutral
YYVCVSDD,31,19,12,14,50,26,0.3,neutral
CVDHCNFD,33,17,9,17,50,26,0.3,neutral
FVIRNVCN,17,13,6,6,30,12,0.3,neutral
YLCYFCLH,13,7,4,1,20,5,0.3,neutral
VGLCIYLL,13,7,0,5,20,5,0.3,neutral
CNCVFGFS,23,17,8,11,40,19,0.3,neutral
HFVCGHIF,34,16,13,13,50,26,0.3,neutral
FHNVCGSG,34,16,13,13,50,26,0.3,neutral
LDCCGGFC,29,11,8,11,40,19,0.3,neutral
YGCFCRNS,22,8,5,7,30,12,0.3,neutral
FGLRFGYD,42,28,14,26,70,40,0.3,neutral
GFVVFDVR,76,64,45,44,140,89,0.3,neutral
FVLGYGCH,15,15,7,5,30,12,0.3,neutral
NFCFCRYF,11,9,2,3,20,5,0.3,neutral
VFGICYDL,58,42,37,24,100,61,0.3,neutral
IGFYCLVH,20,10,8,4,30,12,0.3,neutral
YCHCHDVR,25,15,7,12,40,19,0.3,neutral
FCGNHVLG,24,16,9,10,40,19,0.3,neutral
SFYDGVYG,29,21,11,15,50,26,0.3,neutral
IYGHFFIH,18,2,3,2,20,5,0.3,neutral
CRVCLCGG,14,6,2,3,20,5,0.3,neutral
RFVCRDSG,77,66,42,49,143,91,0.30057803468208094,neutral
HFSCLGCD,71,52,33,44,123,77,0.3006535947712418,neutral
CYGLSCHG,50,33,22,27,83,49,0.3008849557522124,neutral
FFFGYFDN,44,39,15,34,83,49,0.3008849557522124,neutral
YCYSGICV,41,32,17,25,73,42,0.30097087378640774,neutral
CHGCDYVC,44,29,21,21,73,42,0.30097087378640774,neutral
CNCRHVGC,42,31,24,18,73,42,0.30097087378640774,neutral
CCLGVIFD,42,31,27,15,73,42,0.30097087378640774,neutral
FHRYIGVD,44,29,22,20,73,42,0.30097087378640774,neutral
RFHYGFCF,41,32,28,14,73,42,0.30097087378640774,neutral
CIGYICGL,34,29,12,23,63,35,0.3010752688172043,neutral
YGDGYLRN,32,31,17,18,63,35,0.3010752688172043,neutral
FFRFYDIR,35,28,17,18,63,35,0.3010752688172043,neutral
RYSNIFNH,40,23,13,22,63,35,0.3010752688172043,neutral
FYYCDNIL,37,26,17,18,63,35,0.3010752688172043,neutral
YFSCVSGV,34,19,15,13,53,28,0.30120481927710846,neutral
CYFFGIGV,28,25,11,17,53,28,0.30120481927710846,neutral
DVSCYINC,36,17,15,13,53,28,0.30120481927710846,neutral
CFFSCRSH,36,17,11,17,53,28,0.30120481927710846,neutral
DYNVYYRV,32,21,16,12,53,28,0.30120481927710846,neutral
SCGVSVYI,29,24,14,14,53,28,0.30120481927710846,neutral
FCCIDFSV,32,21,15,13,53,28,0.30120481927710846,neutral
YYCLSCDR,35,18,10,18,53,28,0.30120481927710846,neutral
YFSNSSCV,33,20,15,13,53,28,0.30120481927710846,neutral
FDYCFCFY,33,20,15,13,53,28,0.30120481927710846,neutral
SYNFFFSG,34,19,12,16,53,28,0.30120481927710846,neutral
RGFVNSVY,36,17,14,14,53,28,0.30120481927710846,neutral
IHNVGGFC,68,58,30,49,126,79,0.30128205128205127,neutral
FCVFGSCC,29,14,12,9,43,21,0.3013698630136986,neutral
YIFRFVGD,27,16,11,10,43,21,0.3013698630136986,neutral
VGLFVDSG,26,17,10,11,43,21,0.3013698630136986,neutral
CSYGNHYV,21,22,8,13,43,21,0.3013698630136986,neutral
GSVHVIHF,29,14,10,11,43,21,0.3013698630136986,neutral
FCVGRCID,65,51,31,41,116,72,0.3013698630136986,neutral
INFLLLNR,27,16,9,12,43,21,0.3013698630136986,neutral
CVCLGVDN,22,21,10,11,43,21,0.3013698630136986,neutral
CDVVDFGV,25,18,8,13,43,21,0.3013698630136986,neutral
FHCFYSCG,27,16,9,12,43,21,0.3013698630136986,neutral
FCNHLVIG,29,14,12,9,43,21,0.3013698630136986,neutral
FCHDLRYD,26,17,10,11,43,21,0.3013698630136986,neutral
VGLFFNIR,24,19,8,13,43,21,0.3013698630136986,neutral
GNDYLCCC,26,17,9,12,43,21,0.3013698630136986,neutral
HYYNSRCN,24,19,11,10,43,21,0.3013698630136986,neutral
CDNFGSVY,28,15,9,12,43,21,0.3013698630136986,neutral
YRCVFCVH,28,15,12,9,43,21,0.3013698630136986,neutral
LLGNCGIL,28,15,12,9,43,21,0.3013698630136986,neutral
FCVVLCND,26,17,14,7,43,21,0.3013698630136986,neutral
FFLNRGFH,31,12,9,12,43,21,0.3013698630136986,neutral
FLYNCLSH,57,49,28,37,106,65,0.3014705882352941,neutral
CIYGIYDC,18,15,7,7,33,14,0.30158730158730157,neutral
SLFCCGCS,19,14,5,9,33,14,0.30158730158730157,neutral
RIRSVVIF,23,10,8,6,33,14,0.30158730158730157,neutral
FNHFCYRC,21,12,6,8,33,14,0.30158730158730157,neutral
SGLYYSVI,20,13,10,4,33,14,0.30158730158730157,neutral
DYSFLDCR,21,12,8,6,33,14,0.30158730158730157,neutral
FVDHGVYV,15,18,8,6,33,14,0.30158730158730157,neutral
DGVHYLIH,18,15,7,7,33,14,0.30158730158730157,neutral
RCYRVLYG,52,44,25,33,96,58,0.30158730158730157,neutral
LDFVGNGF,24,9,6,8,33,14,0.30158730158730157,neutral
CNIDIFGI,23,10,5,9,33,14,0.30158730158730157,neutral
GLRCCCFH,14,19,6,8,33,14,0.30158730158730157,neutral
RNCYCLNI,24,9,6,8,33,14,0.30158730158730157,neutral
CCGDVIDL,22,11,8,6,33,14,0.30158730158730157,neutral
FYCCDGIC,25,8,9,5,33,14,0.30158730158730157,neutral
CCSFVRVG,19,14,9,5,33,14,0.30158730158730157,neutral
CCLHRCDF,20,13,8,6,33,14,0.30158730158730157,neutral
FCVSYFYD,21,12,3,11,33,14,0.30158730158730157,neutral
VFSHCVVC,20,13,9,5,33,14,0.30158730158730157,neutral
FVDIFCCF,22,11,8,6,33,14,0.30158730158730157,neutral
FVCFCYGL,21,12,6,8,33,14,0.30158730158730157,neutral
SIFLDDND,20,13,8,6,33,14,0.30158730158730157,neutral
ICLRRFLD,56,40,30,28,96,58,0.30158730158730157,neutral
VYLHGVLV,23,10,5,9,33,14,0.30158730158730157,neutral
DCCHCHSD,82,67,49,46,149,95,0.3016759776536313,neutral
GVIHRYYG,41,45,26,25,86,51,0.3017241379310345,neutral
LFVCFNDV,52,34,25,26,86,51,0.3017241379310345,neutral
LCGSLNYI,50,36,22,29,86,51,0.3017241379310345,neutral
SLDCYGYI,44,32,22,22,76,44,0.3018867924528302,neutral
SLCLIFDV,13,10,2,5,23,7,0.3018867924528302,neutral
HCCFHNRV,46,30,15,29,76,44,0.3018867924528302,neutral
FSDGFLHL,14,9,3,4,23,7,0.3018867924528302,neutral
IYRYVRDI,13,10,3,4,23,7,0.3018867924528302,neutral
VFSFYGDH,15,8,4,3,23,7,0.3018867924528302,neutral
VYGFFGCI,16,7,4,3,23,7,0.3018867924528302,neutral
CCFFSVHF,15,8,5,2,23,7,0.3018867924528302,neutral
LFVIHHGV,44,32,28,16,76,44,0.3018867924528302,neutral
FHCGCRCS,17,6,4,3,23,7,0.3018867924528302,neutral
LNLFCCVV,16,7,3,4,23,7,0.3018867924528302,neutral
LFGRFCGF,11,12,4,3,23,7,0.3018867924528302,neutral
CFVYICIC,16,7,5,2,23,7,0.3018867924528302,neutral
SYIFHHFH,18,5,4,3,23,7,0.3018867924528302,neutral
DFCRDCLI,13,10,3,4,23,7,0.3018867924528302,neutral
IGCLVFGI,43,33,18,26,76,44,0.3018867924528302,neutral
RDYFLNNR,43,33,20,24,76,44,0.3018867924528302,neutral
FCYGICSI,16,7,6,1,23,7,0.3018867924528302,neutral
CCCGCGSS,17,6,2,5,23,7,0.3018867924528302,neutral
YGRFHGYI,16,7,3,4,23,7,0.3018867924528302,neutral
YFFLYFHS,16,7,4,3,23,7,0.3018867924528302,neutral
NFYYDFNG,12,11,3,4,23,7,0.3018867924528302,neutral
RSFYGCHY,14,9,2,5,23,7,0.3018867924528302,neutral
LFFLSCVG,16,7,4,3,23,7,0.3018867924528302,neutral
FCFFYSCD,14,9,4,3,23,7,0.3018867924528302,neutral
RYDYCDYS,13,10,6,1,23,7,0.3018867924528302,neutral
CFFRGDYY,15,8,3,4,23,7,0.3018867924528302,neutral
VGCFCVLY,15,8,3,4,23,7,0.3018867924528302,neutral
SGFYYCDV,15,8,1,6,23,7,0.3018867924528302,neutral
CRSFGYYL,16,7,4,3,23,7,0.3018867924528302,neutral
YFDSCSCI,11,12,3,4,23,7,0.3018867924528302,neutral
FLCCGGLL,12,11,2,5,23,7,0.3018867924528302,neutral
VYIFFCCL,19,4,4,3,23,7,0.3018867924528302,neutral
SGLDICVH,40,26,20,17,66,37,0.3020833333333333,neutral
CVCVRSHG,41,25,15,22,66,37,0.3020833333333333,neutral
DCYVSIGI,37,29,22,15,66,37,0.3020833333333333,neutral
LGSCVSCC,40,26,14,23,66,37,0.3020833333333333,neutral
DCDGGDLF,39,27,19,18,66,37,0.3020833333333333,neutral
HSHCSGYV,39,27,19,18,66,37,0.3020833333333333,neutral
SCYGFFRG,39,27,22,15,66,37,0.3020833333333333,neutral
VVFVLHDC,42,24,17,20,66,37,0.3020833333333333,neutral
VNYGNVFG,63,46,33,34,109,67,0.302158273381295,neutral
YYCGCHCS,11,2,0,0,13,0,0.3023255813953488,neutral
YCGCRRSC,29,27,13,17,56,30,0.3023255813953488,neutral
VYGSYVLC,34,22,18,12,56,30,0.3023255813953488,neutral
FVFFFVDC,7,6,0,0,13,0,0.3023255813953488,neutral
YFVLCIVF,10,3,0,0,13,0,0.3023255813953488,neutral
FFGFFCCI,6,7,0,0,13,0,0.3023255813953488,neutral
RCFFLCVH,10,3,0,0,13,0,0.3023255813953488,neutral
DYGIGFGD,7,6,0,0,13,0,0.3023255813953488,neutral
GRLIIVCG,7,6,0,0,13,0,0.3023255813953488,neutral
IFCFLFRL,8,5,0,0,13,0,0.3023255813953488,neutral
RHVSCYVF,28,28,17,13,56,30,0.3023255813953488,neutral
FFVFFCFV,8,5,0,0,13,0,0.3023255813953488,neutral
GFRSVDDG,34,22,9,21,56,30,0.3023255813953488,neutral
GCVYVSHF,36,20,20,10,56,30,0.3023255813953488,neutral
FLFICCYG,8,5,0,0,13,0,0.3023255813953488,neutral
VNCFCNLL,35,21,15,15,56,30,0.3023255813953488,neutral
IVLCYCFY,5,8,0,0,13,0,0.3023255813953488,neutral
FYILFYSF,10,3,0,0,13,0,0.3023255813953488,neutral
FCFFCCGC,12,1,0,0,13,0,0.3023255813953488,neutral
FLFYVCFL,8,5,0,0,13,0,0.3023255813953488,neutral
FIFVVFCF,4,9,0,0,13,0,0.3023255813953488,neutral
VLRFFCSG,32,24,14,16,56,30,0.3023255813953488,neutral
SVICYCYY,9,4,0,0,13,0,0.3023255813953488,neutral
FFGIIVFV,8,5,0,0,13,0,0.3023255813953488,neutral
CFCGCLVD,29,27,20,10,56,30,0.3023255813953488,neutral
FNCCCHFV,12,1,0,0,13,0,0.3023255813953488,neutral
FFFFFRCY,8,5,0,0,13,0,0.3023255813953488,neutral
LYLFLHLC,9,4,0,0,13,0,0.3023255813953488,neutral
FFLFYCHY,8,5,0,0,13,0,0.3023255813953488,neutral
CIGYVGYF,9,4,0,0,13,0,0.3023255813953488,neutral
LCFRSGGL,58,41,24,36,99,60,0.3023255813953488,neutral
VSIFVCLF,9,4,0,0,13,0,0.3023255813953488,neutral
RFYIVCNF,11,2,0,0,13,0,0.3023255813953488,neutral
FIVCCCGF,11,2,0,0,13,0,0.3023255813953488,neutral
FIRLICLL,8,5,0,0,13,0,0.3023255813953488,neutral
FCCFGILV,9,4,0,0,13,0,0.3023255813953488,neutral
YYFFCFCC,11,2,0,0,13,0,0.3023255813953488,neutral
FIFFFCVC,7,6,0,0,13,0,0.3023255813953488,neutral
VVCGVNYL,12,1,0,0,13,0,0.3023255813953488,neutral
CFGCVCFV,9,4,0,0,13,0,0.3023255813953488,neutral
FCLFGLYH,9,4,0,0,13,0,0.3023255813953488,neutral
SYIYILLI,6,7,0,0,13,0,0.3023255813953488,neutral
FCLFIIIL,7,6,0,0,13,0,0.3023255813953488,neutral
GYDNFVLH,50,49,29,31,99,60,0.3023255813953488,neutral
FFNCFSLY,31,25,17,13,56,30,0.3023255813953488,neutral
VFVYCVYF,8,5,0,0,13,0,0.3023255813953488,neutral
CVFCDCGC,0,13,0,0,13,0,0.3023255813953488,neutral
VDCCYVGF,59,40,35,25,99,60,0.3023255813953488,neutral
VFIVCCFF,9,4,0,0,13,0,0.3023255813953488,neutral
VYIFVSLY,7,6,0,0,13,0,0.3023255813953488,neutral
DINGVGFG,50,39,18,35,89,53,0.3025210084033613,neutral
SCLCGIHL,54,35,23,30,89,53,0.3025210084033613,neutral
NNRSGYLR,47,42,23,30,89,53,0.3025210084033613,neutral
SGGVFGCC,92,73,56,50,165,106,0.30256410256410254,neutral
FIFGFNGY,32,14,11,12,46,23,0.3026315789473684,neutral
YDCCYFGI,28,18,14,9,46,23,0.3026315789473684,neutral
VNFRFCSF,29,17,10,13,46,23,0.3026315789473684,neutral
FCNDCHID,30,16,12,11,46,23,0.3026315789473684,neutral
LFYCHGLS,28,18,10,13,46,23,0.3026315789473684,neutral
YCVNVRVC,31,15,15,8,46,23,0.3026315789473684,neutral
CCFGCNNN,26,20,8,15,46,23,0.3026315789473684,neutral
HVHYFSCV,27,19,11,12,46,23,0.3026315789473684,neutral
CLSVVCFH,31,15,8,15,46,23,0.3026315789473684,neutral
HYVNVGCL,29,17,9,14,46,23,0.3026315789473684,neutral
FGYFCDCC,29,17,8,15,46,23,0.3026315789473684,neutral
LCVGCRIS,46,33,24,22,79,46,0.30275229357798167,neutral
YCVCGSLD,39,40,20,26,79,46,0.30275229357798167,neutral
CCHVLIGN,49,30,25,21,79,46,0.30275229357798167,neutral
YCGCFRHV,46,33,30,16,79,46,0.30275229357798167,neutral
GNCCYCGC,47,32,16,30,79,46,0.30275229357798167,neutral
IFGCFDSN,22,14,8,8,36,16,0.30303030303030304,neutral
FRVYCCDF,24,12,8,8,36,16,0.30303030303030304,neutral
FLGCNYVH,19,17,14,2,36,16,0.30303030303030304,neutral
YRIVFSGI,19,17,10,6,36,16,0.30303030303030304,neutral
DGFFGYDF,43,26,20,19,69,39,0.30303030303030304,neutral
VIGCYVDI,22,14,6,10,36,16,0.30303030303030304,neutral
FIDFGVCC,25,11,10,6,36,16,0.30303030303030304,neutral
CDLIYYHY,23,13,11,5,36,16,0.30303030303030304,neutral
FFYCGYDC,19,17,7,9,36,16,0.30303030303030304,neutral
GFDYCISL,40,29,21,18,69,39,0.30303030303030304,neutral
FCCINFIH,26,10,10,6,36,16,0.30303030303030304,neutral
CLIVSSYG,40,29,22,17,69,39,0.30303030303030304,neutral
FFCDVCFC,21,15,6,10,36,16,0.30303030303030304,neutral
FYYISVVR,22,14,5,11,36,16,0.30303030303030304,neutral
FLVGCFDF,15,21,10,6,36,16,0.30303030303030304,neutral
FDYSGSCV,20,16,4,12,36,16,0.30303030303030304,neutral
VLCCGCGD,38,31,20,19,69,39,0.30303030303030304,neutral
FFDCCFLV,24,12,8,8,36,16,0.30303030303030304,neutral
SCFFDLVI,23,13,6,10,36,16,0.30303030303030304,neutral
VFFHSGRI,57,45,30,32,102,62,0.30303030303030304,neutral
YFCSCGGS,31,38,17,22,69,39,0.30303030303030304,neutral
NCYVYNIV,23,13,7,9,36,16,0.30303030303030304,neutral
GFLGSYFS,27,9,5,11,36,16,0.30303030303030304,neutral
IIRCIVDF,24,12,7,9,36,16,0.30303030303030304,neutral
FGRDFSIC,43,26,18,21,69,39,0.30303030303030304,neutral
ICVLVNCV,22,14,13,3,36,16,0.30303030303030304,neutral
FCSCSDGF,43,26,23,16,69,39,0.30303030303030304,neutral
VRYCLFNL,22,14,7,9,36,16,0.30303030303030304,neutral
FLDCYGFS,27,9,6,10,36,16,0.30303030303030304,neutral
NHDCSFGC,60,42,26,36,102,62,0.30303030303030304,neutral
INCYLYGG,24,12,11,5,36,16,0.30303030303030304,neutral
DHCCIFYI,24,12,10,6,36,16,0.30303030303030304,neutral
YVLCDVDN,72,53,41,37,125,78,0.3032258064516129,neutral
CFSNVYGS,55,37,30,25,92,55,0.30327868852459017,neutral
VCSGICGG,55,37,26,29,92,55,0.30327868852459017,neutral
SRICGCLV,31,28,14,18,59,32,0.30337078651685395,neutral
CGGNLICI,32,27,11,21,59,32,0.30337078651685395,neutral
FGCCSYYV,37,22,18,14,59,32,0.30337078651685395,neutral
FYLVSSCS,33,26,14,18,59,32,0.30337078651685395,neutral
CIFHNFIR,37,22,14,18,59,32,0.30337078651685395,neutral
VFFSGYIG,37,22,10,22,59,32,0.30337078651685395,neutral
VFGGVHDL,35,24,11,21,59,32,0.30337078651685395,neutral
CCYGHYIC,38,21,14,18,59,32,0.30337078651685395,neutral
NCVCGSNI,31,28,9,23,59,32,0.30337078651685395,neutral
VFFSGCVF,35,24,13,19,59,32,0.30337078651685395,neutral
FGVFVDIV,38,21,13,19,59,32,0.30337078651685395,neutral
CVIYDYRN,19,7,3,6,26,9,0.30357142857142855,neutral
HYYGFYFV,17,9,5,4,26,9,0.30357142857142855,neutral
DNFCVRSF,17,9,5,4,26,9,0.30357142857142855,neutral
FFVNCIVF,18,8,4,5,26,9,0.30357142857142855,neutral
GVHCYIVV,19,7,5,4,26,9,0.30357142857142855,neutral
LCRSCICG,20,6,3,6,26,9,0.30357142857142855,neutral
GIFCVSYG,13,13,4,5,26,9,0.30357142857142855,neutral
LFSYVRIC,19,7,3,6,26,9,0.30357142857142855,neutral
CDVVDYYS,18,8,6,3,26,9,0.30357142857142855,neutral
CNLDCGFF,20,6,3,6,26,9,0.30357142857142855,neutral
CNRCRGGN,48,34,19,29,82,48,0.30357142857142855,neutral
RYNLNYYF,17,9,5,4,26,9,0.30357142857142855,neutral
CNHCGRLR,13,13,4,5,26,9,0.30357142857142855,neutral
VCFRIIDD,12,14,4,5,26,9,0.30357142857142855,neutral
GFFCGCCS,15,11,5,4,26,9,0.30357142857142855,neutral
VYGGCICG,19,7,5,4,26,9,0.30357142857142855,neutral
DCFGGIFN,16,10,4,5,26,9,0.30357142857142855,neutral
LGCSIVFY,17,9,2,7,26,9,0.30357142857142855,neutral
ISICCYGC,14,12,6,3,26,9,0.30357142857142855,neutral
GIYVNLVF,15,11,1,8,26,9,0.30357142857142855,neutral
LHDVVGFC,19,7,3,6,26,9,0.30357142857142855,neutral
LVCVVNHN,19,7,4,5,26,9,0.30357142857142855,neutral
IRHCFFDD,18,8,2,7,26,9,0.30357142857142855,neutral
CFCCSDIC,15,11,6,3,26,9,0.30357142857142855,neutral
RYRNCGCC,16,10,5,4,26,9,0.30357142857142855,neutral
IICFDIFD,22,27,7,18,49,25,0.3037974683544304,neutral
FRVLCIGD,31,18,7,18,49,25,0.3037974683544304,neutral
LVFGLFRS,31,18,7,18,49,25,0.3037974683544304,neutral
CFCSYGSI,30,19,8,17,49,25,0.3037974683544304,neutral
NGYCFCRY,30,19,7,18,49,25,0.3037974683544304,neutral
CLIRCHGV,32,17,13,12,49,25,0.3037974683544304,neutral
ICVCRLLH,31,18,12,13,49,25,0.3037974683544304,neutral
CSGFGFIY,27,22,9,16,49,25,0.3037974683544304,neutral
YSDFRIVC,29,20,10,15,49,25,0.3037974683544304,neutral
HFNCGCCY,31,18,14,11,49,25,0.3037974683544304,neutral
FCICGVDF,32,17,14,11,49,25,0.3037974683544304,neutral
GHGCCNYI,31,18,12,13,49,25,0.3037974683544304,neutral
GYVGFDYL,22,27,11,14,49,25,0.3037974683544304,neutral
FLGNYVLR,30,19,6,19,49,25,0.3037974683544304,neutral
IHGFCIIR,31,18,14,11,49,25,0.3037974683544304,neutral
FHDLIRFG,31,18,16,9,49,25,0.3037974683544304,neutral
CNYFRFVC,30,19,16,9,49,25,0.3037974683544304,neutral
GNIDFCLR,82,69,50,46,151,96,0.30386740331491713,neutral
FDGFSVSV,42,30,20,21,72,41,0.30392156862745096,neutral
NLCVYHLV,41,31,22,19,72,41,0.30392156862745096,neutral
GNFRVGDG,45,27,19,22,72,41,0.30392156862745096,neutral
FCDLCDDS,54,41,26,31,95,57,0.304,neutral
CFFGRLRH,25,14,9,9,39,18,0.30434782608695654,neutral
FVYYVFCC,7,9,2,0,16,2,0.30434782608695654,neutral
CCCIVFLD,7,9,0,2,16,2,0.30434782608695654,neutral
CRYCCVII,10,6,2,0,16,2,0.30434782608695654,neutral
CFFCFCNF,12,4,1,1,16,2,0.30434782608695654,neutral
RCFGFNCL,40,22,15,19,62,34,0.30434782608695654,neutral
YGLDCDSY,8,8,1,1,16,2,0.30434782608695654,neutral
YSDLLNVH,25,14,8,10,39,18,0.30434782608695654,neutral
CFLFICFF,10,6,1,1,16,2,0.30434782608695654,neutral
VFLNLCCC,7,9,1,1,16,2,0.30434782608695654,neutral
IFRVGVGV,0,16,1,1,16,2,0.30434782608695654,neutral
CYFYGHVL,28,11,8,10,39,18,0.30434782608695654,neutral
INRFYGSV,27,12,10,8,39,18,0.30434782608695654,neutral
FSFFNCYC,37,25,16,18,62,34,0.30434782608695654,neutral
NYYIYGFH,19,20,7,11,39,18,0.30434782608695654,neutral
FFGRVIFC,22,17,9,9,39,18,0.30434782608695654,neutral
FIYGFHCF,14,2,1,1,16,2,0.30434782608695654,neutral
FCFFLFDS,24,15,9,9,39,18,0.30434782608695654,neutral
GFSFFIVF,11,5,1,1,16,2,0.30434782608695654,neutral
LHCCRFFC,2,14,0,2,16,2,0.30434782608695654,neutral
YCFRFYVD,26,13,6,12,39,18,0.30434782608695654,neutral
SVCHCGCV,33,29,12,22,62,34,0.30434782608695654,neutral
FVFCLCVF,11,5,1,1,16,2,0.30434782608695654,neutral
IYGCCCYC,11,5,2,0,16,2,0.30434782608695654,neutral
LCCVCIFV,9,7,2,0,16,2,0.30434782608695654,neutral
FCCRSNGC,27,12,6,12,39,18,0.30434782608695654,neutral
DLCSGYDG,26,13,9,9,39,18,0.30434782608695654,neutral
ISCFSCDL,26,13,10,8,39,18,0.30434782608695654,neutral
VFCCCLRG,7,9,0,2,16,2,0.30434782608695654,neutral
IVIGDICG,52,33,24,26,85,50,0.30434782608695654,neutral
GHGSYGFS,28,11,10,8,39,18,0.30434782608695654,neutral
FHCSGDHY,9,7,2,0,16,2,0.30434782608695654,neutral
LRCDRHNF,75,56,36,46,131,82,0.30434782608695654,neutral
GFLFSVHS,25,14,2,16,39,18,0.30434782608695654,neutral
FFVLFVIV,12,4,1,1,16,2,0.30434782608695654,neutral
YVLVRICD,10,6,1,1,16,2,0.30434782608695654,neutral
LCYRDCGY,32,30,12,22,62,34,0.30434782608695654,neutral
FCVGFCGC,36,26,15,19,62,34,0.30434782608695654,neutral
LCYRYCYC,10,6,0,2,16,2,0.30434782608695654,neutral
CFYCGGDC,25,14,11,7,39,18,0.30434782608695654,neutral
ICDCFFIL,24,15,7,11,39,18,0.30434782608695654,neutral
FIFVVFIF,8,8,1,1,16,2,0.30434782608695654,neutral
LFCLCFDF,11,5,2,0,16,2,0.30434782608695654,neutral
FYCGGCFG,29,10,7,11,39,18,0.30434782608695654,neutral
CYIDVYVR,10,6,1,1,16,2,0.30434782608695654,neutral
FVFHCVDS,73,58,43,39,131,82,0.30434782608695654,neutral
FYVLHIGV,12,4,1,1,16,2,0.30434782608695654,neutral
FGCVCSCY,11,5,0,2,16,2,0.30434782608695654,neutral
YCFLDRHC,20,19,6,12,39,18,0.30434782608695654,neutral
CFYVGRNF,10,6,0,2,16,2,0.30434782608695654,neutral
IVIGLYRS,36,26,17,17,62,34,0.30434782608695654,neutral
DYCGNFNC,24,15,6,12,39,18,0.30434782608695654,neutral
SLCVSCLD,51,34,26,24,85,50,0.30434782608695654,neutral
VSFLRYDG,24,15,9,9,39,18,0.30434782608695654,neutral
VILDYVCC,18,21,8,10,39,18,0.30434782608695654,neutral
LHVFFIYL,9,7,0,2,16,2,0.30434782608695654,neutral
CLCIDVRV,33,29,20,14,62,34,0.30434782608695654,neutral
VNFFVVLG,10,6,1,1,16,2,0.30434782608695654,neutral
CYYGDHGC,36,26,17,17,62,34,0.30434782608695654,neutral
IRFCIYGN,28,11,13,5,39,18,0.30434782608695654,neutral
HLFGCGRC,48,37,29,21,85,50,0.30434782608695654,neutral
GYRVFRFN,28,11,11,7,39,18,0.30434782608695654,neutral
ISVFVCIF,6,10,1,1,16,2,0.30434782608695654,neutral
YFRICDNV,7,9,0,2,16,2,0.30434782608695654,neutral
GCVGCNGC,46,39,23,27,85,50,0.30434782608695654,neutral
GLVFNGSF,29,10,9,9,39,18,0.30434782608695654,neutral
NHICVYDL,25,14,10,8,39,18,0.30434782608695654,neutral
FINFRGLV,20,19,7,11,39,18,0.30434782608695654,neutral
CLCYFYLC,12,4,1,1,16,2,0.30434782608695654,neutral
FVIINLCR,12,4,0,2,16,2,0.30434782608695654,neutral
HYVGGCVH,39,23,14,20,62,34,0.30434782608695654,neutral
YICFVFLN,10,6,2,0,16,2,0.30434782608695654,neutral
VIVCIRGY,12,4,1,1,16,2,0.30434782608695654,neutral
RLYYGSDV,25,14,7,11,39,18,0.30434782608695654,neutral
NLCHVCCL,12,4,0,2,16,2,0.30434782608695654,neutral
HHRVFRCC,11,5,1,1,16,2,0.30434782608695654,neutral
ICIFDVFH,23,16,9,9,39,18,0.30434782608695654,neutral
NLVFDRYY,11,5,1,1,16,2,0.30434782608695654,neutral
GDHFNFNV,70,51,36,39,121,75,0.304635761589404,neutral
GCGYGDGI,54,44,23,36,98,59,0.3046875,neutral
VVLGFGLS,57,41,26,33,98,59,0.3046875,neutral
FVHCDCRF,55,43,29,30,98,59,0.3046875,neutral
FIRCSVCV,54,44,36,23,98,59,0.3046875,neutral
VYLFDICD,44,31,15,28,75,43,0.3047619047619048,neutral
YHCSVYNH,45,30,21,22,75,43,0.3047619047619048,neutral
GHLFGCYI,28,24,10,17,52,27,0.3048780487804878,neutral
VNFFGVCY,26,26,14,13,52,27,0.3048780487804878,neutral
CFISIDFG,32,20,10,17,52,27,0.3048780487804878,neutral
YYCCCCHC,35,17,10,17,52,27,0.3048780487804878,neutral
VICVVRSV,30,22,14,13,52,27,0.3048780487804878,neutral
VLCLYVHN,32,20,14,13,52,27,0.3048780487804878,neutral
FCCFCGFG,35,17,15,12,52,27,0.3048780487804878,neutral
FYVDVFSC,31,21,16,11,52,27,0.3048780487804878,neutral
YYNSCIIF,35,17,14,13,52,27,0.3048780487804878,neutral
FFCNCNSY,35,17,13,14,52,27,0.3048780487804878,neutral
VSYRGFHN,33,19,17,10,52,27,0.3048780487804878,neutral
CDFSFCSG,27,25,11,16,52,27,0.3048780487804878,neutral
FRCYGRYF,34,18,13,14,52,27,0.3048780487804878,neutral
GVRCCCGR,16,13,6,5,29,11,0.3050847457627119,neutral
LLFGIVYH,17,12,6,5,29,11,0.3050847457627119,neutral
GRLDDFDY,15,14,8,3,29,11,0.3050847457627119,neutral
YYFDHSYI,19,10,3,8,29,11,0.3050847457627119,neutral
RGYYSFGF,22,7,10,1,29,11,0.3050847457627119,neutral
FIHFNSHC,20,9,3,8,29,11,0.3050847457627119,neutral
FICHHFVY,20,9,4,7,29,11,0.3050847457627119,neutral
FDFCCRFH,21,8,6,5,29,11,0.3050847457627119,neutral
FCRYHFDG,15,14,8,3,29,11,0.3050847457627119,neutral
ICCFLFVH,19,10,6,5,29,11,0.3050847457627119,neutral
YCGCIGNR,17,12,5,6,29,11,0.3050847457627119,neutral
GFFICSLD,20,9,2,9,29,11,0.3050847457627119,neutral
CCYRGFHV,22,7,2,9,29,11,0.3050847457627119,neutral
FFCLHYGV,19,10,6,5,29,11,0.3050847457627119,neutral
IDIGSNCY,21,8,5,6,29,11,0.3050847457627119,neutral
YSHFHVII,18,11,9,2,29,11,0.3050847457627119,neutral
NVCCDYLR,51,37,35,17,88,52,0.3050847457627119,neutral
CNCNYYYD,22,7,6,5,29,11,0.3050847457627119,neutral
VRFLYRLC,22,7,5,6,29,11,0.3050847457627119,neutral
VFFSCCVR,19,10,7,4,29,11,0.3050847457627119,neutral
CRCRFHSF,19,10,3,8,29,11,0.3050847457627119,neutral
FHCFCVSI,20,9,1,10,29,11,0.3050847457627119,neutral
NYHIFYGY,16,13,1,10,29,11,0.3050847457627119,neutral
DFSLNIFR,15,14,3,8,29,11,0.3050847457627119,neutral
CRICCLND,16,13,7,4,29,11,0.3050847457627119,neutral
FRGCFCCI,16,13,6,5,29,11,0.3050847457627119,neutral
FCISVSCR,17,12,7,4,29,11,0.3050847457627119,neutral
INNFFFSF,17,12,4,7,29,11,0.3050847457627119,neutral
IYFDLVLC,17,12,4,7,29,11,0.3050847457627119,neutral
VCCYNLNR,70,54,35,42,124,77,0.3051948051948052,neutral
FRDFFFCN,42,23,16,20,65,36,0.30526315789473685,neutral
RVFHIDFV,40,25,20,16,65,36,0.30526315789473685,neutral
FFCLLFYN,39,26,13,23,65,36,0.30526315789473685,neutral
HYYGICDH,37,28,18,18,65,36,0.30526315789473685,neutral
FDSLGVDV,35,30,19,17,65,36,0.30526315789473685,neutral
NLSIFVGC,39,26,19,17,65,36,0.30526315789473685,neutral
YGCILNDH,39,26,17,19,65,36,0.30526315789473685,neutral
FYYFGCVN,42,23,14,22,65,36,0.30526315789473685,neutral
FFYCLGLC,37,28,14,22,65,36,0.30526315789473685,neutral
RFVGNGSG,40,25,19,17,65,36,0.30526315789473685,neutral
DIVCFSVG,35,30,18,18,65,36,0.30526315789473685,neutral
DCSHCNYS,55,46,33,28,101,61,0.3053435114503817,neutral
DYFIDLLD,58,43,30,31,101,61,0.3053435114503817,neutral
SFDCFSLV,60,41,31,30,101,61,0.3053435114503817,neutral
LSCCFRRR,60,41,27,34,101,61,0.3053435114503817,neutral
YCDLSYRC,27,15,11,9,42,20,0.3055555555555556,neutral
SCLDYVSV,38,40,21,24,78,45,0.3055555555555556,neutral
NLNISCFG,41,37,26,19,78,45,0.3055555555555556,neutral
CILVGVSN,41,37,19,26,78,45,0.3055555555555556,neutral
CSFCGGGD,29,13,7,13,42,20,0.3055555555555556,neutral
NGYVIGCR,27,15,7,13,42,20,0.3055555555555556,neutral
YVHFGSRC,26,16,10,10,42,20,0.3055555555555556,neutral
ISNFVVFR,30,12,6,14,42,20,0.3055555555555556,neutral
CFRVSIGF,27,15,11,9,42,20,0.3055555555555556,neutral
GFFGGIGG,48,30,22,23,78,45,0.3055555555555556,neutral
LCVFGGGV,57,57,27,43,114,70,0.3055555555555556,neutral
NYNSFVDC,46,32,19,26,78,45,0.3055555555555556,neutral
LCNHSGFY,23,19,10,10,42,20,0.3055555555555556,neutral
LGFRILDC,39,39,23,22,78,45,0.3055555555555556,neutral
YCGIFFGG,24,18,12,8,42,20,0.3055555555555556,neutral
FYSVVCDI,41,37,20,25,78,45,0.3055555555555556,neutral
GLSDSIGY,29,13,6,14,42,20,0.3055555555555556,neutral
FYRFRVNI,28,14,6,14,42,20,0.3055555555555556,neutral
FFFYNCFH,28,14,7,13,42,20,0.3055555555555556,neutral
VYDCVGCL,26,16,11,9,42,20,0.3055555555555556,neutral
RCGFRGYV,44,34,18,27,78,45,0.3055555555555556,neutral
DRVVFVSG,66,48,37,33,114,70,0.3055555555555556,neutral
FGFLGDGF,28,14,11,9,42,20,0.3055555555555556,neutral
VFVCRYSH,28,14,8,12,42,20,0.3055555555555556,neutral
GGGCCVCG,28,14,10,10,42,20,0.3055555555555556,neutral
YCFGHDIL,21,21,8,12,42,20,0.3055555555555556,neutral
FGGNLFYV,30,12,11,9,42,20,0.3055555555555556,neutral
VDLNHGLG,26,16,5,15,42,20,0.3055555555555556,neutral
CCHDCGCF,30,12,14,6,42,20,0.3055555555555556,neutral
IFRIHGCD,25,17,8,12,42,20,0.3055555555555556,neutral
LCHLICHH,51,40,29,25,91,54,0.30578512396694213,neutral
YFYFDCVI,55,36,26,28,91,54,0.30578512396694213,neutral
CVRIYGIG,51,40,26,28,91,54,0.30578512396694213,neutral
RVRYSFDC,33,22,18,11,55,29,0.3058823529411765,neutral
SGYFVGYL,37,18,15,14,55,29,0.3058823529411765,neutral
CRCFIDDL,30,25,17,12,55,29,0.3058823529411765,neutral
IYDYSCYC,37,18,9,20,55,29,0.3058823529411765,neutral
VCHFYDCV,34,21,11,18,55,29,0.3058823529411765,neutral
FYCIDCSD,34,21,11,18,55,29,0.3058823529411765,neutral
YFGHVLFV,33,22,10,19,55,29,0.3058823529411765,neutral
RFSVRHVR,35,20,18,11,55,29,0.3058823529411765,neutral
RGICGCGF,33,22,15,14,55,29,0.3058823529411765,neutral
FYYYLHGR,34,21,12,17,55,29,0.3058823529411765,neutral
CSYCGCNV,32,23,12,17,55,29,0.3058823529411765,neutral
IYDYYGCS,35,20,16,13,55,29,0.3058823529411765,neutral
GFRSVDGY,56,48,23,40,104,63,0.30597014925373134,neutral
IRYVVYSG,58,46,22,41,104,63,0.30597014925373134,neutral
FNGCDLCR,60,44,32,31,104,63,0.30597014925373134,neutral
CGNFGGGG,84,69,45,52,153,97,0.30601092896174864,neutral
LVYVSGFG,15,4,3,1,19,4,0.30612244897959184,neutral
FLCRYICG,14,5,3,1,19,4,0.30612244897959184,neutral
CCVVVSCN,42,26,16,22,68,38,0.30612244897959184,neutral
VFCGICYN,14,5,2,2,19,4,0.30612244897959184,neutral
FCCCGVFV,11,8,3,1,19,4,0.30612244897959184,neutral
HFCFFCVC,11,8,2,2,19,4,0.30612244897959184,neutral
SSLCVVCG,41,27,17,21,68,38,0.30612244897959184,neutral
YLVFFYGI,11,8,1,3,19,4,0.30612244897959184,neutral
HFVLGYIS,43,25,16,22,68,38,0.30612244897959184,neutral
IFVYSRFC,14,5,1,3,19,4,0.30612244897959184,neutral
VYVNVYFH,12,7,0,4,19,4,0.30612244897959184,neutral
FFYVFVFC,9,10,1,3,19,4,0.30612244897959184,neutral
CSGFVFCI,2,17,1,3,19,4,0.30612244897959184,neutral
VYCYSRLG,14,5,1,3,19,4,0.30612244897959184,neutral
FYDDVHLY,12,7,1,3,19,4,0.30612244897959184,neutral
IFYLCSFR,14,5,3,1,19,4,0.30612244897959184,neutral
HDCCYCLF,13,6,2,2,19,4,0.30612244897959184,neutral
NSCYRCFI,10,9,2,2,19,4,0.30612244897959184,neutral
FLYGVFVG,13,6,1,3,19,4,0.30612244897959184,neutral
FNCYCCYV,10,9,4,0,19,4,0.30612244897959184,neutral
FYYCNCCL,12,7,2,2,19,4,0.30612244897959184,neutral
IFCCYDGV,40,28,16,22,68,38,0.30612244897959184,neutral
NDSVCGHY,36,32,17,21,68,38,0.30612244897959184,neutral
YIFDHGRF,12,7,2,2,19,4,0.30612244897959184,neutral
CFFRDFHF,37,31,14,24,68,38,0.30612244897959184,neutral
RFGDYCLD,12,7,1,3,19,4,0.30612244897959184,neutral
CFYCCVSY,11,8,4,0,19,4,0.30612244897959184,neutral
YFFYHIFH,14,5,3,1,19,4,0.30612244897959184,neutral
NYGFGLGY,10,9,1,3,19,4,0.30612244897959184,neutral
VCYVYYFH,12,7,1,3,19,4,0.30612244897959184,neutral
FYGGFLCF,16,3,2,2,19,4,0.30612244897959184,neutral
FGGCFCLD,48,33,22,25,81,47,0.3063063063063063,neutral
FLCSYNRC,49,32,26,21,81,47,0.3063063063063063,neutral
DVGCCIRC,47,34,18,29,81,47,0.3063063063063063,neutral
FHRCDCCG,44,37,27,20,81,47,0.3063063063063063,neutral
LCCYSVNL,46,35,22,25,81,47,0.3063063063063063,neutral
YFSYFHCL,23,9,6,7,32,13,0.3064516129032258,neutral
LCDDYLCR,21,11,4,9,32,13,0.3064516129032258,neutral
ICFCLGFV,19,13,5,8,32,13,0.3064516129032258,neutral
FINRGFLH,15,17,4,9,32,13,0.3064516129032258,neutral
YDFHFSIG,23,9,4,9,32,13,0.3064516129032258,neutral
FVCLFNHV,22,10,8,5,32,13,0.3064516129032258,neutral
IYLCVLYH,18,14,7,6,32,13,0.3064516129032258,neutral
FGIFGNNC,21,11,7,6,32,13,0.3064516129032258,neutral
LFVRCSVI,20,12,6,7,32,13,0.3064516129032258,neutral
CGCCSCCD,18,14,6,7,32,13,0.3064516129032258,neutral
SCCFFYCC,18,14,7,6,32,13,0.3064516129032258,neutral
FYGFFFGG,17,15,6,7,32,13,0.3064516129032258,neutral
NCYHIVYC,24,8,8,5,32,13,0.3064516129032258,neutral
ILDLCFDC,22,10,4,9,32,13,0.3064516129032258,neutral
HCVCFRGC,20,12,4,9,32,13,0.3064516129032258,neutral
DIRVRCDF,87,69,49,50,156,99,0.3064516129032258,neutral
LGLYYCGV,14,18,9,4,32,13,0.3064516129032258,neutral
LGILHGVI,28,17,7,15,45,22,0.30666666666666664,neutral
FCHHDVHH,28,17,5,17,45,22,0.30666666666666664,neutral
CNICSHIC,32,13,7,15,45,22,0.30666666666666664,neutral
YVRVYDIR,24,21,12,10,45,22,0.30666666666666664,neutral
VDNGCSFC,26,19,12,10,45,22,0.30666666666666664,neutral
YYVSYCGS,29,16,8,14,45,22,0.30666666666666664,neutral
YYSGGFFC,27,18,9,13,45,22,0.30666666666666664,neutral
HRFCVIRV,26,19,11,11,45,22,0.30666666666666664,neutral
CYGYFFVG,27,18,13,9,45,22,0.30666666666666664,neutral
VCFDCFHF,30,15,8,14,45,22,0.30666666666666664,neutral
CNCFLHIH,29,16,11,11,45,22,0.30666666666666664,neutral
FCIGSLFD,27,18,10,12,45,22,0.30666666666666664,neutral
FFCRSFLY,28,17,9,13,45,22,0.30666666666666664,neutral
YVHFSSGV,27,18,11,11,45,22,0.30666666666666664,neutral
YCDGGYIH,28,17,9,13,45,22,0.30666666666666664,neutral
DVRIFHSL,25,20,8,14,45,22,0.30666666666666664,neutral
FCVRFVCN,38,20,15,16,58,31,0.3068181818181818,neutral
VGLLSHLF,36,22,10,21,58,31,0.3068181818181818,neutral
FYVDHHFL,31,27,11,20,58,31,0.3068181818181818,neutral
VCCRNFGR,37,21,14,17,58,31,0.3068181818181818,neutral
SDGFHLRF,36,22,13,18,58,31,0.3068181818181818,neutral
GLVCVGYL,31,27,16,15,58,31,0.3068181818181818,neutral
IYRVCYGL,36,22,17,14,58,31,0.3068181818181818,neutral
ICLIGFCY,36,22,15,16,58,31,0.3068181818181818,neutral
FLCFICDG,36,22,13,18,58,31,0.3068181818181818,neutral
CHYCGYDH,33,25,12,19,58,31,0.3068181818181818,neutral
YCFSFCNI,41,30,18,22,71,40,0.3069306930693069,neutral
FYIFGLCD,41,30,18,22,71,40,0.3069306930693069,neutral
LCLNSCDC,45,26,23,17,71,40,0.3069306930693069,neutral
CVFDFYCI,45,26,16,24,71,40,0.3069306930693069,neutral
VLRYGFGR,45,26,25,15,71,40,0.3069306930693069,neutral
YLSIHCVH,38,33,22,18,71,40,0.3069306930693069,neutral
VSCRNFCR,41,43,17,32,84,49,0.30701754385964913,neutral
FRRIRDGF,48,36,22,27,84,49,0.30701754385964913,neutral
FFRHCRDV,44,40,23,26,84,49,0.30701754385964913,neutral
GHFNFFIC,55,42,22,36,97,58,0.30708661417322836,neutral
IIHFGDCI,62,48,33,34,110,67,0.30714285714285716,neutral
RFVVNSFR,70,53,35,41,123,76,0.30718954248366015,neutral
GYCCVGFS,67,56,33,43,123,76,0.30718954248366015,neutral
HCFSCHRN,24,11,4,11,35,15,0.3076923076923077,neutral
GLLYICRC,14,8,2,4,22,6,0.3076923076923077,neutral
FSFSHVRD,28,20,17,7,48,24,0.3076923076923077,neutral
YRFFGDVG,15,7,4,2,22,6,0.3076923076923077,neutral
FGGRDCFI,11,11,3,3,22,6,0.3076923076923077,neutral
CFLVSGSV,48,39,31,20,87,51,0.3076923076923077,neutral
IFFYGSCL,21,14,7,8,35,15,0.3076923076923077,neutral
FFGHCHDL,23,12,7,8,35,15,0.3076923076923077,neutral
SYIGVGFG,18,17,8,7,35,15,0.3076923076923077,neutral
FCCDLFGR,11,11,4,2,22,6,0.3076923076923077,neutral
GCRCIFVC,19,16,8,7,35,15,0.3076923076923077,neutral
DFDFDIHG,13,9,3,3,22,6,0.3076923076923077,neutral
HCGFVVSF,25,10,9,6,35,15,0.3076923076923077,neutral
FNVGYRCD,31,17,15,9,48,24,0.3076923076923077,neutral
VSVCCHIC,40,21,15,18,61,33,0.3076923076923077,neutral
FCILNRFY,10,12,3,3,22,6,0.3076923076923077,neutral
FNRCSCIS,35,26,14,19,61,33,0.3076923076923077,neutral
RSHFCGVY,39,22,12,21,61,33,0.3076923076923077,neutral
FCCLCSRC,12,10,4,2,22,6,0.3076923076923077,neutral
SLFSCLFV,26,22,7,17,48,24,0.3076923076923077,neutral
ILRYFSDC,21,14,8,7,35,15,0.3076923076923077,neutral
FISCCVLH,38,23,10,23,61,33,0.3076923076923077,neutral
VCHVFIHY,18,4,2,4,22,6,0.3076923076923077,neutral
CSCLSNGC,20,15,6,9,35,15,0.3076923076923077,neutral
CFNCCRRV,21,14,7,8,35,15,0.3076923076923077,neutral
RDCICFDF,29,19,11,13,48,24,0.3076923076923077,neutral
FFRIGVYG,15,7,3,3,22,6,0.3076923076923077,neutral
SICDCCVY,22,13,8,7,35,15,0.3076923076923077,neutral
CICNCFYH,13,9,2,4,22,6,0.3076923076923077,neutral
HNFIVDLC,30,18,14,10,48,24,0.3076923076923077,neutral
LLFNDVNC,38,23,13,20,61,33,0.3076923076923077,neutral
NYYFFHFF,15,7,3,3,22,6,0.3076923076923077,neutral
GCVSCRLR,36,25,13,20,61,33,0.3076923076923077,neutral
GHRFYDGL,53,34,21,30,87,51,0.3076923076923077,neutral
HYYCFYHH,33,15,11,13,48,24,0.3076923076923077,neutral
GLVRFVCV,52,35,22,29,87,51,0.3076923076923077,neutral
CSCVLIRR,38,23,15,18,61,33,0.3076923076923077,neutral
HSCRIHYF,25,10,3,12,35,15,0.3076923076923077,neutral
RCFLVHFY,15,7,1,5,22,6,0.3076923076923077,neutral
CHIRGFLC,37,24,16,17,61,33,0.3076923076923077,neutral
FGGYRRYY,37,24,17,16,61,33,0.3076923076923077,neutral
GYCDFCCR,10,12,3,3,22,6,0.3076923076923077,neutral
FSIYFVVY,13,9,2,4,22,6,0.3076923076923077,neutral
VNRCCLRC,51,36,18,33,87,51,0.3076923076923077,neutral
ICCFCCDL,12,10,2,4,22,6,0.3076923076923077,neutral
LLCFCCDL,15,7,1,5,22,6,0.3076923076923077,neutral
GNFHDILR,57,56,28,41,113,69,0.3076923076923077,neutral
HGFRYCYF,27,21,13,11,48,24,0.3076923076923077,neutral
NYLFIHGF,14,8,4,2,22,6,0.3076923076923077,neutral
YIGGIHFH,18,17,4,11,35,15,0.3076923076923077,neutral
CLRYHYCV,21,14,9,6,35,15,0.3076923076923077,neutral
FSLYCCRC,27,21,13,11,48,24,0.3076923076923077,neutral
ICFCDRFS,58,42,22,38,100,60,0.3076923076923077,neutral
FCGCGRHC,23,12,10,5,35,15,0.3076923076923077,neutral
FCDFCCGC,15,7,2,4,22,6,0.3076923076923077,neutral
FGGFVFVI,13,9,4,2,22,6,0.3076923076923077,neutral
LCVFHVNR,52,35,24,27,87,51,0.3076923076923077,neutral
CHDFSFSG,14,8,3,3,22,6,0.3076923076923077,neutral
ILNGHYYS,39,22,19,14,61,33,0.3076923076923077,neutral
FHYCCNGD,43,31,16,26,74,42,0.3076923076923077,neutral
YNYDCVLR,13,9,2,4,22,6,0.3076923076923077,neutral
YIRFSVRR,25,23,12,12,48,24,0.3076923076923077,neutral
CLNDLVHV,20,15,7,8,35,15,0.3076923076923077,neutral
CCVYYFGC,15,7,3,3,22,6,0.3076923076923077,neutral
DHIVGYLY,25,10,7,8,35,15,0.3076923076923077,neutral
RCNCDLYN,20,15,5,10,35,15,0.3076923076923077,neutral
VRYSCNCC,31,17,12,12,48,24,0.3076923076923077,neutral
SRCGCFSL,39,35,23,19,74,42,0.3076923076923077,neutral
GYDGSVIC,26,22,11,13,48,24,0.3076923076923077,neutral
LCVCHCYS,15,7,4,2,22,6,0.3076923076923077,neutral
GVCCLISC,26,22,10,14,48,24,0.3076923076923077,neutral
VCCHGLCS,29,19,8,16,48,24,0.3076923076923077,neutral
GRRIIGCC,30,18,9,15,48,24,0.3076923076923077,neutral
HSDFRFDG,39,22,10,23,61,33,0.3076923076923077,neutral
HYSCFCSG,23,12,7,8,35,15,0.3076923076923077,neutral
FGFYDGRF,14,8,1,5,22,6,0.3076923076923077,neutral
DGFSVGFS,33,15,12,12,48,24,0.3076923076923077,neutral
LRFFIDGG,54,49,31,31,103,62,0.3082706766917293,neutral
DIYHDFSG,53,37,27,26,90,53,0.30833333333333335,neutral
VLCCHHGF,54,36,34,19,90,53,0.30833333333333335,neutral
CFCCNHVD,50,40,25,28,90,53,0.30833333333333335,neutral
YSHDINVC,43,34,18,26,77,44,0.308411214953271,neutral
YDYIDGFN,45,32,22,22,77,44,0.308411214953271,neutral
LCVCDLLD,48,29,17,27,77,44,0.308411214953271,neutral
CCYINGDV,44,33,18,26,77,44,0.308411214953271,neutral
YYHFSGVD,45,32,23,21,77,44,0.308411214953271,neutral
CIFSDFRS,44,33,24,20,77,44,0.308411214953271,neutral
GICVVCDH,39,38,20,24,77,44,0.308411214953271,neutral
CVCDFSRV,40,24,19,16,64,35,0.30851063829787234,neutral
NYGRCYYY,35,29,18,17,64,35,0.30851063829787234,neutral
CDVCSGRC,38,26,19,16,64,35,0.30851063829787234,neutral
IFGGHFHL,41,23,15,20,64,35,0.30851063829787234,neutral
RRCVSCCF,41,23,10,25,64,35,0.30851063829787234,neutral
FYYCGLGC,74,58,36,46,132,82,0.30864197530864196,neutral
LGYGFDCD,31,20,9,17,51,26,0.30864197530864196,neutral
DCGCNFDI,34,17,11,15,51,26,0.30864197530864196,neutral
LCVSGNYY,33,18,14,12,51,26,0.30864197530864196,neutral
GLGLGCSF,27,24,12,14,51,26,0.30864197530864196,neutral
YSDSCRFH,33,18,8,18,51,26,0.30864197530864196,neutral
VCCNGGYG,28,23,12,14,51,26,0.30864197530864196,neutral
FCCGDDLD,33,18,14,12,51,26,0.30864197530864196,neutral
IVLCCVGS,26,25,9,17,51,26,0.30864197530864196,neutral
LCDGSFGI,28,23,13,13,51,26,0.30864197530864196,neutral
RCVSCLFH,34,17,15,11,51,26,0.30864197530864196,neutral
IRICRCSS,75,57,42,40,132,82,0.30864197530864196,neutral
HCCLSFHI,35,16,17,9,51,26,0.30864197530864196,neutral
LCLHFYSN,35,16,12,14,51,26,0.30864197530864196,neutral
CFCLYHDV,33,18,12,14,51,26,0.30864197530864196,neutral
YYGGCHCH,34,17,13,13,51,26,0.30864197530864196,neutral
FCCNNRHI,33,18,13,13,51,26,0.30864197530864196,neutral
RLHVYLGH,22,29,12,14,51,26,0.30864197530864196,neutral
FCNSCRLR,35,16,10,16,51,26,0.30864197530864196,neutral
GFCIHCLR,33,18,12,14,51,26,0.30864197530864196,neutral
VFVRCVSH,68,51,35,38,119,73,0.3087248322147651,neutral
CHCDSRVI,68,51,33,40,119,73,0.3087248322147651,neutral
SCFLDSDH,61,58,41,32,119,73,0.3087248322147651,neutral
CFFSFCDF,25,13,7,10,38,17,0.3088235294117647,neutral
GLRCCVCF,28,10,7,10,38,17,0.3088235294117647,neutral
CFSFSIFS,26,12,8,9,38,17,0.3088235294117647,neutral
FHIGCYRY,18,20,8,9,38,17,0.3088235294117647,neutral
VCFNLFRL,22,16,5,12,38,17,0.3088235294117647,neutral
CLDLFVVV,20,18,7,10,38,17,0.3088235294117647,neutral
NNCCVCVY,23,15,10,7,38,17,0.3088235294117647,neutral
YGDCICDI,27,11,5,12,38,17,0.3088235294117647,neutral
FGDVVYVF,28,10,7,10,38,17,0.3088235294117647,neutral
FCIFIGFD,24,14,6,11,38,17,0.3088235294117647,neutral
SICSCDCF,25,13,9,8,38,17,0.3088235294117647,neutral
RCNRCLFC,23,15,9,8,38,17,0.3088235294117647,neutral
SCGYDFLV,24,14,11,6,38,17,0.3088235294117647,neutral
DFFHYGLV,55,51,25,39,106,64,0.3088235294117647,neutral
NCDYFCFI,21,17,8,9,38,17,0.3088235294117647,neutral
HSLDSFRF,27,11,8,9,38,17,0.3088235294117647,neutral
IVSSFIVD,28,10,8,9,38,17,0.3088235294117647,neutral
YVDDCSVL,25,13,9,8,38,17,0.3088235294117647,neutral
LFLFRYVS,20,18,8,9,38,17,0.3088235294117647,neutral
CCVISCCV,24,14,9,8,38,17,0.3088235294117647,neutral
FCVGFNVL,23,15,6,11,38,17,0.3088235294117647,neutral
CRRRDYFV,26,12,9,8,38,17,0.3088235294117647,neutral
CDFCNLIC,18,20,5,12,38,17,0.3088235294117647,neutral
DYCFDGSV,24,14,8,9,38,17,0.3088235294117647,neutral
NFCCGVLS,52,41,28,27,93,55,0.3089430894308943,neutral
GNYCDGLC,55,38,27,28,93,55,0.3089430894308943,neutral
IHYRYGRF,17,8,4,4,25,8,0.3090909090909091,neutral
FLSLRYLS,15,10,4,4,25,8,0.3090909090909091,neutral
FVDHCVLV,12,13,2,6,25,8,0.3090909090909091,neutral
IDCFCDYD,15,10,4,4,25,8,0.3090909090909091,neutral
CVGGCGFL,14,11,3,5,25,8,0.3090909090909091,neutral
VCYLNCIH,15,10,4,4,25,8,0.3090909090909091,neutral
VFDYYVCF,15,10,3,5,25,8,0.3090909090909091,neutral
CGFFGHVF,14,11,5,3,25,8,0.3090909090909091,neutral
DLHFYGVY,15,10,5,3,25,8,0.3090909090909091,neutral
FSFNGISF,17,8,4,4,25,8,0.3090909090909091,neutral
ICNLCLVG,18,7,2,6,25,8,0.3090909090909091,neutral
FCIRCGRR,21,4,3,5,25,8,0.3090909090909091,neutral
LNLCHHYC,44,36,19,27,80,46,0.3090909090909091,neutral
FFLGFCCD,15,10,3,5,25,8,0.3090909090909091,neutral
SYCVNIYI,19,6,5,3,25,8,0.3090909090909091,neutral
FFFIRDCN,16,9,4,4,25,8,0.3090909090909091,neutral
YYCDDSFL,36,31,18,19,67,37,0.30927835051546393,neutral
LCLRIFNR,43,24,11,26,67,37,0.30927835051546393,neutral
FDNVFGLL,41,26,18,19,67,37,0.30927835051546393,neutral
FICDFSLY,41,26,11,26,67,37,0.30927835051546393,neutral
YFNVCYCG,33,34,22,15,67,37,0.30927835051546393,neutral
GYFSHYYV,41,26,17,20,67,37,0.30927835051546393,neutral
LVLCGDGC,41,26,18,19,67,37,0.30927835051546393,neutral
FDGFNCCG,38,29,18,19,67,37,0.30927835051546393,neutral
CSRHVSFF,36,31,14,23,67,37,0.30927835051546393,neutral
DFCLCSNC,64,45,35,31,109,66,0.30935251798561153,neutral
IYRYRFGV,32,22,14,14,54,28,0.30952380952380953,neutral
LFSYVFDL,35,19,13,15,54,28,0.30952380952380953,neutral
YCRCYDGG,32,22,8,20,54,28,0.30952380952380953,neutral
VSLVCSCH,35,19,12,16,54,28,0.30952380952380953,neutral
YGCFSVCC,33,21,11,17,54,28,0.30952380952380953,neutral
RCRCVLNV,34,20,19,9,54,28,0.30952380952380953,neutral
SFCYCSIR,31,23,13,15,54,28,0.30952380952380953,neutral
VSCDCRLV,27,27,13,15,54,28,0.30952380952380953,neutral
FDVFNSRH,32,22,16,12,54,28,0.30952380952380953,neutral
FCIGYCVD,35,19,11,17,54,28,0.30952380952380953,neutral
LCFRIGCN,50,46,28,29,96,57,0.30952380952380953,neutral
HLFDCFYL,34,20,17,11,54,28,0.30952380952380953,neutral
CCDFGHGV,34,20,10,18,54,28,0.30952380952380953,neutral
GIGCGDLF,53,43,24,33,96,57,0.30952380952380953,neutral
GCVNSIYG,33,21,11,17,54,28,0.30952380952380953,neutral
FNCGSFDF,33,21,13,15,54,28,0.30952380952380953,neutral
FFFSHFGD,31,23,15,13,54,28,0.30952380952380953,neutral
DFCICCGC,45,38,21,27,83,48,0.30973451327433627,neutral
IFRSDYSS,51,32,25,23,83,48,0.30973451327433627,neutral
GCFIGDCF,51,32,24,24,83,48,0.30973451327433627,neutral
SVCCFVSV,50,33,26,22,83,48,0.30973451327433627,neutral
RLCNHDCY,24,17,8,11,41,19,0.30985915492957744,neutral
CLYRHDSS,24,17,10,9,41,19,0.30985915492957744,neutral
ICSCNRVI,20,21,5,14,41,19,0.30985915492957744,neutral
CYFSDCFF,19,22,10,9,41,19,0.30985915492957744,neutral
CDVCNCHG,28,13,7,12,41,19,0.30985915492957744,neutral
GFFGHVCI,27,14,12,7,41,19,0.30985915492957744,neutral
RCVISILR,27,14,8,11,41,19,0.30985915492957744,neutral
IVISCVRI,21,20,10,9,41,19,0.30985915492957744,neutral
GNCFRYGL,23,18,12,7,41,19,0.30985915492957744,neutral
FYSFYSVC,28,13,9,10,41,19,0.30985915492957744,neutral
LRFSYGVL,22,19,14,5,41,19,0.30985915492957744,neutral
NCVLFYLS,27,14,8,11,41,19,0.30985915492957744,neutral
CCGCDHLI,27,14,11,8,41,19,0.30985915492957744,neutral
VCVRCYGC,27,14,9,10,41,19,0.30985915492957744,neutral
VYCCVDCC,24,17,7,12,41,19,0.30985915492957744,neutral
LFRCSCLC,22,19,6,13,41,19,0.30985915492957744,neutral
SNCFGRVF,65,47,30,38,112,68,0.30985915492957744,neutral
YVRVIGFS,27,14,12,7,41,19,0.30985915492957744,neutral
LYGCFGHS,29,12,6,13,41,19,0.30985915492957744,neutral
FCSFFDCV,20,21,10,9,41,19,0.30985915492957744,neutral
FFVGFFDV,28,13,9,10,41,19,0.30985915492957744,neutral
CNFGLLHF,29,12,4,15,41,19,0.30985915492957744,neutral
YLHVRGIH,26,15,10,9,41,19,0.30985915492957744,neutral
DICFSDYH,38,32,15,24,70,39,0.31,neutral
CLRFDFDI,44,26,22,17,70,39,0.31,neutral
FGCLCHNG,79,78,49,50,157,99,0.31016042780748665,neutral
GYSYDCGR,35,22,16,14,57,30,0.3103448275862069,neutral
FLNVRFGF,15,13,2,8,28,10,0.3103448275862069,neutral
FFIGYINH,19,9,6,4,28,10,0.3103448275862069,neutral
LFGHRVYD,16,12,4,6,28,10,0.3103448275862069,neutral
YGCFCGGS,38,19,10,20,57,30,0.3103448275862069,neutral
VSCHCCLV,20,8,6,4,28,10,0.3103448275862069,neutral
VVDGFNIF,20,8,6,4,28,10,0.3103448275862069,neutral
NIFCFCLS,23,5,5,5,28,10,0.3103448275862069,neutral
IYNFLYHR,37,20,12,18,57,30,0.3103448275862069,neutral
YCGSHHLG,33,24,17,13,57,30,0.3103448275862069,neutral
FCDVVVDI,15,13,3,7,28,10,0.3103448275862069,neutral
CYHFSFVI,19,9,4,6,28,10,0.3103448275862069,neutral
GCCFLCFH,21,7,4,6,28,10,0.3103448275862069,neutral
CISLSGVY,51,35,25,25,86,50,0.3103448275862069,neutral
IYGVCRFR,19,9,5,5,28,10,0.3103448275862069,neutral
HDYDYLCI,52,34,18,32,86,50,0.3103448275862069,neutral
ICYLVRHV,19,9,4,6,28,10,0.3103448275862069,neutral
IYDVSIIG,33,24,16,14,57,30,0.3103448275862069,neutral
LCIGFNDV,19,9,4,6,28,10,0.3103448275862069,neutral
VIFYSFGI,17,11,5,5,28,10,0.3103448275862069,neutral
SSCVVFNL,17,11,4,6,28,10,0.3103448275862069,neutral
CICVGGCL,21,7,5,5,28,10,0.3103448275862069,neutral
SVVCGFVR,31,26,13,17,57,30,0.3103448275862069,neutral
SLCNCYGY,16,12,5,5,28,10,0.3103448275862069,neutral
ICCVCHLR,18,10,3,7,28,10,0.3103448275862069,neutral
YCDVFYFC,22,6,3,7,28,10,0.3103448275862069,neutral
FSFRYGCI,33,24,13,17,57,30,0.3103448275862069,neutral
FFYCCGRV,18,10,5,5,28,10,0.3103448275862069,neutral
FYCYCGCL,21,7,7,3,28,10,0.3103448275862069,neutral
RGCCLGCR,17,11,5,5,28,10,0.3103448275862069,neutral
SCICGLNL,36,21,11,19,57,30,0.3103448275862069,neutral
SIVCFDGH,50,36,26,24,86,50,0.3103448275862069,neutral
FCCYFFNH,14,14,3,7,28,10,0.3103448275862069,neutral
CCRDNFVC,17,11,3,7,28,10,0.3103448275862069,neutral
DFVFISCV,20,8,5,5,28,10,0.3103448275862069,neutral
DFNFIRVG,35,22,16,14,57,30,0.3103448275862069,neutral
GCINSILD,38,19,14,16,57,30,0.3103448275862069,neutral
FYCDFFIV,15,13,6,4,28,10,0.3103448275862069,neutral
LHDVCFCC,35,22,13,17,57,30,0.3103448275862069,neutral
INFLGFVV,16,12,6,4,28,10,0.3103448275862069,neutral
LCSIYLCN,13,15,9,1,28,10,0.3103448275862069,neutral
DHVGCYYS,58,44,23,38,102,61,0.3106060606060606,neutral
SVLGLLGG,59,43,25,36,102,61,0.3106060606060606,neutral
YGCRIYGL,46,27,18,23,73,41,0.3106796116504854,neutral
DHFCDRCG,46,27,17,24,73,41,0.3106796116504854,neutral
FCYDCNVH,44,29,14,27,73,41,0.3106796116504854,neutral
VRCFDCVN,39,34,20,21,73,41,0.3106796116504854,neutral
YDDLYVRR,45,28,17,24,73,41,0.3106796116504854,neutral
VVGVFFRN,42,31,23,18,73,41,0.3106796116504854,neutral
CNVFCCNV,45,28,18,23,73,41,0.3106796116504854,neutral
RFCVSFNI,45,28,15,26,73,41,0.3106796116504854,neutral
CNIDFYNG,39,34,17,24,73,41,0.3106796116504854,neutral
SYCLCSYN,25,19,9,12,44,21,0.3108108108108108,neutral
SFCFYFNC,29,15,10,11,44,21,0.3108108108108108,neutral
CSNHRDSS,23,21,7,14,44,21,0.3108108108108108,neutral
CFFFGSID,19,25,15,6,44,21,0.3108108108108108,neutral
YCVYRSNI,31,13,7,14,44,21,0.3108108108108108,neutral
GSGYYFVN,30,14,8,13,44,21,0.3108108108108108,neutral
YYRFGNCF,22,22,13,8,44,21,0.3108108108108108,neutral
CYHCDNYR,26,18,10,11,44,21,0.3108108108108108,neutral
YLRHFDDL,25,19,9,12,44,21,0.3108108108108108,neutral
SGSCSCLY,25,19,9,12,44,21,0.3108108108108108,neutral
YCSCGSIG,27,17,7,14,44,21,0.3108108108108108,neutral
DYSVFFVG,27,17,11,10,44,21,0.3108108108108108,neutral
IICNVVRF,29,15,12,9,44,21,0.3108108108108108,neutral
GYCCDFHI,30,14,10,11,44,21,0.3108108108108108,neutral
YVCHCVNF,31,13,10,11,44,21,0.3108108108108108,neutral
DVCDCVCF,29,15,13,8,44,21,0.3108108108108108,neutral
VFCHGCYC,27,17,8,13,44,21,0.3108108108108108,neutral
FFGDFCCC,26,18,15,6,44,21,0.3108108108108108,neutral
GHINFRHC,90,73,43,60,163,103,0.31088082901554404,neutral
RVHGFYRL,48,41,20,32,89,52,0.31092436974789917,neutral
FFLVGYLC,12,3,0,1,15,1,0.3111111111111111,neutral
VIVFLLIC,8,7,0,1,15,1,0.3111111111111111,neutral
GYFYFFDF,11,4,0,1,15,1,0.3111111111111111,neutral
GFVYDVFD,62,43,26,37,105,63,0.3111111111111111,neutral
FFFSVFFC,8,7,1,0,15,1,0.3111111111111111,neutral
VYCSGFDH,28,32,16,16,60,32,0.3111111111111111,neutral
FFCFICSL,8,7,0,1,15,1,0.3111111111111111,neutral
FVFCFRFV,11,4,0,1,15,1,0.3111111111111111,neutral
NCFFIVGF,12,3,0,1,15,1,0.3111111111111111,neutral
CVFSSGVG,37,23,20,12,60,32,0.3111111111111111,neutral
GCNVFFSF,37,23,18,14,60,32,0.3111111111111111,neutral
FCFLHFGY,11,4,0,1,15,1,0.3111111111111111,neutral
DNLYGDLC,12,3,0,1,15,1,0.3111111111111111,neutral
HSCHFVFS,38,22,9,23,60,32,0.3111111111111111,neutral
FYHICIVF,11,4,1,0,15,1,0.3111111111111111,neutral
IVICCVFD,9,6,0,1,15,1,0.3111111111111111,neutral
LYFSFLIY,10,5,0,1,15,1,0.3111111111111111,neutral
FCVFCYYC,9,6,0,1,15,1,0.3111111111111111,neutral
FIYFCFIY,11,4,1,0,15,1,0.3111111111111111,neutral
YYVNIVYI,7,8,0,1,15,1,0.3111111111111111,neutral
FFFCFCSF,13,2,0,1,15,1,0.3111111111111111,neutral
LGFCYSGI,39,21,18,14,60,32,0.3111111111111111,neutral
ISLIYCDV,60,45,29,34,105,63,0.3111111111111111,neutral
NCHFCCYF,9,6,0,1,15,1,0.3111111111111111,neutral
FHLLVFVY,11,4,1,0,15,1,0.3111111111111111,neutral
CCCVSYII,11,4,0,1,15,1,0.3111111111111111,neutral
FVCGVVVD,39,21,20,12,60,32,0.3111111111111111,neutral
FGRYVGGH,39,21,19,13,60,32,0.3111111111111111,neutral
LLYYDYHY,12,3,0,1,15,1,0.3111111111111111,neutral
FFCVFIFC,7,8,1,0,15,1,0.3111111111111111,neutral
RFFVRFFN,12,3,1,0,15,1,0.3111111111111111,neutral
RNGFHCHY,9,6,0,1,15,1,0.3111111111111111,neutral
CDIVRFLN,35,25,12,20,60,32,0.3111111111111111,neutral
LYIFFVNF,11,4,0,1,15,1,0.3111111111111111,neutral
FICGGISY,33,27,21,11,60,32,0.3111111111111111,neutral
FVLYNGLS,8,7,0,1,15,1,0.3111111111111111,neutral
ICFYLHCL,10,5,1,0,15,1,0.3111111111111111,neutral
HCYCFVGY,9,6,1,0,15,1,0.3111111111111111,neutral
CFYCSDIY,34,26,10,22,60,32,0.3111111111111111,neutral
CYIVCFRY,11,4,0,1,15,1,0.3111111111111111,neutral
CFFFYISY,11,4,0,1,15,1,0.3111111111111111,neutral
VCVIILRG,7,8,1,0,15,1,0.3111111111111111,neutral
FYFFYYFI,12,3,0,1,15,1,0.3111111111111111,neutral
CCDLYSCF,34,26,16,16,60,32,0.3111111111111111,neutral
FFFFIFHD,10,5,0,1,15,1,0.3111111111111111,neutral
CSCLCRHG,11,4,0,1,15,1,0.3111111111111111,neutral
LYIGHSCV,57,48,24,39,105,63,0.3111111111111111,neutral
VGFCDFIH,37,23,18,14,60,32,0.3111111111111111,neutral
FFVCILCD,9,6,1,0,15,1,0.3111111111111111,neutral
CLGFVFFC,11,4,0,1,15,1,0.3111111111111111,neutral
VFVLVVVG,11,4,1,0,15,1,0.3111111111111111,neutral
CVVFVRFG,11,4,0,1,15,1,0.3111111111111111,neutral
FCFGFYID,7,8,0,1,15,1,0.3111111111111111,neutral
FCGHVGRR,68,53,38,36,121,74,0.31125827814569534,neutral
HDCCVYGV,38,38,18,25,76,43,0.3113207547169811,neutral
NCGFCHGF,47,29,19,24,76,43,0.3113207547169811,neutral
LNHFFDSS,47,29,27,16,76,43,0.3113207547169811,neutral
CVSRFGFG,37,39,22,21,76,43,0.3113207547169811,neutral
SCGCYVNC,42,34,17,26,76,43,0.3113207547169811,neutral
FYDCICVN,45,31,18,25,76,43,0.3113207547169811,neutral
DHFFYGCY,40,36,20,23,76,43,0.3113207547169811,neutral
FCFFDDGY,41,35,19,24,76,43,0.3113207547169811,neutral
VCFVISSG,78,59,36,49,137,85,0.31137724550898205,neutral
VFHRFHFV,19,12,4,8,31,12,0.3114754098360656,neutral
DFCFLLCG,19,12,5,7,31,12,0.3114754098360656,neutral
CSRVCCII,54,38,24,30,92,54,0.3114754098360656,neutral
RLLYSCDF,21,10,5,7,31,12,0.3114754098360656,neutral
NHCCSVCR,18,13,5,7,31,12,0.3114754098360656,neutral
CRFNFDVG,55,37,23,31,92,54,0.3114754098360656,neutral
CCHLYDRS,54,38,31,23,92,54,0.3114754098360656,neutral
FFNYNCFR,23,8,6,6,31,12,0.3114754098360656,neutral
GNCFCVFR,22,9,5,7,31,12,0.3114754098360656,neutral
FFDLVSFN,19,12,9,3,31,12,0.3114754098360656,neutral
FYNCVFYH,13,18,6,6,31,12,0.3114754098360656,neutral
GCFFDCGC,25,6,6,6,31,12,0.3114754098360656,neutral
VCRFNCRY,16,15,6,6,31,12,0.3114754098360656,neutral
CYSDNHDL,24,7,6,6,31,12,0.3114754098360656,neutral
SVLIVLGD,18,13,4,8,31,12,0.3114754098360656,neutral
GFFFCYND,20,11,8,4,31,12,0.3114754098360656,neutral
FYYGFVVY,22,9,6,6,31,12,0.3114754098360656,neutral
FYFGFNFG,21,10,6,6,31,12,0.3114754098360656,neutral
CFSLIYCC,23,8,3,9,31,12,0.3114754098360656,neutral
SHLGLCGN,55,37,26,28,92,54,0.3114754098360656,neutral
CFFYSGYC,22,9,5,7,31,12,0.3114754098360656,neutral
YYVFDCVF,19,12,7,5,31,12,0.3114754098360656,neutral
FYHVRFGY,16,15,8,4,31,12,0.3114754098360656,neutral
FCNGYSSV,22,9,3,9,31,12,0.3114754098360656,neutral
HCCFVGVH,63,45,28,37,108,65,0.3115942028985507,neutral
GLFVCSGC,100,85,51,67,185,118,0.3116279069767442,neutral
CFGCSDCY,21,26,11,12,47,23,0.3116883116883117,neutral
FFSVCHSV,29,18,10,13,47,23,0.3116883116883117,neutral
VCCVNNCV,32,15,11,12,47,23,0.3116883116883117,neutral
VDDDFFSG,20,27,8,15,47,23,0.3116883116883117,neutral
FSCVCGGF,25,22,8,15,47,23,0.3116883116883117,neutral
HCHGGFVG,71,53,29,47,124,76,0.3116883116883117,neutral
IRDLLSVY,25,22,11,12,47,23,0.3116883116883117,neutral
CGVISIID,27,20,10,13,47,23,0.3116883116883117,neutral
FFCFILDG,28,19,13,10,47,23,0.3116883116883117,neutral
FRYSCGDC,29,18,13,10,47,23,0.3116883116883117,neutral
SFYSDFYC,26,21,12,11,47,23,0.3116883116883117,neutral
CFSGFYVC,29,18,12,11,47,23,0.3116883116883117,neutral
FYCCGGLG,27,20,11,12,47,23,0.3116883116883117,neutral
RVRYFCND,26,21,14,9,47,23,0.3116883116883117,neutral
FNGIVFGH,28,19,9,14,47,23,0.3116883116883117,neutral
CFGGVCSC,31,16,9,14,47,23,0.3116883116883117,neutral
DVCYCRVV,28,19,11,12,47,23,0.3116883116883117,neutral
FNCYCGFV,25,22,11,12,47,23,0.3116883116883117,neutral
CYFSCCVN,33,14,11,12,47,23,0.3116883116883117,neutral
ICFFFSDS,30,17,13,10,47,23,0.3116883116883117,neutral
CCNLLGFI,32,15,12,11,47,23,0.3116883116883117,neutral
FVHFRLLS,26,21,11,12,47,23,0.3116883116883117,neutral
HFGDIYGS,32,31,15,19,63,34,0.3118279569892473,neutral
YSLFHIRR,36,27,13,21,63,34,0.3118279569892473,neutral
LCNLGGFL,36,27,9,25,63,34,0.3118279569892473,neutral
VFFCVDRC,40,23,17,17,63,34,0.3118279569892473,neutral
HCFCSYVV,40,23,21,13,63,34,0.3118279569892473,neutral
YRRNVHDI,81,75,49,49,156,98,0.3118279569892473,neutral
LCRCGGLY,37,26,20,14,63,34,0.3118279569892473,neutral
HVFLVCHG,45,34,16,29,79,45,0.3119266055045872,neutral
HFNRFFVC,48,31,23,22,79,45,0.3119266055045872,neutral
FFHNYCCL,49,46,28,28,95,56,0.312,neutral
FDGHRGYR,57,38,36,20,95,56,0.312,neutral
SCVCSYVG,62,49,32,35,111,67,0.3120567375886525,neutral
IVLRLYDD,65,46,32,35,111,67,0.3120567375886525,neutral
FYDFRYFI,36,30,17,19,66,36,0.3125,neutral
ISFLDHNC,18,16,5,9,34,14,0.3125,neutral
IRFRCYIR,20,14,8,6,34,14,0.3125,neutral
FDIGNYLH,25,9,6,8,34,14,0.3125,neutral
GIINDICV,64,50,25,44,114,69,0.3125,neutral
LCFGSVHR,10,8,0,3,18,3,0.3125,neutral
FLVCYNSG,38,28,20,16,66,36,0.3125,neutral
RCCRCILY,12,6,1,2,18,3,0.3125,neutral
CFVIGSYD,36,30,15,21,66,36,0.3125,neutral
FHSGNCSF,17,1,1,2,18,3,0.3125,neutral
YRIDGFCG,29,21,11,14,50,25,0.3125,neutral
SSFDVCYH,21,13,9,5,34,14,0.3125,neutral
FCCRNGLG,32,18,13,12,50,25,0.3125,neutral
YINCFVFD,31,19,11,14,50,25,0.3125,neutral
FILRFRNH,66,64,34,46,130,80,0.3125,neutral
FDIFSVCV,34,16,10,15,50,25,0.3125,neutral
ICGRFCDI,34,16,13,12,50,25,0.3125,neutral
YIDSSYLR,27,23,12,13,50,25,0.3125,neutral
FCRFYICF,14,4,3,0,18,3,0.3125,neutral
YRFFYFLR,9,9,2,1,18,3,0.3125,neutral
FFCDFDRF,19,15,7,7,34,14,0.3125,neutral
YDIIVDHS,21,13,5,9,34,14,0.3125,neutral
CVYGCLIF,12,6,2,1,18,3,0.3125,neutral
GNHCFYVR,30,20,11,14,50,25,0.3125,neutral
YFFGLSCC,57,41,28,30,98,58,0.3125,neutral
FLYLIVGV,11,7,0,3,18,3,0.3125,neutral
GICFVFIF,16,2,0,3,18,3,0.3125,neutral
FFVFVFCV,16,2,2,1,18,3,0.3125,neutral
VFYYGFFH,9,9,2,1,18,3,0.3125,neutral
LSYYNVCC,20,14,6,8,34,14,0.3125,neutral
FCFLFFVY,11,7,1,2,18,3,0.3125,neutral
CCVGFRIV,40,26,18,18,66,36,0.3125,neutral
CDHYICHC,34,16,12,13,50,25,0.3125,neutral
FDRFNRFF,22,12,5,9,34,14,0.3125,neutral
NYRFYCCC,19,15,7,7,34,14,0.3125,neutral
VVSFCSCC,11,7,1,2,18,3,0.3125,neutral
VFDVVGYF,18,16,6,8,34,14,0.3125,neutral
LFGFYVVF,13,5,2,1,18,3,0.3125,neutral
CYGLSVYV,11,7,1,2,18,3,0.3125,neutral
IDCSRLYF,11,7,2,1,18,3,0.3125,neutral
FIYSCVRF,22,12,8,6,34,14,0.3125,neutral
YFFLFDCV,12,6,1,2,18,3,0.3125,neutral
IYLFVYLS,13,5,3,0,18,3,0.3125,neutral
RLSIFYSC,23,11,9,5,34,14,0.3125,neutral
IDCDDLCN,33,17,8,17,50,25,0.3125,neutral
YYLLVCHY,11,7,3,0,18,3,0.3125,neutral
LNIVCFNG,28,22,9,16,50,25,0.3125,neutral
CINYFFCR,24,10,6,8,34,14,0.3125,neutral
FIHGCFRD,40,26,18,18,66,36,0.3125,neutral
CSCVVVSC,12,6,0,3,18,3,0.3125,neutral
YLVLGVCC,1,17,0,3,18,3,0.3125,neutral
CHFCVLFG,11,7,1,2,18,3,0.3125,neutral
FCFLVYIR,10,8,2,1,18,3,0.3125,neutral
YVGNSCLV,40,26,18,18,66,36,0.3125,neutral
NCCVFGYL,20,14,8,6,34,14,0.3125,neutral
YICGYCID,30,20,10,15,50,25,0.3125,neutral
FCIVFDFF,23,11,6,8,34,14,0.3125,neutral
LCLFSFCS,9,9,1,2,18,3,0.3125,neutral
GFVCLHSC,54,44,22,36,98,58,0.3125,neutral
CFVCCFIF,8,10,1,2,18,3,0.3125,neutral
FICLRCGH,29,21,15,10,50,25,0.3125,neutral
FCNFCYRF,31,19,11,14,50,25,0.3125,neutral
IYVNFYDY,8,10,2,1,18,3,0.3125,neutral
FIVGCCHR,25,9,9,5,34,14,0.3125,neutral
VICHRRFC,23,11,5,9,34,14,0.3125,neutral
FIVLFCVG,14,4,2,1,18,3,0.3125,neutral
VFLVGCRL,13,5,1,2,18,3,0.3125,neutral
CYVFIIRS,10,8,0,3,18,3,0.3125,neutral
VYFGCYGC,33,17,13,12,50,25,0.3125,neutral
LSCCCDFS,32,18,16,9,50,25,0.3125,neutral
FLGSNCLR,49,33,29,18,82,47,0.3125,neutral
GIFLRNDL,34,32,19,17,66,36,0.3125,neutral
FVCFFDIR,21,13,8,6,34,14,0.3125,neutral
RGYNYVLG,24,10,9,5,34,14,0.3125,neutral
FVFVGRCD,9,9,3,0,18,3,0.3125,neutral
CIILCVYI,11,7,1,2,18,3,0.3125,neutral
CLRGCIRC,22,12,6,8,34,14,0.3125,neutral
FIFLFLCR,13,5,1,2,18,3,0.3125,neutral
FCVVHSSI,33,17,14,11,50,25,0.3125,neutral
FYDFYCFR,30,20,8,17,50,25,0.3125,neutral
CLLYYFLF,11,7,0,3,18,3,0.3125,neutral
CICCVFDF,9,9,2,1,18,3,0.3125,neutral
FNCFLLHN,23,11,3,11,34,14,0.3125,neutral
IFDVFFCC,12,6,3,0,18,3,0.3125,neutral
RNDGCFFV,32,18,13,12,50,25,0.3125,neutral
NCYFVVHG,21,13,7,7,34,14,0.3125,neutral
CCVNHIYG,50,51,32,28,101,60,0.31297709923664124,neutral
FSCCGIDH,56,45,29,31,101,60,0.31297709923664124,neutral
FRFCGSGH,44,41,27,22,85,49,0.3130434782608696,neutral
FIVGIDYG,51,34,29,20,85,49,0.3130434782608696,neutral
GFRHCNFL,46,39,27,22,85,49,0.3130434782608696,neutral
CVVNCVVF,51,34,22,27,85,49,0.3130434782608696,neutral
SDGCICGC,52,33,27,22,85,49,0.3130434782608696,neutral
HFYCNNCH,51,34,18,31,85,49,0.3130434782608696,neutral
VCCGHFGF,38,31,20,18,69,38,0.31313131313131315,neutral
FFGIVYHG,40,29,13,25,69,38,0.31313131313131315,neutral
ISGRCGYL,41,28,15,23,69,38,0.31313131313131315,neutral
LNIRDIYD,42,27,19,19,69,38,0.31313131313131315,neutral
SNCCRHCS,36,33,20,18,69,38,0.31313131313131315,neutral
RHSYYYLV,36,33,18,20,69,38,0.31313131313131315,neutral
FVCRCSDC,37,32,21,17,69,38,0.31313131313131315,neutral
FIISFGRG,44,25,10,28,69,38,0.31313131313131315,neutral
YFHRFIVR,43,26,25,13,69,38,0.31313131313131315,neutral
FGGFYFGL,43,26,22,16,69,38,0.31313131313131315,neutral
VFVCLNVR,33,20,6,21,53,27,0.3132530120481928,neutral
FVCVCHGH,28,25,12,15,53,27,0.3132530120481928,neutral
FDSYLVRI,28,25,11,16,53,27,0.3132530120481928,neutral
FNCGLFRN,24,29,13,14,53,27,0.3132530120481928,neutral
LFFCRCRV,31,22,11,16,53,27,0.3132530120481928,neutral
SFGCSFLL,34,19,12,15,53,27,0.3132530120481928,neutral
CFLLYDIC,32,21,12,15,53,27,0.3132530120481928,neutral
GCRHCYSR,36,17,12,15,53,27,0.3132530120481928,neutral
VCHFYDCS,29,24,15,12,53,27,0.3132530120481928,neutral
GFCGSSIC,77,59,44,40,136,84,0.3132530120481928,neutral
RCDYSYDG,34,19,9,18,53,27,0.3132530120481928,neutral
FSHGFHNR,64,56,40,33,120,73,0.31333333333333335,neutral
CGFLDGHN,68,52,37,36,120,73,0.31333333333333335,neutral
FFYFGYDS,20,17,8,8,37,16,0.31343283582089554,neutral
LCFHCCDG,20,17,10,6,37,16,0.31343283582089554,neutral
IVCCHCGC,21,16,6,10,37,16,0.31343283582089554,neutral
VHVLFDVL,20,17,7,9,37,16,0.31343283582089554,neutral
CYGCSLGF,22,15,9,7,37,16,0.31343283582089554,neutral
GGCCRGIF,27,10,6,10,37,16,0.31343283582089554,neutral
VFIRFNRN,23,14,4,12,37,16,0.31343283582089554,neutral
DVLVYNSV,23,14,9,7,37,16,0.31343283582089554,neutral
LYVRFFDD,23,14,8,8,37,16,0.31343283582089554,neutral
FFGCCIVH,27,10,6,10,37,16,0.31343283582089554,neutral
LCDFDYDC,21,16,8,8,37,16,0.31343283582089554,neutral
CCLCIGVG,16,21,6,10,37,16,0.31343283582089554,neutral
LNSCLLSY,23,14,9,7,37,16,0.31343283582089554,neutral
FLFDFCVC,61,43,27,35,104,62,0.31343283582089554,neutral
FFIRGYCC,22,15,7,9,37,16,0.31343283582089554,neutral
CVYVYDCY,22,15,8,8,37,16,0.31343283582089554,neutral
YDRVSYLR,24,13,7,9,37,16,0.31343283582089554,neutral
NSYYGFNL,25,12,8,8,37,16,0.31343283582089554,neutral
RCRRLFLD,19,18,8,8,37,16,0.31343283582089554,neutral
FVYSVSRC,61,43,34,28,104,62,0.31343283582089554,neutral
SYCRCNGV,25,12,8,8,37,16,0.31343283582089554,neutral
RCGFCLHS,23,14,9,7,37,16,0.31343283582089554,neutral
FLYSCSYN,23,14,7,9,37,16,0.31343283582089554,neutral
SNCDYDGF,51,37,20,31,88,51,0.3135593220338983,neutral
LIYFNVGV,50,38,24,27,88,51,0.3135593220338983,neutral
YNFFLFVD,51,37,26,25,88,51,0.3135593220338983,neutral
RFGVCYFD,47,41,26,25,88,51,0.3135593220338983,neutral
YSFHNYFF,52,36,26,25,88,51,0.3135593220338983,neutral
IVDDCCGL,12,9,4,1,21,5,0.3137254901960784,neutral
NFFSYSFC,11,10,3,2,21,5,0.3137254901960784,neutral
FDCFDVIF,11,10,3,2,21,5,0.3137254901960784,neutral
DIDYDHYL,16,5,2,3,21,5,0.3137254901960784,neutral
YICGDCHI,43,29,17,23,72,40,0.3137254901960784,neutral
NDFFFGIY,12,9,2,3,21,5,0.3137254901960784,neutral
FRDSCILH,40,32,19,21,72,40,0.3137254901960784,neutral
CCRFVCCN,13,8,0,5,21,5,0.3137254901960784,neutral
VIHGYFLV,18,3,2,3,21,5,0.3137254901960784,neutral
RICRLCDH,45,27,20,20,72,40,0.3137254901960784,neutral
FCCGHFYF,15,6,2,3,21,5,0.3137254901960784,neutral
IFCCYIFD,15,6,0,5,21,5,0.3137254901960784,neutral
FICNDGVF,11,10,2,3,21,5,0.3137254901960784,neutral
YLCCYNCC,12,9,1,4,21,5,0.3137254901960784,neutral
CCCRLSLG,11,10,2,3,21,5,0.3137254901960784,neutral
DCHDCYFL,15,6,1,4,21,5,0.3137254901960784,neutral
GYVSYVGH,16,5,3,2,21,5,0.3137254901960784,neutral
SCCFVICY,1,20,2,3,21,5,0.3137254901960784,neutral
LFVCRCLY,12,9,3,2,21,5,0.3137254901960784,neutral
VLRYHYFR,12,9,2,3,21,5,0.3137254901960784,neutral
GYVYRGSC,14,7,3,2,21,5,0.3137254901960784,neutral
DFSCYVVH,15,6,4,1,21,5,0.3137254901960784,neutral
YFGFSLDY,18,3,0,5,21,5,0.3137254901960784,neutral
LYIFSCRR,15,6,1,4,21,5,0.3137254901960784,neutral
LIGNYYSD,16,5,2,3,21,5,0.3137254901960784,neutral
LSFCFYGN,43,29,16,24,72,40,0.3137254901960784,neutral
IFVFVVGN,15,6,2,3,21,5,0.3137254901960784,neutral
CCNCVRLR,16,5,2,3,21,5,0.3137254901960784,neutral
ISYGCFYD,14,7,2,3,21,5,0.3137254901960784,neutral
FCFVFHLY,14,7,3,2,21,5,0.3137254901960784,neutral
SVRFYRIC,12,9,0,5,21,5,0.3137254901960784,neutral
FHGLDFGC,15,6,2,3,21,5,0.3137254901960784,neutral
IIFDRIFY,11,10,3,2,21,5,0.3137254901960784,neutral
NSLCVCGL,36,36,21,19,72,40,0.3137254901960784,neutral
CFHIFYFR,11,10,1,4,21,5,0.3137254901960784,neutral
HINICRFF,13,8,1,4,21,5,0.3137254901960784,neutral
ICYYDRGD,45,27,23,17,72,40,0.3137254901960784,neutral
LDICYGFG,39,33,20,20,72,40,0.3137254901960784,neutral
RLCGYNDV,43,29,16,24,72,40,0.3137254901960784,neutral
NCHCFIVL,16,5,1,4,21,5,0.3137254901960784,neutral
CCGCVCVV,11,10,3,2,21,5,0.3137254901960784,neutral
HCCGVVRF,61,46,29,35,107,64,0.31386861313868614,neutral
CFFHVSGD,35,21,14,15,56,29,0.313953488372093,neutral
RFHYCFDN,35,21,12,17,56,29,0.313953488372093,neutral
VFCGCYCD,35,21,12,17,56,29,0.313953488372093,neutral
CFSCRCRN,23,33,14,15,56,29,0.313953488372093,neutral
GVLCVSVR,34,22,15,14,56,29,0.313953488372093,neutral
VRIDSCDF,33,23,14,15,56,29,0.313953488372093,neutral
IFRGVLYG,33,23,13,16,56,29,0.313953488372093,neutral
IFCGYVNR,36,20,13,16,56,29,0.313953488372093,neutral
VIFYRGVG,37,19,15,14,56,29,0.313953488372093,neutral
FNNCNCFV,36,20,11,18,56,29,0.313953488372093,neutral
RNDFCCYH,54,37,23,30,91,53,0.3140495867768595,neutral
FGDGCYVR,55,36,26,27,91,53,0.3140495867768595,neutral
RRLYVRFH,55,36,23,30,91,53,0.3140495867768595,neutral
DYFCLVFN,28,12,8,10,40,18,0.3142857142857143,neutral
YVRYVCSV,26,14,10,8,40,18,0.3142857142857143,neutral
GLVVCLGG,64,46,30,36,110,66,0.3142857142857143,neutral
GGRYGGLY,24,16,10,8,40,18,0.3142857142857143,neutral
VRVDFGFY,25,15,12,6,40,18,0.3142857142857143,neutral
DDFCCGCV,41,34,20,22,75,42,0.3142857142857143,neutral
CCFFYNVD,25,15,8,10,40,18,0.3142857142857143,neutral
FRSFGGFG,23,17,8,10,40,18,0.3142857142857143,neutral
IFVCCHVS,21,19,10,8,40,18,0.3142857142857143,neutral
VHRVSSYD,25,15,10,8,40,18,0.3142857142857143,neutral
NDGDVIFF,18,22,10,8,40,18,0.3142857142857143,neutral
CLFSSGGL,26,14,12,6,40,18,0.3142857142857143,neutral
VFYCDSYG,26,14,6,12,40,18,0.3142857142857143,neutral
HCCCDYGG,25,15,5,13,40,18,0.3142857142857143,neutral
LCGGRVLF,23,17,9,9,40,18,0.3142857142857143,neutral
IGCDICFS,47,28,23,19,75,42,0.3142857142857143,neutral
FDYCDFDL,27,13,7,11,40,18,0.3142857142857143,neutral
VCRGRYGY,61,49,34,32,110,66,0.3142857142857143,neutral
DLYVCVRH,69,60,35,44,129,79,0.31446540880503143,neutral
DFYSFYDN,37,22,11,20,59,31,0.3146067415730337,neutral
VRRIIGVF,38,21,20,11,59,31,0.3146067415730337,neutral
FNHCFCLS,38,21,17,14,59,31,0.3146067415730337,neutral
FIGIRLYS,37,22,15,16,59,31,0.3146067415730337,neutral
YGLCDCYL,36,23,14,17,59,31,0.3146067415730337,neutral
CLHVDYFD,37,22,13,18,59,31,0.3146067415730337,neutral
CYFRFDGC,37,22,12,19,59,31,0.3146067415730337,neutral
VHHGYDGG,82,66,40,52,148,92,0.3146067415730337,neutral
FYCCGVRG,31,28,14,17,59,31,0.3146067415730337,neutral
SRYVVVCH,38,21,19,12,59,31,0.3146067415730337,neutral
FINGIGFF,37,22,14,17,59,31,0.3146067415730337,neutral
FLLVIGLG,16,8,3,4,24,7,0.3148148148148148,neutral
DVFRVCGY,17,7,2,5,24,7,0.3148148148148148,neutral
VYRRVCLF,17,7,5,2,24,7,0.3148148148148148,neutral
LVYVDNFV,17,7,2,5,24,7,0.3148148148148148,neutral
FHLRIIYN,16,8,5,2,24,7,0.3148148148148148,neutral
DYFGCHYR,14,10,3,4,24,7,0.3148148148148148,neutral
FLHYFVFR,16,8,3,4,24,7,0.3148148148148148,neutral
FHLGLVLC,14,10,1,6,24,7,0.3148148148148148,neutral
YCSCCCYI,15,9,4,3,24,7,0.3148148148148148,neutral
DSDFFCYR,16,8,5,2,24,7,0.3148148148148148,neutral
FLIYVVDR,48,30,18,26,78,44,0.3148148148148148,neutral
YYYCGYCL,17,7,3,4,24,7,0.3148148148148148,neutral
CICDCYFD,47,31,28,16,78,44,0.3148148148148148,neutral
NFFVSRYI,15,9,3,4,24,7,0.3148148148148148,neutral
YGCCFRGY,14,10,4,3,24,7,0.3148148148148148,neutral
DLGYGISL,42,36,18,26,78,44,0.3148148148148148,neutral
HVVDHCYV,13,11,1,6,24,7,0.3148148148148148,neutral
NCSYSGFY,18,6,5,2,24,7,0.3148148148148148,neutral
YNDLFDCL,69,63,39,42,132,81,0.3148148148148148,neutral
VFCCVYHI,12,12,2,5,24,7,0.3148148148148148,neutral
LIYRFDFV,16,8,4,3,24,7,0.3148148148148148,neutral
GFCCCCDL,14,10,6,1,24,7,0.3148148148148148,neutral
LFFLCGFY,17,7,4,3,24,7,0.3148148148148148,neutral
HFCFCFFH,18,6,5,2,24,7,0.3148148148148148,neutral
CYFCYSRY,14,10,4,3,24,7,0.3148148148148148,neutral
FSFNYCFR,12,12,3,4,24,7,0.3148148148148148,neutral
CFILGFGG,84,67,47,47,151,94,0.3149171270718232,neutral
FISCFDSC,57,40,35,22,97,57,0.31496062992125984,neutral
CYDNVYVY,56,41,31,26,97,57,0.31496062992125984,neutral
FVNRCYSF,89,81,54,53,170,107,0.315,neutral
CIDFVNDS,27,16,7,13,43,20,0.3150684931506849,neutral
FCYVHCVH,28,15,10,10,43,20,0.3150684931506849,neutral
LIHCLDCF,27,16,8,12,43,20,0.3150684931506849,neutral
CNFFYHGH,26,17,10,10,43,20,0.3150684931506849,neutral
HCDGLNDF,27,16,7,13,43,20,0.3150684931506849,neutral
IFFLCDSH,31,12,11,9,43,20,0.3150684931506849,neutral
CSLFNGLL,29,14,11,9,43,20,0.3150684931506849,neutral
CHVCGYDV,27,16,11,9,43,20,0.3150684931506849,neutral
HGFDCLCL,29,14,9,11,43,20,0.3150684931506849,neutral
DILLSLLC,29,14,11,9,43,20,0.3150684931506849,neutral
NSGFVSDF,28,15,7,13,43,20,0.3150684931506849,neutral
FCCYDDGC,26,17,11,9,43,20,0.3150684931506849,neutral
YFDVHVLF,21,22,10,10,43,20,0.3150684931506849,neutral
CRCFFHGY,27,16,14,6,43,20,0.3150684931506849,neutral
YCFYHGSY,26,17,9,11,43,20,0.3150684931506849,neutral
CVYDIDCF,28,15,10,10,43,20,0.3150684931506849,neutral
LLCFVNDY,21,22,13,7,43,20,0.3150684931506849,neutral
YCDIYVHD,26,17,11,9,43,20,0.3150684931506849,neutral
LCRLFRHV,26,17,13,7,43,20,0.3150684931506849,neutral
VRCHVVCL,21,22,8,12,43,20,0.3150684931506849,neutral
CFDLINVF,30,13,9,11,43,20,0.3150684931506849,neutral
FDVVSCSC,22,21,5,15,43,20,0.3150684931506849,neutral
FCDLRSVF,31,12,8,12,43,20,0.3150684931506849,neutral
VDVFSFYG,36,26,15,18,62,33,0.31521739130434784,neutral
LFGGFSLL,38,24,20,13,62,33,0.31521739130434784,neutral
FGGHCCNL,35,27,16,17,62,33,0.31521739130434784,neutral
FGYRFNCG,36,26,16,17,62,33,0.31521739130434784,neutral
DGVDFVFI,36,26,20,13,62,33,0.31521739130434784,neutral
GCLCDGYI,34,28,20,13,62,33,0.31521739130434784,neutral
GGCLLCGL,29,33,14,19,62,33,0.31521739130434784,neutral
CCSIRCHH,37,25,15,18,62,33,0.31521739130434784,neutral
DYCCVVYH,33,29,17,16,62,33,0.31521739130434784,neutral
IYCYFGDS,37,25,13,20,62,33,0.31521739130434784,neutral
VCCSDFDS,40,22,13,20,62,33,0.31521739130434784,neutral
GLVLDNIC,37,25,18,15,62,33,0.31521739130434784,neutral
RGCNGNYF,46,35,24,22,81,46,0.3153153153153153,neutral
CVGVGVFL,114,97,58,77,211,135,0.3153526970954357,neutral
FCCSSIRC,58,42,24,35,100,59,0.3153846153846154,neutral
VFRHSGGH,59,41,32,27,100,59,0.3153846153846154,neutral
YISVGGFD,59,41,28,31,100,59,0.3153846153846154,neutral
FFFGGCFG,77,61,47,38,138,85,0.31547619047619047,neutral
CYCFCFDC,13,14,5,4,27,9,0.3157894736842105,neutral
VGVRFDVG,41,24,16,19,65,35,0.3157894736842105,neutral
RYNIFGFI,15,12,4,5,27,9,0.3157894736842105,neutral
CFYHSRFV,21,6,3,6,27,9,0.3157894736842105,neutral
FCYYVCFN,30,16,8,14,46,22,0.3157894736842105,neutral
CGVFRFVF,19,8,4,5,27,9,0.3157894736842105,neutral
GFIGYLRV,26,20,8,14,46,22,0.3157894736842105,neutral
FYHGCDIF,31,15,17,5,46,22,0.3157894736842105,neutral
GFFCVHHC,48,36,21,27,84,48,0.3157894736842105,neutral
CHFNGIYV,14,13,5,4,27,9,0.3157894736842105,neutral
VYYIGSGI,30,16,10,12,46,22,0.3157894736842105,neutral
LNVCYGCV,29,17,15,7,46,22,0.3157894736842105,neutral
FCSSGLYV,23,23,10,12,46,22,0.3157894736842105,neutral
FSYSCCLG,18,9,6,3,27,9,0.3157894736842105,neutral
IHGIVDFC,14,13,7,2,27,9,0.3157894736842105,neutral
FLFGSFCS,15,12,5,4,27,9,0.3157894736842105,neutral
GYGLGCRF,17,10,5,4,27,9,0.3157894736842105,neutral
CICRCCFI,21,6,2,7,27,9,0.3157894736842105,neutral
FYNLGLFG,17,10,4,5,27,9,0.3157894736842105,neutral
IYCYCSVF,28,18,14,8,46,22,0.3157894736842105,neutral
FVIRCFGS,18,9,5,4,27,9,0.3157894736842105,neutral
VLVYFSLV,17,10,6,3,27,9,0.3157894736842105,neutral
SYIFDFYV,30,16,13,9,46,22,0.3157894736842105,neutral
NDLICGCR,28,18,11,11,46,22,0.3157894736842105,neutral
VLDCCCCC,28,18,9,13,46,22,0.3157894736842105,neutral
FVGYCGDC,25,21,5,17,46,22,0.3157894736842105,neutral
GLHVINGF,34,31,13,22,65,35,0.3157894736842105,neutral
CCLHSGDF,50,34,25,23,84,48,0.3157894736842105,neutral
FINLVSFG,51,33,16,32,84,48,0.3157894736842105,neutral
RICLDFVY,36,29,14,21,65,35,0.3157894736842105,neutral
CSHYFGYV,25,21,7,15,46,22,0.3157894736842105,neutral
CFGVHNFD,27,19,9,13,46,22,0.3157894736842105,neutral
CCFIRLVR,21,6,7,2,27,9,0.3157894736842105,neutral
LFSCICVH,22,5,5,4,27,9,0.3157894736842105,neutral
LDNCVCFG,39,26,18,17,65,35,0.3157894736842105,neutral
YDYHCRCC,13,14,6,3,27,9,0.3157894736842105,neutral
FCGFCGHC,19,8,5,4,27,9,0.3157894736842105,neutral
VCVGYIFD,51,33,16,32,84,48,0.3157894736842105,neutral
FCYFNGGN,31,15,6,16,46,22,0.3157894736842105,neutral
FDVVCCFH,18,9,2,7,27,9,0.3157894736842105,neutral
FCHSFFCV,27,19,11,11,46,22,0.3157894736842105,neutral
ICSYCDSG,19,8,4,5,27,9,0.3157894736842105,neutral
VLHRYNSF,16,11,3,6,27,9,0.3157894736842105,neutral
CCSFSYLV,50,34,22,26,84,48,0.3157894736842105,neutral
FVGLNFLN,20,7,5,4,27,9,0.3157894736842105,neutral
FIVRSVVG,49,35,19,29,84,48,0.3157894736842105,neutral
GVCYGCIR,17,10,3,6,27,9,0.3157894736842105,neutral
FYHVFYHC,15,12,5,4,27,9,0.3157894736842105,neutral
HGCVCCNV,24,22,13,9,46,22,0.3157894736842105,neutral
CHCVRGVR,24,22,9,13,46,22,0.3157894736842105,neutral
HCGCLFGV,16,11,6,3,27,9,0.3157894736842105,neutral
YFDVGDDD,24,22,12,10,46,22,0.3157894736842105,neutral
CSVNYHSY,14,13,5,4,27,9,0.3157894736842105,neutral
GFDNGFVC,20,7,1,8,27,9,0.3157894736842105,neutral
CCGGYGLD,51,33,31,17,84,48,0.3157894736842105,neutral
ICCFDGRN,29,17,6,16,46,22,0.3157894736842105,neutral
CYSFVDYS,29,17,5,17,46,22,0.3157894736842105,neutral
FSVRCGIV,81,63,37,52,144,89,0.3160919540229885,neutral
SIIICDCG,61,45,30,33,106,63,0.3161764705882353,neutral
LDIDRFHG,62,44,37,26,106,63,0.3161764705882353,neutral
YFVVRSRN,50,37,17,33,87,50,0.3162393162393162,neutral
LYGGLRDV,51,36,22,28,87,50,0.3162393162393162,neutral
CCVVFCDG,36,32,15,22,68,37,0.3163265306122449,neutral
SVHFCDHV,35,33,11,26,68,37,0.3163265306122449,neutral
IFFSSFFH,38,30,17,20,68,37,0.3163265306122449,neutral
FFCSYDGI,37,31,19,18,68,37,0.3163265306122449,neutral
DCRRCYGC,38,30,23,14,68,37,0.3163265306122449,neutral
VRFLSNHR,38,30,22,15,68,37,0.3163265306122449,neutral
FGGFHYVL,39,29,14,23,68,37,0.3163265306122449,neutral
LFVFDCGC,39,29,13,24,68,37,0.3163265306122449,neutral
GLRGRDFG,40,28,16,21,68,37,0.3163265306122449,neutral
YSFGRFVF,43,25,14,23,68,37,0.3163265306122449,neutral
DHGGGRYG,37,31,15,22,68,37,0.3163265306122449,neutral
FYGFSLGH,31,18,11,13,49,24,0.31645569620253167,neutral
RFYSCVSG,69,59,39,39,128,78,0.31645569620253167,neutral
CDYLLHIR,26,23,9,15,49,24,0.31645569620253167,neutral
DDLLFVIS,26,23,7,17,49,24,0.31645569620253167,neutral
VCRLVGFR,32,17,13,11,49,24,0.31645569620253167,neutral
VYFCLDHN,34,15,10,14,49,24,0.31645569620253167,neutral
HYFYYCDC,31,18,13,11,49,24,0.31645569620253167,neutral
YYYCCGFR,26,23,12,12,49,24,0.31645569620253167,neutral
GCVNCGFV,69,59,40,38,128,78,0.31645569620253167,neutral
CCHCISNC,29,20,8,16,49,24,0.31645569620253167,neutral
HCISDFGC,32,17,11,13,49,24,0.31645569620253167,neutral
DGRGVFYN,33,16,14,10,49,24,0.31645569620253167,neutral
IFRYLNCD,26,23,13,11,49,24,0.31645569620253167,neutral
RCVCGGCS,31,18,10,14,49,24,0.31645569620253167,neutral
FFFCDDIG,23,7,8,3,30,11,0.31666666666666665,neutral
GYFYCRIC,24,6,5,6,30,11,0.31666666666666665,neutral
CFDFGRFR,20,10,9,2,30,11,0.31666666666666665,neutral
FFDRFVVF,22,8,5,6,30,11,0.31666666666666665,neutral
FVISNDRY,17,13,3,8,30,11,0.31666666666666665,neutral
FGIFISDI,23,7,7,4,30,11,0.31666666666666665,neutral
CYVCSNVL,22,8,7,4,30,11,0.31666666666666665,neutral
CSFHFVYV,18,12,6,5,30,11,0.31666666666666665,neutral
CHYSFGGV,14,16,5,6,30,11,0.31666666666666665,neutral
GLYHHFFN,20,10,8,3,30,11,0.31666666666666665,neutral
GINGYFCV,18,12,4,7,30,11,0.31666666666666665,neutral
SFYHLYGI,18,12,9,2,30,11,0.31666666666666665,neutral
LYDFFCDF,16,14,4,7,30,11,0.31666666666666665,neutral
CRFDIDVF,54,36,28,24,90,52,0.31666666666666665,neutral
FVYFFVFF,21,9,4,7,30,11,0.31666666666666665,neutral
CCFDFGCF,22,8,9,2,30,11,0.31666666666666665,neutral
HILFDFHI,18,12,3,8,30,11,0.31666666666666665,neutral
YFVFGRCG,23,7,5,6,30,11,0.31666666666666665,neutral
VFFCRFDV,21,9,3,8,30,11,0.31666666666666665,neutral
IVDCDYSG,17,13,3,8,30,11,0.31666666666666665,neutral
LIGLCFRG,21,9,5,6,30,11,0.31666666666666665,neutral
CFFCFHSG,19,11,5,6,30,11,0.31666666666666665,neutral
FICSVYIG,21,9,6,5,30,11,0.31666666666666665,neutral
VFYDYVRF,19,11,6,5,30,11,0.31666666666666665,neutral
HFDCFRVN,19,11,7,4,30,11,0.31666666666666665,neutral
FHYIGCFG,20,10,8,3,30,11,0.31666666666666665,neutral
RCNFYCLV,21,9,6,5,30,11,0.31666666666666665,neutral
YCSYFNCY,20,10,6,5,30,11,0.31666666666666665,neutral
LLCFNYCC,13,17,2,9,30,11,0.31666666666666665,neutral
RSFCYCCC,23,7,5,6,30,11,0.31666666666666665,neutral
FHCHNCHF,16,14,3,8,30,11,0.31666666666666665,neutral
FCFGCFVG,15,15,2,9,30,11,0.31666666666666665,neutral
IDRYVDVF,41,30,17,22,71,39,0.31683168316831684,neutral
SNCLYVYG,37,34,20,19,71,39,0.31683168316831684,neutral
GGSGLYGI,40,31,18,21,71,39,0.31683168316831684,neutral
YYCRCDCV,40,31,15,24,71,39,0.31683168316831684,neutral
YNSCGCIH,45,26,21,18,71,39,0.31683168316831684,neutral
CCNYGVFF,43,28,20,19,71,39,0.31683168316831684,neutral
RCGGFCGC,42,29,16,23,71,39,0.31683168316831684,neutral
HVVSCCIR,64,48,33,34,112,67,0.31690140845070425,neutral
ICCDCSSC,35,17,8,18,52,26,0.3170731707317073,neutral
YRYLHDYY,34,18,10,16,52,26,0.3170731707317073,neutral
NIFGGCVC,30,22,13,13,52,26,0.3170731707317073,neutral
IFRFRDFV,27,25,16,10,52,26,0.3170731707317073,neutral
YDVCFVFR,56,37,26,28,93,54,0.3170731707317073,neutral
YGLCGGHC,70,64,34,48,134,82,0.3170731707317073,neutral
HVFRCGVD,56,37,24,30,93,54,0.3170731707317073,neutral
NVDFHCVV,26,26,8,18,52,26,0.3170731707317073,neutral
NCYYSSYV,27,25,16,10,52,26,0.3170731707317073,neutral
CFVGDFFF,29,23,13,13,52,26,0.3170731707317073,neutral
LLGSHFCG,34,18,13,13,52,26,0.3170731707317073,neutral
CCCVCDDV,30,22,12,14,52,26,0.3170731707317073,neutral
NVVSYCGN,35,17,10,16,52,26,0.3170731707317073,neutral
FFSGVISF,45,29,18,23,74,41,0.3173076923076923,neutral
VCDCHFGL,46,28,26,15,74,41,0.3173076923076923,neutral
VCGLRGLG,43,31,20,21,74,41,0.3173076923076923,neutral
CGLGHNFD,40,34,24,17,74,41,0.3173076923076923,neutral
LRCCLGGV,46,28,13,28,74,41,0.3173076923076923,neutral
FSCSCSLS,43,31,19,22,74,41,0.3173076923076923,neutral
CVCDFLDL,19,14,6,7,33,13,0.31746031746031744,neutral
YVSHCGDC,18,15,9,4,33,13,0.31746031746031744,neutral
GCGHNLYI,56,40,26,30,96,56,0.31746031746031744,neutral
GCCLYVSC,18,15,5,8,33,13,0.31746031746031744,neutral
GYCNGNYN,14,19,9,4,33,13,0.31746031746031744,neutral
LCLVSGCV,56,40,24,32,96,56,0.31746031746031744,neutral
VCCGVNVY,57,39,24,32,96,56,0.31746031746031744,neutral
IHCFFVVI,22,11,6,7,33,13,0.31746031746031744,neutral
IYDSSLVD,57,39,30,26,96,56,0.31746031746031744,neutral
CVGDCVRL,19,14,6,7,33,13,0.31746031746031744,neutral
CYRSSSFG,21,12,5,8,33,13,0.31746031746031744,neutral
VCFLYVCC,20,13,4,9,33,13,0.31746031746031744,neutral
SFGDRIYH,23,10,7,6,33,13,0.31746031746031744,neutral
CFFLSCYV,22,11,7,6,33,13,0.31746031746031744,neutral
FVLRINCG,20,13,7,6,33,13,0.31746031746031744,neutral
FDFFHFCC,19,14,8,5,33,13,0.31746031746031744,neutral
INLYFSCG,23,10,7,6,33,13,0.31746031746031744,neutral
CVSDHYGC,18,15,7,6,33,13,0.31746031746031744,neutral
LGGCCSLF,20,13,5,8,33,13,0.31746031746031744,neutral
ILGSCYIF,20,13,7,6,33,13,0.31746031746031744,neutral
GDVCGCVC,23,10,8,5,33,13,0.31746031746031744,neutral
YFYLVGCH,16,17,6,7,33,13,0.31746031746031744,neutral
CVYDFYYS,16,17,7,6,33,13,0.31746031746031744,neutral
VILDHYGV,18,15,4,9,33,13,0.31746031746031744,neutral
FNFLSHFF,33,22,12,16,55,28,0.3176470588235294,neutral
LNCRCCVH,33,22,15,13,55,28,0.3176470588235294,neutral
VYRFYCRV,33,22,12,16,55,28,0.3176470588235294,neutral
CRFFGYLV,30,25,12,16,55,28,0.3176470588235294,neutral
LCGFRYFG,31,24,15,13,55,28,0.3176470588235294,neutral
VSCLVYGG,35,20,16,12,55,28,0.3176470588235294,neutral
RYLNYHCG,37,18,16,12,55,28,0.3176470588235294,neutral
FFSCGYCD,35,20,14,14,55,28,0.3176470588235294,neutral
FLCGCISS,34,21,18,10,55,28,0.3176470588235294,neutral
FICIRCDV,36,19,13,15,55,28,0.3176470588235294,neutral
DYVNFHCG,35,20,12,16,55,28,0.3176470588235294,neutral
GICLCHNG,35,20,8,20,55,28,0.3176470588235294,neutral
FRFCCRNN,46,31,27,16,77,43,0.3177570093457944,neutral
FHIGSIIC,37,40,20,23,77,43,0.3177570093457944,neutral
FIHIVSDG,59,40,27,31,99,58,0.3178294573643411,neutral
FCLGVVRC,58,41,25,33,99,58,0.3178294573643411,neutral
LVNGCYGF,59,40,33,25,99,58,0.3178294573643411,neutral
FFVYDLVV,69,52,32,41,121,73,0.31788079470198677,neutral
IVYHNSIR,66,55,35,38,121,73,0.31788079470198677,neutral
ICNSCIHN,60,61,37,36,121,73,0.31788079470198677,neutral
RIRCDDCF,24,12,5,10,36,15,0.3181818181818182,neutral
CYFRFVGF,20,16,9,6,36,15,0.3181818181818182,neutral
VCGCFSNF,24,12,8,7,36,15,0.3181818181818182,neutral
FCVYVYCI,8,6,0,0,14,0,0.3181818181818182,neutral
YFSIYFYV,8,6,0,0,14,0,0.3181818181818182,neutral
SGYLCGYI,25,11,8,7,36,15,0.3181818181818182,neutral
CCLFLCIF,10,4,0,0,14,0,0.3181818181818182,neutral
IFVFYVIV,10,4,0,0,14,0,0.3181818181818182,neutral
LFGHCVNL,22,14,4,11,36,15,0.3181818181818182,neutral
LFVLIYCF,11,3,0,0,14,0,0.3181818181818182,neutral
FSCHYHSR,21,15,7,8,36,15,0.3181818181818182,neutral
FFFYFVCL,8,6,0,0,14,0,0.3181818181818182,neutral
CDFCVCDN,37,21,11,19,58,30,0.3181818181818182,neutral
CYIRICLH,12,2,0,0,14,0,0.3181818181818182,neutral
FSYCVIVL,10,4,0,0,14,0,0.3181818181818182,neutral
VIFGLGNG,48,32,23,22,80,45,0.3181818181818182,neutral
FSCVIFCF,7,7,0,0,14,0,0.3181818181818182,neutral
FFFCLCIL,9,5,0,0,14,0,0.3181818181818182,neutral
CSFGCCFF,11,3,0,0,14,0,0.3181818181818182,neutral
FYLICLNY,11,3,0,0,14,0,0.3181818181818182,neutral
CGCFFDHH,33,25,13,17,58,30,0.3181818181818182,neutral
YVIIRCLV,11,3,0,0,14,0,0.3181818181818182,neutral
CFFCVYIF,8,6,0,0,14,0,0.3181818181818182,neutral
FSLSVSYF,4,10,0,0,14,0,0.3181818181818182,neutral
SYLGLLSG,32,26,15,15,58,30,0.3181818181818182,neutral
FLYFGLFD,8,6,0,0,14,0,0.3181818181818182,neutral
FFFHCIIC,7,7,0,0,14,0,0.3181818181818182,neutral
CFCFVVRY,9,5,0,0,14,0,0.3181818181818182,neutral
CIVCSHRD,22,14,10,5,36,15,0.3181818181818182,neutral
CSGIHCCI,18,18,10,5,36,15,0.3181818181818182,neutral
CHICIRCI,10,4,0,0,14,0,0.3181818181818182,neutral
DIIVFVII,7,7,0,0,14,0,0.3181818181818182,neutral
FFIDFFIH,11,3,0,0,14,0,0.3181818181818182,neutral
LVGSRFYC,25,11,8,7,36,15,0.3181818181818182,neutral
GICDFVFY,20,16,5,10,36,15,0.3181818181818182,neutral
GCVSVLDG,29,29,11,19,58,30,0.3181818181818182,neutral
ICYICDGN,24,12,8,7,36,15,0.3181818181818182,neutral
FRCYVVCY,11,3,0,0,14,0,0.3181818181818182,neutral
FYDISHFF,48,32,22,23,80,45,0.3181818181818182,neutral
GYFYSRCV,24,12,10,5,36,15,0.3181818181818182,neutral
LFFCCVNV,27,9,11,4,36,15,0.3181818181818182,neutral
FFFFDIFI,9,5,0,0,14,0,0.3181818181818182,neutral
CLFGCFGC,20,16,8,7,36,15,0.3181818181818182,neutral
CRVCLGFF,9,5,0,0,14,0,0.3181818181818182,neutral
CSFLFYFR,10,4,0,0,14,0,0.3181818181818182,neutral
DSCIHFGG,37,21,11,19,58,30,0.3181818181818182,neutral
FVILFNVI,8,6,0,0,14,0,0.3181818181818182,neutral
FIVHFFVV,9,5,0,0,14,0,0.3181818181818182,neutral
YCDRCGLG,59,43,33,27,102,60,0.3181818181818182,neutral
GCFGIDHL,49,31,18,27,80,45,0.3181818181818182,neutral
CCDNLVCI,49,31,24,21,80,45,0.3181818181818182,neutral
FDGGGGIF,25,11,7,8,36,15,0.3181818181818182,neutral
GDDYSDLV,35,23,10,20,58,30,0.3181818181818182,neutral
FYISFCCH,8,6,0,0,14,0,0.3181818181818182,neutral
IYYLDSGC,24,12,6,9,36,15,0.3181818181818182,neutral
CGLGNCGF,24,12,10,5,36,15,0.3181818181818182,neutral
FSFFRFFR,7,7,0,0,14,0,0.3181818181818182,neutral
CCLCRFYC,12,2,0,0,14,0,0.3181818181818182,neutral
FCIIFHSD,27,9,7,8,36,15,0.3181818181818182,neutral
HFFYVGCD,21,15,10,5,36,15,0.3181818181818182,neutral
FFVSYLDV,22,14,6,9,36,15,0.3181818181818182,neutral
LNGLCHDI,48,32,21,24,80,45,0.3181818181818182,neutral
VLFLYFCG,9,5,0,0,14,0,0.3181818181818182,neutral
FFLLFNYC,10,4,0,0,14,0,0.3181818181818182,neutral
RVRRLYGD,33,25,17,13,58,30,0.3181818181818182,neutral
SYGFGFGF,46,34,17,28,80,45,0.3181818181818182,neutral
SSYCFGCL,46,34,24,21,80,45,0.3181818181818182,neutral
YCYVYRFI,9,5,0,0,14,0,0.3181818181818182,neutral
HCVSFLVV,38,20,13,17,58,30,0.3181818181818182,neutral
SCYFRCSN,20,16,6,9,36,15,0.3181818181818182,neutral
CFLCVLGY,10,4,0,0,14,0,0.3181818181818182,neutral
IRYYVCVL,5,9,0,0,14,0,0.3181818181818182,neutral
CFFFFFYR,9,5,0,0,14,0,0.3181818181818182,neutral
CYNINFGI,18,18,9,6,36,15,0.3181818181818182,neutral
FFVFCFFF,6,8,0,0,14,0,0.3181818181818182,neutral
LFDFCLRR,71,56,35,42,127,77,0.3184713375796178,neutral
FGFISLNR,57,48,34,28,105,62,0.31851851851851853,neutral
CFFFDVSG,55,50,35,27,105,62,0.31851851851851853,neutral
YSLFHRVC,56,49,34,28,105,62,0.31851851851851853,neutral
DCVFCCSG,50,33,24,23,83,47,0.3185840707964602,neutral
FNCLGLFR,50,33,25,22,83,47,0.3185840707964602,neutral
DNSCCCCL,51,32,21,26,83,47,0.3185840707964602,neutral
FNFSRLCG,39,22,11,21,61,32,0.31868131868131866,neutral
GGYYVCIH,34,27,21,11,61,32,0.31868131868131866,neutral
SFFLDGCS,37,24,15,17,61,32,0.31868131868131866,neutral
LYVDYSVC,37,24,16,16,61,32,0.31868131868131866,neutral
DCDFRRYR,35,26,14,18,61,32,0.31868131868131866,neutral
CDVSDLFD,35,26,8,24,61,32,0.31868131868131866,neutral
FCGGVRLD,32,29,14,18,61,32,0.31868131868131866,neutral
FFCCDVRF,32,29,16,16,61,32,0.31868131868131866,neutral
DCYYIRVN,20,19,8,9,39,17,0.3188405797101449,neutral
IFYCCCSL,25,14,8,9,39,17,0.3188405797101449,neutral
YHFDNGFC,22,17,12,5,39,17,0.3188405797101449,neutral
IVCYDFIR,23,16,7,10,39,17,0.3188405797101449,neutral
NVVNCFYY,25,14,8,9,39,17,0.3188405797101449,neutral
FLCRHYVL,28,11,7,10,39,17,0.3188405797101449,neutral
DVCLGNCI,16,23,9,8,39,17,0.3188405797101449,neutral
FVSVFDCC,29,10,6,11,39,17,0.3188405797101449,neutral
HSGLLDLR,58,50,27,37,108,64,0.3188405797101449,neutral
HFVCGHGF,25,14,8,9,39,17,0.3188405797101449,neutral
GFCRIISF,21,18,7,10,39,17,0.3188405797101449,neutral
HFVSCVDC,22,17,6,11,39,17,0.3188405797101449,neutral
GFLGGCDI,23,16,10,7,39,17,0.3188405797101449,neutral
FNYLSYGI,28,11,10,7,39,17,0.3188405797101449,neutral
GYGIYHVV,27,12,7,10,39,17,0.3188405797101449,neutral
GLYGGRGG,58,50,35,29,108,64,0.3188405797101449,neutral
DFSCSCVY,26,13,8,9,39,17,0.3188405797101449,neutral
VHGFINDY,27,12,6,11,39,17,0.3188405797101449,neutral
CCDCVCCR,29,10,9,8,39,17,0.3188405797101449,neutral
CRIDCFDC,26,13,9,8,39,17,0.3188405797101449,neutral
CYFRFGRR,47,39,29,20,86,49,0.31896551724137934,neutral
FHNFDLCS,52,34,25,24,86,49,0.31896551724137934,neutral
VCFFSRIC,52,34,21,28,86,49,0.31896551724137934,neutral
FICLFFVL,13,4,0,2,17,2,0.3191489361702128,neutral
VCLGFIVI,11,6,0,2,17,2,0.3191489361702128,neutral
GFHVYIYL,11,6,1,1,17,2,0.3191489361702128,neutral
LCCVVVIC,11,6,2,0,17,2,0.3191489361702128,neutral
LYHNRDFG,41,23,21,13,64,34,0.3191489361702128,neutral
FCVFYLFH,11,6,0,2,17,2,0.3191489361702128,neutral
LFGLIDFR,41,23,18,16,64,34,0.3191489361702128,neutral
VCHYFVFC,12,5,1,1,17,2,0.3191489361702128,neutral
GRFYSVDF,8,9,2,0,17,2,0.3191489361702128,neutral
FFFVVIYF,15,2,1,1,17,2,0.3191489361702128,neutral
CCGCFCVF,9,8,0,2,17,2,0.3191489361702128,neutral
FFCCVYRY,13,4,1,1,17,2,0.3191489361702128,neutral
LYFNCGIR,32,32,14,20,64,34,0.3191489361702128,neutral
FYVCVCCF,11,6,1,1,17,2,0.3191489361702128,neutral
VCGYRFCL,12,5,1,1,17,2,0.3191489361702128,neutral
FYIISFCF,13,4,1,1,17,2,0.3191489361702128,neutral
CCCRVIIF,10,7,2,0,17,2,0.3191489361702128,neutral
LFLLCFIH,10,7,0,2,17,2,0.3191489361702128,neutral
GCHFCSSV,39,25,18,16,64,34,0.3191489361702128,neutral
FFFFYLGH,10,7,2,0,17,2,0.3191489361702128,neutral
YFYCLRCS,10,7,1,1,17,2,0.3191489361702128,neutral
FRLICFFC,12,5,1,1,17,2,0.3191489361702128,neutral
GVHDCIFY,13,4,1,1,17,2,0.3191489361702128,neutral
IVCFINFY,14,3,1,1,17,2,0.3191489361702128,neutral
CCCCFIFI,9,8,2,0,17,2,0.3191489361702128,neutral
VCHLLIGV,40,24,14,20,64,34,0.3191489361702128,neutral
FCCFFVYV,15,2,2,0,17,2,0.3191489361702128,neutral
YSVIVCVR,14,3,2,0,17,2,0.3191489361702128,neutral
FRFISYFC,10,7,0,2,17,2,0.3191489361702128,neutral
YFCVLCVS,10,7,0,2,17,2,0.3191489361702128,neutral
LVLVCIVI,10,7,0,2,17,2,0.3191489361702128,neutral
IYDFVSFV,32,32,21,13,64,34,0.3191489361702128,neutral
FIICVVSV,14,3,0,2,17,2,0.3191489361702128,neutral
IFFCYVHC,12,5,1,1,17,2,0.3191489361702128,neutral
SYLIYCFG,10,7,2,0,17,2,0.3191489361702128,neutral
FFFHCYLF,10,7,0,2,17,2,0.3191489361702128,neutral
FFCVLFFF,13,4,1,1,17,2,0.3191489361702128,neutral
YFCLCFLV,13,4,1,1,17,2,0.3191489361702128,neutral
IRVNFVCL,10,7,0,2,17,2,0.3191489361702128,neutral
YLRCYVIF,6,11,2,0,17,2,0.3191489361702128,neutral
CYGCRCVG,12,5,1,1,17,2,0.3191489361702128,neutral
FYFFCGCC,10,7,1,1,17,2,0.3191489361702128,neutral
FFYLVIGL,8,9,2,0,17,2,0.3191489361702128,neutral
CFRCYFSC,12,5,1,1,17,2,0.3191489361702128,neutral
VFLCIYCV,12,5,1,1,17,2,0.3191489361702128,neutral
RFHFFCFR,14,3,1,1,17,2,0.3191489361702128,neutral
FYDYCFSN,41,23,14,20,64,34,0.3191489361702128,neutral
GVLIIVCS,12,5,1,1,17,2,0.3191489361702128,neutral
VCVVDSFI,41,23,12,22,64,34,0.3191489361702128,neutral
FLRCFVCC,8,9,0,2,17,2,0.3191489361702128,neutral
YYSNLLVG,77,59,33,50,136,83,0.3192771084337349,neutral
CYSGYFGL,53,36,20,31,89,51,0.31932773109243695,neutral
VRNGFGVG,51,38,21,30,89,51,0.31932773109243695,neutral
DLGVFVIC,24,18,8,11,42,19,0.3194444444444444,neutral
FLVCDLLL,28,14,6,13,42,19,0.3194444444444444,neutral
RHCIGYDI,24,18,10,9,42,19,0.3194444444444444,neutral
FFGLDVFR,26,16,10,9,42,19,0.3194444444444444,neutral
CGCIDCHY,28,14,6,13,42,19,0.3194444444444444,neutral
IYGDLVCV,23,19,10,9,42,19,0.3194444444444444,neutral
GYDFNVYV,29,13,9,10,42,19,0.3194444444444444,neutral
CRFRVHCF,26,16,7,12,42,19,0.3194444444444444,neutral
LYCDLNVL,24,18,6,13,42,19,0.3194444444444444,neutral
LHSLICNY,23,19,12,7,42,19,0.3194444444444444,neutral
VRYLFGVY,26,16,8,11,42,19,0.3194444444444444,neutral
GYNGYFSS,26,16,6,13,42,19,0.3194444444444444,neutral
FDVCGYVL,27,15,9,10,42,19,0.3194444444444444,neutral
SFICIFNS,27,15,9,10,42,19,0.3194444444444444,neutral
HYGIHFFG,22,20,13,6,42,19,0.3194444444444444,neutral
IFNFYYHC,27,15,11,8,42,19,0.3194444444444444,neutral
FIGLYNIR,28,14,6,13,42,19,0.3194444444444444,neutral
FFVGVCNN,28,14,10,9,42,19,0.3194444444444444,neutral
VYVFNNNH,21,21,10,9,42,19,0.3194444444444444,neutral
CSFSDCSY,21,21,11,8,42,19,0.3194444444444444,neutral
YYDRHGYD,28,14,8,11,42,19,0.3194444444444444,neutral
VICVVSRR,72,67,40,45,139,85,0.31952662721893493,neutral
FLFCGSLL,43,24,23,13,67,36,0.31958762886597936,neutral
GDLVRIYC,41,26,19,17,67,36,0.31958762886597936,neutral
FYINIRGC,42,25,17,19,67,36,0.31958762886597936,neutral
YNDFHVCI,38,29,18,18,67,36,0.31958762886597936,neutral
LRYINSIR,42,25,16,20,67,36,0.31958762886597936,neutral
FVFYSNCL,41,26,16,20,67,36,0.31958762886597936,neutral
GVYCGLSG,49,43,21,32,92,53,0.319672131147541,neutral
CGFCIGCD,55,37,26,27,92,53,0.319672131147541,neutral
FICYIFHG,11,9,4,0,20,4,0.32,neutral
GYLGCSGF,31,14,12,9,45,21,0.32,neutral
DIVILFCF,12,8,2,2,20,4,0.32,neutral
FCIYVCFI,10,10,2,2,20,4,0.32,neutral
VNNCFNCH,25,20,12,9,45,21,0.32,neutral
FYSVCDND,14,6,3,1,20,4,0.32,neutral
YCVCDISG,29,16,9,12,45,21,0.32,neutral
FNDYLCFV,30,15,10,11,45,21,0.32,neutral
DDNLCFYG,14,6,2,2,20,4,0.32,neutral
LFCCCYGC,12,8,1,3,20,4,0.32,neutral
FGHFFCFG,57,38,27,28,95,55,0.32,neutral
LCVYLFVL,15,5,3,1,20,4,0.32,neutral
VCDCSCLV,29,16,11,10,45,21,0.32,neutral
FFYLFHYR,11,9,2,2,20,4,0.32,neutral
YDNFCFGG,57,38,22,33,95,55,0.32,neutral
FFDHRSFF,10,10,2,2,20,4,0.32,neutral
RRYDFCGN,13,7,3,1,20,4,0.32,neutral
CFCNCLRC,13,7,2,2,20,4,0.32,neutral
FFISYDCI,34,36,21,17,70,38,0.32,neutral
ICIRHFCI,14,6,2,2,20,4,0.32,neutral
FFVSCYGD,44,26,17,21,70,38,0.32,neutral
VFVLSIHD,11,9,1,3,20,4,0.32,neutral
LYNFFFVF,11,9,1,3,20,4,0.32,neutral
FCIGFGSH,25,20,3,18,45,21,0.32,neutral
VLYYCDVH,27,18,6,15,45,21,0.32,neutral
VFSHCFFG,30,15,9,12,45,21,0.32,neutral
LVINSFDL,27,18,13,8,45,21,0.32,neutral
VCYISFYF,14,6,3,1,20,4,0.32,neutral
FVIDSFCH,42,28,22,16,70,38,0.32,neutral
LFVVLYCS,15,5,2,2,20,4,0.32,neutral
YRIFGDVH,42,28,21,17,70,38,0.32,neutral
SVFCCSRR,41,29,21,17,70,38,0.32,neutral
VINCDFCV,32,13,13,8,45,21,0.32,neutral
IGCHCIHI,40,30,22,16,70,38,0.32,neutral
YYCGHRLG,16,4,1,3,20,4,0.32,neutral
GYLCGCDR,42,28,25,13,70,38,0.32,neutral
VRFCCCFD,12,8,2,2,20,4,0.32,neutral
CHCSGSCC,8,12,3,1,20,4,0.32,neutral
LRFRLYCR,44,26,24,14,70,38,0.32,neutral
GFYRDGLV,29,16,12,9,45,21,0.32,neutral
IYCVLVCG,12,8,3,1,20,4,0.32,neutral
CIYNCDSS,28,17,12,9,45,21,0.32,neutral
ICFCVLLC,11,9,4,0,20,4,0.32,neutral
ICIRSCFS,41,29,17,21,70,38,0.32,neutral
VFCCVRVH,29,16,13,8,45,21,0.32,neutral
VRYVHNYC,68,52,42,30,120,72,0.32,neutral
YCNICDYF,29,16,6,15,45,21,0.32,neutral
FDFCFGIF,15,5,1,3,20,4,0.32,neutral
HFCSFGGL,12,8,2,2,20,4,0.32,neutral
GHCNCFVR,26,19,7,14,45,21,0.32,neutral
LGDSCRFD,15,5,3,1,20,4,0.32,neutral
SFIFLFFS,12,8,2,2,20,4,0.32,neutral
GYIIRVGH,26,19,10,11,45,21,0.32,neutral
DFCIHNGV,71,52,39,35,123,74,0.3202614379084967,neutral
GLCCVRLN,46,27,20,20,73,40,0.32038834951456313,neutral
IFYVGVCG,46,27,19,21,73,40,0.32038834951456313,neutral
FFCSCDRF,46,27,20,20,73,40,0.32038834951456313,neutral
CVRSFGGC,46,27,21,19,73,40,0.32038834951456313,neutral
FFSSHFII,39,34,16,24,73,40,0.32038834951456313,neutral
CCDIFGNG,44,29,23,17,73,40,0.32038834951456313,neutral
RLFCGGVF,46,27,19,21,73,40,0.32038834951456313,neutral
GGRCGYLR,43,30,18,22,73,40,0.32038834951456313,neutral
VCFCDLCV,43,30,21,19,73,40,0.32038834951456313,neutral
LCDVFNGF,28,20,10,13,48,23,0.32051282051282054,neutral
CCCRVRLR,24,24,9,14,48,23,0.32051282051282054,neutral
FVNCFIRC,27,21,16,7,48,23,0.32051282051282054,neutral
LCHIINLL,27,21,9,14,48,23,0.32051282051282054,neutral
FVVCGSGH,30,18,17,6,48,23,0.32051282051282054,neutral
GYRFCCVH,31,17,8,15,48,23,0.32051282051282054,neutral
CISRCGFD,27,21,13,10,48,23,0.32051282051282054,neutral
YCFCFVIH,33,15,14,9,48,23,0.32051282051282054,neutral
CCSNCVNH,28,20,14,9,48,23,0.32051282051282054,neutral
HSLYFFHG,30,18,9,14,48,23,0.32051282051282054,neutral
YCSGSCDC,33,15,12,11,48,23,0.32051282051282054,neutral
YVCGVLGD,29,19,14,9,48,23,0.32051282051282054,neutral
IIGDFIYR,26,22,10,13,48,23,0.32051282051282054,neutral
VYNCGCLC,32,16,9,14,48,23,0.32051282051282054,neutral
CVINICGY,53,48,29,30,101,59,0.32061068702290074,neutral
GLFYVHGS,57,44,32,27,101,59,0.32061068702290074,neutral
LLGCGGVC,57,44,28,31,101,59,0.32061068702290074,neutral
IFVVDVVF,13,10,3,3,23,6,0.32075471698113206,neutral
CSNLNDFC,46,30,23,19,76,42,0.32075471698113206,neutral
YCLFNIDI,17,6,4,2,23,6,0.32075471698113206,neutral
VCHCVRCF,16,7,4,2,23,6,0.32075471698113206,neutral
YIFFYFVH,16,7,4,2,23,6,0.32075471698113206,neutral
FFCSCFVR,13,10,2,4,23,6,0.32075471698113206,neutral
FISVLRDY,13,10,1,5,23,6,0.32075471698113206,neutral
VIVFNRCF,16,7,5,1,23,6,0.32075471698113206,neutral
FYCCHCGF,47,29,22,20,76,42,0.32075471698113206,neutral
CYGLVLVH,16,7,4,2,23,6,0.32075471698113206,neutral
CFCFYSDF,17,6,3,3,23,6,0.32075471698113206,neutral
FCVCFNDY,15,8,3,3,23,6,0.32075471698113206,neutral
YRLVSYCG,18,5,3,3,23,6,0.32075471698113206,neutral
FCSIFCDC,11,12,1,5,23,6,0.32075471698113206,neutral
FSFVDFLN,12,11,5,1,23,6,0.32075471698113206,neutral
YYVFDCLI,8,15,3,3,23,6,0.32075471698113206,neutral
CYYVFFLF,14,9,4,2,23,6,0.32075471698113206,neutral
VVCFCCFG,16,7,1,5,23,6,0.32075471698113206,neutral
CFVNGFRD,41,35,21,21,76,42,0.32075471698113206,neutral
YLVCCRCF,15,8,4,2,23,6,0.32075471698113206,neutral
CFGSSYGD,13,10,5,1,23,6,0.32075471698113206,neutral
CRFFCLGL,17,6,5,1,23,6,0.32075471698113206,neutral
YYHGHFGG,12,11,2,4,23,6,0.32075471698113206,neutral
FCCVYCLC,17,6,3,3,23,6,0.32075471698113206,neutral
SDCSIHFG,45,31,21,21,76,42,0.32075471698113206,neutral
CLNFISCC,11,12,3,3,23,6,0.32075471698113206,neutral
CIYYVCYG,13,10,4,2,23,6,0.32075471698113206,neutral
GYDVLIGI,46,30,18,24,76,42,0.32075471698113206,neutral
IFFVSYCR,15,8,6,0,23,6,0.32075471698113206,neutral
ICFNCSCI,14,9,5,1,23,6,0.32075471698113206,neutral
GCLFDDDF,10,13,3,3,23,6,0.32075471698113206,neutral
YFIYDYDS,45,31,23,19,76,42,0.32075471698113206,neutral
FYYCGNDV,18,5,3,3,23,6,0.32075471698113206,neutral
YVGYIFVH,57,47,23,38,104,61,0.3208955223880597,neutral
FVCHCLCN,30,21,12,13,51,25,0.32098765432098764,neutral
YFLYHSFD,32,19,12,13,51,25,0.32098765432098764,neutral
YSCVDCDC,35,16,8,17,51,25,0.32098765432098764,neutral
FCNDCYFI,31,20,17,8,51,25,0.32098765432098764,neutral
FNIHYCGG,35,16,15,10,51,25,0.32098765432098764,neutral
YDLCFDVD,33,18,15,10,51,25,0.32098765432098764,neutral
YCNCVDYR,27,24,9,16,51,25,0.32098765432098764,neutral
LCYSLNYS,29,22,13,12,51,25,0.32098765432098764,neutral
VLLHYCSV,33,18,16,9,51,25,0.32098765432098764,neutral
VSHSNGFF,45,34,21,23,79,44,0.3211009174311927,neutral
NYFGCIYH,48,31,16,28,79,44,0.3211009174311927,neutral
CYSVHVDV,49,30,21,23,79,44,0.3211009174311927,neutral
SYRLCHHD,45,34,17,27,79,44,0.3211009174311927,neutral
SCRGHCRY,47,32,22,22,79,44,0.3211009174311927,neutral
FFRDYCCI,46,33,22,22,79,44,0.3211009174311927,neutral
FVDFFCFH,49,30,23,21,79,44,0.3211009174311927,neutral
GCHLNIGY,49,30,26,18,79,44,0.3211009174311927,neutral
CCDNVCFY,47,32,13,31,79,44,0.3211009174311927,neutral
FYFCFRDY,47,32,15,29,79,44,0.3211009174311927,neutral
CFHVCSVF,63,44,29,34,107,63,0.32116788321167883,neutral
DDHHFYDH,62,45,33,30,107,63,0.32116788321167883,neutral
LFGCRVHC,58,49,30,33,107,63,0.32116788321167883,neutral
HFFCGGRL,77,58,45,37,135,82,0.3212121212121212,neutral
YFSCDCLY,29,25,9,18,54,27,0.32142857142857145,neutral
CCNGFCFF,18,8,2,6,26,8,0.32142857142857145,neutral
RRFLVCID,33,21,14,13,54,27,0.32142857142857145,neutral
FNSRYCCN,36,18,14,13,54,27,0.32142857142857145,neutral
FLFCYVCH,19,7,4,4,26,8,0.32142857142857145,neutral
YCYFDCIV,34,20,14,13,54,27,0.32142857142857145,neutral
CNCFRDGC,31,23,13,14,54,27,0.32142857142857145,neutral
FLCDYCFV,17,9,3,5,26,8,0.32142857142857145,neutral
GCCIFDSG,20,6,5,3,26,8,0.32142857142857145,neutral
CSLYFCYG,18,8,4,4,26,8,0.32142857142857145,neutral
FCVCGYLI,16,10,3,5,26,8,0.32142857142857145,neutral
VFLDDRIF,64,46,32,33,110,65,0.32142857142857145,neutral
DNCFVSDL,32,22,15,12,54,27,0.32142857142857145,neutral
FFLVDVFV,19,7,5,3,26,8,0.32142857142857145,neutral
FCFFSNYF,18,8,7,1,26,8,0.32142857142857145,neutral
LILCRCGV,17,9,4,4,26,8,0.32142857142857145,neutral
DFGCFNVL,34,20,15,12,54,27,0.32142857142857145,neutral
FLFLYLFS,20,6,5,3,26,8,0.32142857142857145,neutral
CDCCRFLV,15,11,5,3,26,8,0.32142857142857145,neutral
YCINCNVI,13,13,3,5,26,8,0.32142857142857145,neutral
VCGGICCL,18,8,4,4,26,8,0.32142857142857145,neutral
HFDYHDIY,15,11,3,5,26,8,0.32142857142857145,neutral
YNLYVGRI,21,5,4,4,26,8,0.32142857142857145,neutral
CDGYFGYF,50,32,17,29,82,46,0.32142857142857145,neutral
SFVCGYFF,16,10,5,3,26,8,0.32142857142857145,neutral
CGFNLGYF,35,19,16,11,54,27,0.32142857142857145,neutral
FYYYCRRG,14,12,3,5,26,8,0.32142857142857145,neutral
YHIYCDRC,20,6,5,3,26,8,0.32142857142857145,neutral
VFFRDCYD,14,12,1,7,26,8,0.32142857142857145,neutral
CGGCCGCY,18,8,5,3,26,8,0.32142857142857145,neutral
FIIRHYCF,15,11,4,4,26,8,0.32142857142857145,neutral
FIYDRGYY,21,5,5,3,26,8,0.32142857142857145,neutral
VFNISCFR,16,10,7,1,26,8,0.32142857142857145,neutral
FCGVCVSC,16,10,3,5,26,8,0.32142857142857145,neutral
GCSCDCLG,18,8,5,3,26,8,0.32142857142857145,neutral
GVYIDFII,19,7,3,5,26,8,0.32142857142857145,neutral
CDVFLVGC,76,62,34,50,138,84,0.32142857142857145,neutral
GVCFCVDR,16,10,4,4,26,8,0.32142857142857145,neutral
YGVHRILY,17,9,2,6,26,8,0.32142857142857145,neutral
YGFDFNSF,24,30,14,13,54,27,0.32142857142857145,neutral
YVGRGHHR,63,50,32,35,113,67,0.32167832167832167,neutral
NVDVDFGF,45,40,26,22,85,48,0.3217391304347826,neutral
HYCCNLGD,51,34,18,30,85,48,0.3217391304347826,neutral
CSVCGRLN,48,37,19,29,85,48,0.3217391304347826,neutral
FFIRFCGD,44,41,22,26,85,48,0.3217391304347826,neutral
GFICCDCN,35,22,10,19,57,29,0.3218390804597701,neutral
FDHCDCCG,37,20,15,14,57,29,0.3218390804597701,neutral
HNCYNLCN,37,20,16,13,57,29,0.3218390804597701,neutral
NSYCGFCV,38,19,15,14,57,29,0.3218390804597701,neutral
FCVCDVGN,34,23,12,17,57,29,0.3218390804597701,neutral
CNVCVCLD,30,27,18,11,57,29,0.3218390804597701,neutral
RIFCVCDD,29,28,13,16,57,29,0.3218390804597701,neutral
YSDCVIGF,38,19,11,18,57,29,0.3218390804597701,neutral
RNFGGCFF,36,21,12,17,57,29,0.3218390804597701,neutral
LLCHGFFV,34,23,14,15,57,29,0.3218390804597701,neutral
CSIRCSFG,37,20,16,13,57,29,0.3218390804597701,neutral
FSLSYVFG,31,26,11,18,57,29,0.3218390804597701,neutral
GIVCGVCG,94,81,52,57,175,109,0.32195121951219513,neutral
HVRVFRLG,80,67,39,51,147,90,0.3220338983050847,neutral
FFIFNICH,18,11,4,6,29,10,0.3220338983050847,neutral
CVCGLFVS,18,11,4,6,29,10,0.3220338983050847,neutral
DVFRFFLG,17,12,6,4,29,10,0.3220338983050847,neutral
VSGIYGCH,23,6,4,6,29,10,0.3220338983050847,neutral
ILFRCSND,16,13,6,4,29,10,0.3220338983050847,neutral
CCRNCHCS,13,16,4,6,29,10,0.3220338983050847,neutral
VFFFDDCH,19,10,5,5,29,10,0.3220338983050847,neutral
YYNFGNRV,19,10,6,4,29,10,0.3220338983050847,neutral
FCVCYIFH,17,12,4,6,29,10,0.3220338983050847,neutral
NYGRIYCD,21,8,5,5,29,10,0.3220338983050847,neutral
YCVSVDSI,48,40,21,29,88,50,0.3220338983050847,neutral
VFVDFSSS,17,12,4,6,29,10,0.3220338983050847,neutral
GLIFFVHG,22,7,6,4,29,10,0.3220338983050847,neutral
YILNRGCH,23,6,5,5,29,10,0.3220338983050847,neutral
HCCIHSVY,16,13,5,5,29,10,0.3220338983050847,neutral
NLCYLNIL,16,13,8,2,29,10,0.3220338983050847,neutral
HNDNSCIY,15,14,4,6,29,10,0.3220338983050847,neutral
RDHFSNCY,18,11,4,6,29,10,0.3220338983050847,neutral
FIFSYYGC,19,10,5,5,29,10,0.3220338983050847,neutral
CRDNGYFV,23,6,5,5,29,10,0.3220338983050847,neutral
IFIFDYCS,18,11,6,4,29,10,0.3220338983050847,neutral
GYCFNNSC,49,39,26,24,88,50,0.3220338983050847,neutral
CYLGGYIR,23,6,4,6,29,10,0.3220338983050847,neutral
SLCCVFDC,16,13,6,4,29,10,0.3220338983050847,neutral
LCRDINYF,18,11,6,4,29,10,0.3220338983050847,neutral
GNYYINRC,88,90,48,63,178,111,0.32211538461538464,neutral
FLICGCGV,98,80,64,47,178,111,0.32211538461538464,neutral
VNDYGFLV,69,50,40,31,119,71,0.3221476510067114,neutral
LSFCLIGG,67,52,40,31,119,71,0.3221476510067114,neutral
CSNCDCFH,69,50,38,33,119,71,0.3221476510067114,neutral
IVCCVNHG,35,25,16,15,60,31,0.32222222222222224,neutral
DSFGLVYV,32,28,17,14,60,31,0.32222222222222224,neutral
YYHSISVL,36,24,12,19,60,31,0.32222222222222224,neutral
VHGCFVCC,36,24,13,18,60,31,0.32222222222222224,neutral
GIDYCSCF,31,29,14,17,60,31,0.32222222222222224,neutral
VCVCRINL,37,23,13,18,60,31,0.32222222222222224,neutral
VYLYSGCI,36,24,14,17,60,31,0.32222222222222224,neutral
YGVYFCRG,35,25,15,16,60,31,0.32222222222222224,neutral
YFCFNVIR,34,26,15,16,60,31,0.32222222222222224,neutral
FVLGCVGS,35,25,14,17,60,31,0.32222222222222224,neutral
LRIRDYLC,38,22,15,16,60,31,0.32222222222222224,neutral
SFGHYLFD,32,28,12,19,60,31,0.32222222222222224,neutral
IVSYCLYF,33,27,17,14,60,31,0.32222222222222224,neutral
DLCCRCGH,31,29,15,16,60,31,0.32222222222222224,neutral
VCVVNDVL,36,24,15,16,60,31,0.32222222222222224,neutral
VCCDCSHF,36,24,17,14,60,31,0.32222222222222224,neutral
SFYSCSLC,51,40,24,28,91,52,0.32231404958677684,neutral
YSGYYYVV,54,37,25,27,91,52,0.32231404958677684,neutral
NYHGSYIR,52,39,22,30,91,52,0.32231404958677684,neutral
NRFSFHFF,53,38,22,30,91,52,0.32231404958677684,neutral
RYLRSSIS,66,56,44,29,122,73,0.3223684210526316,neutral
IFSCGNRF,39,24,14,19,63,33,0.3225806451612903,neutral
YHFFVDYC,22,10,7,5,32,12,0.3225806451612903,neutral
GYVSYVLY,40,23,16,17,63,33,0.3225806451612903,neutral
FVCHLCRS,39,24,16,17,63,33,0.3225806451612903,neutral
VHNYVSVR,21,11,6,6,32,12,0.3225806451612903,neutral
LFCGLGCY,23,9,8,4,32,12,0.3225806451612903,neutral
IFVRVSGF,37,26,19,14,63,33,0.3225806451612903,neutral
HYGRFVYI,22,10,5,7,32,12,0.3225806451612903,neutral
VVCFSISC,36,27,16,17,63,33,0.3225806451612903,neutral
VYGGINFH,21,11,10,2,32,12,0.3225806451612903,neutral
FFCSGSCR,23,9,8,4,32,12,0.3225806451612903,neutral
FFHCNDFV,18,14,8,4,32,12,0.3225806451612903,neutral
CIVCRCDV,19,13,3,9,32,12,0.3225806451612903,neutral
FHGFYYLG,56,38,25,29,94,54,0.3225806451612903,neutral
ICFCLIDI,39,24,13,20,63,33,0.3225806451612903,neutral
YGVICVIN,23,9,5,7,32,12,0.3225806451612903,neutral
VYFCDVDF,22,10,4,8,32,12,0.3225806451612903,neutral
CIYGHFRF,17,15,4,8,32,12,0.3225806451612903,neutral
RFSIHHDN,37,26,16,17,63,33,0.3225806451612903,neutral
FFDDYNLV,21,11,4,8,32,12,0.3225806451612903,neutral
DHHCCHGC,67,58,42,33,125,75,0.3225806451612903,neutral
FRCGFDCF,22,10,4,8,32,12,0.3225806451612903,neutral
FGLRDCVG,81,78,45,53,159,98,0.32275132275132273,neutral
YSSCRCIV,68,60,34,43,128,77,0.3227848101265823,neutral
VFSCCLVR,56,41,27,29,97,56,0.3228346456692913,neutral
ICSVGLID,58,39,32,24,97,56,0.3228346456692913,neutral
GYICRLRL,42,24,20,15,66,35,0.3229166666666667,neutral
NCFHSVVL,38,28,14,21,66,35,0.3229166666666667,neutral
DINDGCYV,39,27,12,23,66,35,0.3229166666666667,neutral
VSGCCYLV,38,28,17,18,66,35,0.3229166666666667,neutral
GLGCCNYD,38,28,18,17,66,35,0.3229166666666667,neutral
YVVGIGFS,42,24,13,22,66,35,0.3229166666666667,neutral
IIGHHFGL,36,30,18,17,66,35,0.3229166666666667,neutral
LIRHCNCY,42,24,19,16,66,35,0.3229166666666667,neutral
GVCGCLRC,38,28,13,22,66,35,0.3229166666666667,neutral
VFGFYHDI,34,32,17,18,66,35,0.3229166666666667,neutral
LRIVYSGY,67,64,35,44,131,79,0.32298136645962733,neutral
LCVFGDSN,18,17,8,6,35,14,0.3230769230769231,neutral
YIDVHLGH,17,18,4,10,35,14,0.3230769230769231,neutral
DYVYCRDV,27,8,8,6,35,14,0.3230769230769231,neutral
FVFNCIYC,21,14,7,7,35,14,0.3230769230769231,neutral
FHLLFCDI,19,16,5,9,35,14,0.3230769230769231,neutral
IYIVVDSS,21,14,9,5,35,14,0.3230769230769231,neutral
IFCSGCNF,21,14,7,7,35,14,0.3230769230769231,neutral
GFHVYCFH,20,15,8,6,35,14,0.3230769230769231,neutral
YVLDVYGC,22,13,6,8,35,14,0.3230769230769231,neutral
FHCLSFLV,24,11,11,3,35,14,0.3230769230769231,neutral
FYVVGIHV,22,13,7,7,35,14,0.3230769230769231,neutral
LFCYRRVI,54,46,34,24,100,58,0.3230769230769231,neutral
NGCCYFRD,22,13,4,10,35,14,0.3230769230769231,neutral
DYVIYRIN,24,11,10,4,35,14,0.3230769230769231,neutral
ICFFSVVR,22,13,5,9,35,14,0.3230769230769231,neutral
CVYNRYCF,24,11,5,9,35,14,0.3230769230769231,neutral
DLFVRCCC,25,10,6,8,35,14,0.3230769230769231,neutral
LRLYSNCD,15,20,6,8,35,14,0.3230769230769231,neutral
YFCFIDFR,21,14,7,7,35,14,0.3230769230769231,neutral
IFCVDCRF,13,22,5,9,35,14,0.3230769230769231,neutral
FYGFCDRY,16,19,8,6,35,14,0.3230769230769231,neutral
NYYSVGYH,22,13,6,8,35,14,0.3230769230769231,neutral
CIHSCHIH,23,12,6,8,35,14,0.3230769230769231,neutral
SCCCCGRR,25,10,8,6,35,14,0.3230769230769231,neutral
FSYCVFHC,23,12,6,8,35,14,0.3230769230769231,neutral
IVVYRCSG,20,15,5,9,35,14,0.3230769230769231,neutral
INVFCVLH,20,15,6,8,35,14,0.3230769230769231,neutral
DCYGHYIN,27,8,7,7,35,14,0.3230769230769231,neutral
HRGVLCHF,23,12,8,6,35,14,0.3230769230769231,neutral
CFFDSSVC,24,11,3,11,35,14,0.3230769230769231,neutral
CCFDHFVL,44,25,15,22,69,37,0.32323232323232326,neutral
SGINLFDD,42,27,19,18,69,37,0.32323232323232326,neutral
YIYCSGVC,37,32,17,20,69,37,0.32323232323232326,neutral
SSVCCCVV,42,27,16,21,69,37,0.32323232323232326,neutral
FGFSLFDI,44,25,11,26,69,37,0.32323232323232326,neutral
LVDCGGCI,39,30,13,24,69,37,0.32323232323232326,neutral
LCGCLRGV,42,27,16,21,69,37,0.32323232323232326,neutral
RFVLDFIH,61,42,28,32,103,60,0.3233082706766917,neutral
IIFYLRDG,61,42,28,32,103,60,0.3233082706766917,neutral
VILCNFVV,45,27,13,26,72,39,0.3235294117647059,neutral
RFVCVFGC,19,19,6,10,38,16,0.3235294117647059,neutral
RCYVRCCV,24,14,5,11,38,16,0.3235294117647059,neutral
DRLNSYDI,22,16,7,9,38,16,0.3235294117647059,neutral
FCVLDNGF,24,14,12,4,38,16,0.3235294117647059,neutral
SYGGCLVF,26,12,12,4,38,16,0.3235294117647059,neutral
YVCGGFLL,25,13,8,8,38,16,0.3235294117647059,neutral
SCLCDYLV,59,47,24,38,106,62,0.3235294117647059,neutral
LFFRISRC,20,18,6,10,38,16,0.3235294117647059,neutral
LCHGLCHH,19,19,9,7,38,16,0.3235294117647059,neutral
ISVCVCCH,27,11,6,10,38,16,0.3235294117647059,neutral
CCVSVHCI,27,11,9,7,38,16,0.3235294117647059,neutral
VNYCFVRR,24,14,10,6,38,16,0.3235294117647059,neutral
CFYSCNRG,39,33,13,26,72,39,0.3235294117647059,neutral
FSSFVCNC,23,15,5,11,38,16,0.3235294117647059,neutral
FSRCICYC,25,13,9,7,38,16,0.3235294117647059,neutral
FDFSSNHC,22,16,6,10,38,16,0.3235294117647059,neutral
RFVVCHNR,44,28,17,22,72,39,0.3235294117647059,neutral
IGVYSLFC,19,19,10,6,38,16,0.3235294117647059,neutral
VFCFGSCF,27,11,9,7,38,16,0.3235294117647059,neutral
CIDYGHLI,28,10,3,13,38,16,0.3235294117647059,neutral
CRCGCFIS,22,16,6,10,38,16,0.3235294117647059,neutral
VFCICCNG,25,13,8,8,38,16,0.3235294117647059,neutral
DHVVCFDV,27,11,8,8,38,16,0.3235294117647059,neutral
FFYCFGRG,20,18,5,11,38,16,0.3235294117647059,neutral
GGLGFGCV,24,14,10,6,38,16,0.3235294117647059,neutral
DHCCVICF,43,29,20,19,72,39,0.3235294117647059,neutral
VDFVCLGG,63,46,31,33,109,64,0.3237410071942446,neutral
NRSVFVGY,45,30,22,19,75,41,0.3238095238095238,neutral
DLIFFGLD,42,33,20,21,75,41,0.3238095238095238,neutral
FFGCRVLN,46,29,26,15,75,41,0.3238095238095238,neutral
LYCDNDIF,43,32,19,22,75,41,0.3238095238095238,neutral
SFLGYGDV,46,29,17,24,75,41,0.3238095238095238,neutral
DNGHVYCI,47,28,26,15,75,41,0.3238095238095238,neutral
FFLSGVSR,46,29,18,23,75,41,0.3238095238095238,neutral
NCCIVNVC,41,34,26,15,75,41,0.3238095238095238,neutral
NDCRDVYY,30,11,10,8,41,18,0.323943661971831,neutral
FHNIDICG,30,11,12,6,41,18,0.323943661971831,neutral
FCFNYCYY,30,11,8,10,41,18,0.323943661971831,neutral
CSCYHIDF,25,16,5,13,41,18,0.323943661971831,neutral
YRCCHDHL,26,15,10,8,41,18,0.323943661971831,neutral
SYCFSIGG,24,17,10,8,41,18,0.323943661971831,neutral
CRHNCNVF,101,82,51,63,183,114,0.323943661971831,neutral
YDYVCSCV,63,49,31,35,112,66,0.323943661971831,neutral
DCFCCNFH,18,23,8,10,41,18,0.323943661971831,neutral
VNLYCCDG,25,16,13,5,41,18,0.323943661971831,neutral
LFCCDHGV,27,14,7,11,41,18,0.323943661971831,neutral
CCFLVSRG,26,15,10,8,41,18,0.323943661971831,neutral
LRGVSFYH,26,15,8,10,41,18,0.323943661971831,neutral
RCICIDFY,24,17,9,9,41,18,0.323943661971831,neutral
VFDFFYLS,28,13,8,10,41,18,0.323943661971831,neutral
RDYCDNNF,19,22,10,8,41,18,0.323943661971831,neutral
CGCYNDCI,29,12,8,10,41,18,0.323943661971831,neutral
CCVVDCSR,24,17,11,7,41,18,0.323943661971831,neutral
FHFDNYSC,23,18,6,12,41,18,0.323943661971831,neutral
LFGNGDYG,28,13,9,9,41,18,0.323943661971831,neutral
LNVFDIYI,22,19,8,10,41,18,0.323943661971831,neutral
SSGLYYSS,43,35,24,19,78,43,0.32407407407407407,neutral
FCGFLCGN,47,31,20,23,78,43,0.32407407407407407,neutral
SGDFFNCG,41,37,18,25,78,43,0.32407407407407407,neutral
CCYGLSVG,48,30,20,23,78,43,0.32407407407407407,neutral
FIFDHLIV,28,16,12,8,44,20,0.32432432432432434,neutral
SFCCHCIH,30,14,10,10,44,20,0.32432432432432434,neutral
ICDGSDGF,30,14,11,9,44,20,0.32432432432432434,neutral
FSVLYDVV,27,17,5,15,44,20,0.32432432432432434,neutral
VCFFGVCD,23,21,13,7,44,20,0.32432432432432434,neutral
YNFDYRRV,30,14,7,13,44,20,0.32432432432432434,neutral
FYSVIDRV,26,18,9,11,44,20,0.32432432432432434,neutral
GCYCGNLD,25,19,6,14,44,20,0.32432432432432434,neutral
LRSGSVFD,25,19,11,9,44,20,0.32432432432432434,neutral
HFHFVVVS,31,13,12,8,44,20,0.32432432432432434,neutral
FCVLCSSL,26,18,9,11,44,20,0.32432432432432434,neutral
YDFGICCH,25,19,9,11,44,20,0.32432432432432434,neutral
VVVYCNGF,27,17,7,13,44,20,0.32432432432432434,neutral
FVFFRGSL,65,53,30,40,118,70,0.32432432432432434,neutral
FRLHFNLI,30,14,8,12,44,20,0.32432432432432434,neutral
VDFCCFCD,50,31,14,31,81,45,0.32432432432432434,neutral
SFRYGYGG,28,16,11,9,44,20,0.32432432432432434,neutral
DFYHGFGC,24,20,10,10,44,20,0.32432432432432434,neutral
VFLCVGHG,70,51,34,38,121,72,0.32450331125827814,neutral
DLDFCGIG,41,43,20,27,84,47,0.32456140350877194,neutral
GCDVCISV,50,34,21,26,84,47,0.32456140350877194,neutral
IYDDYSVG,45,39,22,25,84,47,0.32456140350877194,neutral
FFRDGIRF,28,19,15,7,47,22,0.3246753246753247,neutral
IHYRLVLR,25,22,9,13,47,22,0.3246753246753247,neutral
CIHFGLRC,68,56,34,40,124,74,0.3246753246753247,neutral
FIFGVNFV,28,19,8,14,47,22,0.3246753246753247,neutral
FVNDGCGI,29,18,10,12,47,22,0.3246753246753247,neutral
CNCFVGFY,27,20,7,15,47,22,0.3246753246753247,neutral
GDCGFFVF,29,18,10,12,47,22,0.3246753246753247,neutral
IYSRGGSY,33,14,7,15,47,22,0.3246753246753247,neutral
YGFCFLGR,23,24,6,16,47,22,0.3246753246753247,neutral
GFFFFHCR,25,22,13,9,47,22,0.3246753246753247,neutral
VCFNVRLD,25,22,10,12,47,22,0.3246753246753247,neutral
IYYYVNGH,28,19,7,15,47,22,0.3246753246753247,neutral
RLCRCVDH,30,17,10,12,47,22,0.3246753246753247,neutral
ICYVGGFD,27,20,9,13,47,22,0.3246753246753247,neutral
LCCFISRV,24,23,7,15,47,22,0.3246753246753247,neutral
LLGFSCHG,32,15,10,12,47,22,0.3246753246753247,neutral
HGFYGGSC,33,14,11,11,47,22,0.3246753246753247,neutral
RDFRYGIY,33,14,9,13,47,22,0.3246753246753247,neutral
CCFIYVSG,31,16,6,16,47,22,0.3246753246753247,neutral
NCDCFIVY,31,16,11,11,47,22,0.3246753246753247,neutral
FDCVRIIY,32,15,12,10,47,22,0.3246753246753247,neutral
RCYILNRN,49,38,25,24,87,49,0.3247863247863248,neutral
CCGIDGIL,51,36,28,21,87,49,0.3247863247863248,neutral
YDIGCVYH,53,34,20,29,87,49,0.3247863247863248,neutral
VCNFHNHD,46,41,25,24,87,49,0.3247863247863248,neutral
FIFVCNGD,33,17,10,14,50,24,0.325,neutral
FVNLLYCR,28,22,11,13,50,24,0.325,neutral
FCGSFGCL,32,18,10,14,50,24,0.325,neutral
FFDCDFCF,28,22,12,12,50,24,0.325,neutral
GCSFVCVC,29,21,11,13,50,24,0.325,neutral
CCDLFYGS,33,17,12,12,50,24,0.325,neutral
YVCYSSFV,32,18,13,11,50,24,0.325,neutral
NVCLVDCY,34,16,16,8,50,24,0.325,neutral
LCFCISHC,34,16,16,8,50,24,0.325,neutral
IFLSGFSC,32,18,14,10,50,24,0.325,neutral
LFFGGVRF,31,19,12,12,50,24,0.325,neutral
SYSGGDHF,72,58,40,38,130,78,0.325,neutral
NFVHVYNC,29,21,13,11,50,24,0.325,neutral
CYVRCCRD,34,16,6,18,50,24,0.325,neutral
FRYRYIIH,31,19,12,12,50,24,0.325,neutral
YFNRDCCC,32,18,9,15,50,24,0.325,neutral
RVYDVCGF,32,18,14,10,50,24,0.325,neutral
YILCDHGD,28,22,9,15,50,24,0.325,neutral
FNICNYFI,29,21,11,13,50,24,0.325,neutral
FFSVFCGC,32,18,11,13,50,24,0.325,neutral
FCLGRGYG,56,37,21,32,93,53,0.3252032520325203,neutral
DVCHFGGV,54,39,25,28,93,53,0.3252032520325203,neutral
VYCRDCHF,36,17,13,13,53,26,0.3253012048192771,neutral
RFCNGCFG,24,29,12,14,53,26,0.3253012048192771,neutral
HNICLFDF,31,22,13,13,53,26,0.3253012048192771,neutral
IRDICVYR,30,23,13,13,53,26,0.3253012048192771,neutral
CHDHVGFF,33,20,10,16,53,26,0.3253012048192771,neutral
DVLYVVGD,35,18,14,12,53,26,0.3253012048192771,neutral
VICYLHYH,53,43,21,34,96,55,0.3253968253968254,neutral
HFFFSGLI,57,39,22,33,96,55,0.3253968253968254,neutral
SYCNLCGS,51,45,25,30,96,55,0.3253968253968254,neutral
LRRCCDSC,34,22,13,15,56,28,0.32558139534883723,neutral
FFGCVDVL,58,41,25,32,99,57,0.32558139534883723,neutral
FLGCCHNG,35,21,13,15,56,28,0.32558139534883723,neutral
SYVSDILG,32,24,13,15,56,28,0.32558139534883723,neutral
RVFFFRNG,32,24,15,13,56,28,0.32558139534883723,neutral
GDNFIRVF,37,19,10,18,56,28,0.32558139534883723,neutral
FLILGDVC,30,26,14,14,56,28,0.32558139534883723,neutral
FVCDNCCG,54,45,30,27,99,57,0.32558139534883723,neutral
VYSCLSGV,36,20,8,20,56,28,0.32558139534883723,neutral
ICVIRHLV,55,44,30,27,99,57,0.32558139534883723,neutral
IHVFSCIG,34,22,10,18,56,28,0.32558139534883723,neutral
DIVRYLSC,37,19,17,11,56,28,0.32558139534883723,neutral
VDRCVICC,31,25,9,19,56,28,0.32558139534883723,neutral
CGRHGSYR,37,19,15,13,56,28,0.32558139534883723,neutral
CHCIHGDL,34,22,15,13,56,28,0.32558139534883723,neutral
CCGYRFGV,36,20,9,19,56,28,0.32558139534883723,neutral
FVLGFNCC,33,23,14,14,56,28,0.32558139534883723,neutral
FFCDYRVC,34,22,11,17,56,28,0.32558139534883723,neutral
VCFGRLCI,82,63,46,42,145,88,0.32571428571428573,neutral
FGCYVRGC,59,43,21,38,102,59,0.32575757575757575,neutral
FCFHHIYS,53,49,36,23,102,59,0.32575757575757575,neutral
FCRVGCGY,34,25,13,17,59,30,0.3258426966292135,neutral
YLYVDCRI,37,22,12,18,59,30,0.3258426966292135,neutral
DVGHDGLY,33,26,15,15,59,30,0.3258426966292135,neutral
SFCVSCNV,34,25,12,18,59,30,0.3258426966292135,neutral
ICLVCSRD,39,20,13,17,59,30,0.3258426966292135,neutral
GCYDRFLS,39,20,14,16,59,30,0.3258426966292135,neutral
YVNDIYDH,36,23,14,16,59,30,0.3258426966292135,neutral
CCGNGFYV,30,29,19,11,59,30,0.3258426966292135,neutral
FDCVFLCD,34,25,17,13,59,30,0.3258426966292135,neutral
FYLHSGFG,34,25,11,19,59,30,0.3258426966292135,neutral
DFVSGHYR,39,20,15,15,59,30,0.3258426966292135,neutral
CYFIHNCY,33,26,11,19,59,30,0.3258426966292135,neutral
SFCVCHHF,39,20,12,18,59,30,0.3258426966292135,neutral
FNCLCSFV,32,27,16,14,59,30,0.3258426966292135,neutral
DDHHYHLG,32,27,15,15,59,30,0.3258426966292135,neutral
FSFDISFI,37,22,18,12,59,30,0.3258426966292135,neutral
IHYRVGVV,61,44,27,34,105,61,0.32592592592592595,neutral
DGLVYGFN,61,44,25,36,105,61,0.32592592592592595,neutral
SFGNGYGC,60,45,28,33,105,61,0.32592592592592595,neutral
RYVVNFFI,8,8,0,1,16,1,0.32608695652173914,neutral
ILFSICVI,10,6,1,0,16,1,0.32608695652173914,neutral
CCFIVGFI,33,29,12,20,62,32,0.32608695652173914,neutral
GGCLYIYI,11,5,0,1,16,1,0.32608695652173914,neutral
FFLFCFHC,12,4,1,0,16,1,0.32608695652173914,neutral
FYGIVRCG,37,25,18,14,62,32,0.32608695652173914,neutral
IFFFCLIL,12,4,1,0,16,1,0.32608695652173914,neutral
NFVGIFYY,9,7,0,1,16,1,0.32608695652173914,neutral
FIYFLLFC,9,7,0,1,16,1,0.32608695652173914,neutral
FYRIGCGC,39,23,15,17,62,32,0.32608695652173914,neutral
RCSFCYLF,11,5,0,1,16,1,0.32608695652173914,neutral
CSYFGSYL,37,25,12,20,62,32,0.32608695652173914,neutral
YDRGFCHY,9,7,0,1,16,1,0.32608695652173914,neutral
VCVCSYGV,30,32,14,18,62,32,0.32608695652173914,neutral
YCCCYIRI,7,9,0,1,16,1,0.32608695652173914,neutral
FFHLFFCL,11,5,0,1,16,1,0.32608695652173914,neutral
YCLIFFLF,12,4,1,0,16,1,0.32608695652173914,neutral
VLVICNLF,10,6,0,1,16,1,0.32608695652173914,neutral
VRRIINFY,11,5,0,1,16,1,0.32608695652173914,neutral
FFIFFYCF,10,6,0,1,16,1,0.32608695652173914,neutral
HVICIFRR,9,7,1,0,16,1,0.32608695652173914,neutral
CCCRFFIF,11,5,1,0,16,1,0.32608695652173914,neutral
ICRIIIVI,10,6,1,0,16,1,0.32608695652173914,neutral
SCFDCGNI,30,32,18,14,62,32,0.32608695652173914,neutral
FFSGYCVL,35,27,12,20,62,32,0.32608695652173914,neutral
CNLCYCYL,6,10,1,0,16,1,0.32608695652173914,neutral
VVCVCCGG,9,7,1,0,16,1,0.32608695652173914,neutral
FCFCCFCD,8,8,0,1,16,1,0.32608695652173914,neutral
HVGLVFLD,34,28,13,19,62,32,0.32608695652173914,neutral
CFYYIFNY,12,4,0,1,16,1,0.32608695652173914,neutral
SFFFCVCF,8,8,1,0,16,1,0.32608695652173914,neutral
CFNFCCCL,11,5,1,0,16,1,0.32608695652173914,neutral
YFCCGLGV,36,26,14,18,62,32,0.32608695652173914,neutral
FLGIFVRV,5,11,1,0,16,1,0.32608695652173914,neutral
CFVFLFDI,10,6,0,1,16,1,0.32608695652173914,neutral
YYIFLFGF,7,9,0,1,16,1,0.32608695652173914,neutral
FCYCISFD,8,8,0,1,16,1,0.32608695652173914,neutral
LYIFFLNC,11,5,1,0,16,1,0.32608695652173914,neutral
YVRILCVR,8,8,1,0,16,1,0.32608695652173914,neutral
FFSLFCIC,11,5,0,1,16,1,0.32608695652173914,neutral
VIIVYLYL,14,2,0,1,16,1,0.32608695652173914,neutral
DVDCCVIG,60,48,24,39,108,63,0.32608695652173914,neutral
FHIYICVG,12,4,1,0,16,1,0.32608695652173914,neutral
NYGFVICD,38,24,16,16,62,32,0.32608695652173914,neutral
YLCCGGIG,8,8,1,0,16,1,0.32608695652173914,neutral
FVFFVNFF,9,7,1,0,16,1,0.32608695652173914,neutral
FFYDGGVV,59,52,31,34,111,65,0.3262411347517731,neutral
GYHYCRLV,63,48,28,37,111,65,0.3262411347517731,neutral
LGCFRLCL,42,23,22,12,65,34,0.3263157894736842,neutral
IYNFRCDG,38,27,16,18,65,34,0.3263157894736842,neutral
LCVFGGIG,38,27,20,14,65,34,0.3263157894736842,neutral
YFGSCVCI,41,24,18,16,65,34,0.3263157894736842,neutral
GCCDFFFH,38,27,14,20,65,34,0.3263157894736842,neutral
CYRCDDIC,40,25,18,16,65,34,0.3263157894736842,neutral
FSCVCFDL,58,56,35,32,114,67,0.3263888888888889,neutral
FCCCYFFL,13,6,0,3,19,3,0.32653061224489793,neutral
FCCYVYCV,9,10,0,3,19,3,0.32653061224489793,neutral
FSFNVFIC,12,7,1,2,19,3,0.32653061224489793,neutral
LNLVFCVG,10,9,1,2,19,3,0.32653061224489793,neutral
FFYCYRFF,10,9,0,3,19,3,0.32653061224489793,neutral
YIHDVRGY,9,10,1,2,19,3,0.32653061224489793,neutral
CCSRCFYF,15,4,1,2,19,3,0.32653061224489793,neutral
HHYLYVRC,43,25,21,15,68,36,0.32653061224489793,neutral
NCLIIHCF,10,9,1,2,19,3,0.32653061224489793,neutral
YFVFGLGF,12,7,2,1,19,3,0.32653061224489793,neutral
CCYCCCGN,12,7,2,1,19,3,0.32653061224489793,neutral
FIRVGGYR,37,31,17,19,68,36,0.32653061224489793,neutral
FGDFDYGI,15,4,3,0,19,3,0.32653061224489793,neutral
IFLFIGCC,12,7,1,2,19,3,0.32653061224489793,neutral
IIVLLVSL,12,7,2,1,19,3,0.32653061224489793,neutral
GCFIVILC,12,7,3,0,19,3,0.32653061224489793,neutral
GLCINDGV,35,33,19,17,68,36,0.32653061224489793,neutral
FCCGRCVF,12,7,1,2,19,3,0.32653061224489793,neutral
FFYCCFVC,15,4,1,2,19,3,0.32653061224489793,neutral
LCFVFYCF,16,3,3,0,19,3,0.32653061224489793,neutral
RYYIVRLG,14,5,1,2,19,3,0.32653061224489793,neutral
FYFICYDH,11,8,3,0,19,3,0.32653061224489793,neutral
YRFFYCHF,13,6,1,2,19,3,0.32653061224489793,neutral
FHFCSGND,34,34,20,16,68,36,0.32653061224489793,neutral
FVVCFNYR,16,3,3,0,19,3,0.32653061224489793,neutral
GFLFCCHR,12,7,2,1,19,3,0.32653061224489793,neutral
CRYCHICV,9,10,3,0,19,3,0.32653061224489793,neutral
CCVVLRCF,10,9,2,1,19,3,0.32653061224489793,neutral
DLYGGFRD,14,5,1,2,19,3,0.32653061224489793,neutral
FNFSGVGF,10,9,1,2,19,3,0.32653061224489793,neutral
VGVVFDID,13,6,3,0,19,3,0.32653061224489793,neutral
FFGYVCLF,11,8,3,0,19,3,0.32653061224489793,neutral
FCGLCFIC,9,10,2,1,19,3,0.32653061224489793,neutral
VFVVVLFY,13,6,2,1,19,3,0.32653061224489793,neutral
FFNRFYDL,11,8,0,3,19,3,0.32653061224489793,neutral
YHYDGNDD,67,53,41,30,120,71,0.32666666666666666,neutral
DFFVRFNR,44,27,19,19,71,38,0.32673267326732675,neutral
IHCDHCYV,45,26,16,22,71,38,0.32673267326732675,neutral
FYNNFDDY,45,26,17,21,71,38,0.32673267326732675,neutral
CCLICCFR,14,8,1,4,22,5,0.3269230769230769,neutral
HFFCICGV,12,10,2,3,22,5,0.3269230769230769,neutral
CDFYVDLR,17,5,2,3,22,5,0.3269230769230769,neutral
GILYDICF,12,10,1,4,22,5,0.3269230769230769,neutral
VHVFDVYH,11,11,2,3,22,5,0.3269230769230769,neutral
FFLIVIDG,15,7,3,2,22,5,0.3269230769230769,neutral
FFGCCYRN,70,56,36,39,126,75,0.3269230769230769,neutral
FDFSVHIF,14,8,4,1,22,5,0.3269230769230769,neutral
IVCYDSSC,16,6,4,1,22,5,0.3269230769230769,neutral
GICICIGD,19,3,4,1,22,5,0.3269230769230769,neutral
GDRIRCCC,35,39,15,25,74,40,0.3269230769230769,neutral
CCHSIYVL,17,5,2,3,22,5,0.3269230769230769,neutral
LRGICFYG,42,32,18,22,74,40,0.3269230769230769,neutral
CIICFVVR,14,8,4,1,22,5,0.3269230769230769,neutral
VFDSLSNL,42,32,21,19,74,40,0.3269230769230769,neutral
FLFCCLGV,14,8,4,1,22,5,0.3269230769230769,neutral
FHYDIHHV,14,8,2,3,22,5,0.3269230769230769,neutral
FGCNYVVR,12,10,2,3,22,5,0.3269230769230769,neutral
CCGLGVLL,44,30,14,26,74,40,0.3269230769230769,neutral
FRVVCRLH,40,34,19,21,74,40,0.3269230769230769,neutral
ICCCVSVL,18,4,4,1,22,5,0.3269230769230769,neutral
CFGGLCCF,12,10,3,2,22,5,0.3269230769230769,neutral
ICCCYYCC,15,7,4,1,22,5,0.3269230769230769,neutral
FCGFFCSY,15,7,2,3,22,5,0.3269230769230769,neutral
FFDCGNIG,14,8,3,2,22,5,0.3269230769230769,neutral
LCGLFFIV,16,6,4,1,22,5,0.3269230769230769,neutral
RCDCRCGV,11,11,3,2,22,5,0.3269230769230769,neutral
VGVIVICN,13,9,2,3,22,5,0.3269230769230769,neutral
FCLRVYSL,13,9,3,2,22,5,0.3269230769230769,neutral
RDSYYGVI,13,9,2,3,22,5,0.3269230769230769,neutral
GFGISILC,15,7,3,2,22,5,0.3269230769230769,neutral
YFSFSYYY,14,8,2,3,22,5,0.3269230769230769,neutral
FFVCNCCN,15,7,3,2,22,5,0.3269230769230769,neutral
CVNCSCVF,14,8,1,4,22,5,0.3269230769230769,neutral
CCYCGFYY,14,8,3,2,22,5,0.3269230769230769,neutral
CLCSRCGI,17,5,2,3,22,5,0.3269230769230769,neutral
FYNVCYDD,13,9,4,1,22,5,0.3269230769230769,neutral
CNLGGVCL,66,63,36,41,129,77,0.3270440251572327,neutral
VRCVCNLR,45,32,16,26,77,42,0.32710280373831774,neutral
RFDGVYGI,46,31,19,23,77,42,0.32710280373831774,neutral
LYYSHLCV,46,31,20,22,77,42,0.32710280373831774,neutral
FNCFFGHF,46,31,26,16,77,42,0.32710280373831774,neutral
LYDFGDCC,18,7,2,5,25,7,0.32727272727272727,neutral
FLHYFLHH,10,15,2,5,25,7,0.32727272727272727,neutral
VCLCFFGY,13,12,2,5,25,7,0.32727272727272727,neutral
VCFSLDFY,17,8,4,3,25,7,0.32727272727272727,neutral
FCVVCIGV,17,8,5,2,25,7,0.32727272727272727,neutral
YVCVRCSF,15,10,5,2,25,7,0.32727272727272727,neutral
ICFFVCDF,17,8,2,5,25,7,0.32727272727272727,neutral
FCVLVDDD,16,9,3,4,25,7,0.32727272727272727,neutral
CIGLYHGL,17,8,3,4,25,7,0.32727272727272727,neutral
FLGLFVSH,47,33,20,24,80,44,0.32727272727272727,neutral
DLVCDYYV,15,10,5,2,25,7,0.32727272727272727,neutral
DCIFYFDD,12,13,4,3,25,7,0.32727272727272727,neutral
GYVFLDGY,47,33,19,25,80,44,0.32727272727272727,neutral
FCFHCVNF,15,10,5,2,25,7,0.32727272727272727,neutral
CFRLIDIV,47,33,22,22,80,44,0.32727272727272727,neutral
CYFYNSYS,46,34,16,28,80,44,0.32727272727272727,neutral
YFYSDFNG,14,11,6,1,25,7,0.32727272727272727,neutral
FRLGCVCF,38,42,24,20,80,44,0.32727272727272727,neutral
LYCFVYGC,17,8,3,4,25,7,0.32727272727272727,neutral
CDCCFSHG,13,12,3,4,25,7,0.32727272727272727,neutral
IFYCGLYD,20,5,2,5,25,7,0.32727272727272727,neutral
RFHGGYIR,14,11,2,5,25,7,0.32727272727272727,neutral
VGCHDFCV,14,11,4,3,25,7,0.32727272727272727,neutral
RFVILGSG,17,8,3,4,25,7,0.32727272727272727,neutral
CRCYGCDG,16,9,2,5,25,7,0.32727272727272727,neutral
CHILFFSG,11,14,4,3,25,7,0.32727272727272727,neutral
IVVGYGVR,45,35,22,22,80,44,0.32727272727272727,neutral
CVSCGNVC,45,35,22,22,80,44,0.32727272727272727,neutral
CFDVYHLH,45,35,22,22,80,44,0.32727272727272727,neutral
CGDFFIDV,17,8,2,5,25,7,0.32727272727272727,neutral
SDIFSGHF,12,13,2,5,25,7,0.32727272727272727,neutral
LLSLVCGV,73,65,42,41,138,83,0.3273809523809524,neutral
FGNYFFGF,50,33,21,25,83,46,0.3274336283185841,neutral
GSIIYCDR,51,32,24,22,83,46,0.3274336283185841,neutral
LLLFNSLR,46,37,26,20,83,46,0.3274336283185841,neutral
IFLYGFVH,45,38,25,21,83,46,0.3274336283185841,neutral
CSDLLVHY,18,10,2,7,28,9,0.3275862068965517,neutral
VYIYVDGF,21,7,2,7,28,9,0.3275862068965517,neutral
CFFFIRSD,52,34,21,27,86,48,0.3275862068965517,neutral
VVLDGYDR,18,10,7,2,28,9,0.3275862068965517,neutral
CLFCDGGG,48,38,20,28,86,48,0.3275862068965517,neutral
SCHYVYVV,20,8,3,6,28,9,0.3275862068965517,neutral
GNFGVYDL,21,7,4,5,28,9,0.3275862068965517,neutral
YHCCVDVF,42,44,30,18,86,48,0.3275862068965517,neutral
FFYCFIFD,21,7,8,1,28,9,0.3275862068965517,neutral
CFDCYCLV,20,8,8,1,28,9,0.3275862068965517,neutral
DFSDYLHI,14,14,3,6,28,9,0.3275862068965517,neutral
CLSLCIDC,14,14,4,5,28,9,0.3275862068965517,neutral
IYSGIYVD,52,34,24,24,86,48,0.3275862068965517,neutral
CIVNFCCL,16,12,5,4,28,9,0.3275862068965517,neutral
FCNCCCLD,18,10,5,4,28,9,0.3275862068965517,neutral
RYCLSVLV,13,15,7,2,28,9,0.3275862068965517,neutral
DYVYHNIS,51,35,27,21,86,48,0.3275862068965517,neutral
CCFCCFCC,20,8,3,6,28,9,0.3275862068965517,neutral
YGYYRHNR,19,9,4,5,28,9,0.3275862068965517,neutral
IYGLVRFS,52,34,20,28,86,48,0.3275862068965517,neutral
CVFFSVCD,19,9,2,7,28,9,0.3275862068965517,neutral
FHRSCGCF,21,7,6,3,28,9,0.3275862068965517,neutral
GLYLNFGN,20,8,4,5,28,9,0.3275862068965517,neutral
CFFYGISI,19,9,4,5,28,9,0.3275862068965517,neutral
FHDSYRIY,22,6,7,2,28,9,0.3275862068965517,neutral
NCFVFDRF,21,7,5,4,28,9,0.3275862068965517,neutral
IVFICFHD,16,12,2,7,28,9,0.3275862068965517,neutral
DVLFLSSF,20,8,6,3,28,9,0.3275862068965517,neutral
CFYCNNSC,50,36,18,30,86,48,0.3275862068965517,neutral
CSGFCFYF,17,14,7,4,31,11,0.32786885245901637,neutral
VNLVYNCF,24,7,5,6,31,11,0.32786885245901637,neutral
NVVFSFHV,55,37,29,23,92,52,0.32786885245901637,neutral
FRFLVCGL,21,10,6,5,31,11,0.32786885245901637,neutral
DLIFGCRV,14,17,4,7,31,11,0.32786885245901637,neutral
ICCGCSRN,22,9,4,7,31,11,0.32786885245901637,neutral
FCDSCFDN,21,10,4,7,31,11,0.32786885245901637,neutral
GLIDVRYL,21,10,7,4,31,11,0.32786885245901637,neutral
FIICGCCG,19,12,5,6,31,11,0.32786885245901637,neutral
CFCGFSFL,16,15,4,7,31,11,0.32786885245901637,neutral
FCLNDCCC,15,16,6,5,31,11,0.32786885245901637,neutral
CDIFYYHV,19,12,2,9,31,11,0.32786885245901637,neutral
GVCSCCYH,20,11,7,4,31,11,0.32786885245901637,neutral
VGICVLHV,19,12,7,4,31,11,0.32786885245901637,neutral
HFISVICR,20,11,5,6,31,11,0.32786885245901637,neutral
RYRLCDCY,18,13,2,9,31,11,0.32786885245901637,neutral
FRDNFCFG,16,15,5,6,31,11,0.32786885245901637,neutral
DFGIVNRF,15,16,6,5,31,11,0.32786885245901637,neutral
YIFICFDG,17,14,7,4,31,11,0.32786885245901637,neutral
SCCFHLVR,22,9,7,4,31,11,0.32786885245901637,neutral
RVNCFSYC,21,10,9,2,31,11,0.32786885245901637,neutral
FCGIGGYR,18,13,8,3,31,11,0.32786885245901637,neutral
VRVRGLYR,23,8,4,7,31,11,0.32786885245901637,neutral
LFGRCICD,25,6,7,4,31,11,0.32786885245901637,neutral
VFGGYSSF,17,14,7,4,31,11,0.32786885245901637,neutral
YCVYGGGN,20,11,3,8,31,11,0.32786885245901637,neutral
FGCIYNFC,15,16,9,2,31,11,0.32786885245901637,neutral
ICRHVCVC,48,47,27,27,95,54,0.328,neutral
VRYCICDY,56,39,27,27,95,54,0.328,neutral
YYLYVSIF,51,44,29,25,95,54,0.328,neutral
VVFNVNFH,57,38,23,31,95,54,0.328,neutral
LYCCRYVH,52,43,26,28,95,54,0.328,neutral
YICDLGCR,21,13,7,6,34,13,0.328125,neutral
ICLYHHHH,23,11,7,6,34,13,0.328125,neutral
CYFIYVLH,26,8,4,9,34,13,0.328125,neutral
CFCGLDCD,25,9,7,6,34,13,0.328125,neutral
ICHLRCDF,22,12,6,7,34,13,0.328125,neutral
IGHYFCNS,58,40,24,32,98,56,0.328125,neutral
VYNGYFCG,19,15,5,8,34,13,0.328125,neutral
VCYCDCNL,25,9,9,4,34,13,0.328125,neutral
GCSNCCFY,24,10,3,10,34,13,0.328125,neutral
LFVGSFCG,24,10,8,5,34,13,0.328125,neutral
CSFFYNRF,19,15,9,4,34,13,0.328125,neutral
ILFCVGSL,18,16,4,9,34,13,0.328125,neutral
NFCNFLLF,24,10,9,4,34,13,0.328125,neutral
IYRVHRIY,26,8,4,9,34,13,0.328125,neutral
CFSYLRGR,24,10,3,10,34,13,0.328125,neutral
DFVGFFRF,23,11,8,5,34,13,0.328125,neutral
FYGFFVNV,23,11,3,10,34,13,0.328125,neutral
HFRYVCYD,19,15,4,9,34,13,0.328125,neutral
CNCVVILH,23,11,5,8,34,13,0.328125,neutral
VIGLLSLS,17,17,5,8,34,13,0.328125,neutral
YFIYCDDV,20,14,7,6,34,13,0.328125,neutral
FYCSGGCS,26,8,7,6,34,13,0.328125,neutral
VFHSSLFR,18,16,6,7,34,13,0.328125,neutral
SCLFIGGN,22,12,7,6,34,13,0.328125,neutral
FCCVSYGV,21,13,6,7,34,13,0.328125,neutral
DYSGVSSY,23,11,5,8,34,13,0.328125,neutral
YDSGGCLF,19,15,7,6,34,13,0.328125,neutral
CVCHSCFY,16,18,5,8,34,13,0.328125,neutral
FCYGNSIY,23,11,4,9,34,13,0.328125,neutral
DDFLRVSC,18,16,4,9,34,13,0.328125,neutral
CHLGYHID,23,11,11,2,34,13,0.328125,neutral
GYSDGVCV,24,10,5,8,34,13,0.328125,neutral
GFFFCCDF,25,9,3,10,34,13,0.328125,neutral
LLCRYHHL,23,11,4,9,34,13,0.328125,neutral
FFFHFFFY,22,12,5,8,34,13,0.328125,neutral
FNYFVGCV,60,41,29,29,101,58,0.3282442748091603,neutral
ILDSSVCC,55,46,33,25,101,58,0.3282442748091603,neutral
VLFFDCFG,57,44,26,32,101,58,0.3282442748091603,neutral
SGRINNHY,60,41,26,32,101,58,0.3282442748091603,neutral
LDYNSFCS,23,14,0,15,37,15,0.3283582089552239,neutral
ILRNCSCF,26,11,5,10,37,15,0.3283582089552239,neutral
ICYCSVYS,24,13,10,5,37,15,0.3283582089552239,neutral
FYVGYSFI,25,12,9,6,37,15,0.3283582089552239,neutral
CHVYVVNV,23,14,6,9,37,15,0.3283582089552239,neutral
YCDICDHS,94,77,56,49,171,105,0.3283582089552239,neutral
CNCSYYDN,23,14,7,8,37,15,0.3283582089552239,neutral
RGYCFFRC,24,13,6,9,37,15,0.3283582089552239,neutral
ICGVVFCH,22,15,7,8,37,15,0.3283582089552239,neutral
IDVFGSRF,21,16,6,9,37,15,0.3283582089552239,neutral
CLCCGISG,21,16,5,10,37,15,0.3283582089552239,neutral
DLSCCCGI,22,15,6,9,37,15,0.3283582089552239,neutral
IDHCVVIL,26,11,8,7,37,15,0.3283582089552239,neutral
ILFFSVGH,24,13,7,8,37,15,0.3283582089552239,neutral
NFFHYYRH,25,12,5,10,37,15,0.3283582089552239,neutral
VCCCHVIY,23,14,6,9,37,15,0.3283582089552239,neutral
FFVCVHNV,19,18,9,6,37,15,0.3283582089552239,neutral
CFNFFHVG,23,14,4,11,37,15,0.3283582089552239,neutral
FFCCCNCC,26,11,4,11,37,15,0.3283582089552239,neutral
CFDSFLRC,24,13,7,8,37,15,0.3283582089552239,neutral
VFHNRFLC,57,50,31,31,107,62,0.3284671532846715,neutral
RLGYSHCD,98,79,60,49,177,109,0.3285024154589372,neutral
IHYLFCYH,22,18,7,10,40,17,0.32857142857142857,neutral
NRCFLYDF,24,16,6,11,40,17,0.32857142857142857,neutral
CCNSCGDH,63,47,30,34,110,64,0.32857142857142857,neutral
YFHCSSVH,29,11,13,4,40,17,0.32857142857142857,neutral
HYLSYSFC,26,14,7,10,40,17,0.32857142857142857,neutral
CCRFRLDH,29,11,9,8,40,17,0.32857142857142857,neutral
YFFRCSIS,29,11,10,7,40,17,0.32857142857142857,neutral
GCVGLLVY,25,15,6,11,40,17,0.32857142857142857,neutral
CVGFLFID,26,14,6,11,40,17,0.32857142857142857,neutral
FFDGLRHC,26,14,9,8,40,17,0.32857142857142857,neutral
YCYCYVRH,27,13,8,9,40,17,0.32857142857142857,neutral
HICVVCRD,58,52,27,37,110,64,0.32857142857142857,neutral
VYVYGYGN,19,21,8,9,40,17,0.32857142857142857,neutral
YCLNGNFV,25,15,5,12,40,17,0.32857142857142857,neutral
NYVCVDLC,24,16,8,9,40,17,0.32857142857142857,neutral
GHCYSLCD,22,18,6,11,40,17,0.32857142857142857,neutral
YGCHGGLV,17,23,6,11,40,17,0.32857142857142857,neutral
RDFFCLYC,22,18,11,6,40,17,0.32857142857142857,neutral
FYNCGCVV,26,14,12,5,40,17,0.32857142857142857,neutral
CYSYGFYD,24,16,12,5,40,17,0.32857142857142857,neutral
FLNCYNRN,25,15,5,12,40,17,0.32857142857142857,neutral
CGDLCGGC,64,46,27,37,110,64,0.32857142857142857,neutral
CYDHCDGV,18,22,9,8,40,17,0.32857142857142857,neutral
GYHISFCV,22,18,5,12,40,17,0.32857142857142857,neutral
VGYCGRFR,25,15,11,6,40,17,0.32857142857142857,neutral
FRHCCCCD,24,16,6,11,40,17,0.32857142857142857,neutral
YDFRRGHN,20,23,10,9,43,19,0.3287671232876712,neutral
LFVDSCNV,28,15,8,11,43,19,0.3287671232876712,neutral
NRFHGCFR,26,17,7,12,43,19,0.3287671232876712,neutral
CFFCSIVG,25,18,11,8,43,19,0.3287671232876712,neutral
FCLGLVRI,19,24,7,12,43,19,0.3287671232876712,neutral
FIYSVSIY,28,15,12,7,43,19,0.3287671232876712,neutral
FYHSFCHR,26,17,11,8,43,19,0.3287671232876712,neutral
RCGCIGCG,23,20,9,10,43,19,0.3287671232876712,neutral
IYISRDFH,26,17,5,14,43,19,0.3287671232876712,neutral
CYGRFDCG,24,19,11,8,43,19,0.3287671232876712,neutral
CYYGIIRC,26,17,7,12,43,19,0.3287671232876712,neutral
FCYGHYVD,25,18,11,8,43,19,0.3287671232876712,neutral
SFGVDFCR,27,16,6,13,43,19,0.3287671232876712,neutral
LCLFSRGL,27,16,9,10,43,19,0.3287671232876712,neutral
LIFGLCND,21,22,6,13,43,19,0.3287671232876712,neutral
RLRRCSVG,27,16,13,6,43,19,0.3287671232876712,neutral
CCYYGFGF,27,16,10,9,43,19,0.3287671232876712,neutral
YRDCLCFR,27,16,12,7,43,19,0.3287671232876712,neutral
FVFICGGH,29,14,9,10,43,19,0.3287671232876712,neutral
FFLCGVCN,23,20,11,8,43,19,0.3287671232876712,neutral
FFFYVDYG,28,15,8,11,43,19,0.3287671232876712,neutral
FNCFGFGC,20,23,10,9,43,19,0.3287671232876712,neutral
VFLYSFGL,27,16,9,10,43,19,0.3287671232876712,neutral
RCICFGSD,67,49,28,40,116,68,0.3287671232876712,neutral
YSIGFLRR,68,51,36,34,119,70,0.3288590604026846,neutral
LCHSYVGL,29,17,10,11,46,21,0.32894736842105265,neutral
DYCCCFDI,28,18,15,6,46,21,0.32894736842105265,neutral
ICYCGIVH,26,20,6,15,46,21,0.32894736842105265,neutral
VFDYIYIG,25,21,15,6,46,21,0.32894736842105265,neutral
GFDNHFHI,29,17,9,12,46,21,0.32894736842105265,neutral
NIFHISFR,31,15,12,9,46,21,0.32894736842105265,neutral
VYCIDYCS,27,19,13,8,46,21,0.32894736842105265,neutral
FLCGDYDN,19,27,10,11,46,21,0.32894736842105265,neutral
ICFSDRSF,31,15,11,10,46,21,0.32894736842105265,neutral
YYYRYYDR,29,17,9,12,46,21,0.32894736842105265,neutral
CFSRGVRY,29,17,7,14,46,21,0.32894736842105265,neutral
CSYCGDHF,30,16,9,12,46,21,0.32894736842105265,neutral
YCDCLFVH,31,15,11,10,46,21,0.32894736842105265,neutral
LCCFNIIC,29,17,10,11,46,21,0.32894736842105265,neutral
VGICCGGY,28,18,11,10,46,21,0.32894736842105265,neutral
CFCHHGFR,26,20,14,7,46,21,0.32894736842105265,neutral
IDFFNISC,25,21,7,14,46,21,0.32894736842105265,neutral
IIDSFCHS,28,18,8,13,46,21,0.32894736842105265,neutral
CVVFYRSG,28,18,9,12,46,21,0.32894736842105265,neutral
CRNFVRYR,72,53,28,46,125,74,0.32903225806451614,neutral
ISCILGCL,70,55,30,44,125,74,0.32903225806451614,neutral
HVSNCGCI,70,55,33,41,125,74,0.32903225806451614,neutral
LSVYRICN,32,17,13,10,49,23,0.3291139240506329,neutral
CRYCCDHI,33,16,10,13,49,23,0.3291139240506329,neutral
FLIDVNFG,28,21,10,13,49,23,0.3291139240506329,neutral
CVCDGVNY,30,19,12,11,49,23,0.3291139240506329,neutral
IYFCRFID,30,19,14,9,49,23,0.3291139240506329,neutral
FSVIYSFG,34,15,11,12,49,23,0.3291139240506329,neutral
YFDIGGFG,30,19,7,16,49,23,0.3291139240506329,neutral
INCSFFYC,28,21,6,17,49,23,0.3291139240506329,neutral
VYIFDFGG,26,23,9,14,49,23,0.3291139240506329,neutral
FDCCNFYH,33,16,9,14,49,23,0.3291139240506329,neutral
GFIFVDRC,33,16,7,16,49,23,0.3291139240506329,neutral
YCFFVSGH,32,17,11,12,49,23,0.3291139240506329,neutral
CFLGVFDV,32,17,13,10,49,23,0.3291139240506329,neutral
FCDFGCGD,30,19,15,8,49,23,0.3291139240506329,neutral
GCFFGGLC,27,22,8,15,49,23,0.3291139240506329,neutral
RCDYFYCS,72,56,34,42,128,76,0.3291139240506329,neutral
CFSLLLRD,24,25,8,15,49,23,0.3291139240506329,neutral
HHVCIFGH,75,56,37,41,131,78,0.32919254658385094,neutral
CCHYFYGS,30,22,11,14,52,25,0.32926829268292684,neutral
GFVCFDSR,30,22,10,15,52,25,0.32926829268292684,neutral
DFRCHDYN,29,23,14,11,52,25,0.32926829268292684,neutral
SCGFGLID,28,24,12,13,52,25,0.32926829268292684,neutral
FYCCGLVV,34,18,12,13,52,25,0.32926829268292684,neutral
HICFGVYC,30,22,10,15,52,25,0.32926829268292684,neutral
HFRVGYFL,27,25,12,13,52,25,0.32926829268292684,neutral
CVSVCIYN,35,17,9,16,52,25,0.32926829268292684,neutral
VHHCLHYY,29,23,10,15,52,25,0.32926829268292684,neutral
LLCYDFFY,33,22,11,16,55,27,0.32941176470588235,neutral
CGRFDFDS,28,27,10,17,55,27,0.32941176470588235,neutral
HRVYLRCV,34,21,17,10,55,27,0.32941176470588235,neutral
DLVRRCYV,32,23,12,15,55,27,0.32941176470588235,neutral
SDVCVFIC,35,20,17,10,55,27,0.32941176470588235,neutral
FVHVFGVH,34,21,15,12,55,27,0.32941176470588235,neutral
LGFLSIHC,35,20,10,17,55,27,0.32941176470588235,neutral
CIGRSGSG,35,20,7,20,55,27,0.32941176470588235,neutral
LFCVNSYI,37,18,12,15,55,27,0.32941176470588235,neutral
FFVFGCVV,37,18,13,14,55,27,0.32941176470588235,neutral
HCVFRFCG,37,18,12,15,55,27,0.32941176470588235,neutral
VICSLCRV,37,18,11,16,55,27,0.32941176470588235,neutral
CDRCSYNY,37,18,9,18,55,27,0.32941176470588235,neutral
CVHDFCCG,29,26,12,15,55,27,0.32941176470588235,neutral
YFNFFFCD,36,19,9,18,55,27,0.32941176470588235,neutral
FSCVDLYY,26,29,9,18,55,27,0.32941176470588235,neutral
VVYLDFGG,32,23,11,16,55,27,0.32941176470588235,neutral
FRFVCSGR,33,25,14,15,58,29,0.32954545454545453,neutral
YLDIVSDF,29,29,10,19,58,29,0.32954545454545453,neutral
RCGGFFCY,35,23,17,12,58,29,0.32954545454545453,neutral
RFNSFLHY,34,24,14,15,58,29,0.32954545454545453,neutral
FGFSFVCG,38,20,11,18,58,29,0.32954545454545453,neutral
SFRYCVCR,36,22,12,17,58,29,0.32954545454545453,neutral
HGLFYSDN,33,25,12,17,58,29,0.32954545454545453,neutral
FYCVGSGC,34,24,14,15,58,29,0.32954545454545453,neutral
NVFFCYNV,32,26,11,18,58,29,0.32954545454545453,neutral
HIGSVSFL,29,29,12,17,58,29,0.32954545454545453,neutral
LCIGFGIH,78,71,43,47,149,90,0.329608938547486,neutral
CLIRFYCD,33,28,18,13,61,31,0.32967032967032966,neutral
LGDFNFGR,36,25,11,20,61,31,0.32967032967032966,neutral
CIFLVDNS,34,27,9,22,61,31,0.32967032967032966,neutral
YSSCVFNC,39,22,15,16,61,31,0.32967032967032966,neutral
CCSFGLFV,31,30,15,16,61,31,0.32967032967032966,neutral
FCGSVFHL,40,21,15,16,61,31,0.32967032967032966,neutral
YYGFFHDY,34,27,12,19,61,31,0.32967032967032966,neutral
RCYCSFRI,39,22,10,21,61,31,0.32967032967032966,neutral
CICCDHVG,37,24,15,16,61,31,0.32967032967032966,neutral
ICSSCCVN,40,21,17,14,61,31,0.32967032967032966,neutral
DGYFFLRI,40,21,11,20,61,31,0.32967032967032966,neutral
FSLCDSVF,32,29,16,15,61,31,0.32967032967032966,neutral
CCGVSHFV,36,28,17,16,64,33,0.32978723404255317,neutral
CLVCIRGG,40,24,14,19,64,33,0.32978723404255317,neutral
FGCYCRCH,38,26,18,15,64,33,0.32978723404255317,neutral
CHYSVIGG,38,26,14,19,64,33,0.32978723404255317,neutral
CCYNLDGL,39,25,20,13,64,33,0.32978723404255317,neutral
FSCCSCND,40,24,18,15,64,33,0.32978723404255317,neutral
CGFHYILV,35,29,17,16,64,33,0.32978723404255317,neutral
FICDCFDL,39,25,16,17,64,33,0.32978723404255317,neutral
LNCYYGCH,36,28,18,15,64,33,0.32978723404255317,neutral
DFNCFGNL,38,26,19,14,64,33,0.32978723404255317,neutral
FFSGYLFC,40,24,11,22,64,33,0.32978723404255317,neutral
GIYCHCRN,40,24,17,16,64,33,0.32978723404255317,neutral
LFVFGCDD,39,25,13,20,64,33,0.32978723404255317,neutral
RHILCCGF,39,28,11,24,67,35,0.32989690721649484,neutral
FFCGSVCL,43,24,20,15,67,35,0.32989690721649484,neutral
FIVGVYGR,42,25,13,22,67,35,0.32989690721649484,neutral
RFCCGHGY,42,25,11,24,67,35,0.32989690721649484,neutral
ICVFDGLI,40,27,12,23,67,35,0.32989690721649484,neutral
IRFCYNIR,41,26,17,18,67,35,0.32989690721649484,neutral
SFFFIYDC,41,26,17,18,67,35,0.32989690721649484,neutral
CSHLVCFC,40,27,18,17,67,35,0.32989690721649484,neutral
CCGGCGFS,43,27,13,24,70,37,0.33,neutral
CDFYRVIG,41,29,16,21,70,37,0.33,neutral
VGCGYYNS,38,32,11,26,70,37,0.33,neutral
LCRCDLGN,44,26,12,25,70,37,0.33,neutral
GLVVIRGR,33,37,16,21,70,37,0.33,neutral
YNHVYHNS,42,28,19,18,70,37,0.33,neutral
YCCHVSVL,39,31,18,19,70,37,0.33,neutral
FYVGYFRS,41,29,22,15,70,37,0.33,neutral
FVFSRCHC,41,32,15,24,73,39,0.3300970873786408,neutral
IGYYRGVR,44,29,17,22,73,39,0.3300970873786408,neutral
HILCGCHF,43,33,18,23,76,41,0.330188679245283,neutral
CDDVCLFS,47,29,15,26,76,41,0.330188679245283,neutral
CCVVCSIG,44,32,20,21,76,41,0.330188679245283,neutral
CCHYNDFR,42,34,18,23,76,41,0.330188679245283,neutral
VFFDVFNL,47,29,18,23,76,41,0.330188679245283,neutral
CNHCGGVF,49,30,25,18,79,43,0.3302752293577982,neutral
DLDCVLND,44,35,23,20,79,43,0.3302752293577982,neutral
IDGLCGIF,49,30,23,20,79,43,0.3302752293577982,neutral
FGCCHFSI,48,31,29,14,79,43,0.3302752293577982,neutral
FFHICDVS,48,34,23,22,82,45,0.33035714285714285,neutral
GYHCGSGL,51,34,27,20,85,47,0.33043478260869563,neutral
CGHVRDFL,52,36,27,22,88,49,0.3305084745762712,neutral
LFYSDVFY,52,36,23,26,88,49,0.3305084745762712,neutral
SCFIDFRS,50,38,20,29,88,49,0.3305084745762712,neutral
DGCLCLYL,51,37,24,25,88,49,0.3305084745762712,neutral
GYLIYNGH,50,38,23,26,88,49,0.3305084745762712,neutral
SRDVNFLR,48,40,20,29,88,49,0.3305084745762712,neutral
ICDVFCHC,51,43,26,27,94,53,0.33064516129032256,neutral
DHVFCFRF,54,40,28,25,94,53,0.33064516129032256,neutral
LYGCFCVN,55,42,24,31,97,55,0.33070866141732286,neutral
YNNCIICV,55,42,26,29,97,55,0.33070866141732286,neutral
GFSDCFYC,50,50,24,33,100,57,0.33076923076923076,neutral
DSFGCFVG,57,43,29,28,100,57,0.33076923076923076,neutral
DFICFGDC,58,51,30,33,109,63,0.33093525179856115,neutral
CFYDSFLC,64,45,25,38,109,63,0.33093525179856115,neutral
CRSDYVII,59,53,26,39,112,65,0.33098591549295775,neutral
IYGHISGI,65,47,34,31,112,65,0.33098591549295775,neutral
NYCSGLCR,66,49,25,42,115,67,0.3310344827586207,neutral
HYIGVCLR,66,49,30,37,115,67,0.3310344827586207,neutral
HCIGLNDC,68,50,36,33,118,69,0.3310810810810811,neutral
LFVYVNDY,62,56,34,35,118,69,0.3310810810810811,neutral
CLNGLVFV,67,51,34,35,118,69,0.3310810810810811,neutral
IIYCDSSF,71,53,28,45,124,73,0.33116883116883117,neutral
YVVNFNRC,75,58,34,45,133,79,0.3312883435582822,neutral
GLGYCDVR,70,66,36,45,136,81,0.3313253012048193,neutral
NRFRRRSR,82,66,45,44,148,89,0.33146067415730335,neutral
VYCCNHFG,81,70,47,44,151,91,0.3314917127071823,neutral
IYCSIYSV,81,73,41,52,154,93,0.33152173913043476,neutral
HLFICVNH,35,22,13,15,57,28,0.3333333333333333,neutral
IFCFCCRI,10,5,0,0,15,0,0.3333333333333333,neutral
LFCCVLCF,12,9,2,2,21,4,0.3333333333333333,neutral
CDSCFNGI,30,24,11,15,54,26,0.3333333333333333,neutral
FYFFFFRF,9,6,0,0,15,0,0.3333333333333333,neutral
VVIGFLRC,14,10,2,4,24,6,0.3333333333333333,neutral
SFCCVYVH,15,12,3,5,27,8,0.3333333333333333,neutral
YCCIRGSC,47,34,17,27,81,44,0.3333333333333333,neutral
CNCLVIIH,16,8,3,3,24,6,0.3333333333333333,neutral
YDRSDFVC,13,14,3,5,27,8,0.3333333333333333,neutral
ICCFFSFF,7,11,1,1,18,2,0.3333333333333333,neutral
GNFGSIFD,16,14,3,7,30,10,0.3333333333333333,neutral
VSSYLCIN,19,5,3,3,24,6,0.3333333333333333,neutral
SCGFCFRL,23,10,5,7,33,12,0.3333333333333333,neutral
NFLCCVLY,12,3,0,0,15,0,0.3333333333333333,neutral
VCCVNIHR,11,7,1,1,18,2,0.3333333333333333,neutral
YFSCSDYD,29,10,10,6,39,16,0.3333333333333333,neutral
LCFYHDHH,12,6,2,0,18,2,0.3333333333333333,neutral
ICRNFLCG,44,31,23,17,75,40,0.3333333333333333,neutral
FRSGNGFS,54,42,27,27,96,54,0.3333333333333333,neutral
GYFGRSFD,37,23,11,19,60,30,0.3333333333333333,neutral
CSCCIVCG,24,12,7,7,36,14,0.3333333333333333,neutral
VCLRFFFC,12,3,0,0,15,0,0.3333333333333333,neutral
FCYFYISV,29,13,14,4,42,18,0.3333333333333333,neutral
VVCRCRCI,19,14,5,7,33,12,0.3333333333333333,neutral
NCFCDYSF,32,22,8,18,54,26,0.3333333333333333,neutral
GIVFDCCF,42,27,16,20,69,36,0.3333333333333333,neutral
VICGDYHV,23,7,4,6,30,10,0.3333333333333333,neutral
CFGRCSSF,36,21,13,15,57,28,0.3333333333333333,neutral
YICSVDLC,26,16,9,9,42,18,0.3333333333333333,neutral
FFCINGCC,18,9,4,4,27,8,0.3333333333333333,neutral
FHFINCVG,28,14,9,9,42,18,0.3333333333333333,neutral
FIIIIFRL,8,7,0,0,15,0,0.3333333333333333,neutral
CLFFGHNC,29,10,9,7,39,16,0.3333333333333333,neutral
GCISCLRD,37,20,18,10,57,28,0.3333333333333333,neutral
CCFGVLSS,32,28,13,17,60,30,0.3333333333333333,neutral
FFYHCGLY,21,15,3,11,36,14,0.3333333333333333,neutral
CDYFLVLI,6,9,0,0,15,0,0.3333333333333333,neutral
SFVLNDLH,51,39,22,28,90,50,0.3333333333333333,neutral
FHGINGNF,38,31,16,20,69,36,0.3333333333333333,neutral
FCGCFFCF,13,5,1,1,18,2,0.3333333333333333,neutral
SCYFSGGF,39,30,24,12,69,36,0.3333333333333333,neutral
VCLILRSY,12,6,1,1,18,2,0.3333333333333333,neutral
FVFICSVS,12,6,0,2,18,2,0.3333333333333333,neutral
YYIRLCNR,37,29,15,19,66,34,0.3333333333333333,neutral
IICYFGCG,16,5,3,1,21,4,0.3333333333333333,neutral
CVLFVGDY,14,16,8,2,30,10,0.3333333333333333,neutral
HVHCVSGG,26,22,10,12,48,22,0.3333333333333333,neutral
CDCFRHSF,27,21,12,10,48,22,0.3333333333333333,neutral
LHCSIICN,37,20,15,13,57,28,0.3333333333333333,neutral
YSVNSHFS,31,14,13,7,45,20,0.3333333333333333,neutral
LCYYHYHY,9,12,2,2,21,4,0.3333333333333333,neutral
YCYSLIFG,17,16,10,2,33,12,0.3333333333333333,neutral
FGGGCFLG,28,14,9,9,42,18,0.3333333333333333,neutral
FVDFDDLC,28,17,12,8,45,20,0.3333333333333333,neutral
SYHLCYDG,66,48,28,38,114,66,0.3333333333333333,neutral
FCYYYIYC,10,8,1,1,18,2,0.3333333333333333,neutral
FFYGCVFG,15,12,5,3,27,8,0.3333333333333333,neutral
FFLFVVCC,11,7,1,1,18,2,0.3333333333333333,neutral
YFGVVLFD,32,19,9,15,51,24,0.3333333333333333,neutral
YVCVFRGY,18,15,8,4,33,12,0.3333333333333333,neutral
LHCFVYGS,28,17,10,10,45,20,0.3333333333333333,neutral
SFCDGDCF,15,6,1,3,21,4,0.3333333333333333,neutral
FFNFIYLC,9,9,2,0,18,2,0.3333333333333333,neutral
FFIGYYID,20,16,9,5,36,14,0.3333333333333333,neutral
FVDILSFF,21,9,8,2,30,10,0.3333333333333333,neutral
LNCNCGDY,21,12,8,4,33,12,0.3333333333333333,neutral
SCYRVCCD,33,24,13,15,57,28,0.3333333333333333,neutral
FCVCYCFD,9,6,0,0,15,0,0.3333333333333333,neutral
FFYCCRHC,16,11,4,4,27,8,0.3333333333333333,neutral
FGCFLFSF,11,4,0,0,15,0,0.3333333333333333,neutral
CSYSRYLI,46,38,22,24,84,46,0.3333333333333333,neutral
NRIIYLLF,10,5,0,0,15,0,0.3333333333333333,neutral
YFYFVVVF,16,8,3,3,24,6,0.3333333333333333,neutral
CLGILYYG,16,11,3,5,27,8,0.3333333333333333,neutral
CFYLCLLH,11,4,0,0,15,0,0.3333333333333333,neutral
CIIYDHRC,14,13,6,2,27,8,0.3333333333333333,neutral
FGCFCCYC,8,10,1,1,18,2,0.3333333333333333,neutral
SCYDCNGY,15,9,2,4,24,6,0.3333333333333333,neutral
LDGHGRLY,47,28,23,17,75,40,0.3333333333333333,neutral
DVGFFFGC,56,52,27,35,108,62,0.3333333333333333,neutral
VGVGSYFI,49,35,26,20,84,46,0.3333333333333333,neutral
NFFCVFFY,11,7,1,1,18,2,0.3333333333333333,neutral
FFNVLLFI,10,5,0,0,15,0,0.3333333333333333,neutral
YLCYDCCC,16,11,4,4,27,8,0.3333333333333333,neutral
RVFLVRGF,13,8,1,3,21,4,0.3333333333333333,neutral
HDYCGRRY,22,8,4,6,30,10,0.3333333333333333,neutral
VIVVLSNR,23,7,4,6,30,10,0.3333333333333333,neutral
LRRVIFFC,15,6,2,2,21,4,0.3333333333333333,neutral
CRGYIHFN,25,26,3,21,51,24,0.3333333333333333,neutral
CDRLYFCY,20,10,4,6,30,10,0.3333333333333333,neutral
RVLFSFDY,4,17,2,2,21,4,0.3333333333333333,neutral
FFCICFSV,13,5,0,2,18,2,0.3333333333333333,neutral
YNVNLGDG,43,44,18,30,87,48,0.3333333333333333,neutral
FSLDYIGG,22,14,7,7,36,14,0.3333333333333333,neutral
YIVCVYRI,7,8,0,0,15,0,0.3333333333333333,neutral
FCYFHISH,24,12,4,10,36,14,0.3333333333333333,neutral
FHCCVCIG,14,4,1,1,18,2,0.3333333333333333,neutral
VICNHNFR,42,30,23,15,72,38,0.3333333333333333,neutral
IFCCYDCG,48,39,16,32,87,48,0.3333333333333333,neutral
RICSYYGG,37,23,17,13,60,30,0.3333333333333333,neutral
FYRDCFCG,18,9,3,5,27,8,0.3333333333333333,neutral
VVCVIDSL,32,28,21,9,60,30,0.3333333333333333,neutral
FFNGFVDH,20,7,1,7,27,8,0.3333333333333333,neutral
LSLRCHLV,42,42,23,23,84,46,0.3333333333333333,neutral
NCICLRCS,10,8,0,2,18,2,0.3333333333333333,neutral
DCCSIHYR,30,18,9,13,48,22,0.3333333333333333,neutral
SVVRIIDG,53,34,26,22,87,48,0.3333333333333333,neutral
RYGGLGDG,35,19,15,11,54,26,0.3333333333333333,neutral
VCCLGNID,23,10,5,7,33,12,0.3333333333333333,neutral
RLIYIICF,13,5,1,1,18,2,0.3333333333333333,neutral
SFDCYSVL,30,15,6,14,45,20,0.3333333333333333,neutral
NFCYCFYC,13,5,0,2,18,2,0.3333333333333333,neutral
FNLCCCDG,34,26,13,17,60,30,0.3333333333333333,neutral
FHFRFGGC,22,14,7,7,36,14,0.3333333333333333,neutral
VCCGVCVY,17,7,2,4,24,6,0.3333333333333333,neutral
IRYHCRFS,34,20,13,13,54,26,0.3333333333333333,neutral
LYCCYVFY,18,9,3,5,27,8,0.3333333333333333,neutral
LLVCHIYL,9,9,0,2,18,2,0.3333333333333333,neutral
FCHVCCCG,18,9,5,3,27,8,0.3333333333333333,neutral
GLCFGDSD,21,15,9,5,36,14,0.3333333333333333,neutral
DFFCSLFR,24,12,13,1,36,14,0.3333333333333333,neutral
LHFRCHYL,16,17,5,7,33,12,0.3333333333333333,neutral
FCVSFCSV,33,21,10,16,54,26,0.3333333333333333,neutral
FFCNSCCH,21,9,4,6,30,10,0.3333333333333333,neutral
CCFGFYFG,14,13,2,6,27,8,0.3333333333333333,neutral
LSFCFGYC,14,7,3,1,21,4,0.3333333333333333,neutral
CVFHVDGH,18,15,5,7,33,12,0.3333333333333333,neutral
GYSVCFSG,27,18,10,10,45,20,0.3333333333333333,neutral
SYCVRGCL,48,33,21,23,81,44,0.3333333333333333,neutral
LCYFRGGI,19,8,5,3,27,8,0.3333333333333333,neutral
FFFCCFLS,13,5,0,2,18,2,0.3333333333333333,neutral
LFVRLGCY,29,16,13,7,45,20,0.3333333333333333,neutral
HRDCFIHL,25,11,7,7,36,14,0.3333333333333333,neutral
VFLLFYSV,19,5,3,3,24,6,0.3333333333333333,neutral
FGVYCNHC,23,13,9,5,36,14,0.3333333333333333,neutral
YDSCFIFD,24,12,6,8,36,14,0.3333333333333333,neutral
FCSCCCGG,21,12,4,8,33,12,0.3333333333333333,neutral
DYRNGILF,45,33,23,19,78,42,0.3333333333333333,neutral
CGCNYVSH,42,27,22,14,69,36,0.3333333333333333,neutral
FYVIYCDC,16,5,2,2,21,4,0.3333333333333333,neutral
FDYDCILR,14,10,4,2,24,6,0.3333333333333333,neutral
FCFYVGRS,19,8,2,6,27,8,0.3333333333333333,neutral
YYYRSVRI,26,16,9,9,42,18,0.3333333333333333,neutral
DGFFRIGY,27,21,7,15,48,22,0.3333333333333333,neutral
FRRGGVLR,33,30,10,22,63,32,0.3333333333333333,neutral
IVLRVCNF,24,12,9,5,36,14,0.3333333333333333,neutral
VSYCSYIS,16,8,2,4,24,6,0.3333333333333333,neutral
FYGRLYLH,19,11,5,5,30,10,0.3333333333333333,neutral
ICFCVVFH,15,6,2,2,21,4,0.3333333333333333,neutral
SFCVCDYH,22,23,11,9,45,20,0.3333333333333333,neutral
CFSVGVDC,33,18,12,12,51,24,0.3333333333333333,neutral
FLCCYCFI,16,8,3,3,24,6,0.3333333333333333,neutral
LSNVYIGN,9,12,2,2,21,4,0.3333333333333333,neutral
CFFYYGFC,12,9,2,2,21,4,0.3333333333333333,neutral
CCNLICYC,20,4,2,4,24,6,0.3333333333333333,neutral
FIIGSDFY,28,11,10,6,39,16,0.3333333333333333,neutral
FCIHCCVG,15,6,1,3,21,4,0.3333333333333333,neutral
YIFVLNLR,10,8,1,1,18,2,0.3333333333333333,neutral
DVFCVGGG,47,28,21,19,75,40,0.3333333333333333,neutral
CCRYFLHN,26,13,6,10,39,16,0.3333333333333333,neutral
YDYYFRRL,24,15,6,10,39,16,0.3333333333333333,neutral
LLCFCFIH,8,7,0,0,15,0,0.3333333333333333,neutral
ICDCHCCH,25,14,7,9,39,16,0.3333333333333333,neutral
FLRVCYND,29,19,11,11,48,22,0.3333333333333333,neutral
YYVFGVFC,6,9,0,0,15,0,0.3333333333333333,neutral
YHCFVSGG,16,14,5,5,30,10,0.3333333333333333,neutral
SLFCLDCY,34,20,8,18,54,26,0.3333333333333333,neutral
IDIGSFFN,39,21,9,21,60,30,0.3333333333333333,neutral
SDNCLGVF,33,24,8,20,57,28,0.3333333333333333,neutral
YYGFGGNG,13,11,0,6,24,6,0.3333333333333333,neutral
VCNCVNSF,46,32,27,15,78,42,0.3333333333333333,neutral
HSYLGCGI,14,16,5,5,30,10,0.3333333333333333,neutral
CNCRYHSV,15,15,3,7,30,10,0.3333333333333333,neutral
FDCFIRHC,55,50,25,35,105,60,0.3333333333333333,neutral
LFDSLYYF,14,13,3,5,27,8,0.3333333333333333,neutral
VYRVCYRN,30,24,11,15,54,26,0.3333333333333333,neutral
CCHRCSCH,19,8,4,4,27,8,0.3333333333333333,neutral
FYDSCILV,15,18,8,4,33,12,0.3333333333333333,neutral
CCFFVCHF,11,7,0,2,18,2,0.3333333333333333,neutral
NYIDDGVL,30,15,11,9,45,20,0.3333333333333333,neutral
VCVFHFRG,13,5,0,2,18,2,0.3333333333333333,neutral
RFCLDGLN,20,16,6,8,36,14,0.3333333333333333,neutral
CDCVFGCV,17,10,2,6,27,8,0.3333333333333333,neutral
YLYVCGRG,42,24,14,20,66,34,0.3333333333333333,neutral
NCLLYGYD,48,39,20,28,87,48,0.3333333333333333,neutral
LCLFDFNC,41,22,17,15,63,32,0.3333333333333333,neutral
FFSCGVGI,27,21,6,16,48,22,0.3333333333333333,neutral
FVFFVSGC,14,7,3,1,21,4,0.3333333333333333,neutral
YFYYGFLR,25,11,5,9,36,14,0.3333333333333333,neutral
INFRNGDF,36,33,22,14,69,36,0.3333333333333333,neutral
RFGNCGLY,23,13,3,11,36,14,0.3333333333333333,neutral
SYGCCCIF,16,5,1,3,21,4,0.3333333333333333,neutral
FGSYDCHD,18,6,2,4,24,6,0.3333333333333333,neutral
FFYFGCDG,23,13,6,8,36,14,0.3333333333333333,neutral
IFDGYHCN,11,10,1,3,21,4,0.3333333333333333,neutral
CCFFDLCF,17,10,3,5,27,8,0.3333333333333333,neutral
IFNCCSYV,35,22,17,11,57,28,0.3333333333333333,neutral
FFHRLHCS,45,27,19,19,72,38,0.3333333333333333,neutral
SCCVNNIY,19,14,6,6,33,12,0.3333333333333333,neutral
HFNYLVID,24,15,11,5,39,16,0.3333333333333333,neutral
FFYCICCH,19,5,4,2,24,6,0.3333333333333333,neutral
DVCYGVFV,26,13,6,10,39,16,0.3333333333333333,neutral
FHYHSFFV,32,28,15,15,60,30,0.3333333333333333,neutral
RDSLCVVF,26,22,9,13,48,22,0.3333333333333333,neutral
YFVDGFYS,48,30,17,25,78,42,0.3333333333333333,neutral
CGVRCCGG,20,16,4,10,36,14,0.3333333333333333,neutral
FYYRSLSV,43,29,17,21,72,38,0.3333333333333333,neutral
ICFYYFVV,15,3,0,2,18,2,0.3333333333333333,neutral
YICGCCFF,9,6,0,0,15,0,0.3333333333333333,neutral
GNFRFRIH,46,32,21,21,78,42,0.3333333333333333,neutral
FLVRCFVD,31,23,8,18,54,26,0.3333333333333333,neutral
SLCCVYSL,14,13,5,3,27,8,0.3333333333333333,neutral
CVVCSIRY,29,13,8,10,42,18,0.3333333333333333,neutral
YFIGYVVY,12,3,0,0,15,0,0.3333333333333333,neutral
GDHSLVLY,33,21,12,14,54,26,0.3333333333333333,neutral
FCICYSLV,36,21,12,16,57,28,0.3333333333333333,neutral
IFRYCDLC,19,11,4,6,30,10,0.3333333333333333,neutral
NHCISFFG,23,16,8,8,39,16,0.3333333333333333,neutral
FCFRGIFS,17,13,3,7,30,10,0.3333333333333333,neutral
CCNSFIRC,40,29,16,20,69,36,0.3333333333333333,neutral
FFHVCSVL,34,17,13,11,51,24,0.3333333333333333,neutral
VHSYVCFN,22,20,10,8,42,18,0.3333333333333333,neutral
LFVNGCVH,18,9,1,7,27,8,0.3333333333333333,neutral
RNCGGHGY,37,26,18,14,63,32,0.3333333333333333,neutral
FCGNFNYG,48,36,24,22,84,46,0.3333333333333333,neutral
CVCGCFFC,7,14,2,2,21,4,0.3333333333333333,neutral
IFRHCCSR,46,29,19,21,75,40,0.3333333333333333,neutral
HDGSFGFS,45,33,20,22,78,42,0.3333333333333333,neutral
LVHFCLGC,22,14,7,7,36,14,0.3333333333333333,neutral
GCFCCLDG,46,35,20,24,81,44,0.3333333333333333,neutral
FFFVVIYG,12,3,0,0,15,0,0.3333333333333333,neutral
ICCVNISL,21,21,12,6,42,18,0.3333333333333333,neutral
YLGVCYHS,1,14,0,0,15,0,0.3333333333333333,neutral
LVRVGYIV,49,41,25,25,90,50,0.3333333333333333,neutral
CLVFVCIV,13,8,2,2,21,4,0.3333333333333333,neutral
IICIVVRH,15,9,1,5,24,6,0.3333333333333333,neutral
DILHVFRR,29,19,10,12,48,22,0.3333333333333333,neutral
IYVLRCVD,17,10,4,4,27,8,0.3333333333333333,neutral
HYDLDDCV,27,18,13,7,45,20,0.3333333333333333,neutral
CSGIVFIC,16,8,3,3,24,6,0.3333333333333333,neutral
GRCIYFGL,30,12,9,9,42,18,0.3333333333333333,neutral
FCFVDYRC,34,17,16,8,51,24,0.3333333333333333,neutral
CFYFVCRN,21,12,6,6,33,12,0.3333333333333333,neutral
FDFSLVVG,27,15,10,8,42,18,0.3333333333333333,neutral
GCHFSGNF,16,11,3,5,27,8,0.3333333333333333,neutral
LNGVDYCH,32,34,17,17,66,34,0.3333333333333333,neutral
YVCFHICG,25,26,13,11,51,24,0.3333333333333333,neutral
CGFSIFFR,11,7,2,0,18,2,0.3333333333333333,neutral
VNYCCNHF,25,14,9,7,39,16,0.3333333333333333,neutral
CCHGCLDC,22,5,4,4,27,8,0.3333333333333333,neutral
YHCYDYIR,14,7,3,1,21,4,0.3333333333333333,neutral
FCFLFVGD,13,11,2,4,24,6,0.3333333333333333,neutral
LCFGNYFH,41,22,14,18,63,32,0.3333333333333333,neutral
IVCDCHFI,23,7,4,6,30,10,0.3333333333333333,neutral
HDIFCVCC,10,11,2,2,21,4,0.3333333333333333,neutral
CVFCCRIY,11,4,0,0,15,0,0.3333333333333333,neutral
CGVNVSFI,38,28,14,20,66,34,0.3333333333333333,neutral
YYFYGCIV,13,8,2,2,21,4,0.3333333333333333,neutral
FIVGCFCG,38,28,16,18,66,34,0.3333333333333333,neutral
LLHYIYDG,26,13,5,11,39,16,0.3333333333333333,neutral
YSDGRCFV,42,24,14,20,66,34,0.3333333333333333,neutral
VYICGCSD,25,20,8,12,45,20,0.3333333333333333,neutral
YICLIVVC,11,7,2,0,18,2,0.3333333333333333,neutral
DCCYGFFV,27,24,8,16,51,24,0.3333333333333333,neutral
CCVVYYLH,14,7,2,2,21,4,0.3333333333333333,neutral
HLFFCCVF,11,7,1,1,18,2,0.3333333333333333,neutral
LCYCVCLC,9,9,1,1,18,2,0.3333333333333333,neutral
CNVFGYFS,56,43,28,28,99,56,0.3333333333333333,neutral
FCLCSCIC,11,19,5,5,30,10,0.3333333333333333,neutral
FCNCVFIL,16,2,2,0,18,2,0.3333333333333333,neutral
FRYYDCDV,31,17,16,6,48,22,0.3333333333333333,neutral
FCCNSCVS,29,16,7,13,45,20,0.3333333333333333,neutral
FGFIRCCY,11,16,8,0,27,8,0.3333333333333333,neutral
FYFVRCGL,23,13,7,7,36,14,0.3333333333333333,neutral
FCCYYVYD,24,15,10,6,39,16,0.3333333333333333,neutral
FFFYGLYC,23,7,3,7,30,10,0.3333333333333333,neutral
FFDHDIID,24,9,6,6,33,12,0.3333333333333333,neutral
FFLLLYLH,10,8,1,1,18,2,0.3333333333333333,neutral
CFVRGIYF,7,14,3,1,21,4,0.3333333333333333,neutral
FCCCVSLH,18,12,5,5,30,10,0.3333333333333333,neutral
YNFVCGRG,42,24,18,16,66,34,0.3333333333333333,neutral
YYCFCYGF,15,15,4,6,30,10,0.3333333333333333,neutral
CYHCRFRH,11,13,4,2,24,6,0.3333333333333333,neutral
FFSDCFVD,29,19,10,12,48,22,0.3333333333333333,neutral
FLFSGCID,30,18,11,11,48,22,0.3333333333333333,neutral
NHICVVFD,26,13,9,7,39,16,0.3333333333333333,neutral
CFLCSFYF,13,5,1,1,18,2,0.3333333333333333,neutral
VCVCFCVH,12,9,1,3,21,4,0.3333333333333333,neutral
FFVFVILN,11,7,1,1,18,2,0.3333333333333333,neutral
YDIYDYGL,11,16,4,4,27,8,0.3333333333333333,neutral
LVGSNFCI,38,19,19,9,57,28,0.3333333333333333,neutral
FVCICRIG,10,8,2,0,18,2,0.3333333333333333,neutral
VYYYYDCD,28,20,12,10,48,22,0.3333333333333333,neutral
SSCFCFFC,25,8,6,6,33,12,0.3333333333333333,neutral
FIYVDCDR,45,36,21,23,81,44,0.3333333333333333,neutral
FSFYFCGL,21,6,3,5,27,8,0.3333333333333333,neutral
CGLNLGYG,34,17,15,9,51,24,0.3333333333333333,neutral
LLSVICSV,25,23,13,9,48,22,0.3333333333333333,neutral
ICYFSRCF,10,8,1,1,18,2,0.3333333333333333,neutral
GHCCCRLH,12,15,6,2,27,8,0.3333333333333333,neutral
CCICYFYG,16,14,3,7,30,10,0.3333333333333333,neutral
FFCCLILH,8,7,0,0,15,0,0.3333333333333333,neutral
GCLICHCV,30,18,11,11,48,22,0.3333333333333333,neutral
RYGRLLVI,48,33,16,28,81,44,0.3333333333333333,neutral
YYICFSFD,20,13,4,8,33,12,0.3333333333333333,neutral
CSFGYLNL,51,33,18,28,84,46,0.3333333333333333,neutral
FCSYCSNH,23,13,9,5,36,14,0.3333333333333333,neutral
NGLRYIYF,8,10,2,0,18,2,0.3333333333333333,neutral
VYYFYFGG,20,10,3,7,30,10,0.3333333333333333,neutral
IVIGICYG,14,4,1,1,18,2,0.3333333333333333,neutral
GCCCSYGV,22,14,5,9,36,14,0.3333333333333333,neutral
VYYCGRFL,19,11,7,3,30,10,0.3333333333333333,neutral
LSSYSHGL,27,18,8,12,45,20,0.3333333333333333,neutral
CDFFGVVR,33,27,17,13,60,30,0.3333333333333333,neutral
YNSVRYDV,47,34,18,26,81,44,0.3333333333333333,neutral
YLFILVIV,12,6,2,0,18,2,0.3333333333333333,neutral
LCVLIDIV,14,7,2,2,21,4,0.3333333333333333,neutral
YSFCIRCC,18,6,3,3,24,6,0.3333333333333333,neutral
IILCIFYF,9,6,0,0,15,0,0.3333333333333333,neutral
NCYCIFRV,14,10,3,3,24,6,0.3333333333333333,neutral
CIYCNGVR,30,24,12,14,54,26,0.3333333333333333,neutral
CNYGYVRR,42,33,20,20,75,40,0.3333333333333333,neutral
IIFIGGIV,15,6,3,1,21,4,0.3333333333333333,neutral
RYNICLRI,11,4,0,0,15,0,0.3333333333333333,neutral
SCCNYRVF,38,22,13,17,60,30,0.3333333333333333,neutral
FFNVSRIY,20,10,5,5,30,10,0.3333333333333333,neutral
FFSCIRDD,19,17,9,5,36,14,0.3333333333333333,neutral
SHLYILYG,17,4,1,3,21,4,0.3333333333333333,neutral
IFFLCVRF,9,6,0,0,15,0,0.3333333333333333,neutral
LLLSCCVF,22,14,8,6,36,14,0.3333333333333333,neutral
FVIIGFCC,16,5,0,4,21,4,0.3333333333333333,neutral
FIVISFFI,11,7,0,2,18,2,0.3333333333333333,neutral
FNVGFLFC,25,11,9,5,36,14,0.3333333333333333,neutral
CFCVILIC,15,6,1,3,21,4,0.3333333333333333,neutral
FFCSGRLD,26,7,5,7,33,12,0.3333333333333333,neutral
VVFCVFDR,28,23,9,15,51,24,0.3333333333333333,neutral
FYLYCNYF,12,6,1,1,18,2,0.3333333333333333,neutral
FFGGSFCL,16,8,4,2,24,6,0.3333333333333333,neutral
VSVYLGLG,25,17,9,9,42,18,0.3333333333333333,neutral
LCVFFCIS,15,6,2,2,21,4,0.3333333333333333,neutral
IFVCIFFR,9,9,1,1,18,2,0.3333333333333333,neutral
VVCYSGRY,12,12,4,2,24,6,0.3333333333333333,neutral
CRHCLGVF,11,7,0,2,18,2,0.3333333333333333,neutral
RHCCFDFR,19,17,6,8,36,14,0.3333333333333333,neutral
VRGLNFIY,26,16,8,10,42,18,0.3333333333333333,neutral
CGFYCVCY,12,6,1,1,18,2,0.3333333333333333,neutral
DDCSVFSC,57,45,28,30,102,58,0.3333333333333333,neutral
FLRYGSLG,44,25,14,22,69,36,0.3333333333333333,neutral
FGHCHCHG,12,6,0,2,18,2,0.3333333333333333,neutral
FVIYFISI,12,6,2,0,18,2,0.3333333333333333,neutral
ISFLVCHN,1,17,0,2,18,2,0.3333333333333333,neutral
ICCCHGDV,38,19,10,18,57,28,0.3333333333333333,neutral
NFLCGCFG,24,18,8,10,42,18,0.3333333333333333,neutral
CLSCVYNF,19,11,5,5,30,10,0.3333333333333333,neutral
SCVLYNVL,30,12,11,7,42,18,0.3333333333333333,neutral
FCFGHRFG,20,13,5,7,33,12,0.3333333333333333,neutral
LVRFSYVR,65,46,33,31,111,64,0.3333333333333333,neutral
GLSLFNFS,43,29,22,16,72,38,0.3333333333333333,neutral
CCLCVHND,31,14,11,9,45,20,0.3333333333333333,neutral
DYLFGRVR,27,9,10,4,36,14,0.3333333333333333,neutral
GHCVCCND,17,19,8,6,36,14,0.3333333333333333,neutral
IFHNCCLV,65,49,30,36,114,66,0.3333333333333333,neutral
CFFFFVCV,11,4,0,0,15,0,0.3333333333333333,neutral
RLYGLYLF,7,8,0,0,15,0,0.3333333333333333,neutral
NGDFYHCI,11,10,4,0,21,4,0.3333333333333333,neutral
FYSIFGNR,33,15,10,12,48,22,0.3333333333333333,neutral
FSCCDGCC,37,23,11,19,60,30,0.3333333333333333,neutral
FFDNLDSG,46,29,21,19,75,40,0.3333333333333333,neutral
IRDIGFVY,32,13,9,11,45,20,0.3333333333333333,neutral
GNIYVYSG,23,13,5,9,36,14,0.3333333333333333,neutral
FFGGFFVG,21,12,5,7,33,12,0.3333333333333333,neutral
YLCYYFGI,11,4,0,0,15,0,0.3333333333333333,neutral
HCCNCFLS,20,7,6,2,27,8,0.3333333333333333,neutral
FYFCFYIC,13,2,0,0,15,0,0.3333333333333333,neutral
IFCGCYDF,37,26,15,17,63,32,0.3333333333333333,neutral
CFCFDCSF,14,10,3,3,24,6,0.3333333333333333,neutral
NDRFCFGS,39,27,14,20,66,34,0.3333333333333333,neutral
FYDCCDLH,22,17,6,10,39,16,0.3333333333333333,neutral
CDLFYFCF,16,5,2,2,21,4,0.3333333333333333,neutral
FFNVNYIG,17,13,1,9,30,10,0.3333333333333333,neutral
IHYGCVYH,25,17,12,6,42,18,0.3333333333333333,neutral
CFCRLGCG,26,10,9,5,36,14,0.3333333333333333,neutral
FFSFHGVG,53,40,24,28,93,52,0.3333333333333333,neutral
LCYCLRGC,17,7,1,5,24,6,0.3333333333333333,neutral
FYGYCIRC,33,18,9,15,51,24,0.3333333333333333,neutral
VCYVYLVC,10,5,0,0,15,0,0.3333333333333333,neutral
ICRIRCYV,11,13,3,3,24,6,0.3333333333333333,neutral
ISGLCRFG,36,24,13,17,60,30,0.3333333333333333,neutral
FYFVFDYS,25,8,6,6,33,12,0.3333333333333333,neutral
ICHISFVV,50,43,26,26,93,52,0.3333333333333333,neutral
HFNYGIRS,24,6,2,8,30,10,0.3333333333333333,neutral
IHVRLDCY,30,18,9,13,48,22,0.3333333333333333,neutral
FCDRYFCD,39,24,17,15,63,32,0.3333333333333333,neutral
FYFFIVCC,8,7,0,0,15,0,0.3333333333333333,neutral
YDRSFRDV,102,89,62,55,191,117,0.334841628959276,neutral
LFNSHSCG,93,74,53,48,167,101,0.3350253807106599,neutral
YSCGLDGC,87,68,55,38,155,93,0.33513513513513515,neutral
VFHCVNCN,85,67,45,46,152,91,0.33516483516483514,neutral
FIGCHCYH,78,59,41,40,137,81,0.33532934131736525,neutral
FYSCCSVY,71,54,44,29,125,73,0.33548387096774196,neutral
IRYVFRHH,64,55,28,41,119,69,0.33557046979865773,neutral
VCGNFDGG,59,51,33,30,110,63,0.3357142857142857,neutral
NIIVHCFG,63,44,24,37,107,61,0.3357664233576642,neutral
FYCHHVYC,62,45,29,32,107,61,0.3357664233576642,neutral
RFFCVVGG,58,46,27,32,104,59,0.3358208955223881,neutral
ILGHCFCC,58,46,21,38,104,59,0.3358208955223881,neutral
RYVNCGVV,60,41,27,30,101,57,0.33587786259541985,neutral
ISNFYCLC,54,47,20,37,101,57,0.33587786259541985,neutral
SCGCVSVY,57,41,24,31,98,55,0.3359375,neutral
DLYSDIFD,56,42,23,32,98,55,0.3359375,neutral
LCDICVSV,55,43,26,29,98,55,0.3359375,neutral
VLHCISYI,56,42,34,21,98,55,0.3359375,neutral
SLCHVLCV,54,41,24,29,95,53,0.336,neutral
FLGNNDLV,57,38,26,27,95,53,0.336,neutral
IFVNGGFV,57,38,26,27,95,53,0.336,neutral
CSYRIGCL,54,38,23,28,92,51,0.3360655737704918,neutral
ICVFRHDV,55,37,25,26,92,51,0.3360655737704918,neutral
HRICVRCS,54,38,24,27,92,51,0.3360655737704918,neutral
GYVLFNLH,54,38,22,29,92,51,0.3360655737704918,neutral
FIFRDVSG,55,37,21,30,92,51,0.3360655737704918,neutral
VYCVFSHV,51,41,31,20,92,51,0.3360655737704918,neutral
YYLDYGDN,52,37,25,24,89,49,0.33613445378151263,neutral
CYHVLNRC,51,38,23,26,89,49,0.33613445378151263,neutral
FCFVGFCN,53,36,28,21,89,49,0.33613445378151263,neutral
CLNIICNV,51,38,19,30,89,49,0.33613445378151263,neutral
NYLGFSVR,52,37,23,26,89,49,0.33613445378151263,neutral
HCYFNVYS,53,36,21,28,89,49,0.33613445378151263,neutral
CVCLCSVR,50,36,24,23,86,47,0.33620689655172414,neutral
GCFCVLDD,48,38,33,14,86,47,0.33620689655172414,neutral
CCCSVNRR,51,35,25,22,86,47,0.33620689655172414,neutral
CDDGDYGY,51,35,20,27,86,47,0.33620689655172414,neutral
HHCFICCD,44,39,16,29,83,45,0.336283185840708,neutral
YNDCFFFS,45,38,20,25,83,45,0.336283185840708,neutral
VSIDFFCV,51,32,21,24,83,45,0.336283185840708,neutral
GFRFCYDI,51,32,18,27,83,45,0.336283185840708,neutral
IFFHYSYH,49,31,20,23,80,43,0.33636363636363636,neutral
VFIYSDSF,48,32,20,23,80,43,0.33636363636363636,neutral
FLNLVGNH,103,84,55,59,187,114,0.33640552995391704,neutral
IFYVDCVV,47,30,23,18,77,41,0.3364485981308411,neutral
CCFVGRHR,48,29,20,21,77,41,0.3364485981308411,neutral
CHYFYHDH,48,29,21,20,77,41,0.3364485981308411,neutral
FYIHCDRI,46,31,17,24,77,41,0.3364485981308411,neutral
RHYVCGYV,47,30,20,21,77,41,0.3364485981308411,neutral
HFNHGCVL,99,82,52,58,181,110,0.33649289099526064,neutral
CLCSDFII,39,35,16,23,74,39,0.33653846153846156,neutral
FLVDINCF,42,32,24,15,74,39,0.33653846153846156,neutral
CIFVRRIC,42,32,16,23,74,39,0.33653846153846156,neutral
SVFFCHSS,45,29,18,21,74,39,0.33653846153846156,neutral
CDFGCFVY,41,30,17,20,71,37,0.33663366336633666,neutral
FFCSHVRR,40,31,21,16,71,37,0.33663366336633666,neutral
CCLGRVNY,39,32,16,21,71,37,0.33663366336633666,neutral
FLCRHGSR,43,28,24,13,71,37,0.33663366336633666,neutral
FFRYGYVL,43,28,14,23,71,37,0.33663366336633666,neutral
FGGVILSF,39,29,13,22,68,35,0.336734693877551,neutral
HRYGVLLL,40,28,17,18,68,35,0.336734693877551,neutral
FRYCHSVR,39,29,17,18,68,35,0.336734693877551,neutral
ICGGCYHG,39,29,12,23,68,35,0.336734693877551,neutral
IFFFDNFY,42,26,15,20,68,35,0.336734693877551,neutral
CCLCDFDH,42,26,14,21,68,35,0.336734693877551,neutral
IIHGYISF,41,27,19,16,68,35,0.336734693877551,neutral
FRGCIFDD,41,27,15,20,68,35,0.336734693877551,neutral
CCGHLFFS,40,28,19,16,68,35,0.336734693877551,neutral
FYFVDCNG,42,26,21,14,68,35,0.336734693877551,neutral
LVRHGFCD,43,25,17,18,68,35,0.336734693877551,neutral
NVCFDGFF,43,25,18,17,68,35,0.336734693877551,neutral
CDGFNGII,42,26,20,15,68,35,0.336734693877551,neutral
LCVLHDLV,41,24,18,15,65,33,0.3368421052631579,neutral
YFDCGDFH,41,24,17,16,65,33,0.3368421052631579,neutral
FFCSYYFR,41,24,21,12,65,33,0.3368421052631579,neutral
CFGGFFGY,42,23,17,16,65,33,0.3368421052631579,neutral
FFSDYLYS,41,24,20,13,65,33,0.3368421052631579,neutral
YFSGIFCN,35,30,16,17,65,33,0.3368421052631579,neutral
RCVNSHYC,39,26,20,13,65,33,0.3368421052631579,neutral
CFLVGICH,39,26,17,16,65,33,0.3368421052631579,neutral
YCGIDYFS,39,26,15,18,65,33,0.3368421052631579,neutral
YVIFDGLC,36,29,12,21,65,33,0.3368421052631579,neutral
SFCCGVHF,40,25,18,15,65,33,0.3368421052631579,neutral
FRCHGRFF,34,31,17,16,65,33,0.3368421052631579,neutral
SYLCGYSV,38,27,16,17,65,33,0.3368421052631579,neutral
FLGFYGNC,35,27,10,21,62,31,0.33695652173913043,neutral
DRHYFCVL,38,24,12,19,62,31,0.33695652173913043,neutral
VHCLYNIC,39,23,12,19,62,31,0.33695652173913043,neutral
YGLVCDVL,40,22,15,16,62,31,0.33695652173913043,neutral
RFYYGHDN,38,24,11,20,62,31,0.33695652173913043,neutral
NSLICLGF,32,30,20,11,62,31,0.33695652173913043,neutral
SFCVSCLL,39,23,15,16,62,31,0.33695652173913043,neutral
HFCGSGGS,34,28,14,17,62,31,0.33695652173913043,neutral
NLYFGRVR,39,23,13,18,62,31,0.33695652173913043,neutral
FFGYSVIS,38,24,15,16,62,31,0.33695652173913043,neutral
ICYYGCDI,39,20,13,16,59,29,0.33707865168539325,neutral
IHDGLFSC,38,21,12,17,59,29,0.33707865168539325,neutral
VICNIRYI,36,23,13,16,59,29,0.33707865168539325,neutral
CYCVVGDS,82,66,46,42,148,88,0.33707865168539325,neutral
SFVIYGFR,36,23,16,13,59,29,0.33707865168539325,neutral
IGHFVDYF,37,22,17,12,59,29,0.33707865168539325,neutral
GICCYGIY,37,19,13,14,56,27,0.3372093023255814,neutral
SNIFCGGL,30,26,8,19,56,27,0.3372093023255814,neutral
FCVNCYCD,27,29,8,19,56,27,0.3372093023255814,neutral
CFRVRYII,33,23,16,11,56,27,0.3372093023255814,neutral
RCGDFFFN,32,24,11,16,56,27,0.3372093023255814,neutral
SLCVGFDI,30,26,4,23,56,27,0.3372093023255814,neutral
FRLLSLVD,30,26,17,10,56,27,0.3372093023255814,neutral
VHVYSFGL,31,25,9,18,56,27,0.3372093023255814,neutral
SVGFCFDL,36,20,12,15,56,27,0.3372093023255814,neutral
FCDISCRD,36,20,15,12,56,27,0.3372093023255814,neutral
DVGDHIFD,80,62,36,48,142,84,0.3372093023255814,neutral
NCYCLGFS,35,21,14,13,56,27,0.3372093023255814,neutral
IVFCNICG,34,22,16,11,56,27,0.3372093023255814,neutral
CCCFCCVI,35,21,15,12,56,27,0.3372093023255814,neutral
LCNCYHLV,37,19,12,15,56,27,0.3372093023255814,neutral
IHDIGIHF,75,64,40,42,139,82,0.33727810650887574,neutral
YFVIFSLG,33,20,10,15,53,25,0.3373493975903614,neutral
VVFVSDIH,30,23,14,11,53,25,0.3373493975903614,neutral
YYVFCDCG,28,25,12,13,53,25,0.3373493975903614,neutral
FYRGYDYL,33,20,11,14,53,25,0.3373493975903614,neutral
FLCGNCGG,36,17,10,15,53,25,0.3373493975903614,neutral
LDVIVNGF,31,22,12,13,53,25,0.3373493975903614,neutral
VVSIFIGR,33,20,10,15,53,25,0.3373493975903614,neutral
YVNIVYDL,34,19,14,11,53,25,0.3373493975903614,neutral
VYNCRFDG,34,19,10,15,53,25,0.3373493975903614,neutral
YGNFCCGF,34,19,13,12,53,25,0.3373493975903614,neutral
LVIFCGSG,75,58,35,43,133,78,0.3374233128834356,neutral
FRLCRIYR,26,24,10,13,50,23,0.3375,neutral
LDCDFLLY,29,21,9,14,50,23,0.3375,neutral
VGFIHDFI,31,19,7,16,50,23,0.3375,neutral
FYCISGLC,33,17,7,16,50,23,0.3375,neutral
DNRGDCYL,30,20,17,6,50,23,0.3375,neutral
FNFRSDRY,29,21,12,11,50,23,0.3375,neutral
VCFGVHSI,73,57,33,43,130,76,0.3375,neutral
VDDYLLVY,29,21,12,11,50,23,0.3375,neutral
CCFCSCVN,30,20,6,17,50,23,0.3375,neutral
HFGFGGFG,30,20,10,13,50,23,0.3375,neutral
FCDFLCVC,30,20,10,13,50,23,0.3375,neutral
LGDVGFGC,33,17,13,10,50,23,0.3375,neutral
SDISFDFI,32,15,10,11,47,21,0.33766233766233766,neutral
CYCIFYGG,31,16,11,10,47,21,0.33766233766233766,neutral
DFRFDVDL,26,21,9,12,47,21,0.33766233766233766,neutral
YYDGHLVC,69,55,28,44,124,72,0.33766233766233766,neutral
FLRIISGY,30,17,13,8,47,21,0.33766233766233766,neutral
CFSCHFNG,29,18,6,15,47,21,0.33766233766233766,neutral
VVSRFLSY,28,19,9,12,47,21,0.33766233766233766,neutral
CIFGCGDH,33,14,9,12,47,21,0.33766233766233766,neutral
NFIDIFSL,32,15,10,11,47,21,0.33766233766233766,neutral
FFHHNSVC,30,17,7,14,47,21,0.33766233766233766,neutral
YYCLGVIH,28,19,12,9,47,21,0.33766233766233766,neutral
FICDNVSL,31,16,14,7,47,21,0.33766233766233766,neutral
LIGFYCYH,26,21,12,9,47,21,0.33766233766233766,neutral
GVGLSFYG,26,21,10,11,47,21,0.33766233766233766,neutral
FGFCIGGY,30,17,11,10,47,21,0.33766233766233766,neutral
LGSFYIFR,27,20,12,9,47,21,0.33766233766233766,neutral
YCDCYCVG,28,19,9,12,47,21,0.33766233766233766,neutral
GHGHINDG,70,51,36,34,121,70,0.33774834437086093,neutral
GDHCLCDG,66,55,30,40,121,70,0.33774834437086093,neutral
LYDLFYCG,29,15,10,9,44,19,0.33783783783783783,neutral
FDYIYCGY,23,21,12,7,44,19,0.33783783783783783,neutral
FFIGDCNL,28,16,10,9,44,19,0.33783783783783783,neutral
FCVHCGLH,27,17,10,9,44,19,0.33783783783783783,neutral
DFNCHCVY,27,17,8,11,44,19,0.33783783783783783,neutral
LFYCGRFR,30,14,9,10,44,19,0.33783783783783783,neutral
FCYSVIRC,27,17,8,11,44,19,0.33783783783783783,neutral
HYFVSSLC,30,14,8,11,44,19,0.33783783783783783,neutral
DFGCCGFL,31,13,6,13,44,19,0.33783783783783783,neutral
IGCCSRYL,30,14,12,7,44,19,0.33783783783783783,neutral
FSRYGGVC,27,17,8,11,44,19,0.33783783783783783,neutral
VYCGICGH,26,18,9,10,44,19,0.33783783783783783,neutral
YSYRVGCF,28,16,10,9,44,19,0.33783783783783783,neutral
YGCIRFCV,27,17,10,9,44,19,0.33783783783783783,neutral
YSCCGVHC,67,51,30,38,118,68,0.33783783783783783,neutral
VCCRDSLC,29,15,13,6,44,19,0.33783783783783783,neutral
YFLFNGCR,26,18,13,6,44,19,0.33783783783783783,neutral
FCCVDNFC,28,16,9,10,44,19,0.33783783783783783,neutral
HFYSVSYG,24,20,9,10,44,19,0.33783783783783783,neutral
VFVDYFIL,23,21,10,9,44,19,0.33783783783783783,neutral
CVRIGICY,28,16,12,7,44,19,0.33783783783783783,neutral
FHGCFSCV,27,17,11,8,44,19,0.33783783783783783,neutral
CCYHGVGL,28,16,9,10,44,19,0.33783783783783783,neutral
HGFCLRCY,26,18,4,15,44,19,0.33783783783783783,neutral
FDCCFVCF,27,17,10,9,44,19,0.33783783783783783,neutral
YIHVIGGN,29,15,6,13,44,19,0.33783783783783783,neutral
VCRDSILF,27,14,10,7,41,17,0.3380281690140845,neutral
CCGCNCND,26,15,5,12,41,17,0.3380281690140845,neutral
NIFNIYYH,24,17,10,7,41,17,0.3380281690140845,neutral
YYFNCVVN,29,12,9,8,41,17,0.3380281690140845,neutral
CCRCFCSC,24,17,8,9,41,17,0.3380281690140845,neutral
YFFSFNNG,27,14,7,10,41,17,0.3380281690140845,neutral
ICLRGFDG,25,16,9,8,41,17,0.3380281690140845,neutral
YCFVGFGH,27,14,7,10,41,17,0.3380281690140845,neutral
FNNRCFDV,25,16,6,11,41,17,0.3380281690140845,neutral
CGHYCNGF,26,15,9,8,41,17,0.3380281690140845,neutral
LRLFGSVL,26,15,8,9,41,17,0.3380281690140845,neutral
CSFSNIYV,24,17,8,9,41,17,0.3380281690140845,neutral
FSFCLCGG,25,16,8,9,41,17,0.3380281690140845,neutral
FGDLSRVF,25,16,9,8,41,17,0.3380281690140845,neutral
DDYCGVYL,26,15,8,9,41,17,0.3380281690140845,neutral
NFCNVLIC,61,48,23,39,109,62,0.3381294964028777,neutral
CCVVSDCY,21,17,9,6,38,15,0.3382352941176471,neutral
YICSNDYC,24,14,7,8,38,15,0.3382352941176471,neutral
CDFIYCRI,24,14,7,8,38,15,0.3382352941176471,neutral
NNCCIFGC,20,18,9,6,38,15,0.3382352941176471,neutral
LRIFSDSI,25,13,5,10,38,15,0.3382352941176471,neutral
FVFFIDGC,24,14,6,9,38,15,0.3382352941176471,neutral
NHCRCLFY,20,18,5,10,38,15,0.3382352941176471,neutral
CSLIYGDV,26,12,6,9,38,15,0.3382352941176471,neutral
DDFCGFVG,26,12,5,10,38,15,0.3382352941176471,neutral
IFHGCYCN,17,21,7,8,38,15,0.3382352941176471,neutral
NIFDRNFV,23,15,8,7,38,15,0.3382352941176471,neutral
VVCFNCFG,21,17,5,10,38,15,0.3382352941176471,neutral
FYYFFILH,23,15,10,5,38,15,0.3382352941176471,neutral
NCSFIDYL,22,16,5,10,38,15,0.3382352941176471,neutral
CYCRRHFF,27,11,9,6,38,15,0.3382352941176471,neutral
LCYDSFYG,23,15,5,10,38,15,0.3382352941176471,neutral
CYYFFIFH,24,14,7,8,38,15,0.3382352941176471,neutral
CCRYLSIV,21,17,5,10,38,15,0.3382352941176471,neutral
GVYFIDGC,21,17,8,7,38,15,0.3382352941176471,neutral
LFCSRVYC,23,15,6,9,38,15,0.3382352941176471,neutral
LFVCSFGC,26,12,7,8,38,15,0.3382352941176471,neutral
FYGGFCVD,23,15,7,8,38,15,0.3382352941176471,neutral
HRCYCFSD,56,47,24,34,103,58,0.3383458646616541,neutral
ICYCGRLI,25,10,3,10,35,13,0.3384615384615385,neutral
RLRYDNFY,24,11,4,9,35,13,0.3384615384615385,neutral
GLVCRFVC,21,14,7,6,35,13,0.3384615384615385,neutral
FHCFISSF,22,13,6,7,35,13,0.3384615384615385,neutral
NVRVCCDY,21,14,5,8,35,13,0.3384615384615385,neutral
NSVVSYFS,21,14,7,6,35,13,0.3384615384615385,neutral
NLNFCSYV,27,8,8,5,35,13,0.3384615384615385,neutral
CYFNCCNY,22,13,9,4,35,13,0.3384615384615385,neutral
CFLGFYYG,17,18,8,5,35,13,0.3384615384615385,neutral
GCLCGDGC,19,16,5,8,35,13,0.3384615384615385,neutral
FCYHYVNR,18,17,5,8,35,13,0.3384615384615385,neutral
YCICYNGV,23,12,7,6,35,13,0.3384615384615385,neutral
FCCCIGVF,22,13,2,11,35,13,0.3384615384615385,neutral
VFFNGCFC,26,9,7,6,35,13,0.3384615384615385,neutral
FFINYSHY,25,10,6,7,35,13,0.3384615384615385,neutral
FHHLFIYS,23,12,8,5,35,13,0.3384615384615385,neutral
LNCFYLFN,16,19,8,5,35,13,0.3384615384615385,neutral
VFDCLICF,27,8,6,7,35,13,0.3384615384615385,neutral
CFYGYYGH,57,43,30,26,100,56,0.3384615384615385,neutral
GLVDGCGF,21,14,5,8,35,13,0.3384615384615385,neutral
FYDFFYYN,24,11,4,9,35,13,0.3384615384615385,neutral
IYGYVGFS,21,14,3,10,35,13,0.3384615384615385,neutral
FYIGVVRV,27,8,8,5,35,13,0.3384615384615385,neutral
NYCCVCNL,18,17,5,8,35,13,0.3384615384615385,neutral
HCGIYGLS,56,41,20,34,97,54,0.33858267716535434,neutral
IHCCRYHL,18,14,4,7,32,11,0.3387096774193548,neutral
FHNGLCVL,19,13,5,6,32,11,0.3387096774193548,neutral
FSCDLFYI,56,38,26,26,94,52,0.3387096774193548,neutral
CSGFLSSF,20,12,5,6,32,11,0.3387096774193548,neutral
FHIDSYGG,20,12,5,6,32,11,0.3387096774193548,neutral
CYYCDCGV,19,13,5,6,32,11,0.3387096774193548,neutral
IHCNFFCV,22,10,7,4,32,11,0.3387096774193548,neutral
FVDVNYFF,21,11,8,3,32,11,0.3387096774193548,neutral
SDDCGGFY,20,12,3,8,32,11,0.3387096774193548,neutral
CYCGVRHL,20,12,7,4,32,11,0.3387096774193548,neutral
FYRFHGGD,22,10,6,5,32,11,0.3387096774193548,neutral
FCDFGFFY,21,11,4,7,32,11,0.3387096774193548,neutral
FYYNFNYF,24,8,4,7,32,11,0.3387096774193548,neutral
ICFCRDCN,52,42,27,25,94,52,0.3387096774193548,neutral
YSCYCVIH,17,15,6,5,32,11,0.3387096774193548,neutral
LFVSCCGF,22,10,6,5,32,11,0.3387096774193548,neutral
SFCVGLFF,14,18,8,3,32,11,0.3387096774193548,neutral
CLSLCNLS,20,12,6,5,32,11,0.3387096774193548,neutral
FCGFVFGY,20,12,9,2,32,11,0.3387096774193548,neutral
CRVFCCDC,23,9,6,5,32,11,0.3387096774193548,neutral
GNCCICLR,22,10,6,5,32,11,0.3387096774193548,neutral
CSFGYCCV,23,9,6,5,32,11,0.3387096774193548,neutral
CGHRVCCL,18,14,6,5,32,11,0.3387096774193548,neutral
LILDGFRN,17,15,6,5,32,11,0.3387096774193548,neutral
VDLSDFFN,20,12,5,6,32,11,0.3387096774193548,neutral
VFIGVLSI,15,17,2,9,32,11,0.3387096774193548,neutral
FNFIICDR,20,12,4,7,32,11,0.3387096774193548,neutral
YRVCGSVH,52,39,21,29,91,50,0.33884297520661155,neutral
FHINLCVR,48,43,21,29,91,50,0.33884297520661155,neutral
RYVRGDHG,52,39,22,28,91,50,0.33884297520661155,neutral
CCCLHCCC,11,18,2,7,29,9,0.3389830508474576,neutral
GLCCRGCR,17,12,5,4,29,9,0.3389830508474576,neutral
FFVRSFFC,14,15,4,5,29,9,0.3389830508474576,neutral
FCLCGCDC,17,12,6,3,29,9,0.3389830508474576,neutral
FCIYFFVH,20,9,4,5,29,9,0.3389830508474576,neutral
DFGIYCDY,18,11,4,5,29,9,0.3389830508474576,neutral
CFFNHVGG,20,9,5,4,29,9,0.3389830508474576,neutral
FRYVSGVL,18,11,4,5,29,9,0.3389830508474576,neutral
SDFFVVGN,16,13,4,5,29,9,0.3389830508474576,neutral
RYYFDFRL,20,9,4,5,29,9,0.3389830508474576,neutral
CIFLCCIH,20,9,2,7,29,9,0.3389830508474576,neutral
CFDYHVYC,16,13,6,3,29,9,0.3389830508474576,neutral
CCVILNCC,18,11,2,7,29,9,0.3389830508474576,neutral
VFFCFCVG,15,14,2,7,29,9,0.3389830508474576,neutral
FFCYGRGD,17,12,3,6,29,9,0.3389830508474576,neutral
CFLFRSCC,17,12,1,8,29,9,0.3389830508474576,neutral
ICRLLVGI,52,36,28,20,88,48,0.3389830508474576,neutral
SNLFCFCL,19,10,2,7,29,9,0.3389830508474576,neutral
LHRFFNHC,46,42,15,33,88,48,0.3389830508474576,neutral
LCVVHVYH,18,11,5,4,29,9,0.3389830508474576,neutral
VFCYCCVS,19,10,5,4,29,9,0.3389830508474576,neutral
FCGVLIFH,20,9,5,4,29,9,0.3389830508474576,neutral
FLIYDGGN,50,35,21,25,85,46,0.3391304347826087,neutral
FYNYVRFF,52,33,23,23,85,46,0.3391304347826087,neutral
VGGFDFRH,49,36,21,25,85,46,0.3391304347826087,neutral
YCHLGIGH,50,35,21,25,85,46,0.3391304347826087,neutral
DCGCSVCV,52,33,21,25,85,46,0.3391304347826087,neutral
DFVRIIYS,45,40,25,21,85,46,0.3391304347826087,neutral
CDGVCIGY,51,34,27,19,85,46,0.3391304347826087,neutral
FHHLRCDC,50,32,20,24,82,44,0.3392857142857143,neutral
FFICVDSY,18,8,1,6,26,7,0.3392857142857143,neutral
FLYCRNCY,17,9,5,2,26,7,0.3392857142857143,neutral
FRDNYFRF,16,10,5,2,26,7,0.3392857142857143,neutral
IRFCHNCG,18,8,5,2,26,7,0.3392857142857143,neutral
FIYCDYCV,20,6,4,3,26,7,0.3392857142857143,neutral
VIIFSHRI,16,10,5,2,26,7,0.3392857142857143,neutral
YCLHCSVG,19,7,2,5,26,7,0.3392857142857143,neutral
DFVYDCYH,13,13,4,3,26,7,0.3392857142857143,neutral
RYCCSVHI,12,14,2,5,26,7,0.3392857142857143,neutral
CVYCNVHI,12,14,5,2,26,7,0.3392857142857143,neutral
FGVVYHVR,14,12,2,5,26,7,0.3392857142857143,neutral
CSCGLVCI,19,7,4,3,26,7,0.3392857142857143,neutral
FCFGCFLH,19,7,3,4,26,7,0.3392857142857143,neutral
VCCSHFFV,12,14,4,3,26,7,0.3392857142857143,neutral
FFCNCCCN,17,9,5,2,26,7,0.3392857142857143,neutral
IFGGRSYC,77,61,33,48,138,81,0.3392857142857143,neutral
RYCGCYCC,16,10,5,2,26,7,0.3392857142857143,neutral
GLSFHHGL,49,33,19,25,82,44,0.3392857142857143,neutral
HCCHRYDF,12,14,4,3,26,7,0.3392857142857143,neutral
CFCCDVLR,17,9,5,2,26,7,0.3392857142857143,neutral
FCVVNFNF,20,6,4,3,26,7,0.3392857142857143,neutral
YFDYVGFS,48,34,23,21,82,44,0.3392857142857143,neutral
LRRVYIHI,18,8,4,3,26,7,0.3392857142857143,neutral
FFSFGFVC,16,10,3,4,26,7,0.3392857142857143,neutral
CILCLLYG,12,14,3,4,26,7,0.3392857142857143,neutral
ILFIFVYD,15,11,2,5,26,7,0.3392857142857143,neutral
HSHYFNFG,18,8,4,3,26,7,0.3392857142857143,neutral
CLHCINGF,16,10,5,2,26,7,0.3392857142857143,neutral
CYCNDCHF,15,11,5,2,26,7,0.3392857142857143,neutral
VVSCVCCN,21,5,2,5,26,7,0.3392857142857143,neutral
LDGFLVII,14,12,4,3,26,7,0.3392857142857143,neutral
FIFVFGSL,21,5,3,4,26,7,0.3392857142857143,neutral
FCGVLCLL,19,7,1,6,26,7,0.3392857142857143,neutral
FFDGVRVI,48,31,20,22,79,42,0.3394495412844037,neutral
FGCVNGLV,48,31,22,20,79,42,0.3394495412844037,neutral
FVFDLLLH,49,30,16,26,79,42,0.3394495412844037,neutral
FSLCVCNH,47,32,17,25,79,42,0.3394495412844037,neutral
YGVHSVVC,49,30,17,25,79,42,0.3394495412844037,neutral
FFGSLLLG,40,39,19,23,79,42,0.3394495412844037,neutral
SCCCYSCF,13,10,5,0,23,5,0.33962264150943394,neutral
CCVFSNCY,14,9,3,2,23,5,0.33962264150943394,neutral
GGGYRFLF,13,10,1,4,23,5,0.33962264150943394,neutral
FCFCLVFI,12,11,1,4,23,5,0.33962264150943394,neutral
YSGFRGIH,47,29,23,17,76,40,0.33962264150943394,neutral
CCYNRGCH,17,6,3,2,23,5,0.33962264150943394,neutral
GLYVLCGI,17,6,3,2,23,5,0.33962264150943394,neutral
LDYCYCIF,11,12,2,3,23,5,0.33962264150943394,neutral
LCFRSLVR,40,36,25,15,76,40,0.33962264150943394,neutral
VVLNVNLL,74,55,32,43,129,75,0.33962264150943394,neutral
CLIDFFVI,17,6,3,2,23,5,0.33962264150943394,neutral
CLFSYYYH,13,10,3,2,23,5,0.33962264150943394,neutral
DYYFVCGF,47,29,20,20,76,40,0.33962264150943394,neutral
GCCSCLGL,3,20,0,5,23,5,0.33962264150943394,neutral
HFIFYVLV,14,9,1,4,23,5,0.33962264150943394,neutral
CFGFDRLG,15,8,4,1,23,5,0.33962264150943394,neutral
VNGFHVFC,15,8,0,5,23,5,0.33962264150943394,neutral
LCYYIVHG,13,10,1,4,23,5,0.33962264150943394,neutral
DHILIIGY,16,7,2,3,23,5,0.33962264150943394,neutral
CVYVFCIG,15,8,2,3,23,5,0.33962264150943394,neutral
IIRHISDY,15,8,4,1,23,5,0.33962264150943394,neutral
CCVYFFRD,16,7,3,2,23,5,0.33962264150943394,neutral
FFYFVCNC,11,12,3,2,23,5,0.33962264150943394,neutral
GYVCLFVF,16,7,2,3,23,5,0.33962264150943394,neutral
GFVYLLVN,13,10,3,2,23,5,0.33962264150943394,neutral
FCYHLVVI,16,7,3,2,23,5,0.33962264150943394,neutral
FFYLCDLF,15,8,3,2,23,5,0.33962264150943394,neutral
FIGYIFSD,15,8,4,1,23,5,0.33962264150943394,neutral
FCCFFCDY,10,13,2,3,23,5,0.33962264150943394,neutral
FHVICCYN,13,10,1,4,23,5,0.33962264150943394,neutral
FNVLVCCY,15,8,2,3,23,5,0.33962264150943394,neutral
NNICYCID,46,30,14,26,76,40,0.33962264150943394,neutral
VLLRFDDC,98,81,49,59,179,108,0.3397129186602871,neutral
FGCSCSRY,71,55,37,36,126,73,0.33974358974358976,neutral
YNLRICGH,46,27,18,20,73,38,0.33980582524271846,neutral
SNLSFGYG,46,27,17,21,73,38,0.33980582524271846,neutral
DCDCVYRY,46,27,18,20,73,38,0.33980582524271846,neutral
RIYRLYCG,43,30,13,25,73,38,0.33980582524271846,neutral
YHLGRHFN,46,27,21,17,73,38,0.33980582524271846,neutral
GNCIFCCD,44,29,22,16,73,38,0.33980582524271846,neutral
IRCFVYHG,41,32,19,19,73,38,0.33980582524271846,neutral
CDLVSCYR,44,29,19,19,73,38,0.33980582524271846,neutral
YYFGYCRV,42,31,21,17,73,38,0.33980582524271846,neutral
CDDYFGDH,70,53,37,34,123,71,0.33986928104575165,neutral
FYGNVNVG,13,7,1,2,20,3,0.34,neutral
HCVYRSLC,43,27,18,18,70,36,0.34,neutral
FIGFFINI,12,8,1,2,20,3,0.34,neutral
YCCVFIFC,13,7,1,2,20,3,0.34,neutral
VVFIISLY,14,6,2,1,20,3,0.34,neutral
LYSCVYCC,16,4,0,3,20,3,0.34,neutral
GILGLYFC,12,8,3,0,20,3,0.34,neutral
LVFFVDNF,42,28,14,22,70,36,0.34,neutral
DDHCYNFL,10,10,0,3,20,3,0.34,neutral
FCGFGIDG,16,4,1,2,20,3,0.34,neutral
LVFVFVGC,15,5,1,2,20,3,0.34,neutral
YCVFRLCG,11,9,0,3,20,3,0.34,neutral
YSLVNLYV,36,34,10,26,70,36,0.34,neutral
YFYCFFSL,14,6,1,2,20,3,0.34,neutral
YCCVCCGV,13,7,3,0,20,3,0.34,neutral
LYRFRRHD,13,7,1,2,20,3,0.34,neutral
DSCLNVYH,41,29,13,23,70,36,0.34,neutral
GFFCYGFY,15,5,1,2,20,3,0.34,neutral
IFVICVCC,15,5,0,3,20,3,0.34,neutral
FFCLVVFH,10,10,1,2,20,3,0.34,neutral
IYCCVRFV,10,10,2,1,20,3,0.34,neutral
IRFYFSHL,12,8,0,3,20,3,0.34,neutral
SCCFYCCH,13,7,1,2,20,3,0.34,neutral
GRGIIVCG,12,8,0,3,20,3,0.34,neutral
HVCRISYY,12,8,2,1,20,3,0.34,neutral
IGCFCFVG,14,6,1,2,20,3,0.34,neutral
VFYGDRHC,41,29,16,20,70,36,0.34,neutral
RCVGVYIV,66,54,36,33,120,69,0.34,neutral
IFLFVNLC,11,9,1,2,20,3,0.34,neutral
FGCDLGCL,67,50,35,32,117,67,0.3401360544217687,neutral
LDLNSCSV,67,50,27,40,117,67,0.3401360544217687,neutral
LVVSYVDR,39,28,19,15,67,34,0.3402061855670103,neutral
FCCFGDDN,39,28,17,17,67,34,0.3402061855670103,neutral
FSYDCLVD,39,28,19,15,67,34,0.3402061855670103,neutral
FCNCIRDN,43,24,14,20,67,34,0.3402061855670103,neutral
FGLVVDYL,90,71,40,56,161,96,0.3403141361256545,neutral
CVLYFIRC,9,8,1,0,17,1,0.3404255319148936,neutral
FLLLHVRY,13,4,0,1,17,1,0.3404255319148936,neutral
FYFIFFFF,8,9,0,1,17,1,0.3404255319148936,neutral
VLYIRLRH,10,7,0,1,17,1,0.3404255319148936,neutral
FCHCLFGN,12,5,0,1,17,1,0.3404255319148936,neutral
NYCGDFFL,37,27,20,12,64,32,0.3404255319148936,neutral
FYVFDIIL,10,7,1,0,17,1,0.3404255319148936,neutral
VVYCLSLC,38,26,14,18,64,32,0.3404255319148936,neutral
FIYIYFVV,10,7,1,0,17,1,0.3404255319148936,neutral
LFIVCIGF,9,8,1,0,17,1,0.3404255319148936,neutral
VYVLYVRF,9,8,1,0,17,1,0.3404255319148936,neutral
GIVCYFIH,9,8,0,1,17,1,0.3404255319148936,neutral
LYICDVCI,39,25,12,20,64,32,0.3404255319148936,neutral
NFRFYLFV,13,4,0,1,17,1,0.3404255319148936,neutral
FCYVCICL,13,4,0,1,17,1,0.3404255319148936,neutral
FNYCGYFF,12,5,1,0,17,1,0.3404255319148936,neutral
DFLYCLGF,41,23,11,21,64,32,0.3404255319148936,neutral
YFFHFYFF,13,4,0,1,17,1,0.3404255319148936,neutral
FFICVFLR,9,8,1,0,17,1,0.3404255319148936,neutral
IIRGGHFV,62,49,26,37,111,63,0.3404255319148936,neutral
VCVCLFVR,11,6,0,1,17,1,0.3404255319148936,neutral
SLVYHGFI,10,7,1,0,17,1,0.3404255319148936,neutral
LFVFFFFG,15,2,1,0,17,1,0.3404255319148936,neutral
FFSFFYLG,13,4,0,1,17,1,0.3404255319148936,neutral
FCLFFCSV,12,5,0,1,17,1,0.3404255319148936,neutral
CFYFCFFV,11,6,1,0,17,1,0.3404255319148936,neutral
RYCCVICL,10,7,0,1,17,1,0.3404255319148936,neutral
VYFIVSRV,11,6,0,1,17,1,0.3404255319148936,neutral
CFICCLLR,11,6,1,0,17,1,0.3404255319148936,neutral
FFYYVLLR,8,9,0,1,17,1,0.3404255319148936,neutral
ICFYFLIF,14,3,0,1,17,1,0.3404255319148936,neutral
SIVFFFLG,8,9,0,1,17,1,0.3404255319148936,neutral
RLCRCGNR,85,73,40,54,158,94,0.3404255319148936,neutral
IFFFCDCI,13,4,1,0,17,1,0.3404255319148936,neutral
IFYVHFYL,12,5,0,1,17,1,0.3404255319148936,neutral
RFFFIFIL,10,7,0,1,17,1,0.3404255319148936,neutral
FFLLSVLG,10,7,0,1,17,1,0.3404255319148936,neutral
FLCLYVSV,12,5,1,0,17,1,0.3404255319148936,neutral
LFVYCCFC,8,9,1,0,17,1,0.3404255319148936,neutral
CLYFRYFC,14,3,1,0,17,1,0.3404255319148936,neutral
CIFFDCGF,14,3,0,1,17,1,0.3404255319148936,neutral
VCFVCVGC,13,4,1,0,17,1,0.3404255319148936,neutral
LLGILIHV,8,9,1,0,17,1,0.3404255319148936,neutral
FIYYFVRH,10,7,0,1,17,1,0.3404255319148936,neutral
IIYYLFFL,11,6,1,0,17,1,0.3404255319148936,neutral
CHRGCYHF,41,23,13,19,64,32,0.3404255319148936,neutral
GNLCFYFY,15,2,0,1,17,1,0.3404255319148936,neutral
YSRRYVGD,41,23,13,19,64,32,0.3404255319148936,neutral
CFVVVIGN,10,7,1,0,17,1,0.3404255319148936,neutral
SYVFCYLD,36,28,16,16,64,32,0.3404255319148936,neutral
FCRYFFLV,12,5,0,1,17,1,0.3404255319148936,neutral
FFFFCYCF,12,5,1,0,17,1,0.3404255319148936,neutral
CDRVYIFH,41,23,11,21,64,32,0.3404255319148936,neutral
LCHCYVHS,64,47,24,39,111,63,0.3404255319148936,neutral
FFCLYHSC,9,8,0,1,17,1,0.3404255319148936,neutral
FDHLDFDS,85,70,48,44,155,92,0.34054054054054056,neutral
NVCIGRFL,63,45,29,32,108,61,0.34057971014492755,neutral
DYVIICRD,60,48,30,31,108,61,0.34057971014492755,neutral
NLCYRHVH,36,25,14,16,61,30,0.34065934065934067,neutral
SNGHNDYG,37,24,15,15,61,30,0.34065934065934067,neutral
VFVLDVRV,34,27,17,13,61,30,0.34065934065934067,neutral
FGCGDCLV,40,21,17,13,61,30,0.34065934065934067,neutral
CFGYNVCI,39,22,12,18,61,30,0.34065934065934067,neutral
CVYCIGYG,37,24,11,19,61,30,0.34065934065934067,neutral
GYGIVCGF,40,21,16,14,61,30,0.34065934065934067,neutral
FCDRLCNV,40,21,19,11,61,30,0.34065934065934067,neutral
CDCFHVIR,83,69,48,42,152,90,0.34065934065934067,neutral
YRCVGRYR,39,22,15,15,61,30,0.34065934065934067,neutral
VYLYVDSS,36,22,17,11,58,28,0.3409090909090909,neutral
LYYSSGVS,33,25,12,16,58,28,0.3409090909090909,neutral
CSHCGNYC,34,24,16,12,58,28,0.3409090909090909,neutral
VCSYVGLC,57,45,31,26,102,57,0.3409090909090909,neutral
GDCCICIG,38,20,12,16,58,28,0.3409090909090909,neutral
FVGFGVIV,35,23,11,17,58,28,0.3409090909090909,neutral
VCLCNVIR,29,29,11,17,58,28,0.3409090909090909,neutral
SYFGVISV,36,22,15,13,58,28,0.3409090909090909,neutral
FFFYDGGD,57,42,24,31,99,55,0.34108527131782945,neutral
VLVLGSID,78,62,48,34,140,82,0.3411764705882353,neutral
RFFSVRGY,35,20,9,17,55,26,0.3411764705882353,neutral
ILYGICGI,37,18,15,11,55,26,0.3411764705882353,neutral
LIIRLGGC,35,20,15,11,55,26,0.3411764705882353,neutral
CYIDRRYC,32,23,12,14,55,26,0.3411764705882353,neutral
CCVGGGFF,34,21,16,10,55,26,0.3411764705882353,neutral
FCVLDCGL,32,23,10,16,55,26,0.3411764705882353,neutral
HYFIIVYH,37,18,13,13,55,26,0.3411764705882353,neutral
VFGCFVSV,35,20,12,14,55,26,0.3411764705882353,neutral
GNVIYGVC,37,18,13,13,55,26,0.3411764705882353,neutral
YDVFHVSG,32,23,10,16,55,26,0.3411764705882353,neutral
SCVCYSVR,34,21,17,9,55,26,0.3411764705882353,neutral
FICHVFGV,31,24,11,15,55,26,0.3411764705882353,neutral
DYVGGLFH,35,17,15,9,52,24,0.34146341463414637,neutral
FFVNCDFC,31,21,13,11,52,24,0.34146341463414637,neutral
FLLCGYSY,32,20,12,12,52,24,0.34146341463414637,neutral
CNFHRGGF,34,18,9,15,52,24,0.34146341463414637,neutral
DCSGHYHL,35,17,14,10,52,24,0.34146341463414637,neutral
CCCNDFGH,54,39,20,31,93,51,0.34146341463414637,neutral
CYHGFVFV,35,17,9,15,52,24,0.34146341463414637,neutral
RFSCSCCN,31,21,12,12,52,24,0.34146341463414637,neutral
GFRGIGYG,34,18,8,16,52,24,0.34146341463414637,neutral
IYYRFHRC,35,17,13,11,52,24,0.34146341463414637,neutral
VIFDRSNF,34,18,10,14,52,24,0.34146341463414637,neutral
DSFGLCCF,32,20,12,12,52,24,0.34146341463414637,neutral
YFVLVFDY,31,21,10,14,52,24,0.34146341463414637,neutral
VHYDSSLY,34,18,14,10,52,24,0.34146341463414637,neutral
FSYDDVVY,35,17,11,13,52,24,0.34146341463414637,neutral
CDCCHSCG,35,17,9,15,52,24,0.34146341463414637,neutral
VLLNDGYI,76,58,37,41,134,78,0.34146341463414637,neutral
VYISFDYH,76,58,41,37,134,78,0.34146341463414637,neutral
NCSYICHL,55,38,23,28,93,51,0.34146341463414637,neutral
YNDFDGSC,35,17,9,15,52,24,0.34146341463414637,neutral
IFDYRFFC,33,19,8,16,52,24,0.34146341463414637,neutral
FCFNDIRI,34,18,14,10,52,24,0.34146341463414637,neutral
LSSHCHYF,52,38,22,27,90,49,0.3416666666666667,neutral
RCIYDRHG,50,40,23,26,90,49,0.3416666666666667,neutral
GYHFCYIN,28,21,7,15,49,22,0.34177215189873417,neutral
FCFFHNVD,30,19,7,15,49,22,0.34177215189873417,neutral
FFFYNYYV,31,18,12,10,49,22,0.34177215189873417,neutral
FCHGCIYH,27,22,12,10,49,22,0.34177215189873417,neutral
FYNIIDRI,33,16,15,7,49,22,0.34177215189873417,neutral
YRYCSVHH,33,16,10,12,49,22,0.34177215189873417,neutral
IICYCHGN,31,18,9,13,49,22,0.34177215189873417,neutral
CYCGGILF,31,18,11,11,49,22,0.34177215189873417,neutral
LINSFFNG,21,28,10,12,49,22,0.34177215189873417,neutral
CFDVGCCY,30,19,11,11,49,22,0.34177215189873417,neutral
ICCYSVHY,33,16,10,12,49,22,0.34177215189873417,neutral
NCCFDVFY,29,20,12,10,49,22,0.34177215189873417,neutral
CFFDLLDC,31,18,15,7,49,22,0.34177215189873417,neutral
FCFGINVR,26,23,10,12,49,22,0.34177215189873417,neutral
FGGNHFGF,30,19,12,10,49,22,0.34177215189873417,neutral
VIHYCCGL,23,26,11,11,49,22,0.34177215189873417,neutral
CVCHHISS,26,23,7,15,49,22,0.34177215189873417,neutral
CCVDFICC,28,21,11,11,49,22,0.34177215189873417,neutral
CVRLHCGC,22,27,14,8,49,22,0.34177215189873417,neutral
LFNCVRFL,27,22,12,10,49,22,0.34177215189873417,neutral
CCIYVNSS,30,19,11,11,49,22,0.34177215189873417,neutral
FRSLIGVF,50,37,24,23,87,47,0.3418803418803419,neutral
FGDFYDLR,47,40,15,32,87,47,0.3418803418803419,neutral
FSVLIGGC,72,53,40,32,125,72,0.3419354838709677,neutral
YLGRFSDS,90,73,46,51,163,97,0.34196891191709844,neutral
VNGFNCYL,28,18,9,11,46,20,0.34210526315789475,neutral
YYDNVGFG,29,17,13,7,46,20,0.34210526315789475,neutral
VCFVYVHH,22,24,8,12,46,20,0.34210526315789475,neutral
VYDHFDDC,29,17,7,13,46,20,0.34210526315789475,neutral
CNFLFRFC,29,17,8,12,46,20,0.34210526315789475,neutral
HDYVFDRF,26,20,11,9,46,20,0.34210526315789475,neutral
NSYGCHCV,25,21,7,13,46,20,0.34210526315789475,neutral
GCVNRSYY,30,16,9,11,46,20,0.34210526315789475,neutral
DFFYVDVG,51,33,30,15,84,45,0.34210526315789475,neutral
GGCFDRGG,26,20,10,10,46,20,0.34210526315789475,neutral
YYRCDVSF,27,19,15,5,46,20,0.34210526315789475,neutral
DHYYYRFV,28,18,15,5,46,20,0.34210526315789475,neutral
CHSHYGLL,26,20,6,14,46,20,0.34210526315789475,neutral
RRFNGCVY,50,34,20,25,84,45,0.34210526315789475,neutral
CFVGYCYC,29,17,10,10,46,20,0.34210526315789475,neutral
VRVLCVCS,20,26,7,13,46,20,0.34210526315789475,neutral
IVGGGCHF,31,15,9,11,46,20,0.34210526315789475,neutral
FSYVRLGD,50,34,24,21,84,45,0.34210526315789475,neutral
FFHCGSCF,28,18,12,8,46,20,0.34210526315789475,neutral
IVLYDCHN,28,18,9,11,46,20,0.34210526315789475,neutral
LRIHSRFH,48,36,16,29,84,45,0.34210526315789475,neutral
ICDYGSCH,86,71,44,49,157,93,0.3422459893048128,neutral
FIFFDGIV,45,36,21,22,81,43,0.34234234234234234,neutral
YCDCLVRF,26,17,9,9,43,18,0.3424657534246575,neutral
FHGVCHCN,30,13,6,12,43,18,0.3424657534246575,neutral
VIHFDYGV,26,17,10,8,43,18,0.3424657534246575,neutral
GCDVCSLF,29,14,13,5,43,18,0.3424657534246575,neutral
HCCVCGCY,30,13,9,9,43,18,0.3424657534246575,neutral
ISCHCGGL,29,14,8,10,43,18,0.3424657534246575,neutral
CFSDGGYF,26,17,11,7,43,18,0.3424657534246575,neutral
LYYVYLNR,24,19,11,7,43,18,0.3424657534246575,neutral
CCCDNFCL,25,18,9,9,43,18,0.3424657534246575,neutral
VDYCRRFS,27,16,9,9,43,18,0.3424657534246575,neutral
DRYIDFVI,65,51,32,34,116,66,0.3424657534246575,neutral
CSYGRGFR,27,16,7,11,43,18,0.3424657534246575,neutral
VVCGFHFV,65,51,27,39,116,66,0.3424657534246575,neutral
GNSRCGIF,48,30,20,21,78,41,0.3425925925925926,neutral
IFIVCNNS,48,30,20,21,78,41,0.3425925925925926,neutral
CFVSVRCC,48,30,20,21,78,41,0.3425925925925926,neutral
HVCCIFSG,44,34,18,23,78,41,0.3425925925925926,neutral
FVGHCFDG,40,38,16,25,78,41,0.3425925925925926,neutral
YDCICYGI,48,30,15,26,78,41,0.3425925925925926,neutral
YHYGDHYG,65,48,40,24,113,64,0.34265734265734266,neutral
FGVYNSFG,62,48,31,31,110,62,0.34285714285714286,neutral
FHFVNDRC,21,19,8,8,40,16,0.34285714285714286,neutral
FIFDFYVC,27,13,4,12,40,16,0.34285714285714286,neutral
FYILFDLF,28,12,5,11,40,16,0.34285714285714286,neutral
CYCGFGFG,26,14,7,9,40,16,0.34285714285714286,neutral
VGNCVCYI,37,38,20,19,75,39,0.34285714285714286,neutral
DFCCLCYG,29,11,8,8,40,16,0.34285714285714286,neutral
YYLCVDSG,47,28,25,14,75,39,0.34285714285714286,neutral
FSGRSSFC,45,30,16,23,75,39,0.34285714285714286,neutral
FCRFRCCD,22,18,5,11,40,16,0.34285714285714286,neutral
NFCYCGLV,27,13,3,13,40,16,0.34285714285714286,neutral
NLHVRVYV,26,14,11,5,40,16,0.34285714285714286,neutral
CCVFGYSL,28,12,7,9,40,16,0.34285714285714286,neutral
CFGSCCHG,26,14,7,9,40,16,0.34285714285714286,neutral
YFCYDCSR,24,16,6,10,40,16,0.34285714285714286,neutral
YILDCLCI,27,13,7,9,40,16,0.34285714285714286,neutral
VLGDNFHC,25,15,7,9,40,16,0.34285714285714286,neutral
SGCNHCFF,29,11,10,6,40,16,0.34285714285714286,neutral
CVGCCDNF,26,14,6,10,40,16,0.34285714285714286,neutral
GFDYCYCN,21,19,9,7,40,16,0.34285714285714286,neutral
VYNFCNFL,42,33,14,25,75,39,0.34285714285714286,neutral
FCVYCRGL,24,16,8,8,40,16,0.34285714285714286,neutral
FCFCYCYH,20,20,8,8,40,16,0.34285714285714286,neutral
YSNFDVYF,26,14,6,10,40,16,0.34285714285714286,neutral
RFVGGCYF,23,17,6,10,40,16,0.34285714285714286,neutral
CFRYHCNR,63,47,33,29,110,62,0.34285714285714286,neutral
VFHFGFCY,22,18,8,8,40,16,0.34285714285714286,neutral
DYDYGGYC,27,13,5,11,40,16,0.34285714285714286,neutral
LVYYIDFN,27,13,9,7,40,16,0.34285714285714286,neutral
SGRCGYCF,29,11,6,10,40,16,0.34285714285714286,neutral
LVCVCRVR,21,19,7,9,40,16,0.34285714285714286,neutral
YFGFSRNG,28,12,7,9,40,16,0.34285714285714286,neutral
IFGHNFSL,58,49,32,28,107,60,0.34306569343065696,neutral
CILFNFCD,60,47,30,30,107,60,0.34306569343065696,neutral
FYHGYRVC,43,29,18,19,72,37,0.3431372549019608,neutral
CLHSRYGF,45,27,11,26,72,37,0.3431372549019608,neutral
GICVSNSF,41,31,14,23,72,37,0.3431372549019608,neutral
SCGLSILL,44,28,13,24,72,37,0.3431372549019608,neutral
YHGGFHSC,78,61,37,44,139,81,0.3431952662721893,neutral
IIDIYCCV,79,60,37,44,139,81,0.3431952662721893,neutral
CIRNFYVR,25,12,9,5,37,14,0.34328358208955223,neutral
FYNVFSCC,56,48,22,36,104,58,0.34328358208955223,neutral
FHVCVYGL,27,10,7,7,37,14,0.34328358208955223,neutral
RYFCFIDR,24,13,5,9,37,14,0.34328358208955223,neutral
RDFSGVCF,20,17,4,10,37,14,0.34328358208955223,neutral
CDGYFCCD,26,11,5,9,37,14,0.34328358208955223,neutral
IGNCCNCY,24,13,8,6,37,14,0.34328358208955223,neutral
FGVGVGCC,92,79,51,51,171,102,0.34328358208955223,neutral
GFGFNSGY,25,12,8,6,37,14,0.34328358208955223,neutral
GDHCCLRY,16,21,7,7,37,14,0.34328358208955223,neutral
CFFDHSGF,21,16,9,5,37,14,0.34328358208955223,neutral
VGGYGSFH,24,13,5,9,37,14,0.34328358208955223,neutral
FIGSIGRY,26,11,5,9,37,14,0.34328358208955223,neutral
VFGDFYSS,27,10,9,5,37,14,0.34328358208955223,neutral
FVCIHVHS,21,16,2,12,37,14,0.34328358208955223,neutral
CHGSCFFV,23,14,7,7,37,14,0.34328358208955223,neutral
VYGHGGIL,23,14,5,9,37,14,0.34328358208955223,neutral
FDRLYHCF,27,10,8,6,37,14,0.34328358208955223,neutral
CSFFRYVC,72,64,31,48,136,79,0.3433734939759036,neutral
GRHCGYYV,40,29,15,20,69,35,0.3434343434343434,neutral
GIGCFFGF,41,28,14,21,69,35,0.3434343434343434,neutral
FCRSIYGV,40,29,15,20,69,35,0.3434343434343434,neutral
VCIFDVCV,32,37,14,21,69,35,0.3434343434343434,neutral
CDHGCVGL,39,30,18,17,69,35,0.3434343434343434,neutral
FSNDRCVF,43,26,20,15,69,35,0.3434343434343434,neutral
CIYVSHSF,93,75,52,48,168,100,0.3434343434343434,neutral
CHFHGYVC,44,25,16,19,69,35,0.3434343434343434,neutral
YCIFFSGC,19,15,8,4,34,12,0.34375,neutral
GHFCRFND,21,13,5,7,34,12,0.34375,neutral
NCRFFLYG,19,15,6,6,34,12,0.34375,neutral
SLIDYLDI,34,32,17,16,66,33,0.34375,neutral
YCVCSSCI,25,9,7,5,34,12,0.34375,neutral
FRFFLGDL,21,13,5,7,34,12,0.34375,neutral
VDFIVYNC,21,13,5,7,34,12,0.34375,neutral
RCFVRYFC,40,26,16,17,66,33,0.34375,neutral
CHHIRFFC,39,27,17,16,66,33,0.34375,neutral
VFVCLDDR,74,56,29,46,130,75,0.34375,neutral
GRYCCGYC,22,12,5,7,34,12,0.34375,neutral
GLINCIFR,89,73,45,51,162,96,0.34375,neutral
YYNFCYGV,24,10,6,6,34,12,0.34375,neutral
CYGIVCCC,19,15,3,9,34,12,0.34375,neutral
YHCCSNVN,41,25,17,16,66,33,0.34375,neutral
IILDGIHC,37,29,18,15,66,33,0.34375,neutral
FCNCGRVL,41,25,15,18,66,33,0.34375,neutral
RDLFLSGF,18,16,7,5,34,12,0.34375,neutral
FVCVCNSL,40,26,12,21,66,33,0.34375,neutral
FGRNCVVF,22,12,4,8,34,12,0.34375,neutral
DVVHCCVN,73,57,38,37,130,75,0.34375,neutral
FFVSFGNN,22,12,7,5,34,12,0.34375,neutral
DNIFGHVV,40,26,16,17,66,33,0.34375,neutral
VVFYGGCF,21,13,7,5,34,12,0.34375,neutral
IINCGYCL,41,25,20,13,66,33,0.34375,neutral
NDFFCCIF,21,13,4,8,34,12,0.34375,neutral
LCLLGVCG,16,18,8,4,34,12,0.34375,neutral
FRRFYCVI,22,12,6,6,34,12,0.34375,neutral
YSIYSYSL,24,10,5,7,34,12,0.34375,neutral
VCDYFGLD,37,29,17,16,66,33,0.34375,neutral
FIDVVHFV,38,28,16,17,66,33,0.34375,neutral
GYDCSYSG,20,14,5,7,34,12,0.34375,neutral
CLFRRYCR,25,9,3,9,34,12,0.34375,neutral
FFYCNFDY,21,13,6,6,34,12,0.34375,neutral
NCVSGCFL,24,10,3,9,34,12,0.34375,neutral
LGFGCVLD,39,27,19,14,66,33,0.34375,neutral
HVLFRGFL,22,12,9,3,34,12,0.34375,neutral
FCCNFDHH,57,38,23,29,95,52,0.344,neutral
NRRCDFGF,41,22,15,16,63,31,0.34408602150537637,neutral
VLGGYCVL,35,28,12,19,63,31,0.34408602150537637,neutral
YGFVYGYF,41,22,17,14,63,31,0.34408602150537637,neutral
VICDCCRD,37,26,15,16,63,31,0.34408602150537637,neutral
YFVCGYRF,22,9,4,6,31,10,0.3442622950819672,neutral
GYRVYDIL,19,12,7,3,31,10,0.3442622950819672,neutral
CCSFDYVV,21,10,6,4,31,10,0.3442622950819672,neutral
FRCCCIHG,17,14,5,5,31,10,0.3442622950819672,neutral
CCLHLYRF,19,12,5,5,31,10,0.3442622950819672,neutral
HCCSICGF,54,38,24,26,92,50,0.3442622950819672,neutral
RCCCVLYC,19,12,2,8,31,10,0.3442622950819672,neutral
FCLLDCGC,23,8,6,4,31,10,0.3442622950819672,neutral
FYCFNVHG,20,11,6,4,31,10,0.3442622950819672,neutral
FFHVLYCD,17,14,1,9,31,10,0.3442622950819672,neutral
IVDYDNDI,17,14,5,5,31,10,0.3442622950819672,neutral
FVFSIGRY,17,14,4,6,31,10,0.3442622950819672,neutral
VFLDCNSY,18,13,5,5,31,10,0.3442622950819672,neutral
VSCFVVRV,22,9,3,7,31,10,0.3442622950819672,neutral
IVFFGNIC,19,12,2,8,31,10,0.3442622950819672,neutral
VCHVIDSL,19,12,2,8,31,10,0.3442622950819672,neutral
LCCHRLLY,22,9,7,3,31,10,0.3442622950819672,neutral
LCVCHHVG,21,10,5,5,31,10,0.3442622950819672,neutral
LYFVFGVH,16,15,2,8,31,10,0.3442622950819672,neutral
FVRHFFRV,25,6,7,3,31,10,0.3442622950819672,neutral
VLYLCRDG,18,13,3,7,31,10,0.3442622950819672,neutral
NVGFHCYG,19,12,8,2,31,10,0.3442622950819672,neutral
NFVCRFCL,18,13,6,4,31,10,0.3442622950819672,neutral
FYINHGFH,17,14,5,5,31,10,0.3442622950819672,neutral
CCVVCDCI,19,12,3,7,31,10,0.3442622950819672,neutral
RFYFFFFD,20,11,7,3,31,10,0.3442622950819672,neutral
CLFFGYGI,18,13,8,2,31,10,0.3442622950819672,neutral
YVHYCYDF,68,53,36,33,121,69,0.3443708609271523,neutral
DGLDCISY,36,24,13,16,60,29,0.34444444444444444,neutral
FNGCDDFD,36,24,16,13,60,29,0.34444444444444444,neutral
CFVLFDGI,39,21,20,9,60,29,0.34444444444444444,neutral
YFVRCHCL,39,21,10,19,60,29,0.34444444444444444,neutral
FCDFIVNS,37,23,16,13,60,29,0.34444444444444444,neutral
NFGFGCLS,33,27,13,16,60,29,0.34444444444444444,neutral
LIISCGIS,82,65,46,40,147,86,0.3446327683615819,neutral
FCRDSFDD,16,12,2,6,28,8,0.3448275862068966,neutral
GCDRFYHY,31,26,12,15,57,27,0.3448275862068966,neutral
LFFCGRVG,30,27,12,15,57,27,0.3448275862068966,neutral
CIYFGYYN,20,8,4,4,28,8,0.3448275862068966,neutral
CCCRFIRC,16,12,6,2,28,8,0.3448275862068966,neutral
FSDFLIYV,20,8,4,4,28,8,0.3448275862068966,neutral
ILFVHCYL,19,9,6,2,28,8,0.3448275862068966,neutral
HVVCCCCV,16,12,4,4,28,8,0.3448275862068966,neutral
FVFDICIC,17,11,2,6,28,8,0.3448275862068966,neutral
LCCCHLNV,17,11,4,4,28,8,0.3448275862068966,neutral
YCFCCVIH,21,7,5,3,28,8,0.3448275862068966,neutral
YFGCFRFC,16,12,5,3,28,8,0.3448275862068966,neutral
VHHFVGVV,34,23,16,11,57,27,0.3448275862068966,neutral
VCRNFDVY,22,6,3,5,28,8,0.3448275862068966,neutral
CGHHCLCH,18,10,2,6,28,8,0.3448275862068966,neutral
FCFRGIID,17,11,4,4,28,8,0.3448275862068966,neutral
VFRVGVFR,13,15,3,5,28,8,0.3448275862068966,neutral
FYNCFGFC,35,22,19,8,57,27,0.3448275862068966,neutral
IIDCRFYL,18,10,5,3,28,8,0.3448275862068966,neutral
FYCDIVRC,35,22,14,13,57,27,0.3448275862068966,neutral
LNVIVGVI,35,22,16,11,57,27,0.3448275862068966,neutral
VRCDFFVF,17,11,1,7,28,8,0.3448275862068966,neutral
FYCYFFCG,16,12,4,4,28,8,0.3448275862068966,neutral
YRCCYCIG,15,13,4,4,28,8,0.3448275862068966,neutral
YCGFVCCH,16,12,2,6,28,8,0.3448275862068966,neutral
DVHFLDVF,34,23,11,16,57,27,0.3448275862068966,neutral
FLCCCCGC,14,14,1,7,28,8,0.3448275862068966,neutral
FVCCNCCH,20,8,1,7,28,8,0.3448275862068966,neutral
IHYYDLHC,15,13,4,4,28,8,0.3448275862068966,neutral
CIHCVNSF,15,13,4,4,28,8,0.3448275862068966,neutral
VCCHSNDF,34,23,10,17,57,27,0.3448275862068966,neutral
RDYCVSYR,38,19,11,16,57,27,0.3448275862068966,neutral
DGFCLYDV,19,9,4,4,28,8,0.3448275862068966,neutral
DCCVGFYC,14,14,4,4,28,8,0.3448275862068966,neutral
LFICGCHL,22,6,4,4,28,8,0.3448275862068966,neutral
GCVRCRIS,38,19,16,11,57,27,0.3448275862068966,neutral
FIVVFVCS,19,9,5,3,28,8,0.3448275862068966,neutral
ICFCLLYN,34,23,9,18,57,27,0.3448275862068966,neutral
CCLHGFYI,20,8,3,5,28,8,0.3448275862068966,neutral
FVCHGYGV,12,16,3,5,28,8,0.3448275862068966,neutral
FYYSRGHL,31,26,10,17,57,27,0.3448275862068966,neutral
VRVGYFVC,56,56,28,35,112,63,0.34507042253521125,neutral
GLCLGDGI,51,32,18,26,83,44,0.34513274336283184,neutral
ICRVCFHG,40,43,16,28,83,44,0.34513274336283184,neutral
YVRLIGGY,48,35,24,20,83,44,0.34513274336283184,neutral
FNFCICSD,51,32,27,17,83,44,0.34513274336283184,neutral
HSYHYDGV,51,32,23,21,83,44,0.34513274336283184,neutral
GHFGISYR,36,18,12,13,54,25,0.34523809523809523,neutral
GFLCFRLR,34,20,11,14,54,25,0.34523809523809523,neutral
ICCGDIYG,36,18,12,13,54,25,0.34523809523809523,neutral
FDYRHVNV,36,18,18,7,54,25,0.34523809523809523,neutral
CLHGGGFG,32,22,16,9,54,25,0.34523809523809523,neutral
IDYGLCLH,35,19,11,14,54,25,0.34523809523809523,neutral
CLDCYDIF,33,21,13,12,54,25,0.34523809523809523,neutral
SSYYRFSN,32,22,13,12,54,25,0.34523809523809523,neutral
CVFVYDLG,36,18,13,12,54,25,0.34523809523809523,neutral
FVHDDVCF,30,24,16,9,54,25,0.34523809523809523,neutral
FYCDFGGL,32,22,15,10,54,25,0.34523809523809523,neutral
SLSFFVGH,34,20,9,16,54,25,0.34523809523809523,neutral
FCFGFDSC,35,19,10,15,54,25,0.34523809523809523,neutral
YCSGYIFR,32,22,14,11,54,25,0.34523809523809523,neutral
CSSGFFYS,32,22,11,14,54,25,0.34523809523809523,neutral
VVCSYSCF,64,45,33,28,109,61,0.34532374100719426,neutral
VYIGRFVC,64,45,27,34,109,61,0.34532374100719426,neutral
LYHIVVGC,18,7,1,5,25,6,0.34545454545454546,neutral
IFFYGVII,17,8,4,2,25,6,0.34545454545454546,neutral
LLCLDYVV,13,12,3,3,25,6,0.34545454545454546,neutral
FCFLLIDG,10,15,4,2,25,6,0.34545454545454546,neutral
FFGICVIH,17,8,3,3,25,6,0.34545454545454546,neutral
CSIVVISG,15,10,4,2,25,6,0.34545454545454546,neutral
CFRCYCIG,14,11,3,3,25,6,0.34545454545454546,neutral
CLVIYCSH,17,8,4,2,25,6,0.34545454545454546,neutral
HCVNFFLF,16,9,5,1,25,6,0.34545454545454546,neutral
CLFFVIVS,18,7,3,3,25,6,0.34545454545454546,neutral
YFRFCCGC,16,9,4,2,25,6,0.34545454545454546,neutral
IVVICCNI,18,7,4,2,25,6,0.34545454545454546,neutral
SGSCCYHF,16,9,5,1,25,6,0.34545454545454546,neutral
CICDSCIR,17,8,2,4,25,6,0.34545454545454546,neutral
LHVGCGCH,44,36,20,22,80,42,0.34545454545454546,neutral
DCFLCVNS,49,31,20,22,80,42,0.34545454545454546,neutral
RDGCFGDF,13,12,5,1,25,6,0.34545454545454546,neutral
NFCCFNCV,17,8,2,4,25,6,0.34545454545454546,neutral
SYGYGFFD,18,7,2,4,25,6,0.34545454545454546,neutral
FFYGCCHN,60,46,33,26,106,59,0.34558823529411764,neutral
CYFVGCLD,61,45,30,29,106,59,0.34558823529411764,neutral
CFCCCFRI,29,22,9,14,51,23,0.345679012345679,neutral
FSSCCISC,33,18,7,16,51,23,0.345679012345679,neutral
LFYGGIYC,35,16,13,10,51,23,0.345679012345679,neutral
CCICRCLG,32,19,12,11,51,23,0.345679012345679,neutral
FGCCHSFV,33,18,16,7,51,23,0.345679012345679,neutral
FCICGCVG,32,19,14,9,51,23,0.345679012345679,neutral
FFCNCIGD,30,21,13,10,51,23,0.345679012345679,neutral
LLLYCRYS,35,16,11,12,51,23,0.345679012345679,neutral
CICNGGCF,29,22,12,11,51,23,0.345679012345679,neutral
IVNCDFCH,28,23,13,10,51,23,0.345679012345679,neutral
YFVCHGNS,31,20,14,9,51,23,0.345679012345679,neutral
FIIGGYVN,33,18,12,11,51,23,0.345679012345679,neutral
LHIIHVCH,28,23,9,14,51,23,0.345679012345679,neutral
NCNCCYSD,32,19,15,8,51,23,0.345679012345679,neutral
ICSVVCYN,47,30,23,17,77,40,0.34579439252336447,neutral
LDCFGLLL,39,38,20,20,77,40,0.34579439252336447,neutral
VYLRSGVR,46,31,17,23,77,40,0.34579439252336447,neutral
FYGLLSCG,48,29,17,23,77,40,0.34579439252336447,neutral
CCGLGLCD,59,44,29,28,103,57,0.3458646616541353,neutral
HGSFCGGG,59,44,25,32,103,57,0.3458646616541353,neutral
FCSCRYID,59,44,29,28,103,57,0.3458646616541353,neutral
FCFCGVLF,14,8,1,3,22,4,0.34615384615384615,neutral
HFFDVYGF,30,18,11,10,48,21,0.34615384615384615,neutral
HFSYCCLG,42,32,15,23,74,38,0.34615384615384615,neutral
LICRRYSY,28,20,8,13,48,21,0.34615384615384615,neutral
VVRIRGRY,25,23,13,8,48,21,0.34615384615384615,neutral
CFYGVSHV,9,13,2,2,22,4,0.34615384615384615,neutral
LNVVSHCY,27,21,12,9,48,21,0.34615384615384615,neutral
YIRFRGGL,31,17,7,14,48,21,0.34615384615384615,neutral
FIVFGCGC,46,28,16,22,74,38,0.34615384615384615,neutral
CCCYFRSV,13,9,3,1,22,4,0.34615384615384615,neutral
FFCCYYFF,15,7,2,2,22,4,0.34615384615384615,neutral
NFFYVVVF,17,5,2,2,22,4,0.34615384615384615,neutral
VIDNVVVY,28,20,12,9,48,21,0.34615384615384615,neutral
YNCFVFHI,15,7,2,2,22,4,0.34615384615384615,neutral
GFLCSHLH,32,16,12,9,48,21,0.34615384615384615,neutral
FDFYRDGC,27,21,8,13,48,21,0.34615384615384615,neutral
CCVYRNVS,27,21,8,13,48,21,0.34615384615384615,neutral
FFLYYVFV,11,11,2,2,22,4,0.34615384615384615,neutral
IVNCNFYC,59,41,24,31,100,55,0.34615384615384615,neutral
FIVSFIGY,19,3,2,2,22,4,0.34615384615384615,neutral
FCYSCFDY,38,36,16,22,74,38,0.34615384615384615,neutral
CCVGSLCG,46,28,18,20,74,38,0.34615384615384615,neutral
FFCVCYFN,15,7,0,4,22,4,0.34615384615384615,neutral
FNVSFLFH,12,10,4,0,22,4,0.34615384615384615,neutral
NGYIYRSF,32,16,9,12,48,21,0.34615384615384615,neutral
FRICCYGV,31,17,7,14,48,21,0.34615384615384615,neutral
CGINLVCI,43,31,19,19,74,38,0.34615384615384615,neutral
SFDFCYGI,42,32,23,15,74,38,0.34615384615384615,neutral
CYFLFNCF,14,8,0,4,22,4,0.34615384615384615,neutral
CDCGLNSY,41,33,13,25,74,38,0.34615384615384615,neutral
ISFRVFRF,13,9,1,3,22,4,0.34615384615384615,neutral
CYVLVLIR,11,11,1,3,22,4,0.34615384615384615,neutral
CCDDSFFG,15,7,2,2,22,4,0.34615384615384615,neutral
FYFCFCYC,13,9,2,2,22,4,0.34615384615384615,neutral
GVVCGGLY,14,8,2,2,22,4,0.34615384615384615,neutral
SIVCRYLS,68,58,36,36,126,72,0.34615384615384615,neutral
FHFGCIYD,14,8,2,2,22,4,0.34615384615384615,neutral
RCYFSVCH,25,23,14,7,48,21,0.34615384615384615,neutral
CFYSFCGC,15,7,0,4,22,4,0.34615384615384615,neutral
YFYYDYIC,17,5,3,1,22,4,0.34615384615384615,neutral
IVVYYHIH,13,9,1,3,22,4,0.34615384615384615,neutral
CCGLYCCY,13,9,2,2,22,4,0.34615384615384615,neutral
ICYFIHVF,14,8,3,1,22,4,0.34615384615384615,neutral
IVNCVFCY,13,9,3,1,22,4,0.34615384615384615,neutral
CFYFHYFC,10,12,3,1,22,4,0.34615384615384615,neutral
YNRIYYVI,13,9,1,3,22,4,0.34615384615384615,neutral
FYYGFGNR,15,7,2,2,22,4,0.34615384615384615,neutral
VRRIIILR,9,13,3,1,22,4,0.34615384615384615,neutral
FINDLGYF,33,15,4,17,48,21,0.34615384615384615,neutral
DFIRCYSG,28,20,7,14,48,21,0.34615384615384615,neutral
FNVYCYCD,33,15,6,15,48,21,0.34615384615384615,neutral
VCLFNSSF,15,7,1,3,22,4,0.34615384615384615,neutral
CCGGISGF,46,28,20,18,74,38,0.34615384615384615,neutral
FLIVRSCR,26,22,9,12,48,21,0.34615384615384615,neutral
IHSVCLHY,14,8,1,3,22,4,0.34615384615384615,neutral
DSVFCGFI,18,4,4,0,22,4,0.34615384615384615,neutral
LFCCFLYC,12,10,2,2,22,4,0.34615384615384615,neutral
IFSCYGVC,71,52,39,31,123,70,0.3464052287581699,neutral
YGVRYICV,41,30,11,25,71,36,0.3465346534653465,neutral
IFRDCIIC,38,33,15,21,71,36,0.3465346534653465,neutral
VHNCGLYI,45,26,17,19,71,36,0.3465346534653465,neutral
RLLRVYVN,43,28,18,18,71,36,0.3465346534653465,neutral
CCSNLGYR,42,29,13,23,71,36,0.3465346534653465,neutral
VGCHGCGY,41,30,23,13,71,36,0.3465346534653465,neutral
GLCVCRFS,41,30,16,20,71,36,0.3465346534653465,neutral
FYVDCFIV,45,26,20,16,71,36,0.3465346534653465,neutral
FGNCFDHH,80,66,38,47,146,85,0.3465909090909091,neutral
IFDFFRVD,81,65,44,41,146,85,0.3465909090909091,neutral
VYGLDFRF,32,13,12,7,45,19,0.3466666666666667,neutral
HHYFGFVI,25,20,7,12,45,19,0.3466666666666667,neutral
IRLGGYNF,25,20,13,6,45,19,0.3466666666666667,neutral
LFCYNGFH,25,20,13,6,45,19,0.3466666666666667,neutral
FRCCCFGR,27,18,11,8,45,19,0.3466666666666667,neutral
CCCDLLCV,31,14,6,13,45,19,0.3466666666666667,neutral
LRVCNLCL,68,52,28,40,120,68,0.3466666666666667,neutral
CNCCNRYF,27,18,8,11,45,19,0.3466666666666667,neutral
YISRYGGC,29,16,7,12,45,19,0.3466666666666667,neutral
FYCLNYNV,25,20,9,10,45,19,0.3466666666666667,neutral
VIFGNLLC,69,51,35,33,120,68,0.3466666666666667,neutral
CVCGGVNG,66,54,31,37,120,68,0.3466666666666667,neutral
FSICRVFH,28,17,8,11,45,19,0.3466666666666667,neutral
YYHFVRCR,31,14,9,10,45,19,0.3466666666666667,neutral
VCGFYYGR,26,19,12,7,45,19,0.3466666666666667,neutral
YGDFCCVF,25,20,9,10,45,19,0.3466666666666667,neutral
GCFGIFSY,32,13,10,9,45,19,0.3466666666666667,neutral
VLFCYCFR,30,15,12,7,45,19,0.3466666666666667,neutral
FSICSFCL,25,20,8,11,45,19,0.3466666666666667,neutral
LCGFRGYG,25,20,10,9,45,19,0.3466666666666667,neutral
LCCNVYDF,25,20,9,10,45,19,0.3466666666666667,neutral
CIIRGGCY,30,15,15,4,45,19,0.3466666666666667,neutral
DRDSCVCF,54,40,19,32,94,51,0.3467741935483871,neutral
RFVSGGIF,51,43,29,22,94,51,0.3467741935483871,neutral
CFLCCRYY,11,8,0,2,19,2,0.3469387755102041,neutral
CCCGCCCG,13,6,1,1,19,2,0.3469387755102041,neutral
LRYFCYCF,14,5,1,1,19,2,0.3469387755102041,neutral
FCCCDCFR,14,5,1,1,19,2,0.3469387755102041,neutral
LFCIICYC,11,8,0,2,19,2,0.3469387755102041,neutral
FLRYDFGI,16,3,1,1,19,2,0.3469387755102041,neutral
FNFGRHLC,42,26,16,18,68,34,0.3469387755102041,neutral
CVSGHFFH,42,26,14,20,68,34,0.3469387755102041,neutral
YNFFYCCC,14,5,2,0,19,2,0.3469387755102041,neutral
IYICVYLY,12,7,2,0,19,2,0.3469387755102041,neutral
IYFYFVYC,13,6,1,1,19,2,0.3469387755102041,neutral
SIYSDGLI,43,25,14,20,68,34,0.3469387755102041,neutral
FFINLFLL,15,4,1,1,19,2,0.3469387755102041,neutral
FFFFCCII,9,10,0,2,19,2,0.3469387755102041,neutral
FCGCLCLL,12,7,1,1,19,2,0.3469387755102041,neutral
SHGCCCSD,41,27,15,19,68,34,0.3469387755102041,neutral
FDFLFSVF,10,9,0,2,19,2,0.3469387755102041,neutral
FGFCCVLV,10,9,2,0,19,2,0.3469387755102041,neutral
FFCNIVIN,14,5,1,1,19,2,0.3469387755102041,neutral
VFGFYVGF,13,6,1,1,19,2,0.3469387755102041,neutral
CFIRFDSG,43,25,21,13,68,34,0.3469387755102041,neutral
LHCCSFGV,43,25,17,17,68,34,0.3469387755102041,neutral
CIFCVCVD,11,8,1,1,19,2,0.3469387755102041,neutral
VIYICCYF,13,6,1,1,19,2,0.3469387755102041,neutral
CFYCGLLF,11,8,1,1,19,2,0.3469387755102041,neutral
CYFIVFDL,8,11,1,1,19,2,0.3469387755102041,neutral
CFFGVLCF,7,12,1,1,19,2,0.3469387755102041,neutral
IFVFFCHF,10,9,2,0,19,2,0.3469387755102041,neutral
CCCFCCFV,14,5,0,2,19,2,0.3469387755102041,neutral
CCLYFFYF,13,6,2,0,19,2,0.3469387755102041,neutral
RCLFFLIY,8,11,2,0,19,2,0.3469387755102041,neutral
FYFFVFFY,13,6,1,1,19,2,0.3469387755102041,neutral
DIVIRFSF,12,7,1,1,19,2,0.3469387755102041,neutral
VISVCVFF,10,9,1,1,19,2,0.3469387755102041,neutral
HYDYYVVH,15,4,2,0,19,2,0.3469387755102041,neutral
IFCIIYIV,12,7,1,1,19,2,0.3469387755102041,neutral
ICDCSLCG,42,26,21,13,68,34,0.3469387755102041,neutral
LCYCFIFI,17,2,2,0,19,2,0.3469387755102041,neutral
GFFVVCSH,52,39,19,30,91,49,0.34710743801652894,neutral
FGFILSGH,53,38,26,23,91,49,0.34710743801652894,neutral
CFCVDCDG,54,37,25,24,91,49,0.34710743801652894,neutral
YGYVIHDG,91,72,45,51,163,96,0.3471502590673575,neutral
YYRFGFFR,27,15,2,15,42,17,0.3472222222222222,neutral
FYIRYRSF,27,15,10,7,42,17,0.3472222222222222,neutral
FSVLCDCL,28,14,5,12,42,17,0.3472222222222222,neutral
LGFGGLCF,29,13,8,9,42,17,0.3472222222222222,neutral
CIHLGFGR,25,17,12,5,42,17,0.3472222222222222,neutral
YLFYSSHG,29,13,6,11,42,17,0.3472222222222222,neutral
ILCFDFVN,27,15,11,6,42,17,0.3472222222222222,neutral
IIDLCYFV,27,15,8,9,42,17,0.3472222222222222,neutral
VYNGRYFF,30,12,7,10,42,17,0.3472222222222222,neutral
FFVHNYHN,23,19,6,11,42,17,0.3472222222222222,neutral
GCFCSIDG,60,54,33,31,114,64,0.3472222222222222,neutral
GSCIYCRR,25,17,11,6,42,17,0.3472222222222222,neutral
CRYCINSH,27,15,6,11,42,17,0.3472222222222222,neutral
FDCFSDVF,29,13,5,12,42,17,0.3472222222222222,neutral
FLIGFRFY,28,14,9,8,42,17,0.3472222222222222,neutral
LDIFGNVH,30,12,6,11,42,17,0.3472222222222222,neutral
FFCYGVRG,27,15,12,5,42,17,0.3472222222222222,neutral
CFLCGNYV,27,15,7,10,42,17,0.3472222222222222,neutral
FGYLSSHV,23,19,8,9,42,17,0.3472222222222222,neutral
CCFSFCRD,28,14,10,7,42,17,0.3472222222222222,neutral
YDIIHFGF,27,15,7,10,42,17,0.3472222222222222,neutral
HFYVIGCC,21,21,8,9,42,17,0.3472222222222222,neutral
YFVHHIYH,66,48,36,28,114,64,0.3472222222222222,neutral
FYYYGVYG,23,19,5,12,42,17,0.3472222222222222,neutral
FRIYSGHD,41,24,17,15,65,32,0.3473684210526316,neutral
CCDCRVCD,41,24,10,22,65,32,0.3473684210526316,neutral
DDHIVNHF,42,23,14,18,65,32,0.3473684210526316,neutral
YDNGFGFL,42,23,12,20,65,32,0.3473684210526316,neutral
YVLSGIDL,40,25,13,19,65,32,0.3473684210526316,neutral
INYVFNCH,40,25,16,16,65,32,0.3473684210526316,neutral
CIVGDYCR,40,25,10,22,65,32,0.3473684210526316,neutral
IGVSIYGI,35,30,11,21,65,32,0.3473684210526316,neutral
FFICDISC,41,24,17,15,65,32,0.3473684210526316,neutral
CCGDNYFN,39,26,16,16,65,32,0.3473684210526316,neutral
HVRRNFVH,38,27,17,15,65,32,0.3473684210526316,neutral
RHFCFHNG,52,36,24,23,88,47,0.3474576271186441,neutral
RRVCCVSL,53,35,25,22,88,47,0.3474576271186441,neutral
LCDCRYGH,52,36,26,21,88,47,0.3474576271186441,neutral
FCGDFVCG,53,35,21,26,88,47,0.3474576271186441,neutral
VDSCHLCL,58,53,31,31,111,62,0.3475177304964539,neutral
CDGCFVCD,111,92,69,53,203,122,0.34763948497854075,neutral
FCVCIFFF,9,7,0,0,16,0,0.34782608695652173,neutral
DLRCFNFN,23,16,5,10,39,15,0.34782608695652173,neutral
DLHSNGFF,20,19,4,11,39,15,0.34782608695652173,neutral
YNGDYYDL,27,12,7,8,39,15,0.34782608695652173,neutral
LFFCIFVD,12,4,0,0,16,0,0.34782608695652173,neutral
FFFCFFFI,8,8,0,0,16,0,0.34782608695652173,neutral
VIGFFFDY,10,6,0,0,16,0,0.34782608695652173,neutral
CNRCLHLD,26,13,4,11,39,15,0.34782608695652173,neutral
FFYCFIRC,13,3,0,0,16,0,0.34782608695652173,neutral
NFFCGSRF,37,25,16,14,62,30,0.34782608695652173,neutral
LDYVCHGD,48,37,23,22,85,45,0.34782608695652173,neutral
HLFCFYYY,9,7,0,0,16,0,0.34782608695652173,neutral
VNCCSRFY,26,13,9,6,39,15,0.34782608695652173,neutral
FVFCFFIF,10,6,0,0,16,0,0.34782608695652173,neutral
GIRGYGLY,26,13,6,9,39,15,0.34782608695652173,neutral
VGGIYGVC,26,13,6,9,39,15,0.34782608695652173,neutral
FFFYFFNC,8,8,0,0,16,0,0.34782608695652173,neutral
FCFYFRYF,12,4,0,0,16,0,0.34782608695652173,neutral
FNCCDNYR,39,23,17,13,62,30,0.34782608695652173,neutral
HYLLDHIC,27,12,10,5,39,15,0.34782608695652173,neutral
CVICYCFY,12,4,0,0,16,0,0.34782608695652173,neutral
IHFFIFFC,9,7,0,0,16,0,0.34782608695652173,neutral
CFDSVFDH,23,16,5,10,39,15,0.34782608695652173,neutral
FCVFSIYC,11,5,0,0,16,0,0.34782608695652173,neutral
VCVFYCRF,12,4,0,0,16,0,0.34782608695652173,neutral
CCVRGGCF,52,33,22,23,85,45,0.34782608695652173,neutral
FFCIYCFH,24,15,7,8,39,15,0.34782608695652173,neutral
DSYFRFRF,10,6,0,0,16,0,0.34782608695652173,neutral
ICHNFYYI,26,13,5,10,39,15,0.34782608695652173,neutral
FNFFFSFC,11,5,0,0,16,0,0.34782608695652173,neutral
ICVFYCDI,12,4,0,0,16,0,0.34782608695652173,neutral
FFIFFILF,9,7,0,0,16,0,0.34782608695652173,neutral
CYVFFCRG,8,8,0,0,16,0,0.34782608695652173,neutral
FCCFYCSF,11,5,0,0,16,0,0.34782608695652173,neutral
VISIFCFI,12,4,0,0,16,0,0.34782608695652173,neutral
FCLLCSFY,13,3,0,0,16,0,0.34782608695652173,neutral
FYFCICCR,10,6,0,0,16,0,0.34782608695652173,neutral
FLRLFCCC,10,6,0,0,16,0,0.34782608695652173,neutral
FCDGICND,28,11,5,10,39,15,0.34782608695652173,neutral
FIILFVFV,9,7,0,0,16,0,0.34782608695652173,neutral
SFYSVYHF,24,15,3,12,39,15,0.34782608695652173,neutral
FVLNYGVR,32,30,14,16,62,30,0.34782608695652173,neutral
FLFVNSIF,36,26,14,16,62,30,0.34782608695652173,neutral
FRLDYSFF,35,27,10,20,62,30,0.34782608695652173,neutral
VFCFCGNL,24,15,6,9,39,15,0.34782608695652173,neutral
ICIRVGFF,11,5,0,0,16,0,0.34782608695652173,neutral
FCVLILFF,13,3,0,0,16,0,0.34782608695652173,neutral
SFVCVCGR,48,37,21,24,85,45,0.34782608695652173,neutral
LCVCFFCC,10,6,0,0,16,0,0.34782608695652173,neutral
VFRCGLYL,37,25,14,16,62,30,0.34782608695652173,neutral
FNFIRVNC,34,28,10,20,62,30,0.34782608695652173,neutral
FLFCSILF,10,6,0,0,16,0,0.34782608695652173,neutral
CFFVVFGF,11,5,0,0,16,0,0.34782608695652173,neutral
GVLGFCHR,31,31,11,19,62,30,0.34782608695652173,neutral
LCDRCSCV,26,13,4,11,39,15,0.34782608695652173,neutral
CVFCYISC,27,12,6,9,39,15,0.34782608695652173,neutral
FVDCYYFF,10,6,0,0,16,0,0.34782608695652173,neutral
CFHNLFYG,63,45,33,27,108,60,0.34782608695652173,neutral
RCCCCLLS,23,16,9,6,39,15,0.34782608695652173,neutral
FIFDHLIL,96,78,51,52,174,103,0.3480392156862745,neutral
CFDNVVFH,72,56,41,32,128,73,0.34810126582278483,neutral
YFDGCGGG,60,45,26,32,105,58,0.34814814814814815,neutral
DFGIGFHI,50,32,23,20,82,43,0.3482142857142857,neutral
SCDYYDVH,45,37,17,26,82,43,0.3482142857142857,neutral
HLGFDCGN,48,34,19,24,82,43,0.3482142857142857,neutral
RYFCYGVI,36,23,14,14,59,28,0.34831460674157305,neutral
VHFCVVNR,36,23,16,12,59,28,0.34831460674157305,neutral
CSFHSCLF,35,24,12,16,59,28,0.34831460674157305,neutral
YDHFFRCF,33,26,16,12,59,28,0.34831460674157305,neutral
CIVFRRGY,37,22,15,13,59,28,0.34831460674157305,neutral
LLYFGFLH,36,23,12,16,59,28,0.34831460674157305,neutral
INCFCHVC,37,22,11,17,59,28,0.34831460674157305,neutral
CYYVSCCN,35,24,9,19,59,28,0.34831460674157305,neutral
CHLFGGFY,34,25,14,14,59,28,0.34831460674157305,neutral
CVGCHDSG,33,26,11,17,59,28,0.34831460674157305,neutral
CDISYGDF,37,22,13,15,59,28,0.34831460674157305,neutral
VYSLYYCV,37,22,10,18,59,28,0.34831460674157305,neutral
HSFSVYCR,38,21,19,9,59,28,0.34831460674157305,neutral
CCDVIFFI,35,24,14,14,59,28,0.34831460674157305,neutral
CFRIVFDN,34,25,16,12,59,28,0.34831460674157305,neutral
YFFCYRRS,33,26,12,16,59,28,0.34831460674157305,neutral
FYRDIRVF,36,23,15,13,59,28,0.34831460674157305,neutral
YFSGDCRV,35,24,13,15,59,28,0.34831460674157305,neutral
DGGFFGSF,34,25,16,12,59,28,0.34831460674157305,neutral
VGCCGFFV,35,24,10,18,59,28,0.34831460674157305,neutral
CLCFRYHN,39,20,14,14,59,28,0.34831460674157305,neutral
FYSNVCCY,38,21,9,19,59,28,0.34831460674157305,neutral
CFFVSDLN,72,53,31,40,125,71,0.34838709677419355,neutral
FRVFHNIL,19,17,8,5,36,13,0.3484848484848485,neutral
LFSSSVVY,24,12,8,5,36,13,0.3484848484848485,neutral
LHGIGFGL,60,42,23,33,102,56,0.3484848484848485,neutral
FRFISGSV,23,13,6,7,36,13,0.3484848484848485,neutral
CCHGFVHG,22,14,4,9,36,13,0.3484848484848485,neutral
YYCFGGYR,26,10,4,9,36,13,0.3484848484848485,neutral
VFYRYVIN,27,9,5,8,36,13,0.3484848484848485,neutral
FDNNCSIL,19,17,5,8,36,13,0.3484848484848485,neutral
FSYRYFFC,20,16,4,9,36,13,0.3484848484848485,neutral
FCYFIFFR,21,15,5,8,36,13,0.3484848484848485,neutral
LFFGNGVV,21,15,8,5,36,13,0.3484848484848485,neutral
CDHFCYDL,24,12,6,7,36,13,0.3484848484848485,neutral
HDCRCCDY,22,14,7,6,36,13,0.3484848484848485,neutral
IGVCVCHY,21,15,6,7,36,13,0.3484848484848485,neutral
LIDYCICS,80,65,38,46,145,84,0.3485714285714286,neutral
IYGGGFFD,49,30,19,22,79,41,0.3486238532110092,neutral
IGCVVYGL,44,35,20,21,79,41,0.3486238532110092,neutral
IFHCLYGG,48,31,23,18,79,41,0.3486238532110092,neutral
VRSFVDFV,46,33,24,17,79,41,0.3486238532110092,neutral
LFHICSFR,43,36,17,24,79,41,0.3486238532110092,neutral
DCDHYRSG,70,52,37,32,122,69,0.34868421052631576,neutral
CRFFHCNV,67,55,27,42,122,69,0.34868421052631576,neutral
LRHVYFDY,34,22,12,14,56,26,0.3488372093023256,neutral
CYGGHRFI,36,20,12,14,56,26,0.3488372093023256,neutral
FFRRFGVS,34,22,10,16,56,26,0.3488372093023256,neutral
CYCLGIGC,34,22,15,11,56,26,0.3488372093023256,neutral
FCCVLGVG,32,24,9,17,56,26,0.3488372093023256,neutral
LRGYDSFY,32,24,13,13,56,26,0.3488372093023256,neutral
VFDNFYCF,30,26,9,17,56,26,0.3488372093023256,neutral
CIVCHNIY,30,26,16,10,56,26,0.3488372093023256,neutral
IYFDVIDS,59,40,27,27,99,54,0.3488372093023256,neutral
IVFDGFLF,37,19,13,13,56,26,0.3488372093023256,neutral
FVCDCFVH,36,20,16,10,56,26,0.3488372093023256,neutral
DDCFRLCS,36,20,16,10,56,26,0.3488372093023256,neutral
CVRFSFDI,58,41,28,26,99,54,0.3488372093023256,neutral
SSCFCFYN,27,29,8,18,56,26,0.3488372093023256,neutral
YIFCNVSC,56,43,26,28,99,54,0.3488372093023256,neutral
VFGLVSGY,32,24,12,14,56,26,0.3488372093023256,neutral
FDCFIIVL,32,24,6,20,56,26,0.3488372093023256,neutral
CCVFGIVD,68,51,28,39,119,67,0.348993288590604,neutral
LGCGGLID,42,34,22,17,76,39,0.3490566037735849,neutral
CFDSYCYS,47,29,15,24,76,39,0.3490566037735849,neutral
GNHHGYIH,43,33,17,22,76,39,0.3490566037735849,neutral
IVSFCHGR,99,83,46,62,182,108,0.3490566037735849,neutral
GVYRYYVH,18,15,5,6,33,11,0.3492063492063492,neutral
LDVSFFCY,21,12,6,5,33,11,0.3492063492063492,neutral
GCFFCGVD,18,15,6,5,33,11,0.3492063492063492,neutral
YCCFHVCG,20,13,5,6,33,11,0.3492063492063492,neutral
FCSGCVVG,20,13,8,3,33,11,0.3492063492063492,neutral
VYLCGVCV,18,15,6,5,33,11,0.3492063492063492,neutral
FNHYSGHL,22,11,6,5,33,11,0.3492063492063492,neutral
CVCFGFDI,13,20,3,8,33,11,0.3492063492063492,neutral
LCISHFNF,21,12,3,8,33,11,0.3492063492063492,neutral
CFGHCSID,19,14,4,7,33,11,0.3492063492063492,neutral
CHIDLYCH,56,40,32,20,96,52,0.3492063492063492,neutral
RLVCVSVV,55,41,20,32,96,52,0.3492063492063492,neutral
NLLCCYVN,20,13,6,5,33,11,0.3492063492063492,neutral
FFGCYFYN,23,10,6,5,33,11,0.3492063492063492,neutral
NCICSDCC,53,43,30,22,96,52,0.3492063492063492,neutral
YDIRYVNY,24,9,4,7,33,11,0.3492063492063492,neutral
CVHCFLIC,20,13,2,9,33,11,0.3492063492063492,neutral
GYGDIFVR,17,16,9,2,33,11,0.3492063492063492,neutral
LYYLVGYH,18,15,4,7,33,11,0.3492063492063492,neutral
FCDVCICC,18,15,5,6,33,11,0.3492063492063492,neutral
CSDYLGNL,24,9,4,7,33,11,0.3492063492063492,neutral
SGVCLCNF,19,14,7,4,33,11,0.3492063492063492,neutral
CCCGIVSV,23,10,5,6,33,11,0.3492063492063492,neutral
LHYFCDCC,21,12,2,9,33,11,0.3492063492063492,neutral
NCCFYYSR,19,14,7,4,33,11,0.3492063492063492,neutral
CVVCFCRD,17,16,3,8,33,11,0.3492063492063492,neutral
SIFFVSVN,21,12,5,6,33,11,0.3492063492063492,neutral
CCHGYCDS,61,55,32,33,116,65,0.3493150684931507,neutral
IRFDCSYF,33,20,13,11,53,24,0.3493975903614458,neutral
CNVIRYFR,34,19,11,13,53,24,0.3493975903614458,neutral
RCDGYCCF,36,17,10,14,53,24,0.3493975903614458,neutral
GFNFLVYY,28,25,12,12,53,24,0.3493975903614458,neutral
GFSLFCSS,30,23,11,13,53,24,0.3493975903614458,neutral
NYVLCDLH,31,22,8,16,53,24,0.3493975903614458,neutral
FCCVDSCY,36,17,12,12,53,24,0.3493975903614458,neutral
FFLGHIIC,26,27,12,12,53,24,0.3493975903614458,neutral
GFRHHYVH,35,18,11,13,53,24,0.3493975903614458,neutral
IFDVGDSC,29,24,10,14,53,24,0.3493975903614458,neutral
LYYYRYRD,30,23,5,19,53,24,0.3493975903614458,neutral
HFCSVLFD,34,19,12,12,53,24,0.3493975903614458,neutral
GVVGRFCD,85,71,50,41,156,91,0.34946236559139787,neutral
VIFDLFCR,42,31,22,15,73,37,0.34951456310679613,neutral
FVVCDCLL,44,29,12,25,73,37,0.34951456310679613,neutral
GCFCYVSF,46,27,18,19,73,37,0.34951456310679613,neutral
FCNGLCYH,45,28,12,25,73,37,0.34951456310679613,neutral
NCCCDCLF,39,34,23,14,73,37,0.34951456310679613,neutral
FDCCSSVC,64,49,25,38,113,63,0.34965034965034963,neutral
SGVFIVCR,64,49,29,34,113,63,0.34965034965034963,neutral
IFRHNYVF,65,48,25,38,113,63,0.34965034965034963,neutral
DFCYGFFV,65,48,29,34,113,63,0.34965034965034963,neutral
CCVCYYDF,18,12,4,5,30,9,0.35,neutral
FCDCVCCI,19,11,5,4,30,9,0.35,neutral
CVCGGYFC,20,10,6,3,30,9,0.35,neutral
INCCGRCF,15,15,4,5,30,9,0.35,neutral
GFCICGHC,23,7,5,4,30,9,0.35,neutral
YFSCNCCC,40,30,19,16,70,35,0.35,neutral
YLDDLCCI,30,20,17,5,50,22,0.35,neutral
VYFRCGII,33,17,15,7,50,22,0.35,neutral
IYSDLHVF,21,9,4,5,30,9,0.35,neutral
FGHIFSDV,54,36,22,26,90,48,0.35,neutral
FCGRFIFC,33,17,12,10,50,22,0.35,neutral
FCFHGLCG,44,26,17,18,70,35,0.35,neutral
CVCHDRGL,20,10,3,6,30,9,0.35,neutral
FVLCGFIH,19,11,4,5,30,9,0.35,neutral
FVLRYDLF,30,20,9,13,50,22,0.35,neutral
CCYLGFHH,16,14,5,4,30,9,0.35,neutral
FFCVGYGL,31,19,7,15,50,22,0.35,neutral
CFFNCYSG,17,13,4,5,30,9,0.35,neutral
ISDYFFSG,74,56,40,34,130,74,0.35,neutral
CCCFDIIN,16,14,3,6,30,9,0.35,neutral
SLGNFFVR,42,28,19,16,70,35,0.35,neutral
FDCHNGRF,21,9,4,5,30,9,0.35,neutral
RLYCGCGY,43,27,19,16,70,35,0.35,neutral
FDDNLLRI,25,25,11,11,50,22,0.35,neutral
YHRGHLYF,32,18,7,15,50,22,0.35,neutral
CICIFHSG,34,16,8,14,50,22,0.35,neutral
FCGHCLDF,30,20,15,7,50,22,0.35,neutral
FCLGHYDL,18,12,3,6,30,9,0.35,neutral
YCCCGDDC,43,27,18,17,70,35,0.35,neutral
SCLCVSDV,21,9,1,8,30,9,0.35,neutral
YNYNYCFC,24,6,6,3,30,9,0.35,neutral
IDFVSSDI,34,16,10,12,50,22,0.35,neutral
CFDNCGYC,27,23,10,12,50,22,0.35,neutral
VFVRDHCG,34,16,10,12,50,22,0.35,neutral
YCCCHSLI,20,10,3,6,30,9,0.35,neutral
GVYYFGCS,13,17,3,6,30,9,0.35,neutral
VFGCHCYN,23,7,3,6,30,9,0.35,neutral
FCVNVFGF,13,17,0,9,30,9,0.35,neutral
FFNVGVLC,43,27,17,18,70,35,0.35,neutral
SFLCSGSF,33,17,8,14,50,22,0.35,neutral
CYSGHFDN,23,7,8,1,30,9,0.35,neutral
NFLCFGIY,21,9,3,6,30,9,0.35,neutral
HNLYYLRI,18,12,4,5,30,9,0.35,neutral
CIFGYCCS,19,11,6,3,30,9,0.35,neutral
CFIICCGC,16,14,3,6,30,9,0.35,neutral
NDCRCVIC,42,28,16,19,70,35,0.35,neutral
CCFIVGCY,24,6,6,3,30,9,0.35,neutral
YDCCVNCI,34,16,10,12,50,22,0.35,neutral
LFYYRGYG,31,19,8,14,50,22,0.35,neutral
CFSDCFHL,74,56,37,37,130,74,0.35,neutral
CVYCFYCH,18,12,3,6,30,9,0.35,neutral
CDCVCCSV,34,16,7,15,50,22,0.35,neutral
RLSFGFFC,17,13,4,5,30,9,0.35,neutral
CFSGFCVG,71,56,36,36,127,72,0.3503184713375796,neutral
YSCINHFL,70,57,31,41,127,72,0.3503184713375796,neutral
VHICRHCG,73,54,40,32,127,72,0.3503184713375796,neutral
DCGVDNYG,62,45,35,24,107,59,0.35036496350364965,neutral
SCGCYCFH,48,39,26,20,87,46,0.3504273504273504,neutral
FVFYSCLG,44,43,23,23,87,46,0.3504273504273504,neutral
GVLGRGIY,51,36,24,22,87,46,0.3504273504273504,neutral
DCLFSGYD,50,37,27,19,87,46,0.3504273504273504,neutral
SGVFGFCF,41,26,12,21,67,33,0.35051546391752575,neutral
FFHGFYNF,42,25,13,20,67,33,0.35051546391752575,neutral
FHCVRRDY,42,25,15,18,67,33,0.35051546391752575,neutral
IFNHNGLC,41,26,12,21,67,33,0.35051546391752575,neutral
DYNVSCYH,43,24,14,19,67,33,0.35051546391752575,neutral
FCGVCDRC,39,28,16,17,67,33,0.35051546391752575,neutral
LLICDFGC,43,24,15,18,67,33,0.35051546391752575,neutral
FICSYCDN,39,28,11,22,67,33,0.35051546391752575,neutral
GLIRGGGG,42,25,15,18,67,33,0.35051546391752575,neutral
FVCDFFGS,42,25,20,13,67,33,0.35051546391752575,neutral
IIFCFVIH,33,14,11,9,47,20,0.35064935064935066,neutral
FLSYLGCL,31,16,10,10,47,20,0.35064935064935066,neutral
CSLGLRFV,28,19,14,6,47,20,0.35064935064935066,neutral
VCIDGFVY,30,17,10,10,47,20,0.35064935064935066,neutral
NDVSDFCL,24,23,11,9,47,20,0.35064935064935066,neutral
CCIDVSLN,30,17,10,10,47,20,0.35064935064935066,neutral
LCFCCYCD,30,17,9,11,47,20,0.35064935064935066,neutral
CFRRNIYH,27,20,7,13,47,20,0.35064935064935066,neutral
FIVVSRIH,33,14,10,10,47,20,0.35064935064935066,neutral
FYSCLCSS,31,16,11,9,47,20,0.35064935064935066,neutral
LLLFCGFD,27,20,16,4,47,20,0.35064935064935066,neutral
FGFRGYCS,24,23,11,9,47,20,0.35064935064935066,neutral
IGLGCVCL,29,18,9,11,47,20,0.35064935064935066,neutral
LGCCVHIF,26,21,9,11,47,20,0.35064935064935066,neutral
CICRCCDG,29,18,6,14,47,20,0.35064935064935066,neutral
VHFDCIRF,24,23,10,10,47,20,0.35064935064935066,neutral
INYCLISI,32,15,13,7,47,20,0.35064935064935066,neutral
SDGYSLLY,65,59,30,40,124,70,0.35064935064935066,neutral
DICCSYHY,29,18,10,10,47,20,0.35064935064935066,neutral
FCCCCRSH,28,19,10,10,47,20,0.35064935064935066,neutral
SLVRFNGY,25,22,8,12,47,20,0.35064935064935066,neutral
CVYFYNLR,29,18,6,14,47,20,0.35064935064935066,neutral
YCRGDCVY,60,44,28,29,104,57,0.35074626865671643,neutral
FFFCGCCG,19,8,4,3,27,7,0.3508771929824561,neutral
RYCYGFYI,49,35,23,21,84,44,0.3508771929824561,neutral
YHVGLNHL,18,9,4,3,27,7,0.3508771929824561,neutral
CYFFLCSC,17,10,3,4,27,7,0.3508771929824561,neutral
INLNCCGC,18,9,2,5,27,7,0.3508771929824561,neutral
FFLGDFFL,19,8,2,5,27,7,0.3508771929824561,neutral
FIYFNCSV,51,33,20,24,84,44,0.3508771929824561,neutral
VYVVLFGF,21,6,1,6,27,7,0.3508771929824561,neutral
CYVDYRVC,17,10,3,4,27,7,0.3508771929824561,neutral
SVCCCNGV,19,8,2,5,27,7,0.3508771929824561,neutral
VCCYVRCG,14,13,3,4,27,7,0.3508771929824561,neutral
HFDYDFGG,18,9,2,5,27,7,0.3508771929824561,neutral
FFVCDFLY,21,6,7,0,27,7,0.3508771929824561,neutral
CYLSFYCL,14,13,5,2,27,7,0.3508771929824561,neutral
FSFYGYCV,15,12,2,5,27,7,0.3508771929824561,neutral
CLFFVFVC,20,7,5,2,27,7,0.3508771929824561,neutral
IICVRFGG,17,10,2,5,27,7,0.3508771929824561,neutral
CGCCRVHF,11,16,5,2,27,7,0.3508771929824561,neutral
IFHCGRCS,13,14,2,5,27,7,0.3508771929824561,neutral
NFLCIFVF,17,10,2,5,27,7,0.3508771929824561,neutral
CIFCVCSV,18,9,2,5,27,7,0.3508771929824561,neutral
LFLGCHCR,14,13,5,2,27,7,0.3508771929824561,neutral
HFVYCGYL,18,9,4,3,27,7,0.3508771929824561,neutral
YYHCFFIY,17,10,4,3,27,7,0.3508771929824561,neutral
HYFHVGCC,18,9,4,3,27,7,0.3508771929824561,neutral
FHGVYCSG,18,9,3,4,27,7,0.3508771929824561,neutral
RVHIYIFR,15,12,2,5,27,7,0.3508771929824561,neutral
FYDHCCGF,70,51,31,37,121,68,0.3509933774834437,neutral
CCFRVGDF,70,51,31,37,121,68,0.3509933774834437,neutral
VSSLHRFG,39,25,16,15,64,31,0.35106382978723405,neutral
LYDGCCFC,36,28,14,17,64,31,0.35106382978723405,neutral
LSLGSFVR,38,26,17,14,64,31,0.35106382978723405,neutral
ISFFSSGC,38,26,14,17,64,31,0.35106382978723405,neutral
LGHYLSDV,37,27,15,16,64,31,0.35106382978723405,neutral
FGYFFCGI,41,23,13,18,64,31,0.35106382978723405,neutral
FYCCVNVN,41,23,17,14,64,31,0.35106382978723405,neutral
FCFHCGGC,31,33,13,18,64,31,0.35106382978723405,neutral
FFVVDGVF,36,28,15,16,64,31,0.35106382978723405,neutral
LFFCCDGI,60,41,20,35,101,55,0.3511450381679389,neutral
FRFGGCCG,55,46,28,27,101,55,0.3511450381679389,neutral
CSYYGSRC,59,42,29,26,101,55,0.3511450381679389,neutral
CNFHHGCV,29,15,9,9,44,18,0.35135135135135137,neutral
IYGIDCCV,49,32,16,26,81,42,0.35135135135135137,neutral
VVSCCGHR,25,19,9,9,44,18,0.35135135135135137,neutral
FIYNCHRG,23,21,10,8,44,18,0.35135135135135137,neutral
DFFCNYGV,21,23,8,10,44,18,0.35135135135135137,neutral
GFNYSNNF,23,21,11,7,44,18,0.35135135135135137,neutral
YCVYFCVD,28,16,6,12,44,18,0.35135135135135137,neutral
IFFRGIGF,30,14,8,10,44,18,0.35135135135135137,neutral
FYFCCFDD,28,16,5,13,44,18,0.35135135135135137,neutral
HDGCYCVY,27,17,5,13,44,18,0.35135135135135137,neutral
VHSVFHYG,26,18,6,12,44,18,0.35135135135135137,neutral
ICFVGFDL,50,31,23,19,81,42,0.35135135135135137,neutral
LVDYIRSC,66,52,35,31,118,66,0.35135135135135137,neutral
FCHVFRGY,27,17,9,9,44,18,0.35135135135135137,neutral
CYFFGLYG,28,16,5,13,44,18,0.35135135135135137,neutral
YGDIVCLC,27,17,9,9,44,18,0.35135135135135137,neutral
VGYGCCGV,49,32,24,18,81,42,0.35135135135135137,neutral
VLLYRGVC,47,34,25,17,81,42,0.35135135135135137,neutral
VFVRNIYL,30,14,10,8,44,18,0.35135135135135137,neutral
FIYHYCGF,30,14,10,8,44,18,0.35135135135135137,neutral
HSFCCGVC,26,18,10,8,44,18,0.35135135135135137,neutral
YRFGVVIG,31,13,11,7,44,18,0.35135135135135137,neutral
LRCVCDLC,56,42,29,24,98,53,0.3515625,neutral
DCFLDHFR,58,40,20,33,98,53,0.3515625,neutral
FLFSFDCF,36,25,7,22,61,29,0.3516483516483517,neutral
SCHGVCFH,32,29,14,15,61,29,0.3516483516483517,neutral
FHSNLFYR,40,21,13,16,61,29,0.3516483516483517,neutral
YSVCVIRR,40,21,20,9,61,29,0.3516483516483517,neutral
VNYCGILH,38,23,15,14,61,29,0.3516483516483517,neutral
CHYSFGSN,40,21,13,16,61,29,0.3516483516483517,neutral
FGICGSCG,36,25,12,17,61,29,0.3516483516483517,neutral
YNYVCFSY,35,26,12,17,61,29,0.3516483516483517,neutral
CSVCDHGC,35,26,18,11,61,29,0.3516483516483517,neutral
FCYVISDY,37,24,16,13,61,29,0.3516483516483517,neutral
CCCGIDDL,36,25,17,12,61,29,0.3516483516483517,neutral
FFSSVVDS,34,27,15,14,61,29,0.3516483516483517,neutral
YHFGFYCV,38,23,14,15,61,29,0.3516483516483517,neutral
CSLFCVFG,13,11,1,4,24,5,0.35185185185185186,neutral
FCDVCYDI,15,9,3,2,24,5,0.35185185185185186,neutral
FLSYCIFS,13,11,4,1,24,5,0.35185185185185186,neutral
CCGFCNVH,14,10,3,2,24,5,0.35185185185185186,neutral
FFFCGYNL,13,11,2,3,24,5,0.35185185185185186,neutral
VCRFYINC,16,8,1,4,24,5,0.35185185185185186,neutral
LRDYNDGF,13,11,3,2,24,5,0.35185185185185186,neutral
SFFIVYFV,16,8,4,1,24,5,0.35185185185185186,neutral
ICFSYVCC,18,6,0,5,24,5,0.35185185185185186,neutral
VGCYYLGF,9,15,0,5,24,5,0.35185185185185186,neutral
FCGDVYIV,15,9,2,3,24,5,0.35185185185185186,neutral
ILGCVYLY,18,6,4,1,24,5,0.35185185185185186,neutral
RFVDHFYS,48,30,21,19,78,40,0.35185185185185186,neutral
CNICCRDC,14,10,4,1,24,5,0.35185185185185186,neutral
FCHFCLSF,16,8,3,2,24,5,0.35185185185185186,neutral
CFVFSYFC,15,9,2,3,24,5,0.35185185185185186,neutral
GFVFDYVD,16,8,2,3,24,5,0.35185185185185186,neutral
NFVGLYFD,13,11,4,1,24,5,0.35185185185185186,neutral
NCRHYNSG,43,35,19,21,78,40,0.35185185185185186,neutral
LCGLNVYG,46,32,17,23,78,40,0.35185185185185186,neutral
VIGGVCFR,14,10,3,2,24,5,0.35185185185185186,neutral
YLFFFFSG,18,6,2,3,24,5,0.35185185185185186,neutral
RGFYGFDC,17,7,3,2,24,5,0.35185185185185186,neutral
DFGYGGHL,15,9,3,2,24,5,0.35185185185185186,neutral
GHYFVLHF,17,7,3,2,24,5,0.35185185185185186,neutral
SCGCVCLG,14,10,2,3,24,5,0.35185185185185186,neutral
VFIFIVCG,15,9,4,1,24,5,0.35185185185185186,neutral
FCYLFFDI,14,10,1,4,24,5,0.35185185185185186,neutral
VCRICIGF,17,7,1,4,24,5,0.35185185185185186,neutral
VVCVLLSH,13,11,2,3,24,5,0.35185185185185186,neutral
SFFCLRVS,17,7,2,3,24,5,0.35185185185185186,neutral
CCIRLYNR,16,8,1,4,24,5,0.35185185185185186,neutral
VNHGCDLL,48,30,18,22,78,40,0.35185185185185186,neutral
DYRYSIIL,55,40,27,24,95,51,0.352,neutral
ISSNCYGV,52,43,32,19,95,51,0.352,neutral
ICSFYFLH,29,12,5,11,41,16,0.352112676056338,neutral
LYFVGCYL,26,15,8,8,41,16,0.352112676056338,neutral
FHVYLLYY,25,16,8,8,41,16,0.352112676056338,neutral
VICFCLGN,25,16,6,10,41,16,0.352112676056338,neutral
IYFFHGYC,29,12,3,13,41,16,0.352112676056338,neutral
SYGFFIGR,65,47,27,35,112,62,0.352112676056338,neutral
CYLCFGGR,26,15,5,11,41,16,0.352112676056338,neutral
VHCFVVCH,29,12,8,8,41,16,0.352112676056338,neutral
NYVGSCCY,24,17,5,11,41,16,0.352112676056338,neutral
FCCGYSYY,28,13,8,8,41,16,0.352112676056338,neutral
FGCFRHFL,24,17,5,11,41,16,0.352112676056338,neutral
RNHGYGCF,24,17,9,7,41,16,0.352112676056338,neutral
FFRCVDCD,24,17,8,8,41,16,0.352112676056338,neutral
CCGIFRCH,25,16,3,13,41,16,0.352112676056338,neutral
SCIRYIDC,30,11,9,7,41,16,0.352112676056338,neutral
FLIVSGYL,27,14,10,6,41,16,0.352112676056338,neutral
CFIYCNGG,23,18,12,4,41,16,0.352112676056338,neutral
YCYVRGDV,22,19,8,8,41,16,0.352112676056338,neutral
VIDFCSLI,27,14,5,11,41,16,0.352112676056338,neutral
FFNSFGHR,26,15,10,6,41,16,0.352112676056338,neutral
IIDCCYNY,29,12,7,9,41,16,0.352112676056338,neutral
CYIGCDDV,24,17,8,8,41,16,0.352112676056338,neutral
CFFDYNGD,24,17,10,6,41,16,0.352112676056338,neutral
YCSCHYFC,27,14,9,7,41,16,0.352112676056338,neutral
YYRCFDLV,72,57,34,39,129,73,0.3522012578616352,neutral
FIRGCDFR,34,24,12,15,58,27,0.3522727272727273,neutral
VSSIFSIG,31,27,12,15,58,27,0.3522727272727273,neutral
LRILRYHC,29,29,18,9,58,27,0.3522727272727273,neutral
FFSRGCGC,34,24,16,11,58,27,0.3522727272727273,neutral
ICGRYDII,32,26,11,16,58,27,0.3522727272727273,neutral
GIVGCYGI,29,29,12,15,58,27,0.3522727272727273,neutral
FYHDLYGC,32,26,8,19,58,27,0.3522727272727273,neutral
FISYNLFY,33,25,18,9,58,27,0.3522727272727273,neutral
DRFYFSNS,38,20,10,17,58,27,0.3522727272727273,neutral
FVCHNVLL,31,27,11,16,58,27,0.3522727272727273,neutral
YCYGCNLD,34,24,10,17,58,27,0.3522727272727273,neutral
VFYIDNHC,35,23,13,14,58,27,0.3522727272727273,neutral
CFFYSVGF,34,24,15,12,58,27,0.3522727272727273,neutral
DYVDYYIL,44,31,17,21,75,38,0.3523809523809524,neutral
CRVDICGF,44,31,14,24,75,38,0.3523809523809524,neutral
CDVIFYNF,38,37,16,22,75,38,0.3523809523809524,neutral
HICCGSGF,44,31,22,16,75,38,0.3523809523809524,neutral
YDSVFLFS,43,32,21,17,75,38,0.3523809523809524,neutral
SDVSNFFV,47,28,19,19,75,38,0.3523809523809524,neutral
LCHNLIYF,45,30,21,17,75,38,0.3523809523809524,neutral
VLIRDDFC,54,38,25,24,92,49,0.3524590163934426,neutral
VIGRYCIG,51,41,25,24,92,49,0.3524590163934426,neutral
SFCFCGIV,55,37,23,26,92,49,0.3524590163934426,neutral
FDNVIYDH,63,46,38,22,109,60,0.35251798561151076,neutral
YRVISCRL,64,45,32,28,109,60,0.35251798561151076,neutral
RYRRFSGH,59,50,22,38,109,60,0.35251798561151076,neutral
FCGFRVVL,70,56,29,42,126,71,0.3525641025641026,neutral
VFIFSSVN,52,37,19,28,89,47,0.35294117647058826,neutral
ICCVYCFR,24,14,7,7,38,14,0.35294117647058826,neutral
LYFCDSLR,27,11,8,6,38,14,0.35294117647058826,neutral
VYYVYNVC,37,18,15,10,55,25,0.35294117647058826,neutral
FLRGGNFC,17,4,2,1,21,3,0.35294117647058826,neutral
GIGYFCRG,50,39,28,19,89,47,0.35294117647058826,neutral
CFNCVSHG,37,18,10,15,55,25,0.35294117647058826,neutral
FSHVGYGV,34,21,12,13,55,25,0.35294117647058826,neutral
FFIRFGSG,27,11,1,13,38,14,0.35294117647058826,neutral
CSLVLSVF,13,8,2,1,21,3,0.35294117647058826,neutral
FFSCVFLC,12,9,2,1,21,3,0.35294117647058826,neutral
FCFYFSCF,13,8,2,1,21,3,0.35294117647058826,neutral
FYFYFIGV,12,9,1,2,21,3,0.35294117647058826,neutral
RFGLLCGY,32,23,16,9,55,25,0.35294117647058826,neutral
IYYFDFSY,27,11,7,7,38,14,0.35294117647058826,neutral
SYSHDFIG,41,31,19,17,72,36,0.35294117647058826,neutral
VYFFCGCC,16,5,1,2,21,3,0.35294117647058826,neutral
IGNGDCCF,14,7,3,0,21,3,0.35294117647058826,neutral
YLCCFYYL,14,7,1,2,21,3,0.35294117647058826,neutral
CIFLLICS,13,8,3,0,21,3,0.35294117647058826,neutral
SNHCYFGC,37,18,9,16,55,25,0.35294117647058826,neutral
FIFCFFNF,14,7,2,1,21,3,0.35294117647058826,neutral
VVRSFYSF,28,10,6,8,38,14,0.35294117647058826,neutral
ICYGFLFS,37,18,9,16,55,25,0.35294117647058826,neutral
VCYCYVHF,31,24,11,14,55,25,0.35294117647058826,neutral
FIFGFHYL,15,6,2,1,21,3,0.35294117647058826,neutral
NFGCVLIC,39,33,21,15,72,36,0.35294117647058826,neutral
IGGCCFSV,33,22,15,10,55,25,0.35294117647058826,neutral
LGVVFVLH,15,6,2,1,21,3,0.35294117647058826,neutral
VCYDNYLR,23,15,7,7,38,14,0.35294117647058826,neutral
DCNYLGCV,26,12,3,11,38,14,0.35294117647058826,neutral
SLYFNDVD,23,15,6,8,38,14,0.35294117647058826,neutral
IYFNGDSC,27,11,6,8,38,14,0.35294117647058826,neutral
YFFVGGFF,17,4,3,0,21,3,0.35294117647058826,neutral
FCIFIGYH,18,3,1,2,21,3,0.35294117647058826,neutral
CRYCCSDS,21,17,10,4,38,14,0.35294117647058826,neutral
FGFDLDRG,21,17,8,6,38,14,0.35294117647058826,neutral
FHYRLYGV,18,3,1,2,21,3,0.35294117647058826,neutral
LYFIFNFR,28,10,5,9,38,14,0.35294117647058826,neutral
LFFGISCI,42,30,18,18,72,36,0.35294117647058826,neutral
LLYVRCGY,28,10,7,7,38,14,0.35294117647058826,neutral
FVICLYHC,13,8,2,1,21,3,0.35294117647058826,neutral
VCCFFGYR,10,11,2,1,21,3,0.35294117647058826,neutral
CIRNLCFC,26,12,7,7,38,14,0.35294117647058826,neutral
FYRCGCFS,24,14,10,4,38,14,0.35294117647058826,neutral
FDFCHCLF,22,16,7,7,38,14,0.35294117647058826,neutral
CYVIYSFY,13,8,0,3,21,3,0.35294117647058826,neutral
FVYRFFGN,25,13,5,9,38,14,0.35294117647058826,neutral
FRCVYGCC,14,7,3,0,21,3,0.35294117647058826,neutral
FCVRSCCL,35,20,13,12,55,25,0.35294117647058826,neutral
IISVVFGD,26,12,6,8,38,14,0.35294117647058826,neutral
SCCFGFYS,42,30,17,19,72,36,0.35294117647058826,neutral
LYVVCCCH,10,11,1,2,21,3,0.35294117647058826,neutral
FFFCVFYL,15,6,2,1,21,3,0.35294117647058826,neutral
LVYRVLCV,16,5,2,1,21,3,0.35294117647058826,neutral
CDVCHFLL,24,14,8,6,38,14,0.35294117647058826,neutral
YCSVFLDC,36,19,10,15,55,25,0.35294117647058826,neutral
IFDSVIDV,42,30,18,18,72,36,0.35294117647058826,neutral
FCGFFCVV,16,5,2,1,21,3,0.35294117647058826,neutral
VIFFVCCN,7,14,2,1,21,3,0.35294117647058826,neutral
FYCIGCDV,37,18,12,13,55,25,0.35294117647058826,neutral
LFGLNVIY,24,14,7,7,38,14,0.35294117647058826,neutral
VLCFRDFF,36,19,10,15,55,25,0.35294117647058826,neutral
YIGLIFGD,13,8,1,2,21,3,0.35294117647058826,neutral
ISVRCRFL,54,35,21,26,89,47,0.35294117647058826,neutral
HYDFRYLV,24,14,9,5,38,14,0.35294117647058826,neutral
IYCSRVFL,22,16,7,7,38,14,0.35294117647058826,neutral
FIFGSGVI,44,28,16,20,72,36,0.35294117647058826,neutral
VGFDLHHY,44,28,18,18,72,36,0.35294117647058826,neutral
CLYHGHYV,40,32,18,18,72,36,0.35294117647058826,neutral
YYSHFRGG,51,38,21,26,89,47,0.35294117647058826,neutral
ILIFFCFG,9,12,1,2,21,3,0.35294117647058826,neutral
FCCGHNVN,82,72,44,45,154,89,0.3532608695652174,neutral
CFFDGLFL,67,53,31,36,120,67,0.35333333333333333,neutral
FLHCDCVF,61,42,28,28,103,56,0.3533834586466165,neutral
GCCVCVNS,59,44,26,30,103,56,0.3533834586466165,neutral
DCGGNCFF,52,34,27,18,86,45,0.35344827586206895,neutral
RSCGCFRC,44,25,24,10,69,34,0.35353535353535354,neutral
FVCCSFRD,40,29,19,15,69,34,0.35353535353535354,neutral
YNGHFFDG,38,31,20,14,69,34,0.35353535353535354,neutral
RFFRVDYD,40,29,16,18,69,34,0.35353535353535354,neutral
FDRFINRD,44,25,13,21,69,34,0.35353535353535354,neutral
SHCVCYGL,40,29,17,17,69,34,0.35353535353535354,neutral
GVIYHGVH,34,35,15,19,69,34,0.35353535353535354,neutral
YSRYFNVN,44,25,16,18,69,34,0.35353535353535354,neutral
NCYDFHDR,85,66,45,42,151,87,0.35359116022099446,neutral
FCRSGYCD,35,17,11,12,52,23,0.35365853658536583,neutral
CCNSFCGS,31,21,5,18,52,23,0.35365853658536583,neutral
IFCCDRFF,29,23,13,10,52,23,0.35365853658536583,neutral
FIVYHSRV,32,20,10,13,52,23,0.35365853658536583,neutral
FFDVIRRF,34,18,11,12,52,23,0.35365853658536583,neutral
YFGHFDVC,31,21,8,15,52,23,0.35365853658536583,neutral
FIIRCFGH,31,21,11,12,52,23,0.35365853658536583,neutral
FHYVFGCF,28,24,12,11,52,23,0.35365853658536583,neutral
LSCCYFVS,32,20,7,16,52,23,0.35365853658536583,neutral
VCFDDFDL,28,24,8,15,52,23,0.35365853658536583,neutral
YFICLDHN,35,17,7,16,52,23,0.35365853658536583,neutral
GHHCLCDI,31,21,8,15,52,23,0.35365853658536583,neutral
VINVSLFH,29,23,13,10,52,23,0.35365853658536583,neutral
LILNGNFF,33,19,11,12,52,23,0.35365853658536583,neutral
FIRCGSIF,35,17,12,11,52,23,0.35365853658536583,neutral
CCLLRNDY,33,19,5,18,52,23,0.35365853658536583,neutral
CFFLHHIR,31,21,15,8,52,23,0.35365853658536583,neutral
CVFIRHGH,34,18,16,7,52,23,0.35365853658536583,neutral
LCLSDGVV,32,20,10,13,52,23,0.35365853658536583,neutral
FYSCCIGY,33,19,9,14,52,23,0.35365853658536583,neutral
FYCSFFDC,25,27,9,14,52,23,0.35365853658536583,neutral
FIDCHLGV,31,21,8,15,52,23,0.35365853658536583,neutral
FSCNDCHF,32,20,7,16,52,23,0.35365853658536583,neutral
YNFRCDVR,35,17,6,17,52,23,0.35365853658536583,neutral
FCRCCGSN,32,20,12,11,52,23,0.35365853658536583,neutral
RIIGFSFR,29,23,11,12,52,23,0.35365853658536583,neutral
LFGFCDCC,29,23,7,16,52,23,0.35365853658536583,neutral
GFDFISLC,66,51,26,39,117,65,0.35374149659863946,neutral
CFIGFFFY,24,11,7,5,35,12,0.35384615384615387,neutral
IVCYLCFH,21,14,5,7,35,12,0.35384615384615387,neutral
VCGCSCHS,23,12,4,8,35,12,0.35384615384615387,neutral
FHYVCFDY,21,14,5,7,35,12,0.35384615384615387,neutral
FCRCRRYD,24,11,6,6,35,12,0.35384615384615387,neutral
LYDVYYIV,21,14,7,5,35,12,0.35384615384615387,neutral
YFVNCDRY,23,12,5,7,35,12,0.35384615384615387,neutral
FFDFNVHD,23,12,5,7,35,12,0.35384615384615387,neutral
CCDHCILH,23,12,6,6,35,12,0.35384615384615387,neutral
FNYCCYHL,23,12,5,7,35,12,0.35384615384615387,neutral
HGFYDDLL,21,14,7,5,35,12,0.35384615384615387,neutral
FVNFVFHV,24,11,5,7,35,12,0.35384615384615387,neutral
FNNFVISY,20,15,6,6,35,12,0.35384615384615387,neutral
YFSGFFIH,19,16,6,6,35,12,0.35384615384615387,neutral
CCIDFCLH,23,12,4,8,35,12,0.35384615384615387,neutral
CYILCYDR,24,11,8,4,35,12,0.35384615384615387,neutral
FNCCVLYY,18,17,6,6,35,12,0.35384615384615387,neutral
FCYFVYDF,25,10,7,5,35,12,0.35384615384615387,neutral
LFCNRSCL,82,66,39,46,148,85,0.3539325842696629,neutral
VCCCCCCR,49,34,23,20,83,43,0.35398230088495575,neutral
SRCGDCFR,49,34,20,23,83,43,0.35398230088495575,neutral
NLNCCFSC,41,25,15,17,66,32,0.3541666666666667,neutral
CFFFSNHV,14,4,1,0,18,1,0.3541666666666667,neutral
FFLLVLCV,11,7,0,1,18,1,0.3541666666666667,neutral
CYCDCYGH,11,7,1,0,18,1,0.3541666666666667,neutral
DHYCCCHC,38,28,13,19,66,32,0.3541666666666667,neutral
VFFCHLVY,12,6,0,1,18,1,0.3541666666666667,neutral
CFLLCSSG,42,24,13,19,66,32,0.3541666666666667,neutral
FLCLCIVF,11,7,0,1,18,1,0.3541666666666667,neutral
ICCHGICG,11,7,0,1,18,1,0.3541666666666667,neutral
RDLVFLGI,33,33,17,15,66,32,0.3541666666666667,neutral
GYCDYSHC,8,10,0,1,18,1,0.3541666666666667,neutral
FCVCFFCF,13,5,0,1,18,1,0.3541666666666667,neutral
FVNYCGCC,10,8,0,1,18,1,0.3541666666666667,neutral
YYIFCIYV,10,8,1,0,18,1,0.3541666666666667,neutral
FIVNCCVL,41,25,10,22,66,32,0.3541666666666667,neutral
FFYFYCRY,11,7,1,0,18,1,0.3541666666666667,neutral
FCFSLLIL,12,6,1,0,18,1,0.3541666666666667,neutral
FLYFRVRV,11,7,1,0,18,1,0.3541666666666667,neutral
SFILVCVV,14,4,1,0,18,1,0.3541666666666667,neutral
FIFIFFLV,13,5,0,1,18,1,0.3541666666666667,neutral
IGVLFVVY,11,7,0,1,18,1,0.3541666666666667,neutral
FCCFGLIS,42,24,17,15,66,32,0.3541666666666667,neutral
FFRCFHRC,13,5,0,1,18,1,0.3541666666666667,neutral
FCCCRIVY,11,7,0,1,18,1,0.3541666666666667,neutral
FSGLFVIV,10,8,0,1,18,1,0.3541666666666667,neutral
VFFVFHCC,13,5,0,1,18,1,0.3541666666666667,neutral
VCDVYIIR,41,25,12,20,66,32,0.3541666666666667,neutral
FSDLDCFD,87,75,49,45,162,94,0.3541666666666667,neutral
CNYFSVCC,15,3,1,0,18,1,0.3541666666666667,neutral
YLCFCFCY,10,8,0,1,18,1,0.3541666666666667,neutral
IVIVRIYH,11,7,1,0,18,1,0.3541666666666667,neutral
FCLCFYGF,11,7,1,0,18,1,0.3541666666666667,neutral
YGYVFVCL,12,6,0,1,18,1,0.3541666666666667,neutral
FYIVIRYF,12,6,0,1,18,1,0.3541666666666667,neutral
LHFDNVLC,54,43,18,34,97,52,0.3543307086614173,neutral
VVRLDLCY,58,39,26,26,97,52,0.3543307086614173,neutral
CYCRGFNH,57,40,24,28,97,52,0.3543307086614173,neutral
YFGNGVCL,58,39,22,30,97,52,0.3543307086614173,neutral
VRFFGNVR,58,39,24,28,97,52,0.3543307086614173,neutral
LFYNVSLY,54,43,24,28,97,52,0.3543307086614173,neutral
FVSFVCRI,23,26,5,16,49,21,0.35443037974683544,neutral
YLFVRGCN,32,17,11,10,49,21,0.35443037974683544,neutral
CFCGDGGV,34,15,14,7,49,21,0.35443037974683544,neutral
SCCFGRGF,27,22,9,12,49,21,0.35443037974683544,neutral
LFYGNCSL,22,27,6,15,49,21,0.35443037974683544,neutral
LFDGHHVH,27,22,8,13,49,21,0.35443037974683544,neutral
SCGVCYLF,30,19,11,10,49,21,0.35443037974683544,neutral
FFSFHSFV,30,19,7,14,49,21,0.35443037974683544,neutral
RCGVVISY,28,21,9,12,49,21,0.35443037974683544,neutral
GYYCGYIY,32,17,14,7,49,21,0.35443037974683544,neutral
SFLDGDHI,34,15,12,9,49,21,0.35443037974683544,neutral
RHVFFCSC,28,21,9,12,49,21,0.35443037974683544,neutral
YIYCSSLF,33,16,12,9,49,21,0.35443037974683544,neutral
SCFDNLCY,31,18,10,11,49,21,0.35443037974683544,neutral
YCCVDLLF,45,35,24,17,80,41,0.35454545454545455,neutral
FCCNHFGF,49,31,22,19,80,41,0.35454545454545455,neutral
HFFNCCLV,48,32,17,24,80,41,0.35454545454545455,neutral
VRVRCRCV,44,36,13,28,80,41,0.35454545454545455,neutral
FVFGLRCS,49,31,20,21,80,41,0.35454545454545455,neutral
HDRLGFGF,63,48,28,33,111,61,0.3546099290780142,neutral
FHYVNNVR,80,62,38,43,142,81,0.3546511627906977,neutral
FCCCHLFH,21,11,4,6,32,10,0.3548387096774194,neutral
SLGVFCGC,39,24,14,16,63,30,0.3548387096774194,neutral
GIFIVNCH,21,11,5,5,32,10,0.3548387096774194,neutral
YRDCFCRY,20,12,8,2,32,10,0.3548387096774194,neutral
CSSIGDYF,21,11,5,5,32,10,0.3548387096774194,neutral
FGCFCFCH,16,16,7,3,32,10,0.3548387096774194,neutral
GLNSNYDF,22,10,4,6,32,10,0.3548387096774194,neutral
YCDCHSFR,39,24,18,12,63,30,0.3548387096774194,neutral
FVFGVNGC,36,27,16,14,63,30,0.3548387096774194,neutral
LFDLSLFV,37,26,13,17,63,30,0.3548387096774194,neutral
FRCCDYHV,24,8,3,7,32,10,0.3548387096774194,neutral
CYFSGLFG,23,9,3,7,32,10,0.3548387096774194,neutral
CHIVLVYH,20,12,5,5,32,10,0.3548387096774194,neutral
CFYCYVFG,38,25,16,14,63,30,0.3548387096774194,neutral
LDYGHYFL,20,12,7,3,32,10,0.3548387096774194,neutral
CFCDCDRL,23,9,5,5,32,10,0.3548387096774194,neutral
YHLRFFGC,40,23,9,21,63,30,0.3548387096774194,neutral
FVVCYGHG,39,24,16,14,63,30,0.3548387096774194,neutral
FSSLDFCY,47,47,23,27,94,50,0.3548387096774194,neutral
IILFDHFV,17,15,3,7,32,10,0.3548387096774194,neutral
LDCVFVRN,56,38,22,28,94,50,0.3548387096774194,neutral
GVLVSLGY,25,7,7,3,32,10,0.3548387096774194,neutral
FYGVIYCG,16,16,3,7,32,10,0.3548387096774194,neutral
CCNHVCLG,19,13,4,6,32,10,0.3548387096774194,neutral
FGFCFGNV,40,23,12,18,63,30,0.3548387096774194,neutral
HIYYRYFC,21,11,2,8,32,10,0.3548387096774194,neutral
CFGCDSGV,37,26,13,17,63,30,0.3548387096774194,neutral
CLVYGGFI,21,11,4,6,32,10,0.3548387096774194,neutral
GYCCYGRC,16,16,2,8,32,10,0.3548387096774194,neutral
RVVSFSCF,48,46,25,25,94,50,0.3548387096774194,neutral
VFFCCDCF,22,10,7,3,32,10,0.3548387096774194,neutral
CDLCIVHV,37,26,10,20,63,30,0.3548387096774194,neutral
CCCFVVRH,40,23,12,18,63,30,0.3548387096774194,neutral
FFYYNCCC,16,16,5,5,32,10,0.3548387096774194,neutral
FYCHHRGG,46,31,16,23,77,39,0.35514018691588783,neutral
CVLLSVFH,24,22,9,10,46,19,0.35526315789473684,neutral
VCICVYDS,31,15,10,9,46,19,0.35526315789473684,neutral
LYDCIFFG,28,18,8,11,46,19,0.35526315789473684,neutral
DCVGCILF,32,14,12,7,46,19,0.35526315789473684,neutral
CCDHILSC,63,59,33,35,122,68,0.35526315789473684,neutral
LYHHDSFF,28,18,6,13,46,19,0.35526315789473684,neutral
CSLFNCCN,21,25,9,10,46,19,0.35526315789473684,neutral
DFLGDDVC,29,17,7,12,46,19,0.35526315789473684,neutral
YCDFYRVS,32,14,11,8,46,19,0.35526315789473684,neutral
GYSNFSVG,28,18,5,14,46,19,0.35526315789473684,neutral
FRVCRGCY,27,19,12,7,46,19,0.35526315789473684,neutral
RCVDCCGV,24,22,8,11,46,19,0.35526315789473684,neutral
CDVYCRHI,69,53,33,35,122,68,0.35526315789473684,neutral
HDCIGCVC,28,18,6,13,46,19,0.35526315789473684,neutral
ICGVGLSF,54,37,23,25,91,48,0.35537190082644626,neutral
RYVCVGDL,52,39,22,26,91,48,0.35537190082644626,neutral
YCCGIGRF,36,24,10,18,60,28,0.35555555555555557,neutral
CIHFIRDL,37,23,12,16,60,28,0.35555555555555557,neutral
CYFRIVDH,57,48,33,24,105,57,0.35555555555555557,neutral
VFCHYVHC,62,43,27,30,105,57,0.35555555555555557,neutral
FDHLFNFH,38,22,6,22,60,28,0.35555555555555557,neutral
INVNNFGF,36,24,13,15,60,28,0.35555555555555557,neutral
YFRRCVCH,38,22,16,12,60,28,0.35555555555555557,neutral
RHCCFRGD,83,67,43,43,150,86,0.35555555555555557,neutral
FIHVFRRY,34,26,13,15,60,28,0.35555555555555557,neutral
CYDSLGVF,37,23,17,11,60,28,0.35555555555555557,neutral
LNHCYVFL,88,76,46,49,164,95,0.3556701030927835,neutral
SFCRVDLC,56,63,28,38,119,66,0.35570469798657717,neutral
VVCNCVGF,39,35,18,19,74,37,0.3557692307692308,neutral
GVYVCDYG,45,29,15,22,74,37,0.3557692307692308,neutral
GCCCDVLI,40,34,20,17,74,37,0.3557692307692308,neutral
LDSCLRHF,44,30,20,17,74,37,0.3557692307692308,neutral
FVFRRDYF,73,60,36,39,133,75,0.3558282208588957,neutral
RVVFCGYF,20,9,4,4,29,8,0.3559322033898305,neutral
FFHYFDCL,20,9,2,6,29,8,0.3559322033898305,neutral
LLRCIDLD,19,10,3,5,29,8,0.3559322033898305,neutral
CGYRCCYC,22,7,2,6,29,8,0.3559322033898305,neutral
YYGVHDSL,16,13,4,4,29,8,0.3559322033898305,neutral
CHFRYFVR,18,11,5,3,29,8,0.3559322033898305,neutral
DGCYSFLL,14,15,1,7,29,8,0.3559322033898305,neutral
GLYFDHHH,20,9,4,4,29,8,0.3559322033898305,neutral
CLVNHCGL,52,36,23,23,88,46,0.3559322033898305,neutral
FNDCGFVR,23,6,5,3,29,8,0.3559322033898305,neutral
FCDNCDCV,53,35,21,25,88,46,0.3559322033898305,neutral
FLFYIDFC,22,7,3,5,29,8,0.3559322033898305,neutral
FIRLSYYR,20,9,3,5,29,8,0.3559322033898305,neutral
VCGCIFLI,16,13,5,3,29,8,0.3559322033898305,neutral
IYFRVGCN,23,6,5,3,29,8,0.3559322033898305,neutral
FIIYRHFI,18,11,4,4,29,8,0.3559322033898305,neutral
LHGGGYDY,22,7,2,6,29,8,0.3559322033898305,neutral
FVLFNYLV,20,9,4,4,29,8,0.3559322033898305,neutral
CFSCYRIG,11,18,2,6,29,8,0.3559322033898305,neutral
FIFGFCGY,17,12,5,3,29,8,0.3559322033898305,neutral
LCFSSRYV,16,13,6,2,29,8,0.3559322033898305,neutral
CVYRCLYG,22,7,3,5,29,8,0.3559322033898305,neutral
HGSGHFFL,21,8,5,3,29,8,0.3559322033898305,neutral
CFYYHYRH,18,11,5,3,29,8,0.3559322033898305,neutral
VYVRHDGL,51,37,26,20,88,46,0.3559322033898305,neutral
FCVVFLCH,17,12,6,2,29,8,0.3559322033898305,neutral
SCSFCYHV,18,11,3,5,29,8,0.3559322033898305,neutral
HIVDYGCL,18,11,3,5,29,8,0.3559322033898305,neutral
GIFDRFNR,87,74,39,54,161,93,0.35602094240837695,neutral
YCVGSCFV,24,19,8,9,43,17,0.3561643835616438,neutral
NFGNFGCC,24,19,4,13,43,17,0.3561643835616438,neutral
CFFSVSSD,28,15,9,8,43,17,0.3561643835616438,neutral
GLFRDCGC,31,12,10,7,43,17,0.3561643835616438,neutral
VYFGDYGL,23,20,6,11,43,17,0.3561643835616438,neutral
LFLSGDCG,67,49,29,35,116,64,0.3561643835616438,neutral
IFGDNFHI,23,20,6,11,43,17,0.3561643835616438,neutral
FYCCNCSD,29,14,9,8,43,17,0.3561643835616438,neutral
RGCGCLYC,31,12,7,10,43,17,0.3561643835616438,neutral
FGYIYCCR,27,16,8,9,43,17,0.3561643835616438,neutral
LRYRYLDF,28,15,7,10,43,17,0.3561643835616438,neutral
GFDDHGIF,26,17,9,8,43,17,0.3561643835616438,neutral
LVCCNCCN,31,12,8,9,43,17,0.3561643835616438,neutral
GVIVFHNV,26,17,5,12,43,17,0.3561643835616438,neutral
DFRCDNRY,22,21,6,11,43,17,0.3561643835616438,neutral
VYNSHSYF,27,16,7,10,43,17,0.3561643835616438,neutral
LDVCSCFR,28,15,5,12,43,17,0.3561643835616438,neutral
FCHNFCDL,26,17,7,10,43,17,0.3561643835616438,neutral
DVLFSDCC,30,13,6,11,43,17,0.3561643835616438,neutral
VVCGCNCC,30,13,10,7,43,17,0.3561643835616438,neutral
CFFDCVFG,31,12,8,9,43,17,0.3561643835616438,neutral
YYRSRCVY,29,14,8,9,43,17,0.3561643835616438,neutral
SCDYFCCS,31,12,8,9,43,17,0.3561643835616438,neutral
SCGDSYYC,25,18,10,7,43,17,0.3561643835616438,neutral
FVVCHVNI,33,24,11,15,57,26,0.3563218390804598,neutral
SFDCRFCV,34,23,11,15,57,26,0.3563218390804598,neutral
IGGIVNCY,38,19,12,14,57,26,0.3563218390804598,neutral
SFIDHLVC,33,24,12,14,57,26,0.3563218390804598,neutral
VHCSCDSR,34,23,13,13,57,26,0.3563218390804598,neutral
FSINYRYR,34,23,12,14,57,26,0.3563218390804598,neutral
FVCCLSYD,35,22,12,14,57,26,0.3563218390804598,neutral
IHVYSGVL,32,25,16,10,57,26,0.3563218390804598,neutral
FHLSCFLN,38,19,8,18,57,26,0.3563218390804598,neutral
IHCCGFHG,33,24,12,14,57,26,0.3563218390804598,neutral
CVNLFNCG,43,28,14,21,71,35,0.3564356435643564,neutral
CGYDIFRG,43,28,22,13,71,35,0.3564356435643564,neutral
FGVRGCFV,43,28,18,17,71,35,0.3564356435643564,neutral
CRHFVCCY,41,30,17,18,71,35,0.3564356435643564,neutral
FFLCVSDV,44,27,13,22,71,35,0.3564356435643564,neutral
YDFCYIGI,42,29,20,15,71,35,0.3564356435643564,neutral
SDGCFFHF,40,31,22,13,71,35,0.3564356435643564,neutral
VRCDGCDF,40,31,16,19,71,35,0.3564356435643564,neutral
SCYNLNVL,43,28,14,21,71,35,0.3564356435643564,neutral
GVCDDLHL,38,33,20,15,71,35,0.3564356435643564,neutral
DCGDSGIF,43,28,16,19,71,35,0.3564356435643564,neutral
DHFICGFV,47,38,23,21,85,44,0.3565217391304348,neutral
YFNYCCGV,50,35,24,20,85,44,0.3565217391304348,neutral
VDLINFGC,45,40,27,17,85,44,0.3565217391304348,neutral
NSCYVFGL,51,34,21,23,85,44,0.3565217391304348,neutral
FCDLCSDG,52,33,21,23,85,44,0.3565217391304348,neutral
YCCRVDCN,48,37,24,20,85,44,0.3565217391304348,neutral
RVLFLDRD,47,38,26,18,85,44,0.3565217391304348,neutral
LIGCIDNV,59,40,26,27,99,53,0.35658914728682173,neutral
VCSCGDCR,58,41,22,31,99,53,0.35658914728682173,neutral
FVFYDRCS,66,47,36,26,113,62,0.35664335664335667,neutral
FILHCGDC,80,61,35,45,141,80,0.3567251461988304,neutral
VDYSFCFC,21,5,2,4,26,6,0.35714285714285715,neutral
IFFSYNDF,28,12,8,7,40,15,0.35714285714285715,neutral
CFGYGVFV,14,12,1,5,26,6,0.35714285714285715,neutral
FNHRVFVY,27,13,5,10,40,15,0.35714285714285715,neutral
IIIFDCFR,18,8,4,2,26,6,0.35714285714285715,neutral
CHVCLGRV,27,27,14,10,54,24,0.35714285714285715,neutral
FYSSFNCD,12,14,4,2,26,6,0.35714285714285715,neutral
FVLFFNGL,11,15,4,2,26,6,0.35714285714285715,neutral
FILNGCYH,31,23,12,12,54,24,0.35714285714285715,neutral
IVRCCRVF,36,18,10,14,54,24,0.35714285714285715,neutral
IDHFVVCI,29,11,12,3,40,15,0.35714285714285715,neutral
SCDFCNRF,33,21,16,8,54,24,0.35714285714285715,neutral
CICFFRFR,15,11,5,1,26,6,0.35714285714285715,neutral
GICCCIHV,19,7,3,3,26,6,0.35714285714285715,neutral
YVYCYYCV,31,23,12,12,54,24,0.35714285714285715,neutral
CCFCRLSH,12,14,2,4,26,6,0.35714285714285715,neutral
CCGCNYYC,13,13,2,4,26,6,0.35714285714285715,neutral
FYCYVHCD,36,18,9,15,54,24,0.35714285714285715,neutral
CIDCGCVI,22,18,8,7,40,15,0.35714285714285715,neutral
FFNCIDCY,68,56,35,34,124,69,0.35714285714285715,neutral
LCVLCDIY,15,11,3,3,26,6,0.35714285714285715,neutral
YNVIYVVI,13,13,1,5,26,6,0.35714285714285715,neutral
RCDSVYDC,13,13,3,3,26,6,0.35714285714285715,neutral
FGLFHDSV,28,26,9,15,54,24,0.35714285714285715,neutral
LYCGCGYV,31,23,12,12,54,24,0.35714285714285715,neutral
FRLDFCVH,18,22,10,5,40,15,0.35714285714285715,neutral
GFYSCCVR,20,6,1,5,26,6,0.35714285714285715,neutral
VRLFGCVF,28,12,8,7,40,15,0.35714285714285715,neutral
RHVSGYFV,63,47,35,25,110,60,0.35714285714285715,neutral
VHYDRNVY,29,11,10,5,40,15,0.35714285714285715,neutral
IIVGYHHC,24,16,6,9,40,15,0.35714285714285715,neutral
GCGICFLG,97,83,44,61,180,105,0.35714285714285715,neutral
YIYDDCFS,53,43,22,29,96,51,0.35714285714285715,neutral
VFCIYDHY,36,32,17,16,68,33,0.35714285714285715,neutral
CCYNFRGN,48,34,20,22,82,42,0.35714285714285715,neutral
YFCIFIFR,14,12,4,2,26,6,0.35714285714285715,neutral
VVRFGGCG,78,60,39,39,138,78,0.35714285714285715,neutral
IFLYHHRS,25,15,4,11,40,15,0.35714285714285715,neutral
CRCGFDVL,27,13,5,10,40,15,0.35714285714285715,neutral
GYLDRCFC,33,21,6,18,54,24,0.35714285714285715,neutral
YRDFDFVR,35,19,13,11,54,24,0.35714285714285715,neutral
FIFCDDYC,18,8,0,6,26,6,0.35714285714285715,neutral
CVLGYLSF,19,7,4,2,26,6,0.35714285714285715,neutral
CYDDFYIV,23,17,9,6,40,15,0.35714285714285715,neutral
YCDCRCRS,27,13,9,6,40,15,0.35714285714285715,neutral
INFFNRGV,60,50,27,33,110,60,0.35714285714285715,neutral
IRLLSVHC,25,15,7,8,40,15,0.35714285714285715,neutral
FCHCCVDR,16,10,3,3,26,6,0.35714285714285715,neutral
CYYVLDRR,34,34,14,19,68,33,0.35714285714285715,neutral
ILFGDVIR,62,62,41,28,124,69,0.35714285714285715,neutral
IFFVFGFC,19,7,1,5,26,6,0.35714285714285715,neutral
GFFYGINV,22,18,8,7,40,15,0.35714285714285715,neutral
SYYRDLNC,36,18,11,13,54,24,0.35714285714285715,neutral
FVFCHYCC,17,9,4,2,26,6,0.35714285714285715,neutral
CFCSGCCH,17,9,4,2,26,6,0.35714285714285715,neutral
FCCNRCVC,17,9,3,3,26,6,0.35714285714285715,neutral
CYDYDCVL,20,6,4,2,26,6,0.35714285714285715,neutral
FGDFNFDH,16,10,4,2,26,6,0.35714285714285715,neutral
GYYHLCDH,28,12,12,3,40,15,0.35714285714285715,neutral
DDFHNLYG,54,42,21,30,96,51,0.35714285714285715,neutral
CFSYIVGY,49,33,17,25,82,42,0.35714285714285715,neutral
FGYGGIVN,54,42,20,31,96,51,0.35714285714285715,neutral
FYSGYHIG,19,7,5,1,26,6,0.35714285714285715,neutral
VCFCHFVI,23,17,7,8,40,15,0.35714285714285715,neutral
LFCISIRS,18,8,5,1,26,6,0.35714285714285715,neutral
YFCNIDVV,24,16,6,9,40,15,0.35714285714285715,neutral
GFFCINCH,47,49,22,29,96,51,0.35714285714285715,neutral
VFSFDGLV,35,19,13,11,54,24,0.35714285714285715,neutral
SGDVCYFR,49,33,22,20,82,42,0.35714285714285715,neutral
FICGCLVI,16,10,4,2,26,6,0.35714285714285715,neutral
IFYCFDDF,23,17,9,6,40,15,0.35714285714285715,neutral
FNCGDSFC,26,14,7,8,40,15,0.35714285714285715,neutral
CYVGCVLH,49,33,20,22,82,42,0.35714285714285715,neutral
CVSIGFDI,26,28,12,12,54,24,0.35714285714285715,neutral
YVFSVVLG,15,11,2,4,26,6,0.35714285714285715,neutral
CHCYYNIC,14,12,4,2,26,6,0.35714285714285715,neutral
CCFGIFCL,15,11,3,3,26,6,0.35714285714285715,neutral
HHYNVSFR,44,38,23,19,82,42,0.35714285714285715,neutral
FYNLCNIC,46,36,19,23,82,42,0.35714285714285715,neutral
CFCLYSGD,22,4,6,0,26,6,0.35714285714285715,neutral
CLCYNFGL,25,15,7,8,40,15,0.35714285714285715,neutral
CSLDVFHI,31,23,11,13,54,24,0.35714285714285715,neutral
CDCVFCVG,18,8,2,4,26,6,0.35714285714285715,neutral
FNGGYSHD,34,20,10,14,54,24,0.35714285714285715,neutral
FGSCDCCY,32,22,12,12,54,24,0.35714285714285715,neutral
SYNFIFNC,23,17,4,11,40,15,0.35714285714285715,neutral
VNRGDLFG,91,72,48,46,163,94,0.35751295336787564,neutral
DLCFNGCG,59,48,22,36,107,58,0.35766423357664234,neutral
FDLCFYSG,53,40,21,28,93,49,0.35772357723577236,neutral
INDCCGVC,45,48,16,33,93,49,0.35772357723577236,neutral
DFHSLGCV,55,38,23,26,93,49,0.35772357723577236,neutral
FICLDFGG,47,32,16,24,79,40,0.3577981651376147,neutral
YVCLHFNS,43,36,23,17,79,40,0.3577981651376147,neutral
RFLRFVND,48,31,17,23,79,40,0.3577981651376147,neutral
CGCGRLSF,40,25,16,15,65,31,0.35789473684210527,neutral
NFGIGFFH,39,26,21,10,65,31,0.35789473684210527,neutral
LCCFGVSD,39,26,17,14,65,31,0.35789473684210527,neutral
VYISSLYY,34,31,13,18,65,31,0.35789473684210527,neutral
VYCYSIGF,33,32,10,21,65,31,0.35789473684210527,neutral
LHRSFDHR,37,28,16,15,65,31,0.35789473684210527,neutral
CFYYNVDI,37,28,18,13,65,31,0.35789473684210527,neutral
GYCCYVFS,34,17,10,12,51,22,0.35802469135802467,neutral
IFYNIIHN,27,24,9,13,51,22,0.35802469135802467,neutral
LFCNCCSD,30,21,6,16,51,22,0.35802469135802467,neutral
NFFFDVHG,34,17,8,14,51,22,0.35802469135802467,neutral
VFDLFDYV,34,17,11,11,51,22,0.35802469135802467,neutral
SGCCCCGC,30,21,15,7,51,22,0.35802469135802467,neutral
FRFGYCDL,32,19,8,14,51,22,0.35802469135802467,neutral
FNVHFHCC,34,17,11,11,51,22,0.35802469135802467,neutral
DYHVHCYG,31,20,7,15,51,22,0.35802469135802467,neutral
RHFCVYCH,30,21,9,13,51,22,0.35802469135802467,neutral
FCHSLGCV,28,23,6,16,51,22,0.35802469135802467,neutral
CLISVIGL,32,19,10,12,51,22,0.35802469135802467,neutral
YCVVNYRV,73,59,37,37,132,74,0.35802469135802467,neutral
CHFGDFCV,32,19,11,11,51,22,0.35802469135802467,neutral
YFSHVVDG,32,19,10,12,51,22,0.35802469135802467,neutral
YGCVDYRH,29,22,6,16,51,22,0.35802469135802467,neutral
IFGHCIGF,31,20,4,18,51,22,0.35802469135802467,neutral
FGGYSIFV,24,13,3,10,37,13,0.3582089552238806,neutral
YVFNLYCC,21,16,8,5,37,13,0.3582089552238806,neutral
IYIGCFGH,19,18,8,5,37,13,0.3582089552238806,neutral
FVICNGCH,23,14,8,5,37,13,0.3582089552238806,neutral
IYCGCGFI,22,15,6,7,37,13,0.3582089552238806,neutral
CCLGRVIV,23,14,8,5,37,13,0.3582089552238806,neutral
FFNCGFIY,20,17,5,8,37,13,0.3582089552238806,neutral
VIHGYLVG,23,14,8,5,37,13,0.3582089552238806,neutral
VLDRGFFS,21,16,7,6,37,13,0.3582089552238806,neutral
YVDNDRCY,21,16,6,7,37,13,0.3582089552238806,neutral
FCNVISLD,27,10,5,8,37,13,0.3582089552238806,neutral
CCRLDGCF,27,10,4,9,37,13,0.3582089552238806,neutral
LGLGVICD,22,15,9,4,37,13,0.3582089552238806,neutral
GVCCRCSR,22,15,7,6,37,13,0.3582089552238806,neutral
LYCYFYDS,60,44,29,27,104,56,0.3582089552238806,neutral
VCNGCVFC,19,18,7,6,37,13,0.3582089552238806,neutral
FIHCRCFV,25,12,6,7,37,13,0.3582089552238806,neutral
CYSSDLRL,54,50,25,31,104,56,0.3582089552238806,neutral
FIICHVDY,23,14,6,7,37,13,0.3582089552238806,neutral
HDYGNGFR,53,37,26,21,90,47,0.35833333333333334,neutral
FISCDFCF,53,37,20,27,90,47,0.35833333333333334,neutral
SYCFVNVF,40,36,16,22,76,38,0.3584905660377358,neutral
LLCFFFLR,14,9,1,3,23,4,0.3584905660377358,neutral
CYVNYYDV,14,9,3,1,23,4,0.3584905660377358,neutral
CCCGVVRV,9,14,2,2,23,4,0.3584905660377358,neutral
VCCFIVIC,12,11,1,3,23,4,0.3584905660377358,neutral
CFCFHFCG,14,9,2,2,23,4,0.3584905660377358,neutral
LCVYCVLV,15,8,1,3,23,4,0.3584905660377358,neutral
IFCFGCHL,14,9,3,1,23,4,0.3584905660377358,neutral
RCIICFVY,11,12,1,3,23,4,0.3584905660377358,neutral
NLFLIICH,14,9,1,3,23,4,0.3584905660377358,neutral
CRCYVHCG,10,13,1,3,23,4,0.3584905660377358,neutral
YFCCRIGV,47,29,14,24,76,38,0.3584905660377358,neutral
FYCGCSCS,18,5,2,2,23,4,0.3584905660377358,neutral
VFYIYYDC,14,9,3,1,23,4,0.3584905660377358,neutral
VIYYDFNF,41,35,21,17,76,38,0.3584905660377358,neutral
CFDYVRRD,47,29,19,19,76,38,0.3584905660377358,neutral
IIVFHFCG,14,9,1,3,23,4,0.3584905660377358,neutral
HCYLIVYF,12,11,3,1,23,4,0.3584905660377358,neutral
CNLCNVCC,14,9,2,2,23,4,0.3584905660377358,neutral
VCHCCHDF,18,5,2,2,23,4,0.3584905660377358,neutral
RCVCLHFG,42,34,12,26,76,38,0.3584905660377358,neutral
IVVFINVF,16,7,2,2,23,4,0.3584905660377358,neutral
YCFFIFCS,12,11,2,2,23,4,0.3584905660377358,neutral
SILVRCGF,17,6,2,2,23,4,0.3584905660377358,neutral
CVYDGSIV,15,8,2,2,23,4,0.3584905660377358,neutral
SLVCRCNG,31,45,17,21,76,38,0.3584905660377358,neutral
YFCFIFVV,14,9,3,1,23,4,0.3584905660377358,neutral
CFFCFILC,14,9,2,2,23,4,0.3584905660377358,neutral
GCDDCCFL,47,29,18,20,76,38,0.3584905660377358,neutral
CNHLCFVC,16,7,1,3,23,4,0.3584905660377358,neutral
GHSCCYGG,65,50,28,35,115,63,0.3586206896551724,neutral
GVHCGCRF,66,49,41,22,115,63,0.3586206896551724,neutral
FYNSIHVG,34,28,14,15,62,29,0.358695652173913,neutral
NNVICGCY,40,22,14,15,62,29,0.358695652173913,neutral
CGFCSIVC,36,26,14,15,62,29,0.358695652173913,neutral
VICCLSGF,38,24,14,15,62,29,0.358695652173913,neutral
GYGRCIFI,39,23,20,9,62,29,0.358695652173913,neutral
FIYSVGCG,38,24,14,15,62,29,0.358695652173913,neutral
RIYRIGDH,38,24,13,16,62,29,0.358695652173913,neutral
YLFIRDDD,34,28,12,17,62,29,0.358695652173913,neutral
RIIGDFVY,38,24,11,18,62,29,0.358695652173913,neutral
IDFSCRDY,40,22,15,14,62,29,0.358695652173913,neutral
GYCYLFDG,35,27,13,16,62,29,0.358695652173913,neutral
RCLSRCCV,59,42,18,36,101,54,0.35877862595419846,neutral
LGVCVNLL,57,44,26,28,101,54,0.35877862595419846,neutral
IYFDCVDD,51,36,25,20,87,45,0.358974358974359,neutral
CHLCGCDV,31,17,13,7,48,20,0.358974358974359,neutral
YFNYVVGC,30,18,10,10,48,20,0.358974358974359,neutral
IHHIVDIY,29,19,12,8,48,20,0.358974358974359,neutral
FHFCLNYY,30,18,10,10,48,20,0.358974358974359,neutral
LYFGCVCH,32,16,7,13,48,20,0.358974358974359,neutral
CFRRISVY,33,15,13,7,48,20,0.358974358974359,neutral
HNCYHYVF,27,21,11,9,48,20,0.358974358974359,neutral
VYDGIFRF,33,15,5,15,48,20,0.358974358974359,neutral
RDYFCNVV,30,18,8,12,48,20,0.358974358974359,neutral
FFCFISDC,27,21,5,15,48,20,0.358974358974359,neutral
FGHCCCDH,26,22,6,14,48,20,0.358974358974359,neutral
IGCDVGDF,30,18,12,8,48,20,0.358974358974359,neutral
LCSLYSSY,30,18,13,7,48,20,0.358974358974359,neutral
FFDCFSCF,31,17,8,12,48,20,0.358974358974359,neutral
VIFGVFYC,27,21,10,10,48,20,0.358974358974359,neutral
LDIRGNCF,28,20,5,15,48,20,0.358974358974359,neutral
VDFGYGRC,33,15,12,8,48,20,0.358974358974359,neutral
CDCGCVLL,53,34,22,23,87,45,0.358974358974359,neutral
FFLNRILV,30,18,9,11,48,20,0.358974358974359,neutral
LDYINNGC,62,50,30,31,112,61,0.3591549295774648,neutral
GLHSHFDD,59,53,22,39,112,61,0.3591549295774648,neutral
FGCVDCLN,46,27,16,20,73,36,0.3592233009708738,neutral
VSGCCGYV,44,29,13,23,73,36,0.3592233009708738,neutral
CFCISSCD,46,27,20,16,73,36,0.3592233009708738,neutral
RFIRCISL,44,29,20,16,73,36,0.3592233009708738,neutral
YCIGGDGI,41,32,15,21,73,36,0.3592233009708738,neutral
CYRSRGVF,46,27,19,17,73,36,0.3592233009708738,neutral
DFFSVVHN,24,10,6,5,34,11,0.359375,neutral
HFYYSHSY,21,13,3,8,34,11,0.359375,neutral
FFCCFHDI,24,10,6,5,34,11,0.359375,neutral
RSYHDGYC,26,8,8,3,34,11,0.359375,neutral
LFGYFCYV,19,15,7,4,34,11,0.359375,neutral
CCLFDYVY,23,11,6,5,34,11,0.359375,neutral
HVFNDFDI,25,9,8,3,34,11,0.359375,neutral
CFFCGSHF,21,13,6,5,34,11,0.359375,neutral
IDNSRFFR,25,9,5,6,34,11,0.359375,neutral
IFCCCCNF,21,13,3,8,34,11,0.359375,neutral
CCFGNLCL,22,12,6,5,34,11,0.359375,neutral
FNVFDVRI,57,41,27,25,98,52,0.359375,neutral
CYVRFGCL,54,44,19,33,98,52,0.359375,neutral
VCHVILCG,19,15,7,4,34,11,0.359375,neutral
FISIDISN,19,15,6,5,34,11,0.359375,neutral
CFYRNFVS,21,13,8,3,34,11,0.359375,neutral
NCYLCYHD,22,12,6,5,34,11,0.359375,neutral
FGVYCFLD,20,14,6,5,34,11,0.359375,neutral
SCCYHFVG,70,53,31,37,123,68,0.35947712418300654,neutral
ICCSYVYV,36,23,12,15,59,27,0.3595505617977528,neutral
FFDILFNG,37,22,17,10,59,27,0.3595505617977528,neutral
YFFIDVFG,79,69,41,43,148,84,0.3595505617977528,neutral
YCFCNIDF,31,28,13,14,59,27,0.3595505617977528,neutral
FYCHINCH,36,23,13,14,59,27,0.3595505617977528,neutral
VFGVFSSI,28,31,13,14,59,27,0.3595505617977528,neutral
VDCHIHFV,35,24,11,16,59,27,0.3595505617977528,neutral
CFVLDVYD,36,23,10,17,59,27,0.3595505617977528,neutral
YSIVGVFC,34,25,11,16,59,27,0.3595505617977528,neutral
YFGCFSDC,35,24,11,16,59,27,0.3595505617977528,neutral
GYRYDCVG,50,34,16,27,84,43,0.35964912280701755,neutral
CNLFNNVV,51,33,18,25,84,43,0.35964912280701755,neutral
ICFSLGCD,51,33,14,29,84,43,0.35964912280701755,neutral
YIYCCFDS,51,33,21,22,84,43,0.35964912280701755,neutral
RFFIDCLS,46,38,17,26,84,43,0.35964912280701755,neutral
CDFSCYVI,50,34,20,23,84,43,0.35964912280701755,neutral
LLNVFCGH,64,45,24,35,109,59,0.3597122302158273,neutral
IGDFYSYG,28,17,8,10,45,18,0.36,neutral
FGFGVDGC,23,22,8,10,45,18,0.36,neutral
FYCCCILF,12,8,1,1,20,2,0.36,neutral
CCCHRGRI,30,15,8,10,45,18,0.36,neutral
CYFRLFVR,16,4,2,0,20,2,0.36,neutral
IGFFCFCV,14,6,1,1,20,2,0.36,neutral
GVFFCGCV,30,15,6,12,45,18,0.36,neutral
VYYNLCDV,12,8,1,1,20,2,0.36,neutral
GFYLYIVH,17,3,0,2,20,2,0.36,neutral
LILGIVGF,12,8,2,0,20,2,0.36,neutral
FFCCFYFL,15,5,1,1,20,2,0.36,neutral
LCIIDDFV,25,20,6,12,45,18,0.36,neutral
VFFHFGVY,11,9,0,2,20,2,0.36,neutral
FVGCDFDR,31,14,10,8,45,18,0.36,neutral
VCVLICVH,10,10,1,1,20,2,0.36,neutral
YYIFGIIR,12,8,2,0,20,2,0.36,neutral
NVRCIFVV,12,8,1,1,20,2,0.36,neutral
CGYSCVFR,5,15,0,2,20,2,0.36,neutral
VVRYSFYG,36,34,22,12,70,34,0.36,neutral
CCYGYCHL,13,7,1,1,20,2,0.36,neutral
IILFCIFF,14,6,0,2,20,2,0.36,neutral
HCSVHNLF,26,19,10,8,45,18,0.36,neutral
IFVYLYLS,13,7,0,2,20,2,0.36,neutral
HCYCYFDV,30,15,5,13,45,18,0.36,neutral
LYLRNCLV,41,29,18,16,70,34,0.36,neutral
LYFCRCYR,29,16,10,8,45,18,0.36,neutral
IFSCCRLV,29,16,6,12,45,18,0.36,neutral
IYLICCCL,16,4,0,2,20,2,0.36,neutral
CFYYLFFG,12,8,1,1,20,2,0.36,neutral
IFVCFSFL,10,10,1,1,20,2,0.36,neutral
FFCYFCFV,14,6,1,1,20,2,0.36,neutral
HFDYNCSY,14,6,1,1,20,2,0.36,neutral
ILLFILYV,11,9,2,0,20,2,0.36,neutral
FYFFVVYY,9,11,2,0,20,2,0.36,neutral
FFFGILIH,9,11,0,2,20,2,0.36,neutral
DVLHYCDY,13,7,2,0,20,2,0.36,neutral
IYFIHLCI,16,4,1,1,20,2,0.36,neutral
VVCSCIDN,44,26,14,20,70,34,0.36,neutral
IVIYNCLF,12,8,2,0,20,2,0.36,neutral
YCSFHFYL,11,9,0,2,20,2,0.36,neutral
FIVFRIHC,18,2,0,2,20,2,0.36,neutral
SCSINFDD,30,15,7,11,45,18,0.36,neutral
SFGYLGGG,44,26,15,19,70,34,0.36,neutral
CSIYCRFF,16,4,2,0,20,2,0.36,neutral
CFFDFFVC,29,16,12,6,45,18,0.36,neutral
CCVLVFGS,30,15,8,10,45,18,0.36,neutral
HCYFFVVV,12,8,0,2,20,2,0.36,neutral
CCVGVCSF,31,14,10,8,45,18,0.36,neutral
FFGFCVLF,18,2,1,1,20,2,0.36,neutral
IVVCFIGD,9,11,0,2,20,2,0.36,neutral
CCNRCICF,10,10,1,1,20,2,0.36,neutral
NCCLFYRC,25,20,10,8,45,18,0.36,neutral
FNVVFYSL,9,11,1,1,20,2,0.36,neutral
CYLCLSII,16,4,1,1,20,2,0.36,neutral
CVICCVFR,24,21,5,13,45,18,0.36,neutral
CIRGFCVC,22,23,8,10,45,18,0.36,neutral
VVCYVSVV,25,20,8,10,45,18,0.36,neutral
VYLVHRCL,29,16,10,8,45,18,0.36,neutral
FCFCIIRC,13,7,2,0,20,2,0.36,neutral
LNIDFGYF,11,9,1,1,20,2,0.36,neutral
SIDDLIHI,66,54,28,38,120,66,0.36,neutral
CGFVCDGL,40,30,16,18,70,34,0.36,neutral
LYFCGVLY,14,6,1,1,20,2,0.36,neutral
GYGCYNCH,38,32,22,12,70,34,0.36,neutral
CDDFCVSC,42,28,14,20,70,34,0.36,neutral
CGVCYVGF,40,30,15,19,70,34,0.36,neutral
VLLLFCCD,15,5,1,1,20,2,0.36,neutral
FYFVYFVL,10,10,0,2,20,2,0.36,neutral
FFFFNRCV,18,2,1,1,20,2,0.36,neutral
LDSFVCLD,44,26,15,19,70,34,0.36,neutral
IFHICIVC,14,6,1,1,20,2,0.36,neutral
VICIRYVR,13,7,0,2,20,2,0.36,neutral
FFFLFVIH,11,9,1,1,20,2,0.36,neutral
IHFCGSCN,112,94,52,69,206,121,0.3601694915254237,neutral
DFGYCLGV,72,59,31,42,131,73,0.36024844720496896,neutral
YYVCCSSG,55,51,30,27,106,57,0.3602941176470588,neutral
SIYVSCRC,61,45,38,19,106,57,0.3602941176470588,neutral
DLDCSLCC,46,35,27,14,81,41,0.36036036036036034,neutral
CVCFCHID,50,31,14,27,81,41,0.36036036036036034,neutral
CVLFCCND,47,34,12,29,81,41,0.36036036036036034,neutral
FICCHGGN,45,36,18,23,81,41,0.36036036036036034,neutral
LYVGYFCN,33,23,10,15,56,25,0.36046511627906974,neutral
VLLCNVHF,37,19,8,17,56,25,0.36046511627906974,neutral
VCCCSVFH,30,26,14,11,56,25,0.36046511627906974,neutral
FHFCFCSV,35,21,11,14,56,25,0.36046511627906974,neutral
FLGIHGFL,36,20,17,8,56,25,0.36046511627906974,neutral
RCCHYYIR,37,19,10,15,56,25,0.36046511627906974,neutral
FVFSIGCL,32,24,9,16,56,25,0.36046511627906974,neutral
DFVCGCVD,34,22,12,13,56,25,0.36046511627906974,neutral
ICGINHFF,34,22,16,9,56,25,0.36046511627906974,neutral
HVGDFIGC,33,23,13,12,56,25,0.36046511627906974,neutral
GSVLDSYC,33,23,11,14,56,25,0.36046511627906974,neutral
CYIICNVH,23,8,5,4,31,9,0.36065573770491804,neutral
FGIILLLH,24,7,3,6,31,9,0.36065573770491804,neutral
CCGFFCFI,17,14,7,2,31,9,0.36065573770491804,neutral
LCVNFIYC,25,6,6,3,31,9,0.36065573770491804,neutral
CFGIFFFR,22,9,6,3,31,9,0.36065573770491804,neutral
NLHCFYDR,20,11,3,6,31,9,0.36065573770491804,neutral
GFYCVGGG,55,37,27,21,92,48,0.36065573770491804,neutral
YVLCLCGG,17,14,3,6,31,9,0.36065573770491804,neutral
LNCCGVCH,16,15,2,7,31,9,0.36065573770491804,neutral
NGFCFYCR,21,10,4,5,31,9,0.36065573770491804,neutral
GFLCGLGY,51,41,19,29,92,48,0.36065573770491804,neutral
FFCCDYSD,22,9,3,6,31,9,0.36065573770491804,neutral
CGFYFFHL,15,16,3,6,31,9,0.36065573770491804,neutral
GCFFCSDL,13,18,5,4,31,9,0.36065573770491804,neutral
FGNYFCHY,21,10,5,4,31,9,0.36065573770491804,neutral
HFHRHFFN,23,8,3,6,31,9,0.36065573770491804,neutral
CIFCLRDY,16,15,1,8,31,9,0.36065573770491804,neutral
CSFINYVF,19,12,6,3,31,9,0.36065573770491804,neutral
RFVCRCVV,44,48,24,24,92,48,0.36065573770491804,neutral
YFNGVICV,20,11,3,6,31,9,0.36065573770491804,neutral
SRCRYGFN,16,15,6,3,31,9,0.36065573770491804,neutral
CLHFYGSV,19,12,4,5,31,9,0.36065573770491804,neutral
FLNFDNGL,24,7,4,5,31,9,0.36065573770491804,neutral
FYYIFFFF,23,8,4,5,31,9,0.36065573770491804,neutral
ICHHYLLC,20,11,6,3,31,9,0.36065573770491804,neutral
FINHYFRV,42,25,13,19,67,32,0.36082474226804123,neutral
FSCNGHCV,43,24,20,12,67,32,0.36082474226804123,neutral
FGCVFCDF,39,28,15,17,67,32,0.36082474226804123,neutral
GHFLVCCR,39,28,12,20,67,32,0.36082474226804123,neutral
CVGSGFYH,40,27,20,12,67,32,0.36082474226804123,neutral
CIFDCFYS,41,26,15,17,67,32,0.36082474226804123,neutral
DHFFGDFF,36,31,14,18,67,32,0.36082474226804123,neutral
FSGDFGFR,61,42,28,27,103,55,0.3609022556390977,neutral
CCIFGNHR,58,45,30,25,103,55,0.3609022556390977,neutral
DCCVCVHG,43,35,17,22,78,39,0.3611111111111111,neutral
CCLFDYDD,27,15,7,9,42,16,0.3611111111111111,neutral
FCICCVCG,29,13,6,10,42,16,0.3611111111111111,neutral
DCVIYCSC,40,38,21,18,78,39,0.3611111111111111,neutral
CSSVIRDY,26,16,9,7,42,16,0.3611111111111111,neutral
LCHCGCRV,25,17,5,11,42,16,0.3611111111111111,neutral
FGGICCIC,29,13,7,9,42,16,0.3611111111111111,neutral
GYDLCCVR,64,50,27,35,114,62,0.3611111111111111,neutral
FYRVCICH,24,18,4,12,42,16,0.3611111111111111,neutral
HFRCGCVR,45,33,18,21,78,39,0.3611111111111111,neutral
FLRCCYYH,28,14,7,9,42,16,0.3611111111111111,neutral
VDLRFCVR,26,16,9,7,42,16,0.3611111111111111,neutral
CIDDGVYY,24,18,9,7,42,16,0.3611111111111111,neutral
FLCFGCVR,25,17,9,7,42,16,0.3611111111111111,neutral
NCNYGRGG,30,12,11,5,42,16,0.3611111111111111,neutral
FYDSLRCH,26,16,8,8,42,16,0.3611111111111111,neutral
RHYLRLLV,48,30,23,16,78,39,0.3611111111111111,neutral
FFLCDGLG,24,18,7,9,42,16,0.3611111111111111,neutral
CFDCIIRI,27,15,9,7,42,16,0.3611111111111111,neutral
VIFRYCFH,27,15,8,8,42,16,0.3611111111111111,neutral
CIGLFYCG,47,31,18,21,78,39,0.3611111111111111,neutral
VVHFFCCV,30,12,9,7,42,16,0.3611111111111111,neutral
HYCLCRYV,22,20,5,11,42,16,0.3611111111111111,neutral
HCNCFHYS,26,16,9,7,42,16,0.3611111111111111,neutral
DCCSDFFC,22,20,4,12,42,16,0.3611111111111111,neutral
FYYFCGNG,52,37,24,22,89,46,0.36134453781512604,neutral
HICGFFYC,53,36,26,20,89,46,0.36134453781512604,neutral
FLFFYNNC,32,21,8,15,53,23,0.3614457831325301,neutral
FCRIHCVH,29,24,9,14,53,23,0.3614457831325301,neutral
FDCGLLSC,29,24,9,14,53,23,0.3614457831325301,neutral
FFVDFLVG,29,24,13,10,53,23,0.3614457831325301,neutral
VVCGHDYD,34,19,12,11,53,23,0.3614457831325301,neutral
CFFRNGIF,31,22,13,10,53,23,0.3614457831325301,neutral
CVCDCYNI,28,25,16,7,53,23,0.3614457831325301,neutral
VRLHRFVY,33,20,10,13,53,23,0.3614457831325301,neutral
FFVNHDIH,32,21,15,8,53,23,0.3614457831325301,neutral
CLYGLFVG,31,22,13,10,53,23,0.3614457831325301,neutral
RCYLLGSC,30,23,9,14,53,23,0.3614457831325301,neutral
LGHCSCGC,57,43,24,29,100,53,0.36153846153846153,neutral
NFVIGIRV,54,46,21,32,100,53,0.36153846153846153,neutral
GGYLYGNG,57,43,23,30,100,53,0.36153846153846153,neutral
FDVIFVSI,59,41,23,30,100,53,0.36153846153846153,neutral
GYLYIRNL,58,42,27,26,100,53,0.36153846153846153,neutral
FFFYVCVF,7,10,0,0,17,0,0.3617021276595745,neutral
CDFCSVYS,40,24,12,18,64,30,0.3617021276595745,neutral
VCLSVIVF,12,5,0,0,17,0,0.3617021276595745,neutral
IIGISDYR,38,26,14,16,64,30,0.3617021276595745,neutral
VYVVFNLD,9,8,0,0,17,0,0.3617021276595745,neutral
SYYYFSNY,3,14,0,0,17,0,0.3617021276595745,neutral
ILFRVHLV,13,4,0,0,17,0,0.3617021276595745,neutral
VLFIFFYI,14,3,0,0,17,0,0.3617021276595745,neutral
FFIVVYLI,10,7,0,0,17,0,0.3617021276595745,neutral
FIFYCFCI,9,8,0,0,17,0,0.3617021276595745,neutral
YGFRCIVC,31,33,16,14,64,30,0.3617021276595745,neutral
FFVCLRLS,8,9,0,0,17,0,0.3617021276595745,neutral
NCCCFFGV,14,3,0,0,17,0,0.3617021276595745,neutral
CFFCFIGF,10,7,0,0,17,0,0.3617021276595745,neutral
CNCGYVIC,32,32,13,17,64,30,0.3617021276595745,neutral
IYFCFYIC,10,7,0,0,17,0,0.3617021276595745,neutral
SYVICCLR,11,6,0,0,17,0,0.3617021276595745,neutral
GIGFYVFI,12,5,0,0,17,0,0.3617021276595745,neutral
FFVHVHGI,41,23,18,12,64,30,0.3617021276595745,neutral
FLFFFFVL,11,6,0,0,17,0,0.3617021276595745,neutral
FFFLIIGV,7,10,0,0,17,0,0.3617021276595745,neutral
FFLCYCYI,8,9,0,0,17,0,0.3617021276595745,neutral
FLFYICVC,13,4,0,0,17,0,0.3617021276595745,neutral
VVIRLILV,14,3,0,0,17,0,0.3617021276595745,neutral
ICVCFIRS,11,6,0,0,17,0,0.3617021276595745,neutral
FVIIHLCF,12,5,0,0,17,0,0.3617021276595745,neutral
HYFICFCG,11,6,0,0,17,0,0.3617021276595745,neutral
FHFLFYFL,13,4,0,0,17,0,0.3617021276595745,neutral
GFYYFVIG,13,4,0,0,17,0,0.3617021276595745,neutral
FGYFILSF,10,7,0,0,17,0,0.3617021276595745,neutral
VCCIVSFV,12,5,0,0,17,0,0.3617021276595745,neutral
IFRVCICC,9,8,0,0,17,0,0.3617021276595745,neutral
SFSFVVCL,11,6,0,0,17,0,0.3617021276595745,neutral
FNNFDCVR,40,24,15,15,64,30,0.3617021276595745,neutral
FCFCVFCN,11,6,0,0,17,0,0.3617021276595745,neutral
CFLFFFIF,10,7,0,0,17,0,0.3617021276595745,neutral
FFVCGFLF,10,7,0,0,17,0,0.3617021276595745,neutral
FFFVCGII,11,6,0,0,17,0,0.3617021276595745,neutral
FFFFVSGV,2,15,0,0,17,0,0.3617021276595745,neutral
SFIYVFSF,10,7,0,0,17,0,0.3617021276595745,neutral
FICYFYFY,11,6,0,0,17,0,0.3617021276595745,neutral
FFYGFCRF,9,8,0,0,17,0,0.3617021276595745,neutral
GSYFIGCN,40,24,12,18,64,30,0.3617021276595745,neutral
FFLSVRFY,9,8,0,0,17,0,0.3617021276595745,neutral
CFHLRFRF,12,5,0,0,17,0,0.3617021276595745,neutral
CIYFVFLY,10,7,0,0,17,0,0.3617021276595745,neutral
LFSFGYSD,41,23,17,13,64,30,0.3617021276595745,neutral
RFYLISCC,9,8,0,0,17,0,0.3617021276595745,neutral
FLSFFFLF,9,8,0,0,17,0,0.3617021276595745,neutral
LDCRFCLV,67,55,35,32,122,67,0.3618421052631579,neutral
CYVCSSGG,45,30,16,21,75,37,0.3619047619047619,neutral
SFGVCGFC,39,36,18,19,75,37,0.3619047619047619,neutral
FRILSIDC,47,28,23,14,75,37,0.3619047619047619,neutral
FYYFFSLG,21,7,3,4,28,7,0.3620689655172414,neutral
SVVCYLRV,20,8,6,1,28,7,0.3620689655172414,neutral
SVVYNCGI,19,9,4,3,28,7,0.3620689655172414,neutral
FFVCVFVC,20,8,4,3,28,7,0.3620689655172414,neutral
FCGYSCNV,15,13,4,3,28,7,0.3620689655172414,neutral
FCCCCFFL,21,7,3,4,28,7,0.3620689655172414,neutral
SFDYCRHR,14,14,3,4,28,7,0.3620689655172414,neutral
SSNYGVYR,22,6,5,2,28,7,0.3620689655172414,neutral
DVCCGCCN,52,34,22,22,86,44,0.3620689655172414,neutral
IFCCHNCL,15,13,7,0,28,7,0.3620689655172414,neutral
FRFSHFSH,51,35,24,20,86,44,0.3620689655172414,neutral
FDYFCCCF,13,15,1,6,28,7,0.3620689655172414,neutral
INYDRCRY,20,8,3,4,28,7,0.3620689655172414,neutral
CICRVIIN,16,12,3,4,28,7,0.3620689655172414,neutral
VFLGFCFV,15,13,3,4,28,7,0.3620689655172414,neutral
RFYFCYFD,19,9,4,3,28,7,0.3620689655172414,neutral
CIFCYVYV,19,9,1,6,28,7,0.3620689655172414,neutral
YCLDVGLR,20,8,4,3,28,7,0.3620689655172414,neutral
FCYCSGDH,49,37,21,23,86,44,0.3620689655172414,neutral
LFGVFCRC,23,5,5,2,28,7,0.3620689655172414,neutral
FVFNDVFY,17,11,0,7,28,7,0.3620689655172414,neutral
ILSVCCFL,12,16,3,4,28,7,0.3620689655172414,neutral
LFRCCDRC,19,9,5,2,28,7,0.3620689655172414,neutral
YCIHVGRL,16,12,4,3,28,7,0.3620689655172414,neutral
NDICVCLL,19,9,4,3,28,7,0.3620689655172414,neutral
FYCFLGCH,15,13,4,3,28,7,0.3620689655172414,neutral
YFCHFDSD,22,6,3,4,28,7,0.3620689655172414,neutral
VSYCFHFS,51,35,21,23,86,44,0.3620689655172414,neutral
FVCYDLFY,22,6,4,3,28,7,0.3620689655172414,neutral
FFNSSYFG,18,10,3,4,28,7,0.3620689655172414,neutral
CLLCISYD,19,9,6,1,28,7,0.3620689655172414,neutral
LCDFFYVL,19,9,3,4,28,7,0.3620689655172414,neutral
SSYVLRLD,87,68,53,35,155,88,0.3621621621621622,neutral
FHLVFGSG,81,74,37,51,155,88,0.3621621621621622,neutral
VCVCYVGD,56,41,22,29,97,51,0.36220472440944884,neutral
CFYGRNCC,20,19,3,11,39,14,0.36231884057971014,neutral
YFNGDIGF,29,10,8,6,39,14,0.36231884057971014,neutral
CYCRFFRD,22,17,7,7,39,14,0.36231884057971014,neutral
FIDGGFGD,19,20,5,9,39,14,0.36231884057971014,neutral
DCFCNFCH,27,12,4,10,39,14,0.36231884057971014,neutral
FSIDNCCV,25,14,7,7,39,14,0.36231884057971014,neutral
LISCHFYH,25,14,6,8,39,14,0.36231884057971014,neutral
FCLDCCCH,25,14,7,7,39,14,0.36231884057971014,neutral
IFSVFCFC,25,14,6,8,39,14,0.36231884057971014,neutral
FFDLRCRD,22,17,4,10,39,14,0.36231884057971014,neutral
DFRYVVGL,28,11,6,8,39,14,0.36231884057971014,neutral
LGYCIDHG,29,10,6,8,39,14,0.36231884057971014,neutral
FFVVGYCH,24,15,6,8,39,14,0.36231884057971014,neutral
FFDVLDDD,21,18,7,7,39,14,0.36231884057971014,neutral
SIHNFCCV,25,14,9,5,39,14,0.36231884057971014,neutral
FYCFLCDN,21,18,7,7,39,14,0.36231884057971014,neutral
FVFCFFDD,25,14,8,6,39,14,0.36231884057971014,neutral
FSFSYYCR,25,14,9,5,39,14,0.36231884057971014,neutral
VFFFGVSG,27,12,6,8,39,14,0.36231884057971014,neutral
LFGSCSDD,66,53,29,36,119,65,0.3624161073825503,neutral
CCCIDDVF,68,51,27,38,119,65,0.3624161073825503,neutral
CYHCGRGH,32,18,7,14,50,21,0.3625,neutral
GYVCVDYY,28,22,9,12,50,21,0.3625,neutral
FSLICRGC,27,23,7,14,50,21,0.3625,neutral
LVSGLRFV,30,20,11,10,50,21,0.3625,neutral
DNFYCYCV,27,23,9,12,50,21,0.3625,neutral
CDDRYYCC,29,21,11,10,50,21,0.3625,neutral
CCCHCCSS,28,22,14,7,50,21,0.3625,neutral
GFYCDYCI,26,24,7,14,50,21,0.3625,neutral
SYSHVRIY,33,17,7,14,50,21,0.3625,neutral
SDHIFYCC,30,20,14,7,50,21,0.3625,neutral
FGCCVVDF,32,18,8,13,50,21,0.3625,neutral
SNFCLHVI,34,16,9,12,50,21,0.3625,neutral
VYYRDCGY,31,19,11,10,50,21,0.3625,neutral
VYDFLFGC,30,20,10,11,50,21,0.3625,neutral
FVGSIFYH,34,16,13,8,50,21,0.3625,neutral
CGVRCLLS,26,24,10,11,50,21,0.3625,neutral
CGCSYRLY,30,20,6,15,50,21,0.3625,neutral
IFYCIDNS,39,22,13,15,61,28,0.3626373626373626,neutral
YVLCDGRF,40,21,16,12,61,28,0.3626373626373626,neutral
FNSYGIFH,34,27,11,17,61,28,0.3626373626373626,neutral
VNLRVCFS,38,23,13,15,61,28,0.3626373626373626,neutral
VYVYHVHH,40,21,14,14,61,28,0.3626373626373626,neutral
FIHFVHGY,37,24,8,20,61,28,0.3626373626373626,neutral
VNLYCCVL,35,26,19,9,61,28,0.3626373626373626,neutral
VFCCCDID,39,22,14,14,61,28,0.3626373626373626,neutral
FSFCVDCC,36,25,13,15,61,28,0.3626373626373626,neutral
YCLCIYYD,39,22,12,16,61,28,0.3626373626373626,neutral
YCFGIHRL,38,23,14,14,61,28,0.3626373626373626,neutral
CCGRVYLI,39,22,15,13,61,28,0.3626373626373626,neutral
FYVRGIIC,38,23,13,15,61,28,0.3626373626373626,neutral
CIHHCNVC,34,27,12,16,61,28,0.3626373626373626,neutral
IFHVDNIH,36,25,13,15,61,28,0.3626373626373626,neutral
HCFINCYC,38,23,14,14,61,28,0.3626373626373626,neutral
CFRGDFVR,36,25,13,15,61,28,0.3626373626373626,neutral
FVCCDSCI,30,31,17,11,61,28,0.3626373626373626,neutral
CRFCNVVR,33,28,14,14,61,28,0.3626373626373626,neutral
FCHFGLCL,32,29,13,15,61,28,0.3626373626373626,neutral
CVVCDCRF,41,31,16,19,72,35,0.3627450980392157,neutral
CFGCCVYD,40,32,15,20,72,35,0.3627450980392157,neutral
FDLYCRRN,45,27,17,18,72,35,0.3627450980392157,neutral
CYVRRNFI,42,30,14,21,72,35,0.3627450980392157,neutral
FNCLLGCD,44,28,13,22,72,35,0.3627450980392157,neutral
VLLCNSCL,44,28,17,18,72,35,0.3627450980392157,neutral
RYCVRCFG,44,39,18,24,83,42,0.36283185840707965,neutral
DCVYYYIH,51,32,17,25,83,42,0.36283185840707965,neutral
LRDYDGCI,50,33,21,21,83,42,0.36283185840707965,neutral
CCDIRVCV,51,32,13,29,83,42,0.36283185840707965,neutral
YYCIDFVH,54,40,22,27,94,49,0.3629032258064516,neutral
INVNYFVL,54,40,26,23,94,49,0.3629032258064516,neutral
HDFGFGYS,56,38,21,28,94,49,0.3629032258064516,neutral
RYCSHCHV,62,43,29,27,105,56,0.362962962962963,neutral
CIYSNICV,64,52,27,36,116,63,0.363013698630137,neutral
FFDSLYFG,74,64,37,40,138,77,0.3630952380952381,neutral
VGFGDFFG,78,60,38,39,138,77,0.3630952380952381,neutral
CFRGDCGY,84,65,41,43,149,84,0.36312849162011174,neutral
FVCFIYGC,15,10,3,2,25,5,0.36363636363636365,neutral
FYRYYDIV,21,15,6,6,36,12,0.36363636363636365,neutral
FFIVYHYG,19,17,3,9,36,12,0.36363636363636365,neutral
CFHIYHLF,17,8,3,2,25,5,0.36363636363636365,neutral
FCYCYCDC,21,15,5,7,36,12,0.36363636363636365,neutral
GIFIRCCG,35,23,16,10,58,26,0.36363636363636365,neutral
IFYSFCCF,16,9,3,2,25,5,0.36363636363636365,neutral
HCCYHNFY,20,5,1,4,25,5,0.36363636363636365,neutral
CSVVCCRH,25,11,7,5,36,12,0.36363636363636365,neutral
VVFCYYCG,17,8,0,5,25,5,0.36363636363636365,neutral
CGRYSFHR,38,20,12,14,58,26,0.36363636363636365,neutral
GFICYFNG,23,13,5,7,36,12,0.36363636363636365,neutral
FFLCYISV,17,8,3,2,25,5,0.36363636363636365,neutral
SVFCCLNN,47,33,18,22,80,40,0.36363636363636365,neutral
VLCIFLLS,20,5,2,3,25,5,0.36363636363636365,neutral
CCFYNFGV,44,25,13,20,69,33,0.36363636363636365,neutral
CIFHFDIY,16,9,3,2,25,5,0.36363636363636365,neutral
FFDSRYDV,19,6,4,1,25,5,0.36363636363636365,neutral
IRYLCYGY,40,29,14,19,69,33,0.36363636363636365,neutral
RYVLRCFV,25,22,9,10,47,19,0.36363636363636365,neutral
HIYIVYRR,19,6,1,4,25,5,0.36363636363636365,neutral
FFNCFSFG,44,25,18,15,69,33,0.36363636363636365,neutral
VGLCLFYV,16,9,2,3,25,5,0.36363636363636365,neutral
SYCVFCFD,23,13,8,4,36,12,0.36363636363636365,neutral
CLRYCLYL,14,11,3,2,25,5,0.36363636363636365,neutral
RYRVNCFV,15,10,1,4,25,5,0.36363636363636365,neutral
YVIFCVLY,17,8,2,3,25,5,0.36363636363636365,neutral
YFVGCSFS,58,44,23,31,102,54,0.36363636363636365,neutral
DFCSCHGN,28,19,9,10,47,19,0.36363636363636365,neutral
FLGCLRGY,18,18,6,6,36,12,0.36363636363636365,neutral
GNGLFVCY,35,23,7,19,58,26,0.36363636363636365,neutral
LYCSRYNH,34,24,6,20,58,26,0.36363636363636365,neutral
CYGCRVCH,21,15,10,2,36,12,0.36363636363636365,neutral
CFCCCCIR,13,12,3,2,25,5,0.36363636363636365,neutral
GVCFRYIR,60,53,25,36,113,61,0.36363636363636365,neutral
RCCGFYIL,17,8,2,3,25,5,0.36363636363636365,neutral
IFVCFNGY,29,18,9,10,47,19,0.36363636363636365,neutral
CIDYGFCY,55,36,18,29,91,47,0.36363636363636365,neutral
YCVCGVRI,44,25,18,15,69,33,0.36363636363636365,neutral
FLCFSSFV,40,29,18,15,69,33,0.36363636363636365,neutral
SGFYGCGV,15,10,4,1,25,5,0.36363636363636365,neutral
FLDCNCYC,23,13,6,6,36,12,0.36363636363636365,neutral
FSFIYGYF,34,24,10,16,58,26,0.36363636363636365,neutral
YGRFDIHR,38,20,12,14,58,26,0.36363636363636365,neutral
ICYGGIRD,35,23,9,17,58,26,0.36363636363636365,neutral
LHNDCNYL,17,8,3,2,25,5,0.36363636363636365,neutral
VDHDCYLI,59,43,28,26,102,54,0.36363636363636365,neutral
GSHNFYSC,23,13,5,7,36,12,0.36363636363636365,neutral
FCYYIGVY,18,7,2,3,25,5,0.36363636363636365,neutral
CNFCFFCV,17,8,4,1,25,5,0.36363636363636365,neutral
GLHHGYFI,18,18,5,7,36,12,0.36363636363636365,neutral
IFSFCVID,43,26,15,18,69,33,0.36363636363636365,neutral
HCSFCINV,25,11,6,6,36,12,0.36363636363636365,neutral
YDYHRYFH,14,11,4,1,25,5,0.36363636363636365,neutral
IVNCVVLV,41,28,21,12,69,33,0.36363636363636365,neutral
GSLYGFFC,28,19,9,10,47,19,0.36363636363636365,neutral
CCCFRICH,20,5,3,2,25,5,0.36363636363636365,neutral
FYVICCGR,15,10,3,2,25,5,0.36363636363636365,neutral
CCSYHGLV,14,11,3,2,25,5,0.36363636363636365,neutral
LCCGCLLD,17,8,1,4,25,5,0.36363636363636365,neutral
VFICIHCS,18,7,1,4,25,5,0.36363636363636365,neutral
VGVYYCNC,36,22,15,11,58,26,0.36363636363636365,neutral
FHCCCCFC,40,29,14,19,69,33,0.36363636363636365,neutral
RYCCVYDL,31,16,11,8,47,19,0.36363636363636365,neutral
CCCCYCSC,23,13,5,7,36,12,0.36363636363636365,neutral
CHSCLILV,20,16,4,8,36,12,0.36363636363636365,neutral
FYYDFYFC,24,12,4,8,36,12,0.36363636363636365,neutral
CCLLCYYG,18,7,3,2,25,5,0.36363636363636365,neutral
FVYHICYC,19,6,2,3,25,5,0.36363636363636365,neutral
HFIFVVSD,19,6,1,4,25,5,0.36363636363636365,neutral
FRSCYFFC,19,6,3,2,25,5,0.36363636363636365,neutral
ISFFGGSH,25,11,5,7,36,12,0.36363636363636365,neutral
VSISGLFC,54,37,18,29,91,47,0.36363636363636365,neutral
FFSGCCVC,48,32,15,25,80,40,0.36363636363636365,neutral
CYSCHCDH,22,14,9,3,36,12,0.36363636363636365,neutral
YYYFVHSF,14,11,1,4,25,5,0.36363636363636365,neutral
CCVCHFDC,36,22,13,13,58,26,0.36363636363636365,neutral
DVLGFSIC,30,28,12,14,58,26,0.36363636363636365,neutral
VRIFYSVR,10,15,4,1,25,5,0.36363636363636365,neutral
CFLVCHRC,44,25,14,19,69,33,0.36363636363636365,neutral
GYFLSGDS,27,9,6,6,36,12,0.36363636363636365,neutral
LIYDVRDG,58,44,32,22,102,54,0.36363636363636365,neutral
SYGLCDFY,44,25,15,18,69,33,0.36363636363636365,neutral
CSFCDLVL,32,15,6,13,47,19,0.36363636363636365,neutral
FGYLYNGD,18,18,3,9,36,12,0.36363636363636365,neutral
DIFCCYVL,16,20,6,6,36,12,0.36363636363636365,neutral
RFDRSVFL,27,9,3,9,36,12,0.36363636363636365,neutral
GGLDCFVC,17,8,3,2,25,5,0.36363636363636365,neutral
VICCCHVR,21,15,3,9,36,12,0.36363636363636365,neutral
FFRSHGLF,31,16,8,11,47,19,0.36363636363636365,neutral
CNCHFSFV,30,17,7,12,47,19,0.36363636363636365,neutral
FFGFCINV,21,15,4,8,36,12,0.36363636363636365,neutral
LDYYFFNF,24,12,9,3,36,12,0.36363636363636365,neutral
IHSHCFGF,17,19,7,5,36,12,0.36363636363636365,neutral
LDHRVFFG,23,13,8,4,36,12,0.36363636363636365,neutral
FGVCIGRF,14,11,3,2,25,5,0.36363636363636365,neutral
CFCILHNN,31,27,14,12,58,26,0.36363636363636365,neutral
FDNYCCGC,12,13,1,4,25,5,0.36363636363636365,neutral
FFVYCDHS,55,36,23,24,91,47,0.36363636363636365,neutral
CVCYGNRD,23,13,6,6,36,12,0.36363636363636365,neutral
CIFICDSG,31,16,7,12,47,19,0.36363636363636365,neutral
YYLCDCFN,31,27,12,14,58,26,0.36363636363636365,neutral
RNFIFIGI,24,23,9,10,47,19,0.36363636363636365,neutral
GGYLLNRH,59,51,26,33,110,59,0.36428571428571427,neutral
LFVVCSGY,57,42,25,27,99,52,0.3643410852713178,neutral
YHGRFFVV,57,42,31,21,99,52,0.3643410852713178,neutral
HFHGVVDC,53,35,22,23,88,45,0.3644067796610169,neutral
HRCVHGYL,51,37,18,27,88,45,0.3644067796610169,neutral
CFYDCYRC,47,30,11,27,77,38,0.3644859813084112,neutral
CDFNGYYL,45,32,20,18,77,38,0.3644859813084112,neutral
SCVHYNHI,48,29,16,22,77,38,0.3644859813084112,neutral
CSISYGCI,46,31,19,19,77,38,0.3644859813084112,neutral
CDCCGIID,93,80,42,57,173,99,0.3645320197044335,neutral
CGICNDLN,36,30,13,18,66,31,0.3645833333333333,neutral
FYGSLFDV,42,24,14,17,66,31,0.3645833333333333,neutral
NRCDLICL,33,33,13,18,66,31,0.3645833333333333,neutral
YCGYRCHG,36,30,15,16,66,31,0.3645833333333333,neutral
CHCIRSHG,37,29,11,20,66,31,0.3645833333333333,neutral
FHCCGYLS,36,19,12,12,55,24,0.36470588235294116,neutral
FCHYCCDR,32,23,7,17,55,24,0.36470588235294116,neutral
NSVVLLVR,29,26,12,12,55,24,0.36470588235294116,neutral
NCDLIDFG,79,61,44,34,140,78,0.36470588235294116,neutral
YCYCVCSH,33,22,6,18,55,24,0.36470588235294116,neutral
FCDLVRVD,30,25,12,12,55,24,0.36470588235294116,neutral
FSYFGFHL,30,25,12,12,55,24,0.36470588235294116,neutral
CCCDFICG,30,25,16,8,55,24,0.36470588235294116,neutral
VVVGCCSC,36,19,12,12,55,24,0.36470588235294116,neutral
CDYDYLCF,37,18,9,15,55,24,0.36470588235294116,neutral
YNIRGFNI,36,19,11,13,55,24,0.36470588235294116,neutral
YLYDSLRV,34,21,14,10,55,24,0.36470588235294116,neutral
VYGCVYNV,32,23,7,17,55,24,0.36470588235294116,neutral
FNCVGIIF,35,20,13,11,55,24,0.36470588235294116,neutral
YFCNCVSY,28,27,15,9,55,24,0.36470588235294116,neutral
VIVSSIYR,32,23,12,12,55,24,0.36470588235294116,neutral
CDCCCGIR,31,24,7,17,55,24,0.36470588235294116,neutral
FYRGICIS,33,22,11,13,55,24,0.36470588235294116,neutral
NGLFHCVD,30,25,15,9,55,24,0.36470588235294116,neutral
FHCFDIYG,26,18,9,8,44,17,0.36486486486486486,neutral
VYHSRNIF,25,19,8,9,44,17,0.36486486486486486,neutral
NFCVRFGH,27,17,9,8,44,17,0.36486486486486486,neutral
YCVIGCYH,23,21,8,9,44,17,0.36486486486486486,neutral
VYSGLIRF,31,13,8,9,44,17,0.36486486486486486,neutral
FYVDLHYR,28,16,9,8,44,17,0.36486486486486486,neutral
FDFGCSRL,31,13,9,8,44,17,0.36486486486486486,neutral
YGIFDGYV,22,22,10,7,44,17,0.36486486486486486,neutral
FFYGRGNC,21,23,12,5,44,17,0.36486486486486486,neutral
IYYCFGVV,27,17,8,9,44,17,0.36486486486486486,neutral
GFIVFCVH,29,15,12,5,44,17,0.36486486486486486,neutral
CSLCVVCG,26,18,9,8,44,17,0.36486486486486486,neutral
CCVYCVFS,28,16,4,13,44,17,0.36486486486486486,neutral
CFDFFVDV,28,16,6,11,44,17,0.36486486486486486,neutral
VYHFISCG,63,44,23,34,107,57,0.36496350364963503,neutral
SNYHVDDG,62,45,23,34,107,57,0.36496350364963503,neutral
YIIFCSFS,13,20,4,6,33,10,0.36507936507936506,neutral
FYCDVDLD,25,8,5,5,33,10,0.36507936507936506,neutral
YHVRVVSY,23,10,4,6,33,10,0.36507936507936506,neutral
LGCRYGSY,24,9,4,6,33,10,0.36507936507936506,neutral
FFVGVLGL,20,13,7,3,33,10,0.36507936507936506,neutral
LCFNFGSH,20,13,4,6,33,10,0.36507936507936506,neutral
FVYRHCCF,16,17,8,2,33,10,0.36507936507936506,neutral
FLFHNVCC,26,7,6,4,33,10,0.36507936507936506,neutral
YFVCGYVY,19,14,3,7,33,10,0.36507936507936506,neutral
IRISYDDL,24,9,6,4,33,10,0.36507936507936506,neutral
CCFVDYRF,17,16,5,5,33,10,0.36507936507936506,neutral
CGFFLYFH,18,15,7,3,33,10,0.36507936507936506,neutral
FCFGVRHY,23,10,4,6,33,10,0.36507936507936506,neutral
LDGVYVGN,17,16,5,5,33,10,0.36507936507936506,neutral
CLSFFHRF,50,46,25,25,96,50,0.36507936507936506,neutral
FIVVCHRC,19,14,5,5,33,10,0.36507936507936506,neutral
YYFVVFYH,20,13,5,5,33,10,0.36507936507936506,neutral
VYSGIIFR,20,13,5,5,33,10,0.36507936507936506,neutral
CNGNLHFF,22,11,2,8,33,10,0.36507936507936506,neutral
RDCCCRVD,21,12,3,7,33,10,0.36507936507936506,neutral
VLCGCNLC,23,10,6,4,33,10,0.36507936507936506,neutral
ICSLYRHR,17,16,2,8,33,10,0.36507936507936506,neutral
SCVYFRHG,19,14,5,5,33,10,0.36507936507936506,neutral
LCCLFYDL,21,12,3,7,33,10,0.36507936507936506,neutral
CCDFLHLF,22,11,4,6,33,10,0.36507936507936506,neutral
FCCLGNCY,20,13,5,5,33,10,0.36507936507936506,neutral
CCVICCGV,23,10,5,5,33,10,0.36507936507936506,neutral
HYYGCVVH,13,20,6,4,33,10,0.36507936507936506,neutral
YFRGCCLD,19,14,6,4,33,10,0.36507936507936506,neutral
SFVVCCCN,21,12,4,6,33,10,0.36507936507936506,neutral
VFCCFYGY,18,15,5,5,33,10,0.36507936507936506,neutral
IIHCDVCC,45,40,17,26,85,43,0.3652173913043478,neutral
CVCIVRRH,46,39,18,25,85,43,0.3652173913043478,neutral
LRFCRGNY,44,41,22,21,85,43,0.3652173913043478,neutral
GVRCFYVD,52,33,20,23,85,43,0.3652173913043478,neutral
FFSDCGCF,49,36,15,28,85,43,0.3652173913043478,neutral
GYSHLDVG,46,39,18,25,85,43,0.3652173913043478,neutral
LDICCRFI,52,33,15,28,85,43,0.3652173913043478,neutral
RFCCNNYG,46,39,18,25,85,43,0.3652173913043478,neutral
SFNFLCGL,52,33,15,28,85,43,0.3652173913043478,neutral
CICVIYIH,12,10,0,3,22,3,0.36538461538461536,neutral
FCLYFIFF,12,10,2,1,22,3,0.36538461538461536,neutral
CNGCIHFN,15,7,1,2,22,3,0.36538461538461536,neutral
FYFLFVSV,14,8,1,2,22,3,0.36538461538461536,neutral
FCIFFNYC,15,7,1,2,22,3,0.36538461538461536,neutral
CCFCCLFD,14,8,2,1,22,3,0.36538461538461536,neutral
FHIICLDY,14,8,1,2,22,3,0.36538461538461536,neutral
FYGLFCCI,17,5,0,3,22,3,0.36538461538461536,neutral
SRVFFNVY,15,7,2,1,22,3,0.36538461538461536,neutral
YSDYVNVF,16,6,1,2,22,3,0.36538461538461536,neutral
IGLLFFII,13,9,0,3,22,3,0.36538461538461536,neutral
YDNCDFHN,45,29,17,19,74,36,0.36538461538461536,neutral
IVIIRGCL,11,11,2,1,22,3,0.36538461538461536,neutral
VYFFSVCI,15,7,1,2,22,3,0.36538461538461536,neutral
VGLYDIFG,44,30,11,25,74,36,0.36538461538461536,neutral
IIFNVFNF,14,8,1,2,22,3,0.36538461538461536,neutral
RNGNYGGN,38,36,15,21,74,36,0.36538461538461536,neutral
FVCVYFRH,15,7,2,1,22,3,0.36538461538461536,neutral
LCFGIFCL,12,10,1,2,22,3,0.36538461538461536,neutral
CFICCFVR,10,12,1,2,22,3,0.36538461538461536,neutral
LHVRVVCF,14,8,0,3,22,3,0.36538461538461536,neutral
FFVSIFYG,10,12,0,3,22,3,0.36538461538461536,neutral
FFVVVVLH,17,5,1,2,22,3,0.36538461538461536,neutral
HVNVIFVF,16,6,1,2,22,3,0.36538461538461536,neutral
FFVYLYCI,13,9,1,2,22,3,0.36538461538461536,neutral
CIYFGFFY,15,7,0,3,22,3,0.36538461538461536,neutral
CVSILICV,14,8,0,3,22,3,0.36538461538461536,neutral
CLHCRGYG,14,8,0,3,22,3,0.36538461538461536,neutral
VFFNHCIG,15,7,3,0,22,3,0.36538461538461536,neutral
RCLFLFGD,66,49,25,37,115,62,0.36551724137931035,neutral
YNCLSRRH,36,27,13,16,63,29,0.3655913978494624,neutral
FSFDNLSC,37,26,18,11,63,29,0.3655913978494624,neutral
CLVYYHGY,35,28,13,16,63,29,0.3655913978494624,neutral
CVLGFSRF,36,27,12,17,63,29,0.3655913978494624,neutral
RCLFHFGY,40,23,16,13,63,29,0.3655913978494624,neutral
FVRCHGVF,36,27,15,14,63,29,0.3655913978494624,neutral
CCLRRSCG,39,24,15,14,63,29,0.3655913978494624,neutral
FNHSCCCN,39,24,21,8,63,29,0.3655913978494624,neutral
CYFIGGGS,36,27,12,17,63,29,0.3655913978494624,neutral
FYLCGFDS,36,27,15,14,63,29,0.3655913978494624,neutral
VCDFSINV,32,20,15,7,52,22,0.36585365853658536,neutral
FYCGLLRY,35,17,11,11,52,22,0.36585365853658536,neutral
CDGGFFYG,34,18,13,9,52,22,0.36585365853658536,neutral
SLCFRVGY,25,27,10,12,52,22,0.36585365853658536,neutral
IYRCIGII,31,21,11,11,52,22,0.36585365853658536,neutral
CHHFGCVC,35,17,9,13,52,22,0.36585365853658536,neutral
DIFHFCGG,27,25,8,14,52,22,0.36585365853658536,neutral
FRFCCHCG,31,21,10,12,52,22,0.36585365853658536,neutral
HHLDFFFG,34,18,12,10,52,22,0.36585365853658536,neutral
FDYCYHSR,30,22,10,12,52,22,0.36585365853658536,neutral
FSCYLGFD,56,37,21,27,93,48,0.36585365853658536,neutral
GHYFLDYH,28,24,10,12,52,22,0.36585365853658536,neutral
FCHCLCVC,29,23,13,9,52,22,0.36585365853658536,neutral
YLVVHSCI,46,36,17,24,82,41,0.36607142857142855,neutral
GFGSHGYV,49,33,22,19,82,41,0.36607142857142855,neutral
CYLGLDIV,21,20,11,4,41,15,0.36619718309859156,neutral
NILHGVFR,23,18,9,6,41,15,0.36619718309859156,neutral
IGYVIVIV,27,14,6,9,41,15,0.36619718309859156,neutral
IYCNYYFH,23,18,8,7,41,15,0.36619718309859156,neutral
YDVGFCIG,24,17,9,6,41,15,0.36619718309859156,neutral
YNLCGYCH,65,47,30,30,112,60,0.36619718309859156,neutral
NFCLHCGY,64,48,33,27,112,60,0.36619718309859156,neutral
CCCCSIVV,26,15,8,7,41,15,0.36619718309859156,neutral
FYYCYRFD,24,17,4,11,41,15,0.36619718309859156,neutral
VCFRSVYN,27,14,7,8,41,15,0.36619718309859156,neutral
LFRSDVYV,26,15,5,10,41,15,0.36619718309859156,neutral
FCYFGVVC,27,14,7,8,41,15,0.36619718309859156,neutral
CFFLHDLL,27,14,8,7,41,15,0.36619718309859156,neutral
IRFHCRGC,25,16,10,5,41,15,0.36619718309859156,neutral
GVCLIIGG,27,14,8,7,41,15,0.36619718309859156,neutral
FCCYSLVS,26,15,7,8,41,15,0.36619718309859156,neutral
IRDFDRFI,23,18,6,9,41,15,0.36619718309859156,neutral
CFISYCGR,16,25,10,5,41,15,0.36619718309859156,neutral
HCVRVGFH,27,14,12,3,41,15,0.36619718309859156,neutral
DYYFSYCY,28,13,6,9,41,15,0.36619718309859156,neutral
CHCSIVGG,29,12,5,10,41,15,0.36619718309859156,neutral
FIDRCYRC,25,16,6,9,41,15,0.36619718309859156,neutral
HFIDCYNI,24,17,5,10,41,15,0.36619718309859156,neutral
RVYCVGGS,38,33,24,10,71,34,0.36633663366336633,neutral
IFDIFDSG,45,26,18,16,71,34,0.36633663366336633,neutral
ICGFICGC,43,28,15,19,71,34,0.36633663366336633,neutral
LCGVDGDG,45,26,14,20,71,34,0.36633663366336633,neutral
CNFFVRIH,45,26,21,13,71,34,0.36633663366336633,neutral
ICFYGYGV,42,29,18,16,71,34,0.36633663366336633,neutral
IFVCGYYS,43,28,19,15,71,34,0.36633663366336633,neutral
ICRVRGCG,44,27,20,14,71,34,0.36633663366336633,neutral
FYGYCFGF,36,35,11,23,71,34,0.36633663366336633,neutral
FGCICGRF,44,27,14,20,71,34,0.36633663366336633,neutral
SGVIFCYD,44,27,20,14,71,34,0.36633663366336633,neutral
FRYCFLDH,45,26,16,18,71,34,0.36633663366336633,neutral
LFFDYCSL,45,26,15,19,71,34,0.36633663366336633,neutral
CFDCYVSI,44,27,16,18,71,34,0.36633663366336633,neutral
DSICYDGV,59,42,24,29,101,53,0.366412213740458,neutral
YCRFVYVC,59,42,22,31,101,53,0.366412213740458,neutral
CVHCSYGS,71,60,34,38,131,72,0.36645962732919257,neutral
IIYYYGDC,21,9,5,3,30,8,0.36666666666666664,neutral
VHLHFYGC,34,26,15,12,60,27,0.36666666666666664,neutral
ILRCVCLC,20,10,7,1,30,8,0.36666666666666664,neutral
SCFFRSHF,17,13,2,6,30,8,0.36666666666666664,neutral
RRYFGLYD,19,11,4,4,30,8,0.36666666666666664,neutral
FFVYRRGV,19,11,2,6,30,8,0.36666666666666664,neutral
HDICGYFS,15,15,5,3,30,8,0.36666666666666664,neutral
GLYFYSVH,29,31,14,13,60,27,0.36666666666666664,neutral
YFGFIFSV,19,11,5,3,30,8,0.36666666666666664,neutral
YNHGFSFS,21,9,5,3,30,8,0.36666666666666664,neutral
FYCHCLLR,29,31,11,16,60,27,0.36666666666666664,neutral
VYRLCGVF,38,22,10,17,60,27,0.36666666666666664,neutral
SYCRCDSV,51,39,15,31,90,46,0.36666666666666664,neutral
IFIHGICF,20,10,3,5,30,8,0.36666666666666664,neutral
LLFLVYCL,21,9,2,6,30,8,0.36666666666666664,neutral
VDLGNIYL,21,9,1,7,30,8,0.36666666666666664,neutral
HGFCFGHR,39,21,12,15,60,27,0.36666666666666664,neutral
GYIYDRLY,19,11,5,3,30,8,0.36666666666666664,neutral
CLVCCGFV,15,15,4,4,30,8,0.36666666666666664,neutral
HFYGGHSF,16,14,5,3,30,8,0.36666666666666664,neutral
CFYCDCDV,36,24,7,20,60,27,0.36666666666666664,neutral
CYFFYGSL,39,21,9,18,60,27,0.36666666666666664,neutral
VCFVFRYH,19,11,3,5,30,8,0.36666666666666664,neutral
RCRRCDCF,19,11,3,5,30,8,0.36666666666666664,neutral
LCLVYVGV,17,13,6,2,30,8,0.36666666666666664,neutral
FIFCFCYH,15,15,4,4,30,8,0.36666666666666664,neutral
FFLCRYVD,18,12,5,3,30,8,0.36666666666666664,neutral
LCGHCCRS,21,9,2,6,30,8,0.36666666666666664,neutral
VYCCSRNL,33,27,13,14,60,27,0.36666666666666664,neutral
VCYFDCDR,14,16,2,6,30,8,0.36666666666666664,neutral
ICFISDIS,54,36,26,20,90,46,0.36666666666666664,neutral
VCLFHCVL,21,9,5,3,30,8,0.36666666666666664,neutral
VYDCCCLD,39,21,14,13,60,27,0.36666666666666664,neutral
GVVYVVDL,21,9,4,4,30,8,0.36666666666666664,neutral
CIYSLGDS,52,38,19,27,90,46,0.36666666666666664,neutral
RFRCVFCD,30,30,12,15,60,27,0.36666666666666664,neutral
FYLICRHS,20,10,3,5,30,8,0.36666666666666664,neutral
IGYFFCSY,18,12,3,5,30,8,0.36666666666666664,neutral
FCYCCDNF,12,18,6,2,30,8,0.36666666666666664,neutral
VFRSCYGN,94,75,52,44,169,96,0.36683417085427134,neutral
VYGVLCCH,63,46,28,30,109,58,0.3669064748201439,neutral
CFYGHCGC,64,45,24,34,109,58,0.3669064748201439,neutral
VVFDFDYC,48,31,20,19,79,39,0.3669724770642202,neutral
HCFIYVRH,47,32,24,15,79,39,0.3669724770642202,neutral
LGFCNIYF,45,34,17,22,79,39,0.3669724770642202,neutral
VFNLVYCC,49,30,21,18,79,39,0.3669724770642202,neutral
FFSGHHCF,49,30,19,20,79,39,0.3669724770642202,neutral
YCNCVLNF,48,31,20,19,79,39,0.3669724770642202,neutral
CYYNVINH,43,36,17,22,79,39,0.3669724770642202,neutral
CDGFCICC,32,17,5,15,49,20,0.3670886075949367,neutral
NFNCIVSF,27,22,9,11,49,20,0.3670886075949367,neutral
VLGCSFGF,31,18,11,9,49,20,0.3670886075949367,neutral
CHGVDVLC,32,17,6,14,49,20,0.3670886075949367,neutral
FCCCYVRS,34,15,7,13,49,20,0.3670886075949367,neutral
DCCYHCFH,26,23,6,14,49,20,0.3670886075949367,neutral
LHYRILDL,27,22,10,10,49,20,0.3670886075949367,neutral
CCNCGLFC,31,18,12,8,49,20,0.3670886075949367,neutral
CSCRDCGH,31,18,11,9,49,20,0.3670886075949367,neutral
YFCVYGCH,30,19,10,10,49,20,0.3670886075949367,neutral
IFDSGSFC,32,17,13,7,49,20,0.3670886075949367,neutral
FCVRCCHL,28,21,9,11,49,20,0.3670886075949367,neutral
NYNVFCGV,27,22,6,14,49,20,0.3670886075949367,neutral
IVCGYFGH,31,18,10,10,49,20,0.3670886075949367,neutral
FVNCHVFH,31,18,11,9,49,20,0.3670886075949367,neutral
FFCCVCDC,33,16,15,5,49,20,0.3670886075949367,neutral
SYLSCYRD,30,19,10,10,49,20,0.3670886075949367,neutral
FYDFDDRS,34,15,5,15,49,20,0.3670886075949367,neutral
FLYYFCFN,34,15,10,10,49,20,0.3670886075949367,neutral
FFRFVFFV,15,4,0,1,19,1,0.3673469387755102,neutral
YCFHILFH,9,10,1,0,19,1,0.3673469387755102,neutral
CYFNLFII,14,5,1,0,19,1,0.3673469387755102,neutral
FLHFCGGV,43,25,16,16,68,32,0.3673469387755102,neutral
VYLLCFFR,10,9,0,1,19,1,0.3673469387755102,neutral
YCGIFFCF,14,5,1,0,19,1,0.3673469387755102,neutral
FFFFFFCH,11,8,0,1,19,1,0.3673469387755102,neutral
CFIFVFFV,19,0,0,1,19,1,0.3673469387755102,neutral
CFYVFICF,14,5,1,0,19,1,0.3673469387755102,neutral
SLSIIIVL,13,6,0,1,19,1,0.3673469387755102,neutral
RHCFNYNC,43,25,20,12,68,32,0.3673469387755102,neutral
IVSRVSFR,40,28,14,18,68,32,0.3673469387755102,neutral
GSGFGCYD,40,28,15,17,68,32,0.3673469387755102,neutral
IFCYIVVS,11,8,1,0,19,1,0.3673469387755102,neutral
FFFCYVCY,13,6,1,0,19,1,0.3673469387755102,neutral
FICCLYLH,10,9,1,0,19,1,0.3673469387755102,neutral
FHFHVFGC,43,25,20,12,68,32,0.3673469387755102,neutral
GSCFSDVC,39,29,16,16,68,32,0.3673469387755102,neutral
DFVFVVHI,13,6,0,1,19,1,0.3673469387755102,neutral
FFGVRDVL,40,28,14,18,68,32,0.3673469387755102,neutral
FCVVFYVC,10,9,0,1,19,1,0.3673469387755102,neutral
CCYSIFCS,12,7,1,0,19,1,0.3673469387755102,neutral
HIYGVGGI,40,28,18,14,68,32,0.3673469387755102,neutral
FCNYFDFV,41,27,15,17,68,32,0.3673469387755102,neutral
FFFCYIVD,11,8,1,0,19,1,0.3673469387755102,neutral
FVFCLYNL,11,8,1,0,19,1,0.3673469387755102,neutral
CGGCDCCD,43,25,17,15,68,32,0.3673469387755102,neutral
CYVRCCFF,13,6,1,0,19,1,0.3673469387755102,neutral
CGVFIFFI,10,9,0,1,19,1,0.3673469387755102,neutral
RISLYIGF,12,7,1,0,19,1,0.3673469387755102,neutral
CFCFYIFV,8,11,1,0,19,1,0.3673469387755102,neutral
LRRLIIYG,12,7,0,1,19,1,0.3673469387755102,neutral
LHFFFVLI,13,6,0,1,19,1,0.3673469387755102,neutral
FFFFGVSF,9,10,0,1,19,1,0.3673469387755102,neutral
FCCFRFVF,16,3,0,1,19,1,0.3673469387755102,neutral
VIFVCFSF,11,8,0,1,19,1,0.3673469387755102,neutral
CCNFFYFS,40,28,12,20,68,32,0.3673469387755102,neutral
CYFILCCG,11,8,1,0,19,1,0.3673469387755102,neutral
SILGNYVH,91,75,50,44,166,94,0.3673469387755102,neutral
VHYVLNGC,40,28,12,20,68,32,0.3673469387755102,neutral
FHDFRCIV,39,29,15,17,68,32,0.3673469387755102,neutral
VLLFVYFF,11,8,1,0,19,1,0.3673469387755102,neutral
IFLCCYLI,15,4,0,1,19,1,0.3673469387755102,neutral
LVFGFCLC,11,8,0,1,19,1,0.3673469387755102,neutral
FFVCFICY,14,5,1,0,19,1,0.3673469387755102,neutral
HFFFFFFC,10,9,0,1,19,1,0.3673469387755102,neutral
HFYFVIFF,12,7,1,0,19,1,0.3673469387755102,neutral
CIVCVYCC,12,7,1,0,19,1,0.3673469387755102,neutral
CYFFRLYL,10,9,1,0,19,1,0.3673469387755102,neutral
FVRYFCND,10,9,0,1,19,1,0.3673469387755102,neutral
FFVGLFVC,11,8,1,0,19,1,0.3673469387755102,neutral
CVYYFRLD,13,6,0,1,19,1,0.3673469387755102,neutral
IFFCFSFV,13,6,0,1,19,1,0.3673469387755102,neutral
FCFYISRL,14,5,1,0,19,1,0.3673469387755102,neutral
CCGGCRRY,16,3,0,1,19,1,0.3673469387755102,neutral
CYCVFFHI,12,7,0,1,19,1,0.3673469387755102,neutral
VIFFCRGI,11,8,0,1,19,1,0.3673469387755102,neutral
FCDNLIRI,42,26,15,17,68,32,0.3673469387755102,neutral
FVCCVNDF,36,32,21,11,68,32,0.3673469387755102,neutral
CVGHCIDC,76,60,28,47,136,75,0.3674698795180723,neutral
VYFCVGHC,53,34,17,27,87,44,0.36752136752136755,neutral
GGGVCYFC,50,37,18,26,87,44,0.36752136752136755,neutral
DFVNDCHC,51,36,20,24,87,44,0.36752136752136755,neutral
YCDCDSGI,23,15,2,11,38,13,0.36764705882352944,neutral
YGVFGCCN,26,12,6,7,38,13,0.36764705882352944,neutral
DCSGYFGR,21,17,5,8,38,13,0.36764705882352944,neutral
IFRSFVCL,17,21,5,8,38,13,0.36764705882352944,neutral
CCIHNVIG,25,13,7,6,38,13,0.36764705882352944,neutral
RFHVCRCC,24,14,8,5,38,13,0.36764705882352944,neutral
YGCRFVLL,21,17,4,9,38,13,0.36764705882352944,neutral
LFYFRNCF,26,12,2,11,38,13,0.36764705882352944,neutral
CSCYFVGC,25,13,5,8,38,13,0.36764705882352944,neutral
VDNIFVSF,19,19,9,4,38,13,0.36764705882352944,neutral
VYSIDHDL,23,15,6,7,38,13,0.36764705882352944,neutral
VYSCFIGL,24,14,4,9,38,13,0.36764705882352944,neutral
IFCYGRCF,16,22,8,5,38,13,0.36764705882352944,neutral
SFCRDFCC,23,15,10,3,38,13,0.36764705882352944,neutral
FLDCICGD,22,16,4,9,38,13,0.36764705882352944,neutral
FFFLIVFS,28,10,6,7,38,13,0.36764705882352944,neutral
CSRCIYGV,23,15,5,8,38,13,0.36764705882352944,neutral
ILCCCLCC,20,18,8,5,38,13,0.36764705882352944,neutral
VGRYVNRY,22,16,5,8,38,13,0.36764705882352944,neutral
YLGRYVGF,24,14,6,7,38,13,0.36764705882352944,neutral
VCILSHFY,38,19,5,20,57,25,0.367816091954023,neutral
SILLGSYV,38,19,11,14,57,25,0.367816091954023,neutral
CRGGCIGC,33,24,12,13,57,25,0.367816091954023,neutral
CCCCRCIC,33,24,12,13,57,25,0.367816091954023,neutral
CYVLGHVL,35,22,13,12,57,25,0.367816091954023,neutral
CFNRFCHL,35,22,13,12,57,25,0.367816091954023,neutral
VCVCLCSV,33,24,10,15,57,25,0.367816091954023,neutral
IYICGNCN,31,26,11,14,57,25,0.367816091954023,neutral
FCFCCGSS,34,23,16,9,57,25,0.367816091954023,neutral
YDHYRCCH,33,24,13,12,57,25,0.367816091954023,neutral
GVVGYSGY,25,32,12,13,57,25,0.367816091954023,neutral
FGFGHGFS,33,24,7,18,57,25,0.367816091954023,neutral
SDIVFVVH,33,24,13,12,57,25,0.367816091954023,neutral
VYCYISGC,32,25,10,15,57,25,0.367816091954023,neutral
CCRFNDFS,38,19,15,10,57,25,0.367816091954023,neutral
DRCCGLIL,40,36,13,24,76,37,0.36792452830188677,neutral
YCNHVVII,41,35,13,24,76,37,0.36792452830188677,neutral
CCDRFYRC,55,40,25,24,95,49,0.368,neutral
CHFCSVSD,51,44,29,20,95,49,0.368,neutral
IYGDHFVH,52,43,27,22,95,49,0.368,neutral
LRVDFDHI,62,52,29,32,114,61,0.3680555555555556,neutral
HFGCLGVC,76,57,39,34,133,73,0.36809815950920244,neutral
FLCCNCSF,19,8,5,1,27,6,0.3684210526315789,neutral
IYHIRLFH,18,9,3,3,27,6,0.3684210526315789,neutral
FILVYFFS,16,11,1,5,27,6,0.3684210526315789,neutral
CGYYFCVV,17,10,0,6,27,6,0.3684210526315789,neutral
CICNCGGC,21,6,3,3,27,6,0.3684210526315789,neutral
ICCYCNLY,16,11,3,3,27,6,0.3684210526315789,neutral
YLCCYFRD,13,14,1,5,27,6,0.3684210526315789,neutral
GINFCNFS,30,16,6,12,46,18,0.3684210526315789,neutral
NIHFFDCI,39,26,16,14,65,30,0.3684210526315789,neutral
CYIRCVCC,18,9,1,5,27,6,0.3684210526315789,neutral
LCYFCIFR,16,11,4,2,27,6,0.3684210526315789,neutral
CYCYVCRH,19,8,4,2,27,6,0.3684210526315789,neutral
FHDCCDFG,51,33,24,18,84,42,0.3684210526315789,neutral
YYYVCYDR,17,10,2,4,27,6,0.3684210526315789,neutral
FGFDHCDL,47,37,24,18,84,42,0.3684210526315789,neutral
RGGNGYFR,25,21,5,13,46,18,0.3684210526315789,neutral
VDFCHVNI,25,21,5,13,46,18,0.3684210526315789,neutral
CFIVGFYL,15,12,2,4,27,6,0.3684210526315789,neutral
YYLFVDFL,17,10,3,3,27,6,0.3684210526315789,neutral
ICSLCINL,28,18,12,6,46,18,0.3684210526315789,neutral
RICCGHCF,18,9,2,4,27,6,0.3684210526315789,neutral
LLSFHCCH,28,18,10,8,46,18,0.3684210526315789,neutral
NVGCGIIF,60,43,20,34,103,54,0.3684210526315789,neutral
GFDCRHHF,21,6,2,4,27,6,0.3684210526315789,neutral
ISCFFNGS,28,18,12,6,46,18,0.3684210526315789,neutral
RIYCSYRC,50,34,16,26,84,42,0.3684210526315789,neutral
FCLGCFDF,39,26,20,10,65,30,0.3684210526315789,neutral
IFCIVVHV,13,14,1,5,27,6,0.3684210526315789,neutral
CCGVRYCH,41,24,12,18,65,30,0.3684210526315789,neutral
CYNCIICF,14,13,5,1,27,6,0.3684210526315789,neutral
FDYLCFDL,31,15,11,7,46,18,0.3684210526315789,neutral
FCYGVDSD,26,20,11,7,46,18,0.3684210526315789,neutral
YYCYFFCD,17,10,2,4,27,6,0.3684210526315789,neutral
FFLDCYSF,16,11,3,3,27,6,0.3684210526315789,neutral
NCSFYYSR,20,7,3,3,27,6,0.3684210526315789,neutral
NSGLYYCV,29,17,10,8,46,18,0.3684210526315789,neutral
RYGYCVHG,50,34,20,22,84,42,0.3684210526315789,neutral
ICYLSCYH,15,12,3,3,27,6,0.3684210526315789,neutral
LGLCFDRH,37,28,12,18,65,30,0.3684210526315789,neutral
CFCVIFCG,18,9,1,5,27,6,0.3684210526315789,neutral
YVFYGVYC,17,10,4,2,27,6,0.3684210526315789,neutral
YIDCRYVV,59,44,29,25,103,54,0.3684210526315789,neutral
IFCFGYRC,28,18,9,9,46,18,0.3684210526315789,neutral
SFIFIIVH,15,12,2,4,27,6,0.3684210526315789,neutral
GYCCFSRC,29,17,7,11,46,18,0.3684210526315789,neutral
IYYDRIVC,33,32,12,18,65,30,0.3684210526315789,neutral
ILSGSFHD,36,29,13,17,65,30,0.3684210526315789,neutral
IFNFCFFN,20,7,2,4,27,6,0.3684210526315789,neutral
FYVFCVLY,18,9,2,4,27,6,0.3684210526315789,neutral
GFIHINHC,41,24,15,15,65,30,0.3684210526315789,neutral
GRCCGYFF,17,10,1,5,27,6,0.3684210526315789,neutral
VHCCDYYR,17,10,2,4,27,6,0.3684210526315789,neutral
GYFCVCGN,65,46,32,27,111,59,0.36879432624113473,neutral
YIGFCLYD,54,38,25,22,92,47,0.36885245901639346,neutral
FDILRSNF,55,37,20,27,92,47,0.36885245901639346,neutral
FCFRCNHG,53,39,24,23,92,47,0.36885245901639346,neutral
YSGRYFRH,42,31,21,14,73,35,0.36893203883495146,neutral
CHSHGYGC,46,27,20,15,73,35,0.36893203883495146,neutral
YFSYFVHV,46,27,13,22,73,35,0.36893203883495146,neutral
YYFGFRVC,43,30,16,19,73,35,0.36893203883495146,neutral
NCDLDFVL,44,29,20,15,73,35,0.36893203883495146,neutral
GYFYSCDH,28,26,13,10,54,23,0.36904761904761907,neutral
RFYCCGVV,25,29,13,10,54,23,0.36904761904761907,neutral
FIIGICDY,33,21,12,11,54,23,0.36904761904761907,neutral
CFVYDIIF,35,19,5,18,54,23,0.36904761904761907,neutral
CFDVCNSF,32,22,8,15,54,23,0.36904761904761907,neutral
SNLCCLCD,34,20,6,17,54,23,0.36904761904761907,neutral
FHVCISDC,29,25,9,14,54,23,0.36904761904761907,neutral
YDCVYSFL,34,20,14,9,54,23,0.36904761904761907,neutral
DYIFCSRN,33,21,13,10,54,23,0.36904761904761907,neutral
YSCCRCIR,25,10,7,4,35,11,0.36923076923076925,neutral
GFVVYGGI,18,17,3,8,35,11,0.36923076923076925,neutral
VCDGFYLD,22,13,6,5,35,11,0.36923076923076925,neutral
ICYRYSGV,26,9,6,5,35,11,0.36923076923076925,neutral
VCCCFGGR,21,14,5,6,35,11,0.36923076923076925,neutral
YIYCCSCG,24,11,4,7,35,11,0.36923076923076925,neutral
FLHVVCHS,21,14,4,7,35,11,0.36923076923076925,neutral
FCHLYDYV,23,12,5,6,35,11,0.36923076923076925,neutral
CCCVGRLI,19,16,5,6,35,11,0.36923076923076925,neutral
VIVCSFVV,24,11,6,5,35,11,0.36923076923076925,neutral
SYCFGLGG,25,10,5,6,35,11,0.36923076923076925,neutral
FRCYFVNH,27,8,0,11,35,11,0.36923076923076925,neutral
FYFFLCFD,17,18,4,7,35,11,0.36923076923076925,neutral
RCVYNCFH,21,14,5,6,35,11,0.36923076923076925,neutral
DRDHSCYY,27,8,6,5,35,11,0.36923076923076925,neutral
LFYYVCCS,21,14,7,4,35,11,0.36923076923076925,neutral
FFDYGICN,22,13,6,5,35,11,0.36923076923076925,neutral
LNGVIVCC,57,43,25,27,100,52,0.36923076923076925,neutral
CCDIGDIV,25,10,2,9,35,11,0.36923076923076925,neutral
YSCYGNGF,23,12,5,6,35,11,0.36923076923076925,neutral
VYFYRHIG,19,16,6,5,35,11,0.36923076923076925,neutral
FCIFDGFN,13,22,3,8,35,11,0.36923076923076925,neutral
VDCYIYGG,19,16,7,4,35,11,0.36923076923076925,neutral
IISFFGVV,45,36,19,21,81,40,0.36936936936936937,neutral
GFVLCLSD,50,31,22,18,81,40,0.36936936936936937,neutral
YHFLHVGI,47,34,20,20,81,40,0.36936936936936937,neutral
CVGCYDNR,44,37,13,27,81,40,0.36936936936936937,neutral
HVLFHGVC,49,32,19,21,81,40,0.36936936936936937,neutral
VYFCGDIY,43,38,18,22,81,40,0.36936936936936937,neutral
GFFCGCYG,47,34,15,25,81,40,0.36936936936936937,neutral
GIVFGSCI,49,32,17,23,81,40,0.36936936936936937,neutral
YLYRHGSD,42,39,21,19,81,40,0.36936936936936937,neutral
CVSFLVCN,68,59,33,36,127,69,0.36942675159235666,neutral
CDFHCVVV,72,55,30,39,127,69,0.36942675159235666,neutral
DLYDVYYV,34,28,16,12,62,28,0.3695652173913043,neutral
LCDVCCRD,31,31,8,20,62,28,0.3695652173913043,neutral
FRRRNVYI,38,24,14,14,62,28,0.3695652173913043,neutral
CCIDYCVI,36,26,13,15,62,28,0.3695652173913043,neutral
CCNFFCVV,39,23,15,13,62,28,0.3695652173913043,neutral
FVFYRGFC,40,22,19,9,62,28,0.3695652173913043,neutral
YCGCCYIV,39,23,13,15,62,28,0.3695652173913043,neutral
VNFVYCIH,53,36,20,25,89,45,0.3697478991596639,neutral
IHYDHFVC,49,40,25,20,89,45,0.3697478991596639,neutral
GDSCCIIL,54,35,23,22,89,45,0.3697478991596639,neutral
LCSGDDDL,52,37,19,26,89,45,0.3697478991596639,neutral
FFRRLRHV,25,18,6,10,43,16,0.3698630136986301,neutral
IGGGYVFV,27,16,9,7,43,16,0.3698630136986301,neutral
CFSSSFSC,24,19,10,6,43,16,0.3698630136986301,neutral
CFNFDVRN,62,54,32,30,116,62,0.3698630136986301,neutral
LRCYFVGD,62,54,26,36,116,62,0.3698630136986301,neutral
GCCCHDNF,30,13,9,7,43,16,0.3698630136986301,neutral
YRFYDCYC,28,15,9,7,43,16,0.3698630136986301,neutral
FRLCFHCG,28,15,7,9,43,16,0.3698630136986301,neutral
FVCCLRVD,26,17,2,14,43,16,0.3698630136986301,neutral
VGCYGYFS,29,14,8,8,43,16,0.3698630136986301,neutral
CYCIGIHV,67,49,26,36,116,62,0.3698630136986301,neutral
FFVHSYVH,30,13,6,10,43,16,0.3698630136986301,neutral
IVYGFRLC,28,15,7,9,43,16,0.3698630136986301,neutral
GFCGGVYY,23,20,8,8,43,16,0.3698630136986301,neutral
DYCGGVGL,26,17,5,11,43,16,0.3698630136986301,neutral
CCYISRDF,27,16,8,8,43,16,0.3698630136986301,neutral
FCCSIFLS,26,17,8,8,43,16,0.3698630136986301,neutral
SIHFFSVY,26,17,8,8,43,16,0.3698630136986301,neutral
IFIIHGFS,23,20,8,8,43,16,0.3698630136986301,neutral
FYNCCDYY,30,13,7,9,43,16,0.3698630136986301,neutral
CLLSRGCC,66,50,23,39,116,62,0.3698630136986301,neutral
FYYHDYID,28,15,9,7,43,16,0.3698630136986301,neutral
CYFFDVHC,27,16,12,4,43,16,0.3698630136986301,neutral
RCIFGCCD,44,26,18,15,70,33,0.37,neutral
YHIRSSGF,41,29,15,18,70,33,0.37,neutral
VIHRFFNH,39,31,19,14,70,33,0.37,neutral
YFVCDRGL,41,29,11,22,70,33,0.37,neutral
GNLYCLCV,44,26,16,17,70,33,0.37,neutral
FLGGCVVL,39,31,16,17,70,33,0.37,neutral
LCHFVHDL,43,27,15,18,70,33,0.37,neutral
LCYYDYFC,53,44,19,31,97,50,0.3700787401574803,neutral
FYGNCFCY,50,47,23,27,97,50,0.3700787401574803,neutral
SYRYFGYC,56,41,21,29,97,50,0.3700787401574803,neutral
FFCCYSSG,55,42,26,24,97,50,0.3700787401574803,neutral
GHCISFDG,68,56,34,33,124,67,0.37012987012987014,neutral
NSCSCDGF,67,57,38,29,124,67,0.37012987012987014,neutral
GCLCSCIV,34,17,10,11,51,21,0.37037037037037035,neutral
YFVVCGND,28,23,11,10,51,21,0.37037037037037035,neutral
LCCNSCDR,34,17,11,10,51,21,0.37037037037037035,neutral
YRCFDFDF,33,18,9,12,51,21,0.37037037037037035,neutral
FFFFVFIR,19,5,4,0,24,4,0.37037037037037035,neutral
VCIVFVVF,16,8,4,0,24,4,0.37037037037037035,neutral
FCRGGCCF,15,9,3,1,24,4,0.37037037037037035,neutral
FYDGSLRY,29,22,9,12,51,21,0.37037037037037035,neutral
HCVYCHRH,32,19,11,10,51,21,0.37037037037037035,neutral
LFCVCFLF,17,7,3,1,24,4,0.37037037037037035,neutral
DYFIFHLY,14,10,1,3,24,4,0.37037037037037035,neutral
FVGCCYNY,24,27,6,15,51,21,0.37037037037037035,neutral
FIRFVRCV,32,19,12,9,51,21,0.37037037037037035,neutral
GLYNGLCY,30,21,9,12,51,21,0.37037037037037035,neutral
FICFHDYD,33,18,12,9,51,21,0.37037037037037035,neutral
CRSFSCDF,32,19,11,10,51,21,0.37037037037037035,neutral
NHYNYFGD,11,13,2,2,24,4,0.37037037037037035,neutral
CHRYRLCY,15,9,1,3,24,4,0.37037037037037035,neutral
VCIVGCCF,30,21,15,6,51,21,0.37037037037037035,neutral
FSHIVRFL,30,21,9,12,51,21,0.37037037037037035,neutral
VCRCIRRG,29,22,12,9,51,21,0.37037037037037035,neutral
YFFVYVYN,16,8,1,3,24,4,0.37037037037037035,neutral
FCGFFYCY,16,8,1,3,24,4,0.37037037037037035,neutral
SIHCCFVC,15,9,4,0,24,4,0.37037037037037035,neutral
CGFDCCII,33,18,12,9,51,21,0.37037037037037035,neutral
FCIFIRCY,14,10,3,1,24,4,0.37037037037037035,neutral
RNLYCNCH,32,19,10,11,51,21,0.37037037037037035,neutral
HVCIHGFG,30,21,10,11,51,21,0.37037037037037035,neutral
SCFVFLVY,13,11,2,2,24,4,0.37037037037037035,neutral
FNNYDFGR,19,5,3,1,24,4,0.37037037037037035,neutral
LYCYCVVR,31,20,14,7,51,21,0.37037037037037035,neutral
FYVFFIDN,14,10,1,3,24,4,0.37037037037037035,neutral
GIYDSCDY,14,10,1,3,24,4,0.37037037037037035,neutral
FSYFFYLV,14,10,4,0,24,4,0.37037037037037035,neutral
FCLCLHFS,18,6,2,2,24,4,0.37037037037037035,neutral
FYFFFYYH,11,13,3,1,24,4,0.37037037037037035,neutral
VDFIFYDY,15,9,2,2,24,4,0.37037037037037035,neutral
FYDILHYI,18,6,4,0,24,4,0.37037037037037035,neutral
VCLCRISI,34,17,7,14,51,21,0.37037037037037035,neutral
CYLGFCNF,32,19,9,12,51,21,0.37037037037037035,neutral
SFFCDIVG,32,19,11,10,51,21,0.37037037037037035,neutral
VCDCSHCH,39,39,19,19,78,38,0.37037037037037035,neutral
DRVFVCHF,30,21,6,15,51,21,0.37037037037037035,neutral
FFFYGFVV,13,11,1,3,24,4,0.37037037037037035,neutral
FFCFCGSL,14,10,1,3,24,4,0.37037037037037035,neutral
RCDYCFLH,23,28,9,12,51,21,0.37037037037037035,neutral
LFLCILYF,14,10,1,3,24,4,0.37037037037037035,neutral
FYDCCRFC,27,24,9,12,51,21,0.37037037037037035,neutral
FIFSRSGV,29,22,13,8,51,21,0.37037037037037035,neutral
IHCYFVRY,21,3,3,1,24,4,0.37037037037037035,neutral
FFCICYCV,17,7,2,2,24,4,0.37037037037037035,neutral
VCLCFDGV,33,18,9,12,51,21,0.37037037037037035,neutral
IFFFGFDG,12,12,0,4,24,4,0.37037037037037035,neutral
FFFCFVFL,16,8,1,3,24,4,0.37037037037037035,neutral
NLFYCRGF,17,7,2,2,24,4,0.37037037037037035,neutral
HYFGLNVG,62,51,30,30,113,60,0.3706293706293706,neutral
VFCGIGLR,64,49,30,30,113,60,0.3706293706293706,neutral
IIDCVRNF,49,37,20,23,86,43,0.3706896551724138,neutral
HLCLLDIG,50,36,21,22,86,43,0.3706896551724138,neutral
RGCFCIIG,51,35,12,31,86,43,0.3706896551724138,neutral
YRLCYFDI,38,21,14,12,59,26,0.3707865168539326,neutral
FSNCCYGV,35,24,15,11,59,26,0.3707865168539326,neutral
CCGYGFVG,36,23,13,13,59,26,0.3707865168539326,neutral
SCLRCYVD,34,25,14,12,59,26,0.3707865168539326,neutral
FCVVCGVC,37,22,13,13,59,26,0.3707865168539326,neutral
ICCCYSSD,38,21,14,12,59,26,0.3707865168539326,neutral
YIVSFSLY,39,20,16,10,59,26,0.3707865168539326,neutral
LYFCGYVH,34,25,12,14,59,26,0.3707865168539326,neutral
CYFSCRHV,34,25,14,12,59,26,0.3707865168539326,neutral
NCCLYDHN,36,23,12,14,59,26,0.3707865168539326,neutral
SIRCCVIG,36,23,16,10,59,26,0.3707865168539326,neutral
CNNCFCDC,37,22,10,16,59,26,0.3707865168539326,neutral
RCGFCCSC,39,20,13,13,59,26,0.3707865168539326,neutral
YILRVHRR,39,20,9,17,59,26,0.3707865168539326,neutral
FRYSIFVS,32,27,9,17,59,26,0.3707865168539326,neutral
RFLYGVGV,36,23,15,11,59,26,0.3707865168539326,neutral
NCDGCYLI,37,22,12,14,59,26,0.3707865168539326,neutral
ICDNRCCF,39,20,18,8,59,26,0.3707865168539326,neutral
DYCVHFVH,38,21,15,11,59,26,0.3707865168539326,neutral
VFGGCHFY,39,20,14,12,59,26,0.3707865168539326,neutral
SFGGCCRC,39,20,16,10,59,26,0.3707865168539326,neutral
YCCVHVRC,70,51,25,40,121,65,0.3708609271523179,neutral
IRCGIGCY,56,38,22,26,94,48,0.3709677419354839,neutral
YNRYFCVI,21,11,4,5,32,9,0.3709677419354839,neutral
GFYFLGYY,19,13,2,7,32,9,0.3709677419354839,neutral
FVCFYDYN,18,14,6,3,32,9,0.3709677419354839,neutral
CSLCGNCI,21,11,6,3,32,9,0.3709677419354839,neutral
VNFDFRYG,24,8,4,5,32,9,0.3709677419354839,neutral
VYGYLFGG,56,38,23,25,94,48,0.3709677419354839,neutral
FCCCVNLF,23,9,6,3,32,9,0.3709677419354839,neutral
FGDDYLFF,20,12,3,6,32,9,0.3709677419354839,neutral
IFCRFFGD,20,12,6,3,32,9,0.3709677419354839,neutral
RCCCVHLL,19,13,2,7,32,9,0.3709677419354839,neutral
FYCSVVNC,52,42,18,30,94,48,0.3709677419354839,neutral
FCVSHVCI,20,12,5,4,32,9,0.3709677419354839,neutral
LRYLYICN,21,11,2,7,32,9,0.3709677419354839,neutral
FVRCYCCR,23,9,5,4,32,9,0.3709677419354839,neutral
FYCIRDGG,18,14,3,6,32,9,0.3709677419354839,neutral
SVIGFCCH,20,12,4,5,32,9,0.3709677419354839,neutral
CDHICGFF,18,14,5,4,32,9,0.3709677419354839,neutral
FCICVGCY,18,14,4,5,32,9,0.3709677419354839,neutral
CHVYSGYF,20,12,6,3,32,9,0.3709677419354839,neutral
CHFGIYCY,20,12,7,2,32,9,0.3709677419354839,neutral
CCRCCNCR,18,14,2,7,32,9,0.3709677419354839,neutral
IIGCCNVY,19,13,3,6,32,9,0.3709677419354839,neutral
VCFFFFIC,21,11,6,3,32,9,0.3709677419354839,neutral
CCDICLRG,20,12,4,5,32,9,0.3709677419354839,neutral
IVYRVFSC,17,15,6,3,32,9,0.3709677419354839,neutral
CCDDFYGS,25,7,4,5,32,9,0.3709677419354839,neutral
GLYFSNVV,52,42,21,27,94,48,0.3709677419354839,neutral
SHCCFFLC,19,13,5,4,32,9,0.3709677419354839,neutral
YVLYRYGC,22,10,2,7,32,9,0.3709677419354839,neutral
RVFDCVDY,21,11,7,2,32,9,0.3709677419354839,neutral
VSDIFYGG,16,16,3,6,32,9,0.3709677419354839,neutral
FFFVLHHD,22,10,2,7,32,9,0.3709677419354839,neutral
VYSVRCVF,18,14,6,3,32,9,0.3709677419354839,neutral
DFICHVII,21,11,3,6,32,9,0.3709677419354839,neutral
CYHIFCGF,23,9,4,5,32,9,0.3709677419354839,neutral
CDVFCVYG,24,8,6,3,32,9,0.3709677419354839,neutral
FRDHIFDC,22,10,5,4,32,9,0.3709677419354839,neutral
IFGSHYSV,40,27,14,17,67,31,0.3711340206185567,neutral
FFYIGCLH,42,25,10,21,67,31,0.3711340206185567,neutral
CFYNHLYS,40,27,14,17,67,31,0.3711340206185567,neutral
YFDYICGG,40,27,15,16,67,31,0.3711340206185567,neutral
SGCVGCRL,39,28,16,15,67,31,0.3711340206185567,neutral
GCHLILFN,39,28,15,16,67,31,0.3711340206185567,neutral
DFCRCLNF,43,24,13,18,67,31,0.3711340206185567,neutral
SCGGCFGL,57,45,28,25,102,53,0.3712121212121212,neutral
VRSFIYVH,59,43,24,29,102,53,0.3712121212121212,neutral
GYCVHNSI,60,42,29,24,102,53,0.3712121212121212,neutral
FNVCVLSV,76,61,34,41,137,75,0.3712574850299401,neutral
FVVCVYDR,28,12,7,7,40,14,0.37142857142857144,neutral
ILFVDIHV,38,37,14,22,75,36,0.37142857142857144,neutral
CLCCSDNF,24,16,4,10,40,14,0.37142857142857144,neutral
YCFHCFCS,27,13,5,9,40,14,0.37142857142857144,neutral
LYGFHNII,45,30,17,19,75,36,0.37142857142857144,neutral
SSCFYFNY,28,12,8,6,40,14,0.37142857142857144,neutral
YVFDHLNV,26,14,8,6,40,14,0.37142857142857144,neutral
VCDIGFFF,20,20,10,4,40,14,0.37142857142857144,neutral
CCICDIDL,23,17,7,7,40,14,0.37142857142857144,neutral
SFDFFFGL,26,14,6,8,40,14,0.37142857142857144,neutral
LVGVFYGG,46,29,18,18,75,36,0.37142857142857144,neutral
IDFSYHII,21,19,9,5,40,14,0.37142857142857144,neutral
FCIVNHCY,25,15,8,6,40,14,0.37142857142857144,neutral
HNLYDCCY,22,18,5,9,40,14,0.37142857142857144,neutral
CFNCCDLF,23,17,9,5,40,14,0.37142857142857144,neutral
LFSGICCY,63,47,25,33,110,58,0.37142857142857144,neutral
FCGVFFNS,47,28,16,20,75,36,0.37142857142857144,neutral
FGFNVRSF,112,103,62,62,215,124,0.37142857142857144,neutral
YGDLLIYV,22,18,2,12,40,14,0.37142857142857144,neutral
RDCYNYFH,23,17,10,4,40,14,0.37142857142857144,neutral
NCYVDFYY,27,13,6,8,40,14,0.37142857142857144,neutral
FCFYNFGI,42,33,11,25,75,36,0.37142857142857144,neutral
YYYSFGNR,28,12,4,10,40,14,0.37142857142857144,neutral
YYYCFGCR,26,14,10,4,40,14,0.37142857142857144,neutral
VIVVDHCY,34,41,16,20,75,36,0.37142857142857144,neutral
VYLCGRYG,25,15,7,7,40,14,0.37142857142857144,neutral
SYHFNFFV,25,15,4,10,40,14,0.37142857142857144,neutral
YCLNYFRI,23,17,5,9,40,14,0.37142857142857144,neutral
IGFCGCIF,47,36,23,18,83,41,0.37168141592920356,neutral
VSGCCIRL,44,39,20,21,83,41,0.37168141592920356,neutral
NINHHVGF,50,33,19,22,83,41,0.37168141592920356,neutral
GCVDGCYG,30,18,13,6,48,19,0.3717948717948718,neutral
HRVYVGGF,27,21,10,9,48,19,0.3717948717948718,neutral
LCFIGCFC,33,15,6,13,48,19,0.3717948717948718,neutral
SYHYGHVR,33,15,8,11,48,19,0.3717948717948718,neutral
LCCYGRFH,30,18,7,12,48,19,0.3717948717948718,neutral
FILFIRDH,25,23,10,9,48,19,0.3717948717948718,neutral
YRVDRSFD,29,19,6,13,48,19,0.3717948717948718,neutral
CFRCRFDN,29,19,9,10,48,19,0.3717948717948718,neutral
YILCRSYR,28,20,8,11,48,19,0.3717948717948718,neutral
CLCGICHN,27,21,13,6,48,19,0.3717948717948718,neutral
SLLLHLCV,33,15,11,8,48,19,0.3717948717948718,neutral
LCCINHVC,29,19,10,9,48,19,0.3717948717948718,neutral
CLGLDCVI,32,16,13,6,48,19,0.3717948717948718,neutral
YSVYCGCN,31,17,7,12,48,19,0.3717948717948718,neutral
VGCYSVLI,25,23,8,11,48,19,0.3717948717948718,neutral
VIGNCYVF,28,20,15,4,48,19,0.3717948717948718,neutral
CCFYYSNC,24,24,9,10,48,19,0.3717948717948718,neutral
GCFRLFDI,31,17,15,4,48,19,0.3717948717948718,neutral
CDLFYCLH,49,42,23,23,91,46,0.371900826446281,neutral
CNIHFNLY,53,38,25,21,91,46,0.371900826446281,neutral
CCYFICNC,50,41,23,23,91,46,0.371900826446281,neutral
YFLCDFGI,34,22,7,17,56,24,0.37209302325581395,neutral
GCRGFGYN,31,25,13,11,56,24,0.37209302325581395,neutral
FSCCVSCV,33,23,9,15,56,24,0.37209302325581395,neutral
CCHFIFHR,37,19,9,15,56,24,0.37209302325581395,neutral
NRDDICFV,36,20,10,14,56,24,0.37209302325581395,neutral
YDCDSLLR,33,23,9,15,56,24,0.37209302325581395,neutral
HHFRFFGH,101,84,50,55,185,105,0.37209302325581395,neutral
ICYCGSDR,53,46,27,24,99,51,0.37209302325581395,neutral
ISVCYSVF,33,23,9,15,56,24,0.37209302325581395,neutral
SSYRYVGR,34,22,11,13,56,24,0.37209302325581395,neutral
FSVSVFCG,32,24,11,13,56,24,0.37209302325581395,neutral
SLGYGCVI,37,19,9,15,56,24,0.37209302325581395,neutral
FFIGGSYH,35,21,9,15,56,24,0.37209302325581395,neutral
FRLCCLNS,58,41,25,26,99,51,0.37209302325581395,neutral
YYYFVRGH,36,20,9,15,56,24,0.37209302325581395,neutral
VRSFRYFI,33,23,14,10,56,24,0.37209302325581395,neutral
ICVVFGLS,34,22,15,9,56,24,0.37209302325581395,neutral
LFDLYDRL,80,70,44,39,150,83,0.37222222222222223,neutral
HCFRRYGD,58,49,33,23,107,56,0.3722627737226277,neutral
FFNRVNCI,63,44,32,24,107,56,0.3722627737226277,neutral
LFDYCFRH,63,44,24,32,107,56,0.3722627737226277,neutral
IGLSCFVD,41,23,17,12,64,29,0.3723404255319149,neutral
CCCSDGIV,41,23,12,17,64,29,0.3723404255319149,neutral
HCFCCSDH,39,25,16,13,64,29,0.3723404255319149,neutral
FLIVGCHV,38,26,11,18,64,29,0.3723404255319149,neutral
YYDRCGCG,35,29,15,14,64,29,0.3723404255319149,neutral
CGFVRDCC,35,29,11,18,64,29,0.3723404255319149,neutral
FFCRGHFR,40,24,15,14,64,29,0.3723404255319149,neutral
FNYCSVRC,39,25,13,16,64,29,0.3723404255319149,neutral
VVGYDIHG,39,25,10,19,64,29,0.3723404255319149,neutral
HFYDFVFR,38,26,17,12,64,29,0.3723404255319149,neutral
VSFCDFRI,67,48,33,28,115,61,0.3724137931034483,neutral
DLLDSFCD,64,51,33,28,115,61,0.3724137931034483,neutral
VRDYCFVC,66,49,23,38,115,61,0.3724137931034483,neutral
CFVGCFVH,17,4,2,0,21,2,0.37254901960784315,neutral
FFYFCFYL,15,6,0,2,21,2,0.37254901960784315,neutral
CLYICFHG,12,9,1,1,21,2,0.37254901960784315,neutral
VVVCRVYG,13,8,2,0,21,2,0.37254901960784315,neutral
YCVHSFFC,38,34,12,22,72,34,0.37254901960784315,neutral
VRFFCFCV,14,7,0,2,21,2,0.37254901960784315,neutral
FVILFYSH,16,5,2,0,21,2,0.37254901960784315,neutral
FCFLCFGL,16,5,2,0,21,2,0.37254901960784315,neutral
FLYILFVC,15,6,2,0,21,2,0.37254901960784315,neutral
VYYCSIFF,14,7,0,2,21,2,0.37254901960784315,neutral
CFVVVCRH,10,11,0,2,21,2,0.37254901960784315,neutral
CGFDGFGC,13,8,1,1,21,2,0.37254901960784315,neutral
CFFFCVIF,12,9,2,0,21,2,0.37254901960784315,neutral
VFGLFNYV,45,27,15,19,72,34,0.37254901960784315,neutral
ICVFIICI,14,7,1,1,21,2,0.37254901960784315,neutral
CFCYFFCV,18,3,1,1,21,2,0.37254901960784315,neutral
IIYYFCFI,13,8,0,2,21,2,0.37254901960784315,neutral
SCCRICCL,14,7,1,1,21,2,0.37254901960784315,neutral
CRFIVYIV,16,5,0,2,21,2,0.37254901960784315,neutral
CYLIFVFF,14,7,0,2,21,2,0.37254901960784315,neutral
VYVFRLRV,15,6,0,2,21,2,0.37254901960784315,neutral
CVVIRLCC,10,11,1,1,21,2,0.37254901960784315,neutral
ILVLRFYV,12,9,0,2,21,2,0.37254901960784315,neutral
CFFYILDY,17,4,0,2,21,2,0.37254901960784315,neutral
FFIIFFCF,11,10,1,1,21,2,0.37254901960784315,neutral
VRYCVYVY,10,11,0,2,21,2,0.37254901960784315,neutral
HCDGFFGI,43,29,19,15,72,34,0.37254901960784315,neutral
CGSRGIFD,13,8,1,1,21,2,0.37254901960784315,neutral
FCSVFYFF,14,7,0,2,21,2,0.37254901960784315,neutral
VYFLCFDC,13,8,1,1,21,2,0.37254901960784315,neutral
CVFFCDRV,39,33,21,13,72,34,0.37254901960784315,neutral
LFFVFLLL,15,6,2,0,21,2,0.37254901960784315,neutral
CLICVFRI,17,4,2,0,21,2,0.37254901960784315,neutral
DFFCFGLC,45,27,18,16,72,34,0.37254901960784315,neutral
LFNYISFF,14,7,0,2,21,2,0.37254901960784315,neutral
INCRFSIY,33,39,16,18,72,34,0.37254901960784315,neutral
CFHYIVRI,10,11,1,1,21,2,0.37254901960784315,neutral
YICIVVCI,14,7,1,1,21,2,0.37254901960784315,neutral
FYIHCYIF,17,4,0,2,21,2,0.37254901960784315,neutral
GFYVHYLR,15,6,0,2,21,2,0.37254901960784315,neutral
FFGVFVRF,16,5,1,1,21,2,0.37254901960784315,neutral
LRHLLFRH,9,12,2,0,21,2,0.37254901960784315,neutral
FFYRYYCH,41,39,17,22,80,39,0.37272727272727274,neutral
FSSGGVFV,49,31,19,20,80,39,0.37272727272727274,neutral
CICLYDHG,42,38,23,16,80,39,0.37272727272727274,neutral
CVNRVHYF,49,31,16,23,80,39,0.37272727272727274,neutral
YLCYSCSN,48,32,19,20,80,39,0.37272727272727274,neutral
SCRCSNGC,44,36,21,18,80,39,0.37272727272727274,neutral
RYDINCDL,21,8,4,3,29,7,0.3728813559322034,neutral
YDCCCCFF,21,8,3,4,29,7,0.3728813559322034,neutral
GIVFNYHF,22,7,4,3,29,7,0.3728813559322034,neutral
VFYFLSNC,19,10,4,3,29,7,0.3728813559322034,neutral
FLLLCCVF,16,13,5,2,29,7,0.3728813559322034,neutral
IISVCYFC,17,12,5,2,29,7,0.3728813559322034,neutral
YIFGCGNV,51,37,21,23,88,44,0.3728813559322034,neutral
YNLCCCHV,19,10,5,2,29,7,0.3728813559322034,neutral
DFIFDGYV,50,38,21,23,88,44,0.3728813559322034,neutral
CHCYCFNR,18,11,4,3,29,7,0.3728813559322034,neutral
LCDVCCLR,17,12,2,5,29,7,0.3728813559322034,neutral
HCFCCLVD,49,39,21,23,88,44,0.3728813559322034,neutral
YCGCYDFR,53,35,18,26,88,44,0.3728813559322034,neutral
FIFGSHYR,16,13,5,2,29,7,0.3728813559322034,neutral
YFYFCFNG,16,13,3,4,29,7,0.3728813559322034,neutral
FCCCYVHH,15,14,2,5,29,7,0.3728813559322034,neutral
FDRCCCDN,52,36,15,29,88,44,0.3728813559322034,neutral
NCCYGHFG,51,37,19,25,88,44,0.3728813559322034,neutral
RFSCCVFS,16,13,5,2,29,7,0.3728813559322034,neutral
HCFVNFIR,19,10,5,2,29,7,0.3728813559322034,neutral
FSCYGCGY,17,12,5,2,29,7,0.3728813559322034,neutral
CLCCYCCV,13,16,1,6,29,7,0.3728813559322034,neutral
SGIYYRDF,22,7,4,3,29,7,0.3728813559322034,neutral
CFFDFLHD,20,9,3,4,29,7,0.3728813559322034,neutral
CIICSCGC,22,7,2,5,29,7,0.3728813559322034,neutral
SYDSHNRV,16,13,5,2,29,7,0.3728813559322034,neutral
FVGFFLNC,21,8,4,3,29,7,0.3728813559322034,neutral
FCISCLCG,20,9,2,5,29,7,0.3728813559322034,neutral
NCVYFGHL,85,70,38,48,155,86,0.372972972972973,neutral
IYGGCGCL,55,41,29,20,96,49,0.373015873015873,neutral
YVRHIIGF,57,39,20,29,96,49,0.373015873015873,neutral
LYRIFCGV,18,19,8,4,37,12,0.373134328358209,neutral
DYVYGRFC,19,18,7,5,37,12,0.373134328358209,neutral
LCGFLCFC,27,10,5,7,37,12,0.373134328358209,neutral
CCGLSIYI,25,12,5,7,37,12,0.373134328358209,neutral
IFCHCCHF,22,15,7,5,37,12,0.373134328358209,neutral
ILNVGFRY,21,16,8,4,37,12,0.373134328358209,neutral
YDCCHSIL,60,44,24,30,104,54,0.373134328358209,neutral
YCVGSCFL,18,19,5,7,37,12,0.373134328358209,neutral
FCCVDCVI,20,17,6,6,37,12,0.373134328358209,neutral
LCVCYNHF,23,14,5,7,37,12,0.373134328358209,neutral
YCFRCFVC,25,12,7,5,37,12,0.373134328358209,neutral
FDLVIYNG,23,14,7,5,37,12,0.373134328358209,neutral
YFFRGDVH,22,15,1,11,37,12,0.373134328358209,neutral
VINRYGVI,22,15,6,6,37,12,0.373134328358209,neutral
VGHFFSCC,27,10,5,7,37,12,0.373134328358209,neutral
DCVFFFVD,18,19,6,6,37,12,0.373134328358209,neutral
LCHCGIVF,28,9,3,9,37,12,0.373134328358209,neutral
CIICYRSC,23,14,5,7,37,12,0.373134328358209,neutral
GYHSFIGG,20,17,4,8,37,12,0.373134328358209,neutral
CFYCSYCY,20,17,6,6,37,12,0.373134328358209,neutral
YFLHCFGF,27,10,7,5,37,12,0.373134328358209,neutral
CYCNLCDC,27,10,6,6,37,12,0.373134328358209,neutral
FFVRCYDR,21,16,7,5,37,12,0.373134328358209,neutral
CCGCSVCL,24,13,3,9,37,12,0.373134328358209,neutral
FHNRVSCY,27,10,5,7,37,12,0.373134328358209,neutral
FVFDSFIR,22,15,5,7,37,12,0.373134328358209,neutral
FFCCGIDS,26,11,7,5,37,12,0.373134328358209,neutral
FICCFNVG,24,13,8,4,37,12,0.373134328358209,neutral
YFCCGDGG,61,51,28,31,112,59,0.3732394366197183,neutral
IHNVCICL,26,19,10,7,45,17,0.37333333333333335,neutral
FCGVFGRH,28,17,5,12,45,17,0.37333333333333335,neutral
FYLFGDGG,30,15,8,9,45,17,0.37333333333333335,neutral
VIYSCHIH,29,16,6,11,45,17,0.37333333333333335,neutral
ILICFSNS,27,18,6,11,45,17,0.37333333333333335,neutral
CCFCGLLH,27,18,6,11,45,17,0.37333333333333335,neutral
YILDFVFV,30,15,8,9,45,17,0.37333333333333335,neutral
VCNGNCCI,28,17,12,5,45,17,0.37333333333333335,neutral
CGCGCIRY,32,13,8,9,45,17,0.37333333333333335,neutral
GYVDSFRF,31,14,10,7,45,17,0.37333333333333335,neutral
FYGLCLYH,24,21,5,12,45,17,0.37333333333333335,neutral
DIFGYVRN,31,14,8,9,45,17,0.37333333333333335,neutral
CFCHSGFC,28,17,4,13,45,17,0.37333333333333335,neutral
GYYFNFYG,26,19,8,9,45,17,0.37333333333333335,neutral
VYRDHLSG,28,17,9,8,45,17,0.37333333333333335,neutral
CLNCCVGL,28,17,6,11,45,17,0.37333333333333335,neutral
FNHCDLVF,35,18,11,11,53,22,0.37349397590361444,neutral
FGRVYLSL,30,23,13,9,53,22,0.37349397590361444,neutral
FGFFHVGY,31,22,13,9,53,22,0.37349397590361444,neutral
FVRCLCGS,32,21,12,10,53,22,0.37349397590361444,neutral
GICGGILC,36,17,10,12,53,22,0.37349397590361444,neutral
YLFFNLCG,31,22,11,11,53,22,0.37349397590361444,neutral
FINGFFDI,31,22,13,9,53,22,0.37349397590361444,neutral
GLCDLCGF,30,23,14,8,53,22,0.37349397590361444,neutral
FDVDVCCI,33,20,11,11,53,22,0.37349397590361444,neutral
SFVINVCI,30,23,10,12,53,22,0.37349397590361444,neutral
NVLFHCYV,33,20,9,13,53,22,0.37349397590361444,neutral
RYFGGNYL,32,21,9,13,53,22,0.37349397590361444,neutral
FSCYNYSC,32,21,10,12,53,22,0.37349397590361444,neutral
FYDDCCCL,35,18,8,14,53,22,0.37349397590361444,neutral
CHHVRGFG,34,19,11,11,53,22,0.37349397590361444,neutral
FDLFHVNY,33,20,8,14,53,22,0.37349397590361444,neutral
VSYCGFDG,29,24,6,16,53,22,0.37349397590361444,neutral
HSCVRCHY,39,22,11,16,61,27,0.37362637362637363,neutral
DSVRYFGD,34,27,14,13,61,27,0.37362637362637363,neutral
FCYFDGDN,32,29,16,11,61,27,0.37362637362637363,neutral
VGYFSGFD,37,24,12,15,61,27,0.37362637362637363,neutral
VCCGGGCR,37,24,9,18,61,27,0.37362637362637363,neutral
LCVLDVHD,34,27,16,11,61,27,0.37362637362637363,neutral
FYGSVRCG,39,22,12,15,61,27,0.37362637362637363,neutral
DNLVIRCY,37,24,18,9,61,27,0.37362637362637363,neutral
DFLYHHFG,38,23,11,16,61,27,0.37362637362637363,neutral
GGCNHFGY,35,26,10,17,61,27,0.37362637362637363,neutral
NLLSNRFY,40,21,8,19,61,27,0.37362637362637363,neutral
HCYSGIHG,34,27,13,14,61,27,0.37362637362637363,neutral
SYVIDGGL,37,24,12,15,61,27,0.37362637362637363,neutral
YLGCRHIC,40,21,12,15,61,27,0.37362637362637363,neutral
IGVHLYGC,89,71,42,47,160,89,0.3736842105263158,neutral
SFCGSFFG,44,25,15,17,69,32,0.37373737373737376,neutral
RDLFGVHG,40,29,14,18,69,32,0.37373737373737376,neutral
CCLNGVSF,40,29,17,15,69,32,0.37373737373737376,neutral
YINVINFR,44,25,16,16,69,32,0.37373737373737376,neutral
CSGLFGFC,40,29,11,21,69,32,0.37373737373737376,neutral
GLLRCDIF,42,27,19,13,69,32,0.37373737373737376,neutral
LICRVVHF,41,28,14,18,69,32,0.37373737373737376,neutral
FCRIDCFR,42,35,19,18,77,37,0.37383177570093457,neutral
NNFVCYFD,48,29,16,21,77,37,0.37383177570093457,neutral
FGVCCGFI,45,32,22,15,77,37,0.37383177570093457,neutral
FYHFCYDI,48,29,16,21,77,37,0.37383177570093457,neutral
FCCIRHSC,48,29,21,16,77,37,0.37383177570093457,neutral
SFCNCRVF,41,36,12,25,77,37,0.37383177570093457,neutral
GLVCRGSG,38,39,19,18,77,37,0.37383177570093457,neutral
YSCNYRCG,52,33,18,24,85,42,0.3739130434782609,neutral
YLCDIYCV,52,33,18,24,85,42,0.3739130434782609,neutral
IYVGCFCN,52,33,18,24,85,42,0.3739130434782609,neutral
NFCCIHYV,47,38,18,24,85,42,0.3739130434782609,neutral
FVFDIFCG,52,33,19,23,85,42,0.3739130434782609,neutral
ICDFCIRD,52,33,22,20,85,42,0.3739130434782609,neutral
SRVYGYCR,48,37,20,22,85,42,0.3739130434782609,neutral
CGFLYRSV,42,43,26,16,85,42,0.3739130434782609,neutral
ISCYYHGL,42,51,22,25,93,47,0.37398373983739835,neutral
FCGVCFFR,54,39,23,24,93,47,0.37398373983739835,neutral
FVVVGGYD,59,42,20,32,101,52,0.37404580152671757,neutral
FCSLLDIC,63,46,31,26,109,57,0.37410071942446044,neutral
LIRSNYRD,61,48,27,30,109,57,0.37410071942446044,neutral
LCGCNGYH,62,47,20,37,109,57,0.37410071942446044,neutral
FFDGGVSC,68,49,27,35,117,62,0.3741496598639456,neutral
DHLHCNSY,68,57,30,37,125,67,0.3741935483870968,neutral
CHSLFGRG,78,63,34,43,141,77,0.3742690058479532,neutral
CLCNSHFY,38,20,11,14,58,25,0.375,neutral
YICGFIGI,51,39,26,19,90,45,0.375,neutral
INDFCHFC,49,33,23,17,82,40,0.375,neutral
FFYGGGVR,17,9,3,2,26,5,0.375,neutral
RCLYIVVH,22,12,6,4,34,10,0.375,neutral
VCCGNFGV,74,64,38,37,138,75,0.375,neutral
IFHFYVCI,10,8,0,0,18,0,0.375,neutral
GICCNYYC,20,22,8,7,42,15,0.375,neutral
VYIFLFVF,11,7,0,0,18,0,0.375,neutral
FFIIYGLS,42,24,10,20,66,30,0.375,neutral
VCDVYSIV,32,18,8,12,50,20,0.375,neutral
FLIVVFCG,15,11,4,1,26,5,0.375,neutral
CCFYVYCF,18,8,3,2,26,5,0.375,neutral
CVVGYYLC,50,32,19,21,82,40,0.375,neutral
FFDFCFLL,10,8,0,0,18,0,0.375,neutral
FCSYNVVC,15,11,2,3,26,5,0.375,neutral
CGLFYVVV,19,7,1,4,26,5,0.375,neutral
FFNSCFHS,50,40,22,23,90,45,0.375,neutral
RFCHCCGL,48,34,21,19,82,40,0.375,neutral
CGVVYNYF,31,19,12,8,50,20,0.375,neutral
CFDGCNDI,27,15,5,10,42,15,0.375,neutral
CNRFCIIH,32,18,8,12,50,20,0.375,neutral
VVSHSGIG,69,61,26,44,130,70,0.375,neutral
VFSYCGGH,23,11,6,4,34,10,0.375,neutral
IYNFRLHL,38,28,11,19,66,30,0.375,neutral
FYFLYVCC,18,8,1,4,26,5,0.375,neutral
FYLSICHC,12,6,0,0,18,0,0.375,neutral
GVLFYDNC,18,16,3,7,34,10,0.375,neutral
FYVFVCCF,12,6,0,0,18,0,0.375,neutral
VVGSIVVF,64,50,35,25,114,60,0.375,neutral
FLSFFCLL,15,3,0,0,18,0,0.375,neutral
CCCRCDGS,32,34,10,20,66,30,0.375,neutral
FNRDGYFC,16,10,2,3,26,5,0.375,neutral
CDFYIRLS,37,21,9,16,58,25,0.375,neutral
HVCCVICI,12,6,0,0,18,0,0.375,neutral
FYNFNDLF,46,44,16,29,90,45,0.375,neutral
NCCIFDFC,32,18,11,9,50,20,0.375,neutral
CFRDFCFI,25,25,8,12,50,20,0.375,neutral
CYFVSYVN,50,32,25,15,82,40,0.375,neutral
CGFCSVFC,28,14,7,8,42,15,0.375,neutral
CCFCYCFG,17,9,4,1,26,5,0.375,neutral
FFLCHNGC,25,17,4,11,42,15,0.375,neutral
FFFHCGDF,42,32,24,11,74,35,0.375,neutral
HNYGFCDD,22,12,3,7,34,10,0.375,neutral
FVYFCDFC,12,14,3,2,26,5,0.375,neutral
LLIYVDGL,22,12,4,6,34,10,0.375,neutral
FCYNVLFF,14,4,0,0,18,0,0.375,neutral
CYCYFSIG,18,8,4,1,26,5,0.375,neutral
FYCYFNLG,17,9,2,3,26,5,0.375,neutral
HFDGNYCV,17,9,4,1,26,5,0.375,neutral
DGFGNVLY,33,17,9,11,50,20,0.375,neutral
GCFFCHGV,33,25,10,15,58,25,0.375,neutral
FCYFHICF,15,3,0,0,18,0,0.375,neutral
RLCCVFLL,11,7,0,0,18,0,0.375,neutral
LFCRILIG,10,8,0,0,18,0,0.375,neutral
IHSDCFGG,37,21,13,12,58,25,0.375,neutral
VHFFRCYC,17,17,8,2,34,10,0.375,neutral
CCCCYCHN,25,17,6,9,42,15,0.375,neutral
FLCFFDLI,13,5,0,0,18,0,0.375,neutral
SDYLSYCY,21,13,7,3,34,10,0.375,neutral
CHYSHYGV,12,14,5,0,26,5,0.375,neutral
CCCFCSRS,17,9,2,3,26,5,0.375,neutral
GNFFIRYC,25,9,3,7,34,10,0.375,neutral
FILVCVRF,13,5,0,0,18,0,0.375,neutral
CCGCRGGN,36,22,16,9,58,25,0.375,neutral
SICFYRVD,31,19,9,11,50,20,0.375,neutral
IRICLDCC,54,36,23,22,90,45,0.375,neutral
CRCCSNLV,30,12,12,3,42,15,0.375,neutral
FYNSNYCV,35,31,9,21,66,30,0.375,neutral
FFNYSSDI,19,15,2,8,34,10,0.375,neutral
GVFHFCFV,20,14,5,5,34,10,0.375,neutral
RHVVCCYD,37,29,13,17,66,30,0.375,neutral
VDCCYGHY,52,38,21,24,90,45,0.375,neutral
VGDFDDIV,40,26,16,14,66,30,0.375,neutral
YSSINYYC,53,53,23,32,106,55,0.375,neutral
GNCCCRVG,25,17,10,5,42,15,0.375,neutral
FFCCNLYF,17,9,2,3,26,5,0.375,neutral
FFFILSFF,9,9,0,0,18,0,0.375,neutral
LCDLCCSL,19,15,3,7,34,10,0.375,neutral
FGFRGFVY,15,11,3,2,26,5,0.375,neutral
YSYYNYGH,19,7,2,3,26,5,0.375,neutral
FFFLCYRF,11,7,0,0,18,0,0.375,neutral
YFYHYCSF,15,11,0,5,26,5,0.375,neutral
FDCCCFDC,30,20,10,10,50,20,0.375,neutral
FRYIRFCF,14,4,0,0,18,0,0.375,neutral
IHLIVFRY,8,10,0,0,18,0,0.375,neutral
CSVSFYCG,46,28,17,18,74,35,0.375,neutral
CLVRCFSC,58,40,20,30,98,50,0.375,neutral
NCVFGDNL,70,52,39,26,122,65,0.375,neutral
CFCLNGFI,27,15,5,10,42,15,0.375,neutral
SDICVFGL,26,16,9,6,42,15,0.375,neutral
FYVCVRVR,13,5,0,0,18,0,0.375,neutral
FLCFCNFS,10,16,2,3,26,5,0.375,neutral
CCVCCCCL,26,24,12,8,50,20,0.375,neutral
LSVGYHVC,52,38,22,23,90,45,0.375,neutral
DSIYDVSY,10,8,0,0,18,0,0.375,neutral
NYCLDVRC,29,21,6,14,50,20,0.375,neutral
YIDIGLVF,37,21,12,13,58,25,0.375,neutral
FYRFFRGV,10,8,0,0,18,0,0.375,neutral
LFVCFDCF,17,9,3,2,26,5,0.375,neutral
LYFSGRDV,16,18,5,5,34,10,0.375,neutral
FYSFYYLH,40,26,11,19,66,30,0.375,neutral
FHRLVLDC,37,29,13,17,66,30,0.375,neutral
RVYCCNSG,44,30,19,16,74,35,0.375,neutral
CDFDCSHL,21,13,8,2,34,10,0.375,neutral
IYSSCIND,30,12,7,8,42,15,0.375,neutral
FCFYNFFC,29,13,7,8,42,15,0.375,neutral
FCGDFYDD,27,15,8,7,42,15,0.375,neutral
SIHISFCD,66,48,24,36,114,60,0.375,neutral
YFFCIRIC,12,6,0,0,18,0,0.375,neutral
CVCCRVVV,26,16,8,7,42,15,0.375,neutral
LVFRHYLH,25,25,8,12,50,20,0.375,neutral
SCSCVRGH,42,24,12,18,66,30,0.375,neutral
FYIYGCSD,46,28,17,18,74,35,0.375,neutral
YCDSVHCI,16,18,7,3,34,10,0.375,neutral
HYDYGFLH,29,13,7,8,42,15,0.375,neutral
VIGSFCFN,58,40,23,27,98,50,0.375,neutral
VFSHINGY,22,12,4,6,34,10,0.375,neutral
VFFCVGFH,10,8,0,0,18,0,0.375,neutral
LFVLVYVL,19,7,2,3,26,5,0.375,neutral
LCYIHGVV,34,24,11,14,58,25,0.375,neutral
CFYFICVF,13,5,0,0,18,0,0.375,neutral
ILCFDVHV,69,53,31,34,122,65,0.375,neutral
GLIGGYLI,33,17,12,8,50,20,0.375,neutral
FLVFIFRF,10,8,0,0,18,0,0.375,neutral
VCGCDCHG,43,31,15,20,74,35,0.375,neutral
FYYLIYIY,15,3,0,0,18,0,0.375,neutral
YFHFGCNL,58,40,25,25,98,50,0.375,neutral
FRLDCGCV,35,23,9,16,58,25,0.375,neutral
SFYGFGDV,29,13,7,8,42,15,0.375,neutral
VFSCHDYC,18,16,2,8,34,10,0.375,neutral
FYLYGNLV,42,40,15,25,82,40,0.375,neutral
SCCFLICH,16,10,4,1,26,5,0.375,neutral
LYCCCFFN,15,19,5,5,34,10,0.375,neutral
FCSYSLLN,45,29,20,15,74,35,0.375,neutral
VSCICGVF,46,28,15,20,74,35,0.375,neutral
RFDFGILC,31,27,11,14,58,25,0.375,neutral
GFGYVFCY,11,15,2,3,26,5,0.375,neutral
GFLRIGIG,46,28,13,22,74,35,0.375,neutral
FFFFFFVC,13,5,0,0,18,0,0.375,neutral
CCLCCFCS,35,23,11,14,58,25,0.375,neutral
DCSFFDNV,20,14,5,5,34,10,0.375,neutral
CFGRLFFR,12,14,3,2,26,5,0.375,neutral
RLFFVLFN,9,9,0,0,18,0,0.375,neutral
FCLFYFDS,49,33,23,17,82,40,0.375,neutral
CYGCHGYD,60,46,21,34,106,55,0.375,neutral
RFHFYVNC,42,24,17,13,66,30,0.375,neutral
YSLFGIFV,13,5,0,0,18,0,0.375,neutral
HFHCLLVC,24,18,8,7,42,15,0.375,neutral
RCCFLCVI,19,15,5,5,34,10,0.375,neutral
ICYIIVLL,13,5,0,0,18,0,0.375,neutral
CVRVVFLS,13,5,0,0,18,0,0.375,neutral
CVVYFDVI,43,31,18,17,74,35,0.375,neutral
YNIIVCLV,11,7,0,0,18,0,0.375,neutral
FYSDVNSC,45,29,20,15,74,35,0.375,neutral
LYLIVGLG,21,5,2,3,26,5,0.375,neutral
FFGYDIGH,22,20,9,6,42,15,0.375,neutral
YGCIICIY,15,3,0,0,18,0,0.375,neutral
VFDDGFCC,19,15,5,5,34,10,0.375,neutral
IHGFIIFI,23,11,5,5,34,10,0.375,neutral
FFFLFIYC,11,7,0,0,18,0,0.375,neutral
NYSCYCGI,42,24,12,18,66,30,0.375,neutral
CCSRGIHL,46,28,14,21,74,35,0.375,neutral
FVFRFCYC,10,8,0,0,18,0,0.375,neutral
CYCVGNHS,86,73,47,41,159,88,0.37566137566137564,neutral
NVLRVHDY,71,56,29,39,127,68,0.37579617834394907,neutral
FRRCRRRG,67,52,31,32,119,63,0.37583892617449666,neutral
ICGGYCGC,69,50,30,33,119,63,0.37583892617449666,neutral
CCFVFGYG,68,51,30,33,119,63,0.37583892617449666,neutral
IIHRYVYL,61,50,24,34,111,58,0.375886524822695,neutral
LCRFGRYH,64,47,26,32,111,58,0.375886524822695,neutral
CYLSRDIC,62,49,31,27,111,58,0.375886524822695,neutral
FRSSVHGY,64,47,34,24,111,58,0.375886524822695,neutral
VCCRLNSG,61,42,26,27,103,53,0.37593984962406013,neutral
CLNDHFDF,57,38,18,30,95,48,0.376,neutral
LGHICVRF,54,41,25,23,95,48,0.376,neutral
YFDCNGYY,44,51,19,29,95,48,0.376,neutral
CSYHVDGF,53,34,18,25,87,43,0.37606837606837606,neutral
GHIGCRYC,43,36,16,22,79,38,0.3761467889908257,neutral
INSCIYDG,46,33,18,20,79,38,0.3761467889908257,neutral
IIGCFGLC,46,33,18,20,79,38,0.3761467889908257,neutral
CVHLCLGR,41,38,15,23,79,38,0.3761467889908257,neutral
CGCGHDFC,42,29,16,17,71,33,0.37623762376237624,neutral
FYIGDYCC,43,28,12,21,71,33,0.37623762376237624,neutral
GVNCFFHG,34,37,15,18,71,33,0.37623762376237624,neutral
DCVYLLDH,44,27,15,18,71,33,0.37623762376237624,neutral
VYVNVDFH,39,32,18,15,71,33,0.37623762376237624,neutral
CVHHSYVF,42,29,15,18,71,33,0.37623762376237624,neutral
CYCRGHYH,45,26,15,18,71,33,0.37623762376237624,neutral
CICGVSLY,36,27,9,19,63,28,0.3763440860215054,neutral
FCLFSCDV,39,24,11,17,63,28,0.3763440860215054,neutral
CYRHVCLC,39,24,15,13,63,28,0.3763440860215054,neutral
VFCISVCD,41,22,14,14,63,28,0.3763440860215054,neutral
VFRGSNFC,35,28,10,18,63,28,0.3763440860215054,neutral
SNVYCCLC,37,26,11,17,63,28,0.3763440860215054,neutral
LVSCFGNI,38,25,11,17,63,28,0.3763440860215054,neutral
YRLCVGFC,37,26,18,10,63,28,0.3763440860215054,neutral
VHGCCFVV,40,23,13,15,63,28,0.3763440860215054,neutral
YCFCNRHV,31,32,12,16,63,28,0.3763440860215054,neutral
FFYFGSIV,39,24,13,15,63,28,0.3763440860215054,neutral
VYNSVGNY,40,23,12,16,63,28,0.3763440860215054,neutral
IFLGGIDG,40,23,15,13,63,28,0.3763440860215054,neutral
FYDHVGGH,37,26,16,12,63,28,0.3763440860215054,neutral
LCHFRGYR,34,29,12,16,63,28,0.3763440860215054,neutral
LFYRCFGG,37,26,12,16,63,28,0.3763440860215054,neutral
FGHGVFDF,40,23,15,13,63,28,0.3763440860215054,neutral
FLYLDHCV,34,21,11,12,55,23,0.3764705882352941,neutral
LHFCSFNY,29,26,9,14,55,23,0.3764705882352941,neutral
RCFVCVCR,34,21,14,9,55,23,0.3764705882352941,neutral
NFNVCYFG,27,28,12,11,55,23,0.3764705882352941,neutral
DYLYNGHV,32,23,10,13,55,23,0.3764705882352941,neutral
CISCVYDC,33,22,18,5,55,23,0.3764705882352941,neutral
FDFDNFCH,36,19,8,15,55,23,0.3764705882352941,neutral
FDFGVRLN,27,28,13,10,55,23,0.3764705882352941,neutral
RYRGFLDG,35,20,7,16,55,23,0.3764705882352941,neutral
FFNCCVID,32,23,9,14,55,23,0.3764705882352941,neutral
CIFFHSVY,34,21,9,14,55,23,0.3764705882352941,neutral
YHDLFVFR,29,26,16,7,55,23,0.3764705882352941,neutral
YYVCSLDI,37,18,9,14,55,23,0.3764705882352941,neutral
FYHSYLSY,33,22,11,12,55,23,0.3764705882352941,neutral
GFCLVCGD,35,20,6,17,55,23,0.3764705882352941,neutral
IVGFSCLD,27,20,8,10,47,18,0.37662337662337664,neutral
CDLLVYGD,31,16,10,8,47,18,0.37662337662337664,neutral
GCVGFYSD,31,16,9,9,47,18,0.37662337662337664,neutral
FVSFSGID,71,53,30,36,124,66,0.37662337662337664,neutral
FYYSSHLG,30,17,10,8,47,18,0.37662337662337664,neutral
DCNCFIFN,31,16,9,9,47,18,0.37662337662337664,neutral
FRSYCRFC,29,18,9,9,47,18,0.37662337662337664,neutral
YFRVDFGY,33,14,9,9,47,18,0.37662337662337664,neutral
FIFGCSYC,33,14,8,10,47,18,0.37662337662337664,neutral
YVCYGFYS,33,14,11,7,47,18,0.37662337662337664,neutral
RNLVCFVG,33,14,7,11,47,18,0.37662337662337664,neutral
CNCHGRCV,31,16,10,8,47,18,0.37662337662337664,neutral
CHCLCGNH,30,17,12,6,47,18,0.37662337662337664,neutral
FFVFGGVI,30,17,11,7,47,18,0.37662337662337664,neutral
SRLCFGDY,31,16,5,13,47,18,0.37662337662337664,neutral
FVCFDFGF,29,18,8,10,47,18,0.37662337662337664,neutral
FFDCFRCI,31,16,6,12,47,18,0.37662337662337664,neutral
YRYCHYFI,33,14,10,8,47,18,0.37662337662337664,neutral
YFRCFLGC,30,17,9,9,47,18,0.37662337662337664,neutral
IVNCDYCL,20,27,10,8,47,18,0.37662337662337664,neutral
FHGCFGCF,32,15,5,13,47,18,0.37662337662337664,neutral
YCGLGCVF,65,51,31,30,116,61,0.3767123287671233,neutral
SFVSSCCV,65,51,25,36,116,61,0.3767123287671233,neutral
VLIHGCVF,24,15,3,10,39,13,0.37681159420289856,neutral
DCLFNCSI,63,45,25,31,108,56,0.37681159420289856,neutral
YCIVSFDL,24,15,5,8,39,13,0.37681159420289856,neutral
FSGYDFID,19,20,5,8,39,13,0.37681159420289856,neutral
SHFFYFGS,21,18,6,7,39,13,0.37681159420289856,neutral
FCDLNRFC,26,13,4,9,39,13,0.37681159420289856,neutral
VFLGDYFG,18,21,10,3,39,13,0.37681159420289856,neutral
FLGGRIFV,60,48,30,26,108,56,0.37681159420289856,neutral
GCVCRIDV,24,15,6,7,39,13,0.37681159420289856,neutral
HFFNCVSN,22,17,8,5,39,13,0.37681159420289856,neutral
SCFFFCGG,27,12,3,10,39,13,0.37681159420289856,neutral
FNYINSLG,23,16,6,7,39,13,0.37681159420289856,neutral
VCVCCYID,23,16,8,5,39,13,0.37681159420289856,neutral
VLCHCIHC,29,10,7,6,39,13,0.37681159420289856,neutral
YDCLNNFL,23,16,6,7,39,13,0.37681159420289856,neutral
LCSYYDGI,18,21,7,6,39,13,0.37681159420289856,neutral
YCNFCSGH,25,14,5,8,39,13,0.37681159420289856,neutral
CFFCYHRG,25,14,2,11,39,13,0.37681159420289856,neutral
CHFCFIGS,25,14,5,8,39,13,0.37681159420289856,neutral
CLSGVSVF,57,43,26,25,100,51,0.3769230769230769,neutral
LVVHLDCF,90,71,43,46,161,89,0.3769633507853403,neutral
CCCVFNGF,21,10,3,5,31,8,0.3770491803278688,neutral
HCVLNFCC,20,11,4,4,31,8,0.3770491803278688,neutral
YNFYDVFV,20,11,3,5,31,8,0.3770491803278688,neutral
CVCCICIH,20,11,4,4,31,8,0.3770491803278688,neutral
FRYFHSCC,14,17,5,3,31,8,0.3770491803278688,neutral
DYLYSYFY,24,7,3,5,31,8,0.3770491803278688,neutral
VFCLNYVD,19,12,5,3,31,8,0.3770491803278688,neutral
CHHDCCRV,22,9,1,7,31,8,0.3770491803278688,neutral
DICDYVYN,18,13,3,5,31,8,0.3770491803278688,neutral
FSCISIGH,52,40,22,24,92,46,0.3770491803278688,neutral
YVVYRCDF,20,11,4,4,31,8,0.3770491803278688,neutral
SCCGCVCI,15,16,3,5,31,8,0.3770491803278688,neutral
RYFCCDGI,21,10,5,3,31,8,0.3770491803278688,neutral
FVCGCHNV,55,37,20,26,92,46,0.3770491803278688,neutral
RHHHVLDY,22,9,4,4,31,8,0.3770491803278688,neutral
SNRFFYSG,55,37,15,31,92,46,0.3770491803278688,neutral
LCHGCFCH,15,16,4,4,31,8,0.3770491803278688,neutral
YGVCGHDY,21,10,4,4,31,8,0.3770491803278688,neutral
CCSGCDVV,16,15,4,4,31,8,0.3770491803278688,neutral
CFDFCFDF,23,8,3,5,31,8,0.3770491803278688,neutral
YSFCGIFS,55,37,19,27,92,46,0.3770491803278688,neutral
YNCYCFFV,18,13,5,3,31,8,0.3770491803278688,neutral
CCCYRISY,16,15,3,5,31,8,0.3770491803278688,neutral
LFCVDCYV,48,36,21,20,84,41,0.37719298245614036,neutral
CIICYVFF,15,8,2,1,23,3,0.37735849056603776,neutral
FICLLFRF,15,8,2,1,23,3,0.37735849056603776,neutral
CFCVNCCI,11,12,2,1,23,3,0.37735849056603776,neutral
CHFCFVLF,12,11,1,2,23,3,0.37735849056603776,neutral
YCYFLSVF,12,11,1,2,23,3,0.37735849056603776,neutral
GVVSDHFS,15,8,1,2,23,3,0.37735849056603776,neutral
FILGLIVG,16,7,1,2,23,3,0.37735849056603776,neutral
FFLHSLRC,16,7,1,2,23,3,0.37735849056603776,neutral
FFGVVFHF,13,10,3,0,23,3,0.37735849056603776,neutral
VNYFCNRF,17,6,0,3,23,3,0.37735849056603776,neutral
GCCLYHCF,16,7,1,2,23,3,0.37735849056603776,neutral
FYFVFYCV,13,10,1,2,23,3,0.37735849056603776,neutral
NHCYVIVC,19,4,1,2,23,3,0.37735849056603776,neutral
DYDYFIRH,15,8,0,3,23,3,0.37735849056603776,neutral
CYRLSYDL,14,9,2,1,23,3,0.37735849056603776,neutral
FCVRVYIG,16,7,1,2,23,3,0.37735849056603776,neutral
VYCCCDYI,15,8,2,1,23,3,0.37735849056603776,neutral
HFILVRVG,14,9,3,0,23,3,0.37735849056603776,neutral
YYFLCRIC,19,4,2,1,23,3,0.37735849056603776,neutral
FCLLCVIF,11,12,2,1,23,3,0.37735849056603776,neutral
FFIYCCIF,10,13,0,3,23,3,0.37735849056603776,neutral
NFFGFILN,10,13,0,3,23,3,0.37735849056603776,neutral
YLRVVVIN,16,7,2,1,23,3,0.37735849056603776,neutral
VIVFVLFI,15,8,1,2,23,3,0.37735849056603776,neutral
LLFHVCCF,11,12,2,1,23,3,0.37735849056603776,neutral
FYSCFFGY,16,7,1,2,23,3,0.37735849056603776,neutral
LCLDIRCI,47,29,18,18,76,36,0.37735849056603776,neutral
FYDVFYGH,12,11,1,2,23,3,0.37735849056603776,neutral
FYLDNHCI,18,5,0,3,23,3,0.37735849056603776,neutral
IIYIHSYF,16,7,3,0,23,3,0.37735849056603776,neutral
CYFGCIVL,19,4,1,2,23,3,0.37735849056603776,neutral
FCLGHSLS,17,6,1,2,23,3,0.37735849056603776,neutral
LLFILCCC,15,8,2,1,23,3,0.37735849056603776,neutral
LCVSFYFC,12,11,1,2,23,3,0.37735849056603776,neutral
FGCFFCVL,14,9,2,1,23,3,0.37735849056603776,neutral
YVFFCCYR,20,3,1,2,23,3,0.37735849056603776,neutral
VFGLSFFV,38,30,17,14,68,31,0.37755102040816324,neutral
NFCCSFVN,41,27,18,13,68,31,0.37755102040816324,neutral
LFNCYYNY,42,26,15,16,68,31,0.37755102040816324,neutral
FYICDRFD,42,26,16,15,68,31,0.37755102040816324,neutral
VVDGCLYG,37,31,16,15,68,31,0.37755102040816324,neutral
RHCDFSHF,40,28,12,19,68,31,0.37755102040816324,neutral
SCRCVHCN,34,34,16,15,68,31,0.37755102040816324,neutral
LFRVVNFV,43,25,15,16,68,31,0.37755102040816324,neutral
FFNDHDVS,42,26,16,15,68,31,0.37755102040816324,neutral
HYSFRHYH,42,26,13,18,68,31,0.37755102040816324,neutral
FGCCVGLY,64,49,29,30,113,59,0.3776223776223776,neutral
DCCCVCLD,57,56,25,34,113,59,0.3776223776223776,neutral
FFDYLCYH,62,51,26,33,113,59,0.3776223776223776,neutral
LNFIFVNS,107,96,59,56,203,115,0.3776824034334764,neutral
NFCLCNHY,36,24,12,14,60,26,0.37777777777777777,neutral
CGRNICFY,60,45,28,26,105,54,0.37777777777777777,neutral
FNCYNICR,38,22,16,10,60,26,0.37777777777777777,neutral
RYRNFYGC,39,21,9,17,60,26,0.37777777777777777,neutral
CYNYRDYI,37,23,11,15,60,26,0.37777777777777777,neutral
VGVNFRYC,36,24,12,14,60,26,0.37777777777777777,neutral
FRVNCVCF,28,32,12,14,60,26,0.37777777777777777,neutral
VVRVFYRG,39,21,16,10,60,26,0.37777777777777777,neutral
FCVCFGFI,32,28,11,15,60,26,0.37777777777777777,neutral
CNCCVIVS,36,24,12,14,60,26,0.37777777777777777,neutral
IFCCVVHD,36,24,15,11,60,26,0.37777777777777777,neutral
CRDCVFCG,36,24,15,11,60,26,0.37777777777777777,neutral
HGCRCSGG,123,109,60,73,232,133,0.37786259541984735,neutral
LYRRFFDG,56,41,25,24,97,49,0.3779527559055118,neutral
VYSGHYHH,52,45,21,28,97,49,0.3779527559055118,neutral
CSDLVSHF,57,40,25,24,97,49,0.3779527559055118,neutral
CCGFSCHV,29,23,14,7,52,21,0.3780487804878049,neutral
YYFIHDYC,33,19,10,11,52,21,0.3780487804878049,neutral
FFLHFGRG,33,19,10,11,52,21,0.3780487804878049,neutral
CIHNICCS,33,19,8,13,52,21,0.3780487804878049,neutral
FCCSRYYH,32,20,6,15,52,21,0.3780487804878049,neutral
IHYYDVCG,31,21,7,14,52,21,0.3780487804878049,neutral
FLVFSCDI,31,21,13,8,52,21,0.3780487804878049,neutral
RFNVFCIY,35,17,10,11,52,21,0.3780487804878049,neutral
FSFHHDHC,30,22,11,10,52,21,0.3780487804878049,neutral
VFHYYGCL,30,22,12,9,52,21,0.3780487804878049,neutral
DYSRYYRL,35,17,13,8,52,21,0.3780487804878049,neutral
IRYHYVFS,29,23,8,13,52,21,0.3780487804878049,neutral
CCVCDICD,25,27,10,11,52,21,0.3780487804878049,neutral
SCCRCCGN,30,22,9,12,52,21,0.3780487804878049,neutral
FGYLYGYC,30,22,8,13,52,21,0.3780487804878049,neutral
YSINCDYD,34,18,9,12,52,21,0.3780487804878049,neutral
YNYVGVCH,31,21,15,6,52,21,0.3780487804878049,neutral
YCCFDYYR,52,37,21,23,89,44,0.37815126050420167,neutral
RFVIHVCD,54,35,18,26,89,44,0.37815126050420167,neutral
YYRLVLYH,54,35,20,24,89,44,0.37815126050420167,neutral
CDCGCRGS,50,39,21,23,89,44,0.37815126050420167,neutral
LVYHHGVD,89,74,39,51,163,90,0.37823834196891193,neutral
ICSCCNVC,28,16,7,9,44,16,0.3783783783783784,neutral
FFHSDRGG,66,52,33,29,118,62,0.3783783783783784,neutral
CFIHVSLD,23,21,7,9,44,16,0.3783783783783784,neutral
CRRVCVCI,28,16,4,12,44,16,0.3783783783783784,neutral
CCCGRRVG,29,15,9,7,44,16,0.3783783783783784,neutral
LFFLFGFV,23,21,10,6,44,16,0.3783783783783784,neutral
CSGVGFFL,68,50,24,38,118,62,0.3783783783783784,neutral
LFDDYVSH,23,21,10,6,44,16,0.3783783783783784,neutral
FIGGYVIS,26,18,8,8,44,16,0.3783783783783784,neutral
FIFCCSNN,50,31,21,18,81,39,0.3783783783783784,neutral
CCIDYLDC,26,18,11,5,44,16,0.3783783783783784,neutral
FYDFGNYF,46,35,21,18,81,39,0.3783783783783784,neutral
HYYHNYVD,49,32,13,26,81,39,0.3783783783783784,neutral
GYLVHLRV,27,17,10,6,44,16,0.3783783783783784,neutral
FSHVRYGG,44,37,21,18,81,39,0.3783783783783784,neutral
FIHGIYFY,27,17,11,5,44,16,0.3783783783783784,neutral
FCHFRIDV,50,31,17,22,81,39,0.3783783783783784,neutral
CHFCVVGS,61,57,29,33,118,62,0.3783783783783784,neutral
GSYVYHVR,28,16,9,7,44,16,0.3783783783783784,neutral
YCNCFYDI,23,21,8,8,44,16,0.3783783783783784,neutral
GFCFLGGL,28,16,5,11,44,16,0.3783783783783784,neutral
LIRYFGDI,27,17,9,7,44,16,0.3783783783783784,neutral
YCFFRSHL,28,16,8,8,44,16,0.3783783783783784,neutral
RCIGSFIR,81,66,35,45,147,80,0.3785310734463277,neutral
FCCNDFFY,64,46,26,31,110,57,0.37857142857142856,neutral
SSFYSYVL,44,29,10,24,73,34,0.3786407766990291,neutral
GFFDCFVF,46,27,16,18,73,34,0.3786407766990291,neutral
CDDVSHYC,20,16,2,9,36,11,0.3787878787878788,neutral
YCYLVYSC,26,10,5,6,36,11,0.3787878787878788,neutral
CFRRGVYC,58,44,23,29,102,52,0.3787878787878788,neutral
NFNCIYGD,24,12,3,8,36,11,0.3787878787878788,neutral
YLDGNDCL,16,20,3,8,36,11,0.3787878787878788,neutral
CCNVVNCV,59,43,23,29,102,52,0.3787878787878788,neutral
FDCGLSCY,21,15,3,8,36,11,0.3787878787878788,neutral
VCIVNIYR,26,10,4,7,36,11,0.3787878787878788,neutral
YCCYSYNC,24,12,5,6,36,11,0.3787878787878788,neutral
FHCVVSFC,23,13,4,7,36,11,0.3787878787878788,neutral
CGSLDYGC,20,16,8,3,36,11,0.3787878787878788,neutral
DGYYSCLN,57,45,27,25,102,52,0.3787878787878788,neutral
FFSFGSVY,25,11,5,6,36,11,0.3787878787878788,neutral
LIYISCGG,27,9,5,6,36,11,0.3787878787878788,neutral
DLYGIVVL,22,14,4,7,36,11,0.3787878787878788,neutral
CHVCCSCS,19,17,4,7,36,11,0.3787878787878788,neutral
FCLCFHVG,24,12,6,5,36,11,0.3787878787878788,neutral
CLRLGILC,19,17,7,4,36,11,0.3787878787878788,neutral
DIYFGCYV,20,16,4,7,36,11,0.3787878787878788,neutral
FGNFRFVR,70,61,37,33,131,70,0.37888198757763975,neutral
GFSCFDVR,37,28,16,13,65,29,0.37894736842105264,neutral
FDVGYGHH,41,24,17,12,65,29,0.37894736842105264,neutral
FCDCVFRI,36,29,18,11,65,29,0.37894736842105264,neutral
VFHNGFNV,39,26,16,13,65,29,0.37894736842105264,neutral
VCIRCGGC,38,27,16,13,65,29,0.37894736842105264,neutral
CRCVNLIF,38,27,17,12,65,29,0.37894736842105264,neutral
FFGISGDC,41,24,10,19,65,29,0.37894736842105264,neutral
GDLFYGDG,39,26,14,15,65,29,0.37894736842105264,neutral
CDCYNNVH,71,52,39,26,123,65,0.3790849673202614,neutral
CHIFGCLV,98,83,46,55,181,101,0.3791469194312796,neutral
CFRNHNRY,17,11,2,4,28,6,0.3793103448275862,neutral
CFNSYGVH,35,22,15,9,57,24,0.3793103448275862,neutral
NCYDFGHF,37,20,11,13,57,24,0.3793103448275862,neutral
FYICLCSC,16,12,4,2,28,6,0.3793103448275862,neutral
YDCNVISI,33,24,10,14,57,24,0.3793103448275862,neutral
YSCSYGFY,20,8,4,2,28,6,0.3793103448275862,neutral
CFVGFDFY,31,26,13,11,57,24,0.3793103448275862,neutral
VCVYYVFH,16,12,5,1,28,6,0.3793103448275862,neutral
ILGCSDFR,60,55,25,35,115,60,0.3793103448275862,neutral
VVYFCFRC,21,7,2,4,28,6,0.3793103448275862,neutral
RCDFVCCI,31,26,7,17,57,24,0.3793103448275862,neutral
FLLFNYYS,17,11,3,3,28,6,0.3793103448275862,neutral
DYFNRVIF,13,15,3,3,28,6,0.3793103448275862,neutral
VSCCFCDL,36,21,11,13,57,24,0.3793103448275862,neutral
VNVLFIVI,16,12,3,3,28,6,0.3793103448275862,neutral
YYRCHCFC,19,9,3,3,28,6,0.3793103448275862,neutral
RCYLRICS,48,38,16,26,86,42,0.3793103448275862,neutral
FCDCVVCF,13,15,1,5,28,6,0.3793103448275862,neutral
IDSFRVFD,21,7,4,2,28,6,0.3793103448275862,neutral
ICNIIFLC,19,9,2,4,28,6,0.3793103448275862,neutral
HNFGSCDI,46,40,19,23,86,42,0.3793103448275862,neutral
VVFCIGLC,19,9,2,4,28,6,0.3793103448275862,neutral
FSNFCFVH,34,23,9,15,57,24,0.3793103448275862,neutral
IFVFCYYS,19,9,1,5,28,6,0.3793103448275862,neutral
NSVDSCCF,36,21,12,12,57,24,0.3793103448275862,neutral
HFDICDYR,37,20,10,14,57,24,0.3793103448275862,neutral
CNGHFCVF,38,19,13,11,57,24,0.3793103448275862,neutral
LYVCGGCL,34,23,12,12,57,24,0.3793103448275862,neutral
LYFVCIFR,22,6,3,3,28,6,0.3793103448275862,neutral
IRICRCSH,33,24,12,12,57,24,0.3793103448275862,neutral
IVFFCFCL,22,6,4,2,28,6,0.3793103448275862,neutral
SSVYFSHY,21,7,2,4,28,6,0.3793103448275862,neutral
CVCDHCIV,34,23,10,14,57,24,0.3793103448275862,neutral
FYILCCRG,16,12,0,6,28,6,0.3793103448275862,neutral
HICRYYDL,20,8,3,3,28,6,0.3793103448275862,neutral
DLCFLCFH,37,20,11,13,57,24,0.3793103448275862,neutral
CCNFFCGN,14,14,3,3,28,6,0.3793103448275862,neutral
FDCYYCRV,20,8,3,3,28,6,0.3793103448275862,neutral
FHVGDNGF,38,19,9,15,57,24,0.3793103448275862,neutral
FVCDGGFC,34,23,8,16,57,24,0.3793103448275862,neutral
FFCLIVDY,18,10,4,2,28,6,0.3793103448275862,neutral
CVIYHCCV,14,14,3,3,28,6,0.3793103448275862,neutral
CGCSFNCV,19,9,4,2,28,6,0.3793103448275862,neutral
DSFHHCYN,28,29,4,20,57,24,0.3793103448275862,neutral
FGFCHNSV,38,19,14,10,57,24,0.3793103448275862,neutral
IDNFCGSF,31,26,10,14,57,24,0.3793103448275862,neutral
FYFFGVCC,15,13,4,2,28,6,0.3793103448275862,neutral
CCDYVGFR,62,45,18,37,107,55,0.3795620437956204,neutral
VFVFCGLS,59,48,29,26,107,55,0.3795620437956204,neutral
RRVVFDCY,45,33,22,15,78,37,0.37962962962962965,neutral
DYCLYFVG,38,40,17,20,78,37,0.37962962962962965,neutral
GIFFGYLG,101,85,45,59,186,104,0.37962962962962965,neutral
FCNHCGSY,34,15,6,13,49,19,0.379746835443038,neutral
FCCDGCFL,26,23,9,10,49,19,0.379746835443038,neutral
FFGGHRYC,30,19,9,10,49,19,0.379746835443038,neutral
LFDRGGCG,33,16,10,9,49,19,0.379746835443038,neutral
FIGYDRSI,33,16,4,15,49,19,0.379746835443038,neutral
FYRCIVGV,72,56,33,35,128,68,0.379746835443038,neutral
GIGDCVVF,30,19,12,7,49,19,0.379746835443038,neutral
YGDVYVGD,25,24,10,9,49,19,0.379746835443038,neutral
YFGYLYGG,25,24,10,9,49,19,0.379746835443038,neutral
DFGILIHN,27,22,8,11,49,19,0.379746835443038,neutral
YFVSDVRC,33,16,10,9,49,19,0.379746835443038,neutral
FFYIGHYH,52,47,27,23,99,50,0.3798449612403101,neutral
GHYSYVLC,56,43,27,23,99,50,0.3798449612403101,neutral
CIFYCYLF,12,8,1,0,20,1,0.38,neutral
YVYFYFLI,8,12,0,1,20,1,0.38,neutral
GYLVLYHC,10,10,1,0,20,1,0.38,neutral
CFNFIFLI,15,5,1,0,20,1,0.38,neutral
LSYFFVFL,14,6,1,0,20,1,0.38,neutral
FYCVFVVF,43,27,10,22,70,32,0.38,neutral
NYLLFCYI,10,10,1,0,20,1,0.38,neutral
VYLVGDRC,42,28,17,15,70,32,0.38,neutral
LFVFFFVI,10,10,0,1,20,1,0.38,neutral
FVFFFFCC,12,8,1,0,20,1,0.38,neutral
IFINFIFF,11,9,0,1,20,1,0.38,neutral
LIFYFVRC,15,5,0,1,20,1,0.38,neutral
VYYFRYVI,9,11,1,0,20,1,0.38,neutral
FYSFFLVR,10,10,0,1,20,1,0.38,neutral
CYFSVHLF,14,6,1,0,20,1,0.38,neutral
NYVRVLLV,12,8,0,1,20,1,0.38,neutral
CFCCSLFV,16,4,0,1,20,1,0.38,neutral
IFLFVRLF,12,8,0,1,20,1,0.38,neutral
LFDLFGYG,39,31,18,14,70,32,0.38,neutral
SVFFFIFH,13,7,1,0,20,1,0.38,neutral
FYVVFCCI,11,9,1,0,20,1,0.38,neutral
LLSFFYYY,10,10,1,0,20,1,0.38,neutral
GVVIYYFR,11,9,1,0,20,1,0.38,neutral
VIVFCRIY,10,10,0,1,20,1,0.38,neutral
FCCRVCHH,39,31,21,11,70,32,0.38,neutral
ICNFCICD,9,11,1,0,20,1,0.38,neutral
YVVICFVI,11,9,1,0,20,1,0.38,neutral
IFFVFYIG,15,5,0,1,20,1,0.38,neutral
FNVSDVFY,35,35,12,20,70,32,0.38,neutral
YIFCFFNI,11,9,0,1,20,1,0.38,neutral
FCFRFVFI,10,10,1,0,20,1,0.38,neutral
NYIICFLG,17,3,0,1,20,1,0.38,neutral
NGCVCSYG,42,28,11,21,70,32,0.38,neutral
CCVYISCF,13,7,0,1,20,1,0.38,neutral
FRLGCCHN,52,39,21,24,91,45,0.38016528925619836,neutral
SISLSYCY,47,44,26,19,91,45,0.38016528925619836,neutral
HGFCFGFF,50,41,23,22,91,45,0.38016528925619836,neutral
LFYCHGIC,89,73,36,53,162,89,0.3802083333333333,neutral
CFCRVCRI,24,17,5,9,41,14,0.38028169014084506,neutral
ICHYYSIL,25,16,5,9,41,14,0.38028169014084506,neutral
YRCNLFGC,29,12,5,9,41,14,0.38028169014084506,neutral
GFFLGYHF,18,23,6,8,41,14,0.38028169014084506,neutral
CCDCHVVY,28,13,5,9,41,14,0.38028169014084506,neutral
CYYVDCCG,22,19,8,6,41,14,0.38028169014084506,neutral
FDFNCDCF,65,47,29,29,112,58,0.38028169014084506,neutral
CFCGGLGY,25,16,6,8,41,14,0.38028169014084506,neutral
YLCRYDCY,26,15,4,10,41,14,0.38028169014084506,neutral
YCVNFGCV,26,15,7,7,41,14,0.38028169014084506,neutral
ICCFNVHN,25,16,6,8,41,14,0.38028169014084506,neutral
IRVRYHHY,25,16,7,7,41,14,0.38028169014084506,neutral
DNVCIIFG,24,17,5,9,41,14,0.38028169014084506,neutral
DFVCIVDF,27,14,10,4,41,14,0.38028169014084506,neutral
YCCCFGCD,26,15,6,8,41,14,0.38028169014084506,neutral
RCCFCGGI,29,12,8,6,41,14,0.38028169014084506,neutral
YYYCVLHD,25,16,8,6,41,14,0.38028169014084506,neutral
FYHSSFCI,22,19,6,8,41,14,0.38028169014084506,neutral
CYLGLIHF,26,15,8,6,41,14,0.38028169014084506,neutral
YFGCVIDY,26,15,4,10,41,14,0.38028169014084506,neutral
CLYRHDYY,27,14,6,8,41,14,0.38028169014084506,neutral
HVCISCVV,40,22,12,15,62,27,0.3804347826086957,neutral
VFRYCISV,36,26,9,18,62,27,0.3804347826086957,neutral
GYLCVNFC,40,22,17,10,62,27,0.3804347826086957,neutral
FYNCCCDF,39,23,13,14,62,27,0.3804347826086957,neutral
GHICCSYL,40,22,17,10,62,27,0.3804347826086957,neutral
SSCCYDSG,37,25,12,15,62,27,0.3804347826086957,neutral
GGIRCYDS,37,25,14,13,62,27,0.3804347826086957,neutral
VLCFDCLR,34,28,10,17,62,27,0.3804347826086957,neutral
YICFRGFS,38,24,12,15,62,27,0.3804347826086957,neutral
LIDYLYRC,34,28,18,9,62,27,0.3804347826086957,neutral
DFSCGIDC,40,22,10,17,62,27,0.3804347826086957,neutral
CLRFCFNV,37,25,12,15,62,27,0.3804347826086957,neutral
YLDYFFYN,32,30,12,15,62,27,0.3804347826086957,neutral
VIRRVGIS,49,34,20,20,83,40,0.3805309734513274,neutral
YCCGSIVI,49,34,21,19,83,40,0.3805309734513274,neutral
LYRGCCII,48,35,18,22,83,40,0.3805309734513274,neutral
HRFGFDDR,60,44,21,32,104,53,0.3805970149253731,neutral
RICCNFSY,60,44,25,28,104,53,0.3805970149253731,neutral
FSNIYRHG,71,54,28,38,125,66,0.38064516129032255,neutral
DYLHYHNR,72,53,29,37,125,66,0.38064516129032255,neutral
DLYCCLGL,21,12,5,4,33,9,0.38095238095238093,neutral
FHFHNLCY,34,20,8,14,54,22,0.38095238095238093,neutral
YRVNCRFH,29,25,9,13,54,22,0.38095238095238093,neutral
VCCIGCCC,20,13,3,6,33,9,0.38095238095238093,neutral
ICYYCGFC,24,9,3,6,33,9,0.38095238095238093,neutral
YYSGCIFI,30,24,7,15,54,22,0.38095238095238093,neutral
GYYSCCVG,25,8,4,5,33,9,0.38095238095238093,neutral
RYHRGILD,31,23,9,13,54,22,0.38095238095238093,neutral
CHCCFSSV,24,9,4,5,33,9,0.38095238095238093,neutral
FDGCYGFN,47,28,19,16,75,35,0.38095238095238093,neutral
FDCCDFVF,22,11,4,5,33,9,0.38095238095238093,neutral
CDICSRCI,21,12,2,7,33,9,0.38095238095238093,neutral
FDGLFVRG,26,7,2,7,33,9,0.38095238095238093,neutral
YFGIFVCN,21,12,5,4,33,9,0.38095238095238093,neutral
VLFFFGDV,35,19,6,16,54,22,0.38095238095238093,neutral
NYCCIYCS,22,11,4,5,33,9,0.38095238095238093,neutral
CYSGFISY,34,20,6,16,54,22,0.38095238095238093,neutral
YYLYCFND,19,14,6,3,33,9,0.38095238095238093,neutral
FVFVYLFG,26,7,5,4,33,9,0.38095238095238093,neutral
SYYCGINL,35,19,10,12,54,22,0.38095238095238093,neutral
VYSCGDLL,35,19,7,15,54,22,0.38095238095238093,neutral
YIYLHDHR,28,26,10,12,54,22,0.38095238095238093,neutral
CCIYVHRL,34,20,10,12,54,22,0.38095238095238093,neutral
FYCFCGCL,21,12,0,9,33,9,0.38095238095238093,neutral
FFVCHHSF,60,57,31,30,117,61,0.38095238095238093,neutral
DRLIGCFY,45,30,17,18,75,35,0.38095238095238093,neutral
GDFCCFIC,21,12,4,5,33,9,0.38095238095238093,neutral
YFHYYCFN,34,20,6,16,54,22,0.38095238095238093,neutral
FSCFNYFV,34,20,13,9,54,22,0.38095238095238093,neutral
CNLYNSVC,31,23,12,10,54,22,0.38095238095238093,neutral
FYFVYCRN,25,8,3,6,33,9,0.38095238095238093,neutral
FFSCGCFL,21,12,4,5,33,9,0.38095238095238093,neutral
FVCNIHFV,15,18,6,3,33,9,0.38095238095238093,neutral
GFIVFCGS,45,30,18,17,75,35,0.38095238095238093,neutral
FCHCHYNH,30,24,10,12,54,22,0.38095238095238093,neutral
YFHYGCCY,26,7,3,6,33,9,0.38095238095238093,neutral
CSDYCGIY,36,18,10,12,54,22,0.38095238095238093,neutral
FVHRYVGY,29,25,9,13,54,22,0.38095238095238093,neutral
VFCCSRRH,54,42,23,25,96,48,0.38095238095238093,neutral
VLFVCLFG,17,16,3,6,33,9,0.38095238095238093,neutral
FRYLFVND,35,19,11,11,54,22,0.38095238095238093,neutral
FCDLCVDR,24,9,5,4,33,9,0.38095238095238093,neutral
CYIFGGYD,33,21,8,14,54,22,0.38095238095238093,neutral
FSFLIDYR,57,39,21,27,96,48,0.38095238095238093,neutral
FFGLYYLH,24,9,6,3,33,9,0.38095238095238093,neutral
NSYCICDL,29,25,10,12,54,22,0.38095238095238093,neutral
VLNGCYGI,67,50,24,37,117,61,0.38095238095238093,neutral
GICDDYRI,30,24,8,14,54,22,0.38095238095238093,neutral
SDYVLCVF,22,11,4,5,33,9,0.38095238095238093,neutral
GVSRYLSY,42,33,14,21,75,35,0.38095238095238093,neutral
FLCFSCCL,21,12,3,6,33,9,0.38095238095238093,neutral
FFSFIVGG,20,13,4,5,33,9,0.38095238095238093,neutral
CFHNYVFG,60,49,27,29,109,56,0.381294964028777,neutral
GYHVFFGL,63,46,27,29,109,56,0.381294964028777,neutral
SYDGGRDF,47,41,27,16,88,43,0.3813559322033898,neutral
HDFSLSYD,41,26,16,14,67,30,0.38144329896907214,neutral
LYCCVGCG,37,30,11,19,67,30,0.38144329896907214,neutral
FDRLCVDC,43,24,14,16,67,30,0.38144329896907214,neutral
SFDFFCID,38,29,14,16,67,30,0.38144329896907214,neutral
CVFVVDHD,38,29,9,21,67,30,0.38144329896907214,neutral
LCDSGCLY,37,30,15,15,67,30,0.38144329896907214,neutral
FISCCHIG,89,75,45,45,164,90,0.38144329896907214,neutral
CCGCLVRR,42,25,9,21,67,30,0.38144329896907214,neutral
LFGLGGGC,40,27,14,16,67,30,0.38144329896907214,neutral
GCVNCIFG,43,24,11,19,67,30,0.38144329896907214,neutral
HFCCSVSC,42,25,19,11,67,30,0.38144329896907214,neutral
RCFCFRGH,42,25,8,22,67,30,0.38144329896907214,neutral
CGLNFVHY,30,16,7,10,46,17,0.3815789473684211,neutral
FLGVFCCV,30,16,6,11,46,17,0.3815789473684211,neutral
IFDLYVSV,29,17,6,11,46,17,0.3815789473684211,neutral
SLSCFIRR,26,20,9,8,46,17,0.3815789473684211,neutral
DFCHCVYC,24,22,7,10,46,17,0.3815789473684211,neutral
DSCLCNVY,31,15,9,8,46,17,0.3815789473684211,neutral
CYCHFGFG,31,15,7,10,46,17,0.3815789473684211,neutral
LCVFDFLD,31,15,9,8,46,17,0.3815789473684211,neutral
YSDLYFRG,24,22,9,8,46,17,0.3815789473684211,neutral
NCCGHGVC,27,19,6,11,46,17,0.3815789473684211,neutral
YFGYFNSV,27,19,7,10,46,17,0.3815789473684211,neutral
YNLDYVFL,24,22,8,9,46,17,0.3815789473684211,neutral
VYSRSLHY,26,20,6,11,46,17,0.3815789473684211,neutral
FHFVCCYD,32,14,9,8,46,17,0.3815789473684211,neutral
GHYIGCCY,31,15,13,4,46,17,0.3815789473684211,neutral
CFSGYDSV,60,41,27,24,101,51,0.3816793893129771,neutral
IDVFNLCV,58,43,24,27,101,51,0.3816793893129771,neutral
VLCFIDYC,59,42,20,31,101,51,0.3816793893129771,neutral
RCRFCDGV,52,49,18,33,101,51,0.3816793893129771,neutral
FYVLCFLC,20,5,1,3,25,4,0.38181818181818183,neutral
VLVIVSYL,17,8,1,3,25,4,0.38181818181818183,neutral
YYFVCGCH,19,6,0,4,25,4,0.38181818181818183,neutral
YYFFFCCV,16,9,2,2,25,4,0.38181818181818183,neutral
CIICFFFI,17,8,2,2,25,4,0.38181818181818183,neutral
LHIFVVVY,13,12,2,2,25,4,0.38181818181818183,neutral
VDFSLSGY,44,36,15,23,80,38,0.38181818181818183,neutral
CNVCYFCL,13,12,2,2,25,4,0.38181818181818183,neutral
FLIFYYLY,18,7,3,1,25,4,0.38181818181818183,neutral
YFSYILVR,20,5,2,2,25,4,0.38181818181818183,neutral
RVCLVYYF,18,7,1,3,25,4,0.38181818181818183,neutral
VFCCCCFY,16,9,1,3,25,4,0.38181818181818183,neutral
LCGCCGSL,21,4,4,0,25,4,0.38181818181818183,neutral
CFCCFCVL,16,9,2,2,25,4,0.38181818181818183,neutral
FIFICIVL,19,6,1,3,25,4,0.38181818181818183,neutral
GCCCYNGN,43,37,17,21,80,38,0.38181818181818183,neutral
LYVCYHVC,17,8,1,3,25,4,0.38181818181818183,neutral
DVCCGFRY,49,31,19,19,80,38,0.38181818181818183,neutral
CDYRYYIF,45,35,18,20,80,38,0.38181818181818183,neutral
CCVRFVFF,14,11,2,2,25,4,0.38181818181818183,neutral
VYVVYHYC,13,12,2,2,25,4,0.38181818181818183,neutral
YYICCFVI,12,13,2,2,25,4,0.38181818181818183,neutral
YCIYGIFR,16,9,1,3,25,4,0.38181818181818183,neutral
CCCHGCVR,18,7,0,4,25,4,0.38181818181818183,neutral
YLIVGFRY,16,9,3,1,25,4,0.38181818181818183,neutral
YFFGLSNL,47,33,16,22,80,38,0.38181818181818183,neutral
FFYYFCHC,18,7,2,2,25,4,0.38181818181818183,neutral
VCRCLNIC,16,9,2,2,25,4,0.38181818181818183,neutral
YINFCCFV,19,6,1,3,25,4,0.38181818181818183,neutral
INYYDLSD,12,13,1,3,25,4,0.38181818181818183,neutral
RCDVDLHF,44,36,18,20,80,38,0.38181818181818183,neutral
NVCFFIIH,18,7,3,1,25,4,0.38181818181818183,neutral
ILYNCFSH,38,21,12,13,59,25,0.38202247191011235,neutral
GCGCYFGC,33,26,11,14,59,25,0.38202247191011235,neutral
FFGFGVYR,38,21,16,9,59,25,0.38202247191011235,neutral
FCFNIHCI,38,21,16,9,59,25,0.38202247191011235,neutral
FFCYDSDV,34,25,14,11,59,25,0.38202247191011235,neutral
HNGCSVIF,29,30,18,7,59,25,0.38202247191011235,neutral
YRYVYHFV,36,23,10,15,59,25,0.38202247191011235,neutral
LFCIFSCS,33,26,16,9,59,25,0.38202247191011235,neutral
CCDYIVDS,34,25,16,9,59,25,0.38202247191011235,neutral
YLRSLGYY,53,40,20,26,93,46,0.3821138211382114,neutral
FNVLFCGG,47,46,26,20,93,46,0.3821138211382114,neutral
CCRRVYFI,24,14,8,4,38,12,0.38235294117647056,neutral
FSFCRCCL,18,20,7,5,38,12,0.38235294117647056,neutral
ICCYYCVV,27,11,8,4,38,12,0.38235294117647056,neutral
YCFYSLVR,26,12,4,8,38,12,0.38235294117647056,neutral
GDYFRFFV,25,13,5,7,38,12,0.38235294117647056,neutral
FCCLVRCV,24,14,6,6,38,12,0.38235294117647056,neutral
YGVIVLHN,39,33,20,13,72,33,0.38235294117647056,neutral
FFGIGGGC,41,31,18,15,72,33,0.38235294117647056,neutral
GNCHYCVL,44,28,15,18,72,33,0.38235294117647056,neutral
RFVVYRRL,28,10,4,8,38,12,0.38235294117647056,neutral
NSNFLHRY,26,12,4,8,38,12,0.38235294117647056,neutral
FRRSYVCI,59,47,31,23,106,54,0.38235294117647056,neutral
HSVVYIIN,24,14,2,10,38,12,0.38235294117647056,neutral
GCGCYSVV,27,11,3,9,38,12,0.38235294117647056,neutral
FCVRSVVF,44,28,15,18,72,33,0.38235294117647056,neutral
CIVLRHGF,39,33,15,18,72,33,0.38235294117647056,neutral
FFGDVCDY,21,17,6,6,38,12,0.38235294117647056,neutral
IDHFLDGN,79,74,42,41,153,83,0.3825136612021858,neutral
FRYCGIYY,48,37,18,23,85,41,0.3826086956521739,neutral
FSHCFLLC,52,33,19,22,85,41,0.3826086956521739,neutral
RYCSVFRY,34,17,11,9,51,20,0.38271604938271603,neutral
FCLHSYCS,35,16,9,11,51,20,0.38271604938271603,neutral
FIYSDIRF,26,25,8,12,51,20,0.38271604938271603,neutral
CGHCDGFC,33,18,6,14,51,20,0.38271604938271603,neutral
ICLCVRSG,35,16,9,11,51,20,0.38271604938271603,neutral
FCIGICGI,32,19,8,12,51,20,0.38271604938271603,neutral
VCLRRCLI,31,20,12,8,51,20,0.38271604938271603,neutral
DYLHLCGR,31,20,8,12,51,20,0.38271604938271603,neutral
FFVHNYFN,28,23,7,13,51,20,0.38271604938271603,neutral
LRCYSIFR,33,18,12,8,51,20,0.38271604938271603,neutral
SYYCVSVC,26,25,9,11,51,20,0.38271604938271603,neutral
YGHFRNSS,27,24,9,11,51,20,0.38271604938271603,neutral
DCCCSYCF,30,21,8,12,51,20,0.38271604938271603,neutral
YIHRVDFD,29,22,8,12,51,20,0.38271604938271603,neutral
VYDDFVSV,26,25,7,13,51,20,0.38271604938271603,neutral
NFCFVDND,34,17,9,11,51,20,0.38271604938271603,neutral
LFINCFGF,29,22,10,10,51,20,0.38271604938271603,neutral
DLCLVGFY,54,44,26,23,98,49,0.3828125,neutral
IFVGDVCV,55,43,22,27,98,49,0.3828125,neutral
LFHLYCGY,38,26,15,13,64,28,0.3829787234042553,neutral
GLCVVFDR,40,24,15,13,64,28,0.3829787234042553,neutral
CCCFCCCV,39,25,16,12,64,28,0.3829787234042553,neutral
RVLCDLYG,40,24,18,10,64,28,0.3829787234042553,neutral
LGDNHIDF,36,28,18,10,64,28,0.3829787234042553,neutral
IFCCVLGS,39,25,12,16,64,28,0.3829787234042553,neutral
IFDCGVSC,40,24,13,15,64,28,0.3829787234042553,neutral
FCCHHYDL,36,28,12,16,64,28,0.3829787234042553,neutral
CRFHVFCH,36,28,13,15,64,28,0.3829787234042553,neutral
LYDLVDCR,34,30,16,12,64,28,0.3829787234042553,neutral
DIFCCVSG,46,31,13,23,77,36,0.38317757009345793,neutral
CCDRCRVH,44,33,20,16,77,36,0.38317757009345793,neutral
HFDYCDFC,47,30,21,15,77,36,0.38317757009345793,neutral
CCDCRCDR,44,33,14,22,77,36,0.38317757009345793,neutral
FCFCDHCD,45,32,15,21,77,36,0.38317757009345793,neutral
FYVFDGLY,48,29,20,16,77,36,0.38317757009345793,neutral
IISHIYSL,45,32,16,20,77,36,0.38317757009345793,neutral
CVCVGYDF,46,31,18,18,77,36,0.38317757009345793,neutral
CILYCNGV,97,87,43,59,184,102,0.38317757009345793,neutral
CNFRNSGY,45,32,17,19,77,36,0.38317757009345793,neutral
FCVHCHDL,21,9,6,1,30,7,0.38333333333333336,neutral
CISCGSCC,20,10,3,4,30,7,0.38333333333333336,neutral
LVFIVGVH,18,12,2,5,30,7,0.38333333333333336,neutral
NIHRIGIF,22,8,4,3,30,7,0.38333333333333336,neutral
FVFFVYRF,18,12,3,4,30,7,0.38333333333333336,neutral
CDCLVRDF,24,6,2,5,30,7,0.38333333333333336,neutral
VLVGNHFF,18,12,3,4,30,7,0.38333333333333336,neutral
GHLCVFFR,23,7,3,4,30,7,0.38333333333333336,neutral
FYICNGIL,52,38,21,23,90,44,0.38333333333333336,neutral
FCDVIDNI,18,12,5,2,30,7,0.38333333333333336,neutral
CCYRRFVC,15,15,3,4,30,7,0.38333333333333336,neutral
FYGCDYRV,18,12,4,3,30,7,0.38333333333333336,neutral
VHCCHGFD,50,40,29,15,90,44,0.38333333333333336,neutral
FYFDHNNY,20,10,1,6,30,7,0.38333333333333336,neutral
YLIGFICH,20,10,2,5,30,7,0.38333333333333336,neutral
VRCLYCFR,53,37,21,23,90,44,0.38333333333333336,neutral
SGYCVIDL,19,11,5,2,30,7,0.38333333333333336,neutral
FGCLVVSS,50,40,22,22,90,44,0.38333333333333336,neutral
FCVRCYDC,20,10,4,3,30,7,0.38333333333333336,neutral
VCFVCIIL,19,11,4,3,30,7,0.38333333333333336,neutral
CYDGFRGY,18,12,3,4,30,7,0.38333333333333336,neutral
FYCGFRFC,16,14,4,3,30,7,0.38333333333333336,neutral
YCYFIIIH,23,7,4,3,30,7,0.38333333333333336,neutral
GHYHCYGV,19,11,4,3,30,7,0.38333333333333336,neutral
VNYVYFIS,17,13,4,3,30,7,0.38333333333333336,neutral
FDHYRLFF,19,11,2,5,30,7,0.38333333333333336,neutral
LYCHCCNY,18,12,4,3,30,7,0.38333333333333336,neutral
YNLYFLIS,21,9,3,4,30,7,0.38333333333333336,neutral
FHYYRHCG,20,10,4,3,30,7,0.38333333333333336,neutral
SNIYIHFC,22,8,3,4,30,7,0.38333333333333336,neutral
CFYFRFGG,23,7,2,5,30,7,0.38333333333333336,neutral
CNICIRVD,54,36,20,24,90,44,0.38333333333333336,neutral
NLHIVRIY,19,11,3,4,30,7,0.38333333333333336,neutral
CHFISYID,21,9,4,3,30,7,0.38333333333333336,neutral
FLGCLSCF,53,37,19,25,90,44,0.38333333333333336,neutral
CHFRVYDV,18,12,5,2,30,7,0.38333333333333336,neutral
CFLCCFGF,18,12,5,2,30,7,0.38333333333333336,neutral
FRSDNFFV,17,13,3,4,30,7,0.38333333333333336,neutral
CGCYDGVY,61,42,25,27,103,52,0.38345864661654133,neutral
FNFCSGGC,61,42,27,25,103,52,0.38345864661654133,neutral
CHDHICGY,24,19,7,8,43,15,0.3835616438356164,neutral
RCCFYFHG,28,15,7,8,43,15,0.3835616438356164,neutral
CCFLDFLI,28,15,6,9,43,15,0.3835616438356164,neutral
CIGYYSCS,22,21,10,5,43,15,0.3835616438356164,neutral
FYCVDRGF,31,12,7,8,43,15,0.3835616438356164,neutral
FVGYVRYY,29,14,7,8,43,15,0.3835616438356164,neutral
CVFCYDLC,21,22,6,9,43,15,0.3835616438356164,neutral
FCDCYCFY,22,21,6,9,43,15,0.3835616438356164,neutral
GLSHCYCC,22,21,8,7,43,15,0.3835616438356164,neutral
FDCLVLDL,26,17,8,7,43,15,0.3835616438356164,neutral
CVFVSCCN,29,14,3,12,43,15,0.3835616438356164,neutral
YSYCYSFD,27,16,6,9,43,15,0.3835616438356164,neutral
FYNCDYYG,30,13,6,9,43,15,0.3835616438356164,neutral
CSCHVCSR,29,14,7,8,43,15,0.3835616438356164,neutral
VYRIHDSF,24,19,8,7,43,15,0.3835616438356164,neutral
CIFNDGCC,23,20,5,10,43,15,0.3835616438356164,neutral
VFVCGCLR,31,12,6,9,43,15,0.3835616438356164,neutral
NVVCCCGL,28,15,11,4,43,15,0.3835616438356164,neutral
FFHCCCIC,26,17,6,9,43,15,0.3835616438356164,neutral
CYCDGYIH,30,13,4,11,43,15,0.3835616438356164,neutral
HGLSYFIG,29,14,3,12,43,15,0.3835616438356164,neutral
FCGCYHVD,27,16,7,8,43,15,0.3835616438356164,neutral
LCFFGCCF,22,21,8,7,43,15,0.3835616438356164,neutral
HYFRVCDH,29,14,9,6,43,15,0.3835616438356164,neutral
SLCYSCCN,26,17,8,7,43,15,0.3835616438356164,neutral
YYVGDIFC,73,56,37,31,129,68,0.3836477987421384,neutral
LNCCHFYN,74,55,35,33,129,68,0.3836477987421384,neutral
CVISCGFF,33,23,7,16,56,23,0.38372093023255816,neutral
NNYYCGVC,34,22,9,14,56,23,0.38372093023255816,neutral
FICVVDDF,34,22,12,11,56,23,0.38372093023255816,neutral
LRFDRYGH,31,25,10,13,56,23,0.38372093023255816,neutral
FRGRFCFF,37,19,14,9,56,23,0.38372093023255816,neutral
CCCSCSCC,34,22,11,12,56,23,0.38372093023255816,neutral
YDVCYFSY,29,27,9,14,56,23,0.38372093023255816,neutral
FYNGGYCG,35,21,13,10,56,23,0.38372093023255816,neutral
LCCFNYGL,27,29,11,12,56,23,0.38372093023255816,neutral
NFVCGVLY,34,22,12,11,56,23,0.38372093023255816,neutral
VGLVSDDF,35,21,13,10,56,23,0.38372093023255816,neutral
CCGLHLVV,36,20,9,14,56,23,0.38372093023255816,neutral
LYVGRYGG,26,30,17,6,56,23,0.38372093023255816,neutral
VFVIGRLH,34,22,14,9,56,23,0.38372093023255816,neutral
CVICNYDF,35,21,11,12,56,23,0.38372093023255816,neutral
YVLLCSVC,35,21,10,13,56,23,0.38372093023255816,neutral
CFYVGHCG,33,23,11,12,56,23,0.38372093023255816,neutral
RLYDFLVD,41,28,14,17,69,31,0.3838383838383838,neutral
GCSFVDLL,40,29,14,17,69,31,0.3838383838383838,neutral
CIHIGCNC,42,27,16,15,69,31,0.3838383838383838,neutral
HFGLISFV,40,29,10,21,69,31,0.3838383838383838,neutral
CFCDFDNR,41,28,13,18,69,31,0.3838383838383838,neutral
FYFCDGCD,43,26,14,17,69,31,0.3838383838383838,neutral
VYDFCVLH,42,27,18,13,69,31,0.3838383838383838,neutral
FCSYHILD,37,32,18,13,69,31,0.3838383838383838,neutral
YFYIDFRR,39,30,17,14,69,31,0.3838383838383838,neutral
CYRFIHCF,39,30,19,12,69,31,0.3838383838383838,neutral
FDLIYNVS,46,36,17,22,82,39,0.38392857142857145,neutral
VFDYCCIR,49,33,22,17,82,39,0.38392857142857145,neutral
LISCVRCG,56,39,20,27,95,47,0.384,neutral
RVDRRVVF,55,40,19,28,95,47,0.384,neutral
RLYIHRFL,62,46,21,34,108,55,0.38405797101449274,neutral
LCNSFGYD,62,46,23,32,108,55,0.38405797101449274,neutral
CHFLVGDL,55,53,27,28,108,55,0.38405797101449274,neutral
GRGLGFVD,63,45,31,24,108,55,0.38405797101449274,neutral
CFRCGLYN,29,19,10,8,48,18,0.38461538461538464,neutral
DSDFDGCY,30,18,7,11,48,18,0.38461538461538464,neutral
GSCLCCHS,24,11,3,7,35,10,0.38461538461538464,neutral
FFFFCIDC,15,7,0,2,22,2,0.38461538461538464,neutral
GYRFRCCC,29,19,10,8,48,18,0.38461538461538464,neutral
FYCFGVFL,16,6,1,1,22,2,0.38461538461538464,neutral
GHGFLCYG,39,22,11,15,61,26,0.38461538461538464,neutral
DSYCFNVC,28,20,7,11,48,18,0.38461538461538464,neutral
FHILFHCF,14,8,0,2,22,2,0.38461538461538464,neutral
DFSFIHGF,46,28,17,17,74,34,0.38461538461538464,neutral
CCFCVLYH,22,13,6,4,35,10,0.38461538461538464,neutral
HFLCHCFI,38,23,12,14,61,26,0.38461538461538464,neutral
YGFFRFFN,28,20,10,8,48,18,0.38461538461538464,neutral
HCFIFFGC,13,9,2,0,22,2,0.38461538461538464,neutral
YHFLGVCY,22,13,4,6,35,10,0.38461538461538464,neutral
VIVVIISL,18,4,1,1,22,2,0.38461538461538464,neutral
CYVGNYSR,40,21,10,16,61,26,0.38461538461538464,neutral
YIFCFYIV,14,8,0,2,22,2,0.38461538461538464,neutral
RCRHCSVH,35,39,18,16,74,34,0.38461538461538464,neutral
FYHGLFLL,18,4,2,0,22,2,0.38461538461538464,neutral
VGIVVRDG,36,25,13,13,61,26,0.38461538461538464,neutral
CSCCCCII,20,15,4,6,35,10,0.38461538461538464,neutral
GFCVVDCY,55,45,28,22,100,50,0.38461538461538464,neutral
FFCCLFLG,44,30,17,17,74,34,0.38461538461538464,neutral
FCVGLCLH,32,16,6,12,48,18,0.38461538461538464,neutral
IICIVRIV,15,7,1,1,22,2,0.38461538461538464,neutral
FFFVFYDN,27,21,10,8,48,18,0.38461538461538464,neutral
NVYFICGH,12,10,1,1,22,2,0.38461538461538464,neutral
GYFSSFRV,58,42,23,27,100,50,0.38461538461538464,neutral
VCCFRYCY,26,9,7,3,35,10,0.38461538461538464,neutral
FYCVLRSI,21,14,5,5,35,10,0.38461538461538464,neutral
YYFSDGCC,29,19,9,9,48,18,0.38461538461538464,neutral
SSVVYYVV,28,20,11,7,48,18,0.38461538461538464,neutral
LCYDCDDL,32,16,9,9,48,18,0.38461538461538464,neutral
FGCFSLVY,46,41,21,21,87,42,0.38461538461538464,neutral
CSYCCCCS,22,13,4,6,35,10,0.38461538461538464,neutral
HFCFGCYY,20,2,1,1,22,2,0.38461538461538464,neutral
FHFSFDCV,42,32,16,18,74,34,0.38461538461538464,neutral
FGFIILDG,37,24,13,13,61,26,0.38461538461538464,neutral
YDDYGCLC,30,18,9,9,48,18,0.38461538461538464,neutral
FYFDHYLF,33,15,6,12,48,18,0.38461538461538464,neutral
ICVCLYGR,20,15,5,5,35,10,0.38461538461538464,neutral
NYNFCVCD,32,16,6,12,48,18,0.38461538461538464,neutral
VFFVIRVL,13,9,1,1,22,2,0.38461538461538464,neutral
FLGYGDGY,36,25,14,12,61,26,0.38461538461538464,neutral
GIIRFCYR,16,6,2,0,22,2,0.38461538461538464,neutral
LVSSHYFG,26,22,7,11,48,18,0.38461538461538464,neutral
CNYCGCIY,31,17,9,9,48,18,0.38461538461538464,neutral
LGFCLYVN,53,34,21,21,87,42,0.38461538461538464,neutral
DFHLLCVF,18,17,5,5,35,10,0.38461538461538464,neutral
CDRFSHLF,39,22,11,15,61,26,0.38461538461538464,neutral
CDRCFYLR,14,8,0,2,22,2,0.38461538461538464,neutral
LCCGVFIR,32,16,9,9,48,18,0.38461538461538464,neutral
IYGCCSFH,39,35,15,19,74,34,0.38461538461538464,neutral
IYYSFRFN,36,25,14,12,61,26,0.38461538461538464,neutral
YFVYSSLF,26,9,5,5,35,10,0.38461538461538464,neutral
FCVLYDFY,35,26,8,18,61,26,0.38461538461538464,neutral
FCHHFLFL,13,9,2,0,22,2,0.38461538461538464,neutral
NGCFLCRG,40,34,20,14,74,34,0.38461538461538464,neutral
FFVVLIVY,13,9,2,0,22,2,0.38461538461538464,neutral
FFVVFYFF,16,6,1,1,22,2,0.38461538461538464,neutral
YFVRICFV,14,8,0,2,22,2,0.38461538461538464,neutral
DYCYNCFG,32,16,6,12,48,18,0.38461538461538464,neutral
HICLFCLL,17,5,0,2,22,2,0.38461538461538464,neutral
FRFIILVF,14,8,0,2,22,2,0.38461538461538464,neutral
CFCNGHHS,42,32,13,21,74,34,0.38461538461538464,neutral
IFFCFFCD,13,9,2,0,22,2,0.38461538461538464,neutral
YYSICLRG,28,20,10,8,48,18,0.38461538461538464,neutral
CFIFFVFC,14,8,1,1,22,2,0.38461538461538464,neutral
IIGDLCCC,117,100,60,62,217,122,0.38461538461538464,neutral
LVFCSRCL,30,18,7,11,48,18,0.38461538461538464,neutral
IGVHIFVR,12,10,2,0,22,2,0.38461538461538464,neutral
CVVFGYFF,15,7,2,0,22,2,0.38461538461538464,neutral
CNVFDVYF,40,21,8,18,61,26,0.38461538461538464,neutral
LSFFDCYN,33,15,9,9,48,18,0.38461538461538464,neutral
CCHCDYGI,19,16,3,7,35,10,0.38461538461538464,neutral
VVGSCGFY,32,29,16,10,61,26,0.38461538461538464,neutral
GYCCLGGR,20,15,6,4,35,10,0.38461538461538464,neutral
SCHCHIFC,35,26,15,11,61,26,0.38461538461538464,neutral
FICLICIH,16,6,2,0,22,2,0.38461538461538464,neutral
FFCHLHCG,22,13,5,5,35,10,0.38461538461538464,neutral
DVCRYFIY,32,16,12,6,48,18,0.38461538461538464,neutral
FFLHCSFG,20,15,5,5,35,10,0.38461538461538464,neutral
CNDVIFFY,27,21,7,11,48,18,0.38461538461538464,neutral
LIFGLYGF,17,18,7,3,35,10,0.38461538461538464,neutral
GRCCDFCD,28,20,11,7,48,18,0.38461538461538464,neutral
LHGCLYHF,28,20,10,8,48,18,0.38461538461538464,neutral
CCRRFLGI,45,29,15,19,74,34,0.38461538461538464,neutral
VFYSNFGN,12,10,1,1,22,2,0.38461538461538464,neutral
FCCNRLSV,43,31,19,15,74,34,0.38461538461538464,neutral
CFFLCYFC,14,8,1,1,22,2,0.38461538461538464,neutral
FYFCCCFH,15,7,1,1,22,2,0.38461538461538464,neutral
FYHLFIVH,23,12,4,6,35,10,0.38461538461538464,neutral
NFCGSVCC,26,9,7,3,35,10,0.38461538461538464,neutral
FVRVGYIF,24,11,7,3,35,10,0.38461538461538464,neutral
SCCLLFRG,28,20,7,11,48,18,0.38461538461538464,neutral
CIVFCNYV,19,16,5,5,35,10,0.38461538461538464,neutral
FCSNSSCY,22,13,8,2,35,10,0.38461538461538464,neutral
FYFCVFFY,15,7,0,2,22,2,0.38461538461538464,neutral
FFFCYCYL,12,10,0,2,22,2,0.38461538461538464,neutral
CVVCHCSG,30,18,8,10,48,18,0.38461538461538464,neutral
FSYGYCCS,21,27,8,10,48,18,0.38461538461538464,neutral
LGVGLVFI,28,20,8,10,48,18,0.38461538461538464,neutral
LVCLFHVG,10,12,0,2,22,2,0.38461538461538464,neutral
VIFRHFLI,14,8,0,2,22,2,0.38461538461538464,neutral
CLYLYVYV,11,11,1,1,22,2,0.38461538461538464,neutral
IFCLYVYY,19,16,6,4,35,10,0.38461538461538464,neutral
CYDNCCGG,29,19,9,9,48,18,0.38461538461538464,neutral
CIFNCHRN,75,56,36,33,131,69,0.38509316770186336,neutral
IVIGYCVG,74,57,31,38,131,69,0.38509316770186336,neutral
DGIVFIVH,61,44,24,29,105,53,0.3851851851851852,neutral
YYNYSYLF,58,47,28,25,105,53,0.3851851851851852,neutral
YNYYGFRN,55,37,18,27,92,45,0.38524590163934425,neutral
CNFGLLGY,55,37,23,22,92,45,0.38524590163934425,neutral
CRFSYGVG,45,34,16,21,79,37,0.3853211009174312,neutral
YSCCVVCG,44,35,17,20,79,37,0.3853211009174312,neutral
FIIFRGFH,48,31,18,19,79,37,0.3853211009174312,neutral
FCVVFDSI,42,24,17,12,66,29,0.3854166666666667,neutral
FVCNFYVS,37,29,10,19,66,29,0.3854166666666667,neutral
FHDLLRLD,38,28,15,14,66,29,0.3854166666666667,neutral
YIFIDSDV,42,24,10,19,66,29,0.3854166666666667,neutral
YLFNCFRC,30,23,12,9,53,21,0.3855421686746988,neutral
LINVFYGI,30,23,11,10,53,21,0.3855421686746988,neutral
CCFFNRHI,36,17,9,12,53,21,0.3855421686746988,neutral
FDFCSYRC,35,18,10,11,53,21,0.3855421686746988,neutral
LCHFNGGF,35,18,10,11,53,21,0.3855421686746988,neutral
VFDCVDFC,33,20,10,11,53,21,0.3855421686746988,neutral
RLINYFVG,33,20,8,13,53,21,0.3855421686746988,neutral
CCCHSLLC,27,26,10,11,53,21,0.3855421686746988,neutral
YYSGLLGC,34,19,7,14,53,21,0.3855421686746988,neutral
GCIYGSGF,32,21,10,11,53,21,0.3855421686746988,neutral
FSCGLCRF,32,21,11,10,53,21,0.3855421686746988,neutral
NFIHCFCG,34,19,13,8,53,21,0.3855421686746988,neutral
DSFCHCNC,33,20,8,13,53,21,0.3855421686746988,neutral
FFFRCVSC,32,21,12,9,53,21,0.3855421686746988,neutral
YYFFCHCY,71,65,40,32,136,72,0.3855421686746988,neutral
FCCRDFLF,32,21,9,12,53,21,0.3855421686746988,neutral
FIGCHSHF,36,17,8,13,53,21,0.3855421686746988,neutral
YFFDRSIF,28,12,4,9,40,13,0.38571428571428573,neutral
FYIFGNIR,21,19,4,9,40,13,0.38571428571428573,neutral
CICFYSVV,22,18,7,6,40,13,0.38571428571428573,neutral
FNVLHYCG,29,11,9,4,40,13,0.38571428571428573,neutral
LHCYCCGG,25,15,4,9,40,13,0.38571428571428573,neutral
FYFRYRNV,22,18,6,7,40,13,0.38571428571428573,neutral
FRFCFCGC,22,18,9,4,40,13,0.38571428571428573,neutral
SCHCYFDY,27,13,8,5,40,13,0.38571428571428573,neutral
YVVCRFCS,24,16,6,7,40,13,0.38571428571428573,neutral
DNGFHHYC,24,16,7,6,40,13,0.38571428571428573,neutral
SCGVCCSG,25,15,3,10,40,13,0.38571428571428573,neutral
GLCCRYCY,27,13,7,6,40,13,0.38571428571428573,neutral
CSCLGFGF,22,18,6,7,40,13,0.38571428571428573,neutral
DFFFRHVI,26,14,6,7,40,13,0.38571428571428573,neutral
ISCGVIFR,22,18,4,9,40,13,0.38571428571428573,neutral
FCFGIHLL,28,12,9,4,40,13,0.38571428571428573,neutral
CYVHNVFV,25,15,7,6,40,13,0.38571428571428573,neutral
VCSLNVVF,25,15,9,4,40,13,0.38571428571428573,neutral
YCCCSRRV,24,16,6,7,40,13,0.38571428571428573,neutral
HCNSFISY,27,13,3,10,40,13,0.38571428571428573,neutral
FNNNCCCS,29,11,10,3,40,13,0.38571428571428573,neutral
ISIFDIII,28,12,7,6,40,13,0.38571428571428573,neutral
CHYGGVYV,27,13,4,9,40,13,0.38571428571428573,neutral
NIFYICRN,22,18,8,5,40,13,0.38571428571428573,neutral
FFRLLYVD,23,17,5,8,40,13,0.38571428571428573,neutral
VLYGFVGG,26,14,8,5,40,13,0.38571428571428573,neutral
FYCRGFFV,22,18,8,5,40,13,0.38571428571428573,neutral
SHVYGSYG,23,17,8,5,40,13,0.38571428571428573,neutral
VFCFGFHL,17,23,8,5,40,13,0.38571428571428573,neutral
IICRYGVS,57,40,29,19,97,48,0.3858267716535433,neutral
LVGYCNYL,49,48,18,30,97,48,0.3858267716535433,neutral
HYIFLGYS,57,40,24,24,97,48,0.3858267716535433,neutral
CRGFGYIR,58,39,19,29,97,48,0.3858267716535433,neutral
NCYSFRDF,19,8,2,3,27,5,0.38596491228070173,neutral
LFFIGVCG,14,13,3,2,27,5,0.38596491228070173,neutral
FIFVISFY,17,10,2,3,27,5,0.38596491228070173,neutral
FNFIISFC,16,11,1,4,27,5,0.38596491228070173,neutral
CISYFNRC,48,36,12,28,84,40,0.38596491228070173,neutral
FCNYSGLF,19,8,4,1,27,5,0.38596491228070173,neutral
HVSLCCIF,11,16,1,4,27,5,0.38596491228070173,neutral
ICVVCRIG,18,9,3,2,27,5,0.38596491228070173,neutral
IICCCLFD,19,8,3,2,27,5,0.38596491228070173,neutral
NICIIFFD,18,9,2,3,27,5,0.38596491228070173,neutral
FFIFCDCL,13,14,2,3,27,5,0.38596491228070173,neutral
LFYFVFII,21,6,3,2,27,5,0.38596491228070173,neutral
VDIFDCGR,18,9,3,2,27,5,0.38596491228070173,neutral
FIDHFNDL,15,12,2,3,27,5,0.38596491228070173,neutral
IFFDIVHR,16,11,0,5,27,5,0.38596491228070173,neutral
GFYLFVCV,15,12,3,2,27,5,0.38596491228070173,neutral
FCCFYFSC,20,7,1,4,27,5,0.38596491228070173,neutral
YYFVFFVF,19,8,2,3,27,5,0.38596491228070173,neutral
LIIYCSFF,20,7,1,4,27,5,0.38596491228070173,neutral
LVCFYNFY,19,8,1,4,27,5,0.38596491228070173,neutral
YCRCCLCF,14,13,4,1,27,5,0.38596491228070173,neutral
VYFFICCC,17,10,2,3,27,5,0.38596491228070173,neutral
CFYGLYYH,45,39,22,18,84,40,0.38596491228070173,neutral
VCCRFVLR,20,7,2,3,27,5,0.38596491228070173,neutral
CYYVGVYH,16,11,3,2,27,5,0.38596491228070173,neutral
CCIGVFLI,14,13,1,4,27,5,0.38596491228070173,neutral
CLCGIVCC,19,8,1,4,27,5,0.38596491228070173,neutral
FCYIVFGY,20,7,2,3,27,5,0.38596491228070173,neutral
FCFCRRIY,20,7,3,2,27,5,0.38596491228070173,neutral
HCYFYCFS,18,9,1,4,27,5,0.38596491228070173,neutral
VYFVDLLF,18,9,3,2,27,5,0.38596491228070173,neutral
VYCCDFDV,18,9,4,1,27,5,0.38596491228070173,neutral
NYSLGYLR,72,56,36,31,128,67,0.3860759493670886,neutral
FCYDVCCY,39,32,11,21,71,32,0.38613861386138615,neutral
NDLVFVVR,38,33,12,20,71,32,0.38613861386138615,neutral
GFGDCFGS,45,26,15,17,71,32,0.38613861386138615,neutral
DYDGVCVS,42,29,12,20,71,32,0.38613861386138615,neutral
FFRVCNYI,44,27,15,17,71,32,0.38613861386138615,neutral
FNGLYVIR,43,28,12,20,71,32,0.38613861386138615,neutral
DFVNLYGC,41,30,21,11,71,32,0.38613861386138615,neutral
VFDCLSGV,44,27,14,18,71,32,0.38613861386138615,neutral
CFGCGLGG,42,29,17,15,71,32,0.38613861386138615,neutral
CFSCFCVD,67,48,21,38,115,59,0.38620689655172413,neutral
YCYLCSVN,35,23,13,11,58,24,0.38636363636363635,neutral
HDCIGIGF,35,23,15,9,58,24,0.38636363636363635,neutral
CIRCNVVL,31,27,4,20,58,24,0.38636363636363635,neutral
FCFFCYDL,33,25,9,15,58,24,0.38636363636363635,neutral
FSFIHCGH,34,24,14,10,58,24,0.38636363636363635,neutral
FYGFICYN,35,23,11,13,58,24,0.38636363636363635,neutral
IDFVYLDC,34,24,10,14,58,24,0.38636363636363635,neutral
FICYDISV,34,24,11,13,58,24,0.38636363636363635,neutral
RHCYGLGG,37,21,18,6,58,24,0.38636363636363635,neutral
CIFVFGGV,30,28,8,16,58,24,0.38636363636363635,neutral
CSCINDLY,76,57,37,33,133,70,0.38650306748466257,neutral
SYLYIVNH,53,36,18,25,89,43,0.3865546218487395,neutral
CISIDLFH,54,35,24,19,89,43,0.3865546218487395,neutral
GHCDVFCC,53,36,25,18,89,43,0.3865546218487395,neutral
YHDSCIDH,88,76,35,54,164,89,0.3865979381443299,neutral
YCHCGNLL,28,17,9,7,45,16,0.38666666666666666,neutral
CNLIGGCC,30,15,11,5,45,16,0.38666666666666666,neutral
VHNGFSLY,26,19,10,6,45,16,0.38666666666666666,neutral
NCGVHFFD,27,18,6,10,45,16,0.38666666666666666,neutral
YNSCRLNF,26,19,7,9,45,16,0.38666666666666666,neutral
SYDCSYFL,29,16,7,9,45,16,0.38666666666666666,neutral
VRYGYYGF,27,18,9,7,45,16,0.38666666666666666,neutral
LYCFVCGG,28,17,6,10,45,16,0.38666666666666666,neutral
LFVDDFSG,28,17,6,10,45,16,0.38666666666666666,neutral
ICDGFCNL,29,16,11,5,45,16,0.38666666666666666,neutral
YHLFNNLC,32,13,6,10,45,16,0.38666666666666666,neutral
IYYYCSHC,31,14,7,9,45,16,0.38666666666666666,neutral
CDSCFCSG,21,24,13,3,45,16,0.38666666666666666,neutral
FRCFVGVC,23,22,9,7,45,16,0.38666666666666666,neutral
HDGSYDNF,28,17,5,11,45,16,0.38666666666666666,neutral
FICISSVI,28,17,9,7,45,16,0.38666666666666666,neutral
FLHFYRGC,25,20,5,11,45,16,0.38666666666666666,neutral
FRIDYNFC,28,17,6,10,45,16,0.38666666666666666,neutral
LGCFCSLF,26,19,10,6,45,16,0.38666666666666666,neutral
LIYISNCL,30,15,6,10,45,16,0.38666666666666666,neutral
LYGLSVFY,29,16,10,6,45,16,0.38666666666666666,neutral
GFCDVFRY,29,16,8,8,45,16,0.38666666666666666,neutral
CYSFHYLL,32,13,5,11,45,16,0.38666666666666666,neutral
YCISIGHF,25,20,13,3,45,16,0.38666666666666666,neutral
FFVSDFCY,43,33,14,21,76,35,0.3867924528301887,neutral
YFHIDCFN,45,31,12,23,76,35,0.3867924528301887,neutral
LHFCYGRG,42,34,20,15,76,35,0.3867924528301887,neutral
FVCGSCVC,47,29,13,22,76,35,0.3867924528301887,neutral
FIDCGCLI,46,30,15,20,76,35,0.3867924528301887,neutral
FGYCHRGH,61,46,24,30,107,54,0.38686131386861317,neutral
CCCYNVRS,76,62,34,39,138,73,0.3869047619047619,neutral
IDRCFYGR,18,14,3,5,32,8,0.3870967741935484,neutral
NYCDICFR,18,14,5,3,32,8,0.3870967741935484,neutral
FRHCIGYF,55,39,22,24,94,46,0.3870967741935484,neutral
ILCFFNIH,19,13,3,5,32,8,0.3870967741935484,neutral
CCLYYGFY,18,14,4,4,32,8,0.3870967741935484,neutral
LCDCFFLS,19,13,2,6,32,8,0.3870967741935484,neutral
FFCCYLHC,21,11,3,5,32,8,0.3870967741935484,neutral
RFCYGGSS,51,43,25,21,94,46,0.3870967741935484,neutral
YGLCYFRL,19,13,5,3,32,8,0.3870967741935484,neutral
GFYSGNDF,19,13,2,6,32,8,0.3870967741935484,neutral
VCNDHLGY,21,11,4,4,32,8,0.3870967741935484,neutral
FCFGGDHY,41,22,14,13,63,27,0.3870967741935484,neutral
VNNLFCFC,36,27,9,18,63,27,0.3870967741935484,neutral
RYSRNLIY,39,24,16,11,63,27,0.3870967741935484,neutral
CGFCGHRR,25,7,6,2,32,8,0.3870967741935484,neutral
GIYCDRDG,50,44,23,23,94,46,0.3870967741935484,neutral
VFHNYRGC,36,27,16,11,63,27,0.3870967741935484,neutral
GCFLDLCR,49,45,21,25,94,46,0.3870967741935484,neutral
YYHLHGCS,38,25,9,18,63,27,0.3870967741935484,neutral
CIFCLDVN,35,28,12,15,63,27,0.3870967741935484,neutral
FICYFNYG,40,23,14,13,63,27,0.3870967741935484,neutral
FCGLCCGC,18,14,2,6,32,8,0.3870967741935484,neutral
GFCCCYFG,22,10,2,6,32,8,0.3870967741935484,neutral
SGFFLCGL,41,22,8,19,63,27,0.3870967741935484,neutral
CSDHGCIC,36,27,9,18,63,27,0.3870967741935484,neutral
FSHCYCCY,16,16,3,5,32,8,0.3870967741935484,neutral
FFFDFFFD,20,12,3,5,32,8,0.3870967741935484,neutral
RCCLHGGY,72,53,23,42,125,65,0.3870967741935484,neutral
HRYCCCRG,18,14,3,5,32,8,0.3870967741935484,neutral
CVCYVSCD,53,41,23,23,94,46,0.3870967741935484,neutral
FNCFYYSC,37,26,14,13,63,27,0.3870967741935484,neutral
VFYCFCFH,41,22,17,10,63,27,0.3870967741935484,neutral
VVYRCYVH,21,11,3,5,32,8,0.3870967741935484,neutral
RRFCVFIG,21,11,3,5,32,8,0.3870967741935484,neutral
LHCCGNHG,126,110,61,72,236,133,0.38721804511278196,neutral
YFVNVCYG,76,67,41,35,143,76,0.3872832369942196,neutral
NIDFDVCS,65,47,28,29,112,57,0.3873239436619718,neutral
FFNCDCIR,65,47,34,23,112,57,0.3873239436619718,neutral
VLDIRIYG,49,32,19,19,81,38,0.38738738738738737,neutral
FDDDDVSI,49,32,17,21,81,38,0.38738738738738737,neutral
CFYSGFLG,50,31,18,20,81,38,0.38738738738738737,neutral
IFGHDFGG,32,18,11,8,50,19,0.3875,neutral
VCCCCVGV,32,18,9,10,50,19,0.3875,neutral
HCCCGVVC,34,16,10,9,50,19,0.3875,neutral
SYDCSYYF,31,19,9,10,50,19,0.3875,neutral
FGLYRCVH,29,21,10,9,50,19,0.3875,neutral
LFFFGSLD,30,20,13,6,50,19,0.3875,neutral
VYLYGIDR,30,20,9,10,50,19,0.3875,neutral
SYCRHCGS,33,17,10,9,50,19,0.3875,neutral
VYVNGLCD,33,17,10,9,50,19,0.3875,neutral
CGCSCDLF,34,16,6,13,50,19,0.3875,neutral
CNGDCNYF,32,18,8,11,50,19,0.3875,neutral
VYIYGVYS,30,20,12,7,50,19,0.3875,neutral
FFCVDIFH,28,22,8,11,50,19,0.3875,neutral
RNICLCRI,30,20,8,11,50,19,0.3875,neutral
CCFFVNCC,33,17,10,9,50,19,0.3875,neutral
CYGHCYVH,30,20,7,12,50,19,0.3875,neutral
NYVGCICF,55,44,23,26,99,49,0.3875968992248062,neutral
LYGCCVRF,55,44,23,26,99,49,0.3875968992248062,neutral
GFCICHRF,59,40,26,23,99,49,0.3875968992248062,neutral
YICGVLDI,59,40,21,28,99,49,0.3875968992248062,neutral
DIDFFCRG,59,40,17,32,99,49,0.3875968992248062,neutral
LSLDYLRR,54,45,24,25,99,49,0.3875968992248062,neutral
FVIIFGNC,12,7,0,0,19,0,0.3877551020408163,neutral
IFVRICIR,13,6,0,0,19,0,0.3877551020408163,neutral
LIVCIVLR,15,4,0,0,19,0,0.3877551020408163,neutral
VVICFRCC,17,2,0,0,19,0,0.3877551020408163,neutral
LFCYCLIV,9,10,0,0,19,0,0.3877551020408163,neutral
VRFFFIYH,12,7,0,0,19,0,0.3877551020408163,neutral
CVFIYVRL,11,8,0,0,19,0,0.3877551020408163,neutral
FFFCFYIF,13,6,0,0,19,0,0.3877551020408163,neutral
CYIYGFDI,40,28,14,16,68,30,0.3877551020408163,neutral
GGVYYLFC,12,7,0,0,19,0,0.3877551020408163,neutral
FSLFFFYG,10,9,0,0,19,0,0.3877551020408163,neutral
FCILCRFY,10,9,0,0,19,0,0.3877551020408163,neutral
FYLHFICL,12,7,0,0,19,0,0.3877551020408163,neutral
YLILSRYF,14,5,0,0,19,0,0.3877551020408163,neutral
FFFRVCIV,9,10,0,0,19,0,0.3877551020408163,neutral
FYISLCVY,15,4,0,0,19,0,0.3877551020408163,neutral
CFFFGIFF,13,6,0,0,19,0,0.3877551020408163,neutral
FIFVYGRI,14,5,0,0,19,0,0.3877551020408163,neutral
GGRYGFGY,43,25,14,16,68,30,0.3877551020408163,neutral
NLRLHVNY,37,31,10,20,68,30,0.3877551020408163,neutral
ICYYVLVG,11,8,0,0,19,0,0.3877551020408163,neutral
CGYGDGDY,43,25,12,18,68,30,0.3877551020408163,neutral
FCCCFYFV,13,6,0,0,19,0,0.3877551020408163,neutral
FLVICIFL,10,9,0,0,19,0,0.3877551020408163,neutral
RFFYFLVC,13,6,0,0,19,0,0.3877551020408163,neutral
FCIYHVVS,68,49,31,29,117,60,0.3877551020408163,neutral
VGCLINSF,37,31,19,11,68,30,0.3877551020408163,neutral
VFICLCLF,12,7,0,0,19,0,0.3877551020408163,neutral
CIVIRVGC,10,9,0,0,19,0,0.3877551020408163,neutral
YFFFLCVC,15,4,0,0,19,0,0.3877551020408163,neutral
FLFFVSLF,13,6,0,0,19,0,0.3877551020408163,neutral
YHGYGGVC,40,28,12,18,68,30,0.3877551020408163,neutral
IVVIRFCR,10,9,0,0,19,0,0.3877551020408163,neutral
RSLLFRIV,40,28,15,15,68,30,0.3877551020408163,neutral
CFLVRFFR,12,7,0,0,19,0,0.3877551020408163,neutral
YIYFFCIY,13,6,0,0,19,0,0.3877551020408163,neutral
IIILRLRL,15,4,0,0,19,0,0.3877551020408163,neutral
IFFVFLCF,8,11,0,0,19,0,0.3877551020408163,neutral
CIFVRFFF,11,8,0,0,19,0,0.3877551020408163,neutral
RYFIFICC,11,8,0,0,19,0,0.3877551020408163,neutral
FYFFIILY,12,7,0,0,19,0,0.3877551020408163,neutral
SGSFDSHF,49,37,12,29,86,41,0.3879310344827586,neutral
FCSHHCHY,51,35,20,21,86,41,0.3879310344827586,neutral
FCNSLCLL,52,34,20,21,86,41,0.3879310344827586,neutral
LHCFSLHI,45,41,22,19,86,41,0.3879310344827586,neutral
HVNFDGFY,45,41,22,19,86,41,0.3879310344827586,neutral
FFVLHGGY,86,67,38,44,153,82,0.3879781420765027,neutral
FISHCCLD,21,16,7,4,37,11,0.3880597014925373,neutral
YYGVRFSY,24,13,5,6,37,11,0.3880597014925373,neutral
DDCYSICI,20,17,4,7,37,11,0.3880597014925373,neutral
DFCYCCHD,58,46,22,30,104,52,0.3880597014925373,neutral
SGRFYFFC,24,13,4,7,37,11,0.3880597014925373,neutral
FRLVHVYN,22,15,7,4,37,11,0.3880597014925373,neutral
FGDGDYLG,22,15,5,6,37,11,0.3880597014925373,neutral
GHDFCISC,23,14,4,7,37,11,0.3880597014925373,neutral
LLVGGIFG,21,16,4,7,37,11,0.3880597014925373,neutral
CRYGFGGC,24,13,5,6,37,11,0.3880597014925373,neutral
CYFHCCSV,23,14,7,4,37,11,0.3880597014925373,neutral
CCSYRIHG,60,44,22,30,104,52,0.3880597014925373,neutral
GSYDYCYD,26,11,6,5,37,11,0.3880597014925373,neutral
YYCCDNIY,21,16,5,6,37,11,0.3880597014925373,neutral
HFIYYDFY,26,11,5,6,37,11,0.3880597014925373,neutral
YHYLNRVC,22,15,6,5,37,11,0.3880597014925373,neutral
CNFRCFYV,25,12,4,7,37,11,0.3880597014925373,neutral
FYLSNVNF,27,10,6,5,37,11,0.3880597014925373,neutral
YILYYGGV,19,18,5,6,37,11,0.3880597014925373,neutral
CNVLSCFD,55,49,23,29,104,52,0.3880597014925373,neutral
FGGCFRCY,22,15,7,4,37,11,0.3880597014925373,neutral
LCIFGCNC,21,16,7,4,37,11,0.3880597014925373,neutral
FFFFINFV,24,13,7,4,37,11,0.3880597014925373,neutral
VGCYCINL,23,14,7,4,37,11,0.3880597014925373,neutral
CILDISYH,24,13,5,6,37,11,0.3880597014925373,neutral
SSVCNCYR,33,22,13,9,55,22,0.38823529411764707,neutral
FYVYHVGH,35,20,9,13,55,22,0.38823529411764707,neutral
CCFCGYGN,37,18,13,9,55,22,0.38823529411764707,neutral
DVFFLDCN,28,27,14,8,55,22,0.38823529411764707,neutral
VFYCLGFV,37,18,7,15,55,22,0.38823529411764707,neutral
IVCFGCGY,37,18,10,12,55,22,0.38823529411764707,neutral
CHLLSCGC,33,22,10,12,55,22,0.38823529411764707,neutral
FDHCDGVV,79,61,35,39,140,74,0.38823529411764707,neutral
FFRYCYGC,33,22,10,12,55,22,0.38823529411764707,neutral
YVLIHSYC,35,20,10,12,55,22,0.38823529411764707,neutral
IDYFCFFC,37,18,9,13,55,22,0.38823529411764707,neutral
CSYHNVLF,33,22,9,13,55,22,0.38823529411764707,neutral
FYYLHLDV,37,18,7,15,55,22,0.38823529411764707,neutral
IYLCNHCC,29,26,7,15,55,22,0.38823529411764707,neutral
GVVFGYDF,35,20,8,14,55,22,0.38823529411764707,neutral
YCSCVVRC,36,19,7,15,55,22,0.38823529411764707,neutral
FFFHDFVY,33,22,14,8,55,22,0.38823529411764707,neutral
YHFYCHGD,46,27,12,21,73,33,0.3883495145631068,neutral
LFCFHSDV,45,28,14,19,73,33,0.3883495145631068,neutral
HNVFVCVR,42,31,16,17,73,33,0.3883495145631068,neutral
VCFFHVGG,37,36,13,20,73,33,0.3883495145631068,neutral
CLVGYSVY,46,27,15,18,73,33,0.3883495145631068,neutral
HDCGLCVL,42,31,19,14,73,33,0.3883495145631068,neutral
FGCSYLYG,37,36,16,17,73,33,0.3883495145631068,neutral
NVIDFVHL,42,31,16,17,73,33,0.3883495145631068,neutral
HFFCFRGF,41,32,14,19,73,33,0.3883495145631068,neutral
CYDFRFLC,41,32,20,13,73,33,0.3883495145631068,neutral
VIVISGVG,45,28,16,17,73,33,0.3883495145631068,neutral
FFHFVFDG,51,40,13,31,91,44,0.3884297520661157,neutral
ICFVDSRV,47,44,15,29,91,44,0.3884297520661157,neutral
FCCFGDGH,53,38,20,24,91,44,0.3884297520661157,neutral
FFLSLDHR,54,37,16,28,91,44,0.3884297520661157,neutral
HIVVCGGF,54,37,26,18,91,44,0.3884297520661157,neutral
SCYYRSGI,118,99,52,69,217,121,0.38866396761133604,neutral
LCFFGCGL,26,16,4,10,42,14,0.3888888888888889,neutral
FCSFFFCY,17,7,1,2,24,3,0.3888888888888889,neutral
FCCSVCCR,16,8,2,1,24,3,0.3888888888888889,neutral
FYGYVDYG,28,14,6,8,42,14,0.3888888888888889,neutral
CFLGICGF,38,22,7,18,60,25,0.3888888888888889,neutral
FCFFNCFH,30,12,6,8,42,14,0.3888888888888889,neutral
HLHFFGRC,38,22,12,13,60,25,0.3888888888888889,neutral
FYHCIFLD,16,8,2,1,24,3,0.3888888888888889,neutral
DYFCCRFH,28,14,6,8,42,14,0.3888888888888889,neutral
LCLNHGIV,35,25,15,10,60,25,0.3888888888888889,neutral
FICHFVGG,13,11,2,1,24,3,0.3888888888888889,neutral
FLYHHGFG,13,11,2,1,24,3,0.3888888888888889,neutral
IFFFFSYV,7,17,1,2,24,3,0.3888888888888889,neutral
VIYCIRYH,11,13,1,2,24,3,0.3888888888888889,neutral
NCGYYIVI,38,22,13,12,60,25,0.3888888888888889,neutral
NYCVCYYG,15,9,1,2,24,3,0.3888888888888889,neutral
YVYYYNSG,43,35,15,21,78,36,0.3888888888888889,neutral
CCFFIICR,14,10,3,0,24,3,0.3888888888888889,neutral
FCCCDGSV,28,14,5,9,42,14,0.3888888888888889,neutral
CYCVCCDD,24,18,9,5,42,14,0.3888888888888889,neutral
ICFYSVRF,16,8,2,1,24,3,0.3888888888888889,neutral
FFFIVFFH,13,11,0,3,24,3,0.3888888888888889,neutral
FIFGILYV,15,9,0,3,24,3,0.3888888888888889,neutral
LFIICVRL,15,9,2,1,24,3,0.3888888888888889,neutral
FCHHLVCN,38,22,8,17,60,25,0.3888888888888889,neutral
IVCDGCGC,35,25,11,14,60,25,0.3888888888888889,neutral
FFVVLRLN,11,13,1,2,24,3,0.3888888888888889,neutral
ISGIYCGI,22,20,8,6,42,14,0.3888888888888889,neutral
FCSSDFLG,17,7,2,1,24,3,0.3888888888888889,neutral
YIICFGYI,18,6,0,3,24,3,0.3888888888888889,neutral
FSLFVCRY,17,7,2,1,24,3,0.3888888888888889,neutral
RVRFYCFC,13,11,3,0,24,3,0.3888888888888889,neutral
DSVFYYLL,15,9,3,0,24,3,0.3888888888888889,neutral
GLVYFLFY,19,5,2,1,24,3,0.3888888888888889,neutral
VYVLVRGV,16,8,2,1,24,3,0.3888888888888889,neutral
CYFYRGVF,26,16,5,9,42,14,0.3888888888888889,neutral
FSGCDLDF,34,26,15,10,60,25,0.3888888888888889,neutral
LFFLYYVY,16,8,1,2,24,3,0.3888888888888889,neutral
FYNCFRHF,36,24,15,10,60,25,0.3888888888888889,neutral
NFCRGFFD,9,15,1,2,24,3,0.3888888888888889,neutral
VCCGCFFN,11,13,2,1,24,3,0.3888888888888889,neutral
SYVSCCIS,63,51,37,21,114,58,0.3888888888888889,neutral
CCYGLCCC,24,18,6,8,42,14,0.3888888888888889,neutral
CYNNDFCS,39,21,13,12,60,25,0.3888888888888889,neutral
IFLVLFRH,17,7,2,1,24,3,0.3888888888888889,neutral
VYCCSGCN,27,15,3,11,42,14,0.3888888888888889,neutral
ICFFCFDD,47,31,19,17,78,36,0.3888888888888889,neutral
FHCISCRL,33,27,9,16,60,25,0.3888888888888889,neutral
FYGGGCLH,39,21,7,18,60,25,0.3888888888888889,neutral
HCGSFYGG,39,21,12,13,60,25,0.3888888888888889,neutral
FFCCCVYH,30,12,7,7,42,14,0.3888888888888889,neutral
IFSFYCCC,14,10,1,2,24,3,0.3888888888888889,neutral
GCCFGGHR,38,22,8,17,60,25,0.3888888888888889,neutral
VYRGSFLG,56,40,24,23,96,47,0.3888888888888889,neutral
CILFCCNH,27,15,4,10,42,14,0.3888888888888889,neutral
FYRSLCNI,35,25,10,15,60,25,0.3888888888888889,neutral
IFCDFNIG,42,36,17,19,78,36,0.3888888888888889,neutral
GIYGLNFR,22,20,9,5,42,14,0.3888888888888889,neutral
LLVGFDLD,33,27,14,11,60,25,0.3888888888888889,neutral
VYCFYSGG,39,21,12,13,60,25,0.3888888888888889,neutral
GCRYFCFR,25,17,6,8,42,14,0.3888888888888889,neutral
GCGRCGIN,36,24,11,14,60,25,0.3888888888888889,neutral
ILFCLCYV,12,12,3,0,24,3,0.3888888888888889,neutral
FSCSCGSC,37,23,12,13,60,25,0.3888888888888889,neutral
YVCYSFVS,65,49,28,30,114,58,0.3888888888888889,neutral
CCVNVYYV,30,12,4,10,42,14,0.3888888888888889,neutral
FFYFFISN,13,11,3,0,24,3,0.3888888888888889,neutral
GLFYGFYC,16,26,7,7,42,14,0.3888888888888889,neutral
CFYCDNFC,24,18,6,8,42,14,0.3888888888888889,neutral
VVYVYSCR,38,22,13,12,60,25,0.3888888888888889,neutral
FSGLFCGI,28,14,6,8,42,14,0.3888888888888889,neutral
CCFGCILG,27,15,8,6,42,14,0.3888888888888889,neutral
GFVIVYRH,56,40,25,22,96,47,0.3888888888888889,neutral
FFCNRVVD,34,26,13,12,60,25,0.3888888888888889,neutral
GNFCFCGG,28,14,9,5,42,14,0.3888888888888889,neutral
VCCRDRFF,29,13,5,9,42,14,0.3888888888888889,neutral
CLHYIYLH,18,6,3,0,24,3,0.3888888888888889,neutral
DVLCGNFD,59,42,23,27,101,50,0.3893129770992366,neutral
VRHCCGLI,58,43,22,28,101,50,0.3893129770992366,neutral
RYVFLHHH,60,41,22,28,101,50,0.3893129770992366,neutral
HRHCCFSV,56,45,23,27,101,50,0.3893129770992366,neutral
GCDFVVYH,57,44,21,29,101,50,0.3893129770992366,neutral
CYGHSCFY,48,35,21,18,83,39,0.3893805309734513,neutral
VCLVCCGV,49,34,15,24,83,39,0.3893805309734513,neutral
CFVCHSLV,49,34,19,20,83,39,0.3893805309734513,neutral
GIGGVFLL,50,33,17,22,83,39,0.3893805309734513,neutral
LFDGHHIR,41,24,13,15,65,28,0.3894736842105263,neutral
YHFGFGIR,40,25,18,10,65,28,0.3894736842105263,neutral
CVGVDIYC,37,28,7,21,65,28,0.3894736842105263,neutral
ICCFHCDN,40,25,12,16,65,28,0.3894736842105263,neutral
SLCFGCSF,42,23,12,16,65,28,0.3894736842105263,neutral
LHVRSVHF,39,26,13,15,65,28,0.3894736842105263,neutral
FIDRLYCV,41,24,17,11,65,28,0.3894736842105263,neutral
RCYFDVCV,34,31,16,12,65,28,0.3894736842105263,neutral
CCLSHCRH,77,65,29,46,142,75,0.38953488372093026,neutral
NYIGLNLY,30,17,6,11,47,17,0.38961038961038963,neutral
GILIFGFY,30,17,7,10,47,17,0.38961038961038963,neutral
LNRYGHYV,26,21,11,6,47,17,0.38961038961038963,neutral
YSSCGYHV,33,14,4,13,47,17,0.38961038961038963,neutral
VFCNDIVV,30,17,7,10,47,17,0.38961038961038963,neutral
HHYVYIDV,29,18,6,11,47,17,0.38961038961038963,neutral
LVCFSSCV,29,18,11,6,47,17,0.38961038961038963,neutral
RSCCCSVV,24,23,8,9,47,17,0.38961038961038963,neutral
VFFDYVCG,32,15,5,12,47,17,0.38961038961038963,neutral
IFVFHFDG,29,18,11,6,47,17,0.38961038961038963,neutral
CYDYFGCV,30,17,10,7,47,17,0.38961038961038963,neutral
YDFVNCIN,25,22,8,9,47,17,0.38961038961038963,neutral
GFYHVGRC,32,15,9,8,47,17,0.38961038961038963,neutral
CSDVYYNC,23,24,8,9,47,17,0.38961038961038963,neutral
NCYYICYS,29,18,12,5,47,17,0.38961038961038963,neutral
HFCINHYG,24,23,8,9,47,17,0.38961038961038963,neutral
CNGIFHCR,27,20,9,8,47,17,0.38961038961038963,neutral
RLCFGCIC,28,19,10,7,47,17,0.38961038961038963,neutral
HHFFHHGG,33,14,7,10,47,17,0.38961038961038963,neutral
RGHCCCCV,31,16,7,10,47,17,0.38961038961038963,neutral
GCYVFLCD,26,21,9,8,47,17,0.38961038961038963,neutral
YLVYSFDG,32,15,9,8,47,17,0.38961038961038963,neutral
CHSFCFCL,33,14,8,9,47,17,0.38961038961038963,neutral
FYCNCVFC,28,19,9,8,47,17,0.38961038961038963,neutral
FSFVLGDF,58,48,25,28,106,53,0.3897058823529412,neutral
CHVRCGGH,59,47,26,27,106,53,0.3897058823529412,neutral
CCIRLDHL,58,48,28,25,106,53,0.3897058823529412,neutral
CCCISIHH,17,12,4,2,29,6,0.3898305084745763,neutral
LCGSCFRF,17,12,2,4,29,6,0.3898305084745763,neutral
CDGCIFRG,17,12,3,3,29,6,0.3898305084745763,neutral
FYFLFRDF,24,5,1,5,29,6,0.3898305084745763,neutral
FCFFCYFH,18,11,2,4,29,6,0.3898305084745763,neutral
FYSSGGVF,18,11,3,3,29,6,0.3898305084745763,neutral
FSCFYVRV,22,7,1,5,29,6,0.3898305084745763,neutral
YCYFRGCR,18,11,2,4,29,6,0.3898305084745763,neutral
FYGCNDIC,22,7,3,3,29,6,0.3898305084745763,neutral
FFCYVGCL,18,11,1,5,29,6,0.3898305084745763,neutral
HSCYGVRY,20,9,3,3,29,6,0.3898305084745763,neutral
CHILFVYG,17,12,4,2,29,6,0.3898305084745763,neutral
FCYCCFGV,22,7,3,3,29,6,0.3898305084745763,neutral
CYLFRCIS,20,9,3,3,29,6,0.3898305084745763,neutral
NFYHGCSN,48,40,17,25,88,42,0.3898305084745763,neutral
FDVIVIIF,17,12,4,2,29,6,0.3898305084745763,neutral
LYLVDYLS,49,39,19,23,88,42,0.3898305084745763,neutral
NVFYFGFC,20,9,4,2,29,6,0.3898305084745763,neutral
VVVCCYYH,20,9,1,5,29,6,0.3898305084745763,neutral
VFGVFVDV,48,40,19,23,88,42,0.3898305084745763,neutral
CFCVHFVH,18,11,2,4,29,6,0.3898305084745763,neutral
CFCHGGVD,77,70,40,38,147,78,0.3898305084745763,neutral
FVYYCFFD,22,7,4,2,29,6,0.3898305084745763,neutral
ICFRCYVR,16,13,2,4,29,6,0.3898305084745763,neutral
GHYRCRCY,14,15,3,3,29,6,0.3898305084745763,neutral
VNYCIDFR,16,13,3,3,29,6,0.3898305084745763,neutral
IRCVYYDF,43,27,13,18,70,31,0.39,neutral
GCVSSFIF,41,29,17,14,70,31,0.39,neutral
DICLSLRD,44,26,11,20,70,31,0.39,neutral
GCYFLYSV,39,31,9,22,70,31,0.39,neutral
VLFGVCCC,41,29,14,17,70,31,0.39,neutral
LFHHCLCG,42,28,14,17,70,31,0.39,neutral
YLIGCGCV,42,28,14,17,70,31,0.39,neutral
CRLSVIVH,114,97,57,60,211,117,0.3900414937759336,neutral
SCVHCYLH,64,47,23,33,111,56,0.3900709219858156,neutral
CIFGRHNF,64,47,28,28,111,56,0.3900709219858156,neutral
VLCFNLDS,65,46,28,28,111,56,0.3900709219858156,neutral
CDLVNVYN,35,17,6,14,52,20,0.3902439024390244,neutral
VRYCIFSH,54,39,17,28,93,45,0.3902439024390244,neutral
LCNCNGNF,52,41,19,26,93,45,0.3902439024390244,neutral
CLRDIRYC,50,43,22,23,93,45,0.3902439024390244,neutral
CCYSGYIG,27,25,9,11,52,20,0.3902439024390244,neutral
CHCLDGGC,26,26,12,8,52,20,0.3902439024390244,neutral
CIYHVDDL,33,19,6,14,52,20,0.3902439024390244,neutral
HCCVCVVC,32,20,13,7,52,20,0.3902439024390244,neutral
LDLCGSHV,52,41,18,27,93,45,0.3902439024390244,neutral
SVLFGNNF,28,24,7,13,52,20,0.3902439024390244,neutral
LGFFVNLR,27,25,7,13,52,20,0.3902439024390244,neutral
FINNVFCV,108,90,50,59,198,109,0.39035087719298245,neutral
LHFCIVRG,42,33,15,19,75,34,0.3904761904761905,neutral
NLGLCLSD,42,33,18,16,75,34,0.3904761904761905,neutral
DYDGCVCI,42,33,20,14,75,34,0.3904761904761905,neutral
FHCYHCDS,43,32,8,26,75,34,0.3904761904761905,neutral
CFLSGGGC,41,34,17,17,75,34,0.3904761904761905,neutral
CYDGSYNV,44,31,18,16,75,34,0.3904761904761905,neutral
DFVFVGLC,45,30,19,15,75,34,0.3904761904761905,neutral
HCHLLGCD,45,30,19,15,75,34,0.3904761904761905,neutral
FFDDGFGV,44,31,15,19,75,34,0.3904761904761905,neutral
SHFLFCHR,43,32,18,16,75,34,0.3904761904761905,neutral
LISCCYDS,46,29,19,15,75,34,0.3904761904761905,neutral
SVVFRGYH,43,32,16,18,75,34,0.3904761904761905,neutral
CGCNGRFR,76,63,28,45,139,73,0.3905325443786982,neutral
FYYCCNYI,76,63,36,37,139,73,0.3905325443786982,neutral
FCCIFFLR,22,12,6,3,34,9,0.390625,neutral
FFFCCHSS,21,13,6,3,34,9,0.390625,neutral
IFSCSRRY,20,14,4,5,34,9,0.390625,neutral
NSLCSCLC,55,43,24,24,98,48,0.390625,neutral
RDYGGVFI,20,14,5,4,34,9,0.390625,neutral
FCCSDCVS,54,44,26,22,98,48,0.390625,neutral
CCLIRCDY,57,41,29,19,98,48,0.390625,neutral
CGHCVYRS,20,14,4,5,34,9,0.390625,neutral
FCLYYCLL,22,12,3,6,34,9,0.390625,neutral
CDHCHCVF,24,10,5,4,34,9,0.390625,neutral
YIGHRCCC,21,13,5,4,34,9,0.390625,neutral
FFSHYYVR,22,12,6,3,34,9,0.390625,neutral
YFSLFSSC,21,13,3,6,34,9,0.390625,neutral
FLFGLVCC,18,16,4,5,34,9,0.390625,neutral
ICCCCNGS,24,10,4,5,34,9,0.390625,neutral
DFCDGVYC,20,14,5,4,34,9,0.390625,neutral
YCVCCFCI,22,12,5,4,34,9,0.390625,neutral
FCCCSRGV,20,14,4,5,34,9,0.390625,neutral
CGRHSFYF,20,14,6,3,34,9,0.390625,neutral
CCHYYFCV,22,12,5,4,34,9,0.390625,neutral
FNVCYFYC,18,16,4,5,34,9,0.390625,neutral
FCVDDRYY,18,16,2,7,34,9,0.390625,neutral
GCVCSIRV,67,54,35,27,121,62,0.39072847682119205,neutral
CCCCNVCG,31,26,11,12,57,23,0.39080459770114945,neutral
LYYRNRCI,37,20,14,9,57,23,0.39080459770114945,neutral
HCHCIFVR,38,19,13,10,57,23,0.39080459770114945,neutral
LLFFCGVG,33,24,13,10,57,23,0.39080459770114945,neutral
CDLLVISV,33,24,7,16,57,23,0.39080459770114945,neutral
CDFCLSYF,32,25,9,14,57,23,0.39080459770114945,neutral
YCLCYDIC,38,19,12,11,57,23,0.39080459770114945,neutral
CSFIRGGY,30,27,8,15,57,23,0.39080459770114945,neutral
GHGCVGCF,32,25,13,10,57,23,0.39080459770114945,neutral
RFCFYSCC,35,22,13,10,57,23,0.39080459770114945,neutral
FCHDYDGL,36,21,9,14,57,23,0.39080459770114945,neutral
YHFLCFNC,32,25,10,13,57,23,0.39080459770114945,neutral
ICCCVCGR,33,24,7,16,57,23,0.39080459770114945,neutral
CFCRISID,33,24,8,15,57,23,0.39080459770114945,neutral
SCICLVRH,36,21,7,16,57,23,0.39080459770114945,neutral
ISNCLVCC,36,21,12,11,57,23,0.39080459770114945,neutral
VLCCGYGG,48,32,15,22,80,37,0.39090909090909093,neutral
GLVCVCSL,49,31,17,20,80,37,0.39090909090909093,neutral
LCSCVNFD,49,31,19,18,80,37,0.39090909090909093,neutral
CLDFVLNV,48,32,19,18,80,37,0.39090909090909093,neutral
SYGSCCYN,45,35,15,22,80,37,0.39090909090909093,neutral
LCCHGVLR,43,37,19,18,80,37,0.39090909090909093,neutral
LCVDDINV,48,32,17,20,80,37,0.39090909090909093,neutral
SCGCGLVC,49,31,17,20,80,37,0.39090909090909093,neutral
YVYLYDNY,47,33,17,20,80,37,0.39090909090909093,neutral
IFCVHCVS,49,31,11,26,80,37,0.39090909090909093,neutral
FRFFDCLY,48,32,14,23,80,37,0.39090909090909093,neutral
FGYGVCGC,45,35,21,16,80,37,0.39090909090909093,neutral
NHRCVYGY,71,55,32,33,126,65,0.391025641025641,neutral
CYRNCCLD,23,16,6,6,39,12,0.391304347826087,neutral
CCVIGICC,20,19,3,9,39,12,0.391304347826087,neutral
FFGNHVLL,63,45,25,29,108,54,0.391304347826087,neutral
VYRIRLRV,38,24,13,13,62,26,0.391304347826087,neutral
CDSCLRLI,29,10,5,7,39,12,0.391304347826087,neutral
NNFDHVSY,32,30,15,11,62,26,0.391304347826087,neutral
FFVSVFCD,24,15,10,2,39,12,0.391304347826087,neutral
VFCLHNFR,24,15,10,2,39,12,0.391304347826087,neutral
CHCNLSCC,22,17,7,5,39,12,0.391304347826087,neutral
SHILCCCV,40,22,8,18,62,26,0.391304347826087,neutral
SIICYGHF,25,14,5,7,39,12,0.391304347826087,neutral
RCYSICCD,62,46,32,22,108,54,0.391304347826087,neutral
FHIVRNFC,23,16,5,7,39,12,0.391304347826087,neutral
NCCRIRLF,29,10,7,5,39,12,0.391304347826087,neutral
NNFRCCFR,22,17,9,3,39,12,0.391304347826087,neutral
VFHRGCHY,28,11,5,7,39,12,0.391304347826087,neutral
VFFCDGVY,35,27,12,14,62,26,0.391304347826087,neutral
YFSFVGIY,22,17,7,5,39,12,0.391304347826087,neutral
LYGCDSYG,51,34,16,24,85,40,0.391304347826087,neutral
CNVLCFCG,23,16,7,5,39,12,0.391304347826087,neutral
DSCVLCCG,59,49,20,34,108,54,0.391304347826087,neutral
VVYIYGGS,38,24,11,15,62,26,0.391304347826087,neutral
NVIIFVLC,23,16,10,2,39,12,0.391304347826087,neutral
CCIVCFDY,23,16,3,9,39,12,0.391304347826087,neutral
FCNNRCFC,23,16,6,6,39,12,0.391304347826087,neutral
IRGFYYYD,35,27,12,14,62,26,0.391304347826087,neutral
SVYIHFGD,26,13,4,8,39,12,0.391304347826087,neutral
HSFNYVIG,34,28,11,15,62,26,0.391304347826087,neutral
VCCFDCYS,26,13,7,5,39,12,0.391304347826087,neutral
VGFCCRGY,29,10,7,5,39,12,0.391304347826087,neutral
FCFYCFGD,25,14,9,3,39,12,0.391304347826087,neutral
GNYLCYFG,24,15,6,6,39,12,0.391304347826087,neutral
IIVCFVVG,29,10,6,6,39,12,0.391304347826087,neutral
VGHRFVCG,34,28,12,14,62,26,0.391304347826087,neutral
VCVGCFLR,22,17,8,4,39,12,0.391304347826087,neutral
YISRVGYL,24,15,6,6,39,12,0.391304347826087,neutral
DFVIVCRC,22,17,6,6,39,12,0.391304347826087,neutral
IFICHCSF,22,17,7,5,39,12,0.391304347826087,neutral
VCRCFRDH,40,22,14,12,62,26,0.391304347826087,neutral
IFYDSLGY,24,15,6,6,39,12,0.391304347826087,neutral
RVYLGDYG,22,17,6,6,39,12,0.391304347826087,neutral
VICFDFFG,28,11,5,7,39,12,0.391304347826087,neutral
FCINFFSR,22,17,3,9,39,12,0.391304347826087,neutral
GGFCCNYR,25,14,3,9,39,12,0.391304347826087,neutral
CCYYGSFC,22,17,5,7,39,12,0.391304347826087,neutral
LYNFCSCF,25,14,6,6,39,12,0.391304347826087,neutral
YFVFSRHS,36,26,10,16,62,26,0.391304347826087,neutral
CFCNNCFR,25,14,5,7,39,12,0.391304347826087,neutral
NSFFGGHL,50,35,20,20,85,40,0.391304347826087,neutral
FFFLCNCV,22,17,6,6,39,12,0.391304347826087,neutral
FNHCVDVV,64,49,24,33,113,57,0.3916083916083916,neutral
CCDIVLSY,64,49,33,24,113,57,0.3916083916083916,neutral
YCLDHVCF,64,49,31,26,113,57,0.3916083916083916,neutral
FCYINYVD,63,50,27,30,113,57,0.3916083916083916,neutral
FYNCGCDR,53,37,17,26,90,43,0.39166666666666666,neutral
LGGCHLCG,46,44,24,19,90,43,0.39166666666666666,neutral
RCCGRRCG,46,44,23,20,90,43,0.39166666666666666,neutral
CFCFNFCN,42,25,13,16,67,29,0.3917525773195876,neutral
FSIDCYLG,41,26,11,18,67,29,0.3917525773195876,neutral
FIYFHIDR,41,26,15,14,67,29,0.3917525773195876,neutral
FHYHINVC,42,25,16,13,67,29,0.3917525773195876,neutral
YLICNLVV,34,33,15,14,67,29,0.3917525773195876,neutral
FYHCSSCD,42,25,12,17,67,29,0.3917525773195876,neutral
DCSDHYGC,41,26,16,13,67,29,0.3917525773195876,neutral
FNHFVVYY,37,30,17,12,67,29,0.3917525773195876,neutral
HFFSCCSY,42,25,9,20,67,29,0.3917525773195876,neutral
CCYGVYFH,42,25,13,16,67,29,0.3917525773195876,neutral
LRCHIDDS,91,73,41,47,164,88,0.3917525773195876,neutral
FVCRSCFF,35,32,14,15,67,29,0.3917525773195876,neutral
CDVFVCDL,34,33,15,14,67,29,0.3917525773195876,neutral
FCRYDIFV,21,23,12,3,44,15,0.3918918918918919,neutral
CSFFGLDY,29,15,8,7,44,15,0.3918918918918919,neutral
CFCICNVC,30,14,4,11,44,15,0.3918918918918919,neutral
FFVGRSVC,22,22,9,6,44,15,0.3918918918918919,neutral
VFYRDLGG,28,16,8,7,44,15,0.3918918918918919,neutral
CVYSCFHG,25,19,7,8,44,15,0.3918918918918919,neutral
FLFLHSDR,30,14,5,10,44,15,0.3918918918918919,neutral
YFFRDFIG,30,14,10,5,44,15,0.3918918918918919,neutral
SCFRCFSY,28,16,9,6,44,15,0.3918918918918919,neutral
FCVRCRCR,25,19,7,8,44,15,0.3918918918918919,neutral
GNFFVYYN,30,14,9,6,44,15,0.3918918918918919,neutral
FFDFRVRL,55,40,19,27,95,46,0.392,neutral
FRCYLICI,15,6,0,1,21,1,0.39215686274509803,neutral
CRGCCRVH,44,28,14,18,72,32,0.39215686274509803,neutral
FFVCCCDD,44,28,13,19,72,32,0.39215686274509803,neutral
FHFSVVFV,14,7,1,0,21,1,0.39215686274509803,neutral
YFDVIIIY,14,7,0,1,21,1,0.39215686274509803,neutral
FLCCIFFF,16,5,1,0,21,1,0.39215686274509803,neutral
VCGYDFYD,45,27,16,16,72,32,0.39215686274509803,neutral
DIFFVFVV,12,9,1,0,21,1,0.39215686274509803,neutral
FNLYVFYF,12,9,0,1,21,1,0.39215686274509803,neutral
FSCVFCIH,69,54,24,39,123,63,0.39215686274509803,neutral
FIVCIFRI,13,8,1,0,21,1,0.39215686274509803,neutral
FYVFFCCL,9,12,1,0,21,1,0.39215686274509803,neutral
VFIIIVFV,14,7,0,1,21,1,0.39215686274509803,neutral
FCFGCFLI,13,8,0,1,21,1,0.39215686274509803,neutral
VVVFFFYI,7,14,0,1,21,1,0.39215686274509803,neutral
LFFFFFCC,12,9,0,1,21,1,0.39215686274509803,neutral
FHVRLIVL,13,8,0,1,21,1,0.39215686274509803,neutral
VNGLHVHI,45,27,11,21,72,32,0.39215686274509803,neutral
VHCLVSCC,62,61,31,32,123,63,0.39215686274509803,neutral
VSVLVRLH,12,9,0,1,21,1,0.39215686274509803,neutral
VYLCNYRH,38,34,13,19,72,32,0.39215686274509803,neutral
YCCDRFIC,42,30,14,18,72,32,0.39215686274509803,neutral
FIHIHVRS,42,30,14,18,72,32,0.39215686274509803,neutral
CRIFLFYI,15,6,1,0,21,1,0.39215686274509803,neutral
LFYLVGLR,71,52,27,36,123,63,0.39215686274509803,neutral
LCVFVFIC,13,8,0,1,21,1,0.39215686274509803,neutral
VSYCDGCI,42,30,14,18,72,32,0.39215686274509803,neutral
ICCCYDCD,43,29,17,15,72,32,0.39215686274509803,neutral
SFFHFYFF,9,12,1,0,21,1,0.39215686274509803,neutral
YVLYVLVF,16,5,1,0,21,1,0.39215686274509803,neutral
FVCFCCGV,17,4,0,1,21,1,0.39215686274509803,neutral
FGFYIHCF,17,4,1,0,21,1,0.39215686274509803,neutral
CFFIDICC,18,3,1,0,21,1,0.39215686274509803,neutral
LCYVVCIY,11,10,0,1,21,1,0.39215686274509803,neutral
YYGVIVYG,8,13,0,1,21,1,0.39215686274509803,neutral
YFVILFCL,11,10,1,0,21,1,0.39215686274509803,neutral
GCNCFFVF,15,6,1,0,21,1,0.39215686274509803,neutral
FCFCVFHF,17,4,1,0,21,1,0.39215686274509803,neutral
FYFSFYFV,14,7,0,1,21,1,0.39215686274509803,neutral
YLDVRHLY,16,5,1,0,21,1,0.39215686274509803,neutral
VLFVVCIV,15,6,1,0,21,1,0.39215686274509803,neutral
FYFLSFRC,12,9,0,1,21,1,0.39215686274509803,neutral
CHFVINVV,84,67,44,36,151,80,0.39226519337016574,neutral
RSISLCRY,58,42,17,32,100,49,0.3923076923076923,neutral
IDHYCHIR,33,16,10,8,49,18,0.3924050632911392,neutral
GYGFIDCH,31,18,10,8,49,18,0.3924050632911392,neutral
LDLNYGGC,33,16,12,6,49,18,0.3924050632911392,neutral
SHFCGRGY,32,17,9,9,49,18,0.3924050632911392,neutral
SFYVNCFR,34,15,4,14,49,18,0.3924050632911392,neutral
RRYDYSLD,65,63,28,38,128,66,0.3924050632911392,neutral
HYSYVSCH,24,25,6,12,49,18,0.3924050632911392,neutral
YINDGYDH,25,24,6,12,49,18,0.3924050632911392,neutral
HNINFCCC,27,22,7,11,49,18,0.3924050632911392,neutral
VYRCFFFD,24,25,8,10,49,18,0.3924050632911392,neutral
CGCRYVDI,71,57,39,27,128,66,0.3924050632911392,neutral
ISLCCYYH,31,18,4,14,49,18,0.3924050632911392,neutral
FFCSYYCV,33,16,9,9,49,18,0.3924050632911392,neutral
FDSSLVCV,30,19,8,10,49,18,0.3924050632911392,neutral
FYGIRGVH,27,22,8,10,49,18,0.3924050632911392,neutral
FCRNFSLR,33,16,9,9,49,18,0.3924050632911392,neutral
ICFIDCFC,31,18,9,9,49,18,0.3924050632911392,neutral
IFYVVGYS,48,29,20,15,77,35,0.3925233644859813,neutral
SYGDYCSF,45,32,16,19,77,35,0.3925233644859813,neutral
GVSGIFRF,45,32,14,21,77,35,0.3925233644859813,neutral
CDFVSGYY,46,31,17,18,77,35,0.3925233644859813,neutral
GCVNGCFV,44,33,15,20,77,35,0.3925233644859813,neutral
GVFGFSHD,42,35,19,16,77,35,0.3925233644859813,neutral
FNVCHGFC,42,35,20,15,77,35,0.3925233644859813,neutral
SHIGCVCC,45,32,15,20,77,35,0.3925233644859813,neutral
DDFLYVHG,58,47,18,34,105,52,0.3925925925925926,neutral
SNYFCVRD,75,58,35,34,133,69,0.39263803680981596,neutral
FIVVIYSL,13,13,4,0,26,4,0.39285714285714285,neutral
FLIFVNIY,16,10,2,2,26,4,0.39285714285714285,neutral
FVFRGGLR,30,24,9,12,54,21,0.39285714285714285,neutral
FIRSSGRY,36,18,9,12,54,21,0.39285714285714285,neutral
RHCVLGFC,73,65,33,39,138,72,0.39285714285714285,neutral
CFIVVFHI,13,13,1,3,26,4,0.39285714285714285,neutral
CCCNHFVV,18,8,1,3,26,4,0.39285714285714285,neutral
CCFLFIFY,16,10,2,2,26,4,0.39285714285714285,neutral
FYFVCCYH,35,19,10,11,54,21,0.39285714285714285,neutral
FGFYVFVL,18,8,2,2,26,4,0.39285714285714285,neutral
YYFIILIV,14,12,2,2,26,4,0.39285714285714285,neutral
LVCVNDLY,15,11,2,2,26,4,0.39285714285714285,neutral
FYFFHFFV,12,14,2,2,26,4,0.39285714285714285,neutral
YCCVRCLN,29,25,8,13,54,21,0.39285714285714285,neutral
CGVCYGHC,21,5,2,2,26,4,0.39285714285714285,neutral
FFIGRHCL,14,12,3,1,26,4,0.39285714285714285,neutral
VRGYGSVF,28,26,11,10,54,21,0.39285714285714285,neutral
FCVLFGCV,18,8,4,0,26,4,0.39285714285714285,neutral
CVVFGCLF,17,9,3,1,26,4,0.39285714285714285,neutral
RVIHICFH,16,10,3,1,26,4,0.39285714285714285,neutral
HFFLGNVC,34,20,14,7,54,21,0.39285714285714285,neutral
FCIICYCH,17,9,1,3,26,4,0.39285714285714285,neutral
GFFICVYF,14,12,3,1,26,4,0.39285714285714285,neutral
FFCFGLVC,15,11,3,1,26,4,0.39285714285714285,neutral
ISCYVCVG,16,10,2,2,26,4,0.39285714285714285,neutral
IFGDDFVG,18,8,2,2,26,4,0.39285714285714285,neutral
FCGFIGCF,27,27,7,14,54,21,0.39285714285714285,neutral
DCGCCCFN,31,23,8,13,54,21,0.39285714285714285,neutral
GYNYVIGI,36,18,6,15,54,21,0.39285714285714285,neutral
CFSILNNC,29,25,7,14,54,21,0.39285714285714285,neutral
RLFLLFYF,16,10,2,2,26,4,0.39285714285714285,neutral
CYCICFLH,19,7,2,2,26,4,0.39285714285714285,neutral
VGVLCLVF,20,6,2,2,26,4,0.39285714285714285,neutral
NCHFCCGV,35,19,12,9,54,21,0.39285714285714285,neutral
VHIFVLFN,19,7,2,2,26,4,0.39285714285714285,neutral
CIGCFLRV,18,8,2,2,26,4,0.39285714285714285,neutral
CFCYIDRV,19,7,2,2,26,4,0.39285714285714285,neutral
VCFLCGVF,18,8,2,2,26,4,0.39285714285714285,neutral
FYGLCYGG,35,19,9,12,54,21,0.39285714285714285,neutral
CFYYCCFV,12,14,2,2,26,4,0.39285714285714285,neutral
FDVSFGGI,32,22,12,9,54,21,0.39285714285714285,neutral
VCVCCICL,18,8,1,3,26,4,0.39285714285714285,neutral
RFGFYCFY,17,9,3,1,26,4,0.39285714285714285,neutral
HYVDGCYC,17,9,2,2,26,4,0.39285714285714285,neutral
LYCSFSFH,18,8,1,3,26,4,0.39285714285714285,neutral
CCVYCLVC,18,8,2,2,26,4,0.39285714285714285,neutral
GSLFCFYI,20,6,2,2,26,4,0.39285714285714285,neutral
FCFDGRDH,16,10,2,2,26,4,0.39285714285714285,neutral
FFYCVFYF,18,8,2,2,26,4,0.39285714285714285,neutral
FFLCVDHC,34,20,9,12,54,21,0.39285714285714285,neutral
CHRCHIID,35,19,9,12,54,21,0.39285714285714285,neutral
FCGYVGVY,32,22,8,13,54,21,0.39285714285714285,neutral
LFFVGDDD,36,18,7,14,54,21,0.39285714285714285,neutral
LVGCLGYC,33,21,9,12,54,21,0.39285714285714285,neutral
CFHLCHVG,31,23,10,11,54,21,0.39285714285714285,neutral
CVIVCGFC,33,21,12,9,54,21,0.39285714285714285,neutral
CVFCVFVH,15,11,1,3,26,4,0.39285714285714285,neutral
CVFLGCGS,61,54,29,29,115,58,0.3931034482758621,neutral
NCCCFVYG,52,35,21,20,87,41,0.39316239316239315,neutral
IFDCVYRS,50,37,18,23,87,41,0.39316239316239315,neutral
SSLDVFLD,50,37,15,26,87,41,0.39316239316239315,neutral
LLDCNFCC,52,35,20,21,87,41,0.39316239316239315,neutral
CSYFCCDN,53,34,20,21,87,41,0.39316239316239315,neutral
CYGCFDVS,49,38,22,19,87,41,0.39316239316239315,neutral
FDCFIYCS,38,21,15,9,59,24,0.39325842696629215,neutral
CIHIHGDY,38,21,12,12,59,24,0.39325842696629215,neutral
CLFFDNLN,38,21,15,9,59,24,0.39325842696629215,neutral
IDRCGCCL,37,22,8,16,59,24,0.39325842696629215,neutral
DYHVYIDY,32,27,13,11,59,24,0.39325842696629215,neutral
LYDCSFRY,33,26,13,11,59,24,0.39325842696629215,neutral
FCYVRGLF,39,20,15,9,59,24,0.39325842696629215,neutral
CGFFGCCH,30,29,7,17,59,24,0.39325842696629215,neutral
LFYSDFSG,31,28,9,15,59,24,0.39325842696629215,neutral
NFYYCVGC,33,26,19,5,59,24,0.39325842696629215,neutral
CYRIFDFG,38,21,13,11,59,24,0.39325842696629215,neutral
YCLNFVCD,34,25,14,10,59,24,0.39325842696629215,neutral
LYFDCVFI,19,12,5,2,31,7,0.39344262295081966,neutral
FLYVSGGC,12,19,6,1,31,7,0.39344262295081966,neutral
FFCNFVYI,24,7,3,4,31,7,0.39344262295081966,neutral
LVNFFVYC,22,9,2,5,31,7,0.39344262295081966,neutral
FYGLCVLF,19,12,3,4,31,7,0.39344262295081966,neutral
FYGCYCLG,18,13,5,2,31,7,0.39344262295081966,neutral
CYVCYYGF,19,12,2,5,31,7,0.39344262295081966,neutral
FFILCVGF,18,13,2,5,31,7,0.39344262295081966,neutral
FCFNCLFC,19,12,6,1,31,7,0.39344262295081966,neutral
FCIHGNHY,19,12,3,4,31,7,0.39344262295081966,neutral
VCICVFCL,19,12,3,4,31,7,0.39344262295081966,neutral
HFFVLFLH,20,11,4,3,31,7,0.39344262295081966,neutral
FFCCCYRC,20,11,4,3,31,7,0.39344262295081966,neutral
RSDCSFFD,18,13,2,5,31,7,0.39344262295081966,neutral
HFRGCCIF,22,9,5,2,31,7,0.39344262295081966,neutral
IYCCVHLV,22,9,5,2,31,7,0.39344262295081966,neutral
GFFVCLVH,24,7,4,3,31,7,0.39344262295081966,neutral
CLVCRGIG,15,16,2,5,31,7,0.39344262295081966,neutral
CYCVCRCY,25,6,2,5,31,7,0.39344262295081966,neutral
YVIGYFVL,15,16,3,4,31,7,0.39344262295081966,neutral
CLGSVLHY,25,6,1,6,31,7,0.39344262295081966,neutral
FFNHDIRL,21,10,4,3,31,7,0.39344262295081966,neutral
GVFIFFND,17,14,3,4,31,7,0.39344262295081966,neutral
FISGCVLD,24,7,4,3,31,7,0.39344262295081966,neutral
CNGFICYG,21,10,4,3,31,7,0.39344262295081966,neutral
FDYCCHCG,21,10,1,6,31,7,0.39344262295081966,neutral
SDHLFYFR,18,13,2,5,31,7,0.39344262295081966,neutral
CVFYNLGG,35,29,12,15,64,27,0.39361702127659576,neutral
CLGFYDDV,41,23,12,15,64,27,0.39361702127659576,neutral
LFYCYVFG,38,26,16,11,64,27,0.39361702127659576,neutral
YFCFFDRC,41,23,16,11,64,27,0.39361702127659576,neutral
FINCVNVY,39,25,13,14,64,27,0.39361702127659576,neutral
CFRCRVID,40,24,11,16,64,27,0.39361702127659576,neutral
YYRDCICC,58,39,27,20,97,47,0.3937007874015748,neutral
NSLGCVFF,54,43,26,21,97,47,0.3937007874015748,neutral
CGCGSCCG,42,27,13,17,69,30,0.3939393939393939,neutral
LGYFYHYN,37,32,18,12,69,30,0.3939393939393939,neutral
FDNCCCFG,56,46,34,16,102,50,0.3939393939393939,neutral
ICCVYYVD,40,29,14,16,69,30,0.3939393939393939,neutral
YFCRHVGH,34,35,15,15,69,30,0.3939393939393939,neutral
LFVFCGSG,22,14,4,6,36,10,0.3939393939393939,neutral
CCRFRGCV,19,17,7,3,36,10,0.3939393939393939,neutral
GIVGFCYF,41,28,13,17,69,30,0.3939393939393939,neutral
LDHRFSGL,43,26,11,19,69,30,0.3939393939393939,neutral
VDLCCCIG,44,25,17,13,69,30,0.3939393939393939,neutral
GFVCVVGF,26,10,5,5,36,10,0.3939393939393939,neutral
FNLVDFSC,26,10,4,6,36,10,0.3939393939393939,neutral
GCIFSGHI,39,30,13,17,69,30,0.3939393939393939,neutral
LLGGCGLC,41,28,10,20,69,30,0.3939393939393939,neutral
VRYDNLDI,43,26,13,17,69,30,0.3939393939393939,neutral
CYDCFDCH,71,64,37,33,135,70,0.3939393939393939,neutral
YNGFDSYF,26,10,3,7,36,10,0.3939393939393939,neutral
FYCNDVLI,42,27,13,17,69,30,0.3939393939393939,neutral
VNHYCYCH,41,28,12,18,69,30,0.3939393939393939,neutral
IYYGYYVI,22,14,4,6,36,10,0.3939393939393939,neutral
RFDRNFYG,19,17,5,5,36,10,0.3939393939393939,neutral
FVLCYDYY,21,15,3,7,36,10,0.3939393939393939,neutral
CFNCFYSC,26,10,4,6,36,10,0.3939393939393939,neutral
FFNVSCFV,27,9,4,6,36,10,0.3939393939393939,neutral
FRFNYVFH,19,17,5,5,36,10,0.3939393939393939,neutral
GGCCNYCY,22,14,3,7,36,10,0.3939393939393939,neutral
YFGIIHSL,40,29,16,14,69,30,0.3939393939393939,neutral
FDFGVSYV,37,32,12,18,69,30,0.3939393939393939,neutral
VFRVFLVD,19,17,5,5,36,10,0.3939393939393939,neutral
CCYYFVHR,24,12,7,3,36,10,0.3939393939393939,neutral
CVCCSFGC,19,17,7,3,36,10,0.3939393939393939,neutral
HICYCCRI,25,11,6,4,36,10,0.3939393939393939,neutral
LCYFCIDS,24,12,6,4,36,10,0.3939393939393939,neutral
YIHGFDVR,26,10,5,5,36,10,0.3939393939393939,neutral
CCYFFFFR,17,19,3,7,36,10,0.3939393939393939,neutral
SCYCLRRV,24,12,6,4,36,10,0.3939393939393939,neutral
LLDYGSIC,43,26,16,14,69,30,0.3939393939393939,neutral
FCIVRCDY,19,17,5,5,36,10,0.3939393939393939,neutral
SIVIGRVR,44,25,15,15,69,30,0.3939393939393939,neutral
RCVSFYLC,23,13,6,4,36,10,0.3939393939393939,neutral
GGRIFIDF,17,19,4,6,36,10,0.3939393939393939,neutral
FGLCGSCR,39,30,16,14,69,30,0.3939393939393939,neutral
YLFFSCFD,25,11,2,8,36,10,0.3939393939393939,neutral
IRGYFFLD,43,26,14,16,69,30,0.3939393939393939,neutral
YCDFGNFH,24,12,5,5,36,10,0.3939393939393939,neutral
CGCSDHLI,78,62,38,35,140,73,0.3941176470588235,neutral
CCHGGDVF,57,50,27,26,107,53,0.39416058394160586,neutral
HSYYSIIR,43,31,15,18,74,33,0.3942307692307692,neutral
CHCLVRGI,40,34,20,13,74,33,0.3942307692307692,neutral
CRFGFIYY,42,32,17,16,74,33,0.3942307692307692,neutral
FCGCFVVR,44,30,20,13,74,33,0.3942307692307692,neutral
YGNRVNDF,41,33,14,19,74,33,0.3942307692307692,neutral
VCDLCVFY,42,32,15,18,74,33,0.3942307692307692,neutral
CFGRYCDF,28,13,7,6,41,13,0.39436619718309857,neutral
FCCRIRFD,27,14,9,4,41,13,0.39436619718309857,neutral
FFHYLDGC,22,19,6,7,41,13,0.39436619718309857,neutral
DHDCCFYR,25,16,8,5,41,13,0.39436619718309857,neutral
FHFDYSGH,29,12,5,8,41,13,0.39436619718309857,neutral
CFFGGHLR,60,52,23,33,112,56,0.39436619718309857,neutral
CCVGCVSC,26,15,7,6,41,13,0.39436619718309857,neutral
YCIGGGYC,26,15,4,9,41,13,0.39436619718309857,neutral
IIVDYCIR,27,14,4,9,41,13,0.39436619718309857,neutral
YLGCNVLL,25,16,11,2,41,13,0.39436619718309857,neutral
CLVFHNDI,26,15,3,10,41,13,0.39436619718309857,neutral
RFDDCNYF,29,12,4,9,41,13,0.39436619718309857,neutral
VYVRFCRV,25,16,7,6,41,13,0.39436619718309857,neutral
FCYYRIGC,26,15,8,5,41,13,0.39436619718309857,neutral
LCFLGDLL,25,16,5,8,41,13,0.39436619718309857,neutral
VCRFYCVH,25,16,4,9,41,13,0.39436619718309857,neutral
CCFCVVLD,26,15,6,7,41,13,0.39436619718309857,neutral
GILLIIDH,25,16,6,7,41,13,0.39436619718309857,neutral
CFCCFRRH,29,12,5,8,41,13,0.39436619718309857,neutral
YFFLGYRH,30,11,6,7,41,13,0.39436619718309857,neutral
YYLVFGCH,25,16,4,9,41,13,0.39436619718309857,neutral
YCCGGGYG,61,51,28,28,112,56,0.39436619718309857,neutral
IFGVYGVC,39,40,18,18,79,36,0.3944954128440367,neutral
VCNRVFNY,48,31,14,22,79,36,0.3944954128440367,neutral
LFYNRCSF,48,31,18,18,79,36,0.3944954128440367,neutral
GSHCIIFV,44,35,20,16,79,36,0.3944954128440367,neutral
VHSCDDFL,49,30,18,18,79,36,0.3944954128440367,neutral
LCSRNCCC,48,31,14,22,79,36,0.3944954128440367,neutral
IIHGVSLC,49,30,13,23,79,36,0.3944954128440367,neutral
YNCCLVGF,61,56,31,28,117,59,0.3945578231292517,neutral
FGCYYVCG,67,50,35,24,117,59,0.3945578231292517,neutral
CGCVGGVF,68,49,24,35,117,59,0.3945578231292517,neutral
FYIGCDGR,31,15,6,10,46,16,0.39473684210526316,neutral
YLGCDYFS,24,22,8,8,46,16,0.39473684210526316,neutral
LFCSICDR,47,37,21,18,84,39,0.39473684210526316,neutral
IFYFHCCG,22,24,10,6,46,16,0.39473684210526316,neutral
DIRYFCCC,21,25,9,7,46,16,0.39473684210526316,neutral
RFSFVCRF,30,16,6,10,46,16,0.39473684210526316,neutral
YRCGICRC,47,37,18,21,84,39,0.39473684210526316,neutral
SICGGFCF,25,21,7,9,46,16,0.39473684210526316,neutral
IFFSHDDD,28,18,8,8,46,16,0.39473684210526316,neutral
GFVFGCFR,68,54,25,37,122,62,0.39473684210526316,neutral
IFDYYFHY,31,15,6,10,46,16,0.39473684210526316,neutral
VYNGCCVY,28,18,7,9,46,16,0.39473684210526316,neutral
FSCCICLH,27,19,4,12,46,16,0.39473684210526316,neutral
IGCCCCVL,27,19,10,6,46,16,0.39473684210526316,neutral
SDYHVNFF,29,17,5,11,46,16,0.39473684210526316,neutral
FCLGCVGH,31,15,6,10,46,16,0.39473684210526316,neutral
IFGHCFIL,28,18,5,11,46,16,0.39473684210526316,neutral
LGVCCFVV,46,38,21,18,84,39,0.39473684210526316,neutral
VRYVYGFR,45,39,18,21,84,39,0.39473684210526316,neutral
FCDGGCLL,27,19,8,8,46,16,0.39473684210526316,neutral
CRCFHICN,30,16,9,7,46,16,0.39473684210526316,neutral
VFNGRCCC,31,15,6,10,46,16,0.39473684210526316,neutral
FVCVLDGL,72,55,28,37,127,65,0.39490445859872614,neutral
GFVCVYGC,72,55,41,24,127,65,0.39490445859872614,neutral
LYDGGCVL,53,36,20,22,89,42,0.3949579831932773,neutral
LFDCLFHY,52,37,22,20,89,42,0.3949579831932773,neutral
ICYCVSSY,51,38,17,25,89,42,0.3949579831932773,neutral
GIDFIGLV,49,40,17,25,89,42,0.3949579831932773,neutral
GYYRGLHN,29,22,10,9,51,19,0.3950617283950617,neutral
CNIDYVGC,34,17,8,11,51,19,0.3950617283950617,neutral
CVNVLYHL,29,22,9,10,51,19,0.3950617283950617,neutral
VLIYFNFY,35,16,9,10,51,19,0.3950617283950617,neutral
LIFYDIGC,32,19,11,8,51,19,0.3950617283950617,neutral
FDDFCGLV,31,20,10,9,51,19,0.3950617283950617,neutral
YFDFGRLS,34,17,7,12,51,19,0.3950617283950617,neutral
YYRCHVYV,30,21,10,9,51,19,0.3950617283950617,neutral
FLVDFDYH,31,20,10,9,51,19,0.3950617283950617,neutral
FDVFGRCR,34,17,8,11,51,19,0.3950617283950617,neutral
VCSFCLDG,33,18,6,13,51,19,0.3950617283950617,neutral
YRIGFCNF,33,18,14,5,51,19,0.3950617283950617,neutral
LYGVGLHL,31,20,10,9,51,19,0.3950617283950617,neutral
NFDDFGLI,56,38,23,22,94,45,0.3951612903225806,neutral
LICVCGFI,52,42,26,19,94,45,0.3951612903225806,neutral
CNYFFRCD,32,24,12,10,56,22,0.3953488372093023,neutral
CCSCIHSV,32,24,7,15,56,22,0.3953488372093023,neutral
HFYFYFHD,34,22,10,12,56,22,0.3953488372093023,neutral
DCFDFSVV,35,21,10,12,56,22,0.3953488372093023,neutral
FRFCYCDS,36,20,6,16,56,22,0.3953488372093023,neutral
YCSGFHCG,35,21,10,12,56,22,0.3953488372093023,neutral
HCNFCCGN,35,21,11,11,56,22,0.3953488372093023,neutral
FFCSIDLG,36,20,10,12,56,22,0.3953488372093023,neutral
CDFCYCVS,37,19,12,10,56,22,0.3953488372093023,neutral
FLHGFGIF,34,22,11,11,56,22,0.3953488372093023,neutral
LCNVLGCV,35,21,7,15,56,22,0.3953488372093023,neutral
VCYSGDLC,37,19,11,11,56,22,0.3953488372093023,neutral
VCYCGCSR,33,23,11,11,56,22,0.3953488372093023,neutral
DCRFYCYI,29,27,9,13,56,22,0.3953488372093023,neutral
NCFGYFCF,36,20,8,14,56,22,0.3953488372093023,neutral
YSHFSCFV,36,20,13,9,56,22,0.3953488372093023,neutral
FCINHCGH,59,45,23,28,104,51,0.39552238805970147,neutral
NYVFNCHH,35,26,6,19,61,25,0.3956043956043956,neutral
GFVFDFDC,38,23,14,11,61,25,0.3956043956043956,neutral
CDCHGFFI,39,22,11,14,61,25,0.3956043956043956,neutral
YRGLVGYL,35,26,11,14,61,25,0.3956043956043956,neutral
HCVDVIYG,35,26,6,19,61,25,0.3956043956043956,neutral
RFLIGCGY,34,27,15,10,61,25,0.3956043956043956,neutral
GCSNSYGF,35,26,13,12,61,25,0.3956043956043956,neutral
YRFVCFRH,40,21,15,10,61,25,0.3956043956043956,neutral
VFYFGICN,34,27,7,18,61,25,0.3956043956043956,neutral
SLYVVFGG,39,22,10,15,61,25,0.3956043956043956,neutral
CCVCFFSC,37,24,14,11,61,25,0.3956043956043956,neutral
VYYRGRLD,33,28,16,9,61,25,0.3956043956043956,neutral
CYGYYGVN,63,46,26,28,109,54,0.39568345323741005,neutral
CYIRVLDF,64,45,23,31,109,54,0.39568345323741005,neutral
SFDFVCCH,36,30,10,18,66,28,0.3958333333333333,neutral
RFHCCYYS,40,26,10,18,66,28,0.3958333333333333,neutral
GIYSGFGG,38,28,13,15,66,28,0.3958333333333333,neutral
FVVYRDII,40,31,18,13,71,31,0.39603960396039606,neutral
VYDRDGYF,34,37,15,16,71,31,0.39603960396039606,neutral
FGIGGYCG,45,26,14,17,71,31,0.39603960396039606,neutral
VVFIDLDG,39,32,16,15,71,31,0.39603960396039606,neutral
ISCFDCCL,37,34,16,15,71,31,0.39603960396039606,neutral
HLFSYCFC,42,29,17,14,71,31,0.39603960396039606,neutral
NGDCYNVI,42,29,15,16,71,31,0.39603960396039606,neutral
HFFNRGVV,36,35,16,15,71,31,0.39603960396039606,neutral
LVDCLVVR,40,31,14,17,71,31,0.39603960396039606,neutral
FLSCIDNG,68,56,33,30,124,63,0.3961038961038961,neutral
FFFCFCFG,20,3,1,1,23,2,0.39622641509433965,neutral
FIICFFFV,10,13,2,0,23,2,0.39622641509433965,neutral
DCLLCGRC,45,31,14,20,76,34,0.39622641509433965,neutral
FFVCFFRR,18,5,1,1,23,2,0.39622641509433965,neutral
FDVYFCIR,12,11,2,0,23,2,0.39622641509433965,neutral
CLVFFVVL,12,11,0,2,23,2,0.39622641509433965,neutral
FFCYLICF,17,6,1,1,23,2,0.39622641509433965,neutral
VCFCLLFL,15,8,1,1,23,2,0.39622641509433965,neutral
SCIFISIS,18,5,0,2,23,2,0.39622641509433965,neutral
FCDCCYCF,13,10,0,2,23,2,0.39622641509433965,neutral
CVLFFVFG,15,8,0,2,23,2,0.39622641509433965,neutral
FYIFYFLL,13,10,1,1,23,2,0.39622641509433965,neutral
FCIFLYII,20,3,1,1,23,2,0.39622641509433965,neutral
VFIVICCG,13,10,0,2,23,2,0.39622641509433965,neutral
CVHGLGSF,67,62,32,34,129,66,0.39622641509433965,neutral
FCIHVRCC,15,8,1,1,23,2,0.39622641509433965,neutral
VCCCCYHF,18,5,0,2,23,2,0.39622641509433965,neutral
LIYVIVVV,14,9,1,1,23,2,0.39622641509433965,neutral
LFVCCYFV,13,10,1,1,23,2,0.39622641509433965,neutral
YVLYLIRL,16,7,1,1,23,2,0.39622641509433965,neutral
VSRIVCIF,17,6,1,1,23,2,0.39622641509433965,neutral
LLYRFCFC,16,7,1,1,23,2,0.39622641509433965,neutral
YNFHVVFF,11,12,1,1,23,2,0.39622641509433965,neutral
CVHCSIFH,40,36,18,16,76,34,0.39622641509433965,neutral
YLFHVHFV,15,8,1,1,23,2,0.39622641509433965,neutral
RLLVCCFS,17,6,1,1,23,2,0.39622641509433965,neutral
FYISLFYY,20,3,2,0,23,2,0.39622641509433965,neutral
NFCYFFVC,9,14,2,0,23,2,0.39622641509433965,neutral
VCYDHFSS,13,10,1,1,23,2,0.39622641509433965,neutral
CICCCIVF,12,11,2,0,23,2,0.39622641509433965,neutral
ICGCFLCH,17,6,1,1,23,2,0.39622641509433965,neutral
CYCCCLLS,16,7,1,1,23,2,0.39622641509433965,neutral
LYVFFFIL,13,10,2,0,23,2,0.39622641509433965,neutral
FYNCSDCY,17,6,0,2,23,2,0.39622641509433965,neutral
CVFFDYVD,39,37,14,20,76,34,0.39622641509433965,neutral
VDVFVCVF,13,10,1,1,23,2,0.39622641509433965,neutral
SICYFYGL,13,10,2,0,23,2,0.39622641509433965,neutral
LFFVVFFG,17,6,0,2,23,2,0.39622641509433965,neutral
GVVDICFD,13,10,1,1,23,2,0.39622641509433965,neutral
YFYDLFCH,19,4,1,1,23,2,0.39622641509433965,neutral
FVCIIFCC,13,10,1,1,23,2,0.39622641509433965,neutral
YGLVIIFI,17,6,2,0,23,2,0.39622641509433965,neutral
CIRLVLYI,12,11,0,2,23,2,0.39622641509433965,neutral
GFCFNCYG,75,59,28,41,134,69,0.39634146341463417,neutral
DNDCCSGF,46,35,17,20,81,37,0.3963963963963964,neutral
CFNFCHGI,48,33,19,18,81,37,0.3963963963963964,neutral
VFVGCRFF,46,35,19,18,81,37,0.3963963963963964,neutral
GVGVVCLF,45,36,20,17,81,37,0.3963963963963964,neutral
LDFGFRLG,49,32,18,19,81,37,0.3963963963963964,neutral
SVIFNYGN,49,32,18,19,81,37,0.3963963963963964,neutral
VIYVSGIC,49,32,24,13,81,37,0.3963963963963964,neutral
CVSCFFGS,50,31,20,17,81,37,0.3963963963963964,neutral
FGSCCSFG,43,38,23,14,81,37,0.3963963963963964,neutral
VYCGVGFH,49,32,20,17,81,37,0.3963963963963964,neutral
GCDFVHLG,49,32,17,20,81,37,0.3963963963963964,neutral
HFFFVLFH,20,8,2,3,28,5,0.39655172413793105,neutral
ILFLHYCL,17,11,3,2,28,5,0.39655172413793105,neutral
IGVCFCVG,40,46,14,26,86,40,0.39655172413793105,neutral
FHFCGVIY,21,7,1,4,28,5,0.39655172413793105,neutral
YILYVFFN,18,10,2,3,28,5,0.39655172413793105,neutral
CCVHCCLC,19,9,0,5,28,5,0.39655172413793105,neutral
CDRCCVYS,20,8,1,4,28,5,0.39655172413793105,neutral
IFICFVVF,18,10,2,3,28,5,0.39655172413793105,neutral
HFGRCLCC,17,11,2,3,28,5,0.39655172413793105,neutral
FCCCVCYV,20,8,1,4,28,5,0.39655172413793105,neutral
VYFIGGLH,15,13,1,4,28,5,0.39655172413793105,neutral
YYLVSCVC,19,9,1,4,28,5,0.39655172413793105,neutral
LFGDCSYC,19,9,3,2,28,5,0.39655172413793105,neutral
FYVVRFVI,22,6,3,2,28,5,0.39655172413793105,neutral
DYRFGSDL,21,7,0,5,28,5,0.39655172413793105,neutral
FNDGDCCI,49,37,21,19,86,40,0.39655172413793105,neutral
YCFNLILF,18,10,3,2,28,5,0.39655172413793105,neutral
YLCVLFFL,18,10,2,3,28,5,0.39655172413793105,neutral
FFFFLLCG,18,10,2,3,28,5,0.39655172413793105,neutral
VLVCCLGD,51,35,26,14,86,40,0.39655172413793105,neutral
NFFCRFVY,14,14,1,4,28,5,0.39655172413793105,neutral
LHDCRGYN,51,35,16,24,86,40,0.39655172413793105,neutral
CFFCHLVV,18,10,1,4,28,5,0.39655172413793105,neutral
VFFDHSGC,21,7,3,2,28,5,0.39655172413793105,neutral
FYRYLDFL,17,11,3,2,28,5,0.39655172413793105,neutral
FYICSFVC,20,8,1,4,28,5,0.39655172413793105,neutral
CLYCYCCF,15,13,2,3,28,5,0.39655172413793105,neutral
LCFVLCLV,19,9,3,2,28,5,0.39655172413793105,neutral
CYCNCNGF,19,9,3,2,28,5,0.39655172413793105,neutral
FVYCIVDC,19,9,1,4,28,5,0.39655172413793105,neutral
CLFFCYSL,17,11,0,5,28,5,0.39655172413793105,neutral
ICYNVSCD,81,68,38,40,149,78,0.39664804469273746,neutral
VIVCSLFD,51,40,22,21,91,43,0.39669421487603307,neutral
YFYDVFCL,54,37,21,22,91,43,0.39669421487603307,neutral
LLLCVDFY,19,14,5,3,33,8,0.3968253968253968,neutral
CIFLCCNF,21,12,5,3,33,8,0.3968253968253968,neutral
LYCVGHFF,20,13,7,1,33,8,0.3968253968253968,neutral
YRGYCVCR,56,40,26,20,96,46,0.3968253968253968,neutral
FSLFSHGL,16,17,1,7,33,8,0.3968253968253968,neutral
FYIRYFCG,24,9,5,3,33,8,0.3968253968253968,neutral
FVILLHCD,17,16,4,4,33,8,0.3968253968253968,neutral
YCFLSFLV,24,9,2,6,33,8,0.3968253968253968,neutral
IFYSCYCS,51,45,21,25,96,46,0.3968253968253968,neutral
GGFCICVC,18,15,6,2,33,8,0.3968253968253968,neutral
FFGVGVYV,24,9,5,3,33,8,0.3968253968253968,neutral
GCLVGNYF,21,12,5,3,33,8,0.3968253968253968,neutral
YLVYFSSR,20,13,3,5,33,8,0.3968253968253968,neutral
CGLVCYCC,23,10,4,4,33,8,0.3968253968253968,neutral
CLGFGFHH,25,8,2,6,33,8,0.3968253968253968,neutral
ICGFRLFV,25,8,3,5,33,8,0.3968253968253968,neutral
CCCSCYDN,21,12,3,5,33,8,0.3968253968253968,neutral
CYSFYDFD,20,13,2,6,33,8,0.3968253968253968,neutral
LFYCLLHH,19,14,4,4,33,8,0.3968253968253968,neutral
CLSCCVGC,20,13,3,5,33,8,0.3968253968253968,neutral
FCCNGCVI,21,12,4,4,33,8,0.3968253968253968,neutral
CRGRCVCF,20,13,1,7,33,8,0.3968253968253968,neutral
ICLHCVGR,20,13,3,5,33,8,0.3968253968253968,neutral
VYLDFIGL,19,14,5,3,33,8,0.3968253968253968,neutral
SCGYIFYR,22,11,4,4,33,8,0.3968253968253968,neutral
DILHFLRD,19,14,4,4,33,8,0.3968253968253968,neutral
ICCCYVSN,20,13,5,3,33,8,0.3968253968253968,neutral
GYCFCRGG,21,12,6,2,33,8,0.3968253968253968,neutral
VCNLCLCV,25,8,4,4,33,8,0.3968253968253968,neutral
FCCHFCGF,22,11,3,5,33,8,0.3968253968253968,neutral
IVYLHSYR,23,10,2,6,33,8,0.3968253968253968,neutral
FCYCCYVC,19,14,4,4,33,8,0.3968253968253968,neutral
FFCIGNII,86,78,34,53,164,87,0.39690721649484534,neutral
YVLFSDCN,54,47,30,19,101,49,0.3969465648854962,neutral
GFFNFDIF,57,44,23,26,101,49,0.3969465648854962,neutral
LCGNCLGY,55,46,24,25,101,49,0.3969465648854962,neutral
FHHYNHLC,20,18,2,9,38,11,0.39705882352941174,neutral
CYFNVYFC,24,14,4,7,38,11,0.39705882352941174,neutral
FCLHNNSY,21,17,5,6,38,11,0.39705882352941174,neutral
CGCDCFFF,25,13,4,7,38,11,0.39705882352941174,neutral
IISFGYFL,21,17,6,5,38,11,0.39705882352941174,neutral
FFRCGLFG,26,12,7,4,38,11,0.39705882352941174,neutral
FFYHNSGC,26,12,6,5,38,11,0.39705882352941174,neutral
LCCSVVIR,24,14,6,5,38,11,0.39705882352941174,neutral
YCCDCGRG,25,13,3,8,38,11,0.39705882352941174,neutral
YRCVYGYI,24,14,2,9,38,11,0.39705882352941174,neutral
CVFGGCGC,15,23,7,4,38,11,0.39705882352941174,neutral
CDVFYCVC,20,18,5,6,38,11,0.39705882352941174,neutral
ISSVDFDI,21,17,5,6,38,11,0.39705882352941174,neutral
CLCHFGCL,27,11,5,6,38,11,0.39705882352941174,neutral
ICGGCVCC,27,11,2,9,38,11,0.39705882352941174,neutral
HHCVICIC,24,14,2,9,38,11,0.39705882352941174,neutral
NDCGYHCC,27,11,7,4,38,11,0.39705882352941174,neutral
LFIHHSDY,15,23,6,5,38,11,0.39705882352941174,neutral
VYDIFISV,61,45,25,27,106,52,0.39705882352941174,neutral
FCHLYFCS,22,16,5,6,38,11,0.39705882352941174,neutral
LFFVCCNV,20,18,7,4,38,11,0.39705882352941174,neutral
LIRNVCLL,65,46,25,30,111,55,0.3971631205673759,neutral
LNHFRNSY,25,18,7,7,43,14,0.3972602739726027,neutral
SFIVFFCH,30,13,7,7,43,14,0.3972602739726027,neutral
CGYRRLLF,26,17,9,5,43,14,0.3972602739726027,neutral
FLCHFCDG,25,18,4,10,43,14,0.3972602739726027,neutral
FGYYVGVG,29,14,7,7,43,14,0.3972602739726027,neutral
YFFCDIFL,26,17,3,11,43,14,0.3972602739726027,neutral
YGCFFGCY,23,20,4,10,43,14,0.3972602739726027,neutral
FCSFCRLS,24,19,6,8,43,14,0.3972602739726027,neutral
CRCCDCLS,21,22,6,8,43,14,0.3972602739726027,neutral
HYGFLNCD,26,17,9,5,43,14,0.3972602739726027,neutral
CICVNGGH,67,49,25,33,116,58,0.3972602739726027,neutral
CFVCIDCY,28,15,7,7,43,14,0.3972602739726027,neutral
GYDVRSYC,29,14,7,7,43,14,0.3972602739726027,neutral
ISCFCYDI,30,13,4,10,43,14,0.3972602739726027,neutral
CFCRCVYS,25,18,5,9,43,14,0.3972602739726027,neutral
VCCHRFFC,28,15,4,10,43,14,0.3972602739726027,neutral
FCVSVNGF,26,17,7,7,43,14,0.3972602739726027,neutral
CFNCVICG,28,15,6,8,43,14,0.3972602739726027,neutral
CHSSGCCY,23,20,10,4,43,14,0.3972602739726027,neutral
FSCCYIGD,30,13,4,10,43,14,0.3972602739726027,neutral
CNCIIRCN,30,13,8,6,43,14,0.3972602739726027,neutral
VCVCDVCF,27,16,10,4,43,14,0.3972602739726027,neutral
CVYFYRSG,27,16,5,9,43,14,0.3972602739726027,neutral
CDSFFLLR,68,53,38,23,121,61,0.3973509933774834,neutral
FSGFGGYV,68,53,31,30,121,61,0.3973509933774834,neutral
FICNVFDG,70,56,36,28,126,64,0.3974358974358974,neutral
YHFGCFGN,30,18,12,5,48,17,0.3974358974358974,neutral
FLCGVNHY,26,22,11,6,48,17,0.3974358974358974,neutral
LYIHNCGI,28,20,9,8,48,17,0.3974358974358974,neutral
GYFCLYYS,23,25,7,10,48,17,0.3974358974358974,neutral
CVFYSCGY,33,15,6,11,48,17,0.3974358974358974,neutral
VFRFCGYC,32,16,6,11,48,17,0.3974358974358974,neutral
VFDFCDCN,32,16,6,11,48,17,0.3974358974358974,neutral
RVVVCCGL,32,16,6,11,48,17,0.3974358974358974,neutral
DLYYSDVV,29,19,10,7,48,17,0.3974358974358974,neutral
FCCHFYNF,29,19,10,7,48,17,0.3974358974358974,neutral
CYSDHGFF,33,15,10,7,48,17,0.3974358974358974,neutral
FIIDSFVR,29,19,4,13,48,17,0.3974358974358974,neutral
GYCNFHVV,24,24,8,9,48,17,0.3974358974358974,neutral
VDGYFYHG,23,25,9,8,48,17,0.3974358974358974,neutral
HCLHYYDN,27,21,9,8,48,17,0.3974358974358974,neutral
FFLGHSDC,32,16,9,8,48,17,0.3974358974358974,neutral
VVYSFCCL,33,15,10,7,48,17,0.3974358974358974,neutral
FCGCHFSC,30,18,7,10,48,17,0.3974358974358974,neutral
CYFCGRGL,32,16,7,10,48,17,0.3974358974358974,neutral
YYCFYCDH,28,20,8,9,48,17,0.3974358974358974,neutral
GVCGLVVH,71,55,34,30,126,64,0.3974358974358974,neutral
YYFYSYLS,25,23,7,10,48,17,0.3974358974358974,neutral
FVVCRLNL,29,19,9,8,48,17,0.3974358974358974,neutral
YDNNFNGF,32,16,6,11,48,17,0.3974358974358974,neutral
GIVINLSI,36,17,5,15,53,20,0.39759036144578314,neutral
SCLSNIHY,32,21,10,10,53,20,0.39759036144578314,neutral
FYDVRFRD,33,20,12,8,53,20,0.39759036144578314,neutral
GCCGHDIY,34,19,7,13,53,20,0.39759036144578314,neutral
HYYHRCVC,32,21,7,13,53,20,0.39759036144578314,neutral
VVRCICYC,33,20,10,10,53,20,0.39759036144578314,neutral
YCFIDRII,33,20,7,13,53,20,0.39759036144578314,neutral
YIGSYCCH,32,21,8,12,53,20,0.39759036144578314,neutral
YNVSRFDI,33,20,8,12,53,20,0.39759036144578314,neutral
SYFSVFLS,30,23,8,12,53,20,0.39759036144578314,neutral
NFDCFLIR,31,22,14,6,53,20,0.39759036144578314,neutral
FCGVRVYH,35,18,8,12,53,20,0.39759036144578314,neutral
FYCVRDCF,36,17,12,8,53,20,0.39759036144578314,neutral
IGCICCRY,36,17,8,12,53,20,0.39759036144578314,neutral
CNCFGNCI,31,22,7,13,53,20,0.39759036144578314,neutral
LCVVNILS,77,64,33,40,141,73,0.39766081871345027,neutral
CHVCSCVR,36,22,13,10,58,23,0.3977272727272727,neutral
RCFFGVIG,30,28,10,13,58,23,0.3977272727272727,neutral
DIFGYCFF,35,23,8,15,58,23,0.3977272727272727,neutral
LCYFGHGD,35,23,8,15,58,23,0.3977272727272727,neutral
CFIHSSGF,35,23,10,13,58,23,0.3977272727272727,neutral
LVVYSYGY,36,22,16,7,58,23,0.3977272727272727,neutral
FFSCYHCN,35,23,12,11,58,23,0.3977272727272727,neutral
FLCGFSCC,37,21,10,13,58,23,0.3977272727272727,neutral
LYHFCVCH,38,20,12,11,58,23,0.3977272727272727,neutral
IVFNCDCI,36,22,10,13,58,23,0.3977272727272727,neutral
LFYNFCVY,36,22,10,13,58,23,0.3977272727272727,neutral
CRCCSFVR,31,32,12,14,63,26,0.3978494623655914,neutral
DRFRYYLV,37,26,17,9,63,26,0.3978494623655914,neutral
CFGIFYSL,37,26,9,17,63,26,0.3978494623655914,neutral
ICNYRFCG,87,69,34,48,156,82,0.3978494623655914,neutral
VNIDFYIG,32,31,12,14,63,26,0.3978494623655914,neutral
HDSFGLLL,41,22,15,11,63,26,0.3978494623655914,neutral
CYIVLNSY,40,23,13,13,63,26,0.3978494623655914,neutral
CFVGFICS,36,27,11,15,63,26,0.3978494623655914,neutral
HIYGVVCG,35,28,12,14,63,26,0.3978494623655914,neutral
CFIGFHYG,39,24,12,14,63,26,0.3978494623655914,neutral
DFCGSYIL,39,24,10,16,63,26,0.3978494623655914,neutral
CFSIVFDH,39,24,12,14,63,26,0.3978494623655914,neutral
LGDHYFGG,41,22,16,10,63,26,0.3978494623655914,neutral
GFHHIVLC,42,26,15,14,68,29,0.3979591836734694,neutral
FSHCVVFG,39,29,13,16,68,29,0.3979591836734694,neutral
CYYRYRVF,43,25,13,16,68,29,0.3979591836734694,neutral
CYGDYVVL,43,25,16,13,68,29,0.3979591836734694,neutral
YDFCDCFY,41,27,11,18,68,29,0.3979591836734694,neutral
IFGVCSIY,43,25,18,11,68,29,0.3979591836734694,neutral
CRCVRCGI,43,25,15,14,68,29,0.3979591836734694,neutral
VCISCHRF,43,25,9,20,68,29,0.3979591836734694,neutral
DLSGFCDV,41,32,12,20,73,32,0.39805825242718446,neutral
VDCLFVGS,44,29,9,23,73,32,0.39805825242718446,neutral
DLDFIRSF,40,33,13,19,73,32,0.39805825242718446,neutral
YCYGFFGC,45,28,16,16,73,32,0.39805825242718446,neutral
LYRISFNC,44,29,12,20,73,32,0.39805825242718446,neutral
YFSFFHRS,44,29,19,13,73,32,0.39805825242718446,neutral
FGFNSYVF,46,27,14,18,73,32,0.39805825242718446,neutral
FCFFGCCD,42,31,13,19,73,32,0.39805825242718446,neutral
FFGNRFLG,48,30,13,22,78,35,0.39814814814814814,neutral
LYLNHFDH,48,30,14,21,78,35,0.39814814814814814,neutral
RCGCVSCF,47,31,22,13,78,35,0.39814814814814814,neutral
FGHGFNIV,42,36,21,14,78,35,0.39814814814814814,neutral
CYCDCRGG,47,31,16,19,78,35,0.39814814814814814,neutral
IFGNVISD,45,33,13,22,78,35,0.39814814814814814,neutral
ICVYFSGC,50,33,16,22,83,38,0.39823008849557523,neutral
GISSFHCC,47,36,17,21,83,38,0.39823008849557523,neutral
GYGHLCYS,47,36,21,17,83,38,0.39823008849557523,neutral
CGCIRFRG,47,36,17,21,83,38,0.39823008849557523,neutral
FIISFSGC,51,32,17,21,83,38,0.39823008849557523,neutral
VVGCCRYI,51,32,18,20,83,38,0.39823008849557523,neutral
RFCCCDGI,51,32,15,23,83,38,0.39823008849557523,neutral
FSSCGCIG,51,32,19,19,83,38,0.39823008849557523,neutral
RYFVVVDI,49,34,25,13,83,38,0.39823008849557523,neutral
CFGHHIFD,53,35,20,21,88,41,0.3983050847457627,neutral
IFGISSCV,53,35,15,26,88,41,0.3983050847457627,neutral
VIFDCGIH,49,39,19,22,88,41,0.3983050847457627,neutral
DFVFVGYV,53,40,26,18,93,44,0.3983739837398374,neutral
GCHNSYFH,60,43,24,26,103,50,0.39849624060150374,neutral
ICCVLSNC,60,43,27,23,103,50,0.39849624060150374,neutral
YYFDHGVL,58,50,21,32,108,53,0.39855072463768115,neutral
CVCDFGGH,55,58,23,33,113,56,0.3986013986013986,neutral
FHYGFGCC,66,47,31,25,113,56,0.3986013986013986,neutral
VFNGGILC,66,47,30,26,113,56,0.3986013986013986,neutral
CLICDRNL,64,49,25,31,113,56,0.3986013986013986,neutral
YIVDCFFH,65,53,27,32,118,59,0.39864864864864863,neutral
IFHCLYDR,66,52,26,33,118,59,0.39864864864864863,neutral
VICVSDVC,70,53,27,35,123,62,0.39869281045751637,neutral
FCFCCVYL,19,6,0,3,25,3,0.4,neutral
VICCDYFH,35,20,11,10,55,21,0.4,neutral
VFIGLGIG,61,49,27,27,110,54,0.4,neutral
NSFCIRYC,54,36,20,22,90,42,0.4,neutral
FFNCLYVV,44,26,18,12,70,30,0.4,neutral
FRFHNYDC,18,12,1,5,30,6,0.4,neutral
ICCDCIYI,17,3,0,0,20,0,0.4,neutral
IFCLVHHC,23,7,4,2,30,6,0.4,neutral
VCVFCNNV,47,33,21,15,80,36,0.4,neutral
SVRCCGFC,37,18,11,10,55,21,0.4,neutral
FHCCCVFF,17,18,1,8,35,9,0.4,neutral
YILLNGII,38,27,12,15,65,27,0.4,neutral
FIFRGGCD,29,21,8,10,50,18,0.4,neutral
LFNHCVSY,26,14,9,3,40,12,0.4,neutral
HFYGNYCY,16,19,3,6,35,9,0.4,neutral
CVCFSFFS,23,12,4,5,35,9,0.4,neutral
FGVFFFFV,15,10,1,2,25,3,0.4,neutral
CSVIDFYF,36,24,15,9,60,24,0.4,neutral
YLVFDVFC,29,11,8,4,40,12,0.4,neutral
LFGDGYFR,44,26,11,19,70,30,0.4,neutral
LCCICDCF,15,15,4,2,30,6,0.4,neutral
FICLCVCR,13,7,0,0,20,0,0.4,neutral
FCFFNFIY,17,8,2,1,25,3,0.4,neutral
VICCFRHR,33,22,14,7,55,21,0.4,neutral
HCGRLNCY,27,23,10,8,50,18,0.4,neutral
GNYHCVYF,30,20,5,13,50,18,0.4,neutral
LVINICFH,18,2,0,0,20,0,0.4,neutral
ISFYCCYS,57,43,25,23,100,48,0.4,neutral
CFIICDDL,37,18,9,12,55,21,0.4,neutral
VCVRFFFV,16,4,0,0,20,0,0.4,neutral
FCFFCDGI,20,15,4,5,35,9,0.4,neutral
YGFFCGRH,45,30,14,19,75,33,0.4,neutral
SFVCGCCH,28,22,12,6,50,18,0.4,neutral
VFSHVVFF,14,11,0,3,25,3,0.4,neutral
SVNFDCVF,42,23,15,12,65,27,0.4,neutral
IHFFSFIV,11,9,0,0,20,0,0.4,neutral
LSSFLHCN,35,30,16,11,65,27,0.4,neutral
CIFYYSLS,35,25,9,15,60,24,0.4,neutral
VHVCIFSG,36,24,8,16,60,24,0.4,neutral
SNICFINF,27,13,8,4,40,12,0.4,neutral
SYCGRGFL,36,19,6,15,55,21,0.4,neutral
YYVYIHRY,18,12,0,6,30,6,0.4,neutral
LSCCSGLI,55,40,27,18,95,45,0.4,neutral
YGVSNSVF,37,18,10,11,55,21,0.4,neutral
CGYLCFNY,31,19,11,7,50,18,0.4,neutral
CVCLCIRY,16,9,2,1,25,3,0.4,neutral
GYILLFVR,11,9,0,0,20,0,0.4,neutral
FCCSFLCS,32,13,8,7,45,15,0.4,neutral
FFYRDVRI,34,21,10,11,55,21,0.4,neutral
FVGYVCVG,33,22,8,13,55,21,0.4,neutral
CYCHRFLF,22,13,4,5,35,9,0.4,neutral
FVCFNNFF,51,34,20,19,85,39,0.4,neutral
VVYFNCVC,23,17,6,6,40,12,0.4,neutral
VFFYCRCY,8,12,0,0,20,0,0.4,neutral
FCSCNGLC,56,39,21,24,95,45,0.4,neutral
FYIIFGFC,17,8,1,2,25,3,0.4,neutral
YVVYSVCR,24,16,6,6,40,12,0.4,neutral
CVSFDFSG,42,33,15,18,75,33,0.4,neutral
VFSNCFVD,21,19,4,8,40,12,0.4,neutral
VRLFFDHR,30,20,10,8,50,18,0.4,neutral
CCSCCCIR,32,18,4,14,50,18,0.4,neutral
FNICGVCC,19,11,2,4,30,6,0.4,neutral
FNRFSYDV,11,14,1,2,25,3,0.4,neutral
FHFNCGDH,24,26,10,8,50,18,0.4,neutral
CFFGLIVD,27,18,7,8,45,15,0.4,neutral
GYHIDGFR,44,26,9,21,70,30,0.4,neutral
VFYGHVHG,37,18,9,12,55,21,0.4,neutral
HCNFYFFC,26,14,5,7,40,12,0.4,neutral
GLFCYFSC,24,21,5,10,45,15,0.4,neutral
SRGCCCLR,27,23,13,5,50,18,0.4,neutral
YFGCLGGC,19,21,7,5,40,12,0.4,neutral
FLLGCYRD,18,17,4,5,35,9,0.4,neutral
LFLFGYRV,24,11,4,5,35,9,0.4,neutral
YCVCDFRY,33,22,7,14,55,21,0.4,neutral
GLDVRCYF,29,21,8,10,50,18,0.4,neutral
VFYVFSNC,31,34,13,14,65,27,0.4,neutral
CVLYVSCC,24,21,6,9,45,15,0.4,neutral
FHFCCYDC,36,19,7,14,55,21,0.4,neutral
YVGVDSFL,39,26,12,15,65,27,0.4,neutral
FDCDIFVY,32,23,8,13,55,21,0.4,neutral
NVLDVVCF,54,41,21,24,95,45,0.4,neutral
FFVYFRCV,9,11,0,0,20,0,0.4,neutral
GDLFCLCC,30,20,7,11,50,18,0.4,neutral
GSYGVCGF,27,18,7,8,45,15,0.4,neutral
YLVFHYFG,1,19,0,0,20,0,0.4,neutral
GDCCFIFR,36,29,13,14,65,27,0.4,neutral
FFCFYSSY,18,17,3,6,35,9,0.4,neutral
FLVIVHDI,14,11,1,2,25,3,0.4,neutral
GYVYHCCH,47,28,16,17,75,33,0.4,neutral
CRFNYFDY,31,14,6,9,45,15,0.4,neutral
FYDCFFLC,34,21,4,17,55,21,0.4,neutral
CYVCRRIR,28,12,6,6,40,12,0.4,neutral
CSCCVHFI,24,11,5,4,35,9,0.4,neutral
VDLRLRYF,25,25,9,9,50,18,0.4,neutral
YHSFGVLC,17,13,2,4,30,6,0.4,neutral
LRYGYGLC,28,12,4,8,40,12,0.4,neutral
CDNRLHFF,22,13,4,5,35,9,0.4,neutral
FVSGVGCY,37,23,12,12,60,24,0.4,neutral
FFNLFIRV,9,11,0,0,20,0,0.4,neutral
ISFVIYFH,16,4,0,0,20,0,0.4,neutral
IYCFIVCY,16,9,0,3,25,3,0.4,neutral
FGFFDGCY,31,19,8,10,50,18,0.4,neutral
FVVICCYC,24,11,5,4,35,9,0.4,neutral
HCYHGCSG,67,48,20,37,115,57,0.4,neutral
FFLIFHYG,24,26,10,8,50,18,0.4,neutral
FFNINVLF,19,11,2,4,30,6,0.4,neutral
CCYIGIVG,44,36,11,25,80,36,0.4,neutral
CFVYFNGF,52,38,19,23,90,42,0.4,neutral
VLCVCCFS,16,9,0,3,25,3,0.4,neutral
HHYYCCSG,37,28,13,14,65,27,0.4,neutral
NFIYGVCV,48,32,12,24,80,36,0.4,neutral
GNCFRGYY,18,12,5,1,30,6,0.4,neutral
VCCIFVLL,11,9,0,0,20,0,0.4,neutral
FIFCFLCC,16,9,1,2,25,3,0.4,neutral
IFSCFLRL,11,9,0,0,20,0,0.4,neutral
CCHLRIVV,29,11,4,8,40,12,0.4,neutral
YCCRYVHC,17,13,3,3,30,6,0.4,neutral
FRFVGFLV,12,8,0,0,20,0,0.4,neutral
DDCVVCDY,15,10,3,0,25,3,0.4,neutral
CNCVYCRI,15,5,0,0,20,0,0.4,neutral
FCCCCVYV,32,18,11,7,50,18,0.4,neutral
FFICFILI,15,10,2,1,25,3,0.4,neutral
ICCFFVGV,19,11,2,4,30,6,0.4,neutral
YFVFFCGV,18,7,1,2,25,3,0.4,neutral
VVCDGIYG,43,27,15,15,70,30,0.4,neutral
FICVHHHG,41,34,19,14,75,33,0.4,neutral
IVCFRVHD,27,18,8,7,45,15,0.4,neutral
VFYSYVFF,37,18,12,9,55,21,0.4,neutral
HCVLHLFY,13,12,2,1,25,3,0.4,neutral
IGDYCCVI,36,24,11,13,60,24,0.4,neutral
VYVLNCGG,41,24,13,14,65,27,0.4,neutral
FFVCRCDN,50,40,21,21,90,42,0.4,neutral
FYYYSIRC,31,14,9,6,45,15,0.4,neutral
IVYVVFRF,11,9,0,0,20,0,0.4,neutral
IHCIFGCD,37,23,16,8,60,24,0.4,neutral
LCGDLSDL,30,25,6,15,55,21,0.4,neutral
IYVFLFYS,77,58,32,37,135,69,0.4,neutral
CCFCVNIF,27,8,3,6,35,9,0.4,neutral
CLFIRVCY,13,7,0,0,20,0,0.4,neutral
NCYICCRG,23,12,5,4,35,9,0.4,neutral
FFIRIRCR,13,7,0,0,20,0,0.4,neutral
FFGGVFGG,37,18,12,9,55,21,0.4,neutral
NNLCFYGD,22,18,8,4,40,12,0.4,neutral
FCFFDDGD,52,33,18,21,85,39,0.4,neutral
FFYLFCLC,16,4,0,0,20,0,0.4,neutral
ILHFFCFV,19,6,2,1,25,3,0.4,neutral
IVCFGCGG,37,18,10,11,55,21,0.4,neutral
FFFFFVCD,23,7,4,2,30,6,0.4,neutral
VYHLRVLV,14,6,0,0,20,0,0.4,neutral
VYVFSGYC,31,24,9,12,55,21,0.4,neutral
RCRLIVVF,9,11,0,0,20,0,0.4,neutral
CSFLVDVI,33,22,10,11,55,21,0.4,neutral
YGCHCGDH,45,30,17,16,75,33,0.4,neutral
CCCRFSFL,14,11,0,3,25,3,0.4,neutral
SIDYFSCV,28,27,12,9,55,21,0.4,neutral
GRRIIICC,12,8,0,0,20,0,0.4,neutral
FDCFGFYC,28,22,9,9,50,18,0.4,neutral
CCCGYCGR,19,11,1,5,30,6,0.4,neutral
FCFVIYCF,14,6,0,0,20,0,0.4,neutral
LCGGFCCL,23,7,2,4,30,6,0.4,neutral
NICCGLFG,27,8,4,5,35,9,0.4,neutral
IVYCFCCV,16,9,0,3,25,3,0.4,neutral
CFGISCFG,30,25,6,15,55,21,0.4,neutral
CFVCVFVC,15,5,0,0,20,0,0.4,neutral
IIVGHRLY,26,19,5,10,45,15,0.4,neutral
YDGVFGCG,21,9,1,5,30,6,0.4,neutral
SSFIVSHY,23,12,5,4,35,9,0.4,neutral
YDFCRFRR,40,25,13,14,65,27,0.4,neutral
GDLYSVCV,30,20,7,11,50,18,0.4,neutral
FFGCYRVL,31,14,4,11,45,15,0.4,neutral
VNVSFFID,28,12,3,9,40,12,0.4,neutral
YVFVFHRF,15,5,0,0,20,0,0.4,neutral
GRRIIVCG,14,6,0,0,20,0,0.4,neutral
CGLGFIFL,30,15,8,7,45,15,0.4,neutral
FCVFCVLD,18,7,2,1,25,3,0.4,neutral
LYSLFVLS,50,35,21,18,85,39,0.4,neutral
SCVSCLCR,27,13,6,6,40,12,0.4,neutral
FYYDYCCY,34,16,12,6,50,18,0.4,neutral
LYSCFLCY,22,8,4,2,30,6,0.4,neutral
CCFDCFVV,30,25,7,14,55,21,0.4,neutral
RCYCYCYC,32,18,12,6,50,18,0.4,neutral
CFCCLFHY,10,10,0,0,20,0,0.4,neutral
FCVFHVHL,17,3,0,0,20,0,0.4,neutral
YVGYCIDL,23,17,10,2,40,12,0.4,neutral
FFNGFVDF,21,14,3,6,35,9,0.4,neutral
CFIYVCCG,24,11,2,7,35,9,0.4,neutral
CDCFFSYY,56,39,22,23,95,45,0.4,neutral
YDYSVYFF,28,17,3,12,45,15,0.4,neutral
SYCCCCHG,29,16,9,6,45,15,0.4,neutral
YCCFRIYH,17,8,0,3,25,3,0.4,neutral
CVVCYGGC,19,11,4,2,30,6,0.4,neutral
YFFFFFRF,11,9,0,0,20,0,0.4,neutral
IFCVCRIC,11,9,0,0,20,0,0.4,neutral
GHLYLCVF,19,6,1,2,25,3,0.4,neutral
YYGFGYYI,30,25,5,16,55,21,0.4,neutral
IFFFYCVC,18,7,0,3,25,3,0.4,neutral
NIVCHRHY,37,33,17,13,70,30,0.4,neutral
CFNDFFFF,37,28,9,18,65,27,0.4,neutral
CVGYHRCC,46,29,17,16,75,33,0.4,neutral
LCYCYGSL,13,12,1,2,25,3,0.4,neutral
RVHCVGYC,72,53,34,29,125,63,0.4,neutral
RNCVCVCV,42,23,12,15,65,27,0.4,neutral
FCSSRVHF,41,24,17,10,65,27,0.4,neutral
FFYDILCC,15,5,0,0,20,0,0.4,neutral
YCGVYYGS,44,26,16,14,70,30,0.4,neutral
SYLFHIDC,33,17,11,7,50,18,0.4,neutral
SYVSLRFL,33,22,11,10,55,21,0.4,neutral
CCIFVISF,19,6,3,0,25,3,0.4,neutral
YFSGCCYR,31,19,9,9,50,18,0.4,neutral
RDCVFFFN,63,47,22,32,110,54,0.4,neutral
YDYYFYFG,16,14,4,2,30,6,0.4,neutral
DYYRNLSD,23,12,4,5,35,9,0.4,neutral
CVCRLLFF,15,5,0,0,20,0,0.4,neutral
FFCCGFGV,21,19,6,6,40,12,0.4,neutral
CGYFCVCY,17,8,2,1,25,3,0.4,neutral
FCVYLFIR,13,7,0,0,20,0,0.4,neutral
HGYHSSSF,34,26,14,10,60,24,0.4,neutral
ICIYFICV,15,5,0,0,20,0,0.4,neutral
CCILCVCY,11,9,0,0,20,0,0.4,neutral
FCFGCYYH,28,12,5,7,40,12,0.4,neutral
CCVFCSFI,11,9,0,0,20,0,0.4,neutral
GVGFCVYV,24,16,4,8,40,12,0.4,neutral
YHCSFIFC,47,28,18,15,75,33,0.4,neutral
YLGVSLFG,54,51,29,22,105,51,0.4,neutral
FCLSIRVS,18,7,3,0,25,3,0.4,neutral
CSHCHSHS,65,55,28,32,120,60,0.4,neutral
FFYNCICC,13,12,1,2,25,3,0.4,neutral
CHDSFNSF,32,23,8,13,55,21,0.4,neutral
VIFDYVCR,26,14,2,10,40,12,0.4,neutral
ICGVCCGV,43,27,10,20,70,30,0.4,neutral
IDYNCRIC,24,11,2,7,35,9,0.4,neutral
CYRCFNLI,17,8,3,0,25,3,0.4,neutral
FYLCLDID,25,10,3,6,35,9,0.4,neutral
FDYCCSVG,34,16,10,8,50,18,0.4,neutral
CDVIYDGV,24,11,2,7,35,9,0.4,neutral
IGGHYDLF,27,18,9,6,45,15,0.4,neutral
IDVVCNVY,19,21,9,3,40,12,0.4,neutral
LFNVGICY,34,16,8,10,50,18,0.4,neutral
CVGRYFDS,72,58,36,30,130,66,0.4,neutral
FRIICIGF,13,7,0,0,20,0,0.4,neutral
YYLRILFN,9,11,0,0,20,0,0.4,neutral
FIFLNCCG,20,25,5,10,45,15,0.4,neutral
CCLRCDIC,26,14,7,5,40,12,0.4,neutral
FNYGYVYH,19,11,0,6,30,6,0.4,neutral
LYHISFGR,17,8,2,1,25,3,0.4,neutral
IFFVVVSF,14,16,3,3,30,6,0.4,neutral
NLYYGDIV,26,24,8,10,50,18,0.4,neutral
CCFSGLVV,64,58,29,32,122,61,0.40131578947368424,neutral
RYYGICVR,64,48,25,30,112,55,0.4014084507042254,neutral
LLLCYSYG,62,45,24,28,107,52,0.40145985401459855,neutral
FYVCSGLC,59,48,23,29,107,52,0.40145985401459855,neutral
RCCCNCDS,62,45,20,32,107,52,0.40145985401459855,neutral
LDFGCFVG,62,45,27,25,107,52,0.40145985401459855,neutral
LVSSFSFL,62,45,28,24,107,52,0.40145985401459855,neutral
FVYCHNFG,58,44,22,27,102,49,0.4015151515151515,neutral
FSNHCGFR,53,49,23,26,102,49,0.4015151515151515,neutral
VFCFYDHD,56,41,23,23,97,46,0.4015748031496063,neutral
HYGSCCHC,57,40,26,20,97,46,0.4015748031496063,neutral
GFCYFYCD,55,37,18,25,92,43,0.4016393442622951,neutral
GFDRFDLC,55,37,26,17,92,43,0.4016393442622951,neutral
LNNHLYCR,53,34,20,20,87,40,0.4017094017094017,neutral
ICCCDNCR,46,41,16,24,87,40,0.4017094017094017,neutral
GRFYYCCI,50,37,22,18,87,40,0.4017094017094017,neutral
IYDSFGIG,52,35,17,23,87,40,0.4017094017094017,neutral
LCLDHGGF,44,38,18,19,82,37,0.4017857142857143,neutral
LCRIFVGL,46,36,17,20,82,37,0.4017857142857143,neutral
FYGCDCCG,49,33,16,21,82,37,0.4017857142857143,neutral
IDRCGIYG,49,33,21,16,82,37,0.4017857142857143,neutral
YYGSICDD,44,33,18,16,77,34,0.40186915887850466,neutral
YDLSVCLL,47,30,17,17,77,34,0.40186915887850466,neutral
CYGFYRLV,46,31,18,16,77,34,0.40186915887850466,neutral
YYYVCDYV,47,30,11,23,77,34,0.40186915887850466,neutral
FFSFSSFR,43,34,13,21,77,34,0.40186915887850466,neutral
GCSLVGFN,42,35,17,17,77,34,0.40186915887850466,neutral
FFVRVVRN,48,29,15,19,77,34,0.40186915887850466,neutral
VCCYLRSY,45,32,20,14,77,34,0.40186915887850466,neutral
NSFICHGF,48,29,18,16,77,34,0.40186915887850466,neutral
NHFSCGYC,48,29,15,19,77,34,0.40186915887850466,neutral
VFLDGCCH,43,29,8,23,72,31,0.4019607843137255,neutral
INFRDFDF,45,27,15,16,72,31,0.4019607843137255,neutral
YLFSDNCC,43,29,13,18,72,31,0.4019607843137255,neutral
YYSDNVCG,38,34,16,15,72,31,0.4019607843137255,neutral
VCCRRYVG,45,27,16,15,72,31,0.4019607843137255,neutral
VCCDHVCI,45,27,13,18,72,31,0.4019607843137255,neutral
IFRDCFLS,45,27,10,21,72,31,0.4019607843137255,neutral
FFDCRCCS,39,33,13,18,72,31,0.4019607843137255,neutral
CGDYIFRC,92,77,44,45,169,89,0.4020100502512563,neutral
HNVDFYCY,43,24,6,22,67,28,0.4020618556701031,neutral
HHFLFGGH,40,27,11,17,67,28,0.4020618556701031,neutral
CCHCHIGG,40,27,13,15,67,28,0.4020618556701031,neutral
VDCGDYSL,42,25,13,15,67,28,0.4020618556701031,neutral
SYGRYCVV,39,28,12,16,67,28,0.4020618556701031,neutral
VDGCFSCV,36,31,17,11,67,28,0.4020618556701031,neutral
FINCLCSC,42,25,10,18,67,28,0.4020618556701031,neutral
FNLRFCVR,40,27,19,9,67,28,0.4020618556701031,neutral
FFHHISYI,38,24,12,13,62,25,0.40217391304347827,neutral
LIGYGYVY,40,22,13,12,62,25,0.40217391304347827,neutral
SLFYRFCR,33,29,13,12,62,25,0.40217391304347827,neutral
YRIGYVDG,36,26,11,14,62,25,0.40217391304347827,neutral
FLFYRSFD,40,22,12,13,62,25,0.40217391304347827,neutral
LFNFIGSL,40,22,16,9,62,25,0.40217391304347827,neutral
GFSDRFYV,38,24,14,11,62,25,0.40217391304347827,neutral
HCVHGDNF,37,25,12,13,62,25,0.40217391304347827,neutral
FGYRYCVH,40,22,13,12,62,25,0.40217391304347827,neutral
FICSVSNL,38,24,11,14,62,25,0.40217391304347827,neutral
CFGGRFNY,39,23,10,15,62,25,0.40217391304347827,neutral
RFCYYFGR,37,20,10,12,57,22,0.40229885057471265,neutral
LRCYFRDD,36,21,10,12,57,22,0.40229885057471265,neutral
GIDDFIDC,36,21,14,8,57,22,0.40229885057471265,neutral
NYVCYHIG,36,21,10,12,57,22,0.40229885057471265,neutral
VCCGIGCC,30,27,12,10,57,22,0.40229885057471265,neutral
FNIIDCVR,38,19,10,12,57,22,0.40229885057471265,neutral
FGLCHLCG,35,22,6,16,57,22,0.40229885057471265,neutral
YFRCDSIF,34,23,9,13,57,22,0.40229885057471265,neutral
CVLFNCIV,33,24,13,9,57,22,0.40229885057471265,neutral
SCVVLFYG,33,24,3,19,57,22,0.40229885057471265,neutral
LYFGSVDY,29,28,6,16,57,22,0.40229885057471265,neutral
CFVSDVFH,36,21,7,15,57,22,0.40229885057471265,neutral
RCYFGFDD,32,25,12,10,57,22,0.40229885057471265,neutral
FNCYGCVL,37,20,7,15,57,22,0.40229885057471265,neutral
FSRCVFDN,36,21,11,11,57,22,0.40229885057471265,neutral
RGFVSCVF,35,22,10,12,57,22,0.40229885057471265,neutral
FFFYVCVD,36,21,8,14,57,22,0.40229885057471265,neutral
NLCGINDF,37,20,7,15,57,22,0.40229885057471265,neutral
CSHFRCRC,38,19,8,14,57,22,0.40229885057471265,neutral
FCSYISCV,77,62,26,45,139,71,0.40236686390532544,neutral
FCHFVCSG,33,19,7,12,52,19,0.4024390243902439,neutral
FGLCRGGY,31,21,6,13,52,19,0.4024390243902439,neutral
YVYSYNRG,32,20,6,13,52,19,0.4024390243902439,neutral
YDICHVYY,28,24,11,8,52,19,0.4024390243902439,neutral
CDYYCVCV,32,20,13,6,52,19,0.4024390243902439,neutral
IILRGIGF,35,17,9,10,52,19,0.4024390243902439,neutral
ILCCHVCH,32,20,11,8,52,19,0.4024390243902439,neutral
CCDFYCVN,34,18,10,9,52,19,0.4024390243902439,neutral
FNVYFCYH,30,22,11,8,52,19,0.4024390243902439,neutral
CSNCCHIH,32,20,7,12,52,19,0.4024390243902439,neutral
DVSLCYHV,33,19,11,8,52,19,0.4024390243902439,neutral
FFYRHSDY,30,22,10,9,52,19,0.4024390243902439,neutral
DIYDGFSS,33,19,11,8,52,19,0.4024390243902439,neutral
LVSFYCDI,32,20,6,13,52,19,0.4024390243902439,neutral
FRFSFNYD,34,18,9,10,52,19,0.4024390243902439,neutral
LVLNLLGN,32,20,9,10,52,19,0.4024390243902439,neutral
LFVCCINS,34,18,8,11,52,19,0.4024390243902439,neutral
FFCVFSDH,30,22,4,15,52,19,0.4024390243902439,neutral
FYCHRRLC,74,60,34,34,134,68,0.4024390243902439,neutral
FHFVGSLR,34,18,14,5,52,19,0.4024390243902439,neutral
FYIDGRCC,35,17,7,12,52,19,0.4024390243902439,neutral
FVNRGFCR,26,26,10,9,52,19,0.4024390243902439,neutral
IFYCIGGI,34,18,10,9,52,19,0.4024390243902439,neutral
FSDYSSVL,32,20,7,12,52,19,0.4024390243902439,neutral
SFFFDFCV,28,19,8,8,47,16,0.4025974025974026,neutral
FSYFRCFC,25,22,5,11,47,16,0.4025974025974026,neutral
GFGFVDRF,26,21,6,10,47,16,0.4025974025974026,neutral
CGYYRFLI,31,16,3,13,47,16,0.4025974025974026,neutral
FCYDRVNF,25,22,7,9,47,16,0.4025974025974026,neutral
HIYYCCDV,30,17,7,9,47,16,0.4025974025974026,neutral
FVCGVSSY,30,17,8,8,47,16,0.4025974025974026,neutral
FCVVFGFL,24,23,9,7,47,16,0.4025974025974026,neutral
YYDCHSSD,33,14,7,9,47,16,0.4025974025974026,neutral
IYLRHFSV,30,17,7,9,47,16,0.4025974025974026,neutral
VYCYCGDL,24,23,8,8,47,16,0.4025974025974026,neutral
VHRFLFDC,29,18,9,7,47,16,0.4025974025974026,neutral
VILVDLFC,28,19,6,10,47,16,0.4025974025974026,neutral
YRHFCISY,31,16,8,8,47,16,0.4025974025974026,neutral
GYIYCVGC,28,19,7,9,47,16,0.4025974025974026,neutral
FCCCYCGC,29,18,8,8,47,16,0.4025974025974026,neutral
LYCYNCVL,27,20,7,9,47,16,0.4025974025974026,neutral
INDVGCFI,32,15,7,9,47,16,0.4025974025974026,neutral
FCCSFVGG,25,22,4,12,47,16,0.4025974025974026,neutral
LFFLFDNF,30,17,7,9,47,16,0.4025974025974026,neutral
FFDFRCCC,28,19,8,8,47,16,0.4025974025974026,neutral
FFFCFNNI,31,16,9,7,47,16,0.4025974025974026,neutral
CFFCGRHG,31,16,8,8,47,16,0.4025974025974026,neutral
VFVHGVFC,61,58,28,31,119,59,0.40268456375838924,neutral
FLSNVFLY,26,16,7,6,42,13,0.4027777777777778,neutral
IVDLFVNN,24,18,5,8,42,13,0.4027777777777778,neutral
NYFLIRVN,64,50,32,24,114,56,0.4027777777777778,neutral
VCFCCNYV,23,19,7,6,42,13,0.4027777777777778,neutral
YFCCCNDS,25,17,12,1,42,13,0.4027777777777778,neutral
DNGCLFRD,24,18,9,4,42,13,0.4027777777777778,neutral
CVCNRCLR,29,13,6,7,42,13,0.4027777777777778,neutral
YIVILIYG,26,16,6,7,42,13,0.4027777777777778,neutral
IICSICVH,23,19,6,7,42,13,0.4027777777777778,neutral
LVLCDFHH,65,49,26,30,114,56,0.4027777777777778,neutral
FVVCFGGL,23,19,5,8,42,13,0.4027777777777778,neutral
VYVVRFRS,22,20,8,5,42,13,0.4027777777777778,neutral
FSVFRYSR,25,17,4,9,42,13,0.4027777777777778,neutral
LFGCGRCY,30,12,6,7,42,13,0.4027777777777778,neutral
NYYCDCHC,25,17,8,5,42,13,0.4027777777777778,neutral
CYNFFGYC,28,14,9,4,42,13,0.4027777777777778,neutral
YVVDIIFG,28,14,7,6,42,13,0.4027777777777778,neutral
FCYGVRNL,30,12,5,8,42,13,0.4027777777777778,neutral
CIILDSHV,64,45,26,27,109,53,0.4028776978417266,neutral
FCSCSYGC,25,12,6,4,37,10,0.40298507462686567,neutral
GYFCCSCR,23,14,5,5,37,10,0.40298507462686567,neutral
FCDCVFDG,22,15,5,5,37,10,0.40298507462686567,neutral
FCGVSYGV,24,13,5,5,37,10,0.40298507462686567,neutral
NCYDVYCD,26,11,2,8,37,10,0.40298507462686567,neutral
VVLCDGGY,58,46,20,30,104,50,0.40298507462686567,neutral
YDFLYVCS,23,14,2,8,37,10,0.40298507462686567,neutral
FFSCFGRL,23,14,4,6,37,10,0.40298507462686567,neutral
GRVYCLCV,25,12,5,5,37,10,0.40298507462686567,neutral
FFIYDIHF,22,15,8,2,37,10,0.40298507462686567,neutral
IVRYVLHV,27,10,6,4,37,10,0.40298507462686567,neutral
DGFDCVCI,22,15,5,5,37,10,0.40298507462686567,neutral
FFLDHDRD,24,13,5,5,37,10,0.40298507462686567,neutral
VVCCHCGF,19,18,5,5,37,10,0.40298507462686567,neutral
VCSFCCHR,23,14,5,5,37,10,0.40298507462686567,neutral
LVCCIHCR,28,9,6,4,37,10,0.40298507462686567,neutral
SFLCFINV,17,20,3,7,37,10,0.40298507462686567,neutral
CIRFYCHY,23,14,4,6,37,10,0.40298507462686567,neutral
SCCCLIHV,24,13,3,7,37,10,0.40298507462686567,neutral
LFCHGSGL,28,9,2,8,37,10,0.40298507462686567,neutral
FFNYHRIN,23,14,3,7,37,10,0.40298507462686567,neutral
NSYCHDCF,23,14,6,4,37,10,0.40298507462686567,neutral
YSCRGYDF,24,13,4,6,37,10,0.40298507462686567,neutral
FFFCHYVG,24,13,7,3,37,10,0.40298507462686567,neutral
SGYSFRCY,26,11,5,5,37,10,0.40298507462686567,neutral
FCGYFNGL,58,41,21,26,99,47,0.40310077519379844,neutral
NFFIYGSY,18,14,4,3,32,7,0.4032258064516129,neutral
CFFYVVHI,25,7,3,4,32,7,0.4032258064516129,neutral
VYDRYSSC,23,9,5,2,32,7,0.4032258064516129,neutral
CFYGCCVY,18,14,2,5,32,7,0.4032258064516129,neutral
FCVHYCFG,22,10,3,4,32,7,0.4032258064516129,neutral
SYRVYFRD,19,13,3,4,32,7,0.4032258064516129,neutral
IIGYIVIR,18,14,2,5,32,7,0.4032258064516129,neutral
FRYFCGFC,21,11,3,4,32,7,0.4032258064516129,neutral
GVVCVVYN,21,11,3,4,32,7,0.4032258064516129,neutral
FIVFGYVG,20,12,4,3,32,7,0.4032258064516129,neutral
NFYVFYFR,18,14,3,4,32,7,0.4032258064516129,neutral
LYRSCFDL,12,20,2,5,32,7,0.4032258064516129,neutral
FFCCYSVC,23,9,5,2,32,7,0.4032258064516129,neutral
FYVIFFYI,21,11,3,4,32,7,0.4032258064516129,neutral
FVYYCVHC,23,9,2,5,32,7,0.4032258064516129,neutral
FVFYGIFH,19,13,3,4,32,7,0.4032258064516129,neutral
YFDSRGNY,19,13,4,3,32,7,0.4032258064516129,neutral
YFIFDICV,19,13,1,6,32,7,0.4032258064516129,neutral
IIVGLRLC,20,12,4,3,32,7,0.4032258064516129,neutral
LCVFLISL,18,14,5,2,32,7,0.4032258064516129,neutral
VCFCCCDV,22,10,4,3,32,7,0.4032258064516129,neutral
CDVGNFYL,19,13,4,3,32,7,0.4032258064516129,neutral
FVISDCDY,20,12,2,5,32,7,0.4032258064516129,neutral
HFLLLING,18,14,4,3,32,7,0.4032258064516129,neutral
IYFCDFIF,16,16,5,2,32,7,0.4032258064516129,neutral
FYVFFCRD,19,13,3,4,32,7,0.4032258064516129,neutral
RCIGVGCF,20,12,5,2,32,7,0.4032258064516129,neutral
CVRNYDCF,22,10,4,3,32,7,0.4032258064516129,neutral
FYSNFGGY,19,13,2,5,32,7,0.4032258064516129,neutral
CFVGCNII,55,39,16,28,94,44,0.4032258064516129,neutral
GFSRCFCG,52,42,21,23,94,44,0.4032258064516129,neutral
RFCSGCFL,22,10,2,5,32,7,0.4032258064516129,neutral
FVGSHGFH,79,72,35,43,151,78,0.40331491712707185,neutral
HYGFGHID,52,37,20,21,89,41,0.40336134453781514,neutral
VVNCYDFH,52,37,20,21,89,41,0.40336134453781514,neutral
RCYLSCSC,49,40,22,19,89,41,0.40336134453781514,neutral
RIVCNDFC,54,35,20,21,89,41,0.40336134453781514,neutral
FLVCFYYL,15,12,1,3,27,4,0.40350877192982454,neutral
VYDYRVHC,17,10,2,2,27,4,0.40350877192982454,neutral
FFCCIGFG,19,8,0,4,27,4,0.40350877192982454,neutral
GCVFCDCC,16,11,1,3,27,4,0.40350877192982454,neutral
ICCCRRCL,22,5,2,2,27,4,0.40350877192982454,neutral
GFFFCIFI,15,12,2,2,27,4,0.40350877192982454,neutral
RDYRLCFR,47,37,20,18,84,38,0.40350877192982454,neutral
CVCIFFCC,20,7,2,2,27,4,0.40350877192982454,neutral
INFDRNYD,16,11,4,0,27,4,0.40350877192982454,neutral
YYYIVYLC,21,6,1,3,27,4,0.40350877192982454,neutral
CYIIVRLH,16,11,1,3,27,4,0.40350877192982454,neutral
FGFLYIFH,21,6,2,2,27,4,0.40350877192982454,neutral
VVFIILFS,16,11,2,2,27,4,0.40350877192982454,neutral
NIRFFHIL,22,5,1,3,27,4,0.40350877192982454,neutral
FILCCDIY,17,10,3,1,27,4,0.40350877192982454,neutral
YVCFDYCL,47,37,17,21,84,38,0.40350877192982454,neutral
VSFVVYLS,13,14,3,1,27,4,0.40350877192982454,neutral
LNLSFYLR,18,9,1,3,27,4,0.40350877192982454,neutral
FSFYFYCV,16,11,1,3,27,4,0.40350877192982454,neutral
FFCCHCFC,19,8,2,2,27,4,0.40350877192982454,neutral
FRYIDDVR,47,37,14,24,84,38,0.40350877192982454,neutral
IFYCVVRV,18,9,2,2,27,4,0.40350877192982454,neutral
CCCVYCDC,15,12,2,2,27,4,0.40350877192982454,neutral
FFFHLYCL,19,8,2,2,27,4,0.40350877192982454,neutral
NVHFLFIC,18,9,2,2,27,4,0.40350877192982454,neutral
LNSHVGFR,74,62,35,34,136,69,0.4036144578313253,neutral
YHCRVCDC,77,59,38,31,136,69,0.4036144578313253,neutral
FDVCFLVS,38,41,8,27,79,35,0.4036697247706422,neutral
FGSYFCCC,48,31,17,18,79,35,0.4036697247706422,neutral
FYYYFCRY,49,30,19,16,79,35,0.4036697247706422,neutral
IYFNFSHV,47,32,19,16,79,35,0.4036697247706422,neutral
INYHIYCC,47,32,20,15,79,35,0.4036697247706422,neutral
YVSGYSCF,37,42,17,18,79,35,0.4036697247706422,neutral
DCCCFFVR,18,4,0,1,22,1,0.40384615384615385,neutral
FSCISCGF,72,54,34,29,126,63,0.40384615384615385,neutral
DYHYCIGV,44,30,15,17,74,32,0.40384615384615385,neutral
FFFFCCYI,9,13,1,0,22,1,0.40384615384615385,neutral
CGLVCSCD,43,31,15,17,74,32,0.40384615384615385,neutral
LYFNFILC,16,6,0,1,22,1,0.40384615384615385,neutral
YFVHIFYF,11,11,0,1,22,1,0.40384615384615385,neutral
CCYYILYF,10,12,0,1,22,1,0.40384615384615385,neutral
NVRISILF,14,8,0,1,22,1,0.40384615384615385,neutral
FLLVICFF,12,10,1,0,22,1,0.40384615384615385,neutral
FLFCLFVC,13,9,1,0,22,1,0.40384615384615385,neutral
VHIFSGHL,42,32,13,19,74,32,0.40384615384615385,neutral
FCFICVDG,46,28,14,18,74,32,0.40384615384615385,neutral
YSYVHVFF,16,6,0,1,22,1,0.40384615384615385,neutral
CFCYVFFV,15,7,0,1,22,1,0.40384615384615385,neutral
LYFYFINC,11,11,0,1,22,1,0.40384615384615385,neutral
VFFFIFDF,15,7,0,1,22,1,0.40384615384615385,neutral
VLLLYIGC,13,9,1,0,22,1,0.40384615384615385,neutral
SCCFFLFY,12,10,1,0,22,1,0.40384615384615385,neutral
YVFCIYLC,17,5,1,0,22,1,0.40384615384615385,neutral
CFVLRIIF,14,8,1,0,22,1,0.40384615384615385,neutral
CCDCHCLS,14,8,1,0,22,1,0.40384615384615385,neutral
FFNFFFVV,13,9,1,0,22,1,0.40384615384615385,neutral
IFFFVCFR,14,8,1,0,22,1,0.40384615384615385,neutral
FVYGYIVR,40,34,21,11,74,32,0.40384615384615385,neutral
FFLFIFGF,16,6,0,1,22,1,0.40384615384615385,neutral
FFFFIHFS,9,13,1,0,22,1,0.40384615384615385,neutral
LFFFLSFC,15,7,1,0,22,1,0.40384615384615385,neutral
FVCLCIFY,14,8,1,0,22,1,0.40384615384615385,neutral
FFIVNFRF,13,9,0,1,22,1,0.40384615384615385,neutral
YCYGYGHC,36,38,16,16,74,32,0.40384615384615385,neutral
FGFFCFLC,18,4,1,0,22,1,0.40384615384615385,neutral
FCIYVCYV,13,9,1,0,22,1,0.40384615384615385,neutral
HCRFIRVF,69,52,27,33,121,60,0.40397350993377484,neutral
FRLHYDVI,43,26,12,17,69,29,0.40404040404040403,neutral
HNYGYNLR,43,26,20,9,69,29,0.40404040404040403,neutral
CDLLFSFS,36,33,13,16,69,29,0.40404040404040403,neutral
HIGCRFFV,36,33,12,17,69,29,0.40404040404040403,neutral
IGCCDCFH,41,28,15,14,69,29,0.40404040404040403,neutral
HVFHSICD,42,27,14,15,69,29,0.40404040404040403,neutral
VFYGYDFL,43,26,17,12,69,29,0.40404040404040403,neutral
VFFVSLFD,42,27,16,13,69,29,0.40404040404040403,neutral
FFGDHFSD,36,28,14,12,64,26,0.40425531914893614,neutral
DYVHSFRC,40,24,13,13,64,26,0.40425531914893614,neutral
VCFLVDCL,38,26,11,15,64,26,0.40425531914893614,neutral
HCGNCRCH,41,23,10,16,64,26,0.40425531914893614,neutral
LCHCHCLC,40,24,10,16,64,26,0.40425531914893614,neutral
FGVFNRVF,41,23,13,13,64,26,0.40425531914893614,neutral
VSSYDFVF,33,31,12,14,64,26,0.40425531914893614,neutral
FSCCLHNF,65,46,21,33,111,54,0.40425531914893614,neutral
NSVVFVCD,64,47,31,23,111,54,0.40425531914893614,neutral
YSLRFRHC,33,31,12,14,64,26,0.40425531914893614,neutral
SGLIRCYF,39,25,11,15,64,26,0.40425531914893614,neutral
CCDCGINL,39,20,10,13,59,23,0.4044943820224719,neutral
DRCSFYFV,38,21,10,13,59,23,0.4044943820224719,neutral
CNVYLDDG,25,34,7,16,59,23,0.4044943820224719,neutral
CIGCSYRG,36,23,12,11,59,23,0.4044943820224719,neutral
GFVYCFGG,37,22,11,12,59,23,0.4044943820224719,neutral
RYYSGICY,28,31,9,14,59,23,0.4044943820224719,neutral
FFNNRYCY,36,23,5,18,59,23,0.4044943820224719,neutral
HFSVCSCG,29,30,10,13,59,23,0.4044943820224719,neutral
HLCFRFGS,32,27,14,9,59,23,0.4044943820224719,neutral
VSYLRYRH,32,27,14,9,59,23,0.4044943820224719,neutral
FCHCGIGV,58,43,21,27,101,48,0.40458015267175573,neutral
LYCSGCRH,52,49,26,22,101,48,0.40458015267175573,neutral
LCSIGYHS,55,46,17,31,101,48,0.40458015267175573,neutral
FCCHFSIR,53,43,25,20,96,45,0.40476190476190477,neutral
YDFVSYFD,29,25,8,12,54,20,0.40476190476190477,neutral
SCCCSLLI,29,25,10,10,54,20,0.40476190476190477,neutral
NCYIHYFC,29,25,9,11,54,20,0.40476190476190477,neutral
NGCFIHIL,30,24,12,8,54,20,0.40476190476190477,neutral
CSNFYGYG,32,22,10,10,54,20,0.40476190476190477,neutral
FHRVYHGD,32,22,10,10,54,20,0.40476190476190477,neutral
FCSIYCGD,26,28,9,11,54,20,0.40476190476190477,neutral
IFIGCHSY,28,26,8,12,54,20,0.40476190476190477,neutral
YCCCSCIL,33,21,7,13,54,20,0.40476190476190477,neutral
FRCGSCCI,55,41,21,24,96,45,0.40476190476190477,neutral
LCSICICH,34,20,8,12,54,20,0.40476190476190477,neutral
FGNVCCDL,32,22,10,10,54,20,0.40476190476190477,neutral
CSIFVGCY,34,20,12,8,54,20,0.40476190476190477,neutral
CYFGGLHC,32,22,11,9,54,20,0.40476190476190477,neutral
CSCCCGHG,36,18,9,11,54,20,0.40476190476190477,neutral
CLFHGGLH,28,26,9,11,54,20,0.40476190476190477,neutral
IFRFVFSG,33,21,11,9,54,20,0.40476190476190477,neutral
VDGYFGVG,56,40,19,26,96,45,0.40476190476190477,neutral
FFSSIVYC,55,41,26,19,96,45,0.40476190476190477,neutral
FGCICCGV,34,20,9,11,54,20,0.40476190476190477,neutral
FFVSGNIF,69,64,31,36,133,67,0.4049079754601227,neutral
CCGGFIGD,76,57,36,31,133,67,0.4049079754601227,neutral
VDLFVHCV,54,37,19,23,91,42,0.4049586776859504,neutral
VHDVYHIS,50,41,22,20,91,42,0.4049586776859504,neutral
LGCCNVCC,55,36,18,24,91,42,0.4049586776859504,neutral
FCNFGGFC,53,38,20,22,91,42,0.4049586776859504,neutral
YNYGGCCS,31,18,8,9,49,17,0.4050632911392405,neutral
VFVCVDCY,23,26,10,7,49,17,0.4050632911392405,neutral
FYIRYCGS,28,21,11,6,49,17,0.4050632911392405,neutral
GCYCNDIY,28,21,10,7,49,17,0.4050632911392405,neutral
LGFRSYGC,32,17,7,10,49,17,0.4050632911392405,neutral
HSLNHCFR,33,16,10,7,49,17,0.4050632911392405,neutral
HFCCGYHL,30,19,6,11,49,17,0.4050632911392405,neutral
CSDSGHFF,32,17,6,11,49,17,0.4050632911392405,neutral
CLCYYFDH,32,17,9,8,49,17,0.4050632911392405,neutral
FIDGFFFY,32,17,9,8,49,17,0.4050632911392405,neutral
LGLFVYGY,25,24,10,7,49,17,0.4050632911392405,neutral
CFGFFYGN,52,34,17,22,86,39,0.4051724137931034,neutral
FCSRCYIH,47,39,20,19,86,39,0.4051724137931034,neutral
GLFSVCCC,47,39,18,21,86,39,0.4051724137931034,neutral
DIDSFHNL,48,38,19,20,86,39,0.4051724137931034,neutral
VSHCSCLL,51,35,24,15,86,39,0.4051724137931034,neutral
LNVCICSC,46,40,15,24,86,39,0.4051724137931034,neutral
RCGCIYSV,49,37,14,25,86,39,0.4051724137931034,neutral
VIFVGDVF,129,110,57,73,239,130,0.4052044609665427,neutral
FLRSLCYC,67,56,28,33,123,61,0.40522875816993464,neutral
CFCIRGLN,71,52,36,25,123,61,0.40522875816993464,neutral
YCDCRDVI,29,15,8,6,44,14,0.40540540540540543,neutral
DSYLVIVR,29,15,6,8,44,14,0.40540540540540543,neutral
IGDCFYGG,23,21,10,4,44,14,0.40540540540540543,neutral
CCFCFSGG,25,19,8,6,44,14,0.40540540540540543,neutral
LSGCVVYV,63,55,22,36,118,58,0.40540540540540543,neutral
NDRVCYCC,26,18,9,5,44,14,0.40540540540540543,neutral
LVLVYCDD,31,13,5,9,44,14,0.40540540540540543,neutral
CVFGYCSG,23,21,10,4,44,14,0.40540540540540543,neutral
FYHVVGSR,24,20,5,9,44,14,0.40540540540540543,neutral
YRIVCDIC,48,33,15,21,81,36,0.40540540540540543,neutral
HYGCVLIC,26,18,3,11,44,14,0.40540540540540543,neutral
YCGNCFCV,50,31,19,17,81,36,0.40540540540540543,neutral
VYYCCNCD,29,15,6,8,44,14,0.40540540540540543,neutral
HYNVNVFS,46,35,20,16,81,36,0.40540540540540543,neutral
FYNSFCYF,25,19,7,7,44,14,0.40540540540540543,neutral
GFIFCYHI,27,17,8,6,44,14,0.40540540540540543,neutral
FCCVNGLL,50,31,18,18,81,36,0.40540540540540543,neutral
CVFFSCSL,24,20,2,12,44,14,0.40540540540540543,neutral
VFCLYCGG,27,17,6,8,44,14,0.40540540540540543,neutral
FFRILDFC,21,23,6,8,44,14,0.40540540540540543,neutral
YDFRCHRF,31,13,8,6,44,14,0.40540540540540543,neutral
RIRYGSGY,44,37,18,18,81,36,0.40540540540540543,neutral
CFDLIHVC,48,33,21,15,81,36,0.40540540540540543,neutral
LSGLFNRD,62,56,33,25,118,58,0.40540540540540543,neutral
CFDFLCNG,65,48,26,29,113,55,0.40559440559440557,neutral
LCLVNISV,63,50,30,25,113,55,0.40559440559440557,neutral
LDIIRFCG,66,47,23,32,113,55,0.40559440559440557,neutral
FLHYDFHG,36,40,14,19,76,33,0.4056603773584906,neutral
CLCSFLSV,45,31,14,19,76,33,0.4056603773584906,neutral
LFNSCGVF,45,31,20,13,76,33,0.4056603773584906,neutral
FNCVVCFD,39,37,11,22,76,33,0.4056603773584906,neutral
VICLGVFC,25,14,4,7,39,11,0.4057971014492754,neutral
HICVCCSI,26,13,5,6,39,11,0.4057971014492754,neutral
YCIIFDCC,24,15,3,8,39,11,0.4057971014492754,neutral
FYFDVFGI,62,46,22,30,108,52,0.4057971014492754,neutral
YSIFVFCG,26,13,8,3,39,11,0.4057971014492754,neutral
RFLGIFLD,24,15,3,8,39,11,0.4057971014492754,neutral
SYFICDRV,28,11,8,3,39,11,0.4057971014492754,neutral
FHCRCVFV,26,13,3,8,39,11,0.4057971014492754,neutral
CDDDDCIF,26,13,5,6,39,11,0.4057971014492754,neutral
FNGCRCCR,25,14,3,8,39,11,0.4057971014492754,neutral
YRRHFHVC,25,14,9,2,39,11,0.4057971014492754,neutral
CYLGYCDY,27,12,3,8,39,11,0.4057971014492754,neutral
FYIHHGRY,28,11,7,4,39,11,0.4057971014492754,neutral
ICSFFFGN,22,17,5,6,39,11,0.4057971014492754,neutral
CVGCLGCY,20,19,5,6,39,11,0.4057971014492754,neutral
VFCGFGGV,24,15,6,5,39,11,0.4057971014492754,neutral
LCHRYFIC,24,15,5,6,39,11,0.4057971014492754,neutral
ICFCCRCL,24,15,3,8,39,11,0.4057971014492754,neutral
GLCYFCGF,25,14,5,6,39,11,0.4057971014492754,neutral
FYVLVGVG,23,16,6,5,39,11,0.4057971014492754,neutral
FYHNFLYI,26,13,4,7,39,11,0.4057971014492754,neutral
SFLLVCDY,23,16,7,4,39,11,0.4057971014492754,neutral
CVVCGFIY,23,16,6,5,39,11,0.4057971014492754,neutral
FYVCGFYD,78,62,28,43,140,71,0.40588235294117647,neutral
INDFRYDS,45,26,20,10,71,30,0.40594059405940597,neutral
VLFSDYSY,42,29,16,14,71,30,0.40594059405940597,neutral
FLDFSCFD,39,32,16,14,71,30,0.40594059405940597,neutral
FGCYSFGG,36,35,13,17,71,30,0.40594059405940597,neutral
SHDFGGLY,44,27,14,16,71,30,0.40594059405940597,neutral
FCCHYCDV,44,27,13,17,71,30,0.40594059405940597,neutral
YCIFDIHR,44,27,11,19,71,30,0.40594059405940597,neutral
SFVYFVYD,41,30,11,19,71,30,0.40594059405940597,neutral
GNGYGLIY,44,27,20,10,71,30,0.40594059405940597,neutral
FIRGGIVF,40,31,15,15,71,30,0.40594059405940597,neutral
FVRICGGY,24,10,6,2,34,8,0.40625,neutral
FHSIDFFI,36,30,13,14,66,27,0.40625,neutral
CCCCGIFV,23,11,6,2,34,8,0.40625,neutral
ILNFNGLF,26,8,4,4,34,8,0.40625,neutral
FICGCYRY,20,14,2,6,34,8,0.40625,neutral
FYCCFSGL,20,14,2,6,34,8,0.40625,neutral
CCGNYDNF,24,10,2,6,34,8,0.40625,neutral
IGCYVCHF,22,12,2,6,34,8,0.40625,neutral
FSYCDSCD,56,42,24,22,98,46,0.40625,neutral
CYFCCCLD,24,10,3,5,34,8,0.40625,neutral
VHRYFFDC,18,16,2,6,34,8,0.40625,neutral
CISYYDCV,24,10,4,4,34,8,0.40625,neutral
VIFFGGGG,58,40,19,27,98,46,0.40625,neutral
CFCCCFSF,41,25,11,16,66,27,0.40625,neutral
VRYYSGIH,56,42,21,25,98,46,0.40625,neutral
FFYRFVCD,36,30,13,14,66,27,0.40625,neutral
CFYCNCVS,22,12,3,5,34,8,0.40625,neutral
CNCVLIFL,25,9,2,6,34,8,0.40625,neutral
YLYFHFDD,21,13,4,4,34,8,0.40625,neutral
HCCFFFID,37,29,14,13,66,27,0.40625,neutral
GNLGFHVL,37,29,16,11,66,27,0.40625,neutral
RFNGCFCR,42,24,16,11,66,27,0.40625,neutral
CFFFLIGS,21,13,4,4,34,8,0.40625,neutral
FCHLRINF,16,18,3,5,34,8,0.40625,neutral
SLVYYSCR,24,10,3,5,34,8,0.40625,neutral
CNYLINRF,24,10,6,2,34,8,0.40625,neutral
VVFFYVRD,23,11,4,4,34,8,0.40625,neutral
HYRSYGRL,51,47,26,20,98,46,0.40625,neutral
RYVVCCLG,18,16,3,5,34,8,0.40625,neutral
YGFGFGGR,21,13,5,3,34,8,0.40625,neutral
DCCRVGCC,33,33,15,12,66,27,0.40625,neutral
DSVIVVVL,19,15,4,4,34,8,0.40625,neutral
ILYCGFGY,71,59,28,37,130,65,0.40625,neutral
CYFHCNDV,25,9,4,4,34,8,0.40625,neutral
LIFNCYRY,23,11,6,2,34,8,0.40625,neutral
FCIFISNG,41,25,17,10,66,27,0.40625,neutral
IGRYGHCY,19,15,4,4,34,8,0.40625,neutral
ICSGYFSV,24,10,2,6,34,8,0.40625,neutral
FYGGGCYY,39,27,7,20,66,27,0.40625,neutral
LFRVVCSI,20,14,4,4,34,8,0.40625,neutral
CFSCNYFI,30,36,9,18,66,27,0.40625,neutral
YCRGIFVI,25,9,4,4,34,8,0.40625,neutral
LCNIDYSV,24,10,1,7,34,8,0.40625,neutral
CCFCYLLH,25,9,1,7,34,8,0.40625,neutral
LYDFLCVN,72,58,35,30,130,65,0.40625,neutral
FFCLCHID,22,12,3,5,34,8,0.40625,neutral
SFYGVCCH,40,26,13,14,66,27,0.40625,neutral
YSFCCCHH,19,15,3,5,34,8,0.40625,neutral
VIVRHFLY,23,11,2,6,34,8,0.40625,neutral
VCLFLSCD,56,37,17,26,93,43,0.4065040650406504,neutral
VVVFRCCS,35,26,14,10,61,24,0.4065934065934066,neutral
RFNYGHFI,40,21,14,10,61,24,0.4065934065934066,neutral
FGRDSYCC,32,29,13,11,61,24,0.4065934065934066,neutral
VNLNFVCF,40,21,11,13,61,24,0.4065934065934066,neutral
NGDLHCLC,38,23,12,12,61,24,0.4065934065934066,neutral
IDVGCVYR,34,27,12,12,61,24,0.4065934065934066,neutral
VFYCGDGV,30,31,15,9,61,24,0.4065934065934066,neutral
CFVDFFYG,34,27,10,14,61,24,0.4065934065934066,neutral
YCCDCIID,39,22,13,11,61,24,0.4065934065934066,neutral
VDFVDVCC,39,22,13,11,61,24,0.4065934065934066,neutral
DYIGFFNS,38,23,12,12,61,24,0.4065934065934066,neutral
LYCIHYLH,35,26,12,12,61,24,0.4065934065934066,neutral
VHNGFYFG,29,32,10,14,61,24,0.4065934065934066,neutral
VFRGIFYG,69,51,25,34,120,59,0.4066666666666667,neutral
LYCFDCLL,21,8,3,2,29,5,0.4067796610169492,neutral
YCFYVDGV,49,39,27,13,88,40,0.4067796610169492,neutral
FCLIRCCH,23,6,2,3,29,5,0.4067796610169492,neutral
VFVCCCHF,19,10,1,4,29,5,0.4067796610169492,neutral
LFIFFFRN,19,10,3,2,29,5,0.4067796610169492,neutral
ISCCFFFF,16,13,1,4,29,5,0.4067796610169492,neutral
GVVLCDVY,53,35,22,18,88,40,0.4067796610169492,neutral
CCCLLIIV,15,14,2,3,29,5,0.4067796610169492,neutral
FFSCRNCF,19,10,3,2,29,5,0.4067796610169492,neutral
LFHFCCRC,14,15,4,1,29,5,0.4067796610169492,neutral
FFVCVFGF,18,11,1,4,29,5,0.4067796610169492,neutral
FCILCFGC,17,12,2,3,29,5,0.4067796610169492,neutral
YCCVLCVF,16,13,4,1,29,5,0.4067796610169492,neutral
VFCCFYLF,13,16,0,5,29,5,0.4067796610169492,neutral
FYFYHIRH,15,14,1,4,29,5,0.4067796610169492,neutral
VSGYCVRY,20,9,2,3,29,5,0.4067796610169492,neutral
YFVNLVCF,20,9,2,3,29,5,0.4067796610169492,neutral
GCVFCGCF,12,17,2,3,29,5,0.4067796610169492,neutral
ICFCFNRV,20,9,2,3,29,5,0.4067796610169492,neutral
HFRGYDFL,21,8,4,1,29,5,0.4067796610169492,neutral
FFRDCDCC,17,12,3,2,29,5,0.4067796610169492,neutral
VCIILSYV,16,13,4,1,29,5,0.4067796610169492,neutral
FFVFCLHH,20,9,5,0,29,5,0.4067796610169492,neutral
LFFIIRIF,16,13,2,3,29,5,0.4067796610169492,neutral
FGVVYIFF,22,7,1,4,29,5,0.4067796610169492,neutral
LYVGCGVC,59,56,23,33,115,56,0.4068965517241379,neutral
GSHCGHLY,67,48,29,27,115,56,0.4068965517241379,neutral
YLRCVISC,31,25,11,10,56,21,0.4069767441860465,neutral
HFFCFCGI,31,25,11,10,56,21,0.4069767441860465,neutral
LSYVYCVL,35,21,7,14,56,21,0.4069767441860465,neutral
CCDFVCDL,80,62,38,34,142,72,0.4069767441860465,neutral
CFNFNFHS,36,20,6,15,56,21,0.4069767441860465,neutral
YLYGLGSY,34,22,9,12,56,21,0.4069767441860465,neutral
VSCYDDVV,35,21,9,12,56,21,0.4069767441860465,neutral
YSIRFCGC,36,20,11,10,56,21,0.4069767441860465,neutral
VHFYVNCV,80,62,34,38,142,72,0.4069767441860465,neutral
LFVRLIFD,51,32,22,15,83,37,0.40707964601769914,neutral
YGFHHVHI,47,36,20,17,83,37,0.40707964601769914,neutral
FGFYGFDV,49,34,18,19,83,37,0.40707964601769914,neutral
DVGYCGFR,62,48,32,21,110,53,0.40714285714285714,neutral
DDFLSCIC,63,47,25,28,110,53,0.40714285714285714,neutral
SIRGVFYV,90,74,40,45,164,85,0.4072164948453608,neutral
IIFFFLFH,14,10,0,2,24,2,0.4074074074074074,neutral
SIILGFRL,16,8,0,2,24,2,0.4074074074074074,neutral
FLCFYLCV,15,9,0,2,24,2,0.4074074074074074,neutral
FFSRDDCR,33,18,10,8,51,18,0.4074074074074074,neutral
LGYDGYCD,21,3,1,1,24,2,0.4074074074074074,neutral
FFCINCIY,30,21,6,12,51,18,0.4074074074074074,neutral
IVYFVFYI,17,7,2,0,24,2,0.4074074074074074,neutral
VFLCIVFF,13,11,2,0,24,2,0.4074074074074074,neutral
YDVRDLGC,44,34,16,18,78,34,0.4074074074074074,neutral
FCCHYSNV,28,23,10,8,51,18,0.4074074074074074,neutral
VYLYVSSL,32,19,10,8,51,18,0.4074074074074074,neutral
CCCHCVGR,15,9,1,1,24,2,0.4074074074074074,neutral
LYVCSCLC,14,10,0,2,24,2,0.4074074074074074,neutral
GFYDYLHF,59,46,20,30,105,50,0.4074074074074074,neutral
CHLNFFRD,30,21,7,11,51,18,0.4074074074074074,neutral
YNVLCIFF,16,8,0,2,24,2,0.4074074074074074,neutral
IDVCCYNF,22,29,11,7,51,18,0.4074074074074074,neutral
LLLFGDIG,30,21,10,8,51,18,0.4074074074074074,neutral
GFLCCCDV,62,43,23,27,105,50,0.4074074074074074,neutral
GRRIIIDV,12,12,0,2,24,2,0.4074074074074074,neutral
FFVFYICI,16,8,0,2,24,2,0.4074074074074074,neutral
VVYFSICS,32,19,6,12,51,18,0.4074074074074074,neutral
IFVNLCFI,16,8,2,0,24,2,0.4074074074074074,neutral
CSFCCCGG,29,22,7,11,51,18,0.4074074074074074,neutral
FFLNFRGD,17,7,1,1,24,2,0.4074074074074074,neutral
FNCCYFCS,16,8,1,1,24,2,0.4074074074074074,neutral
FDFDIDRF,14,10,2,0,24,2,0.4074074074074074,neutral
FHYVDLFH,25,26,8,10,51,18,0.4074074074074074,neutral
FIFVRYSL,20,4,0,2,24,2,0.4074074074074074,neutral
LFFICYFL,16,8,0,2,24,2,0.4074074074074074,neutral
FFFSCFIS,14,10,1,1,24,2,0.4074074074074074,neutral
CLHCHVFD,45,33,9,25,78,34,0.4074074074074074,neutral
FNFFFGFC,13,11,0,2,24,2,0.4074074074074074,neutral
FFGDHSSF,20,4,1,1,24,2,0.4074074074074074,neutral
FFCNFSGV,30,21,6,12,51,18,0.4074074074074074,neutral
FNHVRHGY,29,22,8,10,51,18,0.4074074074074074,neutral
NFFFSRSN,31,20,8,10,51,18,0.4074074074074074,neutral
SFNCDYHF,48,30,14,20,78,34,0.4074074074074074,neutral
LIYSCSGI,32,19,12,6,51,18,0.4074074074074074,neutral
CCFCVYFR,12,12,0,2,24,2,0.4074074074074074,neutral
VYLCVVVS,18,6,1,1,24,2,0.4074074074074074,neutral
YCYFIIFC,13,11,0,2,24,2,0.4074074074074074,neutral
YCDVVLCV,32,19,10,8,51,18,0.4074074074074074,neutral
YFFCCRVY,19,5,2,0,24,2,0.4074074074074074,neutral
CILCFFYL,18,6,2,0,24,2,0.4074074074074074,neutral
LDYFRGLI,30,21,4,14,51,18,0.4074074074074074,neutral
FDFHNYYD,35,16,8,10,51,18,0.4074074074074074,neutral
LNRCDFYC,16,8,2,0,24,2,0.4074074074074074,neutral
CFIFVLRI,16,8,1,1,24,2,0.4074074074074074,neutral
CFCFHVYF,15,9,1,1,24,2,0.4074074074074074,neutral
IFFVGFRI,18,6,1,1,24,2,0.4074074074074074,neutral
FNFCGYVL,32,19,8,10,51,18,0.4074074074074074,neutral
CGDCGCYF,14,10,1,1,24,2,0.4074074074074074,neutral
SGLCCFDD,75,57,32,34,132,66,0.4074074074074074,neutral
LYGFFIVR,13,11,2,0,24,2,0.4074074074074074,neutral
VHFVIVCG,14,10,1,1,24,2,0.4074074074074074,neutral
YFFCVLFF,8,16,0,2,24,2,0.4074074074074074,neutral
GVCFVYIH,31,20,7,11,51,18,0.4074074074074074,neutral
VSLFVNFV,33,18,9,9,51,18,0.4074074074074074,neutral
IIRYLIII,18,6,0,2,24,2,0.4074074074074074,neutral
FFDFLCFG,13,11,1,1,24,2,0.4074074074074074,neutral
CRDCHCFS,47,31,15,19,78,34,0.4074074074074074,neutral
CCFDFSVR,30,21,9,9,51,18,0.4074074074074074,neutral
FFVFIRLI,12,12,0,2,24,2,0.4074074074074074,neutral
HFCYYIRN,46,32,12,22,78,34,0.4074074074074074,neutral
VYNYVGGR,33,18,12,6,51,18,0.4074074074074074,neutral
IHIYYISV,17,7,2,0,24,2,0.4074074074074074,neutral
FVVFFFYF,11,13,1,1,24,2,0.4074074074074074,neutral
CISFVSCD,42,36,16,18,78,34,0.4074074074074074,neutral
FCCIFCCI,20,4,2,0,24,2,0.4074074074074074,neutral
DVYFVFHR,17,7,2,0,24,2,0.4074074074074074,neutral
CCCCFYYF,17,7,2,0,24,2,0.4074074074074074,neutral
CYFFVDCV,47,31,19,15,78,34,0.4074074074074074,neutral
FFVYLYIR,15,9,2,0,24,2,0.4074074074074074,neutral
FFFCFIGC,16,8,0,2,24,2,0.4074074074074074,neutral
YLFFYHVL,16,8,1,1,24,2,0.4074074074074074,neutral
ICCFYYRF,16,8,0,2,24,2,0.4074074074074074,neutral
FLFDVGFL,70,57,29,34,127,63,0.40764331210191085,neutral
IYFGVVRC,57,43,18,29,100,47,0.4076923076923077,neutral
FVCHIGSF,58,42,29,18,100,47,0.4076923076923077,neutral
CCGNFRSF,56,44,23,24,100,47,0.4076923076923077,neutral
CSLFGYVG,40,33,12,19,73,31,0.4077669902912621,neutral
HIDFLCFG,44,29,15,16,73,31,0.4077669902912621,neutral
DCFFDVFN,43,30,17,14,73,31,0.4077669902912621,neutral
FIGDFFYV,43,30,15,16,73,31,0.4077669902912621,neutral
ICIVCSNI,43,30,12,19,73,31,0.4077669902912621,neutral
FISGCCDF,38,35,13,18,73,31,0.4077669902912621,neutral
GCRVCGCH,46,27,15,16,73,31,0.4077669902912621,neutral
HFGFIRCC,40,33,14,17,73,31,0.4077669902912621,neutral
LCFCNHGI,28,18,5,10,46,15,0.40789473684210525,neutral
VFDCGFCG,24,22,8,7,46,15,0.40789473684210525,neutral
CCYYGFHL,28,18,8,7,46,15,0.40789473684210525,neutral
CDYRFYCR,23,23,6,9,46,15,0.40789473684210525,neutral
GCVCCDVC,31,15,11,4,46,15,0.40789473684210525,neutral
CFGRGIYD,30,16,8,7,46,15,0.40789473684210525,neutral
CFCGCFFG,29,17,9,6,46,15,0.40789473684210525,neutral
NIRYCCCH,27,19,6,9,46,15,0.40789473684210525,neutral
FYCHNCVC,29,17,8,7,46,15,0.40789473684210525,neutral
CYRCLSYC,31,15,5,10,46,15,0.40789473684210525,neutral
FIIVFFCY,32,14,9,6,46,15,0.40789473684210525,neutral
RFCCVSFL,29,17,7,8,46,15,0.40789473684210525,neutral
GLLCNYCV,26,20,7,8,46,15,0.40789473684210525,neutral
CCCFCYFC,31,15,5,10,46,15,0.40789473684210525,neutral
FFNCVFGL,28,18,6,9,46,15,0.40789473684210525,neutral
CYNCGLNC,28,18,9,6,46,15,0.40789473684210525,neutral
VCVISLCH,69,53,29,31,122,60,0.40789473684210525,neutral
FFDFFDVY,30,16,4,11,46,15,0.40789473684210525,neutral
SGVIHVFI,31,15,4,11,46,15,0.40789473684210525,neutral
LVISDCFC,28,18,10,5,46,15,0.40789473684210525,neutral
FFNNCIYC,28,18,6,9,46,15,0.40789473684210525,neutral
FFNHFFVV,53,42,22,22,95,44,0.408,neutral
LNCFIGFN,53,42,26,18,95,44,0.408,neutral
LNSVGCRY,67,50,23,34,117,57,0.40816326530612246,neutral
IHGVFCLC,41,27,10,18,68,28,0.40816326530612246,neutral
FCCYCSVH,43,25,12,16,68,28,0.40816326530612246,neutral
GFRGDSFH,92,74,43,43,166,86,0.40816326530612246,neutral
SIVCSLCC,42,26,10,18,68,28,0.40816326530612246,neutral
GLLCFGHC,79,60,34,36,139,70,0.40828402366863903,neutral
CYISFSGV,75,64,32,38,139,70,0.40828402366863903,neutral
ICSNVIYV,53,37,21,20,90,41,0.4083333333333333,neutral
SFFICCSR,53,37,14,27,90,41,0.4083333333333333,neutral
FFVCGGIG,45,45,21,20,90,41,0.4083333333333333,neutral
ICHRCYHY,27,14,5,7,41,12,0.4084507042253521,neutral
FVFIDCYV,26,15,4,8,41,12,0.4084507042253521,neutral
FYVGVIYC,24,17,8,4,41,12,0.4084507042253521,neutral
DYGCGDRF,23,18,5,7,41,12,0.4084507042253521,neutral
NFCFRSYS,25,16,8,4,41,12,0.4084507042253521,neutral
ISIFGLIC,30,11,5,7,41,12,0.4084507042253521,neutral
FVRGGFHR,25,16,5,7,41,12,0.4084507042253521,neutral
YFCNYCCG,29,12,8,4,41,12,0.4084507042253521,neutral
DFYGFDIG,23,18,7,5,41,12,0.4084507042253521,neutral
IFFFSSVF,26,15,5,7,41,12,0.4084507042253521,neutral
FFCGIYCG,29,12,5,7,41,12,0.4084507042253521,neutral
CFFCNGNC,21,20,8,4,41,12,0.4084507042253521,neutral
SHHLLCIY,29,12,5,7,41,12,0.4084507042253521,neutral
YYLFDDLC,25,16,6,6,41,12,0.4084507042253521,neutral
VVGIGCLY,26,15,7,5,41,12,0.4084507042253521,neutral
CFNRYCYC,24,17,8,4,41,12,0.4084507042253521,neutral
CNVFGIFL,27,14,8,4,41,12,0.4084507042253521,neutral
FCFLFNFH,25,16,2,10,41,12,0.4084507042253521,neutral
FFVYCHGG,24,17,6,6,41,12,0.4084507042253521,neutral
CFCDCHVL,30,11,2,10,41,12,0.4084507042253521,neutral
DICFNHYG,24,17,4,8,41,12,0.4084507042253521,neutral
SCFHCVFC,23,18,3,9,41,12,0.4084507042253521,neutral
CGCCVHIR,29,12,4,8,41,12,0.4084507042253521,neutral
NFYFDLFG,23,18,5,7,41,12,0.4084507042253521,neutral
FRDCSFHY,24,17,6,6,41,12,0.4084507042253521,neutral
FVNGYSLY,30,11,6,6,41,12,0.4084507042253521,neutral
CCCGHHSV,40,23,16,9,63,25,0.40860215053763443,neutral
VYSCRGFG,40,23,8,17,63,25,0.40860215053763443,neutral
CFFGLRGI,38,25,13,12,63,25,0.40860215053763443,neutral
VIVYSCVV,40,23,15,10,63,25,0.40860215053763443,neutral
CCLRHGFF,41,22,17,8,63,25,0.40860215053763443,neutral
FRFCNCDG,38,25,8,17,63,25,0.40860215053763443,neutral
CVICCDCS,38,25,13,12,63,25,0.40860215053763443,neutral
FLFGIDLF,41,22,11,14,63,25,0.40860215053763443,neutral
FVRCGFDL,38,25,12,13,63,25,0.40860215053763443,neutral
CFGHSSYG,40,23,10,15,63,25,0.40860215053763443,neutral
FLCFDRGV,38,25,8,17,63,25,0.40860215053763443,neutral
VRYCSCGY,37,26,9,16,63,25,0.40860215053763443,neutral
CFDCLFDG,39,24,9,16,63,25,0.40860215053763443,neutral
RLGCLYYY,31,32,10,15,63,25,0.40860215053763443,neutral
DHHFCFDR,41,22,15,10,63,25,0.40860215053763443,neutral
CRCSGDGI,37,26,9,16,63,25,0.40860215053763443,neutral
CDCCCSLC,52,33,17,21,85,38,0.40869565217391307,neutral
ICVFYGLD,51,34,20,18,85,38,0.40869565217391307,neutral
YHSCDIYG,51,34,15,23,85,38,0.40869565217391307,neutral
RYNCVVFD,48,37,21,17,85,38,0.40869565217391307,neutral
LDFFYICG,50,35,15,23,85,38,0.40869565217391307,neutral
DIVLGFLR,68,61,27,37,129,64,0.4088050314465409,neutral
ISFCNDIF,70,59,30,34,129,64,0.4088050314465409,neutral
CCCVFGDF,24,12,6,3,36,9,0.4090909090909091,neutral
NCFCFGFC,25,11,8,1,36,9,0.4090909090909091,neutral
YCSHFDFV,27,9,2,7,36,9,0.4090909090909091,neutral
LSVCISCV,29,29,10,12,58,22,0.4090909090909091,neutral
CYVCCFRG,22,14,4,5,36,9,0.4090909090909091,neutral
CHICLGRV,22,14,6,3,36,9,0.4090909090909091,neutral
NVNFFIFL,18,18,5,4,36,9,0.4090909090909091,neutral
HCHCRFVG,37,21,12,10,58,22,0.4090909090909091,neutral
FSRFGFVI,48,32,15,20,80,35,0.4090909090909091,neutral
CCGILCRV,19,17,2,7,36,9,0.4090909090909091,neutral
HCIISCHC,31,27,10,12,58,22,0.4090909090909091,neutral
RVCDFCYC,36,22,13,9,58,22,0.4090909090909091,neutral
FGVGHYYF,34,24,12,10,58,22,0.4090909090909091,neutral
YVNHRGFG,49,31,22,13,80,35,0.4090909090909091,neutral
FYFFLFVD,26,10,6,3,36,9,0.4090909090909091,neutral
YYGCHCHC,44,36,14,21,80,35,0.4090909090909091,neutral
INVRHYYG,34,24,10,12,58,22,0.4090909090909091,neutral
GFVCGHIC,33,25,8,14,58,22,0.4090909090909091,neutral
DCSCCDLF,34,24,11,11,58,22,0.4090909090909091,neutral
HGLIVYDF,25,11,3,6,36,9,0.4090909090909091,neutral
FYDYSHNY,18,18,5,4,36,9,0.4090909090909091,neutral
FCFNNYFF,24,12,3,6,36,9,0.4090909090909091,neutral
FCIYYNCL,24,12,6,3,36,9,0.4090909090909091,neutral
FDCGCCCF,37,21,10,12,58,22,0.4090909090909091,neutral
LIGVFYCS,56,46,23,25,102,48,0.4090909090909091,neutral
FYFFFNNY,27,9,1,8,36,9,0.4090909090909091,neutral
FVCLGFCH,20,16,2,7,36,9,0.4090909090909091,neutral
CLCIVHRH,37,21,9,13,58,22,0.4090909090909091,neutral
CCFCGFNS,22,14,7,2,36,9,0.4090909090909091,neutral
YFCSRFCF,23,13,7,2,36,9,0.4090909090909091,neutral
FIFNRNGL,49,31,23,12,80,35,0.4090909090909091,neutral
CGRCGCFH,36,22,12,10,58,22,0.4090909090909091,neutral
IHDYGDSY,20,16,4,5,36,9,0.4090909090909091,neutral
VYHILVNV,37,21,11,11,58,22,0.4090909090909091,neutral
YDIYGHIR,46,34,16,19,80,35,0.4090909090909091,neutral
IVFLDRNC,34,24,10,12,58,22,0.4090909090909091,neutral
SCYCLSLD,60,42,27,21,102,48,0.4090909090909091,neutral
LICIFVDC,19,17,6,3,36,9,0.4090909090909091,neutral
FIVRCDRF,22,14,5,4,36,9,0.4090909090909091,neutral
VCCCYCVH,35,23,14,8,58,22,0.4090909090909091,neutral
FDFFDVIH,37,21,10,12,58,22,0.4090909090909091,neutral
YGCRYVNR,57,40,20,25,97,45,0.4094488188976378,neutral
NCIRCISC,58,39,21,24,97,45,0.4094488188976378,neutral
CNLSCFGL,56,41,22,23,97,45,0.4094488188976378,neutral
HHFFSHSV,35,40,17,15,75,32,0.4095238095238095,neutral
FFYFGFVD,33,20,7,12,53,19,0.40963855421686746,neutral
VCCNCDCI,35,18,8,11,53,19,0.40963855421686746,neutral
YYDCSFVG,34,19,10,9,53,19,0.40963855421686746,neutral
CCCYCVNC,28,25,4,15,53,19,0.40963855421686746,neutral
CGIFFNNN,33,20,7,12,53,19,0.40963855421686746,neutral
CSGCIHLR,28,25,12,7,53,19,0.40963855421686746,neutral
SYVFHRFY,35,18,7,12,53,19,0.40963855421686746,neutral
CYVLYYGD,31,22,9,10,53,19,0.40963855421686746,neutral
VDCFGDCN,35,18,8,11,53,19,0.40963855421686746,neutral
FLCCGVLH,30,23,10,9,53,19,0.40963855421686746,neutral
VFRDLDYG,35,18,12,7,53,19,0.40963855421686746,neutral
VCYVGCDI,33,20,10,9,53,19,0.40963855421686746,neutral
YSFCDYLD,31,22,8,11,53,19,0.40963855421686746,neutral
RYYGVFGR,34,19,7,12,53,19,0.40963855421686746,neutral
IHYCCCGG,30,23,9,10,53,19,0.40963855421686746,neutral
ICFGLVFR,31,22,12,7,53,19,0.40963855421686746,neutral
LYGDDIGG,33,20,10,9,53,19,0.40963855421686746,neutral
LFVGSVFY,63,51,29,26,114,55,0.4097222222222222,neutral
LIRSRIRY,64,50,33,22,114,55,0.4097222222222222,neutral
CVVCRSYD,53,61,26,29,114,55,0.4097222222222222,neutral
LVCLHLYL,20,11,3,3,31,6,0.4098360655737705,neutral
RCFCIFYI,17,14,2,4,31,6,0.4098360655737705,neutral
ICGRYGVF,47,45,21,21,92,42,0.4098360655737705,neutral
ICLVYCIS,22,9,0,6,31,6,0.4098360655737705,neutral
NYCLCCGC,24,7,2,4,31,6,0.4098360655737705,neutral
FHHYYVHR,19,12,1,5,31,6,0.4098360655737705,neutral
CVCVLLYS,21,10,4,2,31,6,0.4098360655737705,neutral
HIFFRYDF,18,13,1,5,31,6,0.4098360655737705,neutral
LVCCLCFH,19,12,2,4,31,6,0.4098360655737705,neutral
VHCCCSVR,19,12,5,1,31,6,0.4098360655737705,neutral
HRFDFCYI,22,9,4,2,31,6,0.4098360655737705,neutral
IYCRFCSI,47,45,19,23,92,42,0.4098360655737705,neutral
HCCVCSCI,20,11,2,4,31,6,0.4098360655737705,neutral
FDSFVRCY,20,11,5,1,31,6,0.4098360655737705,neutral
LYCFILGV,18,13,4,2,31,6,0.4098360655737705,neutral
VFFFCNIV,16,15,3,3,31,6,0.4098360655737705,neutral
FYIYVYGV,20,11,4,2,31,6,0.4098360655737705,neutral
YYRFGHLL,19,12,4,2,31,6,0.4098360655737705,neutral
FVYLCSLY,20,11,1,5,31,6,0.4098360655737705,neutral
ICCFYLVL,19,12,1,5,31,6,0.4098360655737705,neutral
DFVYVFYG,16,15,2,4,31,6,0.4098360655737705,neutral
ILCCHIGF,44,26,13,16,70,29,0.41,neutral
LSGHCLYD,44,26,17,12,70,29,0.41,neutral
VFYGCDCV,44,26,15,14,70,29,0.41,neutral
CHNVNLHF,42,28,14,15,70,29,0.41,neutral
LNFGIVHR,62,47,23,29,109,52,0.41007194244604317,neutral
FHGFGCGR,53,56,26,26,109,52,0.41007194244604317,neutral
LSLVDFVR,51,36,23,16,87,39,0.41025641025641024,neutral
DNDRFLDY,26,22,5,11,48,16,0.41025641025641024,neutral
VRFCYSDF,29,19,6,10,48,16,0.41025641025641024,neutral
YFDCLFDV,53,34,20,19,87,39,0.41025641025641024,neutral
FFGSGVLG,49,38,18,21,87,39,0.41025641025641024,neutral
YCSSICIC,29,19,6,10,48,16,0.41025641025641024,neutral
FICNLRLI,28,20,6,10,48,16,0.41025641025641024,neutral
DCFNCSVF,51,36,22,17,87,39,0.41025641025641024,neutral
IRCVLGFL,33,15,8,8,48,16,0.41025641025641024,neutral
CVNYCFRN,51,36,17,22,87,39,0.41025641025641024,neutral
SFDFRCVC,23,25,6,10,48,16,0.41025641025641024,neutral
ICIIDLFR,28,20,10,6,48,16,0.41025641025641024,neutral
SCCLHVCR,28,20,7,9,48,16,0.41025641025641024,neutral
NYNIVYRL,29,19,9,7,48,16,0.41025641025641024,neutral
VIFGHYFV,24,24,8,8,48,16,0.41025641025641024,neutral
YSVSDCSF,26,22,7,9,48,16,0.41025641025641024,neutral
CIVRCDYY,30,18,7,9,48,16,0.41025641025641024,neutral
CLIGFRCC,28,20,9,7,48,16,0.41025641025641024,neutral
FVGSFRRY,28,20,6,10,48,16,0.41025641025641024,neutral
FVRSFSHH,81,62,37,35,143,72,0.41040462427745666,neutral
RGGNVGYI,60,44,26,23,104,49,0.41044776119402987,neutral
GHDYSFHV,60,44,18,31,104,49,0.41044776119402987,neutral
VCYGVGYI,61,43,23,26,104,49,0.41044776119402987,neutral
FVFNNCSV,40,25,12,14,65,26,0.4105263157894737,neutral
DHGFGHYS,35,30,12,14,65,26,0.4105263157894737,neutral
SHRCCHVF,39,26,15,11,65,26,0.4105263157894737,neutral
IFVGDCGF,41,24,14,12,65,26,0.4105263157894737,neutral
FCLGLDCV,39,26,10,16,65,26,0.4105263157894737,neutral
FVSGVHDF,39,26,12,14,65,26,0.4105263157894737,neutral
FYSFNCFC,70,51,27,32,121,59,0.4105960264900662,neutral
CSFVCFNL,70,51,27,32,121,59,0.4105960264900662,neutral
VICICIDY,16,10,1,2,26,3,0.4107142857142857,neutral
ILCYCFVC,13,13,3,0,26,3,0.4107142857142857,neutral
HCCYVIYS,15,11,1,2,26,3,0.4107142857142857,neutral
FISLYILG,16,10,3,0,26,3,0.4107142857142857,neutral
HYFCLFCF,13,13,1,2,26,3,0.4107142857142857,neutral
ICGFCLLL,20,6,3,0,26,3,0.4107142857142857,neutral
FCLFVFVR,19,7,2,1,26,3,0.4107142857142857,neutral
CFVFCCGF,22,4,0,3,26,3,0.4107142857142857,neutral
YGGNVYRY,16,10,3,0,26,3,0.4107142857142857,neutral
CFLCCFCN,16,10,1,2,26,3,0.4107142857142857,neutral
YSCRFLYF,16,10,2,1,26,3,0.4107142857142857,neutral
LFCFCCDI,21,5,1,2,26,3,0.4107142857142857,neutral
CLCYLSLF,11,15,1,2,26,3,0.4107142857142857,neutral
IFVICSLR,21,5,1,2,26,3,0.4107142857142857,neutral
FIIRLLDD,17,9,3,0,26,3,0.4107142857142857,neutral
CCYFLFLH,50,32,13,23,82,36,0.4107142857142857,neutral
FFNCFYCC,18,8,1,2,26,3,0.4107142857142857,neutral
FVLVCYLS,17,9,2,1,26,3,0.4107142857142857,neutral
RCFVHIGF,16,10,2,1,26,3,0.4107142857142857,neutral
VFHFCFCR,18,8,2,1,26,3,0.4107142857142857,neutral
GFCVCCYC,13,13,1,2,26,3,0.4107142857142857,neutral
CIFCYFDI,18,8,1,2,26,3,0.4107142857142857,neutral
CRLFYCIY,17,9,2,1,26,3,0.4107142857142857,neutral
FIFCCYVI,19,7,1,2,26,3,0.4107142857142857,neutral
VNCSFCIC,20,6,2,1,26,3,0.4107142857142857,neutral
CIYVFYDL,19,7,2,1,26,3,0.4107142857142857,neutral
VFLLVGFF,11,15,2,1,26,3,0.4107142857142857,neutral
FFVIVIFI,16,10,0,3,26,3,0.4107142857142857,neutral
VHIFIFRY,14,12,1,2,26,3,0.4107142857142857,neutral
YCNGSFCC,49,33,21,15,82,36,0.4107142857142857,neutral
ILNYVCCF,56,43,24,22,99,46,0.4108527131782946,neutral
DCFFNIYV,52,47,20,26,99,46,0.4108527131782946,neutral
RHHGGNYF,55,44,22,24,99,46,0.4108527131782946,neutral
HLVCGLRF,59,40,26,20,99,46,0.4108527131782946,neutral
FSHFGFSR,26,17,7,6,43,13,0.410958904109589,neutral
VCLFDDFY,24,19,9,4,43,13,0.410958904109589,neutral
CIVVGVIR,26,17,8,5,43,13,0.410958904109589,neutral
YHFSLCFI,24,19,4,9,43,13,0.410958904109589,neutral
HCGFFGYV,27,16,10,3,43,13,0.410958904109589,neutral
FDCFDVRC,24,19,6,7,43,13,0.410958904109589,neutral
VVFSFHHG,25,18,7,6,43,13,0.410958904109589,neutral
IYCYNGVN,30,13,5,8,43,13,0.410958904109589,neutral
CGRSFYGL,22,21,7,6,43,13,0.410958904109589,neutral
GCYCHYCF,25,18,5,8,43,13,0.410958904109589,neutral
NYFCNCFV,24,19,4,9,43,13,0.410958904109589,neutral
LRCVCGHH,29,14,8,5,43,13,0.410958904109589,neutral
VFVCICHS,29,14,5,8,43,13,0.410958904109589,neutral
DDICCFFC,67,49,23,33,116,56,0.410958904109589,neutral
CFCSYVRY,26,17,5,8,43,13,0.410958904109589,neutral
LNFRVLIG,30,13,6,7,43,13,0.410958904109589,neutral
CYCCGNFF,24,19,7,6,43,13,0.410958904109589,neutral
FGCYFGVC,29,14,10,3,43,13,0.410958904109589,neutral
LCSFHYCC,28,15,4,9,43,13,0.410958904109589,neutral
RIVFRVDL,28,15,5,8,43,13,0.410958904109589,neutral
FVYRVSLG,27,16,3,10,43,13,0.410958904109589,neutral
LYLDVHYN,73,60,33,33,133,66,0.4110429447852761,neutral
GFDCGFDG,38,22,10,13,60,23,0.4111111111111111,neutral
FCDIDFCS,36,24,14,9,60,23,0.4111111111111111,neutral
FVVFGLCH,38,22,14,9,60,23,0.4111111111111111,neutral
CFDRFHHH,35,25,13,10,60,23,0.4111111111111111,neutral
FCSDCFYD,32,28,10,13,60,23,0.4111111111111111,neutral
FFRYYSSG,39,21,11,12,60,23,0.4111111111111111,neutral
ISCGFIDY,39,21,13,10,60,23,0.4111111111111111,neutral
VGVCHCCV,32,28,6,17,60,23,0.4111111111111111,neutral
ICCCCDYD,37,23,10,13,60,23,0.4111111111111111,neutral
FDCGGYNS,36,41,15,18,77,33,0.411214953271028,neutral
CLVDVVCY,48,29,16,17,77,33,0.411214953271028,neutral
FGFFIGHL,45,32,16,17,77,33,0.411214953271028,neutral
GYGIDDCF,45,32,13,20,77,33,0.411214953271028,neutral
LYGYFICH,44,33,18,15,77,33,0.411214953271028,neutral
FNVRHYDI,47,30,16,17,77,33,0.411214953271028,neutral
FFRGSFSS,48,29,19,14,77,33,0.411214953271028,neutral
FFSVGFYG,56,38,18,25,94,43,0.4112903225806452,neutral
HYDLFCRV,62,49,30,23,111,53,0.41134751773049644,neutral
FYVIHGLC,72,56,33,30,128,63,0.41139240506329117,neutral
CSCGHLFV,72,56,30,33,128,63,0.41139240506329117,neutral
SFCICVYD,81,64,29,44,145,73,0.4114285714285714,neutral
FRLFFLRF,13,8,0,0,21,0,0.4117647058823529,neutral
CFYGGFIS,39,33,15,15,72,30,0.4117647058823529,neutral
FLYRLDIV,36,19,11,9,55,20,0.4117647058823529,neutral
CNSRFFDC,35,20,6,14,55,20,0.4117647058823529,neutral
NRGFFGSD,60,46,28,22,106,50,0.4117647058823529,neutral
FNDSCNIY,23,15,4,6,38,10,0.4117647058823529,neutral
FDSVRYFV,25,13,4,6,38,10,0.4117647058823529,neutral
RIYFVVVY,12,9,0,0,21,0,0.4117647058823529,neutral
CCFCDVRS,29,26,11,9,55,20,0.4117647058823529,neutral
GCRGYRVD,52,37,24,16,89,40,0.4117647058823529,neutral
NRHGYYCH,23,15,7,3,38,10,0.4117647058823529,neutral
CYSFDCRC,33,22,10,10,55,20,0.4117647058823529,neutral
CYCRYFCV,26,12,2,8,38,10,0.4117647058823529,neutral
CIVVVFFF,12,9,0,0,21,0,0.4117647058823529,neutral
VCFFGFFF,15,6,0,0,21,0,0.4117647058823529,neutral
HFVIYFVY,23,15,4,6,38,10,0.4117647058823529,neutral
CCYCIRLL,13,8,0,0,21,0,0.4117647058823529,neutral
CFYFIRYL,16,5,0,0,21,0,0.4117647058823529,neutral
FSFFIVYF,15,6,0,0,21,0,0.4117647058823529,neutral
ICICFHLC,15,6,0,0,21,0,0.4117647058823529,neutral
FVHFLCDY,43,29,12,18,72,30,0.4117647058823529,neutral
YYVVRCFF,13,8,0,0,21,0,0.4117647058823529,neutral
CYCYSGGY,24,14,4,6,38,10,0.4117647058823529,neutral
FCCYVNFF,15,6,0,0,21,0,0.4117647058823529,neutral
YHYCCFIG,13,8,0,0,21,0,0.4117647058823529,neutral
YYYFHRYS,45,27,17,13,72,30,0.4117647058823529,neutral
HGFRCYVF,26,29,7,13,55,20,0.4117647058823529,neutral
CFGFCYYS,35,20,10,10,55,20,0.4117647058823529,neutral
LCYFVLYV,15,6,0,0,21,0,0.4117647058823529,neutral
LFFVFIFC,14,7,0,0,21,0,0.4117647058823529,neutral
CCFRNNCF,20,18,4,6,38,10,0.4117647058823529,neutral
YCRVLVCS,24,14,8,2,38,10,0.4117647058823529,neutral
VCDDSCYY,14,7,0,0,21,0,0.4117647058823529,neutral
IFSVVHSF,40,32,19,11,72,30,0.4117647058823529,neutral
RFIYHFHL,32,23,3,17,55,20,0.4117647058823529,neutral
ICFFGLLC,6,15,0,0,21,0,0.4117647058823529,neutral
FYLNISCC,37,18,9,11,55,20,0.4117647058823529,neutral
FVFYFYRF,11,10,0,0,21,0,0.4117647058823529,neutral
LLNGHFSL,43,46,18,22,89,40,0.4117647058823529,neutral
CCGCVCHI,21,17,4,6,38,10,0.4117647058823529,neutral
GFYISLRF,15,6,0,0,21,0,0.4117647058823529,neutral
FCFFRLRI,15,6,0,0,21,0,0.4117647058823529,neutral
FFFNCYVY,12,9,0,0,21,0,0.4117647058823529,neutral
VIFCLVGV,13,8,0,0,21,0,0.4117647058823529,neutral
DFCVRGYR,21,17,4,6,38,10,0.4117647058823529,neutral
DYVYNVCC,23,15,7,3,38,10,0.4117647058823529,neutral
FFYFRYVV,14,7,0,0,21,0,0.4117647058823529,neutral
GINSCFHC,32,23,9,11,55,20,0.4117647058823529,neutral
FHFGNLCC,35,20,7,13,55,20,0.4117647058823529,neutral
FSFYYHNC,24,14,6,4,38,10,0.4117647058823529,neutral
LLFLCCGI,13,8,0,0,21,0,0.4117647058823529,neutral
RVGFCVCY,30,25,8,12,55,20,0.4117647058823529,neutral
CVYCYIVR,12,9,0,0,21,0,0.4117647058823529,neutral
RYHGSCFR,61,45,25,25,106,50,0.4117647058823529,neutral
CFVCCIFL,9,12,0,0,21,0,0.4117647058823529,neutral
FHIRIIVF,9,12,0,0,21,0,0.4117647058823529,neutral
FCINCCYI,12,9,0,0,21,0,0.4117647058823529,neutral
GDGVIFGF,30,25,10,10,55,20,0.4117647058823529,neutral
FHLFGFFF,15,6,0,0,21,0,0.4117647058823529,neutral
FDSCINRY,26,12,4,6,38,10,0.4117647058823529,neutral
ISDDYCGL,36,19,10,10,55,20,0.4117647058823529,neutral
FFICYICL,11,10,0,0,21,0,0.4117647058823529,neutral
YCNCICVL,23,15,6,4,38,10,0.4117647058823529,neutral
NYCGVLGF,54,47,26,21,101,47,0.4122137404580153,neutral
HVCLYVRS,60,41,15,32,101,47,0.4122137404580153,neutral
DDFFVIIS,49,35,18,19,84,37,0.41228070175438597,neutral
YCICDNCV,45,39,18,19,84,37,0.41228070175438597,neutral
CDCHGFIF,46,38,19,18,84,37,0.41228070175438597,neutral
RCLCSRVY,49,35,17,20,84,37,0.41228070175438597,neutral
VCCINCGV,41,43,14,23,84,37,0.41228070175438597,neutral
FDDVFGIS,51,33,11,26,84,37,0.41228070175438597,neutral
FCHFVYRH,47,37,20,17,84,37,0.41228070175438597,neutral
FCGNCYHY,50,34,18,19,84,37,0.41228070175438597,neutral
LVDCVCGF,42,42,17,20,84,37,0.41228070175438597,neutral
ILCYRLSC,50,34,18,19,84,37,0.41228070175438597,neutral
FLHCDCLF,47,37,12,25,84,37,0.41228070175438597,neutral
FCFCIDCN,51,33,13,24,84,37,0.41228070175438597,neutral
GFLVCFDR,40,27,13,14,67,27,0.41237113402061853,neutral
LCRNLSVF,42,25,13,14,67,27,0.41237113402061853,neutral
CYGGGCLC,40,27,16,11,67,27,0.41237113402061853,neutral
YRYRVYRL,42,25,13,14,67,27,0.41237113402061853,neutral
VYYYHGHL,36,31,10,17,67,27,0.41237113402061853,neutral
FFDFSYGF,41,26,13,14,67,27,0.41237113402061853,neutral
VLISVNSF,40,27,10,17,67,27,0.41237113402061853,neutral
RYFLIHGV,43,24,7,20,67,27,0.41237113402061853,neutral
YYFGLDHG,43,24,16,11,67,27,0.41237113402061853,neutral
YFYCYLGN,38,29,10,17,67,27,0.41237113402061853,neutral
ILFFGHLV,42,25,14,13,67,27,0.41237113402061853,neutral
YFYHRRYR,40,27,12,15,67,27,0.41237113402061853,neutral
CCVSYISF,83,64,36,38,147,74,0.4124293785310734,neutral
CFHVHCNY,29,21,9,8,50,17,0.4125,neutral
FDSVYLFV,27,23,7,10,50,17,0.4125,neutral
CDFGHYDI,34,16,8,9,50,17,0.4125,neutral
GLVDVCYV,30,20,7,10,50,17,0.4125,neutral
DRCLCFSC,73,57,31,33,130,64,0.4125,neutral
VCLGDYLD,26,24,6,11,50,17,0.4125,neutral
YGSFVCND,32,18,8,9,50,17,0.4125,neutral
HCYCRHGV,26,24,7,10,50,17,0.4125,neutral
CICFFGFR,33,17,14,3,50,17,0.4125,neutral
CIRCFGGS,29,21,6,11,50,17,0.4125,neutral
DCFCVFRC,29,21,7,10,50,17,0.4125,neutral
YYFYFRGN,32,18,9,8,50,17,0.4125,neutral
FDCVNFVR,30,20,5,12,50,17,0.4125,neutral
FFGFGVRF,31,19,7,10,50,17,0.4125,neutral
RFCCCCCN,21,12,4,3,33,7,0.4126984126984127,neutral
FCFFLFCD,22,11,3,4,33,7,0.4126984126984127,neutral
FCGCFYGF,21,12,3,4,33,7,0.4126984126984127,neutral
GGYVCHVF,21,12,3,4,33,7,0.4126984126984127,neutral
DCRCHLFY,88,71,34,47,159,81,0.4126984126984127,neutral
VFCRGCLH,22,11,2,5,33,7,0.4126984126984127,neutral
FNFVCIVL,23,10,3,4,33,7,0.4126984126984127,neutral
NHCCYRRF,24,9,5,2,33,7,0.4126984126984127,neutral
FYFIHYLG,21,12,2,5,33,7,0.4126984126984127,neutral
ILCCDCCH,24,9,5,2,33,7,0.4126984126984127,neutral
CVCCHFCD,21,12,2,5,33,7,0.4126984126984127,neutral
LCGFFYHC,16,17,4,3,33,7,0.4126984126984127,neutral
YCFCGCLV,22,11,6,1,33,7,0.4126984126984127,neutral
GLVLIFIV,20,13,3,4,33,7,0.4126984126984127,neutral
ILFCVYGY,18,15,4,3,33,7,0.4126984126984127,neutral
GIFCYFGL,18,15,2,5,33,7,0.4126984126984127,neutral
CCVIGVIY,20,13,2,5,33,7,0.4126984126984127,neutral
CFVGCFFL,24,9,2,5,33,7,0.4126984126984127,neutral
FFFRDYGV,22,11,3,4,33,7,0.4126984126984127,neutral
VFYHNFRD,23,10,3,4,33,7,0.4126984126984127,neutral
FLCYYRFC,20,13,6,1,33,7,0.4126984126984127,neutral
FNHRVYYC,22,11,4,3,33,7,0.4126984126984127,neutral
NFFYVCHF,19,14,3,4,33,7,0.4126984126984127,neutral
VCLIYLDL,25,8,3,4,33,7,0.4126984126984127,neutral
DYISCGHY,17,16,2,5,33,7,0.4126984126984127,neutral
FVDFSSVC,25,8,2,5,33,7,0.4126984126984127,neutral
CDICFCCR,22,11,4,3,33,7,0.4126984126984127,neutral
GNIVHVCF,48,31,17,17,79,34,0.41284403669724773,neutral
IVFFHSHL,48,31,16,18,79,34,0.41284403669724773,neutral
NCVCSCCG,49,30,12,22,79,34,0.41284403669724773,neutral
VYGYYGYF,49,30,16,18,79,34,0.41284403669724773,neutral
VFCFGYSG,48,31,20,14,79,34,0.41284403669724773,neutral
LLCFVDGF,62,63,28,33,125,61,0.4129032258064516,neutral
SLCHLDFH,38,24,10,14,62,24,0.41304347826086957,neutral
GYFHDSLR,38,24,10,14,62,24,0.41304347826086957,neutral
CDDLYGLR,61,47,23,28,108,51,0.41304347826086957,neutral
GYGLGFYF,35,27,9,15,62,24,0.41304347826086957,neutral
LLCHLGLF,35,27,8,16,62,24,0.41304347826086957,neutral
SYVDCRGY,38,24,13,11,62,24,0.41304347826086957,neutral
IYDGGIFH,34,28,7,17,62,24,0.41304347826086957,neutral
CCSFLICG,35,27,17,7,62,24,0.41304347826086957,neutral
VYGFNCVI,40,22,7,17,62,24,0.41304347826086957,neutral
CCVVSDGY,40,22,9,15,62,24,0.41304347826086957,neutral
LNHLFYNS,39,23,10,14,62,24,0.41304347826086957,neutral
YCFIDSCC,39,23,12,12,62,24,0.41304347826086957,neutral
SCDYFNCY,40,22,12,12,62,24,0.41304347826086957,neutral
HICSFCDL,33,29,9,15,62,24,0.41304347826086957,neutral
CCSDDINY,40,22,14,10,62,24,0.41304347826086957,neutral
LCNVILHL,40,22,12,12,62,24,0.41304347826086957,neutral
NGFGYVFC,77,60,35,33,137,68,0.41317365269461076,neutral
DYYCVDLC,48,43,19,22,91,41,0.4132231404958678,neutral
FIINLCCS,52,39,24,17,91,41,0.4132231404958678,neutral
FIFFHGCY,44,47,25,16,91,41,0.4132231404958678,neutral
FSSCSYSC,55,36,21,20,91,41,0.4132231404958678,neutral
LGYFVIDY,25,20,7,7,45,14,0.41333333333333333,neutral
IFDCDYRV,21,24,7,7,45,14,0.41333333333333333,neutral
SCSCNRFC,31,14,5,9,45,14,0.41333333333333333,neutral
CCIRFLHG,28,17,5,9,45,14,0.41333333333333333,neutral
HHCNCVYI,27,18,7,7,45,14,0.41333333333333333,neutral
FVHICSLL,26,19,6,8,45,14,0.41333333333333333,neutral
ILFVYSCG,29,16,5,9,45,14,0.41333333333333333,neutral
FYGCCCDC,24,21,5,9,45,14,0.41333333333333333,neutral
VYLNFGIL,22,23,8,6,45,14,0.41333333333333333,neutral
DLYLSVDL,31,14,7,7,45,14,0.41333333333333333,neutral
FDVYVDNI,27,18,8,6,45,14,0.41333333333333333,neutral
LCCVVSLG,23,22,3,11,45,14,0.41333333333333333,neutral
VFCCDFVI,30,15,7,7,45,14,0.41333333333333333,neutral
FNSSVCIY,24,21,6,8,45,14,0.41333333333333333,neutral
FYIFCRFD,26,19,8,6,45,14,0.41333333333333333,neutral
RDFNVGFF,25,20,5,9,45,14,0.41333333333333333,neutral
VCRCFVCC,29,16,3,11,45,14,0.41333333333333333,neutral
YSRICFRI,24,21,6,8,45,14,0.41333333333333333,neutral
CVCSLDCY,29,16,9,5,45,14,0.41333333333333333,neutral
YNRFGCHF,28,17,8,6,45,14,0.41333333333333333,neutral
LRHCCGFH,45,29,15,16,74,31,0.41346153846153844,neutral
FVFFDVFY,45,29,15,16,74,31,0.41346153846153844,neutral
HFCHDFFH,39,35,17,14,74,31,0.41346153846153844,neutral
LFSYHVCY,38,36,14,17,74,31,0.41346153846153844,neutral
FIGVCGVG,43,31,17,14,74,31,0.41346153846153844,neutral
CHCIDFRG,96,82,47,45,178,92,0.41346153846153844,neutral
FYGFGYNR,42,32,12,19,74,31,0.41346153846153844,neutral
CFCGINDC,43,31,12,19,74,31,0.41346153846153844,neutral
NFLCFSYF,44,30,16,15,74,31,0.41346153846153844,neutral
DVCLHLGF,40,34,14,17,74,31,0.41346153846153844,neutral
CSCNHGFG,41,33,13,18,74,31,0.41346153846153844,neutral
FFFVHVLH,15,13,3,1,28,4,0.41379310344827586,neutral
YIFHFFGH,19,9,1,3,28,4,0.41379310344827586,neutral
CSLLSYRY,18,10,3,1,28,4,0.41379310344827586,neutral
NYIHLGYF,32,25,15,6,57,21,0.41379310344827586,neutral
FRGLFYID,34,23,11,10,57,21,0.41379310344827586,neutral
VYVYCVHY,19,9,2,2,28,4,0.41379310344827586,neutral
GFFHCYGD,17,11,3,1,28,4,0.41379310344827586,neutral
CFCGCYCL,15,13,1,3,28,4,0.41379310344827586,neutral
RCFIVRVL,17,11,2,2,28,4,0.41379310344827586,neutral
LFGCDGCI,36,21,8,13,57,21,0.41379310344827586,neutral
YRHCSYGD,38,19,11,10,57,21,0.41379310344827586,neutral
DFGFNICN,30,27,7,14,57,21,0.41379310344827586,neutral
YYCVGYGH,46,40,14,24,86,38,0.41379310344827586,neutral
LCDYNSYI,49,37,16,22,86,38,0.41379310344827586,neutral
FFFNCCFI,14,14,0,4,28,4,0.41379310344827586,neutral
FCCYFFDR,38,19,12,9,57,21,0.41379310344827586,neutral
LCVFCLIS,21,7,3,1,28,4,0.41379310344827586,neutral
FYVFCVGV,20,8,1,3,28,4,0.41379310344827586,neutral
FFFFDYCN,35,22,8,13,57,21,0.41379310344827586,neutral
YFHNNCFV,17,11,1,3,28,4,0.41379310344827586,neutral
LFCRFSCC,15,13,3,1,28,4,0.41379310344827586,neutral
CLCLVLLH,17,11,1,3,28,4,0.41379310344827586,neutral
FVIFCCYV,22,6,1,3,28,4,0.41379310344827586,neutral
CSVVYRCY,20,8,2,2,28,4,0.41379310344827586,neutral
FCCGCCCG,14,14,1,3,28,4,0.41379310344827586,neutral
FVVCHVCG,47,39,21,17,86,38,0.41379310344827586,neutral
GYGCVNFL,19,9,2,2,28,4,0.41379310344827586,neutral
VFNFVGCC,32,25,10,11,57,21,0.41379310344827586,neutral
FYCCFHCV,21,7,3,1,28,4,0.41379310344827586,neutral
DYYICVFR,13,15,4,0,28,4,0.41379310344827586,neutral
YIFGCCLN,38,19,10,11,57,21,0.41379310344827586,neutral
YIYLVSCD,21,7,2,2,28,4,0.41379310344827586,neutral
CLYCFVVL,20,8,2,2,28,4,0.41379310344827586,neutral
FIIFLCRD,14,14,2,2,28,4,0.41379310344827586,neutral
VFCFFVCG,15,13,2,2,28,4,0.41379310344827586,neutral
CCVDRCYC,49,37,17,21,86,38,0.41379310344827586,neutral
NYGCDVVF,38,19,9,12,57,21,0.41379310344827586,neutral
LGIFVCVF,19,9,1,3,28,4,0.41379310344827586,neutral
GLFYRVCV,36,21,7,14,57,21,0.41379310344827586,neutral
VFFNCFGF,20,8,0,4,28,4,0.41379310344827586,neutral
CRSYICIF,18,10,2,2,28,4,0.41379310344827586,neutral
CCICVDIF,35,22,13,8,57,21,0.41379310344827586,neutral
FFCSYICY,15,13,1,3,28,4,0.41379310344827586,neutral
FCFCNSFI,37,20,11,10,57,21,0.41379310344827586,neutral
DCFSCGRF,59,56,30,25,115,55,0.41379310344827586,neutral
CYCYVFFY,18,10,2,2,28,4,0.41379310344827586,neutral
GIIFFIRV,18,10,3,1,28,4,0.41379310344827586,neutral
HHCCFFFF,15,13,1,3,28,4,0.41379310344827586,neutral
FVRFFSCL,16,12,0,4,28,4,0.41379310344827586,neutral
VYVIDCVR,70,57,34,28,127,62,0.4140127388535032,neutral
DSCGCCHG,70,57,30,32,127,62,0.4140127388535032,neutral
VCIFSSRF,56,42,19,26,98,45,0.4140625,neutral
DLCLCGCN,44,25,15,13,69,28,0.41414141414141414,neutral
ICCSGIDY,38,31,13,15,69,28,0.41414141414141414,neutral
FCVIDSSV,40,29,14,14,69,28,0.41414141414141414,neutral
VHCCFRSC,41,28,8,20,69,28,0.41414141414141414,neutral
LGSYYCNG,43,26,15,13,69,28,0.41414141414141414,neutral
YVRCYGSG,42,27,10,18,69,28,0.41414141414141414,neutral
SFCFGVID,42,27,13,15,69,28,0.41414141414141414,neutral
CCSSFCGR,78,61,36,33,139,69,0.41420118343195267,neutral
FYDFCCHY,23,17,3,8,40,11,0.4142857142857143,neutral
FFYGNDCD,28,12,6,5,40,11,0.4142857142857143,neutral
IIFSDSRF,26,14,3,8,40,11,0.4142857142857143,neutral
HYLGFCDI,24,16,3,8,40,11,0.4142857142857143,neutral
VLCSCGGN,28,12,8,3,40,11,0.4142857142857143,neutral
NCIHVCLG,26,14,5,6,40,11,0.4142857142857143,neutral
VSFSSVHF,23,17,6,5,40,11,0.4142857142857143,neutral
RIYHYVRF,28,12,4,7,40,11,0.4142857142857143,neutral
CVCCGRRC,24,16,7,4,40,11,0.4142857142857143,neutral
GGYFCDYD,26,14,6,5,40,11,0.4142857142857143,neutral
CYYFCNSN,23,17,4,7,40,11,0.4142857142857143,neutral
FYGIYNIG,27,13,8,3,40,11,0.4142857142857143,neutral
CCHFYHRV,24,16,6,5,40,11,0.4142857142857143,neutral
CFFCFFNG,28,12,4,7,40,11,0.4142857142857143,neutral
FIFVSCYN,28,12,7,4,40,11,0.4142857142857143,neutral
DFSYDGRL,25,15,6,5,40,11,0.4142857142857143,neutral
FRCCGFGN,24,16,7,4,40,11,0.4142857142857143,neutral
FFDICDDY,16,24,4,7,40,11,0.4142857142857143,neutral
FGYGYRDH,23,17,5,6,40,11,0.4142857142857143,neutral
YFSCSCCR,27,13,3,8,40,11,0.4142857142857143,neutral
YRRCCCCF,24,16,7,4,40,11,0.4142857142857143,neutral
CGCFSGII,27,13,3,8,40,11,0.4142857142857143,neutral
NGCLCIVI,29,11,8,3,40,11,0.4142857142857143,neutral
GLRFGSYC,28,12,7,4,40,11,0.4142857142857143,neutral
FNSCLGCL,21,19,6,5,40,11,0.4142857142857143,neutral
ICVGLFNY,62,48,21,31,110,52,0.4142857142857143,neutral
VYGVFGVL,24,16,6,5,40,11,0.4142857142857143,neutral
RSFYFFGG,21,19,5,6,40,11,0.4142857142857143,neutral
CFDYVIDF,23,17,7,4,40,11,0.4142857142857143,neutral
RFSYVLCV,26,14,5,6,40,11,0.4142857142857143,neutral
FHVCFFVS,26,14,6,5,40,11,0.4142857142857143,neutral
IFCCVSVL,50,31,16,19,81,35,0.4144144144144144,neutral
LCFCLGNG,43,38,15,20,81,35,0.4144144144144144,neutral
HGFYVRGF,49,32,12,23,81,35,0.4144144144144144,neutral
VHGLIRDF,44,37,16,19,81,35,0.4144144144144144,neutral
IFCDHRVV,88,75,34,49,163,83,0.41450777202072536,neutral
FIIDYVSV,33,19,10,8,52,18,0.4146341463414634,neutral
FFDYHCYG,35,17,9,9,52,18,0.4146341463414634,neutral
GFCLFFGV,32,20,4,14,52,18,0.4146341463414634,neutral
GHSCCFCG,35,17,8,10,52,18,0.4146341463414634,neutral
LFRIDCGY,34,18,6,12,52,18,0.4146341463414634,neutral
CIGFGSVC,31,21,9,9,52,18,0.4146341463414634,neutral
FYGHYFFG,54,39,16,26,93,42,0.4146341463414634,neutral
FFILFVFN,32,20,9,9,52,18,0.4146341463414634,neutral
GHDVGCCF,28,24,4,14,52,18,0.4146341463414634,neutral
CHHICVVG,53,40,25,17,93,42,0.4146341463414634,neutral
SIVCISYH,33,19,6,12,52,18,0.4146341463414634,neutral
YHYYVCSI,34,18,7,11,52,18,0.4146341463414634,neutral
DCLIFYHI,31,21,11,7,52,18,0.4146341463414634,neutral
CCLRRFRI,55,38,19,23,93,42,0.4146341463414634,neutral
YFIDVCLC,35,17,9,9,52,18,0.4146341463414634,neutral
LCHYYGRD,29,23,13,5,52,18,0.4146341463414634,neutral
FHCRLGFN,30,22,8,10,52,18,0.4146341463414634,neutral
DFFYFIGD,29,23,12,6,52,18,0.4146341463414634,neutral
YLFYLHLF,34,18,12,6,52,18,0.4146341463414634,neutral
SVFCVCGL,31,21,11,7,52,18,0.4146341463414634,neutral
YGVCSCYI,40,24,11,14,64,25,0.4148936170212766,neutral
YCYFCGGV,38,26,15,10,64,25,0.4148936170212766,neutral
IVVDFFRC,38,26,10,15,64,25,0.4148936170212766,neutral
CVCVVGCG,39,25,11,14,64,25,0.4148936170212766,neutral
IVCGVFCI,41,23,11,14,64,25,0.4148936170212766,neutral
YCFSIVDV,33,31,13,12,64,25,0.4148936170212766,neutral
VYCGCCVF,39,25,16,9,64,25,0.4148936170212766,neutral
NFDFCRFH,41,23,13,12,64,25,0.4148936170212766,neutral
VLGDYHVL,34,30,12,13,64,25,0.4148936170212766,neutral
NCCFYGCV,38,26,7,18,64,25,0.4148936170212766,neutral
GRLSYCCC,41,23,15,10,64,25,0.4148936170212766,neutral
FICGRRVY,38,26,12,13,64,25,0.4148936170212766,neutral
CVSCGIGY,37,27,10,15,64,25,0.4148936170212766,neutral
RLLHFYVR,40,24,4,21,64,25,0.4148936170212766,neutral
LCRHSYGF,41,23,16,9,64,25,0.4148936170212766,neutral
RYNDCVFH,63,54,28,28,117,56,0.41496598639455784,neutral
FFVRIVCF,13,10,0,1,23,1,0.41509433962264153,neutral
FCFFVVLR,11,12,1,0,23,1,0.41509433962264153,neutral
YYSFVFLF,13,10,1,0,23,1,0.41509433962264153,neutral
LCVFCFVY,14,9,1,0,23,1,0.41509433962264153,neutral
VFYFCCIG,20,3,0,1,23,1,0.41509433962264153,neutral
CICNHCVF,14,9,0,1,23,1,0.41509433962264153,neutral
DLHGFCLG,43,33,19,13,76,32,0.41509433962264153,neutral
DLFFVRFF,13,10,0,1,23,1,0.41509433962264153,neutral
VIIRVLFN,12,11,0,1,23,1,0.41509433962264153,neutral
FFGIDFCD,44,32,13,19,76,32,0.41509433962264153,neutral
FFFLFFIF,16,7,1,0,23,1,0.41509433962264153,neutral
VVFYFYVV,16,7,0,1,23,1,0.41509433962264153,neutral
VFLLLHCV,17,6,1,0,23,1,0.41509433962264153,neutral
FYFCLFFF,12,11,0,1,23,1,0.41509433962264153,neutral
FYVCLCFR,13,10,1,0,23,1,0.41509433962264153,neutral
IFVCVLYR,18,5,1,0,23,1,0.41509433962264153,neutral
VSVILIVR,17,6,1,0,23,1,0.41509433962264153,neutral
LCLFNFFI,16,7,1,0,23,1,0.41509433962264153,neutral
CYFYFIFV,15,8,0,1,23,1,0.41509433962264153,neutral
VIFYFIFF,18,5,0,1,23,1,0.41509433962264153,neutral
VVIVYYLY,13,10,1,0,23,1,0.41509433962264153,neutral
FCIFCFRL,15,8,0,1,23,1,0.41509433962264153,neutral
VYLVCVFR,17,6,1,0,23,1,0.41509433962264153,neutral
ICCFIISC,17,6,1,0,23,1,0.41509433962264153,neutral
FCNFCIFF,10,13,0,1,23,1,0.41509433962264153,neutral
YFVVRISF,12,11,0,1,23,1,0.41509433962264153,neutral
CIVVCCVV,14,9,0,1,23,1,0.41509433962264153,neutral
VFFCGVFV,16,7,0,1,23,1,0.41509433962264153,neutral
VFLFFFIR,13,10,0,1,23,1,0.41509433962264153,neutral
RICVFVCY,19,4,0,1,23,1,0.41509433962264153,neutral
LIFFFYVF,12,11,1,0,23,1,0.41509433962264153,neutral
VYNVDFGV,42,34,13,19,76,32,0.41509433962264153,neutral
IYLCVSCF,13,10,0,1,23,1,0.41509433962264153,neutral
RGLVLVVL,14,9,1,0,23,1,0.41509433962264153,neutral
ILFVRFFL,18,5,0,1,23,1,0.41509433962264153,neutral
VLFCCCFF,15,8,1,0,23,1,0.41509433962264153,neutral
FIFFFISY,15,8,0,1,23,1,0.41509433962264153,neutral
LFSIGFFL,14,9,0,1,23,1,0.41509433962264153,neutral
VSFVCFRL,17,6,1,0,23,1,0.41509433962264153,neutral
IFLFVFVY,15,8,1,0,23,1,0.41509433962264153,neutral
VFFIVFDF,17,6,0,1,23,1,0.41509433962264153,neutral
ISNCSCFF,51,37,21,18,88,39,0.4152542372881356,neutral
RYDSVVCC,47,41,19,20,88,39,0.4152542372881356,neutral
VFGYVRDY,48,40,18,21,88,39,0.4152542372881356,neutral
ICCDYFCR,47,41,17,22,88,39,0.4152542372881356,neutral
DFGCRVNY,49,39,12,27,88,39,0.4152542372881356,neutral
CSRVCYGY,53,35,22,17,88,39,0.4152542372881356,neutral
FGHCCGCV,51,37,13,26,88,39,0.4152542372881356,neutral
CGRFGVYG,49,39,16,23,88,39,0.4152542372881356,neutral
VYDFRSLD,27,8,5,3,35,8,0.4153846153846154,neutral
LFVYIVHF,19,16,3,5,35,8,0.4153846153846154,neutral
YSCLGFVY,18,17,7,1,35,8,0.4153846153846154,neutral
CRYFFCFD,21,14,2,6,35,8,0.4153846153846154,neutral
FRFYDSNY,21,14,4,4,35,8,0.4153846153846154,neutral
YIFLHSYF,19,16,5,3,35,8,0.4153846153846154,neutral
CFHFRGCV,26,9,4,4,35,8,0.4153846153846154,neutral
INDLFGVF,19,16,2,6,35,8,0.4153846153846154,neutral
GHLLGCGF,56,44,24,22,100,46,0.4153846153846154,neutral
FDHHFLYR,23,12,2,6,35,8,0.4153846153846154,neutral
FNCCIFFS,23,12,1,7,35,8,0.4153846153846154,neutral
YFLFVINH,23,12,3,5,35,8,0.4153846153846154,neutral
LLFVCFDL,25,10,4,4,35,8,0.4153846153846154,neutral
VLFCCYVV,27,8,6,2,35,8,0.4153846153846154,neutral
HVCIGFGF,22,13,3,5,35,8,0.4153846153846154,neutral
CFRCSHCF,24,11,4,4,35,8,0.4153846153846154,neutral
CCIVLCGC,22,13,2,6,35,8,0.4153846153846154,neutral
CFHFCVLN,19,16,3,5,35,8,0.4153846153846154,neutral
VCHVRIFR,27,8,6,2,35,8,0.4153846153846154,neutral
IFCGFVVL,23,12,4,4,35,8,0.4153846153846154,neutral
YYGCVCLF,26,9,4,4,35,8,0.4153846153846154,neutral
FYFVRGGV,23,12,5,3,35,8,0.4153846153846154,neutral
CCFSYHHI,56,44,21,25,100,46,0.4153846153846154,neutral
HCFVCCYF,24,11,4,4,35,8,0.4153846153846154,neutral
VCIVRHLR,25,10,4,4,35,8,0.4153846153846154,neutral
CFCCDVLG,23,12,2,6,35,8,0.4153846153846154,neutral
VCGSCCCV,25,10,6,2,35,8,0.4153846153846154,neutral
FFLHCDCL,24,11,4,4,35,8,0.4153846153846154,neutral
VHLRYSSG,62,50,25,28,112,53,0.4154929577464789,neutral
GFGGYSLI,23,24,8,7,47,15,0.4155844155844156,neutral
FLHHHFGH,32,15,11,4,47,15,0.4155844155844156,neutral
FFNVSCDC,26,21,6,9,47,15,0.4155844155844156,neutral
RFGYDDYF,25,22,7,8,47,15,0.4155844155844156,neutral
CFCFYHDF,28,19,5,10,47,15,0.4155844155844156,neutral
FFDGGYNL,31,16,7,8,47,15,0.4155844155844156,neutral
FCSLGYHV,29,18,10,5,47,15,0.4155844155844156,neutral
YIFNSIYH,28,19,9,6,47,15,0.4155844155844156,neutral
FFIFNCCV,26,21,5,10,47,15,0.4155844155844156,neutral
FCGYSVYH,28,19,8,7,47,15,0.4155844155844156,neutral
IFRHFVRC,31,16,7,8,47,15,0.4155844155844156,neutral
IDVFRRYR,33,14,5,10,47,15,0.4155844155844156,neutral
ISFYGGDL,30,17,12,3,47,15,0.4155844155844156,neutral
CFFYLYSC,28,19,10,5,47,15,0.4155844155844156,neutral
FIFCHLVG,30,17,5,10,47,15,0.4155844155844156,neutral
FYDCDCIG,31,16,8,7,47,15,0.4155844155844156,neutral
ICYFRHYR,29,18,7,8,47,15,0.4155844155844156,neutral
GFSCYLIY,32,15,6,9,47,15,0.4155844155844156,neutral
GCFFCFDY,31,16,7,8,47,15,0.4155844155844156,neutral
GVFGHSCC,32,15,12,3,47,15,0.4155844155844156,neutral
SCDCFCLR,27,20,7,8,47,15,0.4155844155844156,neutral
VDCFLHFR,32,15,8,7,47,15,0.4155844155844156,neutral
FCFCDYVF,30,17,7,8,47,15,0.4155844155844156,neutral
FCFGYFNV,106,107,57,55,213,112,0.4156378600823045,neutral
YCCIDVHH,76,60,32,35,136,67,0.41566265060240964,neutral
HFRCCHCG,38,21,12,10,59,22,0.4157303370786517,neutral
GLSFHHCC,30,29,13,9,59,22,0.4157303370786517,neutral
LINLSYFC,38,21,6,16,59,22,0.4157303370786517,neutral
FLNLCNCC,37,22,10,12,59,22,0.4157303370786517,neutral
IDFVYYSL,36,23,9,13,59,22,0.4157303370786517,neutral
FGSYNLHC,38,21,9,13,59,22,0.4157303370786517,neutral
NVIGYCYH,33,26,11,11,59,22,0.4157303370786517,neutral
DCFHNFHL,30,29,14,8,59,22,0.4157303370786517,neutral
YYFCDVLR,34,25,10,12,59,22,0.4157303370786517,neutral
DCGRCNYF,36,23,13,9,59,22,0.4157303370786517,neutral
GLGLFFDF,36,23,9,13,59,22,0.4157303370786517,neutral
FNIFCYCD,32,27,12,10,59,22,0.4157303370786517,neutral
GFVGRFRY,36,23,12,10,59,22,0.4157303370786517,neutral
CDFLVGRF,38,21,14,8,59,22,0.4157303370786517,neutral
YRFFHCGC,44,27,14,15,71,29,0.4158415841584158,neutral
VHIDCFYL,42,29,13,16,71,29,0.4158415841584158,neutral
SYNFGCYD,37,34,13,16,71,29,0.4158415841584158,neutral
GCSCRFFH,42,29,9,20,71,29,0.4158415841584158,neutral
FCISRYSC,43,28,13,16,71,29,0.4158415841584158,neutral
ICYGGYRC,39,32,14,15,71,29,0.4158415841584158,neutral
FVRCFDSS,41,30,17,12,71,29,0.4158415841584158,neutral
FYVHCINC,44,27,15,14,71,29,0.4158415841584158,neutral
HVFCCGGI,38,33,16,13,71,29,0.4158415841584158,neutral
CYFCCVDG,43,28,15,14,71,29,0.4158415841584158,neutral
CNGILSFL,38,33,15,14,71,29,0.4158415841584158,neutral
YGFIGGCD,51,32,17,19,83,36,0.415929203539823,neutral
ILYRHVCG,51,32,16,20,83,36,0.415929203539823,neutral
FFHCLSFR,51,32,19,17,83,36,0.415929203539823,neutral
LFRCFGLH,50,33,17,19,83,36,0.415929203539823,neutral
FHVFLDFG,51,32,13,23,83,36,0.415929203539823,neutral
CFRCRYDS,44,39,18,18,83,36,0.415929203539823,neutral
CCCHGDIG,51,32,22,14,83,36,0.415929203539823,neutral
VYHFCSCG,49,46,18,25,95,43,0.416,neutral
LCGCVICD,63,44,25,25,107,50,0.41605839416058393,neutral
IFFIINCH,25,17,5,7,42,12,0.4166666666666667,neutral
FYRCDVCY,47,31,13,20,78,33,0.4166666666666667,neutral
LCFSGVIY,34,20,13,6,54,19,0.4166666666666667,neutral
NFRCRCGL,22,20,5,7,42,12,0.4166666666666667,neutral
CIFIHRDI,40,26,8,18,66,26,0.4166666666666667,neutral
LFCGSFFN,53,37,19,21,90,40,0.4166666666666667,neutral
CCVLVCLC,22,8,4,1,30,5,0.4166666666666667,neutral
FRFGSGVV,28,14,5,7,42,12,0.4166666666666667,neutral
FYFGCLYL,14,16,2,3,30,5,0.4166666666666667,neutral
CLCCCCVV,36,18,10,9,54,19,0.4166666666666667,neutral
FCVVCFCI,20,10,3,2,30,5,0.4166666666666667,neutral
VCCNFCLG,18,24,3,9,42,12,0.4166666666666667,neutral
FSIHCGCF,48,30,14,19,78,33,0.4166666666666667,neutral
CNNCLVCF,17,13,3,2,30,5,0.4166666666666667,neutral
CYVCSFGY,32,22,10,9,54,19,0.4166666666666667,neutral
FVICGVVR,25,17,3,9,42,12,0.4166666666666667,neutral
CFDYYICL,41,25,12,14,66,26,0.4166666666666667,neutral
IGFGGCFC,36,30,14,12,66,26,0.4166666666666667,neutral
HFVCGFRH,25,17,5,7,42,12,0.4166666666666667,neutral
VVVRVFYS,20,10,2,3,30,5,0.4166666666666667,neutral
YCFFVFDC,40,26,10,16,66,26,0.4166666666666667,neutral
DFVCYYDL,24,18,7,5,42,12,0.4166666666666667,neutral
GCCFLHCH,42,24,12,14,66,26,0.4166666666666667,neutral
FNYCFLNL,49,41,13,27,90,40,0.4166666666666667,neutral
FYLCFYVH,19,11,3,2,30,5,0.4166666666666667,neutral
CYVCSFVG,22,8,2,3,30,5,0.4166666666666667,neutral
SVCLLVNI,22,20,3,9,42,12,0.4166666666666667,neutral
FYFSYCIN,36,30,11,15,66,26,0.4166666666666667,neutral
YIYFYVVN,18,12,2,3,30,5,0.4166666666666667,neutral
FFDCFCVF,19,11,3,2,30,5,0.4166666666666667,neutral
RIDCIHCC,38,40,16,17,78,33,0.4166666666666667,neutral
FCYSCYVN,34,20,7,12,54,19,0.4166666666666667,neutral
FCVVCYGC,21,21,6,6,42,12,0.4166666666666667,neutral
SCCCICCL,33,21,10,9,54,19,0.4166666666666667,neutral
CDFYYYRV,29,25,8,11,54,19,0.4166666666666667,neutral
YHGVGFDG,36,18,9,10,54,19,0.4166666666666667,neutral
FFGFYIGR,22,8,3,2,30,5,0.4166666666666667,neutral
CNVFHYDD,22,8,1,4,30,5,0.4166666666666667,neutral
CHIYGVGL,36,18,9,10,54,19,0.4166666666666667,neutral
FRYHDRGH,27,15,3,9,42,12,0.4166666666666667,neutral
YCLIRSCG,54,48,22,25,102,47,0.4166666666666667,neutral
FGLFGVDI,39,27,9,17,66,26,0.4166666666666667,neutral
LYCFDIHN,36,18,9,10,54,19,0.4166666666666667,neutral
FFFYIFYC,22,8,2,3,30,5,0.4166666666666667,neutral
FCGCCVVR,47,31,17,16,78,33,0.4166666666666667,neutral
HFCCYGDC,31,23,10,9,54,19,0.4166666666666667,neutral
LLLFLSFD,22,8,4,1,30,5,0.4166666666666667,neutral
GIFRCVCG,42,24,16,10,66,26,0.4166666666666667,neutral
VFCSCVFY,17,13,1,4,30,5,0.4166666666666667,neutral
FVCYVSFC,21,9,2,3,30,5,0.4166666666666667,neutral
FFDFGCRH,33,21,13,6,54,19,0.4166666666666667,neutral
SCFFDNDV,34,20,10,9,54,19,0.4166666666666667,neutral
NCSFFCFI,17,13,3,2,30,5,0.4166666666666667,neutral
IFVGFCYI,20,10,1,4,30,5,0.4166666666666667,neutral
YDFHGSIR,46,44,21,19,90,40,0.4166666666666667,neutral
LFDFCLCY,22,8,2,3,30,5,0.4166666666666667,neutral
YRGYCCCF,15,15,4,1,30,5,0.4166666666666667,neutral
VNNFHVGY,25,17,9,3,42,12,0.4166666666666667,neutral
FIFVVIHN,16,14,1,4,30,5,0.4166666666666667,neutral
FVCHFCDG,41,25,7,19,66,26,0.4166666666666667,neutral
DRFYCSHH,35,31,12,14,66,26,0.4166666666666667,neutral
FVFICCGL,23,7,2,3,30,5,0.4166666666666667,neutral
VFCCFCCC,21,9,3,2,30,5,0.4166666666666667,neutral
FCYFNSYF,48,42,21,19,90,40,0.4166666666666667,neutral
RYGIIFFI,21,9,3,2,30,5,0.4166666666666667,neutral
YYIFVFRV,19,11,2,3,30,5,0.4166666666666667,neutral
GLICCFVC,19,11,1,4,30,5,0.4166666666666667,neutral
FCHCLFFN,22,20,7,5,42,12,0.4166666666666667,neutral
FFVFICYV,23,7,1,4,30,5,0.4166666666666667,neutral
HGRGCSLF,34,20,10,9,54,19,0.4166666666666667,neutral
YICIFGCN,26,16,6,6,42,12,0.4166666666666667,neutral
YICCCFFR,17,13,4,1,30,5,0.4166666666666667,neutral
FYLVNVCL,21,9,1,4,30,5,0.4166666666666667,neutral
YNCCRLDC,41,25,14,12,66,26,0.4166666666666667,neutral
IRCVRCFV,28,14,5,7,42,12,0.4166666666666667,neutral
RCFFCVIH,27,15,10,2,42,12,0.4166666666666667,neutral
FHYICLVI,16,14,4,1,30,5,0.4166666666666667,neutral
FYSCCSCY,27,15,7,5,42,12,0.4166666666666667,neutral
YCIGCISC,28,14,4,8,42,12,0.4166666666666667,neutral
CCHFHSFR,22,20,8,4,42,12,0.4166666666666667,neutral
CLLHFNCL,121,108,61,60,229,121,0.416988416988417,neutral
FISCYDVD,57,40,20,24,97,44,0.41732283464566927,neutral
RGDNFFYF,54,43,18,26,97,44,0.41732283464566927,neutral
FNRGFYFC,51,34,17,20,85,37,0.41739130434782606,neutral
IYGGGYFS,49,36,14,23,85,37,0.41739130434782606,neutral
FCYRHGRF,51,34,20,17,85,37,0.41739130434782606,neutral
YVFRSHVG,51,34,17,20,85,37,0.41739130434782606,neutral
DCLVDCIG,102,86,41,56,188,97,0.41743119266055045,neutral
HCFRCRVR,43,30,12,18,73,30,0.4174757281553398,neutral
VHYILFSG,46,27,16,14,73,30,0.4174757281553398,neutral
CLRYRGFF,35,26,11,12,61,23,0.4175824175824176,neutral
FRYGSRHG,28,33,10,13,61,23,0.4175824175824176,neutral
NYYYFVYY,39,22,8,15,61,23,0.4175824175824176,neutral
ICYSCSFR,37,24,9,14,61,23,0.4175824175824176,neutral
CYYCIGFN,40,21,12,11,61,23,0.4175824175824176,neutral
GSCFLGDC,40,21,11,12,61,23,0.4175824175824176,neutral
FFCYFFDR,32,17,6,10,49,16,0.4177215189873418,neutral
CFFCCVDG,31,18,6,10,49,16,0.4177215189873418,neutral
YCGYSCFF,33,16,7,9,49,16,0.4177215189873418,neutral
CYYRCICH,34,15,11,5,49,16,0.4177215189873418,neutral
CFFIDYFR,29,20,8,8,49,16,0.4177215189873418,neutral
CYYVFLDR,27,22,8,8,49,16,0.4177215189873418,neutral
IGLVVYSV,33,16,6,10,49,16,0.4177215189873418,neutral
FFVSYIDI,27,22,4,12,49,16,0.4177215189873418,neutral
LFDCGNDD,33,16,6,10,49,16,0.4177215189873418,neutral
LCSSVFFL,29,20,5,11,49,16,0.4177215189873418,neutral
VFHFCSFI,32,17,10,6,49,16,0.4177215189873418,neutral
VVVGRGFY,29,20,7,9,49,16,0.4177215189873418,neutral
YGFICFYN,27,22,5,11,49,16,0.4177215189873418,neutral
FCCLCHND,30,19,5,11,49,16,0.4177215189873418,neutral
LLHCRDDI,27,22,11,5,49,16,0.4177215189873418,neutral
CGVCYYGL,34,15,9,7,49,16,0.4177215189873418,neutral
DYVNFYHG,28,21,6,10,49,16,0.4177215189873418,neutral
FYVYYYGD,31,18,8,8,49,16,0.4177215189873418,neutral
FCDDLCNG,32,17,9,7,49,16,0.4177215189873418,neutral
CYCFGSHC,28,21,6,10,49,16,0.4177215189873418,neutral
IFYFYSGS,31,18,7,9,49,16,0.4177215189873418,neutral
FICVNIYH,28,21,7,9,49,16,0.4177215189873418,neutral
LSVCCYSI,20,17,3,6,37,9,0.417910447761194,neutral
FCHFYCIH,23,14,4,5,37,9,0.417910447761194,neutral
SGCCCFSH,26,11,2,7,37,9,0.417910447761194,neutral
CCFFFFHY,25,12,2,7,37,9,0.417910447761194,neutral
GVHCYLCF,25,12,5,4,37,9,0.417910447761194,neutral
LFSFCGFG,26,11,7,2,37,9,0.417910447761194,neutral
FVIFYGLC,23,14,5,4,37,9,0.417910447761194,neutral
LFCGIGSF,23,14,3,6,37,9,0.417910447761194,neutral
RSCFVFVC,24,13,6,3,37,9,0.417910447761194,neutral
LFYVNICV,20,17,3,6,37,9,0.417910447761194,neutral
ISFRHYCC,23,14,2,7,37,9,0.417910447761194,neutral
LCLCCDCY,27,10,1,8,37,9,0.417910447761194,neutral
LFYNCDNR,20,17,3,6,37,9,0.417910447761194,neutral
CNCSDDVF,58,46,22,26,104,48,0.417910447761194,neutral
VGCCFVFV,24,13,8,1,37,9,0.417910447761194,neutral
FCYNGFDG,27,10,5,4,37,9,0.417910447761194,neutral
DDYSYNHV,28,9,6,3,37,9,0.417910447761194,neutral
CFCVIGLD,61,43,15,33,104,48,0.417910447761194,neutral
FHFFRLCC,25,12,6,3,37,9,0.417910447761194,neutral
YFCSCIDR,24,13,5,4,37,9,0.417910447761194,neutral
VCCICLLY,24,13,5,4,37,9,0.417910447761194,neutral
YCFYVGVC,22,15,3,6,37,9,0.417910447761194,neutral
YHIVIFVF,28,9,4,5,37,9,0.417910447761194,neutral
FCDYFYFG,22,15,5,4,37,9,0.417910447761194,neutral
YFVCDFCC,26,11,7,2,37,9,0.417910447761194,neutral
CCFVINFR,20,17,4,5,37,9,0.417910447761194,neutral
YFCFGLFN,22,15,2,7,37,9,0.417910447761194,neutral
VYCDRFVD,22,15,2,7,37,9,0.417910447761194,neutral
CVHYCDYC,55,37,26,15,92,41,0.4180327868852459,neutral
RICILIVI,16,9,1,1,25,2,0.41818181818181815,neutral
ICGCVVVI,47,33,21,13,80,34,0.41818181818181815,neutral
FFFCCNHF,12,13,0,2,25,2,0.41818181818181815,neutral
FCCVICVY,18,7,1,1,25,2,0.41818181818181815,neutral
FFFVSCCC,15,10,0,2,25,2,0.41818181818181815,neutral
FCSYVFCF,19,6,0,2,25,2,0.41818181818181815,neutral
YFLYDIFF,19,6,2,0,25,2,0.41818181818181815,neutral
FFLVVCRC,19,6,1,1,25,2,0.41818181818181815,neutral
FYLLCVYH,19,6,1,1,25,2,0.41818181818181815,neutral
FLVFYFYS,17,8,1,1,25,2,0.41818181818181815,neutral
FNVFFCFF,16,9,1,1,25,2,0.41818181818181815,neutral
LGVINFFG,46,34,12,22,80,34,0.41818181818181815,neutral
LYIVFGRF,18,7,1,1,25,2,0.41818181818181815,neutral
FYVVICFF,15,10,1,1,25,2,0.41818181818181815,neutral
FFFFGCRV,16,9,1,1,25,2,0.41818181818181815,neutral
FCGFFDYD,18,7,1,1,25,2,0.41818181818181815,neutral
FIDVFLCL,18,7,0,2,25,2,0.41818181818181815,neutral
FICGFFLV,16,9,1,1,25,2,0.41818181818181815,neutral
FRIFFVCC,13,12,0,2,25,2,0.41818181818181815,neutral
IFYIVFGL,16,9,1,1,25,2,0.41818181818181815,neutral
FCFCLFFG,17,8,1,1,25,2,0.41818181818181815,neutral
FVCVFVCY,17,8,2,0,25,2,0.41818181818181815,neutral
ICFYYFCF,16,9,1,1,25,2,0.41818181818181815,neutral
IYFCVVYY,15,10,1,1,25,2,0.41818181818181815,neutral
HYSYDVNI,16,9,0,2,25,2,0.41818181818181815,neutral
CICCFDFI,18,7,0,2,25,2,0.41818181818181815,neutral
FCCNYCCF,13,12,0,2,25,2,0.41818181818181815,neutral
FFCIVCVF,19,6,2,0,25,2,0.41818181818181815,neutral
LYFSIFVG,16,9,0,2,25,2,0.41818181818181815,neutral
FVFCVHFS,16,9,1,1,25,2,0.41818181818181815,neutral
HLLYVFDC,69,54,27,32,123,59,0.41830065359477125,neutral
FIRYISGC,41,27,19,8,68,27,0.41836734693877553,neutral
VCVHFRCG,43,25,12,15,68,27,0.41836734693877553,neutral
DNCHYVGL,39,29,12,15,68,27,0.41836734693877553,neutral
YLHDLIFC,41,27,14,13,68,27,0.41836734693877553,neutral
VYGVICCH,42,26,11,16,68,27,0.41836734693877553,neutral
HCSFVYHI,40,28,14,13,68,27,0.41836734693877553,neutral
VGCVFDGF,40,28,10,17,68,27,0.41836734693877553,neutral
GGYIYDSI,40,28,13,14,68,27,0.41836734693877553,neutral
FCCILSGC,37,31,12,15,68,27,0.41836734693877553,neutral
CCNCNVCG,42,26,7,20,68,27,0.41836734693877553,neutral
CNLDLFCD,43,25,10,17,68,27,0.41836734693877553,neutral
YCCGDLCR,41,27,13,14,68,27,0.41836734693877553,neutral
LFCIFNCG,43,25,14,13,68,27,0.41836734693877553,neutral
YYGVLCYN,63,48,31,21,111,52,0.41843971631205673,neutral
DLSNLNYL,34,22,8,12,56,20,0.4186046511627907,neutral
CYCDCVCC,31,25,11,9,56,20,0.4186046511627907,neutral
ICFSCGCV,30,26,7,13,56,20,0.4186046511627907,neutral
VCCNFICN,36,20,8,12,56,20,0.4186046511627907,neutral
SCFIGCDL,73,69,32,38,142,70,0.4186046511627907,neutral
CYYLGSVG,30,26,13,7,56,20,0.4186046511627907,neutral
VNFCFRCI,36,20,8,12,56,20,0.4186046511627907,neutral
LHCCDYHR,36,20,4,16,56,20,0.4186046511627907,neutral
CFGFCCFD,33,23,11,9,56,20,0.4186046511627907,neutral
GIIIHNVY,31,25,9,11,56,20,0.4186046511627907,neutral
CYICGFSG,29,27,7,13,56,20,0.4186046511627907,neutral
LFRNYFCC,49,50,23,22,99,45,0.4186046511627907,neutral
FLDSDSIV,34,22,13,7,56,20,0.4186046511627907,neutral
GICCCVIS,31,25,12,8,56,20,0.4186046511627907,neutral
NFCHYVFY,33,23,11,9,56,20,0.4186046511627907,neutral
DIYFVGLC,54,45,26,19,99,45,0.4186046511627907,neutral
IGDFDYSH,33,23,12,8,56,20,0.4186046511627907,neutral
CCGRCGYF,31,25,6,14,56,20,0.4186046511627907,neutral
CLFVYNLL,33,23,9,11,56,20,0.4186046511627907,neutral
GCIFVNGY,72,58,36,27,130,63,0.41875,neutral
YFFNRSCL,53,34,18,20,87,38,0.4188034188034188,neutral
IFRVYGVV,53,34,19,19,87,38,0.4188034188034188,neutral
FCFHRVGH,51,36,20,18,87,38,0.4188034188034188,neutral
DCVDVHGF,26,18,6,7,44,13,0.4189189189189189,neutral
CFRFCCCG,25,19,5,8,44,13,0.4189189189189189,neutral
HGCVYCYF,25,19,7,6,44,13,0.4189189189189189,neutral
YCSFDFRI,26,18,6,7,44,13,0.4189189189189189,neutral
CFCNYRIC,25,19,6,7,44,13,0.4189189189189189,neutral
IGCFFVIG,26,18,7,6,44,13,0.4189189189189189,neutral
FFVCGGIF,31,13,8,5,44,13,0.4189189189189189,neutral
FCHNGNFV,31,13,4,9,44,13,0.4189189189189189,neutral
VDYFFRVY,29,15,11,2,44,13,0.4189189189189189,neutral
CSLCYFDL,23,21,6,7,44,13,0.4189189189189189,neutral
CLGCFGHF,30,14,9,4,44,13,0.4189189189189189,neutral
YYFHLGIF,24,20,5,8,44,13,0.4189189189189189,neutral
VFDCYYVF,27,17,5,8,44,13,0.4189189189189189,neutral
YNCLCCCF,22,22,2,11,44,13,0.4189189189189189,neutral
YDVGVGDC,29,15,6,7,44,13,0.4189189189189189,neutral
FCVGGYCD,26,18,8,5,44,13,0.4189189189189189,neutral
ICCYFYGV,30,14,6,7,44,13,0.4189189189189189,neutral
IFYFYNYG,31,13,3,10,44,13,0.4189189189189189,neutral
FRVCYFFH,30,14,7,6,44,13,0.4189189189189189,neutral
YYFFYGFH,82,67,30,44,149,74,0.41899441340782123,neutral
CCFCGCVC,46,29,16,15,75,31,0.41904761904761906,neutral
YCYSVVFN,43,32,12,19,75,31,0.41904761904761906,neutral
FCVFIFDS,36,39,20,11,75,31,0.41904761904761906,neutral
FVSCCYYH,41,34,12,19,75,31,0.41904761904761906,neutral
CLICDILH,37,38,14,17,75,31,0.41904761904761906,neutral
VGLGHLCC,36,39,17,14,75,31,0.41904761904761906,neutral
FYYVSDRC,43,32,14,17,75,31,0.41904761904761906,neutral
GYNIRRCY,44,31,15,16,75,31,0.41904761904761906,neutral
IFRFDCCY,42,33,15,16,75,31,0.41904761904761906,neutral
CCGYGVSV,46,29,12,19,75,31,0.41904761904761906,neutral
IYVRYRGC,44,31,13,18,75,31,0.41904761904761906,neutral
HFILDRFH,43,32,11,20,75,31,0.41904761904761906,neutral
CCRFRCSV,44,31,11,20,75,31,0.41904761904761906,neutral
FFYLDFGG,62,44,29,20,106,49,0.41911764705882354,neutral
DFLSLVYY,59,47,21,28,106,49,0.41911764705882354,neutral
FIFCGGGS,55,51,20,29,106,49,0.41911764705882354,neutral
CYSFCCVF,21,11,2,4,32,6,0.41935483870967744,neutral
ICFCIIIL,21,11,3,3,32,6,0.41935483870967744,neutral
VFFSIFNY,20,12,3,3,32,6,0.41935483870967744,neutral
DLRCVLYF,40,23,7,17,63,24,0.41935483870967744,neutral
VFSCCICH,40,23,12,12,63,24,0.41935483870967744,neutral
FLSIFGCR,24,8,3,3,32,6,0.41935483870967744,neutral
CCLGFLCV,19,13,3,3,32,6,0.41935483870967744,neutral
FLFCGRFR,34,29,14,10,63,24,0.41935483870967744,neutral
RYSCYFRY,17,15,3,3,32,6,0.41935483870967744,neutral
VLLCIVLC,20,12,2,4,32,6,0.41935483870967744,neutral
CFVVVCIY,19,13,0,6,32,6,0.41935483870967744,neutral
GCFFYRVY,24,8,4,2,32,6,0.41935483870967744,neutral
YFCFDFDF,54,40,19,23,94,42,0.41935483870967744,neutral
IVFIYYHH,18,14,5,1,32,6,0.41935483870967744,neutral
YCLVFGDL,39,24,9,15,63,24,0.41935483870967744,neutral
YIVCYSCC,25,7,5,1,32,6,0.41935483870967744,neutral
CRFRVFYL,23,9,3,3,32,6,0.41935483870967744,neutral
GFIFFCLR,18,14,3,3,32,6,0.41935483870967744,neutral
RCVCYCFI,19,13,3,3,32,6,0.41935483870967744,neutral
CFNCVGVR,41,22,9,15,63,24,0.41935483870967744,neutral
FCCIYYCG,37,26,14,10,63,24,0.41935483870967744,neutral
FCNSVYSV,19,13,2,4,32,6,0.41935483870967744,neutral
GRRIIIFI,14,18,3,3,32,6,0.41935483870967744,neutral
CCFYYYFH,19,13,4,2,32,6,0.41935483870967744,neutral
NGFFCDRL,38,25,7,17,63,24,0.41935483870967744,neutral
CCNCLDCI,13,19,4,2,32,6,0.41935483870967744,neutral
YFSNIVYY,39,24,15,9,63,24,0.41935483870967744,neutral
RCFICYHY,19,13,1,5,32,6,0.41935483870967744,neutral
RGLSHFRY,53,41,18,24,94,42,0.41935483870967744,neutral
FFIFYGDL,22,10,5,1,32,6,0.41935483870967744,neutral
LFNCYSFS,38,25,9,15,63,24,0.41935483870967744,neutral
YYFFILIG,23,9,4,2,32,6,0.41935483870967744,neutral
DYRCDGCF,33,30,14,10,63,24,0.41935483870967744,neutral
FVCCRYVL,19,13,2,4,32,6,0.41935483870967744,neutral
VYGYCGFN,41,22,6,18,63,24,0.41935483870967744,neutral
FCGVVDVY,54,40,26,16,94,42,0.41935483870967744,neutral
CIFCHCNR,20,12,1,5,32,6,0.41935483870967744,neutral
CLDVRYCF,33,30,9,15,63,24,0.41935483870967744,neutral
RLLFCVCC,23,9,3,3,32,6,0.41935483870967744,neutral
YNRCYYVY,40,23,14,10,63,24,0.41935483870967744,neutral
LVLRGFDS,24,8,2,4,32,6,0.41935483870967744,neutral
VFLRYSYC,17,15,2,4,32,6,0.41935483870967744,neutral
FFCSLYFH,22,10,4,2,32,6,0.41935483870967744,neutral
FVNGCSGY,21,11,5,1,32,6,0.41935483870967744,neutral
ISILIICN,20,12,3,3,32,6,0.41935483870967744,neutral
FFSCCFGL,21,11,6,0,32,6,0.41935483870967744,neutral
GNYISFCC,38,25,11,13,63,24,0.41935483870967744,neutral
CGRCRFVG,47,35,11,24,82,35,0.41964285714285715,neutral
CYGHIGFL,48,34,15,20,82,35,0.41964285714285715,neutral
SHYDCYRV,41,41,21,14,82,35,0.41964285714285715,neutral
HVFDCVCC,50,32,15,20,82,35,0.41964285714285715,neutral
YSVFCCDH,49,33,14,21,82,35,0.41964285714285715,neutral
VFYYCHSY,27,24,6,11,51,17,0.41975308641975306,neutral
FFCISVGG,32,19,10,7,51,17,0.41975308641975306,neutral
CRILCCRV,32,19,3,14,51,17,0.41975308641975306,neutral
FCCCHCVC,33,18,11,6,51,17,0.41975308641975306,neutral
FFVCLGYG,23,28,8,9,51,17,0.41975308641975306,neutral
YYLCHFVH,33,18,13,4,51,17,0.41975308641975306,neutral
FFSVCHSI,30,21,12,5,51,17,0.41975308641975306,neutral
VFCVCDFL,25,26,10,7,51,17,0.41975308641975306,neutral
NLVDYDLC,35,16,9,8,51,17,0.41975308641975306,neutral
FYVGHSIR,35,16,10,7,51,17,0.41975308641975306,neutral
CLLCLGFS,25,26,7,10,51,17,0.41975308641975306,neutral
NCYYFCLG,32,19,4,13,51,17,0.41975308641975306,neutral
FYYHVYLC,73,59,31,33,132,64,0.41975308641975306,neutral
CFSYDGCY,27,24,9,8,51,17,0.41975308641975306,neutral
YCCSGIVI,34,17,6,11,51,17,0.41975308641975306,neutral
FNDFYVRV,28,23,10,7,51,17,0.41975308641975306,neutral
VFGLGFVY,30,21,9,8,51,17,0.41975308641975306,neutral
CCICGGNF,28,23,8,9,51,17,0.41975308641975306,neutral
FYFVCDGF,32,19,8,9,51,17,0.41975308641975306,neutral
FHCFRYIV,35,16,6,11,51,17,0.41975308641975306,neutral
FYCFCDLL,27,24,7,10,51,17,0.41975308641975306,neutral
DVVGCYGL,34,17,10,7,51,17,0.41975308641975306,neutral
HFCNCICF,31,20,6,11,51,17,0.41975308641975306,neutral
YLFVDVHV,27,24,7,10,51,17,0.41975308641975306,neutral
LDIFGHIR,60,41,21,25,101,46,0.4198473282442748,neutral
FCHLDYYV,59,42,22,24,101,46,0.4198473282442748,neutral
CSGRFCHC,58,43,22,24,101,46,0.4198473282442748,neutral
YFVGGVCG,60,41,19,27,101,46,0.4198473282442748,neutral
VGIGVYYL,60,41,26,20,101,46,0.4198473282442748,neutral
FCHCGHVC,40,30,12,16,70,28,0.42,neutral
IRRIYRLC,68,52,26,31,120,57,0.42,neutral
YLCFVSDF,42,28,12,16,70,28,0.42,neutral
HNNYDHRY,44,26,12,16,70,28,0.42,neutral
CYGRYVVN,43,27,15,13,70,28,0.42,neutral
VFYIDRFH,68,52,25,32,120,57,0.42,neutral
FFCVNLCC,42,28,13,15,70,28,0.42,neutral
SFCVGLID,65,55,30,27,120,57,0.42,neutral
VCHFGYGF,78,61,34,34,139,68,0.42011834319526625,neutral
GYGCCDFH,54,35,22,17,89,39,0.42016806722689076,neutral
IIDCRYNV,87,71,39,40,158,79,0.42021276595744683,neutral
IYCGCCSV,27,12,8,2,39,10,0.42028985507246375,neutral
YHCCGRGC,25,14,6,4,39,10,0.42028985507246375,neutral
FFFYDIVF,28,11,5,5,39,10,0.42028985507246375,neutral
FYNYGNCV,24,15,6,4,39,10,0.42028985507246375,neutral
FYFCHLCG,29,10,4,6,39,10,0.42028985507246375,neutral
CYVCLHCH,23,16,4,6,39,10,0.42028985507246375,neutral
SGYRCFFV,29,10,2,8,39,10,0.42028985507246375,neutral
CYFLGRCG,29,10,6,4,39,10,0.42028985507246375,neutral
YCVGFFVC,22,17,5,5,39,10,0.42028985507246375,neutral
FRSFHHFV,20,19,6,4,39,10,0.42028985507246375,neutral
RCSFCCVD,57,51,21,29,108,50,0.42028985507246375,neutral
FVVCVRCD,22,17,3,7,39,10,0.42028985507246375,neutral
CHFRFFIG,27,12,4,6,39,10,0.42028985507246375,neutral
CVRGIFCC,29,10,4,6,39,10,0.42028985507246375,neutral
VYCRCNSC,27,12,5,5,39,10,0.42028985507246375,neutral
FNFSGLRF,26,13,6,4,39,10,0.42028985507246375,neutral
SYVCRCYD,23,16,4,6,39,10,0.42028985507246375,neutral
FNGLRLCF,73,54,36,25,127,61,0.42038216560509556,neutral
GLYGIFGG,38,20,8,13,58,21,0.42045454545454547,neutral
FGCVGLHC,36,22,12,9,58,21,0.42045454545454547,neutral
VGFYYCFR,38,20,15,6,58,21,0.42045454545454547,neutral
CDYFVYVR,33,25,12,9,58,21,0.42045454545454547,neutral
SFIGRHCG,37,21,13,8,58,21,0.42045454545454547,neutral
CYGCICSG,35,23,9,12,58,21,0.42045454545454547,neutral
LLCCYRCH,33,25,14,7,58,21,0.42045454545454547,neutral
VCCSCDLG,34,24,10,11,58,21,0.42045454545454547,neutral
CNLSDCYC,36,22,6,15,58,21,0.42045454545454547,neutral
ICDRDFHV,29,29,10,11,58,21,0.42045454545454547,neutral
FCGHFYRC,36,22,12,9,58,21,0.42045454545454547,neutral
IYCRLIVS,34,24,9,12,58,21,0.42045454545454547,neutral
RGILFIHR,45,32,17,15,77,32,0.4205607476635514,neutral
FFRYHCVF,44,33,12,20,77,32,0.4205607476635514,neutral
CHCGYHRN,41,36,13,19,77,32,0.4205607476635514,neutral
ICYGLSFN,45,32,12,20,77,32,0.4205607476635514,neutral
VCCCGYCD,40,37,18,14,77,32,0.4205607476635514,neutral
DHYCYCIV,47,30,21,11,77,32,0.4205607476635514,neutral
FYSRYCLV,48,29,17,15,77,32,0.4205607476635514,neutral
LCCDYDRC,45,32,16,16,77,32,0.4205607476635514,neutral
YINDCVFF,41,36,15,17,77,32,0.4205607476635514,neutral
YCCLGYRD,41,36,22,10,77,32,0.4205607476635514,neutral
LCCYDLFC,42,35,17,15,77,32,0.4205607476635514,neutral
GYCFLGYH,104,99,44,61,203,105,0.4206008583690987,neutral
FYSVILSG,56,40,25,18,96,43,0.42063492063492064,neutral
LHVCFLGD,55,41,20,23,96,43,0.42063492063492064,neutral
ICGGSCHC,84,69,39,37,153,76,0.4207650273224044,neutral
FFHFFNYC,19,8,1,2,27,3,0.42105263157894735,neutral
FYLIIGYF,12,15,2,1,27,3,0.42105263157894735,neutral
FCGLGFSN,63,59,32,26,122,58,0.42105263157894735,neutral
GFSLSYHY,32,14,6,8,46,14,0.42105263157894735,neutral
LYSYVRFC,40,25,10,15,65,25,0.42105263157894735,neutral
CNLYCNRF,32,14,5,9,46,14,0.42105263157894735,neutral
VFLVVDVR,29,17,8,6,46,14,0.42105263157894735,neutral
GIVLCIFH,16,11,3,0,27,3,0.42105263157894735,neutral
FCFCSVGG,30,16,5,9,46,14,0.42105263157894735,neutral
DLYRYNYN,17,10,2,1,27,3,0.42105263157894735,neutral
LCCVIVVV,22,5,1,2,27,3,0.42105263157894735,neutral
DLCFSNCY,29,17,1,13,46,14,0.42105263157894735,neutral
IVFCCGDR,28,18,7,7,46,14,0.42105263157894735,neutral
GCCLCFCL,17,10,1,2,27,3,0.42105263157894735,neutral
LRFLVYRG,15,12,1,2,27,3,0.42105263157894735,neutral
RFVIFDRY,40,25,13,12,65,25,0.42105263157894735,neutral
IFGYCHCS,39,26,9,16,65,25,0.42105263157894735,neutral
DICLRCFV,22,24,7,7,46,14,0.42105263157894735,neutral
IYFGCYNC,25,21,10,4,46,14,0.42105263157894735,neutral
CFRCSSCF,30,16,7,7,46,14,0.42105263157894735,neutral
DCVCVFGY,40,25,11,14,65,25,0.42105263157894735,neutral
GCLYHDRL,23,23,5,9,46,14,0.42105263157894735,neutral
CVVCVHLS,29,17,6,8,46,14,0.42105263157894735,neutral
FYFGILCH,17,10,0,3,27,3,0.42105263157894735,neutral
DCHRVFYR,24,22,5,9,46,14,0.42105263157894735,neutral
CCIRSCVN,29,17,6,8,46,14,0.42105263157894735,neutral
CCLCIVCF,17,10,2,1,27,3,0.42105263157894735,neutral
FHHFFYFY,25,21,3,11,46,14,0.42105263157894735,neutral
DFLIFFVR,17,10,1,2,27,3,0.42105263157894735,neutral
YFLICHRY,18,9,2,1,27,3,0.42105263157894735,neutral
YHCFGYDG,14,13,1,2,27,3,0.42105263157894735,neutral
RYYCYYGG,30,16,6,8,46,14,0.42105263157894735,neutral
FNFCLFYF,18,9,1,2,27,3,0.42105263157894735,neutral
SYVIICYS,14,13,2,1,27,3,0.42105263157894735,neutral
HFGIYVVY,29,17,7,7,46,14,0.42105263157894735,neutral
FFLCYGCF,16,11,1,2,27,3,0.42105263157894735,neutral
RCVCVLLD,32,14,10,4,46,14,0.42105263157894735,neutral
FLDNHGLF,22,24,3,11,46,14,0.42105263157894735,neutral
LILGCILF,19,8,2,1,27,3,0.42105263157894735,neutral
FCCFYFDC,23,23,5,9,46,14,0.42105263157894735,neutral
SVLIVSLV,16,11,2,1,27,3,0.42105263157894735,neutral
FFSYGVFC,42,23,10,15,65,25,0.42105263157894735,neutral
CSVCYCSI,41,24,9,16,65,25,0.42105263157894735,neutral
CSLIDGIF,42,23,15,10,65,25,0.42105263157894735,neutral
FCGCHYRY,50,34,10,26,84,36,0.42105263157894735,neutral
LYVCLYCS,17,10,1,2,27,3,0.42105263157894735,neutral
CSYYFRVC,47,37,21,15,84,36,0.42105263157894735,neutral
LDICCYFR,42,23,17,8,65,25,0.42105263157894735,neutral
ILIYISSL,16,11,3,0,27,3,0.42105263157894735,neutral
YRLCCYCI,15,12,2,1,27,3,0.42105263157894735,neutral
DYCCGYGS,29,17,7,7,46,14,0.42105263157894735,neutral
FSVSISDC,45,39,17,19,84,36,0.42105263157894735,neutral
FLFCVFSV,15,12,0,3,27,3,0.42105263157894735,neutral
LIIFGFGI,15,12,1,2,27,3,0.42105263157894735,neutral
VGVYCLVV,27,19,3,11,46,14,0.42105263157894735,neutral
VGCSGDFF,26,20,7,7,46,14,0.42105263157894735,neutral
FCVVYRHL,18,9,2,1,27,3,0.42105263157894735,neutral
SYRCDFLD,36,29,11,14,65,25,0.42105263157894735,neutral
IYVVLLYI,18,9,2,1,27,3,0.42105263157894735,neutral
FRVFVCSD,25,21,9,5,46,14,0.42105263157894735,neutral
IFFCCFGL,20,7,2,1,27,3,0.42105263157894735,neutral
FFYFNRFR,47,37,20,16,84,36,0.42105263157894735,neutral
HCCLHVYY,20,7,0,3,27,3,0.42105263157894735,neutral
HCLCCHDS,30,16,7,7,46,14,0.42105263157894735,neutral
FFFCSIFF,18,9,2,1,27,3,0.42105263157894735,neutral
HLLVGLGY,25,21,7,7,46,14,0.42105263157894735,neutral
CCYGCVLS,29,17,6,8,46,14,0.42105263157894735,neutral
FCCFCGYC,15,12,3,0,27,3,0.42105263157894735,neutral
LFFCYNIL,12,15,2,1,27,3,0.42105263157894735,neutral
NFCCGYLF,24,22,10,4,46,14,0.42105263157894735,neutral
CGFFCRYN,18,9,1,2,27,3,0.42105263157894735,neutral
LLYVICVC,16,11,1,2,27,3,0.42105263157894735,neutral
LFGYVLYH,32,14,8,6,46,14,0.42105263157894735,neutral
VCVHCCIG,24,22,5,9,46,14,0.42105263157894735,neutral
FCVCCCHI,41,24,9,16,65,25,0.42105263157894735,neutral
FLLCVSIF,17,10,0,3,27,3,0.42105263157894735,neutral
VICVFVCV,18,9,2,1,27,3,0.42105263157894735,neutral
GYCRYFSS,28,18,6,8,46,14,0.42105263157894735,neutral
GVYLLFND,71,58,31,31,129,62,0.42138364779874216,neutral
DIYFYDIF,59,51,27,24,110,51,0.42142857142857143,neutral
CFRRYVLC,62,48,27,24,110,51,0.42142857142857143,neutral
DILVVGLH,62,48,23,28,110,51,0.42142857142857143,neutral
YVLGGVVF,55,36,22,18,91,40,0.4214876033057851,neutral
DFIVNSIY,52,39,19,21,91,40,0.4214876033057851,neutral
CVSSGLCY,53,38,19,21,91,40,0.4214876033057851,neutral
FNVIGVFS,55,36,23,17,91,40,0.4214876033057851,neutral
FNLFGGNC,47,44,17,23,91,40,0.4214876033057851,neutral
CFHNDYVR,44,28,12,17,72,29,0.4215686274509804,neutral
LDFSGFVC,45,27,13,16,72,29,0.4215686274509804,neutral
DCVCYGFV,37,35,12,17,72,29,0.4215686274509804,neutral
CVRFCSYF,45,27,7,22,72,29,0.4215686274509804,neutral
DFFDGYFV,45,27,16,13,72,29,0.4215686274509804,neutral
NHCCRFRC,39,33,20,9,72,29,0.4215686274509804,neutral
CHFCGGHC,45,27,9,20,72,29,0.4215686274509804,neutral
LCCCCCNV,43,29,13,16,72,29,0.4215686274509804,neutral
FSFCCCVD,42,30,14,15,72,29,0.4215686274509804,neutral
FCYGNNLF,39,33,15,14,72,29,0.4215686274509804,neutral
CCLFDDCY,35,18,9,9,53,18,0.42168674698795183,neutral
FSYYVDCD,30,23,8,10,53,18,0.42168674698795183,neutral
YHCFDFGR,30,23,11,7,53,18,0.42168674698795183,neutral
VSYCDFFS,34,19,8,10,53,18,0.42168674698795183,neutral
CGIDFYCV,30,23,7,11,53,18,0.42168674698795183,neutral
ICVSCCVC,34,19,5,13,53,18,0.42168674698795183,neutral
YFFFVDVC,35,18,7,11,53,18,0.42168674698795183,neutral
CYSCYCSD,34,19,13,5,53,18,0.42168674698795183,neutral
INCGYFDY,26,27,9,9,53,18,0.42168674698795183,neutral
VYYVHLYN,30,23,10,8,53,18,0.42168674698795183,neutral
GIYFHGCG,35,18,10,8,53,18,0.42168674698795183,neutral
NSFFDYCD,32,21,11,7,53,18,0.42168674698795183,neutral
IYDVFVSC,24,29,8,10,53,18,0.42168674698795183,neutral
FVCDFSGY,35,18,5,13,53,18,0.42168674698795183,neutral
CLVCSFSD,64,53,24,31,117,55,0.4217687074829932,neutral
CFRSCSFG,68,49,28,27,117,55,0.4217687074829932,neutral
FVCFVVVV,26,8,3,4,34,7,0.421875,neutral
IVRSYGLY,24,10,4,3,34,7,0.421875,neutral
VRFFVCCS,21,13,2,5,34,7,0.421875,neutral
CIVCVYFF,20,14,5,2,34,7,0.421875,neutral
LIYNSCYR,20,14,3,4,34,7,0.421875,neutral
LCYVFFYY,20,14,4,3,34,7,0.421875,neutral
FIFGVYFG,24,10,3,4,34,7,0.421875,neutral
LCCCGIGC,21,13,5,2,34,7,0.421875,neutral
GYLGHCIG,55,43,22,22,98,44,0.421875,neutral
SIFYSILC,21,13,2,5,34,7,0.421875,neutral
CIDLVCCH,54,44,20,24,98,44,0.421875,neutral
YFFCICFL,24,10,5,2,34,7,0.421875,neutral
IGCFCYFY,25,9,3,4,34,7,0.421875,neutral
CCVSCFVH,19,15,2,5,34,7,0.421875,neutral
YDRYGFDG,22,12,3,4,34,7,0.421875,neutral
FFGGICSD,20,14,3,4,34,7,0.421875,neutral
FDCCCCGC,26,8,3,4,34,7,0.421875,neutral
SCYGVSGY,25,9,3,4,34,7,0.421875,neutral
LRFFYGCI,24,10,5,2,34,7,0.421875,neutral
RFIGSIYF,19,15,5,2,34,7,0.421875,neutral
SCGFRYDF,21,13,3,4,34,7,0.421875,neutral
VFCLCVVH,21,13,3,4,34,7,0.421875,neutral
SCGCCHFN,58,40,20,24,98,44,0.421875,neutral
FFFYSVRC,19,15,2,5,34,7,0.421875,neutral
GSYGNVDF,81,62,39,31,143,70,0.42196531791907516,neutral
VVVGCYVC,48,31,20,13,79,33,0.42201834862385323,neutral
RFCGCSVL,46,33,20,13,79,33,0.42201834862385323,neutral
NHVCSCCY,48,31,12,21,79,33,0.42201834862385323,neutral
FDFLLNYH,45,34,20,13,79,33,0.42201834862385323,neutral
CDYIGFGC,49,30,17,16,79,33,0.42201834862385323,neutral
CCGRVSFF,67,57,29,30,124,59,0.42207792207792205,neutral
FVFFGNIS,113,101,59,52,214,111,0.42213114754098363,neutral
CYIGFVHY,39,21,13,9,60,22,0.4222222222222222,neutral
ICYCRNVV,62,43,27,21,105,48,0.4222222222222222,neutral
YRYVYGGL,37,23,13,9,60,22,0.4222222222222222,neutral
CCSDDYYL,36,24,9,13,60,22,0.4222222222222222,neutral
FGFLDRGH,31,29,9,13,60,22,0.4222222222222222,neutral
VDFHFDCL,37,23,16,6,60,22,0.4222222222222222,neutral
IGFYIIGH,39,21,10,12,60,22,0.4222222222222222,neutral
RDCVYFCH,36,24,10,12,60,22,0.4222222222222222,neutral
YYIFCGHC,38,22,16,6,60,22,0.4222222222222222,neutral
CFFVIGNL,35,25,9,13,60,22,0.4222222222222222,neutral
ISFSGCGY,36,24,9,13,60,22,0.4222222222222222,neutral
SFDHFCVV,34,26,7,15,60,22,0.4222222222222222,neutral
YFGGCVII,39,21,8,14,60,22,0.4222222222222222,neutral
IYICDFRF,36,24,14,8,60,22,0.4222222222222222,neutral
CFSYVSGV,74,57,27,36,131,63,0.422360248447205,neutral
NFCYGYLV,52,34,19,18,86,37,0.4224137931034483,neutral
CCHNIFDF,49,37,16,21,86,37,0.4224137931034483,neutral
SGCLICCN,52,34,17,20,86,37,0.4224137931034483,neutral
YLHDLDVF,50,36,19,18,86,37,0.4224137931034483,neutral
YSIFGFRY,49,37,17,20,86,37,0.4224137931034483,neutral
FGNLSRCY,26,15,4,7,41,11,0.4225352112676056,neutral
GYGCDDLF,23,18,3,8,41,11,0.4225352112676056,neutral
FIYCLRSI,20,21,4,7,41,11,0.4225352112676056,neutral
SCLCGLFV,30,11,5,6,41,11,0.4225352112676056,neutral
SLCCCIHS,25,16,4,7,41,11,0.4225352112676056,neutral
IFLCVGYS,24,17,6,5,41,11,0.4225352112676056,neutral
FGYLRVCL,28,13,2,9,41,11,0.4225352112676056,neutral
CVDIIFVN,27,14,3,8,41,11,0.4225352112676056,neutral
YFVFYFFC,26,15,4,7,41,11,0.4225352112676056,neutral
FCCCSFLN,30,11,2,9,41,11,0.4225352112676056,neutral
FVCCHFVG,20,21,7,4,41,11,0.4225352112676056,neutral
LCFIRCNC,29,12,5,6,41,11,0.4225352112676056,neutral
YFRFSNLG,25,16,4,7,41,11,0.4225352112676056,neutral
FLGYVVNF,26,15,5,6,41,11,0.4225352112676056,neutral
NNFCCYDG,24,17,6,5,41,11,0.4225352112676056,neutral
CFDCVLNF,24,17,5,6,41,11,0.4225352112676056,neutral
YNVNVSDF,25,16,5,6,41,11,0.4225352112676056,neutral
SVFCLRVL,26,15,7,4,41,11,0.4225352112676056,neutral
IGYYYLIN,20,21,5,6,41,11,0.4225352112676056,neutral
VFFFNSLR,74,64,25,42,138,67,0.4226190476190476,neutral
FFVSVCSV,71,67,26,41,138,67,0.4226190476190476,neutral
VFFVRHCL,34,33,16,10,67,26,0.422680412371134,neutral
LCVVGNYF,36,31,16,10,67,26,0.422680412371134,neutral
FVGLVVSY,36,31,9,17,67,26,0.422680412371134,neutral
FVHCSVHY,36,31,12,14,67,26,0.422680412371134,neutral
LYRCHVNF,38,29,10,16,67,26,0.422680412371134,neutral
YCDFFFYC,41,26,11,15,67,26,0.422680412371134,neutral
HHGGRYDY,42,25,11,15,67,26,0.422680412371134,neutral
CCGDFHLV,43,24,16,10,67,26,0.422680412371134,neutral
NNVSCDIF,54,39,24,17,93,41,0.42276422764227645,neutral
FFCNCFGG,30,18,4,11,48,15,0.4230769230769231,neutral
CNCVCCFF,33,15,5,10,48,15,0.4230769230769231,neutral
FFHIVCCF,16,6,0,0,22,0,0.4230769230769231,neutral
GINICFCC,33,15,4,11,48,15,0.4230769230769231,neutral
CCCSVDFR,29,19,7,8,48,15,0.4230769230769231,neutral
YLLCHRSD,59,41,20,25,100,45,0.4230769230769231,neutral
YCFFCRCF,17,5,0,0,22,0,0.4230769230769231,neutral
CCLICVHH,17,5,0,0,22,0,0.4230769230769231,neutral
FFFVFFVC,12,10,0,0,22,0,0.4230769230769231,neutral
VVVCHICD,29,19,8,7,48,15,0.4230769230769231,neutral
YCYDLDCR,58,42,23,22,100,45,0.4230769230769231,neutral
LGIFCIYC,13,9,0,0,22,0,0.4230769230769231,neutral
YICYLYSH,31,17,6,9,48,15,0.4230769230769231,neutral
FCYSVFCV,30,18,6,9,48,15,0.4230769230769231,neutral
RCFYDSLR,43,31,10,20,74,30,0.4230769230769231,neutral
CIYCIFFV,15,7,0,0,22,0,0.4230769230769231,neutral
FFVYCCFY,14,8,0,0,22,0,0.4230769230769231,neutral
RIHFVLLF,14,8,0,0,22,0,0.4230769230769231,neutral
VCCGCSCG,32,16,9,6,48,15,0.4230769230769231,neutral
CLSGYNHI,46,28,15,15,74,30,0.4230769230769231,neutral
VGHCNCDF,29,19,5,10,48,15,0.4230769230769231,neutral
FRDHYCHN,45,29,16,14,74,30,0.4230769230769231,neutral
FFFFFCYI,15,7,0,0,22,0,0.4230769230769231,neutral
FLHFLGLC,9,13,0,0,22,0,0.4230769230769231,neutral
VFIRILVL,12,10,0,0,22,0,0.4230769230769231,neutral
YDYHNICF,71,55,26,34,126,60,0.4230769230769231,neutral
YGGCGYLG,29,19,11,4,48,15,0.4230769230769231,neutral
YFGCDCDR,43,31,13,17,74,30,0.4230769230769231,neutral
FFLCFRYR,16,6,0,0,22,0,0.4230769230769231,neutral
FFCCGCNV,28,20,5,10,48,15,0.4230769230769231,neutral
FFCLHVRF,12,10,0,0,22,0,0.4230769230769231,neutral
ILIFYHLR,18,4,0,0,22,0,0.4230769230769231,neutral
CIVLRGYV,32,16,5,10,48,15,0.4230769230769231,neutral
FYLCVCVH,15,7,0,0,22,0,0.4230769230769231,neutral
FCCGCGNY,46,28,16,14,74,30,0.4230769230769231,neutral
FIFFIFNI,12,10,0,0,22,0,0.4230769230769231,neutral
FCCNFFIF,15,7,0,0,22,0,0.4230769230769231,neutral
YFFFYCSC,13,9,0,0,22,0,0.4230769230769231,neutral
FIFYNNYF,55,45,28,17,100,45,0.4230769230769231,neutral
FFVCSNCH,33,15,5,10,48,15,0.4230769230769231,neutral
LVCGICFF,14,8,0,0,22,0,0.4230769230769231,neutral
YFRLVIVI,17,5,0,0,22,0,0.4230769230769231,neutral
NIFLYFII,15,7,0,0,22,0,0.4230769230769231,neutral
FLCFSYDS,27,21,9,6,48,15,0.4230769230769231,neutral
FCVYGIRG,46,28,16,14,74,30,0.4230769230769231,neutral
FFFCGLFC,16,6,0,0,22,0,0.4230769230769231,neutral
CFFFFCFF,12,10,0,0,22,0,0.4230769230769231,neutral
YVFRVCHD,25,23,9,6,48,15,0.4230769230769231,neutral
YCYVCRLN,46,28,9,21,74,30,0.4230769230769231,neutral
DNSYYILV,88,71,40,39,159,79,0.42328042328042326,neutral
SFVHGYLR,75,58,29,35,133,64,0.4233128834355828,neutral
RCFLDYYL,63,44,23,26,107,49,0.4233576642335766,neutral
CVRLCHFV,62,45,28,21,107,49,0.4233576642335766,neutral
CLDSYVIG,56,51,24,25,107,49,0.4233576642335766,neutral
YGRRYCCC,59,48,21,28,107,49,0.4233576642335766,neutral
DFVYFGIL,50,31,17,17,81,34,0.42342342342342343,neutral
LLFSGIGC,48,33,16,18,81,34,0.42342342342342343,neutral
YFDLDCVC,47,34,12,22,81,34,0.42342342342342343,neutral
CLFSGFVR,41,40,22,12,81,34,0.42342342342342343,neutral
VGLINIDC,47,34,17,17,81,34,0.42342342342342343,neutral
CLGIFGVF,50,31,17,17,81,34,0.42342342342342343,neutral
FCCNICDR,34,21,10,9,55,19,0.4235294117647059,neutral
FRVINFHV,37,18,8,11,55,19,0.4235294117647059,neutral
YFSVFYDN,34,21,8,11,55,19,0.4235294117647059,neutral
VCSNFCCV,32,23,8,11,55,19,0.4235294117647059,neutral
ICYCLNGG,35,20,3,16,55,19,0.4235294117647059,neutral
YSHSVGCY,34,21,8,11,55,19,0.4235294117647059,neutral
CGFFYINR,37,18,8,11,55,19,0.4235294117647059,neutral
CFCYDVFY,36,19,8,11,55,19,0.4235294117647059,neutral
GCNIYGVC,31,24,10,9,55,19,0.4235294117647059,neutral
FNIFCIRN,36,19,5,14,55,19,0.4235294117647059,neutral
FGCYCCDV,35,20,9,10,55,19,0.4235294117647059,neutral
YCLYSGFC,33,22,7,12,55,19,0.4235294117647059,neutral
FIYCCDGN,32,23,7,12,55,19,0.4235294117647059,neutral
DCVYCFVC,30,25,7,12,55,19,0.4235294117647059,neutral
FCCGYNCC,33,22,9,10,55,19,0.4235294117647059,neutral
CLVGCFVL,28,27,5,14,55,19,0.4235294117647059,neutral
VCGSFIHY,33,22,7,12,55,19,0.4235294117647059,neutral
GYDVIYRL,36,19,9,10,55,19,0.4235294117647059,neutral
CGHFRVFG,62,52,20,33,114,53,0.4236111111111111,neutral
CLSFHCRD,65,49,25,28,114,53,0.4236111111111111,neutral
SCCVFSIN,49,39,21,17,88,38,0.423728813559322,neutral
DLYCVVVC,19,10,2,2,29,4,0.423728813559322,neutral
ISVCFISV,22,7,2,2,29,4,0.423728813559322,neutral
CCGFCNYG,18,11,2,2,29,4,0.423728813559322,neutral
LYVCLIFV,18,11,4,0,29,4,0.423728813559322,neutral
SVCRCYCD,17,12,1,3,29,4,0.423728813559322,neutral
ICFICFYF,17,12,1,3,29,4,0.423728813559322,neutral
CCYIFDGG,52,36,17,21,88,38,0.423728813559322,neutral
FRIYISVL,21,8,3,1,29,4,0.423728813559322,neutral
CIFFVICV,24,5,4,0,29,4,0.423728813559322,neutral
FCVCIFGD,19,10,3,1,29,4,0.423728813559322,neutral
IFIVHFYS,18,11,2,2,29,4,0.423728813559322,neutral
CLFGVIFR,19,10,2,2,29,4,0.423728813559322,neutral
CCCIGFIL,23,6,1,3,29,4,0.423728813559322,neutral
VCVYILLG,21,8,3,1,29,4,0.423728813559322,neutral
YGYRVCYD,21,8,1,3,29,4,0.423728813559322,neutral
VYYIGICY,21,8,1,3,29,4,0.423728813559322,neutral
FYINVLFS,17,12,2,2,29,4,0.423728813559322,neutral
CFFCVCVC,23,6,1,3,29,4,0.423728813559322,neutral
FSCGFNCF,44,44,15,23,88,38,0.423728813559322,neutral
CFIDRCCG,52,36,22,16,88,38,0.423728813559322,neutral
CCDYVRFH,49,39,20,18,88,38,0.423728813559322,neutral
FFVVSYCY,17,12,0,4,29,4,0.423728813559322,neutral
YFFFIFLL,18,11,2,2,29,4,0.423728813559322,neutral
VCFYILVL,17,12,0,4,29,4,0.423728813559322,neutral
VIYVLSRG,16,13,3,1,29,4,0.423728813559322,neutral
LIGLYYFV,20,9,3,1,29,4,0.423728813559322,neutral
FCDRCNFC,34,28,13,10,62,23,0.42391304347826086,neutral
FYFLHRNI,38,24,13,10,62,23,0.42391304347826086,neutral
VYCFDNFV,37,25,13,10,62,23,0.42391304347826086,neutral
VVVCISDY,39,23,12,11,62,23,0.42391304347826086,neutral
CYRLDGYG,40,22,12,11,62,23,0.42391304347826086,neutral
YNHLVCCY,40,22,13,10,62,23,0.42391304347826086,neutral
VVVFHICD,38,24,10,13,62,23,0.42391304347826086,neutral
GGICFCGG,33,29,10,13,62,23,0.42391304347826086,neutral
VCVHRGFV,39,23,11,12,62,23,0.42391304347826086,neutral
LHLIGFGD,37,25,5,18,62,23,0.42391304347826086,neutral
FRFVNIIC,34,28,8,15,62,23,0.42391304347826086,neutral
SGLNYFGL,36,26,15,8,62,23,0.42391304347826086,neutral
CCVCLDRI,36,26,11,12,62,23,0.42391304347826086,neutral
SYGCFHCS,83,71,37,39,154,76,0.42391304347826086,neutral
CDYRNCVC,40,22,11,12,62,23,0.42391304347826086,neutral
CVGYLYGN,36,26,10,13,62,23,0.42391304347826086,neutral
HCSCGRLD,55,40,23,19,95,42,0.424,neutral
CFCCFFSF,26,10,5,3,36,8,0.42424242424242425,neutral
YFYLIRFG,22,14,3,5,36,8,0.42424242424242425,neutral
FFNRHNNF,22,14,4,4,36,8,0.42424242424242425,neutral
DFLLLGGF,22,14,2,6,36,8,0.42424242424242425,neutral
VCFYFCGC,26,10,3,5,36,8,0.42424242424242425,neutral
IISFNHIR,36,33,12,15,69,27,0.42424242424242425,neutral
CRYNFYLI,27,9,5,3,36,8,0.42424242424242425,neutral
LCVYDFCD,56,46,19,27,102,46,0.42424242424242425,neutral
CDFSFDCV,23,13,5,3,36,8,0.42424242424242425,neutral
FCDCRICF,21,15,2,6,36,8,0.42424242424242425,neutral
GIIVSCFR,43,26,13,14,69,27,0.42424242424242425,neutral
GYLRVVDF,21,15,3,5,36,8,0.42424242424242425,neutral
IIVRCCLV,20,16,3,5,36,8,0.42424242424242425,neutral
FSCCNCCY,22,14,5,3,36,8,0.42424242424242425,neutral
SYFLYSGD,20,16,2,6,36,8,0.42424242424242425,neutral
INLCFVDF,23,13,3,5,36,8,0.42424242424242425,neutral
GFDSIDHY,25,11,4,4,36,8,0.42424242424242425,neutral
FCDDFGCI,23,13,4,4,36,8,0.42424242424242425,neutral
CFCCHNHC,22,14,2,6,36,8,0.42424242424242425,neutral
CICVCNCF,57,45,22,24,102,46,0.42424242424242425,neutral
GHYLDYRC,24,12,4,4,36,8,0.42424242424242425,neutral
ILYVVGYN,24,12,5,3,36,8,0.42424242424242425,neutral
LLCCGCCD,38,31,8,19,69,27,0.42424242424242425,neutral
GCFCIDGF,75,60,35,30,135,65,0.42424242424242425,neutral
VFVLICCN,21,15,2,6,36,8,0.42424242424242425,neutral
VFCFCSCC,21,15,6,2,36,8,0.42424242424242425,neutral
FCLNDYCG,43,26,13,14,69,27,0.42424242424242425,neutral
CCFRCFNL,24,12,1,7,36,8,0.42424242424242425,neutral
SFIFGCHS,43,26,13,14,69,27,0.42424242424242425,neutral
GVFFDLHV,40,29,16,11,69,27,0.42424242424242425,neutral
CFDCNDFI,43,26,14,13,69,27,0.42424242424242425,neutral
FNIYLDNH,36,33,18,9,69,27,0.42424242424242425,neutral
VFGVGCFG,23,13,6,2,36,8,0.42424242424242425,neutral
IDRCYVCI,77,58,31,34,135,65,0.42424242424242425,neutral
GGCCIVYI,21,15,4,4,36,8,0.42424242424242425,neutral
CVSCNFCN,41,28,9,18,69,27,0.42424242424242425,neutral
FNCSRGFI,25,11,2,6,36,8,0.42424242424242425,neutral
HNVSILSF,40,29,13,14,69,27,0.42424242424242425,neutral
YYHGFGHG,78,64,29,40,142,69,0.42441860465116277,neutral
CCFSHIGD,56,53,23,27,109,50,0.4244604316546763,neutral
HFVSCDCF,60,49,28,22,109,50,0.4244604316546763,neutral
CVDCFGCC,46,30,14,17,76,31,0.42452830188679247,neutral
YFRYCLHC,44,32,13,18,76,31,0.42452830188679247,neutral
FNNFGRCC,47,29,13,18,76,31,0.42452830188679247,neutral
FLCSCFND,45,31,18,13,76,31,0.42452830188679247,neutral
FDCGIHCV,30,13,3,9,43,12,0.4246575342465753,neutral
LLFVHVSR,20,23,4,8,43,12,0.4246575342465753,neutral
SVSYGFVF,21,22,7,5,43,12,0.4246575342465753,neutral
FLNVGCYF,65,51,26,28,116,54,0.4246575342465753,neutral
HYCHFHVC,61,55,27,27,116,54,0.4246575342465753,neutral
YHFGDYDC,25,18,3,9,43,12,0.4246575342465753,neutral
NFIYHCGY,67,49,25,29,116,54,0.4246575342465753,neutral
FIYCCIHG,29,14,7,5,43,12,0.4246575342465753,neutral
YVIGNHGR,31,12,6,6,43,12,0.4246575342465753,neutral
SVGFYVRY,23,20,3,9,43,12,0.4246575342465753,neutral
CVICDVCC,29,14,6,6,43,12,0.4246575342465753,neutral
CFRLVRCF,29,14,9,3,43,12,0.4246575342465753,neutral
YCGCLCVS,28,15,6,6,43,12,0.4246575342465753,neutral
YVGGCVCF,29,14,7,5,43,12,0.4246575342465753,neutral
FLDFVFGR,29,14,4,8,43,12,0.4246575342465753,neutral
SIRYGYCF,23,20,6,6,43,12,0.4246575342465753,neutral
CGCYDNGF,66,50,35,19,116,54,0.4246575342465753,neutral
LVVCYGVY,28,15,6,6,43,12,0.4246575342465753,neutral
CSNFCCYL,30,13,8,4,43,12,0.4246575342465753,neutral
FVNLCHFD,26,17,4,8,43,12,0.4246575342465753,neutral
FRHFDFFI,50,33,18,17,83,35,0.4247787610619469,neutral
YNHRFLGH,51,32,20,15,83,35,0.4247787610619469,neutral
IYSCNFHC,50,33,11,24,83,35,0.4247787610619469,neutral
FCHRLLCI,47,36,24,11,83,35,0.4247787610619469,neutral
FFVSCCIR,29,21,7,9,50,16,0.425,neutral
DYVIDVLF,27,23,6,10,50,16,0.425,neutral
YLYVSGYC,34,16,8,8,50,16,0.425,neutral
VCRCCCGC,54,36,22,17,90,39,0.425,neutral
YCCGGLHI,31,19,9,7,50,16,0.425,neutral
RRCSRCFR,49,41,20,19,90,39,0.425,neutral
NYVCVNFC,34,16,9,7,50,16,0.425,neutral
YCFHCNYI,27,23,8,8,50,16,0.425,neutral
VCLNYVHG,25,25,7,9,50,16,0.425,neutral
VIYGSSSY,30,20,7,9,50,16,0.425,neutral
SSLCNGFF,28,22,7,9,50,16,0.425,neutral
VVYSDIIV,54,36,17,22,90,39,0.425,neutral
CYHHFRLF,31,19,8,8,50,16,0.425,neutral
LCSCRCFF,32,18,8,8,50,16,0.425,neutral
CDLSVNFL,30,20,8,8,50,16,0.425,neutral
DRCFCHCI,53,37,19,20,90,39,0.425,neutral
YCIRSIGF,30,20,9,7,50,16,0.425,neutral
HCVHGCCF,30,20,10,6,50,16,0.425,neutral
SCCYFDVV,33,17,9,7,50,16,0.425,neutral
CCGGRYIL,32,18,8,8,50,16,0.425,neutral
LDSFSHLG,77,60,34,32,137,66,0.4251497005988024,neutral
FCGFGFIV,49,48,15,28,97,43,0.4251968503937008,neutral
LCVHCCDY,53,44,20,23,97,43,0.4251968503937008,neutral
FFDCVDSY,58,39,14,29,97,43,0.4251968503937008,neutral
LNVHLCCG,100,84,46,47,184,93,0.4252336448598131,neutral
LNYIGIYG,32,25,8,12,57,20,0.42528735632183906,neutral
GICYNCYH,27,30,12,8,57,20,0.42528735632183906,neutral
NYGYYHDF,33,24,7,13,57,20,0.42528735632183906,neutral
LYLVSSYL,32,25,6,14,57,20,0.42528735632183906,neutral
VVIDFYSL,29,28,8,12,57,20,0.42528735632183906,neutral
FRCLCCDG,31,26,11,9,57,20,0.42528735632183906,neutral
RCYFCYRN,35,22,8,12,57,20,0.42528735632183906,neutral
LYYHNHVF,32,25,11,9,57,20,0.42528735632183906,neutral
GVLCGSFI,36,21,9,11,57,20,0.42528735632183906,neutral
FILNGFIC,37,20,7,13,57,20,0.42528735632183906,neutral
NYCVFVFD,35,22,9,11,57,20,0.42528735632183906,neutral
YSGGVYLD,30,27,5,15,57,20,0.42528735632183906,neutral
NLDDVYYF,38,19,6,14,57,20,0.42528735632183906,neutral
LFCLSCGV,35,22,9,11,57,20,0.42528735632183906,neutral
IYSFCHGH,34,23,11,9,57,20,0.42528735632183906,neutral
CGLIDYFL,31,26,10,10,57,20,0.42528735632183906,neutral
CFCRSGLF,35,22,9,11,57,20,0.42528735632183906,neutral
YDHRGLYF,60,44,22,25,104,47,0.4253731343283582,neutral
CLGSYFDN,60,44,25,22,104,47,0.4253731343283582,neutral
GSRNGLRR,49,55,23,24,104,47,0.4253731343283582,neutral
RFYIDRYS,60,44,17,30,104,47,0.4253731343283582,neutral
CSYDVLYC,61,43,28,19,104,47,0.4253731343283582,neutral
NCCFGIIF,34,30,9,15,64,24,0.425531914893617,neutral
LIYSGVID,41,23,11,13,64,24,0.425531914893617,neutral
FLCFCHSR,39,25,9,15,64,24,0.425531914893617,neutral
CYCGSIGF,39,25,15,9,64,24,0.425531914893617,neutral
CCFDFCFY,39,25,13,11,64,24,0.425531914893617,neutral
HCLFHGFC,38,26,12,12,64,24,0.425531914893617,neutral
FDYHGCRC,41,23,10,14,64,24,0.425531914893617,neutral
CFVCNFVV,67,51,28,27,118,55,0.42567567567567566,neutral
YIGIRCSY,66,52,28,27,118,55,0.42567567567567566,neutral
HYDCCLLR,64,54,27,28,118,55,0.42567567567567566,neutral
IFDVCVFD,41,30,14,14,71,28,0.42574257425742573,neutral
GVYHYLSC,42,29,17,11,71,28,0.42574257425742573,neutral
GLVYIYSC,40,31,18,10,71,28,0.42574257425742573,neutral
VCFLRFRR,45,26,11,17,71,28,0.42574257425742573,neutral
DIDFGCFG,45,26,16,12,71,28,0.42574257425742573,neutral
IFCHVFFC,14,10,1,0,24,1,0.42592592592592593,neutral
FFFCVFCY,13,11,0,1,24,1,0.42592592592592593,neutral
FFILVYLF,14,10,0,1,24,1,0.42592592592592593,neutral
YYCIYCVC,13,11,1,0,24,1,0.42592592592592593,neutral
ICSFYCNG,46,32,12,20,78,32,0.42592592592592593,neutral
FFYFYFVC,14,10,0,1,24,1,0.42592592592592593,neutral
VDLLYFCF,18,6,0,1,24,1,0.42592592592592593,neutral
SCYLCYFC,16,8,0,1,24,1,0.42592592592592593,neutral
GRCCNCRG,41,37,13,19,78,32,0.42592592592592593,neutral
NIGGDVFI,48,30,13,19,78,32,0.42592592592592593,neutral
FFFFCFNL,17,7,1,0,24,1,0.42592592592592593,neutral
IFVGDYIV,44,34,12,20,78,32,0.42592592592592593,neutral
FLFVFGNF,12,12,1,0,24,1,0.42592592592592593,neutral
VRRLFFCI,14,10,1,0,24,1,0.42592592592592593,neutral
VFCIVIRY,15,9,1,0,24,1,0.42592592592592593,neutral
FLCFCIRF,17,7,0,1,24,1,0.42592592592592593,neutral
FVIFSVIL,20,4,0,1,24,1,0.42592592592592593,neutral
YLCCFLFD,13,11,1,0,24,1,0.42592592592592593,neutral
FDFGCDVN,18,6,0,1,24,1,0.42592592592592593,neutral
CFSFDSHF,41,37,18,14,78,32,0.42592592592592593,neutral
ICFYVSLF,12,12,0,1,24,1,0.42592592592592593,neutral
FIYFFDCL,11,13,1,0,24,1,0.42592592592592593,neutral
RFYINFCF,16,8,1,0,24,1,0.42592592592592593,neutral
RLFFLICC,18,6,0,1,24,1,0.42592592592592593,neutral
FHILVCLL,13,11,0,1,24,1,0.42592592592592593,neutral
DVYVVFVY,18,6,0,1,24,1,0.42592592592592593,neutral
CCILFCCR,17,7,0,1,24,1,0.42592592592592593,neutral
FYFCFYYF,17,7,0,1,24,1,0.42592592592592593,neutral
RVFYVCFF,12,12,0,1,24,1,0.42592592592592593,neutral
YFGGVCSC,47,31,18,14,78,32,0.42592592592592593,neutral
CDFVYDGL,44,34,18,14,78,32,0.42592592592592593,neutral
CCSVCDFC,47,31,14,18,78,32,0.42592592592592593,neutral
YFFICCRI,15,9,0,1,24,1,0.42592592592592593,neutral
FICIFVSR,11,13,1,0,24,1,0.42592592592592593,neutral
IHLLYSCG,41,37,15,17,78,32,0.42592592592592593,neutral
VCYFFCVG,16,8,0,1,24,1,0.42592592592592593,neutral
FFCVFILF,16,8,0,1,24,1,0.42592592592592593,neutral
GVFICFLF,15,9,1,0,24,1,0.42592592592592593,neutral
IFFFSIIV,16,8,1,0,24,1,0.42592592592592593,neutral
VYCVICLD,11,13,1,0,24,1,0.42592592592592593,neutral
YYCSFRGF,50,35,19,17,85,36,0.4260869565217391,neutral
CCCYGGLG,51,34,19,17,85,36,0.4260869565217391,neutral
CFVRGICI,48,37,12,24,85,36,0.4260869565217391,neutral
ILLVGLGI,51,34,18,18,85,36,0.4260869565217391,neutral
FVCNVRDI,52,33,15,21,85,36,0.4260869565217391,neutral
LVCGNFLR,51,34,16,20,85,36,0.4260869565217391,neutral
LCIRYVCV,15,16,2,3,31,5,0.4262295081967213,neutral
CFYFCYVR,22,9,3,2,31,5,0.4262295081967213,neutral
DFDYSSIY,18,13,5,0,31,5,0.4262295081967213,neutral
ICFLCSRC,20,11,1,4,31,5,0.4262295081967213,neutral
FICLIISH,16,15,4,1,31,5,0.4262295081967213,neutral
GFFVVNYI,23,8,3,2,31,5,0.4262295081967213,neutral
FCIYRFCV,19,12,2,3,31,5,0.4262295081967213,neutral
FSYFVFSC,16,15,4,1,31,5,0.4262295081967213,neutral
SYFGHVCL,54,38,18,22,92,40,0.4262295081967213,neutral
GYLIYVFH,19,12,2,3,31,5,0.4262295081967213,neutral
CYFVCILI,19,12,0,5,31,5,0.4262295081967213,neutral
VCLFCHLC,21,10,3,2,31,5,0.4262295081967213,neutral
ICVCFSFV,20,11,3,2,31,5,0.4262295081967213,neutral
FIHVVFHR,15,16,0,5,31,5,0.4262295081967213,neutral
HVGIDIYF,22,9,1,4,31,5,0.4262295081967213,neutral
CLLLICYG,20,11,2,3,31,5,0.4262295081967213,neutral
YFFYFSVH,19,12,4,1,31,5,0.4262295081967213,neutral
LSCYCGYH,18,13,3,2,31,5,0.4262295081967213,neutral
FHRHVSFR,18,13,5,0,31,5,0.4262295081967213,neutral
YSFNHDIC,20,11,3,2,31,5,0.4262295081967213,neutral
FRIIIINV,19,12,2,3,31,5,0.4262295081967213,neutral
CLFVCVCD,22,9,3,2,31,5,0.4262295081967213,neutral
FCCHGYFD,55,37,24,16,92,40,0.4262295081967213,neutral
VFLCCFIL,25,6,2,3,31,5,0.4262295081967213,neutral
CFVVVLYY,24,7,2,3,31,5,0.4262295081967213,neutral
FRVGFFFV,20,11,1,4,31,5,0.4262295081967213,neutral
YGYFYGDC,22,9,0,5,31,5,0.4262295081967213,neutral
FFLLHILY,16,15,3,2,31,5,0.4262295081967213,neutral
ILFCICGV,15,16,2,3,31,5,0.4262295081967213,neutral
VCFFFCRV,24,7,5,0,31,5,0.4262295081967213,neutral
FHCIFIIC,19,12,4,1,31,5,0.4262295081967213,neutral
IFYSIVYY,20,11,4,1,31,5,0.4262295081967213,neutral
HDIDCCDY,16,15,3,2,31,5,0.4262295081967213,neutral
FYYYFYVL,19,12,4,1,31,5,0.4262295081967213,neutral
FFFFSYLN,19,12,1,4,31,5,0.4262295081967213,neutral
IFGVCNCI,56,43,17,27,99,44,0.4263565891472868,neutral
FNFIDRIG,57,42,23,21,99,44,0.4263565891472868,neutral
YCLLNGGF,54,45,19,25,99,44,0.4263565891472868,neutral
FHCRGGCS,59,40,26,18,99,44,0.4263565891472868,neutral
YILIVGHY,21,17,5,4,38,9,0.4264705882352941,neutral
CFCYGFIR,24,14,4,5,38,9,0.4264705882352941,neutral
DVCCCGCL,25,13,6,3,38,9,0.4264705882352941,neutral
FNDDYVVV,25,13,3,6,38,9,0.4264705882352941,neutral
SCYDVRFY,25,13,4,5,38,9,0.4264705882352941,neutral
YDLGIRNY,22,16,2,7,38,9,0.4264705882352941,neutral
CIGLVRFI,25,13,4,5,38,9,0.4264705882352941,neutral
YSCFVGVV,23,15,5,4,38,9,0.4264705882352941,neutral
GSCCRCFC,22,16,5,4,38,9,0.4264705882352941,neutral
CLLSCVRV,23,15,2,7,38,9,0.4264705882352941,neutral
DIYCLNCY,24,14,3,6,38,9,0.4264705882352941,neutral
GFFRCICY,23,15,3,6,38,9,0.4264705882352941,neutral
CCVNSCFC,21,17,3,6,38,9,0.4264705882352941,neutral
YIYVGCVL,22,16,4,5,38,9,0.4264705882352941,neutral
FDLVCDFS,62,44,22,26,106,48,0.4264705882352941,neutral
FNFFLNCF,23,15,3,6,38,9,0.4264705882352941,neutral
FYRICYVH,24,14,5,4,38,9,0.4264705882352941,neutral
CCRRGCHY,23,15,3,6,38,9,0.4264705882352941,neutral
DCCFCCGF,25,13,5,4,38,9,0.4264705882352941,neutral
YRLVCCRV,21,17,5,4,38,9,0.4264705882352941,neutral
CCFGFFCI,23,15,5,4,38,9,0.4264705882352941,neutral
FDCGNFCY,25,13,4,5,38,9,0.4264705882352941,neutral
IYSYYLGL,28,10,6,3,38,9,0.4264705882352941,neutral
RYCVGNFD,25,13,3,6,38,9,0.4264705882352941,neutral
NFFFCYNF,23,15,5,4,38,9,0.4264705882352941,neutral
FNYFNSLY,22,16,5,4,38,9,0.4264705882352941,neutral
YLLGVNYC,19,19,6,3,38,9,0.4264705882352941,neutral
GYLGICLI,25,13,1,8,38,9,0.4264705882352941,neutral
RDDIGDFG,66,47,19,33,113,52,0.42657342657342656,neutral
YYRCRHCL,64,49,31,21,113,52,0.42657342657342656,neutral
CFNFNGSY,26,19,6,7,45,13,0.4266666666666667,neutral
FYLFSFHY,28,17,10,3,45,13,0.4266666666666667,neutral
FFINGFDN,29,16,6,7,45,13,0.4266666666666667,neutral
GFYRYGCL,30,15,6,7,45,13,0.4266666666666667,neutral
SSCCYICV,27,18,7,6,45,13,0.4266666666666667,neutral
YCVRCFSF,27,18,5,8,45,13,0.4266666666666667,neutral
FFFGFSCV,30,15,8,5,45,13,0.4266666666666667,neutral
YICSHYNV,30,15,3,10,45,13,0.4266666666666667,neutral
FYCCLVVD,28,17,5,8,45,13,0.4266666666666667,neutral
RDDFLLCC,64,56,26,30,120,56,0.4266666666666667,neutral
FCVSNFCD,32,13,7,6,45,13,0.4266666666666667,neutral
YGCICVYL,23,22,7,6,45,13,0.4266666666666667,neutral
HICGGVCV,25,20,7,6,45,13,0.4266666666666667,neutral
DCNYCNDF,30,15,3,10,45,13,0.4266666666666667,neutral
FVHHRFFR,23,22,5,8,45,13,0.4266666666666667,neutral
VFLIRCGI,24,21,4,9,45,13,0.4266666666666667,neutral
CYDFRCCH,27,18,7,6,45,13,0.4266666666666667,neutral
FYCRGRCF,25,20,8,5,45,13,0.4266666666666667,neutral
YLNFICVC,28,17,7,6,45,13,0.4266666666666667,neutral
IIVLGYSS,32,13,6,7,45,13,0.4266666666666667,neutral
FFCYVYNG,24,21,5,8,45,13,0.4266666666666667,neutral
RVFYGSFH,26,19,6,7,45,13,0.4266666666666667,neutral
YGFVNHYC,29,16,8,5,45,13,0.4266666666666667,neutral
FFIDFGCV,31,14,5,8,45,13,0.4266666666666667,neutral
CFRDDRYY,25,20,5,8,45,13,0.4266666666666667,neutral
CCFGGYVC,23,22,7,6,45,13,0.4266666666666667,neutral
YFVSDVFG,28,17,6,7,45,13,0.4266666666666667,neutral
CSHCLCLY,34,18,10,7,52,17,0.4268292682926829,neutral
FRCVYFDV,34,18,4,13,52,17,0.4268292682926829,neutral
FDLVGHYD,27,25,3,14,52,17,0.4268292682926829,neutral
IGVHVVVS,34,18,8,9,52,17,0.4268292682926829,neutral
CCFFGSSL,34,18,6,11,52,17,0.4268292682926829,neutral
FGRLDGVF,34,18,10,7,52,17,0.4268292682926829,neutral
CYCHVFVN,34,18,8,9,52,17,0.4268292682926829,neutral
CNCCSVVL,29,23,8,9,52,17,0.4268292682926829,neutral
GFLIRCYR,29,23,7,10,52,17,0.4268292682926829,neutral
CLCFCCLG,33,19,8,9,52,17,0.4268292682926829,neutral
FSYYYGRV,34,18,9,8,52,17,0.4268292682926829,neutral
YCLSCIVD,32,20,10,7,52,17,0.4268292682926829,neutral
ICFCFFDN,32,20,7,10,52,17,0.4268292682926829,neutral
VLGVCCCR,26,26,9,8,52,17,0.4268292682926829,neutral
FDCYVGDF,33,19,10,7,52,17,0.4268292682926829,neutral
FGCFLNHF,34,18,6,11,52,17,0.4268292682926829,neutral
VFFDCVRF,30,22,12,5,52,17,0.4268292682926829,neutral
CYGFGVIS,28,24,9,8,52,17,0.4268292682926829,neutral
FGGGCIFG,28,24,9,8,52,17,0.4268292682926829,neutral
INGCCDYC,32,20,10,7,52,17,0.4268292682926829,neutral
HCCCSNDI,80,61,28,40,141,68,0.4269005847953216,neutral
VYDLLYYC,37,22,11,10,59,21,0.42696629213483145,neutral
YHCVRCCG,29,30,12,9,59,21,0.42696629213483145,neutral
ILRLYRLG,35,24,12,9,59,21,0.42696629213483145,neutral
FYRCLLVS,37,22,11,10,59,21,0.42696629213483145,neutral
YYGYRVFG,39,20,5,16,59,21,0.42696629213483145,neutral
CYYGISLI,39,20,10,11,59,21,0.42696629213483145,neutral
VGVCYCLL,35,24,9,12,59,21,0.42696629213483145,neutral
FCDFVGLC,37,22,7,14,59,21,0.42696629213483145,neutral
FVCYGSCR,35,24,10,11,59,21,0.42696629213483145,neutral
CICVHSNH,36,23,12,9,59,21,0.42696629213483145,neutral
DIYHSLCC,33,26,9,12,59,21,0.42696629213483145,neutral
YYYYFNDS,35,24,11,10,59,21,0.42696629213483145,neutral
SFRYGVLF,36,23,16,5,59,21,0.42696629213483145,neutral
ICCDSCNC,33,26,11,10,59,21,0.42696629213483145,neutral
DIDFRDIV,33,26,10,11,59,21,0.42696629213483145,neutral
CCRFGYGN,33,26,16,5,59,21,0.42696629213483145,neutral
YICVVFDH,35,24,13,8,59,21,0.42696629213483145,neutral
VLIGVHFH,35,24,9,12,59,21,0.42696629213483145,neutral
DVGFVFHY,37,22,12,9,59,21,0.42696629213483145,neutral
LVYYHCRS,37,22,12,9,59,21,0.42696629213483145,neutral
FYYYFVGS,33,26,13,8,59,21,0.42696629213483145,neutral
ILFLVGSG,31,35,14,11,66,25,0.4270833333333333,neutral
LYGCGSIV,41,25,15,10,66,25,0.4270833333333333,neutral
CSGNLCYC,38,28,17,8,66,25,0.4270833333333333,neutral
VYDCCDHC,38,28,11,14,66,25,0.4270833333333333,neutral
FLSCCGYY,42,24,12,13,66,25,0.4270833333333333,neutral
IFIYGRSF,37,29,9,16,66,25,0.4270833333333333,neutral
GDDCYCCF,40,26,10,15,66,25,0.4270833333333333,neutral
GCILCDCY,39,27,10,15,66,25,0.4270833333333333,neutral
FNDGYVVL,42,24,8,17,66,25,0.4270833333333333,neutral
FNLCVDIV,37,29,14,11,66,25,0.4270833333333333,neutral
VRYYDRCC,41,25,10,15,66,25,0.4270833333333333,neutral
FRCHCVVL,42,24,10,15,66,25,0.4270833333333333,neutral
VFCSVCFG,41,32,13,16,73,29,0.42718446601941745,neutral
DHLYVFLR,44,29,13,16,73,29,0.42718446601941745,neutral
SFVFFYNG,43,30,12,17,73,29,0.42718446601941745,neutral
IFDIDSCC,45,28,13,16,73,29,0.42718446601941745,neutral
CILRRYYD,46,27,12,17,73,29,0.42718446601941745,neutral
IFIVYSDH,40,33,13,16,73,29,0.42718446601941745,neutral
NCVFSYGV,41,32,15,14,73,29,0.42718446601941745,neutral
YCICSYRC,40,33,15,14,73,29,0.42718446601941745,neutral
LNCHYCVL,46,27,17,12,73,29,0.42718446601941745,neutral
RIFHYHRC,49,31,13,20,80,33,0.42727272727272725,neutral
YRLRGCIR,49,31,19,14,80,33,0.42727272727272725,neutral
YNFNCDVR,49,31,21,12,80,33,0.42727272727272725,neutral
HCGFNVCD,48,32,14,19,80,33,0.42727272727272725,neutral
ILDYCDCH,47,33,16,17,80,33,0.42727272727272725,neutral
FCYNYCVN,41,39,18,15,80,33,0.42727272727272725,neutral
YRCFCYHL,49,31,13,20,80,33,0.42727272727272725,neutral
SCIVFVDH,46,34,14,19,80,33,0.42727272727272725,neutral
LCCGGRLC,48,32,14,19,80,33,0.42727272727272725,neutral
FFVYDVHD,48,39,15,22,87,37,0.42735042735042733,neutral
VFGCFGYV,43,44,16,21,87,37,0.42735042735042733,neutral
CCVCCCNC,51,36,20,17,87,37,0.42735042735042733,neutral
FSLDCYDF,55,39,19,22,94,41,0.4274193548387097,neutral
FNLYCLYD,55,39,15,26,94,41,0.4274193548387097,neutral
CCSHYICG,55,39,22,19,94,41,0.4274193548387097,neutral
IICGDFYG,54,40,18,23,94,41,0.4274193548387097,neutral
DCRLNYYF,59,42,20,25,101,45,0.42748091603053434,neutral
IYVRGCLS,63,45,20,29,108,49,0.427536231884058,neutral
FFDGVGLG,67,48,24,29,115,53,0.42758620689655175,neutral
LCIGVCRI,69,53,34,23,122,57,0.4276315789473684,neutral
LFLHFNGL,68,54,28,29,122,57,0.4276315789473684,neutral
YGFLHCRN,70,52,32,25,122,57,0.4276315789473684,neutral
RFVCRCFG,83,67,37,36,150,73,0.42777777777777776,neutral
FGDYSRLG,84,66,33,40,150,73,0.42777777777777776,neutral
FCFCVYHH,14,12,1,1,26,2,0.42857142857142855,neutral
VVCFGHVF,40,28,14,12,68,26,0.42857142857142855,neutral
FFDRCVIV,33,21,7,11,54,18,0.42857142857142855,neutral
DDDSFFRC,25,22,9,5,47,14,0.42857142857142855,neutral
LVFFCVFR,21,12,3,3,33,6,0.42857142857142855,neutral
CVICGCVH,31,23,8,10,54,18,0.42857142857142855,neutral
IFSVLVSV,25,15,6,4,40,10,0.42857142857142855,neutral
FVVIHVRC,19,7,1,1,26,2,0.42857142857142855,neutral
LVFVVFFF,20,6,0,2,26,2,0.42857142857142855,neutral
FCICFFCN,27,13,4,6,40,10,0.42857142857142855,neutral
FYNSICCC,29,18,9,5,47,14,0.42857142857142855,neutral
NCSCVGGL,34,20,6,12,54,18,0.42857142857142855,neutral
FVFCNIGI,32,22,10,8,54,18,0.42857142857142855,neutral
CCCFSFCD,39,22,10,12,61,22,0.42857142857142855,neutral
NNIVCFSN,26,14,5,5,40,10,0.42857142857142855,neutral
IYILFCHV,14,12,1,1,26,2,0.42857142857142855,neutral
YFGDGVLG,47,35,17,17,82,34,0.42857142857142855,neutral
YLFCRCYS,19,14,5,1,33,6,0.42857142857142855,neutral
YVGDYVCN,60,43,19,27,103,46,0.42857142857142855,neutral
CYCFHVRG,37,24,13,9,61,22,0.42857142857142855,neutral
VCFCYIYS,25,22,8,6,47,14,0.42857142857142855,neutral
FHFVICVR,17,9,1,1,26,2,0.42857142857142855,neutral
SSVFYRCV,51,38,17,21,89,38,0.42857142857142855,neutral
CDFVLIFF,21,5,1,1,26,2,0.42857142857142855,neutral
CCLRFGSN,38,23,7,15,61,22,0.42857142857142855,neutral
FCILLVCI,14,12,1,1,26,2,0.42857142857142855,neutral
VFHFILFC,22,11,2,4,33,6,0.42857142857142855,neutral
SICGCYFG,24,16,7,3,40,10,0.42857142857142855,neutral
VCHYVVYC,14,12,2,0,26,2,0.42857142857142855,neutral
FCIHVLIV,16,17,2,4,33,6,0.42857142857142855,neutral
DLVGFFIC,58,45,20,26,103,46,0.42857142857142855,neutral
DYVYSSGF,27,13,3,7,40,10,0.42857142857142855,neutral
YIYVVYSY,20,13,0,6,33,6,0.42857142857142855,neutral
VYFCFFLF,18,8,1,1,26,2,0.42857142857142855,neutral
FFCFICHL,16,10,1,1,26,2,0.42857142857142855,neutral
FFHVRYCV,24,9,4,2,33,6,0.42857142857142855,neutral
YFLSCCCC,23,17,6,4,40,10,0.42857142857142855,neutral
LLYCCSIY,38,30,13,13,68,26,0.42857142857142855,neutral
DSHDIYLG,37,24,11,11,61,22,0.42857142857142855,neutral
HVLIYHFY,21,26,5,9,47,14,0.42857142857142855,neutral
FVFNICLG,37,24,10,12,61,22,0.42857142857142855,neutral
LFFYVIFV,19,7,1,1,26,2,0.42857142857142855,neutral
FCHFDLYF,35,19,11,7,54,18,0.42857142857142855,neutral
HYGLSFYH,34,34,10,16,68,26,0.42857142857142855,neutral
CYRHGSFC,36,25,10,12,61,22,0.42857142857142855,neutral
CIHYLCYI,22,11,3,3,33,6,0.42857142857142855,neutral
GFHGYSLG,34,20,5,13,54,18,0.42857142857142855,neutral
CIFVGVCC,21,12,3,3,33,6,0.42857142857142855,neutral
FNIVYYFY,16,10,1,1,26,2,0.42857142857142855,neutral
FCIHVSRI,18,15,4,2,33,6,0.42857142857142855,neutral
YNCIYCGG,21,12,2,4,33,6,0.42857142857142855,neutral
YYIRLFIC,16,10,1,1,26,2,0.42857142857142855,neutral
VIVDRCVY,33,21,9,9,54,18,0.42857142857142855,neutral
CCCRDLLI,31,30,13,9,61,22,0.42857142857142855,neutral
LGLFGRCY,29,11,5,5,40,10,0.42857142857142855,neutral
SHSFHVVF,30,17,6,8,47,14,0.42857142857142855,neutral
VVCCRDCH,42,40,17,17,82,34,0.42857142857142855,neutral
CHCNCLLR,26,14,6,4,40,10,0.42857142857142855,neutral
VIFCGIII,22,11,5,1,33,6,0.42857142857142855,neutral
YNIYCFGF,13,13,1,1,26,2,0.42857142857142855,neutral
VLGCLCFV,31,30,8,14,61,22,0.42857142857142855,neutral
FGVYYYIR,26,14,6,4,40,10,0.42857142857142855,neutral
FYNFDVYF,25,15,5,5,40,10,0.42857142857142855,neutral
CFVVCDCC,19,14,4,2,33,6,0.42857142857142855,neutral
FFCIFHDL,26,21,5,9,47,14,0.42857142857142855,neutral
LCDCCRFS,30,31,6,16,61,22,0.42857142857142855,neutral
LCDIFGGF,72,59,32,30,131,62,0.42857142857142855,neutral
VVCCCCFC,43,25,12,14,68,26,0.42857142857142855,neutral
FDIFGVRL,45,30,14,16,75,30,0.42857142857142855,neutral
YVVLSCVI,46,29,16,14,75,30,0.42857142857142855,neutral
HSCILCVL,25,22,10,4,47,14,0.42857142857142855,neutral
FGCIYCII,23,10,2,4,33,6,0.42857142857142855,neutral
CCFCSVVS,47,28,17,13,75,30,0.42857142857142855,neutral
FLGGLFGD,70,54,31,27,124,58,0.42857142857142855,neutral
CVVCYIVV,14,12,2,0,26,2,0.42857142857142855,neutral
YYFSGDLN,45,30,11,19,75,30,0.42857142857142855,neutral
DVYFYRLC,46,29,15,15,75,30,0.42857142857142855,neutral
FRVHSGRY,26,28,8,10,54,18,0.42857142857142855,neutral
LRLGHVFV,53,36,19,19,89,38,0.42857142857142855,neutral
LFYYYFGN,29,11,5,5,40,10,0.42857142857142855,neutral
GIHHYYGN,32,15,3,11,47,14,0.42857142857142855,neutral
ICCLLVSV,36,18,9,9,54,18,0.42857142857142855,neutral
CICLGYFH,19,7,2,0,26,2,0.42857142857142855,neutral
FCHFVILN,28,12,5,5,40,10,0.42857142857142855,neutral
CRCGFCGI,23,17,4,6,40,10,0.42857142857142855,neutral
LYVNIGIH,19,7,2,0,26,2,0.42857142857142855,neutral
FVHCSYGL,40,21,9,13,61,22,0.42857142857142855,neutral
CCYHSVLN,27,20,5,9,47,14,0.42857142857142855,neutral
NLCYCCYN,38,23,7,15,61,22,0.42857142857142855,neutral
FLLCFICC,18,8,0,2,26,2,0.42857142857142855,neutral
FYRSFDIV,35,19,8,10,54,18,0.42857142857142855,neutral
FCVFFYVS,18,8,1,1,26,2,0.42857142857142855,neutral
ICYIGVFL,17,9,0,2,26,2,0.42857142857142855,neutral
FIFYVDNC,34,20,10,8,54,18,0.42857142857142855,neutral
LYYGCCHL,25,15,4,6,40,10,0.42857142857142855,neutral
VHCCCDIR,59,44,24,22,103,46,0.42857142857142855,neutral
LFGGIVGC,53,36,18,20,89,38,0.42857142857142855,neutral
FIYFYGDD,42,33,19,11,75,30,0.42857142857142855,neutral
RHLRIVDC,60,50,19,31,110,50,0.42857142857142855,neutral
YYYIYCRN,22,25,7,7,47,14,0.42857142857142855,neutral
FDYVGLRY,15,18,5,1,33,6,0.42857142857142855,neutral
CHGFYNDR,36,18,9,9,54,18,0.42857142857142855,neutral
HCYLCHCC,28,19,5,9,47,14,0.42857142857142855,neutral
HFNYFNLH,43,25,10,16,68,26,0.42857142857142855,neutral
CNCFFYII,13,13,2,0,26,2,0.42857142857142855,neutral
NFDGYFDV,29,25,10,8,54,18,0.42857142857142855,neutral
YCGVYLFC,19,7,0,2,26,2,0.42857142857142855,neutral
VCRCHHRF,61,42,17,29,103,46,0.42857142857142855,neutral
HFVCIVNH,39,22,14,8,61,22,0.42857142857142855,neutral
CHCCSVSD,21,19,7,3,40,10,0.42857142857142855,neutral
LCIYVCHV,31,23,9,9,54,18,0.42857142857142855,neutral
CCVHFFRR,41,27,12,14,68,26,0.42857142857142855,neutral
LCLVGCFY,32,15,9,5,47,14,0.42857142857142855,neutral
SCGIFDFF,20,13,4,2,33,6,0.42857142857142855,neutral
FIYSCYSR,20,13,4,2,33,6,0.42857142857142855,neutral
CFVVFFRN,13,13,0,2,26,2,0.42857142857142855,neutral
FVSFFGHC,42,33,14,16,75,30,0.42857142857142855,neutral
YCFGGVLN,14,19,2,4,33,6,0.42857142857142855,neutral
YIFDFFFC,19,14,5,1,33,6,0.42857142857142855,neutral
SNVCCFNF,32,15,8,6,47,14,0.42857142857142855,neutral
FFVVDVLV,25,15,5,5,40,10,0.42857142857142855,neutral
YGDFCCFV,69,62,38,24,131,62,0.42857142857142855,neutral
LCLCRVCG,43,25,13,13,68,26,0.42857142857142855,neutral
RLGVIYLC,20,20,5,5,40,10,0.42857142857142855,neutral
FFVSGVGF,33,14,8,6,47,14,0.42857142857142855,neutral
DYRHLGLC,31,23,7,11,54,18,0.42857142857142855,neutral
CICFFFIR,17,9,2,0,26,2,0.42857142857142855,neutral
LYCFFCVI,16,10,1,1,26,2,0.42857142857142855,neutral
CYFHCYCF,15,11,1,1,26,2,0.42857142857142855,neutral
CICCRVCF,19,7,1,1,26,2,0.42857142857142855,neutral
VIVFHCCV,19,14,2,4,33,6,0.42857142857142855,neutral
VFCVGIFD,52,37,17,21,89,38,0.42857142857142855,neutral
SDCCCFVG,36,18,10,8,54,18,0.42857142857142855,neutral
CCGFFSVY,35,19,11,7,54,18,0.42857142857142855,neutral
FNFINIYR,25,15,7,3,40,10,0.42857142857142855,neutral
IVFFGCFG,21,12,5,1,33,6,0.42857142857142855,neutral
LCCDCVGV,67,50,29,25,117,54,0.42857142857142855,neutral
CVYSFVRD,42,26,13,13,68,26,0.42857142857142855,neutral
FYVNCCCH,27,13,5,5,40,10,0.42857142857142855,neutral
LFCVFRCG,22,18,7,3,40,10,0.42857142857142855,neutral
VIRYSCSL,82,63,37,33,145,70,0.42857142857142855,neutral
CRCCFCFF,25,8,3,3,33,6,0.42857142857142855,neutral
FVGHDFIR,35,19,8,10,54,18,0.42857142857142855,neutral
FFYNSFRG,35,26,10,12,61,22,0.42857142857142855,neutral
IFFFYSYC,23,10,1,5,33,6,0.42857142857142855,neutral
CLCGYCFS,24,9,5,1,33,6,0.42857142857142855,neutral
FYVLIGLN,17,9,0,2,26,2,0.42857142857142855,neutral
CYCCNHYS,25,15,4,6,40,10,0.42857142857142855,neutral
LVFLVVVG,21,5,2,0,26,2,0.42857142857142855,neutral
IFLGCCCN,37,31,10,16,68,26,0.42857142857142855,neutral
YFFCVYLL,19,7,1,1,26,2,0.42857142857142855,neutral
YYVSCYFD,37,24,12,10,61,22,0.42857142857142855,neutral
VCIVCLFR,18,8,2,0,26,2,0.42857142857142855,neutral
VRCRNCFC,34,34,10,16,68,26,0.42857142857142855,neutral
ICGCLYGY,23,10,2,4,33,6,0.42857142857142855,neutral
YSGLCICD,29,11,6,4,40,10,0.42857142857142855,neutral
LNCYVFVD,82,63,33,37,145,70,0.42857142857142855,neutral
VFFICYCF,16,10,0,2,26,2,0.42857142857142855,neutral
FRCGLYDV,31,16,11,3,47,14,0.42857142857142855,neutral
FFGFRVNF,22,11,5,1,33,6,0.42857142857142855,neutral
ICFRIFVY,18,8,1,1,26,2,0.42857142857142855,neutral
FCIFCGIH,41,27,11,15,68,26,0.42857142857142855,neutral
FFFYCICN,21,5,0,2,26,2,0.42857142857142855,neutral
IGVLDNFC,43,32,20,10,75,30,0.42857142857142855,neutral
CDCCNFVC,53,36,18,20,89,38,0.42857142857142855,neutral
FCGCGYFH,38,23,10,12,61,22,0.42857142857142855,neutral
IYVCLISV,23,10,2,4,33,6,0.42857142857142855,neutral
LYSIIDFG,40,21,11,11,61,22,0.42857142857142855,neutral
CCYFCGRI,24,16,2,8,40,10,0.42857142857142855,neutral
IICFSICN,42,26,12,14,68,26,0.42857142857142855,neutral
FISCCIFH,39,22,11,11,61,22,0.42857142857142855,neutral
FFDCVSRI,74,59,29,34,133,63,0.4294478527607362,neutral
GDDSFYDY,71,55,30,29,126,59,0.42948717948717946,neutral
YCCRDIYH,71,55,31,28,126,59,0.42948717948717946,neutral
DVSHSFVL,61,44,26,21,105,47,0.42962962962962964,neutral
GCFCCYDL,57,48,19,28,105,47,0.42962962962962964,neutral
INCSGCVF,57,48,22,25,105,47,0.42962962962962964,neutral
DVSGLRFC,57,41,23,20,98,43,0.4296875,neutral
YGGYVSIC,56,42,17,26,98,43,0.4296875,neutral
CHICCDVV,56,42,21,22,98,43,0.4296875,neutral
VVVHCICS,50,41,17,22,91,39,0.4297520661157025,neutral
RVFVYRSI,50,41,14,25,91,39,0.4297520661157025,neutral
VCFYVDYS,47,37,19,16,84,35,0.4298245614035088,neutral
FCCGDYGC,43,34,15,16,77,31,0.42990654205607476,neutral
FCCFVSSL,101,83,40,52,184,92,0.42990654205607476,neutral
VHYCCDDR,45,32,16,15,77,31,0.42990654205607476,neutral
FCGHDGVF,47,30,12,19,77,31,0.42990654205607476,neutral
IGRYFFRV,46,31,11,20,77,31,0.42990654205607476,neutral
FINRGGFV,46,31,13,18,77,31,0.42990654205607476,neutral
VFYFCHHL,41,29,10,17,70,27,0.43,neutral
VCFIFHGY,36,34,11,16,70,27,0.43,neutral
CFCFFGSG,37,33,13,14,70,27,0.43,neutral
CFRCCDLI,40,30,9,18,70,27,0.43,neutral
SSYRLYFG,44,26,14,13,70,27,0.43,neutral
FCVFSCGH,44,26,14,13,70,27,0.43,neutral
CLGNRCCC,43,27,11,16,70,27,0.43,neutral
GSSVCCCV,44,26,14,13,70,27,0.43,neutral
IVYFDSGN,39,31,12,15,70,27,0.43,neutral
YDDCCFRL,44,26,15,12,70,27,0.43,neutral
LDLVSVCH,83,80,32,48,163,80,0.43005181347150256,neutral
RFCCCSID,38,25,8,15,63,23,0.43010752688172044,neutral
FCVYSVVS,30,33,13,10,63,23,0.43010752688172044,neutral
GVNHFFFF,37,26,13,10,63,23,0.43010752688172044,neutral
FRCSCCFH,39,24,6,17,63,23,0.43010752688172044,neutral
LCIHGGDL,39,24,13,10,63,23,0.43010752688172044,neutral
YDSYCIRH,39,24,12,11,63,23,0.43010752688172044,neutral
NFVFCSCG,38,25,9,14,63,23,0.43010752688172044,neutral
YVRLRVRY,39,24,10,13,63,23,0.43010752688172044,neutral
YRDFVCGL,37,26,7,16,63,23,0.43010752688172044,neutral
SGFFHIDF,41,22,11,12,63,23,0.43010752688172044,neutral
CVCISGYF,36,27,5,18,63,23,0.43010752688172044,neutral
GFVRCCVI,39,24,9,14,63,23,0.43010752688172044,neutral
LYCVRRYF,38,25,11,12,63,23,0.43010752688172044,neutral
FCSYCGCD,84,65,28,44,149,72,0.4301675977653631,neutral
RCCCGLSI,34,22,13,6,56,19,0.43023255813953487,neutral
GGYIHYSF,27,29,5,14,56,19,0.43023255813953487,neutral
VCIVSHIC,36,20,11,8,56,19,0.43023255813953487,neutral
VVFGSGVG,30,26,11,8,56,19,0.43023255813953487,neutral
IYYSGRCF,34,22,12,7,56,19,0.43023255813953487,neutral
GCLYFCNH,31,25,11,8,56,19,0.43023255813953487,neutral
YLVLNVFD,35,21,11,8,56,19,0.43023255813953487,neutral
FCGLGCFD,26,30,9,10,56,19,0.43023255813953487,neutral
YFVLDDDF,34,22,11,8,56,19,0.43023255813953487,neutral
YVYRGCSG,34,22,7,12,56,19,0.43023255813953487,neutral
VCYGVCGG,36,20,12,7,56,19,0.43023255813953487,neutral
YCGRYNFG,37,19,14,5,56,19,0.43023255813953487,neutral
LCCGLRHC,37,19,8,11,56,19,0.43023255813953487,neutral
NYVVFIGR,33,23,10,9,56,19,0.43023255813953487,neutral
CCCYLNGD,75,60,26,38,135,64,0.4303030303030303,neutral
GSHHCCCC,76,59,33,31,135,64,0.4303030303030303,neutral
IVGVIDHF,29,20,10,5,49,15,0.43037974683544306,neutral
CCCHFYLL,29,20,10,5,49,15,0.43037974683544306,neutral
HFYFFCCH,30,19,8,7,49,15,0.43037974683544306,neutral
NCVRIFCV,26,23,8,7,49,15,0.43037974683544306,neutral
YYVRVDCF,32,17,7,8,49,15,0.43037974683544306,neutral
CRLDSYLL,70,58,24,36,128,60,0.43037974683544306,neutral
ICDCCSIG,29,20,4,11,49,15,0.43037974683544306,neutral
CCISFYRV,34,15,6,9,49,15,0.43037974683544306,neutral
ICCCCVYV,29,20,6,9,49,15,0.43037974683544306,neutral
ICVCVGVV,33,16,7,8,49,15,0.43037974683544306,neutral
FHYLSCSF,28,21,8,7,49,15,0.43037974683544306,neutral
SNFGFFYF,24,25,6,9,49,15,0.43037974683544306,neutral
CCFCNCCF,32,17,5,10,49,15,0.43037974683544306,neutral
CICYDSGF,28,21,7,8,49,15,0.43037974683544306,neutral
YCCYDGSH,33,16,7,8,49,15,0.43037974683544306,neutral
VFDRLSCL,70,51,34,22,121,56,0.4304635761589404,neutral
CYYGCINL,23,19,3,8,42,11,0.4305555555555556,neutral
FCYHIYDR,27,15,4,7,42,11,0.4305555555555556,neutral
FVCFCGNC,26,16,7,4,42,11,0.4305555555555556,neutral
IICFNYSL,27,15,6,5,42,11,0.4305555555555556,neutral
FCYFDFNY,27,15,7,4,42,11,0.4305555555555556,neutral
RVYINVSV,22,20,4,7,42,11,0.4305555555555556,neutral
GCFNFVYI,63,51,23,29,114,52,0.4305555555555556,neutral
ILFFFYDD,21,21,2,9,42,11,0.4305555555555556,neutral
VCGCNCFC,27,15,5,6,42,11,0.4305555555555556,neutral
YVCCCYCH,29,13,3,8,42,11,0.4305555555555556,neutral
CCGHCGCH,22,20,5,6,42,11,0.4305555555555556,neutral
DNYGFCFL,64,50,19,33,114,52,0.4305555555555556,neutral
FGLFFRCR,23,19,7,4,42,11,0.4305555555555556,neutral
IDCCCFGH,29,13,5,6,42,11,0.4305555555555556,neutral
CCVILCGS,66,48,25,27,114,52,0.4305555555555556,neutral
ILFNCCCF,28,14,4,7,42,11,0.4305555555555556,neutral
YCGCFCFF,29,13,3,8,42,11,0.4305555555555556,neutral
IVGFIIDY,30,12,7,4,42,11,0.4305555555555556,neutral
NCHRFFFR,61,46,23,25,107,48,0.4306569343065693,neutral
SCCFIGLC,58,49,24,24,107,48,0.4306569343065693,neutral
VSCCNSCR,59,48,19,29,107,48,0.4306569343065693,neutral
VSGHCLDY,20,15,1,6,35,7,0.4307692307692308,neutral
FCSFFFDF,22,13,5,2,35,7,0.4307692307692308,neutral
VVCIYSIF,21,14,5,2,35,7,0.4307692307692308,neutral
VCCICFIC,19,16,1,6,35,7,0.4307692307692308,neutral
FGYCHDDV,24,11,2,5,35,7,0.4307692307692308,neutral
FFFNSCFF,23,12,1,6,35,7,0.4307692307692308,neutral
CLVCISYH,22,13,1,6,35,7,0.4307692307692308,neutral
FHCFFVHV,20,15,4,3,35,7,0.4307692307692308,neutral
CYSLDVCI,56,44,26,18,100,44,0.4307692307692308,neutral
CCFGLRIC,56,44,16,28,100,44,0.4307692307692308,neutral
FCHFFVFC,25,10,3,4,35,7,0.4307692307692308,neutral
DIFVCYHD,24,11,4,3,35,7,0.4307692307692308,neutral
FYNIHHLR,19,16,3,4,35,7,0.4307692307692308,neutral
HLRYHGDF,19,16,5,2,35,7,0.4307692307692308,neutral
CYCFLDII,20,15,6,1,35,7,0.4307692307692308,neutral
VIFNCYYV,20,15,2,5,35,7,0.4307692307692308,neutral
LGCCNCGI,22,13,4,3,35,7,0.4307692307692308,neutral
GYRCIVYC,20,15,4,3,35,7,0.4307692307692308,neutral
DYRFRLYL,24,11,3,4,35,7,0.4307692307692308,neutral
CCFHCCVY,21,14,4,3,35,7,0.4307692307692308,neutral
CGDCYCFY,24,11,2,5,35,7,0.4307692307692308,neutral
CLCFFVHH,21,14,4,3,35,7,0.4307692307692308,neutral
VYVCFYGG,24,11,4,3,35,7,0.4307692307692308,neutral
CYICRSCR,20,15,4,3,35,7,0.4307692307692308,neutral
FHFCSIFC,21,14,5,2,35,7,0.4307692307692308,neutral
SFVGILVY,22,13,4,3,35,7,0.4307692307692308,neutral
RVLYGYGG,58,42,19,25,100,44,0.4307692307692308,neutral
FIVCHSHV,59,41,23,21,100,44,0.4307692307692308,neutral
LDFLCCLN,59,41,22,22,100,44,0.4307692307692308,neutral
VIGFFCHL,22,13,3,4,35,7,0.4307692307692308,neutral
FCFYYLRR,24,11,5,2,35,7,0.4307692307692308,neutral
FCSYSCVL,52,41,16,24,93,40,0.43089430894308944,neutral
YVHVFSIN,52,34,16,20,86,36,0.43103448275862066,neutral
FIGHDDFV,52,34,18,18,86,36,0.43103448275862066,neutral
FFYCCLDY,17,11,0,3,28,3,0.43103448275862066,neutral
FYFLVIFD,21,7,2,1,28,3,0.43103448275862066,neutral
YCNFDVRL,49,37,15,21,86,36,0.43103448275862066,neutral
RYFVVCHG,49,37,16,20,86,36,0.43103448275862066,neutral
FVFLCFLF,18,10,1,2,28,3,0.43103448275862066,neutral
YVVFVFVN,18,10,1,2,28,3,0.43103448275862066,neutral
YRFCCVCL,15,13,1,2,28,3,0.43103448275862066,neutral
FLFSCFGI,21,7,1,2,28,3,0.43103448275862066,neutral
IFYFYYHS,18,10,2,1,28,3,0.43103448275862066,neutral
FIGFGLCV,81,63,39,30,144,69,0.43103448275862066,neutral
FYVIIGCC,17,11,2,1,28,3,0.43103448275862066,neutral
LFVIYYSL,16,12,2,1,28,3,0.43103448275862066,neutral
IYIDFLLH,17,11,3,0,28,3,0.43103448275862066,neutral
VHLCVRCC,16,12,2,1,28,3,0.43103448275862066,neutral
IFYVCFVC,17,11,1,2,28,3,0.43103448275862066,neutral
CFYLFVLV,23,5,1,2,28,3,0.43103448275862066,neutral
FFLCLLVV,16,12,1,2,28,3,0.43103448275862066,neutral
DVLRFIIV,16,12,1,2,28,3,0.43103448275862066,neutral
CCCFRDCG,18,10,1,2,28,3,0.43103448275862066,neutral
CFLCCSCC,12,16,2,1,28,3,0.43103448275862066,neutral
GVFICVVY,13,15,0,3,28,3,0.43103448275862066,neutral
RCIFVVFF,12,16,0,3,28,3,0.43103448275862066,neutral
VRLFYRYL,18,10,1,2,28,3,0.43103448275862066,neutral
FCCFYCHY,16,12,2,1,28,3,0.43103448275862066,neutral
CSFFYICH,16,12,0,3,28,3,0.43103448275862066,neutral
FICIRRFH,20,8,1,2,28,3,0.43103448275862066,neutral
FFYCLILV,16,12,1,2,28,3,0.43103448275862066,neutral
NCISCCIF,46,40,13,23,86,36,0.43103448275862066,neutral
CLYFRVDF,20,8,2,1,28,3,0.43103448275862066,neutral
CVICNVSD,77,60,34,31,137,65,0.4311377245508982,neutral
FFDSFFVI,48,31,15,17,79,32,0.43119266055045874,neutral
FRYHRVHD,41,38,15,17,79,32,0.43119266055045874,neutral
INHGGILF,42,37,20,12,79,32,0.43119266055045874,neutral
SVFFVFGG,71,59,35,26,130,61,0.43125,neutral
CFSNCRFG,35,37,15,13,72,28,0.43137254901960786,neutral
SCCFVCGC,45,27,15,13,72,28,0.43137254901960786,neutral
CGCCLFDC,41,31,12,16,72,28,0.43137254901960786,neutral
CRSVGYYG,44,28,11,17,72,28,0.43137254901960786,neutral
VRCVFCSI,69,54,31,26,123,57,0.43137254901960786,neutral
SYICGGIC,44,28,10,18,72,28,0.43137254901960786,neutral
CHCCVRHF,38,34,8,20,72,28,0.43137254901960786,neutral
FIGICLGL,62,54,28,25,116,53,0.4315068493150685,neutral
LVHGIYSC,66,50,25,28,116,53,0.4315068493150685,neutral
CCFLFSYN,65,51,27,26,116,53,0.4315068493150685,neutral
VNYYINLG,41,24,13,11,65,24,0.43157894736842106,neutral
SICYCGGF,42,23,10,14,65,24,0.43157894736842106,neutral
YISFYCVH,42,23,11,13,65,24,0.43157894736842106,neutral
CCCNFCHN,39,26,6,18,65,24,0.43157894736842106,neutral
RSFYLCYH,38,27,8,16,65,24,0.43157894736842106,neutral
CVSDCIFD,32,33,12,12,65,24,0.43157894736842106,neutral
LSLFRGCF,38,27,12,12,65,24,0.43157894736842106,neutral
FHCCCSDL,39,26,15,9,65,24,0.43157894736842106,neutral
SLLFGISD,63,46,29,20,109,49,0.4316546762589928,neutral
DFSFICVL,31,27,9,11,58,20,0.4318181818181818,neutral
YNGIGYHF,35,23,10,10,58,20,0.4318181818181818,neutral
CCGRVNYY,33,25,12,8,58,20,0.4318181818181818,neutral
CCSFVHFN,55,47,18,27,102,45,0.4318181818181818,neutral
FIGVVNGY,36,22,8,12,58,20,0.4318181818181818,neutral
FVYGNFSC,55,47,23,22,102,45,0.4318181818181818,neutral
ICCCGYDF,37,21,12,8,58,20,0.4318181818181818,neutral
VCHCCSIV,35,23,10,10,58,20,0.4318181818181818,neutral
RFHFVCCV,36,22,10,10,58,20,0.4318181818181818,neutral
IDVCYCHH,60,42,28,17,102,45,0.4318181818181818,neutral
CICILGHV,37,21,6,14,58,20,0.4318181818181818,neutral
VILYDIHH,36,22,7,13,58,20,0.4318181818181818,neutral
IFFCRYCH,32,26,9,11,58,20,0.4318181818181818,neutral
FFYGCYGL,37,21,10,10,58,20,0.4318181818181818,neutral
NCFSCFHL,59,43,24,21,102,45,0.4318181818181818,neutral
VRLHFGCI,34,24,11,9,58,20,0.4318181818181818,neutral
GLSCGSDF,55,40,21,20,95,41,0.432,neutral
GRCIDYLF,51,44,13,28,95,41,0.432,neutral
LHSVVLCL,52,43,19,22,95,41,0.432,neutral
FFSGIVLV,57,38,19,22,95,41,0.432,neutral
CNYGVHVF,29,22,7,9,51,16,0.43209876543209874,neutral
FCYCNYVD,26,25,5,11,51,16,0.43209876543209874,neutral
FVCVGCVC,33,18,9,7,51,16,0.43209876543209874,neutral
NHRFIGCY,31,20,7,9,51,16,0.43209876543209874,neutral
CYGCRCSG,28,23,11,5,51,16,0.43209876543209874,neutral
DFSYNVCL,33,18,8,8,51,16,0.43209876543209874,neutral
CFDGFISR,34,17,7,9,51,16,0.43209876543209874,neutral
FYVFRGFC,35,16,6,10,51,16,0.43209876543209874,neutral
FDYYVLVD,30,21,9,7,51,16,0.43209876543209874,neutral
CYVGFNYV,27,24,6,10,51,16,0.43209876543209874,neutral
CCGCVGYI,34,17,5,11,51,16,0.43209876543209874,neutral
NNLYGFDV,27,24,8,8,51,16,0.43209876543209874,neutral
VYRLDFSC,33,18,5,11,51,16,0.43209876543209874,neutral
FNIVGSGF,27,24,9,7,51,16,0.43209876543209874,neutral
CNCCSVGF,32,19,7,9,51,16,0.43209876543209874,neutral
CNDLYCRY,28,23,8,8,51,16,0.43209876543209874,neutral
GYNLFGGR,29,22,10,6,51,16,0.43209876543209874,neutral
IFVDILSD,29,22,8,8,51,16,0.43209876543209874,neutral
IDFVCFFR,26,25,8,8,51,16,0.43209876543209874,neutral
VFVNCIRY,30,21,7,9,51,16,0.43209876543209874,neutral
LFCNCFCV,30,21,8,8,51,16,0.43209876543209874,neutral
FCCSNYGF,45,43,16,21,88,37,0.4322033898305085,neutral
GYFSCIHH,52,36,15,22,88,37,0.4322033898305085,neutral
FVDGGCVF,45,43,10,27,88,37,0.4322033898305085,neutral
GCSYINLD,23,21,5,7,44,12,0.43243243243243246,neutral
NFFFNVCL,47,34,13,20,81,33,0.43243243243243246,neutral
CRILCYGG,26,18,7,5,44,12,0.43243243243243246,neutral
FVDNSHVF,27,17,5,7,44,12,0.43243243243243246,neutral
CYNFCCRI,47,34,20,13,81,33,0.43243243243243246,neutral
FDYCICVC,27,17,5,7,44,12,0.43243243243243246,neutral
VGYSFLSN,68,50,33,21,118,54,0.43243243243243246,neutral
FCYDSCDD,28,16,5,7,44,12,0.43243243243243246,neutral
VRHCFCFV,30,14,8,4,44,12,0.43243243243243246,neutral
FYRHVDCI,28,16,6,6,44,12,0.43243243243243246,neutral
FFFCGNGR,26,18,9,3,44,12,0.43243243243243246,neutral
GLRCVFCV,30,14,9,3,44,12,0.43243243243243246,neutral
DCIRSFYR,49,32,17,16,81,33,0.43243243243243246,neutral
FNCNVYNL,24,20,4,8,44,12,0.43243243243243246,neutral
FRFGLYVC,24,20,7,5,44,12,0.43243243243243246,neutral
CYRFLDFF,26,18,6,6,44,12,0.43243243243243246,neutral
GCYYDSIY,25,19,9,3,44,12,0.43243243243243246,neutral
CLVVRRLL,87,68,37,38,155,75,0.43243243243243246,neutral
RCDYCIHD,26,18,4,8,44,12,0.43243243243243246,neutral
FFFFNCYS,45,36,17,16,81,33,0.43243243243243246,neutral
CCSCICCI,29,15,5,7,44,12,0.43243243243243246,neutral
RHNCFCDY,26,18,7,5,44,12,0.43243243243243246,neutral
HHFIGFNF,30,14,4,8,44,12,0.43243243243243246,neutral
GYCVSYDD,39,35,15,14,74,29,0.4326923076923077,neutral
FYYVRDVF,41,33,19,10,74,29,0.4326923076923077,neutral
FLHVGCCC,45,29,20,9,74,29,0.4326923076923077,neutral
LFCVFVHD,44,30,16,13,74,29,0.4326923076923077,neutral
YYDCGYSC,46,28,10,19,74,29,0.4326923076923077,neutral
GFGVDSYC,41,33,13,16,74,29,0.4326923076923077,neutral
FLYCNGCR,42,32,10,19,74,29,0.4326923076923077,neutral
VCLCVNVL,26,11,5,3,37,8,0.43283582089552236,neutral
FCHGCCGF,17,20,5,3,37,8,0.43283582089552236,neutral
CCYCFCGV,26,11,5,3,37,8,0.43283582089552236,neutral
IYDCDCDC,22,15,6,2,37,8,0.43283582089552236,neutral
FCHCVHVF,27,10,4,4,37,8,0.43283582089552236,neutral
NCIVYLFC,25,12,4,4,37,8,0.43283582089552236,neutral
VCCYCDYL,26,11,4,4,37,8,0.43283582089552236,neutral
CYCSFYGF,23,14,4,4,37,8,0.43283582089552236,neutral
LVCDFCYN,59,45,20,26,104,46,0.43283582089552236,neutral
IFCLDLGY,23,14,3,5,37,8,0.43283582089552236,neutral
VCHIDYLN,21,16,2,6,37,8,0.43283582089552236,neutral
FYYYYIFS,24,13,5,3,37,8,0.43283582089552236,neutral
NCHDYYCY,20,17,4,4,37,8,0.43283582089552236,neutral
FYYLVYGG,24,13,7,1,37,8,0.43283582089552236,neutral
CFCCYDCV,20,17,5,3,37,8,0.43283582089552236,neutral
LCFHCYFV,26,11,3,5,37,8,0.43283582089552236,neutral
CVVIILVV,26,11,5,3,37,8,0.43283582089552236,neutral
FVIFICGL,22,15,5,3,37,8,0.43283582089552236,neutral
YGLYYLCS,28,9,3,5,37,8,0.43283582089552236,neutral
FHFVISHH,26,11,4,4,37,8,0.43283582089552236,neutral
RCFVRVFC,19,18,3,5,37,8,0.43283582089552236,neutral
LCCLLYDI,28,9,1,7,37,8,0.43283582089552236,neutral
CGSCFCLC,26,11,2,6,37,8,0.43283582089552236,neutral
DIYLNRCG,61,43,24,22,104,46,0.43283582089552236,neutral
FSICLNVH,18,19,3,5,37,8,0.43283582089552236,neutral
CFIVVFFI,20,17,1,7,37,8,0.43283582089552236,neutral
YNGVIICV,20,17,4,4,37,8,0.43283582089552236,neutral
CHLRNRYY,22,15,5,3,37,8,0.43283582089552236,neutral
FFFCDCVI,24,13,4,4,37,8,0.43283582089552236,neutral
FCCSFLCC,22,15,3,5,37,8,0.43283582089552236,neutral
VCGCSCGF,23,14,4,4,37,8,0.43283582089552236,neutral
FCVCGCDL,22,15,2,6,37,8,0.43283582089552236,neutral
CFVCRFDR,20,17,3,5,37,8,0.43283582089552236,neutral
FLFYSYIC,27,10,3,5,37,8,0.43283582089552236,neutral
YCFVFFGL,24,13,4,4,37,8,0.43283582089552236,neutral
DIRVVLRV,75,59,28,35,134,63,0.4329268292682927,neutral
CSCCDGYY,40,27,11,14,67,25,0.4329896907216495,neutral
CDCFYIIG,38,29,11,14,67,25,0.4329896907216495,neutral
IFSGCFDG,39,28,17,8,67,25,0.4329896907216495,neutral
YCCYHCRI,38,29,10,15,67,25,0.4329896907216495,neutral
LYCDCCNN,40,27,9,16,67,25,0.4329896907216495,neutral
YINICVVS,42,25,12,13,67,25,0.4329896907216495,neutral
RVVCRCCN,43,24,10,15,67,25,0.4329896907216495,neutral
FDRHFDGL,43,24,14,11,67,25,0.4329896907216495,neutral
CFGFVNGV,43,24,19,6,67,25,0.4329896907216495,neutral
VCFFRSII,43,24,14,11,67,25,0.4329896907216495,neutral
HFFGDFYG,40,27,15,10,67,25,0.4329896907216495,neutral
FFYCLDSD,55,42,21,21,97,42,0.4330708661417323,neutral
CCFVFRCD,54,43,12,30,97,42,0.4330708661417323,neutral
CYVYIFIV,16,14,3,1,30,4,0.43333333333333335,neutral
YIVDYSCG,34,26,5,16,60,21,0.43333333333333335,neutral
VFVRFLGI,19,11,2,2,30,4,0.43333333333333335,neutral
VCDFCSDH,36,24,9,12,60,21,0.43333333333333335,neutral
YYHRDCIY,20,10,2,2,30,4,0.43333333333333335,neutral
LIIGFSCL,37,23,12,9,60,21,0.43333333333333335,neutral
YYVGCILL,21,9,4,0,30,4,0.43333333333333335,neutral
FFICVCGF,23,7,3,1,30,4,0.43333333333333335,neutral
LIVVNCHL,34,26,8,13,60,21,0.43333333333333335,neutral
CCSFVLYY,18,12,0,4,30,4,0.43333333333333335,neutral
VRCCIYIV,19,11,1,3,30,4,0.43333333333333335,neutral
LGILYIHL,23,7,3,1,30,4,0.43333333333333335,neutral
FDVCCIYH,39,21,9,12,60,21,0.43333333333333335,neutral
FHFINVCS,37,23,11,10,60,21,0.43333333333333335,neutral
FIIGLCVS,20,10,1,3,30,4,0.43333333333333335,neutral
VCVFVCVF,15,15,0,4,30,4,0.43333333333333335,neutral
CLCYICSY,17,13,1,3,30,4,0.43333333333333335,neutral
LGLGNCNY,38,22,8,13,60,21,0.43333333333333335,neutral
IICILCCI,20,10,1,3,30,4,0.43333333333333335,neutral
CDYCCIFF,24,6,2,2,30,4,0.43333333333333335,neutral
NGCLFYFL,22,8,2,2,30,4,0.43333333333333335,neutral
VFFFHCVG,49,41,15,23,90,38,0.43333333333333335,neutral
YYVRICYH,19,11,1,3,30,4,0.43333333333333335,neutral
CIIIVLRV,21,9,1,3,30,4,0.43333333333333335,neutral
IFLFYSIC,15,15,1,3,30,4,0.43333333333333335,neutral
SCCVCFNL,19,11,3,1,30,4,0.43333333333333335,neutral
GFCLGDCG,98,82,46,43,180,89,0.43333333333333335,neutral
FFFFVFLN,14,16,2,2,30,4,0.43333333333333335,neutral
CFYCFYSC,17,13,1,3,30,4,0.43333333333333335,neutral
IFNFVIFG,15,15,0,4,30,4,0.43333333333333335,neutral
VRCFCYLI,21,9,2,2,30,4,0.43333333333333335,neutral
CGCCCDLF,23,7,0,4,30,4,0.43333333333333335,neutral
VCIICDCG,54,36,21,17,90,38,0.43333333333333335,neutral
LFLIVFDV,16,14,1,3,30,4,0.43333333333333335,neutral
CISCSCGF,23,7,2,2,30,4,0.43333333333333335,neutral
IFVYFLLL,17,13,2,2,30,4,0.43333333333333335,neutral
YLFVSDYY,37,23,7,14,60,21,0.43333333333333335,neutral
FVYFFFCC,20,10,1,3,30,4,0.43333333333333335,neutral
FDCCYCVL,15,15,0,4,30,4,0.43333333333333335,neutral
LLYCRGVY,37,23,7,14,60,21,0.43333333333333335,neutral
FCDFGNIN,38,22,13,8,60,21,0.43333333333333335,neutral
HYFSYIVI,18,12,1,3,30,4,0.43333333333333335,neutral
VYNVYGFR,33,27,10,11,60,21,0.43333333333333335,neutral
FFCCCYVC,23,7,2,2,30,4,0.43333333333333335,neutral
YGCCFDVR,37,23,12,9,60,21,0.43333333333333335,neutral
CFICDFCD,35,25,11,10,60,21,0.43333333333333335,neutral
FRGVCGFL,39,21,5,16,60,21,0.43333333333333335,neutral
SGFDLYHH,35,25,9,12,60,21,0.43333333333333335,neutral
FVLILVCF,20,10,2,2,30,4,0.43333333333333335,neutral
FGLVCVDD,33,27,12,9,60,21,0.43333333333333335,neutral
LCVGCCSH,35,25,12,9,60,21,0.43333333333333335,neutral
FFLDVIYG,20,10,2,2,30,4,0.43333333333333335,neutral
YLFHCFVL,21,9,1,3,30,4,0.43333333333333335,neutral
ICVFCFYR,22,8,0,4,30,4,0.43333333333333335,neutral
SFFCSLRL,81,62,32,36,143,68,0.43352601156069365,neutral
YSDFFNSS,47,36,18,16,83,34,0.4336283185840708,neutral
YNIHCICN,46,37,17,17,83,34,0.4336283185840708,neutral
FVIGRVFC,49,34,13,21,83,34,0.4336283185840708,neutral
LFDVCILD,46,37,24,10,83,34,0.4336283185840708,neutral
VYIYGSDR,47,36,14,20,83,34,0.4336283185840708,neutral
VCRGFCGG,27,26,5,12,53,17,0.43373493975903615,neutral
CDYCVFHG,35,18,5,12,53,17,0.43373493975903615,neutral
FGVSSIVY,33,20,7,10,53,17,0.43373493975903615,neutral
YRGYDFGF,35,18,7,10,53,17,0.43373493975903615,neutral
FCCSGVCC,35,18,4,13,53,17,0.43373493975903615,neutral
IGGYGICR,27,26,10,7,53,17,0.43373493975903615,neutral
FFSCGYFR,33,20,7,10,53,17,0.43373493975903615,neutral
HVVYIHCG,30,23,8,9,53,17,0.43373493975903615,neutral
SRFCCCSH,35,18,5,12,53,17,0.43373493975903615,neutral
NDHCDYFV,36,17,6,11,53,17,0.43373493975903615,neutral
FLVCRNFC,23,30,11,6,53,17,0.43373493975903615,neutral
FYIHFFVD,35,18,10,7,53,17,0.43373493975903615,neutral
FGDGYFDY,33,20,9,8,53,17,0.43373493975903615,neutral
YIIHYYVY,35,18,7,10,53,17,0.43373493975903615,neutral
RCCYCDGI,30,23,7,10,53,17,0.43373493975903615,neutral
CVYGFGGH,32,21,3,14,53,17,0.43373493975903615,neutral
VSSCIGVF,32,21,8,9,53,17,0.43373493975903615,neutral
HCLNCFGY,32,21,7,10,53,17,0.43373493975903615,neutral
ILDVLFLD,34,19,7,10,53,17,0.43373493975903615,neutral
DCNNCVFL,35,18,4,13,53,17,0.43373493975903615,neutral
YIGCCHDL,32,21,8,9,53,17,0.43373493975903615,neutral
LCINFRYL,30,23,10,7,53,17,0.43373493975903615,neutral
YDLCFYCI,33,20,5,12,53,17,0.43373493975903615,neutral
FFVFGCGL,31,22,10,7,53,17,0.43373493975903615,neutral
FSGVFSYG,60,46,20,27,106,47,0.4338235294117647,neutral
VCCYYLSS,58,48,24,23,106,47,0.4338235294117647,neutral
FCIFYLCF,15,8,0,0,23,0,0.4339622641509434,neutral
FYDRCFRC,46,30,15,15,76,30,0.4339622641509434,neutral
FFYFFFGC,17,6,0,0,23,0,0.4339622641509434,neutral
CHGCDIRL,45,31,14,16,76,30,0.4339622641509434,neutral
FFFYYISR,14,9,0,0,23,0,0.4339622641509434,neutral
FSFYCFSG,46,30,13,17,76,30,0.4339622641509434,neutral
IYVVVRVF,13,10,0,0,23,0,0.4339622641509434,neutral
GFCVFIIV,7,16,0,0,23,0,0.4339622641509434,neutral
LFGFFSRC,16,7,0,0,23,0,0.4339622641509434,neutral
FFRCYIGS,37,39,14,16,76,30,0.4339622641509434,neutral
FIVCRILC,13,10,0,0,23,0,0.4339622641509434,neutral
LYDVVVSN,43,33,15,15,76,30,0.4339622641509434,neutral
FVFIFHIF,11,12,0,0,23,0,0.4339622641509434,neutral
RIFFFIYI,14,9,0,0,23,0,0.4339622641509434,neutral
VRLIIILR,12,11,0,0,23,0,0.4339622641509434,neutral
FYCILRFF,18,5,0,0,23,0,0.4339622641509434,neutral
FCLFYDHL,44,32,11,19,76,30,0.4339622641509434,neutral
CVVFVRYV,12,11,0,0,23,0,0.4339622641509434,neutral
RFRCCYHI,47,29,13,17,76,30,0.4339622641509434,neutral
YYCINVCN,47,29,12,18,76,30,0.4339622641509434,neutral
RYCNYSVI,72,57,30,30,129,60,0.4339622641509434,neutral
CRYYFLYC,16,7,0,0,23,0,0.4339622641509434,neutral
FLYFIVIN,16,7,0,0,23,0,0.4339622641509434,neutral
IFHFFYCV,14,9,0,0,23,0,0.4339622641509434,neutral
CNLFFICV,13,10,0,0,23,0,0.4339622641509434,neutral
CFVCRVIF,13,10,0,0,23,0,0.4339622641509434,neutral
YCFSCIIY,17,6,0,0,23,0,0.4339622641509434,neutral
CRICLFIS,16,7,0,0,23,0,0.4339622641509434,neutral
YCYYILIV,20,3,0,0,23,0,0.4339622641509434,neutral
VFSYYVCF,13,10,0,0,23,0,0.4339622641509434,neutral
LRFFCIVL,13,10,0,0,23,0,0.4339622641509434,neutral
FYFIVFFL,15,8,0,0,23,0,0.4339622641509434,neutral
CFLIVFSL,14,9,0,0,23,0,0.4339622641509434,neutral
FCVIYLLV,17,6,0,0,23,0,0.4339622641509434,neutral
FFYIRFCV,10,13,0,0,23,0,0.4339622641509434,neutral
IISGYLVL,43,33,14,16,76,30,0.4339622641509434,neutral
LYCLVLCC,18,5,0,0,23,0,0.4339622641509434,neutral
FVFHCLVF,17,6,0,0,23,0,0.4339622641509434,neutral
NFNFCFVF,15,8,0,0,23,0,0.4339622641509434,neutral
DCNVSDYV,74,55,29,31,129,60,0.4339622641509434,neutral
YVFVCLIF,10,13,0,0,23,0,0.4339622641509434,neutral
FFCFFSFI,16,7,0,0,23,0,0.4339622641509434,neutral
FCVICRFF,13,10,0,0,23,0,0.4339622641509434,neutral
IFVLCVRV,15,8,0,0,23,0,0.4339622641509434,neutral
FYFLVLVH,27,19,4,9,46,13,0.4342105263157895,neutral
CCCSCFCN,25,21,6,7,46,13,0.4342105263157895,neutral
DFDRFCNL,29,17,9,4,46,13,0.4342105263157895,neutral
FFFINCCG,70,52,25,31,122,56,0.4342105263157895,neutral
CHYFFCCV,32,14,5,8,46,13,0.4342105263157895,neutral
YYFIYHRS,30,16,8,5,46,13,0.4342105263157895,neutral
FVNFVCCI,25,21,8,5,46,13,0.4342105263157895,neutral
FICFFSFN,27,19,10,3,46,13,0.4342105263157895,neutral
VRLCYRIV,29,17,8,5,46,13,0.4342105263157895,neutral
CFRCGNGG,30,16,9,4,46,13,0.4342105263157895,neutral
RCRVVVCY,28,18,5,8,46,13,0.4342105263157895,neutral
SFGHYFVD,31,15,4,9,46,13,0.4342105263157895,neutral
GDNFGFCL,28,18,9,4,46,13,0.4342105263157895,neutral
ICINDYCV,31,15,5,8,46,13,0.4342105263157895,neutral
FYCVLSCS,28,18,3,10,46,13,0.4342105263157895,neutral
FFFNRFCV,30,16,6,7,46,13,0.4342105263157895,neutral
GDIRYGCF,31,15,5,8,46,13,0.4342105263157895,neutral
FCCDVDIV,25,21,5,8,46,13,0.4342105263157895,neutral
FDFGCRVD,40,29,11,15,69,26,0.43434343434343436,neutral
FNCSIGCC,44,25,9,17,69,26,0.43434343434343436,neutral
IDFGHDFG,41,28,14,12,69,26,0.43434343434343436,neutral
LYVFDFSC,41,28,12,14,69,26,0.43434343434343436,neutral
SLCSHGSF,36,33,16,10,69,26,0.43434343434343436,neutral
CCICHFNF,44,25,13,13,69,26,0.43434343434343436,neutral
GHCGCGFL,40,29,12,14,69,26,0.43434343434343436,neutral
LYCCCYDF,44,25,10,16,69,26,0.43434343434343436,neutral
FLSVCSDV,54,38,14,25,92,39,0.4344262295081967,neutral
NYGFCYHC,55,37,20,19,92,39,0.4344262295081967,neutral
FCRRLLYG,54,38,17,22,92,39,0.4344262295081967,neutral
CFSFGNVF,54,38,23,16,92,39,0.4344262295081967,neutral
SCFVCDCV,66,49,20,32,115,52,0.43448275862068964,neutral
LVLSLFSS,124,106,60,57,230,117,0.4346153846153846,neutral
CCVCVRHV,52,33,12,23,85,35,0.43478260869565216,neutral
RIYRIGYL,27,12,3,6,39,9,0.43478260869565216,neutral
CYCYDSFR,23,16,4,5,39,9,0.43478260869565216,neutral
FILRDLHF,19,20,4,5,39,9,0.43478260869565216,neutral
FSGGYCSY,28,11,3,6,39,9,0.43478260869565216,neutral
FCFLVCDH,39,23,9,13,62,22,0.43478260869565216,neutral
FIVVHNFN,21,18,3,6,39,9,0.43478260869565216,neutral
YYNYSGLY,27,12,6,3,39,9,0.43478260869565216,neutral
CCGYYLNG,33,29,9,13,62,22,0.43478260869565216,neutral
YCCGVCIF,23,16,4,5,39,9,0.43478260869565216,neutral
GVYYCIDY,20,19,3,6,39,9,0.43478260869565216,neutral
GCFCYNCG,26,13,2,7,39,9,0.43478260869565216,neutral
FFLHFVDI,48,37,13,22,85,35,0.43478260869565216,neutral
FCGCVRRY,27,12,2,7,39,9,0.43478260869565216,neutral
CFFFIIDD,27,12,5,4,39,9,0.43478260869565216,neutral
FLCLGFGN,38,24,7,15,62,22,0.43478260869565216,neutral
CIHCYYFV,22,17,4,5,39,9,0.43478260869565216,neutral
RCLVFVCF,27,12,6,3,39,9,0.43478260869565216,neutral
SFCIFDNC,19,20,5,4,39,9,0.43478260869565216,neutral
GHSFLICY,35,27,13,9,62,22,0.43478260869565216,neutral
LIGSVHIY,40,22,5,17,62,22,0.43478260869565216,neutral
CIVLYGVV,23,16,6,3,39,9,0.43478260869565216,neutral
RLNNFCCC,52,33,16,19,85,35,0.43478260869565216,neutral
FCSLYFDI,40,22,11,11,62,22,0.43478260869565216,neutral
SYVCYSVV,52,33,20,15,85,35,0.43478260869565216,neutral
DFYSGGYR,26,13,5,4,39,9,0.43478260869565216,neutral
YSICDCYC,38,24,10,12,62,22,0.43478260869565216,neutral
CGFCRYVG,24,15,2,7,39,9,0.43478260869565216,neutral
HLLYFCGV,85,69,43,31,154,74,0.43478260869565216,neutral
SFDYIYYD,44,41,13,22,85,35,0.43478260869565216,neutral
FICCCCGL,23,16,5,4,39,9,0.43478260869565216,neutral
CIYSCSCR,26,13,2,7,39,9,0.43478260869565216,neutral
LLLRSCIL,36,26,17,5,62,22,0.43478260869565216,neutral
FDVCFCHY,68,56,28,29,124,57,0.43506493506493504,neutral
FLVGIDIF,59,42,24,20,101,44,0.4351145038167939,neutral
CFLGCVFG,48,30,19,12,78,31,0.4351851851851852,neutral
CFVFNIYS,46,32,19,12,78,31,0.4351851851851852,neutral
CNNCFYLF,46,32,9,22,78,31,0.4351851851851852,neutral
CYCDCSFG,48,30,18,13,78,31,0.4351851851851852,neutral
VFGGHHFG,48,30,19,12,78,31,0.4351851851851852,neutral
VYVVYGCV,45,33,15,16,78,31,0.4351851851851852,neutral
CCFRIYRL,48,30,12,19,78,31,0.4351851851851852,neutral
SHSYVCYF,39,39,14,17,78,31,0.4351851851851852,neutral
VCCICCIV,33,22,9,9,55,18,0.43529411764705883,neutral
YLYNCNSL,32,23,10,8,55,18,0.43529411764705883,neutral
CNCHFFFR,37,18,11,7,55,18,0.43529411764705883,neutral
YCGVFYLC,32,23,8,10,55,18,0.43529411764705883,neutral
LYDGCHYV,31,24,5,13,55,18,0.43529411764705883,neutral
FYGVSLFR,36,19,9,9,55,18,0.43529411764705883,neutral
VGVCDGFF,36,19,10,8,55,18,0.43529411764705883,neutral
CYFVSYVC,34,21,7,11,55,18,0.43529411764705883,neutral
GYGGRCCC,31,24,8,10,55,18,0.43529411764705883,neutral
VFYCYCGI,34,21,8,10,55,18,0.43529411764705883,neutral
FGFFCVVG,28,27,9,9,55,18,0.43529411764705883,neutral
FFVGSVCV,68,49,23,30,117,53,0.43537414965986393,neutral
FFLFSSFF,20,12,2,3,32,5,0.43548387096774194,neutral
VCRCCRVV,18,14,1,4,32,5,0.43548387096774194,neutral
CINYFVYL,17,15,1,4,32,5,0.43548387096774194,neutral
DFFYYCYC,22,10,3,2,32,5,0.43548387096774194,neutral
FCFFNCCG,23,9,3,2,32,5,0.43548387096774194,neutral
LGVFYYYH,21,11,2,3,32,5,0.43548387096774194,neutral
IDNCDYGC,55,39,15,25,94,40,0.43548387096774194,neutral
ILCCYRFI,21,11,2,3,32,5,0.43548387096774194,neutral
CGRVYVLF,22,10,1,4,32,5,0.43548387096774194,neutral
FYRLIILL,19,13,2,3,32,5,0.43548387096774194,neutral
YNSCSFYG,21,11,4,1,32,5,0.43548387096774194,neutral
SGFDFVHI,22,10,4,1,32,5,0.43548387096774194,neutral
CILFLVIG,19,13,1,4,32,5,0.43548387096774194,neutral
FFFVDVRF,21,11,0,5,32,5,0.43548387096774194,neutral
FFHCDIGL,21,11,1,4,32,5,0.43548387096774194,neutral
CHCHLCLG,18,14,2,3,32,5,0.43548387096774194,neutral
INFLCCCI,18,14,1,4,32,5,0.43548387096774194,neutral
GIVSGYNF,18,14,1,4,32,5,0.43548387096774194,neutral
CNCYFCCV,21,11,0,5,32,5,0.43548387096774194,neutral
LFVFLVLF,21,11,1,4,32,5,0.43548387096774194,neutral
YFFCFCDC,19,13,2,3,32,5,0.43548387096774194,neutral
FIDYYYGC,25,7,2,3,32,5,0.43548387096774194,neutral
FYCYCHRH,53,41,14,26,94,40,0.43548387096774194,neutral
FYFCFVFL,23,9,2,3,32,5,0.43548387096774194,neutral
VCCFFCNL,19,13,4,1,32,5,0.43548387096774194,neutral
CFVFCYFG,21,11,3,2,32,5,0.43548387096774194,neutral
FHLGNGCF,21,11,0,5,32,5,0.43548387096774194,neutral
ICCCVCVS,22,10,3,2,32,5,0.43548387096774194,neutral
FFYVVLGG,18,14,1,4,32,5,0.43548387096774194,neutral
LFFFGFVG,20,12,2,3,32,5,0.43548387096774194,neutral
ICFICIHG,20,12,1,4,32,5,0.43548387096774194,neutral
GCFVNFGR,76,57,27,35,133,62,0.43558282208588955,neutral
VNGCYCDY,38,33,15,12,71,27,0.43564356435643564,neutral
IFGYGFND,42,29,14,13,71,27,0.43564356435643564,neutral
IYHSDIHC,44,27,17,10,71,27,0.43564356435643564,neutral
LYGCSDFI,39,32,9,18,71,27,0.43564356435643564,neutral
YYCCHDLV,39,32,14,13,71,27,0.43564356435643564,neutral
CRNYVCLL,45,26,8,19,71,27,0.43564356435643564,neutral
GCGSYICY,41,30,11,16,71,27,0.43564356435643564,neutral
DCCNSYLC,62,48,24,25,110,49,0.4357142857142857,neutral
LILSGNCI,61,49,25,24,110,49,0.4357142857142857,neutral
FFFRGYFG,27,21,10,4,48,14,0.4358974358974359,neutral
FNYRHFYV,30,18,8,6,48,14,0.4358974358974359,neutral
FRCYDFGG,32,16,5,9,48,14,0.4358974358974359,neutral
CYVCYHYS,50,37,19,17,87,36,0.4358974358974359,neutral
ICFCFCCC,32,16,6,8,48,14,0.4358974358974359,neutral
VLIGVLRV,50,37,16,20,87,36,0.4358974358974359,neutral
CFIYVDCH,33,15,7,7,48,14,0.4358974358974359,neutral
LLNVFVRL,28,20,6,8,48,14,0.4358974358974359,neutral
CVLIGYLL,32,16,7,7,48,14,0.4358974358974359,neutral
SLIRCYYR,28,20,3,11,48,14,0.4358974358974359,neutral
FVFFYHCG,32,16,7,7,48,14,0.4358974358974359,neutral
CDLIFFVD,29,19,5,9,48,14,0.4358974358974359,neutral
CLYNGVCC,26,22,6,8,48,14,0.4358974358974359,neutral
NFFDSCVR,32,16,4,10,48,14,0.4358974358974359,neutral
DNRDYFGH,48,39,23,13,87,36,0.4358974358974359,neutral
FCDVFGYC,47,40,17,19,87,36,0.4358974358974359,neutral
VFCNGGDF,30,18,7,7,48,14,0.4358974358974359,neutral
YCIDCCGY,27,21,4,10,48,14,0.4358974358974359,neutral
FNFCDYGN,30,18,8,6,48,14,0.4358974358974359,neutral
YCRCYYGC,27,21,6,8,48,14,0.4358974358974359,neutral
SCYRNIFG,53,34,16,20,87,36,0.4358974358974359,neutral
FLHFSFVD,30,18,5,9,48,14,0.4358974358974359,neutral
VFHDRLCC,32,16,8,6,48,14,0.4358974358974359,neutral
VCSCVFLC,75,67,30,37,142,67,0.436046511627907,neutral
DDDLYCFD,61,42,24,21,103,45,0.43609022556390975,neutral
YCDFRVFC,41,23,8,15,64,23,0.43617021276595747,neutral
CFYNVSIC,39,25,9,14,64,23,0.43617021276595747,neutral
CDVFVCYC,41,23,13,10,64,23,0.43617021276595747,neutral
SLFCYCVY,38,26,11,12,64,23,0.43617021276595747,neutral
FYLIGCDC,36,28,11,12,64,23,0.43617021276595747,neutral
DFVGFVVF,40,24,9,14,64,23,0.43617021276595747,neutral
FFYSFNRG,39,25,12,11,64,23,0.43617021276595747,neutral
YISVHCYV,40,24,13,10,64,23,0.43617021276595747,neutral
FVSRCCCC,41,23,10,13,64,23,0.43617021276595747,neutral
VICCYCNG,63,56,33,21,119,54,0.436241610738255,neutral
DCCYLCVD,95,79,36,49,174,85,0.4362745098039216,neutral
DVYCCCLC,14,11,1,0,25,1,0.43636363636363634,neutral
FCYFCYVS,44,36,14,18,80,32,0.43636363636363634,neutral
RFILFCVF,13,12,0,1,25,1,0.43636363636363634,neutral
ILRLCLGF,18,7,0,1,25,1,0.43636363636363634,neutral
FSICGFVY,16,9,0,1,25,1,0.43636363636363634,neutral
RIFVFVRV,17,8,1,0,25,1,0.43636363636363634,neutral
IFVFVFRC,16,9,0,1,25,1,0.43636363636363634,neutral
HCVCSDCY,48,32,14,18,80,32,0.43636363636363634,neutral
FFCIFFIY,14,11,0,1,25,1,0.43636363636363634,neutral
IFYFSILS,19,6,0,1,25,1,0.43636363636363634,neutral
FCLVCFLR,17,8,1,0,25,1,0.43636363636363634,neutral
IICIFYRY,18,7,1,0,25,1,0.43636363636363634,neutral
CCFCCIGF,20,5,1,0,25,1,0.43636363636363634,neutral
FGCCCHVF,13,12,1,0,25,1,0.43636363636363634,neutral
FLVCLIII,13,12,0,1,25,1,0.43636363636363634,neutral
YGFCIYFL,15,10,1,0,25,1,0.43636363636363634,neutral
FIVCRLLR,12,13,0,1,25,1,0.43636363636363634,neutral
FVIYHFIR,11,14,0,1,25,1,0.43636363636363634,neutral
CIGVLIYF,19,6,1,0,25,1,0.43636363636363634,neutral
FHVVFRCL,18,7,1,0,25,1,0.43636363636363634,neutral
FVCLIFRY,17,8,1,0,25,1,0.43636363636363634,neutral
CYFHVNDC,75,60,27,36,135,63,0.43636363636363634,neutral
LRFYGIFL,18,7,1,0,25,1,0.43636363636363634,neutral
LFFCYICF,17,8,0,1,25,1,0.43636363636363634,neutral
FRYGFIYI,14,11,0,1,25,1,0.43636363636363634,neutral
CSIFLRFF,18,7,0,1,25,1,0.43636363636363634,neutral
CFGSLFGD,46,34,17,15,80,32,0.43636363636363634,neutral
YFSFIFFF,13,12,1,0,25,1,0.43636363636363634,neutral
FHCFCLVF,15,10,1,0,25,1,0.43636363636363634,neutral
FIFFVCFH,15,10,1,0,25,1,0.43636363636363634,neutral
FFLIFGGF,16,9,1,0,25,1,0.43636363636363634,neutral
CYVISCYF,17,8,1,0,25,1,0.43636363636363634,neutral
YLCCSFRD,41,39,19,13,80,32,0.43636363636363634,neutral
HYVRHSVF,46,34,12,20,80,32,0.43636363636363634,neutral
FCCFRYYF,17,8,0,1,25,1,0.43636363636363634,neutral
CLFCRGFF,15,10,1,0,25,1,0.43636363636363634,neutral
CFVDGVYR,3,22,0,1,25,1,0.43636363636363634,neutral
FVLDDFVN,47,33,11,21,80,32,0.43636363636363634,neutral
FIFHVLFI,16,9,0,1,25,1,0.43636363636363634,neutral
VVCCHLFG,49,31,16,16,80,32,0.43636363636363634,neutral
FVFVCFVC,15,10,0,1,25,1,0.43636363636363634,neutral
FCCFLCIL,11,14,0,1,25,1,0.43636363636363634,neutral
FFDCYFFI,17,8,1,0,25,1,0.43636363636363634,neutral
CFVIIRHL,15,10,1,0,25,1,0.43636363636363634,neutral
FCSIGFIL,47,33,18,14,80,32,0.43636363636363634,neutral
HLGIYFLY,15,10,0,1,25,1,0.43636363636363634,neutral
CICFLIRF,12,13,0,1,25,1,0.43636363636363634,neutral
NYVCLYVI,11,14,1,0,25,1,0.43636363636363634,neutral
IYHYRYFS,53,43,20,21,96,41,0.4365079365079365,neutral
GRFILCHY,54,42,24,17,96,41,0.4365079365079365,neutral
LLNCFCDF,56,40,18,23,96,41,0.4365079365079365,neutral
HFCHCVLS,55,41,22,19,96,41,0.4365079365079365,neutral
LFCCFCCS,26,15,5,5,41,10,0.43661971830985913,neutral
VNILCGFC,24,17,7,3,41,10,0.43661971830985913,neutral
CCCLLRGF,29,12,5,5,41,10,0.43661971830985913,neutral
FFYHGLRH,26,15,8,2,41,10,0.43661971830985913,neutral
FVFFSISD,30,11,8,2,41,10,0.43661971830985913,neutral
LSCSCYLY,28,13,4,6,41,10,0.43661971830985913,neutral
LIYRGFFY,21,20,5,5,41,10,0.43661971830985913,neutral
CIINFYYC,27,14,4,6,41,10,0.43661971830985913,neutral
GCGFYSFD,27,14,3,7,41,10,0.43661971830985913,neutral
FCYINFHL,28,13,3,7,41,10,0.43661971830985913,neutral
IVVFINGV,29,12,4,6,41,10,0.43661971830985913,neutral
FVCFGCCI,27,14,5,5,41,10,0.43661971830985913,neutral
NFSFYCVR,27,14,5,5,41,10,0.43661971830985913,neutral
CHCRCCDV,22,19,4,6,41,10,0.43661971830985913,neutral
LCGGCRFF,27,14,4,6,41,10,0.43661971830985913,neutral
SCDSVYYF,21,20,6,4,41,10,0.43661971830985913,neutral
VFRFYGLD,28,13,6,4,41,10,0.43661971830985913,neutral
FVFCGFYV,20,21,4,6,41,10,0.43661971830985913,neutral
CFCFCLCC,27,14,7,3,41,10,0.43661971830985913,neutral
FNCLCCVL,29,12,4,6,41,10,0.43661971830985913,neutral
GLNYFVHY,30,11,5,5,41,10,0.43661971830985913,neutral
FLVYCVHS,25,16,8,2,41,10,0.43661971830985913,neutral
FFFCDYHC,26,15,6,4,41,10,0.43661971830985913,neutral
CCDYDSCI,23,18,6,4,41,10,0.43661971830985913,neutral
CCYCLNIR,27,14,7,3,41,10,0.43661971830985913,neutral
RYCYDFSV,20,21,7,3,41,10,0.43661971830985913,neutral
CCCRVDCF,36,21,10,9,57,19,0.4367816091954023,neutral
LCIGYSYI,31,26,7,12,57,19,0.4367816091954023,neutral
CYNDFRLR,31,26,8,11,57,19,0.4367816091954023,neutral
LDYLRCRC,38,19,13,6,57,19,0.4367816091954023,neutral
CRSCGYHC,38,19,9,10,57,19,0.4367816091954023,neutral
LYHGVCCG,34,23,9,10,57,19,0.4367816091954023,neutral
FIYRNFGC,33,24,9,10,57,19,0.4367816091954023,neutral
LRFCRCCR,36,21,8,11,57,19,0.4367816091954023,neutral
FIGSGFLC,37,20,12,7,57,19,0.4367816091954023,neutral
VGVDNIFY,31,26,7,12,57,19,0.4367816091954023,neutral
LLCVVDHV,35,22,5,14,57,19,0.4367816091954023,neutral
GLCVFCNV,83,77,34,43,160,77,0.4368421052631579,neutral
FFNYRRVY,42,31,12,16,73,28,0.4368932038834951,neutral
CSRCVGSS,42,31,15,13,73,28,0.4368932038834951,neutral
VSRYCGFY,46,27,11,17,73,28,0.4368932038834951,neutral
CIDGFGCY,44,29,10,18,73,28,0.4368932038834951,neutral
FCFDDIFF,44,29,16,12,73,28,0.4368932038834951,neutral
GICGGGFC,46,27,14,14,73,28,0.4368932038834951,neutral
DYRLVRCY,43,30,16,12,73,28,0.4368932038834951,neutral
DVSYFVFC,40,33,16,12,73,28,0.4368932038834951,neutral
VLDCFYVF,43,30,14,14,73,28,0.4368932038834951,neutral
IVFHCIGR,45,28,11,17,73,28,0.4368932038834951,neutral
LIVYFYDR,45,28,13,15,73,28,0.4368932038834951,neutral
CIGILHGF,49,40,17,20,89,37,0.4369747899159664,neutral
LFLYLSGN,49,40,13,24,89,37,0.4369747899159664,neutral
VYRVRYCF,50,39,21,16,89,37,0.4369747899159664,neutral
FDSFGVFY,47,42,16,21,89,37,0.4369747899159664,neutral
FLGDCDIN,56,49,16,30,105,46,0.43703703703703706,neutral
FVYCDFIV,59,46,16,30,105,46,0.43703703703703706,neutral
FCRISNYR,62,43,27,19,105,46,0.43703703703703706,neutral
FCLGCFCG,33,17,5,10,50,15,0.4375,neutral
FCRLRFCY,40,26,14,10,66,24,0.4375,neutral
LGSSFGCF,32,18,8,7,50,15,0.4375,neutral
CFNVYCFG,40,26,15,9,66,24,0.4375,neutral
FCLRCVGG,31,19,7,8,50,15,0.4375,neutral
VDYFFFDY,21,13,4,2,34,6,0.4375,neutral
YLVVILIC,20,14,3,3,34,6,0.4375,neutral
YCCGGYDC,50,32,13,20,82,33,0.4375,neutral
CCGGYNLY,32,18,8,7,50,15,0.4375,neutral
YRFIVVHS,22,12,3,3,34,6,0.4375,neutral
DFGCVVCG,72,58,26,34,130,60,0.4375,neutral
CYFCHNCR,24,10,3,3,34,6,0.4375,neutral
CSGLFDYV,34,32,8,16,66,24,0.4375,neutral
DFGFVHVV,58,40,27,15,98,42,0.4375,neutral
VGFFVNFL,40,26,10,14,66,24,0.4375,neutral
LYFVYGYY,21,13,3,3,34,6,0.4375,neutral
CYVSCYGD,41,25,13,11,66,24,0.4375,neutral
FSGYCLGI,50,32,11,22,82,33,0.4375,neutral
HLSHHVFC,40,26,7,17,66,24,0.4375,neutral
FCVFVDFY,20,14,2,4,34,6,0.4375,neutral
IFCYDYVF,31,35,17,7,66,24,0.4375,neutral
FCCGYHYG,50,32,14,19,82,33,0.4375,neutral
VCCGIFYG,46,36,14,19,82,33,0.4375,neutral
LLHIFYDD,15,19,3,3,34,6,0.4375,neutral
FVSCLYCF,21,13,1,5,34,6,0.4375,neutral
YCGYRCGL,47,35,17,16,82,33,0.4375,neutral
FCYCSFLC,24,10,3,3,34,6,0.4375,neutral
CLDGCCFG,40,26,10,14,66,24,0.4375,neutral
FFCIRYGR,54,44,27,15,98,42,0.4375,neutral
LINCCVLD,54,44,17,25,98,42,0.4375,neutral
VCVCIFGV,18,16,2,4,34,6,0.4375,neutral
YFNYSGNI,24,10,3,3,34,6,0.4375,neutral
FVIFLDSH,32,18,10,5,50,15,0.4375,neutral
VSVIISIC,20,14,2,4,34,6,0.4375,neutral
CFIHDYIG,70,60,38,22,130,60,0.4375,neutral
HDFVCCCI,39,27,10,14,66,24,0.4375,neutral
FFVDGCIN,31,19,4,11,50,15,0.4375,neutral
LDCCYYRG,38,28,10,14,66,24,0.4375,neutral
FDFFHDLR,43,39,17,16,82,33,0.4375,neutral
FYYCFDVL,22,12,2,4,34,6,0.4375,neutral
YFCYRCIC,22,12,1,5,34,6,0.4375,neutral
CSDIRGYL,47,35,14,19,82,33,0.4375,neutral
YCILGFIR,20,14,3,3,34,6,0.4375,neutral
YYLFNVLR,38,28,14,10,66,24,0.4375,neutral
CGFFCVGL,50,32,19,14,82,33,0.4375,neutral
IFFGFVSC,25,25,7,8,50,15,0.4375,neutral
SIIVFSVH,35,31,11,13,66,24,0.4375,neutral
FFSIGFLV,19,15,2,4,34,6,0.4375,neutral
FSIYNFCF,24,10,2,4,34,6,0.4375,neutral
VGHYSCFH,50,32,17,16,82,33,0.4375,neutral
LFNVGILY,32,18,8,7,50,15,0.4375,neutral
VCVCSCSY,39,27,14,10,66,24,0.4375,neutral
CCRCCVHS,31,19,3,12,50,15,0.4375,neutral
FDIVDYVC,50,32,19,14,82,33,0.4375,neutral
VGCCRHVC,65,49,24,27,114,51,0.4375,neutral
NFCCFGGL,27,23,9,6,50,15,0.4375,neutral
CFVCDFCF,26,24,6,9,50,15,0.4375,neutral
YILCVNCV,21,13,3,3,34,6,0.4375,neutral
FFVCIVFD,16,18,4,2,34,6,0.4375,neutral
VCGLLFHL,61,46,29,18,107,47,0.43795620437956206,neutral
RFRRIRVR,59,48,29,18,107,47,0.43795620437956206,neutral
YCSYIDFR,52,39,12,26,91,38,0.4380165289256198,neutral
FYFCDSFL,45,30,15,14,75,29,0.4380952380952381,neutral
GFGCSCNC,37,38,10,19,75,29,0.4380952380952381,neutral
IVCDYLSR,44,31,18,11,75,29,0.4380952380952381,neutral
YGGISHFN,45,30,17,12,75,29,0.4380952380952381,neutral
LLVCLSNH,47,28,15,14,75,29,0.4380952380952381,neutral
YIGFGFVC,47,28,11,18,75,29,0.4380952380952381,neutral
CLFYSCRD,38,21,8,12,59,20,0.43820224719101125,neutral
FCDCCYLD,29,30,7,13,59,20,0.43820224719101125,neutral
ILCCCHFR,35,24,8,12,59,20,0.43820224719101125,neutral
VCVCFSVS,35,24,10,10,59,20,0.43820224719101125,neutral
VCVYYNGV,39,20,7,13,59,20,0.43820224719101125,neutral
RIYVRLLI,39,20,10,10,59,20,0.43820224719101125,neutral
LGCLDHGV,72,60,27,34,132,61,0.4382716049382716,neutral
FFDDSCNY,22,21,7,4,43,11,0.4383561643835616,neutral
YNLVFFVD,31,12,6,5,43,11,0.4383561643835616,neutral
LCGLGCIY,26,17,4,7,43,11,0.4383561643835616,neutral
LCSFRVCF,23,20,7,4,43,11,0.4383561643835616,neutral
VYYFFDYS,29,14,6,5,43,11,0.4383561643835616,neutral
FCVYGDLG,28,15,4,7,43,11,0.4383561643835616,neutral
VIYGYFCC,24,19,3,8,43,11,0.4383561643835616,neutral
IFNDGYCR,24,19,6,5,43,11,0.4383561643835616,neutral
FCYCYYGR,29,14,2,9,43,11,0.4383561643835616,neutral
FCDVYCYY,26,17,6,5,43,11,0.4383561643835616,neutral
VFVGLSCY,24,19,9,2,43,11,0.4383561643835616,neutral
YFYCFSGC,25,18,3,8,43,11,0.4383561643835616,neutral
VHLCVICS,27,16,6,5,43,11,0.4383561643835616,neutral
VVGNSDFF,26,17,5,6,43,11,0.4383561643835616,neutral
CIGFFCLV,28,15,5,6,43,11,0.4383561643835616,neutral
CCVVFCVY,26,17,3,8,43,11,0.4383561643835616,neutral
FCYCDCIH,31,12,7,4,43,11,0.4383561643835616,neutral
FCYVYFHR,29,14,6,5,43,11,0.4383561643835616,neutral
FFIFNSFV,27,16,5,6,43,11,0.4383561643835616,neutral
FFGRCYCC,26,17,7,4,43,11,0.4383561643835616,neutral
GCLCHCDF,30,13,4,7,43,11,0.4383561643835616,neutral
FHLCGDCF,27,16,1,10,43,11,0.4383561643835616,neutral
CFFIHCCR,28,15,4,7,43,11,0.4383561643835616,neutral
SYFFCCVR,30,13,4,7,43,11,0.4383561643835616,neutral
VYYFSFRD,27,16,1,10,43,11,0.4383561643835616,neutral
FSIVCVFV,17,10,0,2,27,2,0.43859649122807015,neutral
NYNFRYGG,51,33,16,18,84,34,0.43859649122807015,neutral
SFVFVYVD,18,9,0,2,27,2,0.43859649122807015,neutral
YFIFRFVC,17,10,0,2,27,2,0.43859649122807015,neutral
FIFFYSIR,18,9,2,0,27,2,0.43859649122807015,neutral
LLYGGCIH,80,61,28,38,141,66,0.43859649122807015,neutral
FYNFHFFL,19,8,0,2,27,2,0.43859649122807015,neutral
VLISGDFL,78,63,26,40,141,66,0.43859649122807015,neutral
FCFCCFSF,21,6,1,1,27,2,0.43859649122807015,neutral
HCDCGCFH,50,34,15,19,84,34,0.43859649122807015,neutral
FILHLYVV,14,13,0,2,27,2,0.43859649122807015,neutral
NIVIYYVR,19,8,1,1,27,2,0.43859649122807015,neutral
DFCYVIVL,21,6,0,2,27,2,0.43859649122807015,neutral
FISFGICF,19,8,1,1,27,2,0.43859649122807015,neutral
FCILVCCC,16,11,1,1,27,2,0.43859649122807015,neutral
HVFYNYHL,50,34,13,21,84,34,0.43859649122807015,neutral
FFLLDIIH,14,13,2,0,27,2,0.43859649122807015,neutral
VCIFVFYC,16,11,1,1,27,2,0.43859649122807015,neutral
LFFFFIFN,18,9,1,1,27,2,0.43859649122807015,neutral
YFFLVRFL,19,8,0,2,27,2,0.43859649122807015,neutral
FFLFIYVR,21,6,1,1,27,2,0.43859649122807015,neutral
IFLYCFYF,18,9,1,1,27,2,0.43859649122807015,neutral
FYLFDCRC,50,34,15,19,84,34,0.43859649122807015,neutral
YLCFYFFR,14,13,2,0,27,2,0.43859649122807015,neutral
SFLISIFV,17,10,1,1,27,2,0.43859649122807015,neutral
GCVLYVVR,17,10,0,2,27,2,0.43859649122807015,neutral
RVYYLICC,16,11,1,1,27,2,0.43859649122807015,neutral
IYSHCIHC,51,33,17,17,84,34,0.43859649122807015,neutral
FFLVLCCV,17,10,1,1,27,2,0.43859649122807015,neutral
FCRVVVGF,17,10,1,1,27,2,0.43859649122807015,neutral
GYCYRGVD,49,35,15,19,84,34,0.43859649122807015,neutral
SCLRLYFC,16,11,2,0,27,2,0.43859649122807015,neutral
YCVVLFGI,19,8,0,2,27,2,0.43859649122807015,neutral
FFCLFCGC,16,11,1,1,27,2,0.43859649122807015,neutral
ISGYGYIS,46,38,20,14,84,34,0.43859649122807015,neutral
FYRFCGLD,72,53,25,32,125,57,0.43870967741935485,neutral
RHCCRCGS,69,56,31,26,125,57,0.43870967741935485,neutral
HCSFFFCR,67,58,28,29,125,57,0.43870967741935485,neutral
GDIISGVS,41,27,13,12,68,25,0.4387755102040816,neutral
GSCFGFGR,34,34,10,15,68,25,0.4387755102040816,neutral
FSCCVHCV,41,27,13,12,68,25,0.4387755102040816,neutral
FFCGIVVR,42,26,13,12,68,25,0.4387755102040816,neutral
CGCYGVLI,41,27,13,12,68,25,0.4387755102040816,neutral
IYNRYFCI,40,28,11,14,68,25,0.4387755102040816,neutral
ICGCSCDV,63,46,27,21,109,48,0.43884892086330934,neutral
CLIGHYVG,26,26,9,7,52,16,0.43902439024390244,neutral
FCGCYDHG,34,18,8,8,52,16,0.43902439024390244,neutral
FFVCRFGR,26,26,9,7,52,16,0.43902439024390244,neutral
LCDDGCCL,52,41,17,22,93,39,0.43902439024390244,neutral
CFYNFCRV,30,22,10,6,52,16,0.43902439024390244,neutral
NFDCGYVL,25,27,7,9,52,16,0.43902439024390244,neutral
DSILFSDC,23,29,5,11,52,16,0.43902439024390244,neutral
GSGFCGYN,27,25,5,11,52,16,0.43902439024390244,neutral
IYICCCYC,34,18,11,5,52,16,0.43902439024390244,neutral
SRYYDSLV,34,18,10,6,52,16,0.43902439024390244,neutral
FNLSYYDI,29,23,9,7,52,16,0.43902439024390244,neutral
FDYCYVLF,35,17,6,10,52,16,0.43902439024390244,neutral
FFLGCCLG,48,45,23,16,93,39,0.43902439024390244,neutral
CRNRLRRR,53,40,25,14,93,39,0.43902439024390244,neutral
DRVCIVHF,48,45,19,20,93,39,0.43902439024390244,neutral
CLFNISSY,32,20,5,11,52,16,0.43902439024390244,neutral
NVYDVRFD,31,21,10,6,52,16,0.43902439024390244,neutral
IFCFGYGS,35,17,6,10,52,16,0.43902439024390244,neutral
DCVYNGVY,29,23,6,10,52,16,0.43902439024390244,neutral
FSRGFCDC,33,19,6,10,52,16,0.43902439024390244,neutral
NLCRLNCC,87,72,36,40,159,76,0.43915343915343913,neutral
HFFGHGSI,86,73,32,44,159,76,0.43915343915343913,neutral
VNCHDCFV,88,71,40,36,159,76,0.43915343915343913,neutral
LCFCDLGH,61,57,25,28,118,53,0.4391891891891892,neutral
CNIVCNCF,66,52,25,28,118,53,0.4391891891891892,neutral
CHDLYYCS,44,33,15,15,77,30,0.4392523364485981,neutral
LGFCGIDV,46,31,15,15,77,30,0.4392523364485981,neutral
RFVCIHDF,47,30,10,20,77,30,0.4392523364485981,neutral
DGVYHVYG,48,29,17,13,77,30,0.4392523364485981,neutral
IVSFHSFC,48,29,15,15,77,30,0.4392523364485981,neutral
FCGYGVLC,46,31,11,19,77,30,0.4392523364485981,neutral
ICSDIYCN,48,29,17,13,77,30,0.4392523364485981,neutral
VLLLYYSI,20,16,3,4,36,7,0.4393939393939394,neutral
NFYCFFGL,21,15,3,4,36,7,0.4393939393939394,neutral
SHIIYCCC,23,13,2,5,36,7,0.4393939393939394,neutral
DFDYYLRR,23,13,6,1,36,7,0.4393939393939394,neutral
LCCGRCHV,25,11,4,3,36,7,0.4393939393939394,neutral
CINIYYFL,23,13,3,4,36,7,0.4393939393939394,neutral
IFYIVLSG,22,14,3,4,36,7,0.4393939393939394,neutral
HNFVCCVC,18,18,3,4,36,7,0.4393939393939394,neutral
IIFGFSGY,59,43,19,25,102,44,0.4393939393939394,neutral
LCVGCGVY,23,13,3,4,36,7,0.4393939393939394,neutral
CVFCCVSL,24,12,3,4,36,7,0.4393939393939394,neutral
NYNFCRYI,23,13,2,5,36,7,0.4393939393939394,neutral
CICRLRRL,22,14,2,5,36,7,0.4393939393939394,neutral
DLYGGIVF,21,15,3,4,36,7,0.4393939393939394,neutral
FCCDFFCF,25,11,3,4,36,7,0.4393939393939394,neutral
VFFGVVCV,21,15,4,3,36,7,0.4393939393939394,neutral
CICCFYVF,22,14,4,3,36,7,0.4393939393939394,neutral
INLYGRYC,23,13,5,2,36,7,0.4393939393939394,neutral
ICHGLYFR,27,9,2,5,36,7,0.4393939393939394,neutral
GCNVCCCY,24,12,2,5,36,7,0.4393939393939394,neutral
VNFVCCCI,20,16,6,1,36,7,0.4393939393939394,neutral
SVIVVYDV,24,12,5,2,36,7,0.4393939393939394,neutral
VIIVRCGR,22,14,3,4,36,7,0.4393939393939394,neutral
FFCHYNIG,23,13,2,5,36,7,0.4393939393939394,neutral
ICLGFVFC,26,10,0,7,36,7,0.4393939393939394,neutral
NYRCLCSC,22,14,4,3,36,7,0.4393939393939394,neutral
NYDDSFYI,23,13,5,2,36,7,0.4393939393939394,neutral
DNCVHCCY,70,57,25,33,127,58,0.4394904458598726,neutral
FFCLHCSD,73,54,26,32,127,58,0.4394904458598726,neutral
CFVVDNVF,71,56,32,26,127,58,0.4394904458598726,neutral
IYSLRHHR,33,28,14,7,61,21,0.43956043956043955,neutral
CYVFNCCR,38,23,12,9,61,21,0.43956043956043955,neutral
DVCVRCCH,39,22,11,10,61,21,0.43956043956043955,neutral
GSYFYYRL,36,25,11,10,61,21,0.43956043956043955,neutral
YLCCLVRD,34,27,10,11,61,21,0.43956043956043955,neutral
IGYVSYFL,39,22,10,11,61,21,0.43956043956043955,neutral
VYVCHDRI,38,23,9,12,61,21,0.43956043956043955,neutral
HSYCGHDI,29,32,9,12,61,21,0.43956043956043955,neutral
YCYYGCSC,33,28,12,9,61,21,0.43956043956043955,neutral
CCFSYVCG,31,30,11,10,61,21,0.43956043956043955,neutral
FFSCDDYH,33,28,12,9,61,21,0.43956043956043955,neutral
LCDVLVCL,51,35,14,21,86,35,0.4396551724137931,neutral
LVCGCCYD,46,40,15,20,86,35,0.4396551724137931,neutral
FSNFCCYD,49,37,20,15,86,35,0.4396551724137931,neutral
DGYCCIFV,46,40,17,18,86,35,0.4396551724137931,neutral
NCCCYHSG,45,41,18,17,86,35,0.4396551724137931,neutral
YFVHHCDI,31,14,4,8,45,12,0.44,neutral
RGIFNGYY,20,25,7,5,45,12,0.44,neutral
DIIGSYYR,25,20,5,7,45,12,0.44,neutral
VLNDYGDF,23,22,7,5,45,12,0.44,neutral
VFYRVNCC,28,17,3,9,45,12,0.44,neutral
VVIICHDL,40,30,12,14,70,26,0.44,neutral
FSCVDSGI,30,15,6,6,45,12,0.44,neutral
FSDYGCIN,29,16,4,8,45,12,0.44,neutral
FCSYVYNY,36,34,8,18,70,26,0.44,neutral
CYCVCCDG,22,23,9,3,45,12,0.44,neutral
CIYGSDDC,31,14,4,8,45,12,0.44,neutral
FLVLRVLC,28,17,6,6,45,12,0.44,neutral
HICVCCCL,28,17,8,4,45,12,0.44,neutral
FFRLVVYH,30,15,6,6,45,12,0.44,neutral
CCCVVVCD,25,20,7,5,45,12,0.44,neutral
GYSFVVFN,27,18,9,3,45,12,0.44,neutral
FNYFCLRC,27,18,6,6,45,12,0.44,neutral
DICVCSYC,26,19,5,7,45,12,0.44,neutral
NYCVCCCN,27,18,4,8,45,12,0.44,neutral
FFCSYRCD,27,18,5,7,45,12,0.44,neutral
YHDCVRCF,30,15,8,4,45,12,0.44,neutral
GRCFVCFR,43,27,6,20,70,26,0.44,neutral
YFCHYYGF,25,20,7,5,45,12,0.44,neutral
FCVHRCSG,41,29,12,14,70,26,0.44,neutral
VCYDVNCF,44,26,14,12,70,26,0.44,neutral
FCHYYYCL,31,14,8,4,45,12,0.44,neutral
ILYRYYDV,28,17,6,6,45,12,0.44,neutral
FCNFCSIS,54,41,15,25,95,40,0.44,neutral
YFGCFCVR,29,16,4,8,45,12,0.44,neutral
CCHGFHCG,30,15,8,4,45,12,0.44,neutral
RFISVRFH,26,19,3,9,45,12,0.44,neutral
YGCVCGRF,39,31,15,11,70,26,0.44,neutral
FHYSFVVF,29,16,9,3,45,12,0.44,neutral
VNGYIVYS,35,35,11,15,70,26,0.44,neutral
SRVFSCHF,69,60,36,23,129,59,0.44025157232704404,neutral
VSVFDGYI,60,44,23,22,104,45,0.44029850746268656,neutral
LCNDLHLL,54,50,25,20,104,45,0.44029850746268656,neutral
CNFFHRCC,49,30,14,17,79,31,0.44036697247706424,neutral
CGDFGGVF,49,30,19,12,79,31,0.44036697247706424,neutral
CYNDCCYI,39,40,15,16,79,31,0.44036697247706424,neutral
YCHYLNYF,45,34,13,18,79,31,0.44036697247706424,neutral
FCDICCVI,43,36,12,19,79,31,0.44036697247706424,neutral
IYYGYDCC,48,31,22,9,79,31,0.44036697247706424,neutral
DLDIFFFN,48,31,15,16,79,31,0.44036697247706424,neutral
HFGLYCSF,43,36,11,20,79,31,0.44036697247706424,neutral
IFGSFCSF,90,73,39,39,163,78,0.44041450777202074,neutral
FFYCGYHV,26,28,4,13,54,17,0.44047619047619047,neutral
IDFVYHCR,32,22,6,11,54,17,0.44047619047619047,neutral
IFCFHFNV,33,21,9,8,54,17,0.44047619047619047,neutral
FFCIYVFH,36,18,5,12,54,17,0.44047619047619047,neutral
GDDGDCYI,32,22,8,9,54,17,0.44047619047619047,neutral
VFCRYVGI,30,24,10,7,54,17,0.44047619047619047,neutral
CVCCNCCG,36,18,11,6,54,17,0.44047619047619047,neutral
FRCRYGHF,33,21,9,8,54,17,0.44047619047619047,neutral
GCYFHVGG,35,19,8,9,54,17,0.44047619047619047,neutral
HCVCCDCN,27,27,7,10,54,17,0.44047619047619047,neutral
GCCFFDDL,65,48,17,33,113,50,0.4405594405594406,neutral
LLRCCDRY,65,48,23,27,113,50,0.4405594405594406,neutral
VSCGLCYS,62,51,23,27,113,50,0.4405594405594406,neutral
IYHIGRLR,62,51,28,22,113,50,0.4405594405594406,neutral
CCVLVSIH,19,10,2,1,29,3,0.4406779661016949,neutral
RGLCVFFL,17,12,1,2,29,3,0.4406779661016949,neutral
RFVRLYLG,19,10,3,0,29,3,0.4406779661016949,neutral
FCVIFIVC,15,14,1,2,29,3,0.4406779661016949,neutral
FFFLFCFV,17,12,1,2,29,3,0.4406779661016949,neutral
FILVRFYC,14,15,1,2,29,3,0.4406779661016949,neutral
YFFRFLSY,18,11,3,0,29,3,0.4406779661016949,neutral
CFCCFRII,17,12,0,3,29,3,0.4406779661016949,neutral
RFLVCFIL,14,15,2,1,29,3,0.4406779661016949,neutral
ICVSLFLV,22,7,1,2,29,3,0.4406779661016949,neutral
YCFFVICL,19,10,3,0,29,3,0.4406779661016949,neutral
VVFVHIFI,21,8,0,3,29,3,0.4406779661016949,neutral
CLCVCVLD,20,9,2,1,29,3,0.4406779661016949,neutral
FYCFVFRI,15,14,3,0,29,3,0.4406779661016949,neutral
VIFICFLH,18,11,0,3,29,3,0.4406779661016949,neutral
LCVRICYL,20,9,1,2,29,3,0.4406779661016949,neutral
IFILFGVR,20,9,2,1,29,3,0.4406779661016949,neutral
VYYICLIC,18,11,0,3,29,3,0.4406779661016949,neutral
CCCFNFRC,21,8,1,2,29,3,0.4406779661016949,neutral
VYYCLCDF,21,8,0,3,29,3,0.4406779661016949,neutral
CRFVFCCH,47,41,18,18,88,36,0.4406779661016949,neutral
VLIIFVGD,13,16,1,2,29,3,0.4406779661016949,neutral
YFVFSLNV,14,15,3,0,29,3,0.4406779661016949,neutral
RCCHVFIV,14,15,3,0,29,3,0.4406779661016949,neutral
CFFIIVVC,18,11,2,1,29,3,0.4406779661016949,neutral
FFYVFIFL,18,11,2,1,29,3,0.4406779661016949,neutral
FVVVSVVC,18,11,1,2,29,3,0.4406779661016949,neutral
VVFFFFFH,20,9,0,3,29,3,0.4406779661016949,neutral
VYFVRFCY,20,9,2,1,29,3,0.4406779661016949,neutral
IFFVCIGC,21,8,2,1,29,3,0.4406779661016949,neutral
VVINYLFV,18,11,2,1,29,3,0.4406779661016949,neutral
CSYCCLCC,18,11,1,2,29,3,0.4406779661016949,neutral
VFVICLHC,22,7,3,0,29,3,0.4406779661016949,neutral
CYFIFVVC,18,11,2,1,29,3,0.4406779661016949,neutral
CVFLVVFC,15,14,2,1,29,3,0.4406779661016949,neutral
CICLHISF,15,14,1,2,29,3,0.4406779661016949,neutral
CFYCYSIV,19,10,1,2,29,3,0.4406779661016949,neutral
CFCLCVDF,21,8,1,2,29,3,0.4406779661016949,neutral
CHFIFFCV,15,14,1,2,29,3,0.4406779661016949,neutral
VCVVYYFV,19,10,1,2,29,3,0.4406779661016949,neutral
FCIVNFVF,18,11,1,2,29,3,0.4406779661016949,neutral
VHVICVDL,36,27,11,11,63,22,0.44086021505376344,neutral
FICFHGHC,40,23,12,10,63,22,0.44086021505376344,neutral
FNVFCHYV,40,23,13,9,63,22,0.44086021505376344,neutral
HIVYFYGR,41,22,10,12,63,22,0.44086021505376344,neutral
FDFYDCYC,40,23,9,13,63,22,0.44086021505376344,neutral
FSVNVYSF,35,28,14,8,63,22,0.44086021505376344,neutral
FFLRGGFI,31,32,18,4,63,22,0.44086021505376344,neutral
NFCSGFSY,38,25,8,14,63,22,0.44086021505376344,neutral
FRNLCVYI,38,25,13,9,63,22,0.44086021505376344,neutral
LDDIDHCF,33,30,6,16,63,22,0.44086021505376344,neutral
FCYHDIYY,39,24,10,12,63,22,0.44086021505376344,neutral
GSFVHFVF,40,23,10,12,63,22,0.44086021505376344,neutral
FIDGGGGF,58,39,17,24,97,41,0.4409448818897638,neutral
RFRCIIYS,54,43,18,23,97,41,0.4409448818897638,neutral
VFYDVYRI,58,39,20,21,97,41,0.4409448818897638,neutral
YVCFYDLL,39,33,15,12,72,27,0.4411764705882353,neutral
YFCFVSSR,21,17,3,5,38,8,0.4411764705882353,neutral
LCHFCDIC,26,12,5,3,38,8,0.4411764705882353,neutral
FNNVGFCR,25,13,3,5,38,8,0.4411764705882353,neutral
CCGCSCGC,25,13,3,5,38,8,0.4411764705882353,neutral
SIHVSVII,23,15,1,7,38,8,0.4411764705882353,neutral
FFCFCILS,19,19,3,5,38,8,0.4411764705882353,neutral
ILFIGGCY,25,13,3,5,38,8,0.4411764705882353,neutral
LDCHDFRD,41,31,11,16,72,27,0.4411764705882353,neutral
CCVYVLGN,24,14,2,6,38,8,0.4411764705882353,neutral
SCCCRVFS,27,11,2,6,38,8,0.4411764705882353,neutral
DCRLIFVL,23,15,4,4,38,8,0.4411764705882353,neutral
LYHLVSGC,24,14,3,5,38,8,0.4411764705882353,neutral
YNLGYDLL,43,29,11,16,72,27,0.4411764705882353,neutral
RFGYGYVR,43,29,13,14,72,27,0.4411764705882353,neutral
RYICHYCC,20,18,3,5,38,8,0.4411764705882353,neutral
FFCFFVGV,20,18,1,7,38,8,0.4411764705882353,neutral
DCFFYGIS,57,49,19,27,106,46,0.4411764705882353,neutral
FYFDCIVR,43,29,10,17,72,27,0.4411764705882353,neutral
CLGCHFVF,27,11,3,5,38,8,0.4411764705882353,neutral
GNFLVCCF,20,18,2,6,38,8,0.4411764705882353,neutral
LFHDYGLY,61,45,25,21,106,46,0.4411764705882353,neutral
FDVFVCVV,24,14,2,6,38,8,0.4411764705882353,neutral
DISCGCRC,45,27,11,16,72,27,0.4411764705882353,neutral
VFLCGCSL,40,32,16,11,72,27,0.4411764705882353,neutral
FRCDCGCI,44,28,15,12,72,27,0.4411764705882353,neutral
CFHCFVDC,26,12,4,4,38,8,0.4411764705882353,neutral
CFICNIFN,24,14,3,5,38,8,0.4411764705882353,neutral
CYDCCFFD,25,13,2,6,38,8,0.4411764705882353,neutral
FFCDYSCL,41,31,12,15,72,27,0.4411764705882353,neutral
CYFGHRHD,59,47,18,28,106,46,0.4411764705882353,neutral
NFFLICFC,26,12,5,3,38,8,0.4411764705882353,neutral
FCIFCDVL,28,10,4,4,38,8,0.4411764705882353,neutral
FFFVFVLY,22,16,3,5,38,8,0.4411764705882353,neutral
NCCFGCSC,38,34,17,10,72,27,0.4411764705882353,neutral
FIVFLFFC,22,16,4,4,38,8,0.4411764705882353,neutral
FGCGCFYY,26,12,5,3,38,8,0.4411764705882353,neutral
GYHYHGGR,81,68,35,35,149,70,0.441340782122905,neutral
LFFSNIFL,46,35,14,18,81,32,0.44144144144144143,neutral
DLVGLYGY,41,40,17,15,81,32,0.44144144144144143,neutral
SDGFCFYD,50,31,12,20,81,32,0.44144144144144143,neutral
VFFGYHFR,50,31,14,18,81,32,0.44144144144144143,neutral
CIHVCYHC,32,15,5,8,47,13,0.44155844155844154,neutral
YNFFVVGF,32,15,3,10,47,13,0.44155844155844154,neutral
LFLVRFDC,32,15,8,5,47,13,0.44155844155844154,neutral
LYRHCDDV,24,23,4,9,47,13,0.44155844155844154,neutral
CFLRVLLH,28,19,7,6,47,13,0.44155844155844154,neutral
CYHCDDCF,33,14,5,8,47,13,0.44155844155844154,neutral
FRCFFCGL,28,19,11,2,47,13,0.44155844155844154,neutral
IFHGGFIF,32,15,6,7,47,13,0.44155844155844154,neutral
CRFFGCCF,27,20,7,6,47,13,0.44155844155844154,neutral
FRCYHIFR,29,18,8,5,47,13,0.44155844155844154,neutral
FRFSDFLY,32,15,4,9,47,13,0.44155844155844154,neutral
FCYCIFVF,33,14,7,6,47,13,0.44155844155844154,neutral
YCYFVDIL,26,21,6,7,47,13,0.44155844155844154,neutral
IGVLCDLG,33,14,6,7,47,13,0.44155844155844154,neutral
CNSYSYRY,29,18,7,6,47,13,0.44155844155844154,neutral
CVVCVVSC,26,21,10,3,47,13,0.44155844155844154,neutral
LVFFVLVS,23,24,8,5,47,13,0.44155844155844154,neutral
YSVFFYRN,31,16,10,3,47,13,0.44155844155844154,neutral
CRLNCIYI,33,14,8,5,47,13,0.44155844155844154,neutral
YVVIFGGG,52,38,22,15,90,37,0.44166666666666665,neutral
YFCGCRDD,53,37,23,14,90,37,0.44166666666666665,neutral
FDRCVFHD,50,40,19,18,90,37,0.44166666666666665,neutral
FIGFFCVS,32,24,9,9,56,18,0.4418604651162791,neutral
CLYIYCGC,37,19,9,9,56,18,0.4418604651162791,neutral
CNFCLGGH,37,19,11,7,56,18,0.4418604651162791,neutral
CCGCILYG,34,22,10,8,56,18,0.4418604651162791,neutral
GFLLCYHF,31,25,9,9,56,18,0.4418604651162791,neutral
ILDCDHVF,35,21,8,10,56,18,0.4418604651162791,neutral
FSSYINCV,33,23,12,6,56,18,0.4418604651162791,neutral
LYGCYGNG,36,20,5,13,56,18,0.4418604651162791,neutral
VFCHCHLC,36,20,12,6,56,18,0.4418604651162791,neutral
FCGRCFGG,36,20,5,13,56,18,0.4418604651162791,neutral
GFYNINGH,59,40,21,21,99,42,0.4418604651162791,neutral
VFYCRFGL,36,20,9,9,56,18,0.4418604651162791,neutral
FGRYNLDL,30,26,8,10,56,18,0.4418604651162791,neutral
FYCHCRFC,31,25,10,8,56,18,0.4418604651162791,neutral
HCYFCSFD,33,23,8,10,56,18,0.4418604651162791,neutral
FCNHCSYV,37,19,11,7,56,18,0.4418604651162791,neutral
NCIYHVFC,30,26,11,7,56,18,0.4418604651162791,neutral
FFFYGVVL,37,19,11,7,56,18,0.4418604651162791,neutral
RCRCSCGY,54,45,25,17,99,42,0.4418604651162791,neutral
FRFFDVRC,35,21,13,5,56,18,0.4418604651162791,neutral
LLVDHCCV,58,50,26,21,108,47,0.4420289855072464,neutral
FSCLDSSY,35,30,11,12,65,23,0.4421052631578947,neutral
HVCRLFCG,35,30,14,9,65,23,0.4421052631578947,neutral
FCHDSFGL,39,26,12,11,65,23,0.4421052631578947,neutral
SRVIYYLG,39,26,9,14,65,23,0.4421052631578947,neutral
FYYRDFYF,42,23,9,14,65,23,0.4421052631578947,neutral
DVDLVYRV,36,29,7,16,65,23,0.4421052631578947,neutral
YYRRFFVC,36,29,10,13,65,23,0.4421052631578947,neutral
HSCDCCLI,41,24,8,15,65,23,0.4421052631578947,neutral
LVVGFDGI,32,33,11,12,65,23,0.4421052631578947,neutral
LDGFCNIV,41,24,9,14,65,23,0.4421052631578947,neutral
LLCFRCDI,38,36,12,16,74,28,0.4423076923076923,neutral
SSGFGGCY,42,32,12,16,74,28,0.4423076923076923,neutral
GCFGVGLF,46,28,15,13,74,28,0.4423076923076923,neutral
NSLFGCCI,46,28,15,13,74,28,0.4423076923076923,neutral
LNCYCDCH,46,28,12,16,74,28,0.4423076923076923,neutral
SCSRCGGY,46,28,13,15,74,28,0.4423076923076923,neutral
FFDFCVDH,44,30,14,14,74,28,0.4423076923076923,neutral
CFLGCCDR,45,29,16,12,74,28,0.4423076923076923,neutral
HFCVSFGS,46,28,10,18,74,28,0.4423076923076923,neutral
GVVFGFIC,50,33,14,19,83,33,0.4424778761061947,neutral
YFFGNNNF,42,41,15,18,83,33,0.4424778761061947,neutral
CSVHFSYD,48,35,13,20,83,33,0.4424778761061947,neutral
IDGRFFRH,51,32,10,23,83,33,0.4424778761061947,neutral
RCCHLGVC,51,32,16,17,83,33,0.4424778761061947,neutral
FCCCNNDF,48,35,14,19,83,33,0.4424778761061947,neutral
FSCFIRVY,23,8,0,4,31,4,0.4426229508196721,neutral
VFFVCYLF,24,7,4,0,31,4,0.4426229508196721,neutral
SFSCFFFV,20,11,2,2,31,4,0.4426229508196721,neutral
LSYGFGGL,16,15,2,2,31,4,0.4426229508196721,neutral
FSICYCLR,51,41,13,25,92,38,0.4426229508196721,neutral
LFRYIGLV,22,9,4,0,31,4,0.4426229508196721,neutral
YFLCVSVH,19,12,1,3,31,4,0.4426229508196721,neutral
IFCYIFVV,15,16,2,2,31,4,0.4426229508196721,neutral
FSFFCCVR,21,10,1,3,31,4,0.4426229508196721,neutral
CIYVRLFG,19,12,2,2,31,4,0.4426229508196721,neutral
RYFCSGVI,53,39,21,17,92,38,0.4426229508196721,neutral
YCLCCLDV,20,11,3,1,31,4,0.4426229508196721,neutral
LIYFIYIG,19,12,2,2,31,4,0.4426229508196721,neutral
SLIICFGI,20,11,3,1,31,4,0.4426229508196721,neutral
CFVCFVCF,18,13,1,3,31,4,0.4426229508196721,neutral
DCYILILD,18,13,2,2,31,4,0.4426229508196721,neutral
CFIVRFRS,21,10,3,1,31,4,0.4426229508196721,neutral
NDCHCYCL,17,14,2,2,31,4,0.4426229508196721,neutral
CCSCHYCL,23,8,4,0,31,4,0.4426229508196721,neutral
FYLVICYC,16,15,3,1,31,4,0.4426229508196721,neutral
VCFFVIHL,20,11,2,2,31,4,0.4426229508196721,neutral
NFLCYIVC,17,14,2,2,31,4,0.4426229508196721,neutral
FFVVLYFR,21,10,3,1,31,4,0.4426229508196721,neutral
LCVCFFFV,22,9,1,3,31,4,0.4426229508196721,neutral
ISRIFFLN,15,16,2,2,31,4,0.4426229508196721,neutral
FFVVVVCS,20,11,2,2,31,4,0.4426229508196721,neutral
LYCVFVGL,20,11,1,3,31,4,0.4426229508196721,neutral
VYDIDICD,21,10,2,2,31,4,0.4426229508196721,neutral
CCLSCILC,19,12,1,3,31,4,0.4426229508196721,neutral
FIGLVFCC,21,10,2,2,31,4,0.4426229508196721,neutral
FFFDCGCY,52,40,15,23,92,38,0.4426229508196721,neutral
FIYCCYVY,18,13,2,2,31,4,0.4426229508196721,neutral
YYGVRGVF,19,12,2,2,31,4,0.4426229508196721,neutral
YCFYCCNH,22,9,0,4,31,4,0.4426229508196721,neutral
CFVVLHNC,59,42,20,23,101,43,0.44274809160305345,neutral
FCVGSVCI,57,44,17,26,101,43,0.44274809160305345,neutral
YLCHSCVC,58,43,14,29,101,43,0.44274809160305345,neutral
VSSIFGHI,24,16,5,4,40,9,0.44285714285714284,neutral
LNVCGVYC,24,16,7,2,40,9,0.44285714285714284,neutral
GFCVFFFF,27,13,4,5,40,9,0.44285714285714284,neutral
NRFLSIYL,26,14,5,4,40,9,0.44285714285714284,neutral
IYLSICYG,27,13,2,7,40,9,0.44285714285714284,neutral
HYLCCFLH,23,17,6,3,40,9,0.44285714285714284,neutral
CHYLCCFI,26,14,5,4,40,9,0.44285714285714284,neutral
RYFGYFGF,28,12,3,6,40,9,0.44285714285714284,neutral
CFCYIHFY,25,15,3,6,40,9,0.44285714285714284,neutral
NVVVVFNC,26,14,4,5,40,9,0.44285714285714284,neutral
FYIFYHCR,24,16,3,6,40,9,0.44285714285714284,neutral
ILCVCGLF,18,22,4,5,40,9,0.44285714285714284,neutral
FFVVVFDG,22,18,3,6,40,9,0.44285714285714284,neutral
FFCYCRCC,25,15,4,5,40,9,0.44285714285714284,neutral
FRGVFYYR,29,11,3,6,40,9,0.44285714285714284,neutral
CCFGYIYL,23,17,5,4,40,9,0.44285714285714284,neutral
YHYILYIR,24,16,4,5,40,9,0.44285714285714284,neutral
FIILLFCC,29,11,4,5,40,9,0.44285714285714284,neutral
CIYFVGYF,28,12,4,5,40,9,0.44285714285714284,neutral
YLCGCIHC,24,16,2,7,40,9,0.44285714285714284,neutral
CFCLYCSL,18,22,3,6,40,9,0.44285714285714284,neutral
FFFYHHHV,66,53,19,34,119,53,0.4429530201342282,neutral
CVYFNIGF,27,22,6,8,49,14,0.4430379746835443,neutral
FCFVCRNF,28,21,3,11,49,14,0.4430379746835443,neutral
FSDCFGIH,34,15,9,5,49,14,0.4430379746835443,neutral
FFFLCHSY,28,21,9,5,49,14,0.4430379746835443,neutral
LRFSGVYR,33,16,11,3,49,14,0.4430379746835443,neutral
FYSGVCSV,34,15,6,8,49,14,0.4430379746835443,neutral
VCCYSICV,27,22,6,8,49,14,0.4430379746835443,neutral
FYFYNNCH,29,20,7,7,49,14,0.4430379746835443,neutral
VCYHLRCV,24,25,7,7,49,14,0.4430379746835443,neutral
FFSCCVCD,30,19,7,7,49,14,0.4430379746835443,neutral
HFYCCCCL,29,20,9,5,49,14,0.4430379746835443,neutral
LLCGCVCI,21,28,8,6,49,14,0.4430379746835443,neutral
CFVLDFGD,30,19,6,8,49,14,0.4430379746835443,neutral
LCRCHFID,28,21,8,6,49,14,0.4430379746835443,neutral
VDVRYHCL,78,59,40,23,137,63,0.4431137724550898,neutral
SSFYYDFV,28,30,8,11,58,19,0.4431818181818182,neutral
SFFDYGCF,82,64,38,30,146,68,0.4431818181818182,neutral
CFVYYFID,38,20,11,8,58,19,0.4431818181818182,neutral
YCGCFFFH,30,28,12,7,58,19,0.4431818181818182,neutral
YLRFCFDI,36,22,5,14,58,19,0.4431818181818182,neutral
IGCFGNGF,35,23,10,9,58,19,0.4431818181818182,neutral
LNIVCFCG,33,25,11,8,58,19,0.4431818181818182,neutral
FNVFGSVR,37,21,10,9,58,19,0.4431818181818182,neutral
HIVCRGYV,33,25,5,14,58,19,0.4431818181818182,neutral
FCCDCIGH,36,22,7,12,58,19,0.4431818181818182,neutral
GYDLCCVV,38,20,13,6,58,19,0.4431818181818182,neutral
CCRFRHLF,34,24,8,11,58,19,0.4431818181818182,neutral
FDLGHDLG,37,30,13,11,67,24,0.44329896907216493,neutral
CYIIFGVS,37,30,10,14,67,24,0.44329896907216493,neutral
FYGNLFFH,40,27,11,13,67,24,0.44329896907216493,neutral
FLNCSGIY,40,27,12,12,67,24,0.44329896907216493,neutral
GYNCHVRY,40,27,11,13,67,24,0.44329896907216493,neutral
DNVLLCYV,42,25,16,8,67,24,0.44329896907216493,neutral
CIDLDFRD,43,24,16,8,67,24,0.44329896907216493,neutral
VCCYVSDF,41,26,9,15,67,24,0.44329896907216493,neutral
YFYSVNVG,39,37,20,9,76,29,0.44339622641509435,neutral
YDLFRNGG,46,30,12,17,76,29,0.44339622641509435,neutral
FLVRHRFC,46,30,9,20,76,29,0.44339622641509435,neutral
LIDFCSCH,45,31,18,11,76,29,0.44339622641509435,neutral
CYCGSGFH,46,30,14,15,76,29,0.44339622641509435,neutral
FDILCLCS,46,30,13,16,76,29,0.44339622641509435,neutral
RCFYSDLG,43,33,12,17,76,29,0.44339622641509435,neutral
NYFDGFGN,46,30,15,14,76,29,0.44339622641509435,neutral
VCHCICSC,45,31,20,9,76,29,0.44339622641509435,neutral
CCSCRYGV,47,29,20,9,76,29,0.44339622641509435,neutral
FYVDYHYC,45,40,17,17,85,34,0.4434782608695652,neutral
VGSYCCCD,51,34,13,21,85,34,0.4434782608695652,neutral
FCDLNFCG,50,35,14,20,85,34,0.4434782608695652,neutral
SGGFYDCC,48,37,19,15,85,34,0.4434782608695652,neutral
IIHSGCCF,52,33,17,17,85,34,0.4434782608695652,neutral
DVFNCFCS,56,38,15,24,94,39,0.4435483870967742,neutral
FFFDSVFC,47,47,19,20,94,39,0.4435483870967742,neutral
FDRFDGFG,56,38,19,20,94,39,0.4435483870967742,neutral
VFGVYGIN,56,38,19,20,94,39,0.4435483870967742,neutral
FDGYVSIS,55,39,22,17,94,39,0.4435483870967742,neutral
DYYCYVSS,52,42,11,28,94,39,0.4435483870967742,neutral
VYVVHHCN,70,51,30,24,121,54,0.44370860927152317,neutral
FHDCCIVL,78,61,28,36,139,64,0.4437869822485207,neutral
GSYGICIY,100,84,51,38,184,89,0.4439252336448598,neutral
FCNFRSYI,40,29,18,7,69,25,0.4444444444444444,neutral
CFLCCVGH,26,16,2,8,42,10,0.4444444444444444,neutral
FFDFFGNN,47,31,13,17,78,30,0.4444444444444444,neutral
FCCCSRII,10,14,0,0,24,0,0.4444444444444444,neutral
YGRCCNLY,44,25,18,7,69,25,0.4444444444444444,neutral
FVYCDVVR,57,48,21,24,105,45,0.4444444444444444,neutral
ILCCYCHI,42,27,12,13,69,25,0.4444444444444444,neutral
ICGICCID,41,28,12,13,69,25,0.4444444444444444,neutral
FNFCDNLC,24,18,5,5,42,10,0.4444444444444444,neutral
FHFICCIY,18,6,0,0,24,0,0.4444444444444444,neutral
IFCVLNCY,42,27,12,13,69,25,0.4444444444444444,neutral
FVCYFYVH,28,14,5,5,42,10,0.4444444444444444,neutral
FIFFYRIF,13,11,0,0,24,0,0.4444444444444444,neutral
FCYLSSCD,34,17,5,10,51,15,0.4444444444444444,neutral
HFRYYINS,42,27,13,12,69,25,0.4444444444444444,neutral
CIRYCFYV,20,4,0,0,24,0,0.4444444444444444,neutral
CCHCVCGF,32,19,5,10,51,15,0.4444444444444444,neutral
YLFFSIFF,16,8,0,0,24,0,0.4444444444444444,neutral
DVVIIFYH,20,13,2,3,33,5,0.4444444444444444,neutral
CGCFCGNF,27,15,2,8,42,10,0.4444444444444444,neutral
FYCCHFGV,34,26,9,11,60,20,0.4444444444444444,neutral
FFYLYCFC,13,11,0,0,24,0,0.4444444444444444,neutral
LSVYHCVR,53,43,19,21,96,40,0.4444444444444444,neutral
FYVVCVIR,17,7,0,0,24,0,0.4444444444444444,neutral
DCCCCVGF,41,28,14,11,69,25,0.4444444444444444,neutral
CDCCYGIF,41,28,11,14,69,25,0.4444444444444444,neutral
ILFFCLGD,17,7,0,0,24,0,0.4444444444444444,neutral
CGCFCYGR,28,14,4,6,42,10,0.4444444444444444,neutral
CCGFCVGS,28,23,6,9,51,15,0.4444444444444444,neutral
FYDCDVIG,50,37,22,13,87,35,0.4444444444444444,neutral
FICLYVIC,16,8,0,0,24,0,0.4444444444444444,neutral
VHDYCGYR,69,54,21,34,123,55,0.4444444444444444,neutral
GCCVGGFL,35,25,9,11,60,20,0.4444444444444444,neutral
FIFIVYCF,18,6,0,0,24,0,0.4444444444444444,neutral
CCYYLYVL,14,10,0,0,24,0,0.4444444444444444,neutral
GYCRICYF,29,13,7,3,42,10,0.4444444444444444,neutral
FFFVFVVY,25,8,3,2,33,5,0.4444444444444444,neutral
CLCFRFGF,13,11,0,0,24,0,0.4444444444444444,neutral
VYYCGRCG,27,15,1,9,42,10,0.4444444444444444,neutral
IFFHICLH,14,10,0,0,24,0,0.4444444444444444,neutral
LIFGCFNG,43,35,16,14,78,30,0.4444444444444444,neutral
LHVCYLDC,58,47,30,15,105,45,0.4444444444444444,neutral
CYFCSVGC,29,13,4,6,42,10,0.4444444444444444,neutral
SCVSHSIY,27,15,6,4,42,10,0.4444444444444444,neutral
FNYGSGLL,41,37,11,19,78,30,0.4444444444444444,neutral
RDVYHFIL,43,26,13,12,69,25,0.4444444444444444,neutral
FCYDIYCC,63,51,28,22,114,50,0.4444444444444444,neutral
FNNSHFYC,34,26,9,11,60,20,0.4444444444444444,neutral
LCIILIGF,24,9,1,4,33,5,0.4444444444444444,neutral
RYCCGGCS,24,18,4,6,42,10,0.4444444444444444,neutral
FFILCVFV,13,11,0,0,24,0,0.4444444444444444,neutral
FRVFNFFL,14,10,0,0,24,0,0.4444444444444444,neutral
HIYYIFYR,30,12,6,4,42,10,0.4444444444444444,neutral
VVVNINFR,30,12,5,5,42,10,0.4444444444444444,neutral
FCVIYRLF,10,14,0,0,24,0,0.4444444444444444,neutral
FFLFIICG,14,10,0,0,24,0,0.4444444444444444,neutral
IFVCRRLC,34,26,7,13,60,20,0.4444444444444444,neutral
VVCNLLLF,29,22,7,8,51,15,0.4444444444444444,neutral
FFFSFFYC,16,8,0,0,24,0,0.4444444444444444,neutral
RVCCYGVC,37,23,8,12,60,20,0.4444444444444444,neutral
CYCICCDI,23,19,4,6,42,10,0.4444444444444444,neutral
YFDCLCFI,23,19,5,5,42,10,0.4444444444444444,neutral
FRIVGCFN,46,32,16,14,78,30,0.4444444444444444,neutral
DDLFCNDR,59,55,21,29,114,50,0.4444444444444444,neutral
FIICYVRG,10,14,0,0,24,0,0.4444444444444444,neutral
FGVCGFGN,30,12,5,5,42,10,0.4444444444444444,neutral
FVYFFYFV,25,8,4,1,33,5,0.4444444444444444,neutral
LLVIVCYF,19,14,2,3,33,5,0.4444444444444444,neutral
CGICCDVV,47,31,19,11,78,30,0.4444444444444444,neutral
LCGDCHCY,28,14,5,5,42,10,0.4444444444444444,neutral
YLCIYYVG,26,7,3,2,33,5,0.4444444444444444,neutral
YRVYFDYC,15,9,0,0,24,0,0.4444444444444444,neutral
VFVIRFRL,16,8,0,0,24,0,0.4444444444444444,neutral
CCSCYIRF,37,23,9,11,60,20,0.4444444444444444,neutral
LCRFLIGC,30,21,4,11,51,15,0.4444444444444444,neutral
IFVLNCCL,30,21,5,10,51,15,0.4444444444444444,neutral
VCCVLLYR,16,8,0,0,24,0,0.4444444444444444,neutral
FFDFFFGY,14,10,0,0,24,0,0.4444444444444444,neutral
FCCFICRC,19,14,2,3,33,5,0.4444444444444444,neutral
SGDCFGFY,31,20,8,7,51,15,0.4444444444444444,neutral
ICLCIVCC,18,6,0,0,24,0,0.4444444444444444,neutral
CDSISSIY,32,19,6,9,51,15,0.4444444444444444,neutral
CCRCFCRS,18,15,2,3,33,5,0.4444444444444444,neutral
LLDSSIYY,48,30,6,24,78,30,0.4444444444444444,neutral
ICFYCCCS,25,17,4,6,42,10,0.4444444444444444,neutral
CCHCLGCG,38,22,10,10,60,20,0.4444444444444444,neutral
FIVFVHVI,17,7,0,0,24,0,0.4444444444444444,neutral
IIYVYYDC,20,13,1,4,33,5,0.4444444444444444,neutral
LCCSGCCV,20,22,2,8,42,10,0.4444444444444444,neutral
FYSCICGL,28,14,5,5,42,10,0.4444444444444444,neutral
IYLGFFNR,51,36,19,16,87,35,0.4444444444444444,neutral
HNFYCDCY,30,21,8,7,51,15,0.4444444444444444,neutral
YFFGHLNC,24,18,6,4,42,10,0.4444444444444444,neutral
FRCHSYYN,28,14,7,3,42,10,0.4444444444444444,neutral
HRVFHYFH,29,13,8,2,42,10,0.4444444444444444,neutral
CLLGNCYY,32,19,6,9,51,15,0.4444444444444444,neutral
FYIHLCLD,17,7,0,0,24,0,0.4444444444444444,neutral
YYFGCLHR,25,17,4,6,42,10,0.4444444444444444,neutral
VSVCCGGC,47,40,15,20,87,35,0.4444444444444444,neutral
VCDHFIRF,34,17,5,10,51,15,0.4444444444444444,neutral
IFLVVNSD,33,27,11,9,60,20,0.4444444444444444,neutral
CHCSSDCV,27,24,9,6,51,15,0.4444444444444444,neutral
VLYFVRFY,24,9,3,2,33,5,0.4444444444444444,neutral
IVCCGCVV,48,30,22,8,78,30,0.4444444444444444,neutral
HCCCVHGH,46,32,13,17,78,30,0.4444444444444444,neutral
HLDIFYGS,36,24,8,12,60,20,0.4444444444444444,neutral
FCYYDGHF,33,27,12,8,60,20,0.4444444444444444,neutral
FFCCVNHF,22,11,2,3,33,5,0.4444444444444444,neutral
CFRCVRDF,26,34,6,14,60,20,0.4444444444444444,neutral
LNFFVYVD,33,27,9,11,60,20,0.4444444444444444,neutral
FFCCDFGY,27,15,5,5,42,10,0.4444444444444444,neutral
VVFRCFVL,16,8,0,0,24,0,0.4444444444444444,neutral
DICGGYHD,91,77,35,45,168,80,0.4444444444444444,neutral
CYGGLYHG,32,19,10,5,51,15,0.4444444444444444,neutral
YNDNNFGL,41,28,14,11,69,25,0.4444444444444444,neutral
VSDFYCDY,22,20,4,6,42,10,0.4444444444444444,neutral
RILIYIRL,14,10,0,0,24,0,0.4444444444444444,neutral
FFNDGSLV,62,43,20,25,105,45,0.4444444444444444,neutral
IDGVHYGF,56,40,16,24,96,40,0.4444444444444444,neutral
VVCIRFGF,16,8,0,0,24,0,0.4444444444444444,neutral
CCLLVYVN,30,12,4,6,42,10,0.4444444444444444,neutral
GLCCCGVC,24,18,4,6,42,10,0.4444444444444444,neutral
NIYDYFDC,35,16,7,8,51,15,0.4444444444444444,neutral
VCVGCFCC,30,12,8,2,42,10,0.4444444444444444,neutral
ICHILHVF,22,20,5,5,42,10,0.4444444444444444,neutral
RICCLVGF,25,17,3,7,42,10,0.4444444444444444,neutral
FFCRCFCN,28,14,5,5,42,10,0.4444444444444444,neutral
LYVCGIRY,36,24,12,8,60,20,0.4444444444444444,neutral
FCHCRVGC,28,14,7,3,42,10,0.4444444444444444,neutral
FHGIVVYH,28,14,3,7,42,10,0.4444444444444444,neutral
NCYFLFGV,23,19,3,7,42,10,0.4444444444444444,neutral
HFYGVFVC,36,24,11,9,60,20,0.4444444444444444,neutral
YVCYYVFR,12,12,0,0,24,0,0.4444444444444444,neutral
FVICFFRC,14,10,0,0,24,0,0.4444444444444444,neutral
VVLDGDRF,46,41,16,19,87,35,0.4444444444444444,neutral
CVRCHCLL,33,18,5,10,51,15,0.4444444444444444,neutral
FFNSFFVR,61,44,25,20,105,45,0.4444444444444444,neutral
HCIFVSYV,14,10,0,0,24,0,0.4444444444444444,neutral
GVCLLFCR,16,8,0,0,24,0,0.4444444444444444,neutral
LYVIFRYD,23,10,0,5,33,5,0.4444444444444444,neutral
LCIRLFVG,11,13,0,0,24,0,0.4444444444444444,neutral
FVRHIYHV,89,72,31,45,161,76,0.44502617801047123,neutral
IRVCYHGD,79,64,41,25,143,66,0.44508670520231214,neutral
GCGGCCGD,63,53,20,31,116,51,0.4452054794520548,neutral
SIYVSCLR,67,49,23,28,116,51,0.4452054794520548,neutral
FYNISDVS,62,54,20,31,116,51,0.4452054794520548,neutral
YYCGFDFF,63,53,28,23,116,51,0.4452054794520548,neutral
CSFIFNGC,54,44,25,16,98,41,0.4453125,neutral
CGLFHFDG,53,36,18,18,89,36,0.44537815126050423,neutral
LDCLRVFG,50,39,18,18,89,36,0.44537815126050423,neutral
VFRHLCCY,52,37,19,17,89,36,0.44537815126050423,neutral
YGFYNCYG,39,32,12,14,71,26,0.44554455445544555,neutral
CDYSFCHR,45,26,17,9,71,26,0.44554455445544555,neutral
LFGGNNYH,44,27,20,6,71,26,0.44554455445544555,neutral
FCFFGYVD,40,31,17,9,71,26,0.44554455445544555,neutral
FCCRFGCD,43,28,15,11,71,26,0.44554455445544555,neutral
YLHFVCNL,35,27,8,13,62,21,0.44565217391304346,neutral
GCFVCGYY,39,23,11,10,62,21,0.44565217391304346,neutral
IYNDVDYY,39,23,10,11,62,21,0.44565217391304346,neutral
GLNCGLVY,37,25,11,10,62,21,0.44565217391304346,neutral
YLYGVRYR,38,24,16,5,62,21,0.44565217391304346,neutral
FCCDHYFR,35,27,11,10,62,21,0.44565217391304346,neutral
FLLGVCCL,37,25,8,13,62,21,0.44565217391304346,neutral
YYRRLCVL,38,24,11,10,62,21,0.44565217391304346,neutral
ILSHGYGF,36,17,8,8,53,16,0.4457831325301205,neutral
YGLVGYHD,30,23,5,11,53,16,0.4457831325301205,neutral
DGFFSCDG,26,27,6,10,53,16,0.4457831325301205,neutral
CDSFSHYG,31,22,7,9,53,16,0.4457831325301205,neutral
SFCCCDYC,27,26,9,7,53,16,0.4457831325301205,neutral
DFIVFGNF,31,22,7,9,53,16,0.4457831325301205,neutral
VVNHSLFG,26,27,7,9,53,16,0.4457831325301205,neutral
LYSFCIGR,33,20,8,8,53,16,0.4457831325301205,neutral
VFSLIYNV,34,19,8,8,53,16,0.4457831325301205,neutral
CGCCGLHH,32,21,6,10,53,16,0.4457831325301205,neutral
DFNFSFVD,32,21,8,8,53,16,0.4457831325301205,neutral
CHCGGFGL,31,22,10,6,53,16,0.4457831325301205,neutral
FIDFCVDC,32,21,8,8,53,16,0.4457831325301205,neutral
VDFLYYCR,35,18,6,10,53,16,0.4457831325301205,neutral
CSNCHFFC,33,20,8,8,53,16,0.4457831325301205,neutral
SDINFLGD,69,58,30,27,127,57,0.445859872611465,neutral
FGNFFDYR,26,18,6,5,44,11,0.44594594594594594,neutral
HHYIGGSY,28,16,6,5,44,11,0.44594594594594594,neutral
RCLCHFFF,27,17,4,7,44,11,0.44594594594594594,neutral
DCGSCFFN,25,19,5,6,44,11,0.44594594594594594,neutral
HCDFCISC,24,20,7,4,44,11,0.44594594594594594,neutral
SVFCCIRV,29,15,4,7,44,11,0.44594594594594594,neutral
GYNCCNYY,26,18,4,7,44,11,0.44594594594594594,neutral
DNRYFNLY,27,17,5,6,44,11,0.44594594594594594,neutral
SYCGRDVF,27,17,6,5,44,11,0.44594594594594594,neutral
CYGHGDIL,27,17,4,7,44,11,0.44594594594594594,neutral
FCDGCVYS,25,19,5,6,44,11,0.44594594594594594,neutral
YCCYCDCY,30,14,5,6,44,11,0.44594594594594594,neutral
CYGCFVGH,29,15,3,8,44,11,0.44594594594594594,neutral
SCFCYCCC,29,15,5,6,44,11,0.44594594594594594,neutral
LICFFGFY,28,16,6,5,44,11,0.44594594594594594,neutral
YFRGFLCL,27,17,4,7,44,11,0.44594594594594594,neutral
LFFISHCF,16,19,6,0,35,6,0.4461538461538462,neutral
FLLFVCFL,19,16,2,4,35,6,0.4461538461538462,neutral
FCVFFVCV,19,16,5,1,35,6,0.4461538461538462,neutral
CFCRLVSV,23,12,2,4,35,6,0.4461538461538462,neutral
FLCFYYGG,26,9,2,4,35,6,0.4461538461538462,neutral
FFFFFGCF,19,16,5,1,35,6,0.4461538461538462,neutral
ICFFFFVH,22,13,3,3,35,6,0.4461538461538462,neutral
GFLVFFGL,23,12,3,3,35,6,0.4461538461538462,neutral
FCCYCGCV,19,16,3,3,35,6,0.4461538461538462,neutral
CDVCCLFI,21,14,2,4,35,6,0.4461538461538462,neutral
CYVVCVIY,24,11,2,4,35,6,0.4461538461538462,neutral
SVCCCGCS,22,13,3,3,35,6,0.4461538461538462,neutral
LLCFICCV,22,13,2,4,35,6,0.4461538461538462,neutral
CICLCHDV,17,18,5,1,35,6,0.4461538461538462,neutral
VFYYVNIR,21,14,3,3,35,6,0.4461538461538462,neutral
CYGVVLLY,23,12,2,4,35,6,0.4461538461538462,neutral
FNLYCFRY,23,12,4,2,35,6,0.4461538461538462,neutral
FFVLCYIH,18,17,3,3,35,6,0.4461538461538462,neutral
RVDHYGHF,54,37,13,24,91,37,0.4462809917355372,neutral
INVCDLFG,54,37,16,21,91,37,0.4462809917355372,neutral
IYSHSRIF,49,42,17,20,91,37,0.4462809917355372,neutral
LFFHVCLF,18,8,1,0,26,1,0.44642857142857145,neutral
YDILIYLF,19,7,0,1,26,1,0.44642857142857145,neutral
CFFIVVRF,17,9,0,1,26,1,0.44642857142857145,neutral
CFVVRIVH,19,7,1,0,26,1,0.44642857142857145,neutral
CVYCRFFR,13,13,1,0,26,1,0.44642857142857145,neutral
FFIHYGIL,16,10,0,1,26,1,0.44642857142857145,neutral
FDSGFCNL,50,32,17,15,82,32,0.44642857142857145,neutral
FYLLCCRS,19,7,0,1,26,1,0.44642857142857145,neutral
FLLVFYCY,17,9,1,0,26,1,0.44642857142857145,neutral
RYFFCFYV,16,10,0,1,26,1,0.44642857142857145,neutral
CYGDSVHI,49,33,14,18,82,32,0.44642857142857145,neutral
FCVNCCFL,19,7,0,1,26,1,0.44642857142857145,neutral
FFCIIYIY,19,7,0,1,26,1,0.44642857142857145,neutral
YLNSYYDL,50,32,14,18,82,32,0.44642857142857145,neutral
IFCYFIVC,19,7,1,0,26,1,0.44642857142857145,neutral
ILYCVIYF,17,9,0,1,26,1,0.44642857142857145,neutral
FCDGGSFI,16,10,1,0,26,1,0.44642857142857145,neutral
LFFVCRYI,17,9,0,1,26,1,0.44642857142857145,neutral
LFRFCYLL,20,6,1,0,26,1,0.44642857142857145,neutral
FFGVFFCL,15,11,0,1,26,1,0.44642857142857145,neutral
FIFNFVVF,19,7,0,1,26,1,0.44642857142857145,neutral
FLCLGLFF,13,13,0,1,26,1,0.44642857142857145,neutral
GFNVIIRY,14,12,0,1,26,1,0.44642857142857145,neutral
FLCLYICG,19,7,1,0,26,1,0.44642857142857145,neutral
ICCFRLFF,19,7,0,1,26,1,0.44642857142857145,neutral
FYCLCGLG,39,43,14,18,82,32,0.44642857142857145,neutral
YFFFYYVL,14,12,0,1,26,1,0.44642857142857145,neutral
FLLRYFVC,14,12,1,0,26,1,0.44642857142857145,neutral
FFCLIYVY,15,11,1,0,26,1,0.44642857142857145,neutral
FCCFFIRV,15,11,0,1,26,1,0.44642857142857145,neutral
FYCFFFVR,17,9,1,0,26,1,0.44642857142857145,neutral
CFFRLVIF,14,12,0,1,26,1,0.44642857142857145,neutral
FFCCLRFI,18,8,0,1,26,1,0.44642857142857145,neutral
FFFFCFGF,20,6,1,0,26,1,0.44642857142857145,neutral
GVYVHLGG,120,112,61,54,232,115,0.44656488549618323,neutral
FFDGSGHY,37,36,9,18,73,27,0.44660194174757284,neutral
YCGCCDLV,46,27,13,14,73,27,0.44660194174757284,neutral
GCLLRRCG,35,38,10,17,73,27,0.44660194174757284,neutral
VCYINRHR,43,30,13,14,73,27,0.44660194174757284,neutral
SCFYYGVC,45,28,17,10,73,27,0.44660194174757284,neutral
VGYFVNFY,44,29,12,15,73,27,0.44660194174757284,neutral
FVGYFGGC,43,30,13,14,73,27,0.44660194174757284,neutral
FLYHVVCG,46,27,13,14,73,27,0.44660194174757284,neutral
FFIYDCGR,41,23,15,7,64,22,0.44680851063829785,neutral
DYSCVCFC,36,28,11,11,64,22,0.44680851063829785,neutral
GGVYCSLF,41,23,5,17,64,22,0.44680851063829785,neutral
RVVGCYYF,36,28,13,9,64,22,0.44680851063829785,neutral
CCGFLVCN,65,46,19,29,111,48,0.44680851063829785,neutral
FCCFHIVG,39,25,10,12,64,22,0.44680851063829785,neutral
CSYVCSNF,37,27,13,9,64,22,0.44680851063829785,neutral
LCCIRNCF,39,25,9,13,64,22,0.44680851063829785,neutral
CVCFINVC,41,23,11,11,64,22,0.44680851063829785,neutral
GFYLYLGR,37,27,10,12,64,22,0.44680851063829785,neutral
FICCCCSC,38,26,8,14,64,22,0.44680851063829785,neutral
RCLFYGGV,41,23,12,10,64,22,0.44680851063829785,neutral
CCDCSFRV,34,30,13,9,64,22,0.44680851063829785,neutral
GCVDSGFG,84,65,31,38,149,69,0.44692737430167595,neutral
GFSCCDVF,36,19,6,11,55,17,0.4470588235294118,neutral
CLGYIGFC,32,23,13,4,55,17,0.4470588235294118,neutral
LFIILVFG,37,18,11,6,55,17,0.4470588235294118,neutral
YGGFCGCI,36,19,11,6,55,17,0.4470588235294118,neutral
FRCCRFDD,34,21,10,7,55,17,0.4470588235294118,neutral
FGVHGDLC,29,26,10,7,55,17,0.4470588235294118,neutral
FNRGHFYR,30,25,7,10,55,17,0.4470588235294118,neutral
VDRYYCCD,31,24,9,8,55,17,0.4470588235294118,neutral
FDVCCFVV,30,25,11,6,55,17,0.4470588235294118,neutral
FVHCGVRY,35,20,8,9,55,17,0.4470588235294118,neutral
CHFVNCCV,32,23,6,11,55,17,0.4470588235294118,neutral
YFDVFDGI,29,26,10,7,55,17,0.4470588235294118,neutral
FYCFRFGV,36,19,6,11,55,17,0.4470588235294118,neutral
FFSGHVLI,36,19,8,9,55,17,0.4470588235294118,neutral
FNVHLRSY,28,27,5,12,55,17,0.4470588235294118,neutral
FCGYCCYH,33,22,3,14,55,17,0.4470588235294118,neutral
FCFYGVGF,53,40,16,22,93,38,0.44715447154471544,neutral
CFNVDICG,69,62,27,32,131,59,0.4472049689440994,neutral
GDLCHVLD,51,33,17,16,84,33,0.4473684210526316,neutral
GFRCNGFY,67,55,30,24,122,54,0.4473684210526316,neutral
YLFCFDLR,27,19,7,5,46,12,0.4473684210526316,neutral
SYVCDFHG,29,17,4,8,46,12,0.4473684210526316,neutral
DYVNLGCI,70,52,21,33,122,54,0.4473684210526316,neutral
FDRRYLIY,29,17,6,6,46,12,0.4473684210526316,neutral
CYCVFFYC,32,14,6,6,46,12,0.4473684210526316,neutral
ICRCFCGG,23,23,3,9,46,12,0.4473684210526316,neutral
LCCFHSVC,26,20,7,5,46,12,0.4473684210526316,neutral
IIIGVYFY,31,15,5,7,46,12,0.4473684210526316,neutral
FYRFGHLH,29,17,6,6,46,12,0.4473684210526316,neutral
FRCCHCRY,31,15,5,7,46,12,0.4473684210526316,neutral
LDVIDYSY,32,14,5,7,46,12,0.4473684210526316,neutral
GIIDFGGL,51,33,19,14,84,33,0.4473684210526316,neutral
GRCCCVRR,50,34,21,12,84,33,0.4473684210526316,neutral
HLGCSGFY,70,52,28,26,122,54,0.4473684210526316,neutral
FFGGVCSF,48,36,14,19,84,33,0.4473684210526316,neutral
LYLNSNCV,28,18,7,5,46,12,0.4473684210526316,neutral
LHNYLNYN,64,58,21,33,122,54,0.4473684210526316,neutral
VCYDFVCD,27,19,3,9,46,12,0.4473684210526316,neutral
VFCLCNYG,65,48,30,19,113,49,0.44755244755244755,neutral
VIICCCNC,46,29,15,13,75,28,0.44761904761904764,neutral
LVFFVDSG,99,81,46,40,180,86,0.44761904761904764,neutral
FFFSCCCC,46,29,10,18,75,28,0.44761904761904764,neutral
FCFCDCSL,45,30,9,19,75,28,0.44761904761904764,neutral
FCFFRDSV,46,29,15,13,75,28,0.44761904761904764,neutral
FFVCCDVC,46,29,10,18,75,28,0.44761904761904764,neutral
HCYRCSFL,40,35,13,15,75,28,0.44761904761904764,neutral
SFCVCCYD,43,32,14,14,75,28,0.44761904761904764,neutral
FRFCCDGV,43,32,15,13,75,28,0.44761904761904764,neutral
DRCGSFIF,41,34,14,14,75,28,0.44761904761904764,neutral
CCVRGFCC,21,16,3,4,37,7,0.44776119402985076,neutral
IFFVCCFH,20,17,4,3,37,7,0.44776119402985076,neutral
LSFVLGCF,60,44,22,22,104,44,0.44776119402985076,neutral
FFYFCIIH,24,13,4,3,37,7,0.44776119402985076,neutral
YFIINLHL,19,18,3,4,37,7,0.44776119402985076,neutral
FDFFVDFF,25,12,5,2,37,7,0.44776119402985076,neutral
ICCYCLVF,26,11,4,3,37,7,0.44776119402985076,neutral
FFDYDFGG,20,17,3,4,37,7,0.44776119402985076,neutral
GYFLIHIS,22,15,2,5,37,7,0.44776119402985076,neutral
LCYYRCVR,20,17,4,3,37,7,0.44776119402985076,neutral
CYCYHNCG,23,14,3,4,37,7,0.44776119402985076,neutral
VCFDCICC,20,17,3,4,37,7,0.44776119402985076,neutral
YHCCVCCY,26,11,4,3,37,7,0.44776119402985076,neutral
DFCCCGHF,28,9,4,3,37,7,0.44776119402985076,neutral
NIYDCVRF,22,15,4,3,37,7,0.44776119402985076,neutral
VYLNYGGV,22,15,5,2,37,7,0.44776119402985076,neutral
FCVFYHIC,20,17,3,4,37,7,0.44776119402985076,neutral
YNHFCDSI,22,15,3,4,37,7,0.44776119402985076,neutral
IGIYCLFL,22,15,1,6,37,7,0.44776119402985076,neutral
YDYDLCCS,60,44,21,23,104,44,0.44776119402985076,neutral
FCSIFCVC,27,10,1,6,37,7,0.44776119402985076,neutral
RCGYFHFG,20,17,3,4,37,7,0.44776119402985076,neutral
DLVCCRDC,69,64,29,31,133,60,0.44785276073619634,neutral
LYFGHCDC,41,25,7,16,66,23,0.4479166666666667,neutral
VHLLCGCH,42,24,10,13,66,23,0.4479166666666667,neutral
DDFFYYGH,42,24,15,8,66,23,0.4479166666666667,neutral
FCGHCGYY,40,26,10,13,66,23,0.4479166666666667,neutral
CIGHVSHY,42,24,9,14,66,23,0.4479166666666667,neutral
VDCDCYFC,39,27,14,9,66,23,0.4479166666666667,neutral
ISCFGCSC,35,31,11,12,66,23,0.4479166666666667,neutral
FFCGGLDG,36,30,9,14,66,23,0.4479166666666667,neutral
LCVSFGNF,35,31,11,12,66,23,0.4479166666666667,neutral
SYCNGRCY,37,29,11,12,66,23,0.4479166666666667,neutral
CIGCGVHV,40,26,9,14,66,23,0.4479166666666667,neutral
FCYRNYVV,37,29,10,13,66,23,0.4479166666666667,neutral
GLSCFCYN,39,27,10,13,66,23,0.4479166666666667,neutral
FFLSYVNV,54,41,22,17,95,39,0.448,neutral
CRGFRVLY,54,41,20,19,95,39,0.448,neutral
CCLRDFVV,55,40,22,17,95,39,0.448,neutral
CDGCCLYG,53,42,14,25,95,39,0.448,neutral
CYHCIVYG,56,39,20,19,95,39,0.448,neutral
DDYRRYCG,68,56,34,21,124,55,0.44805194805194803,neutral
CLHFYVDV,71,53,31,24,124,55,0.44805194805194803,neutral
LGLRRYGY,52,34,12,22,86,34,0.4482758620689655,neutral
VFCRYCGL,35,22,7,11,57,18,0.4482758620689655,neutral
CFCCIFCV,13,15,0,2,28,2,0.4482758620689655,neutral
IFCGYHSG,63,52,31,19,115,50,0.4482758620689655,neutral
YCFGSFDY,32,25,10,8,57,18,0.4482758620689655,neutral
HSDVVIYY,17,11,1,1,28,2,0.4482758620689655,neutral
CYCYCRVC,17,11,1,1,28,2,0.4482758620689655,neutral
FRNCFYFC,52,34,15,19,86,34,0.4482758620689655,neutral
VIFCFYDI,15,13,2,0,28,2,0.4482758620689655,neutral
YFGFVIIC,21,7,0,2,28,2,0.4482758620689655,neutral
SSCVCRYD,67,48,21,29,115,50,0.4482758620689655,neutral
FFGFCIFI,16,12,1,1,28,2,0.4482758620689655,neutral
CFSFVFII,17,11,1,1,28,2,0.4482758620689655,neutral
CFIYYFHI,16,12,2,0,28,2,0.4482758620689655,neutral
GFGYYYDH,33,24,10,8,57,18,0.4482758620689655,neutral
YVCIFLSY,20,8,1,1,28,2,0.4482758620689655,neutral
FFFYFRFY,16,12,1,1,28,2,0.4482758620689655,neutral
LVLHYFHG,44,42,16,18,86,34,0.4482758620689655,neutral
FYSISFYL,15,13,0,2,28,2,0.4482758620689655,neutral
NVDYLICV,67,48,20,30,115,50,0.4482758620689655,neutral
YLFRGCFG,36,21,11,7,57,18,0.4482758620689655,neutral
YVIVYYIV,17,11,1,1,28,2,0.4482758620689655,neutral
FYFYICLD,21,7,0,2,28,2,0.4482758620689655,neutral
FGFYFFLF,12,16,2,0,28,2,0.4482758620689655,neutral
YCLCFSLC,20,8,2,0,28,2,0.4482758620689655,neutral
ICVCLYRV,19,9,0,2,28,2,0.4482758620689655,neutral
ICLFSDCF,34,23,5,13,57,18,0.4482758620689655,neutral
FCFCLYIH,17,11,1,1,28,2,0.4482758620689655,neutral
FFCGLVLI,20,8,2,0,28,2,0.4482758620689655,neutral
LCINGSYL,37,20,8,10,57,18,0.4482758620689655,neutral
FYFICFRF,19,9,1,1,28,2,0.4482758620689655,neutral
FFGLCCIF,13,15,1,1,28,2,0.4482758620689655,neutral
GLFVFFSY,14,14,1,1,28,2,0.4482758620689655,neutral
GCLYCFVV,17,11,2,0,28,2,0.4482758620689655,neutral
RVFCYFDI,30,27,6,12,57,18,0.4482758620689655,neutral
YNFCCVNC,38,19,10,8,57,18,0.4482758620689655,neutral
FYIFYLFY,22,6,1,1,28,2,0.4482758620689655,neutral
FGIVCVFY,19,9,2,0,28,2,0.4482758620689655,neutral
CLVYFHGV,51,35,21,13,86,34,0.4482758620689655,neutral
GDCFSGYN,123,108,62,52,231,114,0.4482758620689655,neutral
FDLCLVGY,51,35,19,15,86,34,0.4482758620689655,neutral
GCRIVLYF,17,11,1,1,28,2,0.4482758620689655,neutral
YCVIICLR,20,8,2,0,28,2,0.4482758620689655,neutral
IVFIHVVN,19,9,1,1,28,2,0.4482758620689655,neutral
YFYCGCYF,17,11,1,1,28,2,0.4482758620689655,neutral
LHRIYCII,18,10,1,1,28,2,0.4482758620689655,neutral
YILCFLVH,18,10,0,2,28,2,0.4482758620689655,neutral
RYCIVLFV,20,8,1,1,28,2,0.4482758620689655,neutral
FFFRVCVI,18,10,0,2,28,2,0.4482758620689655,neutral
FIYVFYVY,16,12,1,1,28,2,0.4482758620689655,neutral
CIFIDYLC,33,24,2,16,57,18,0.4482758620689655,neutral
FFVFYFFF,19,9,2,0,28,2,0.4482758620689655,neutral
LYYGIVNR,34,23,9,9,57,18,0.4482758620689655,neutral
ICIYFNHF,18,10,1,1,28,2,0.4482758620689655,neutral
CCRFFDFF,21,7,0,2,28,2,0.4482758620689655,neutral
VYCIFNFI,21,7,1,1,28,2,0.4482758620689655,neutral
YVCCCYFF,16,12,0,2,28,2,0.4482758620689655,neutral
FYSIICVS,17,11,0,2,28,2,0.4482758620689655,neutral
LCYVYISC,36,21,8,10,57,18,0.4482758620689655,neutral
IHCILFIF,16,12,2,0,28,2,0.4482758620689655,neutral
SSYVRFFS,77,58,31,30,135,61,0.4484848484848485,neutral
GFSCGCLR,52,54,25,20,106,45,0.4485294117647059,neutral
FNIGFCYL,61,45,18,27,106,45,0.4485294117647059,neutral
LCGIFRCG,60,46,19,26,106,45,0.4485294117647059,neutral
IRVHCGCC,41,36,13,16,77,29,0.4485981308411215,neutral
CLYSSYYY,45,32,19,10,77,29,0.4485981308411215,neutral
FCICGCSS,44,33,13,16,77,29,0.4485981308411215,neutral
CFSRDVFC,46,31,18,11,77,29,0.4485981308411215,neutral
YCYCDHDC,42,35,21,8,77,29,0.4485981308411215,neutral
NLFGRFCY,47,30,13,16,77,29,0.4485981308411215,neutral
FCVDVCLN,47,30,19,10,77,29,0.4485981308411215,neutral
CCFIGYSC,45,32,10,19,77,29,0.4485981308411215,neutral
CCYRGYFH,25,23,10,3,48,13,0.44871794871794873,neutral
CGYFRVDC,27,21,6,7,48,13,0.44871794871794873,neutral
RCVVCLSL,30,18,5,8,48,13,0.44871794871794873,neutral
CVRCCCGH,33,15,3,10,48,13,0.44871794871794873,neutral
CVDCFHCC,32,16,5,8,48,13,0.44871794871794873,neutral
FCDLSCCL,28,20,5,8,48,13,0.44871794871794873,neutral
YIFVIYYG,31,17,4,9,48,13,0.44871794871794873,neutral
ICNCIRNF,72,54,29,27,126,56,0.44871794871794873,neutral
CVRFLYCR,32,16,5,8,48,13,0.44871794871794873,neutral
CFVFFGYL,30,18,10,3,48,13,0.44871794871794873,neutral
SYSDFFDC,26,22,9,4,48,13,0.44871794871794873,neutral
FLSCHVYL,32,16,8,5,48,13,0.44871794871794873,neutral
LFVNDVLC,69,57,28,28,126,56,0.44871794871794873,neutral
CYCDLYIF,30,18,7,6,48,13,0.44871794871794873,neutral
YNSFFCRY,33,15,3,10,48,13,0.44871794871794873,neutral
CFFRGCIC,30,18,6,7,48,13,0.44871794871794873,neutral
YDYRVCYG,30,18,8,5,48,13,0.44871794871794873,neutral
ICCFRSIF,23,25,9,4,48,13,0.44871794871794873,neutral
FHCSGCVC,31,17,8,5,48,13,0.44871794871794873,neutral
FFRGCGCI,28,20,8,5,48,13,0.44871794871794873,neutral
LCFSNVNY,25,23,7,6,48,13,0.44871794871794873,neutral
GYVCFRYG,57,40,21,19,97,40,0.44881889763779526,neutral
CGGCHCDS,58,39,19,21,97,40,0.44881889763779526,neutral
FRFGVYYD,36,32,8,16,68,24,0.4489795918367347,neutral
LGFLGHRF,39,29,11,13,68,24,0.4489795918367347,neutral
CCFCNCRC,43,25,13,11,68,24,0.4489795918367347,neutral
HGVLFGLY,65,52,28,23,117,51,0.4489795918367347,neutral
FGCCSYHG,41,27,9,15,68,24,0.4489795918367347,neutral
GYGCGYGD,41,27,12,12,68,24,0.4489795918367347,neutral
FFVCDVVI,75,62,28,34,137,62,0.4491017964071856,neutral
FVFYGFHG,53,35,15,20,88,35,0.4491525423728814,neutral
CSGCFGDI,52,36,12,23,88,35,0.4491525423728814,neutral
FHVGDFYC,51,37,9,26,88,35,0.4491525423728814,neutral
LIHVCDCC,52,36,9,26,88,35,0.4491525423728814,neutral
LCCYLHCV,24,15,3,5,39,8,0.4492753623188406,neutral
YHCFSHDF,25,14,4,4,39,8,0.4492753623188406,neutral
DICFYIFH,26,13,3,5,39,8,0.4492753623188406,neutral
FYHVDNGL,24,15,4,4,39,8,0.4492753623188406,neutral
YNDVYCSY,23,16,4,4,39,8,0.4492753623188406,neutral
RDYNGFFV,28,11,7,1,39,8,0.4492753623188406,neutral
LCIFVRVV,18,21,4,4,39,8,0.4492753623188406,neutral
FFCCVYCV,27,12,4,4,39,8,0.4492753623188406,neutral
LYFCVVCF,21,18,2,6,39,8,0.4492753623188406,neutral
CFGFGNCF,26,13,6,2,39,8,0.4492753623188406,neutral
CYCYGLYI,21,18,3,5,39,8,0.4492753623188406,neutral
IYFRHYYV,27,12,3,5,39,8,0.4492753623188406,neutral
GCYCSSIY,26,13,5,3,39,8,0.4492753623188406,neutral
FYHLGIYC,25,14,5,3,39,8,0.4492753623188406,neutral
YYFFCFFV,25,14,4,4,39,8,0.4492753623188406,neutral
GNLYHLLD,26,13,3,5,39,8,0.4492753623188406,neutral
CICCICDV,23,16,3,5,39,8,0.4492753623188406,neutral
SFFCCCCC,20,19,4,4,39,8,0.4492753623188406,neutral
FGYGYRCD,21,18,5,3,39,8,0.4492753623188406,neutral
HCFRCFHI,20,19,4,4,39,8,0.4492753623188406,neutral
IVCGDFGV,26,13,2,6,39,8,0.4492753623188406,neutral
FYHVHVFG,25,14,5,3,39,8,0.4492753623188406,neutral
FCVVIVHG,28,11,5,3,39,8,0.4492753623188406,neutral
VFFFCFLI,24,15,2,6,39,8,0.4492753623188406,neutral
CDYIVFGF,73,55,25,32,128,57,0.44936708860759494,neutral
FFCFSSCD,117,100,54,52,217,106,0.4493927125506073,neutral
CYYILRYD,39,20,9,10,59,19,0.449438202247191,neutral
SCVCVIYG,33,26,8,11,59,19,0.449438202247191,neutral
VVFYNLSH,37,22,9,10,59,19,0.449438202247191,neutral
VYGCCFYR,37,22,8,11,59,19,0.449438202247191,neutral
GCCCHSFG,34,25,5,14,59,19,0.449438202247191,neutral
FDICICND,34,25,8,11,59,19,0.449438202247191,neutral
VFVYCGYG,39,20,14,5,59,19,0.449438202247191,neutral
ISFCSLFI,39,20,7,12,59,19,0.449438202247191,neutral
VYLVFHCD,38,21,11,8,59,19,0.449438202247191,neutral
FLFCLDCR,39,20,10,9,59,19,0.449438202247191,neutral
FGCGCYLV,33,26,7,12,59,19,0.449438202247191,neutral
YCCHSYGC,30,29,10,9,59,19,0.449438202247191,neutral
CIDSCYCC,39,20,5,14,59,19,0.449438202247191,neutral
FVSFYRCC,35,24,11,8,59,19,0.449438202247191,neutral
GNCRCCIH,35,24,8,11,59,19,0.449438202247191,neutral
VNSIGFFC,39,20,7,12,59,19,0.449438202247191,neutral
GICCRCVH,33,26,9,10,59,19,0.449438202247191,neutral
FCCYHHLC,32,27,6,13,59,19,0.449438202247191,neutral
HCCDGFCR,37,22,9,10,59,19,0.449438202247191,neutral
HFIFLGVR,45,34,18,12,79,30,0.44954128440366975,neutral
YDCFGYFF,45,34,10,20,79,30,0.44954128440366975,neutral
IFVGYYCR,46,33,13,17,79,30,0.44954128440366975,neutral
CDFYDGCV,49,30,13,17,79,30,0.44954128440366975,neutral
IYLDLVVV,46,33,17,13,79,30,0.44954128440366975,neutral
YLYHCICD,47,32,15,15,79,30,0.44954128440366975,neutral
YYDSFRCY,46,33,15,15,79,30,0.44954128440366975,neutral
CFVCGDLF,55,44,22,19,99,41,0.4496124031007752,neutral
SFVDFCLD,56,43,20,21,99,41,0.4496124031007752,neutral
VGVCDLFF,59,40,26,15,99,41,0.4496124031007752,neutral
GYGYCYGY,74,65,31,32,139,63,0.44970414201183434,neutral
YLRVCLYL,16,14,2,1,30,3,0.45,neutral
VSYDIVVY,34,16,4,10,50,14,0.45,neutral
FDVHFCIY,34,16,5,9,50,14,0.45,neutral
CNIFVFSC,20,10,2,1,30,3,0.45,neutral
IFVFCIGI,18,12,2,1,30,3,0.45,neutral
FCYLICLY,15,15,1,2,30,3,0.45,neutral
FLHVVIRF,20,10,3,0,30,3,0.45,neutral
CRCGCFYH,42,28,11,14,70,25,0.45,neutral
ICFYFYHN,18,12,2,1,30,3,0.45,neutral
GYLYFCLI,21,9,2,1,30,3,0.45,neutral
YDCVFVVR,53,37,18,18,90,36,0.45,neutral
FFLGFIVI,15,15,0,3,30,3,0.45,neutral
FFFCLYGF,20,10,0,3,30,3,0.45,neutral
YFVYVRHF,18,12,1,2,30,3,0.45,neutral
LFDVICVI,37,33,13,12,70,25,0.45,neutral
CFIVVSCG,22,8,2,1,30,3,0.45,neutral
GFCHCRVG,20,10,3,0,30,3,0.45,neutral
LYICNLCY,30,20,4,10,50,14,0.45,neutral
VCLFVCRL,18,12,1,2,30,3,0.45,neutral
LSILISFF,15,15,1,2,30,3,0.45,neutral
ISIIIVSC,30,20,9,5,50,14,0.45,neutral
FHLCCYFL,22,8,1,2,30,3,0.45,neutral
YHINCVLL,44,26,14,11,70,25,0.45,neutral
FFGNYVRF,33,17,6,8,50,14,0.45,neutral
IFICHLFC,14,16,2,1,30,3,0.45,neutral
IFCHGHCF,34,16,9,5,50,14,0.45,neutral
YCDICFRC,39,31,5,20,70,25,0.45,neutral
FFICVVCI,17,13,1,2,30,3,0.45,neutral
FFLVSFVC,19,11,1,2,30,3,0.45,neutral
FFDISNSD,13,17,1,2,30,3,0.45,neutral
FCCCCYSN,13,17,2,1,30,3,0.45,neutral
FCDLFCLF,15,15,2,1,30,3,0.45,neutral
FCCDFDIR,27,23,4,10,50,14,0.45,neutral
CYFFVCYF,14,16,1,2,30,3,0.45,neutral
YYVGILFV,18,12,1,2,30,3,0.45,neutral
VIFHILVR,19,11,2,1,30,3,0.45,neutral
FVVHCSGY,29,21,6,8,50,14,0.45,neutral
VSFIFSGF,54,36,21,15,90,36,0.45,neutral
FYCCYFSG,34,16,6,8,50,14,0.45,neutral
FYYICYVR,18,12,2,1,30,3,0.45,neutral
CFFCVGVY,20,10,1,2,30,3,0.45,neutral
FCLLIFRV,18,12,2,1,30,3,0.45,neutral
FSDYFFFC,48,42,14,22,90,36,0.45,neutral
FCDFYCDR,44,26,14,11,70,25,0.45,neutral
ICVVFYIF,20,10,1,2,30,3,0.45,neutral
VLFYFFSI,20,10,0,3,30,3,0.45,neutral
IYCFGFVF,24,6,1,2,30,3,0.45,neutral
VIHSHYFR,32,18,5,9,50,14,0.45,neutral
LCCFSYGF,31,19,3,11,50,14,0.45,neutral
IVIFGVIY,19,11,1,2,30,3,0.45,neutral
FSVISLYC,33,17,4,10,50,14,0.45,neutral
IHCCVGRF,44,26,11,14,70,25,0.45,neutral
DGIVFICC,21,9,3,0,30,3,0.45,neutral
YSYRHVSF,44,26,13,12,70,25,0.45,neutral
CGIICFCC,22,8,0,3,30,3,0.45,neutral
VVHHFVIR,17,13,2,1,30,3,0.45,neutral
CCFHCCLI,23,7,0,3,30,3,0.45,neutral
FGFGLCHV,97,93,45,46,190,91,0.45,neutral
IDCLYDCL,44,26,10,15,70,25,0.45,neutral
CHFLCYVN,26,24,4,10,50,14,0.45,neutral
LIFLVGGF,19,11,3,0,30,3,0.45,neutral
VCVIFDCL,32,18,8,6,50,14,0.45,neutral
CNVCIYVH,28,22,7,7,50,14,0.45,neutral
VYVLYCSC,32,18,6,8,50,14,0.45,neutral
VHLGCCYI,79,62,24,40,141,64,0.4502923976608187,neutral
GCSGYNLI,69,52,25,28,121,53,0.4503311258278146,neutral
YLIGCCGG,54,47,22,20,101,42,0.45038167938931295,neutral
FGGFSVFR,54,47,18,24,101,42,0.45038167938931295,neutral
LCSCCCCN,60,41,25,17,101,42,0.45038167938931295,neutral
IFGYLDFV,60,41,21,21,101,42,0.45038167938931295,neutral
FFFFNNDI,57,44,17,25,101,42,0.45038167938931295,neutral
ISYNVRYG,46,35,13,18,81,31,0.45045045045045046,neutral
FDCCVFHC,48,33,14,17,81,31,0.45045045045045046,neutral
SSCVFYGG,48,33,14,17,81,31,0.45045045045045046,neutral
FNYFGCCC,49,32,18,13,81,31,0.45045045045045046,neutral
ICNCFGHY,49,32,15,16,81,31,0.45045045045045046,neutral
SYGLYVNL,50,31,9,22,81,31,0.45045045045045046,neutral
YCCRRVVL,44,37,12,19,81,31,0.45045045045045046,neutral
FYGHGSDV,44,37,14,17,81,31,0.45045045045045046,neutral
VICVCDFH,49,32,15,16,81,31,0.45045045045045046,neutral
CFNFYHFG,40,21,11,9,61,20,0.45054945054945056,neutral
YNNFHVFF,36,25,11,9,61,20,0.45054945054945056,neutral
VYYRDRSS,36,25,12,8,61,20,0.45054945054945056,neutral
YIFFLVHY,39,22,11,9,61,20,0.45054945054945056,neutral
CLCCHHSC,36,25,9,11,61,20,0.45054945054945056,neutral
GLSFHDGF,37,24,8,12,61,20,0.45054945054945056,neutral
SLFCCLGC,37,24,10,10,61,20,0.45054945054945056,neutral
CSFRYCSY,37,24,9,11,61,20,0.45054945054945056,neutral
NCGLHFGY,39,22,8,12,61,20,0.45054945054945056,neutral
ICVHRVYD,34,27,9,11,61,20,0.45054945054945056,neutral
VCDDCCFI,39,22,8,12,61,20,0.45054945054945056,neutral
CCIYFHYN,37,24,7,13,61,20,0.45054945054945056,neutral
VIFCRCHI,34,27,12,8,61,20,0.45054945054945056,neutral
FIIRYYGN,30,31,6,14,61,20,0.45054945054945056,neutral
FVNIRLFG,37,24,8,12,61,20,0.45054945054945056,neutral
YVFVFNYG,39,22,13,7,61,20,0.45054945054945056,neutral
FCFFYCGS,39,22,14,6,61,20,0.45054945054945056,neutral
RDDHIYVF,39,22,9,11,61,20,0.45054945054945056,neutral
GRCVCHVC,32,29,11,9,61,20,0.45054945054945056,neutral
GVCHYFND,39,22,10,10,61,20,0.45054945054945056,neutral
YHHYSVLI,39,22,11,9,61,20,0.45054945054945056,neutral
IYYDGIDV,33,28,8,12,61,20,0.45054945054945056,neutral
YYGSGSVL,73,59,22,37,132,59,0.4506172839506173,neutral
FFHILYSI,28,13,7,2,41,9,0.4507042253521127,neutral
FYFCVYGS,26,15,2,7,41,9,0.4507042253521127,neutral
CFRHCFNY,19,22,4,5,41,9,0.4507042253521127,neutral
VCNFGYYY,26,15,4,5,41,9,0.4507042253521127,neutral
CNCGSCNL,25,16,6,3,41,9,0.4507042253521127,neutral
LLFFNIVC,24,17,3,6,41,9,0.4507042253521127,neutral
RRFYYFIS,19,22,5,4,41,9,0.4507042253521127,neutral
GCCCRVCC,29,12,4,5,41,9,0.4507042253521127,neutral
VYGFGYNF,25,16,3,6,41,9,0.4507042253521127,neutral
RFDDFYGL,27,14,4,5,41,9,0.4507042253521127,neutral
IFVYSCCY,26,15,5,4,41,9,0.4507042253521127,neutral
YFCLGIYC,22,19,4,5,41,9,0.4507042253521127,neutral
FHCDVFHV,61,51,26,22,112,48,0.4507042253521127,neutral
CFSGCCVS,27,14,2,7,41,9,0.4507042253521127,neutral
CCGSCCYL,20,21,1,8,41,9,0.4507042253521127,neutral
CFCYIIVC,27,14,6,3,41,9,0.4507042253521127,neutral
SCFVDIRY,27,14,4,5,41,9,0.4507042253521127,neutral
FFFHSCYF,23,18,4,5,41,9,0.4507042253521127,neutral
DVLDFCCR,23,18,6,3,41,9,0.4507042253521127,neutral
CYCHVYGV,51,41,18,19,92,37,0.45081967213114754,neutral
RVFVDCVF,54,38,17,20,92,37,0.45081967213114754,neutral
CVIGVFDC,42,30,15,11,72,26,0.45098039215686275,neutral
FLFSSVVR,44,28,12,14,72,26,0.45098039215686275,neutral
YFGCGSCF,45,27,8,18,72,26,0.45098039215686275,neutral
CHCDLHHH,66,57,25,29,123,54,0.45098039215686275,neutral
VFVCHYDC,45,27,16,10,72,26,0.45098039215686275,neutral
SYIVVDCF,41,31,13,13,72,26,0.45098039215686275,neutral
VCFGCYDD,49,54,23,20,103,43,0.45112781954887216,neutral
FISFIFHG,61,42,20,23,103,43,0.45112781954887216,neutral
IGVGFCYV,61,42,18,25,103,43,0.45112781954887216,neutral
YCFHFCYR,34,18,5,10,52,15,0.45121951219512196,neutral
CNNCNCCF,35,17,7,8,52,15,0.45121951219512196,neutral
RFIVCVDC,35,17,2,13,52,15,0.45121951219512196,neutral
LFCCCCDY,31,21,4,11,52,15,0.45121951219512196,neutral
RCIVDNYV,26,26,5,10,52,15,0.45121951219512196,neutral
CCGLHHCL,34,18,5,10,52,15,0.45121951219512196,neutral
YYVSLSRF,34,18,8,7,52,15,0.45121951219512196,neutral
RVCCDCCI,35,17,8,7,52,15,0.45121951219512196,neutral
GNGLSGFY,29,23,7,8,52,15,0.45121951219512196,neutral
VFVHDFCS,35,17,2,13,52,15,0.45121951219512196,neutral
CFIGFFYY,31,21,9,6,52,15,0.45121951219512196,neutral
FDVHFVIC,34,18,9,6,52,15,0.45121951219512196,neutral
FFINCDVD,31,21,6,9,52,15,0.45121951219512196,neutral
VYVDYDVL,33,19,7,8,52,15,0.45121951219512196,neutral
IFLFGFGC,29,23,6,9,52,15,0.45121951219512196,neutral
CYGFYRFF,32,20,6,9,52,15,0.45121951219512196,neutral
RCGCVYFR,33,19,8,7,52,15,0.45121951219512196,neutral
YGCHGGYH,48,35,14,18,83,32,0.45132743362831856,neutral
CYNNLDCI,50,33,17,15,83,32,0.45132743362831856,neutral
LYDNFCRL,48,35,9,23,83,32,0.45132743362831856,neutral
VYLGVCGD,39,44,15,17,83,32,0.45132743362831856,neutral
YYGSDVFI,46,37,14,18,83,32,0.45132743362831856,neutral
VVVCNCFC,65,49,23,26,114,49,0.4513888888888889,neutral
NSNYHSYC,66,48,29,20,114,49,0.4513888888888889,neutral
CDFCSICS,65,49,17,32,114,49,0.4513888888888889,neutral
FCHGYGFH,81,64,29,37,145,66,0.4514285714285714,neutral
FFCCGGLY,22,10,1,3,32,4,0.45161290322580644,neutral
FFICVFLV,21,11,2,2,32,4,0.45161290322580644,neutral
HIFCSYCG,33,30,8,13,63,21,0.45161290322580644,neutral
HCFYVFLG,17,15,4,0,32,4,0.45161290322580644,neutral
LIVSLSIG,16,16,3,1,32,4,0.45161290322580644,neutral
SSHYDCVL,41,22,11,10,63,21,0.45161290322580644,neutral
YVILYSNF,19,13,2,2,32,4,0.45161290322580644,neutral
GVCFYIDV,71,54,25,30,125,55,0.45161290322580644,neutral
YCLCNDSI,38,25,12,9,63,21,0.45161290322580644,neutral
YFCIHYIH,17,15,4,0,32,4,0.45161290322580644,neutral
YCYSRRYS,39,24,12,9,63,21,0.45161290322580644,neutral
CRFVIFSG,51,43,10,28,94,38,0.45161290322580644,neutral
FCVISIYS,22,10,1,3,32,4,0.45161290322580644,neutral
LVHCSLNF,87,69,42,30,156,72,0.45161290322580644,neutral
FYFVGYFL,18,14,3,1,32,4,0.45161290322580644,neutral
FFIYICVV,17,15,2,2,32,4,0.45161290322580644,neutral
FYGGCFRG,34,29,14,7,63,21,0.45161290322580644,neutral
LNNFCFFL,72,53,25,30,125,55,0.45161290322580644,neutral
VCYDCYSC,32,31,13,8,63,21,0.45161290322580644,neutral
LGYNVLIF,40,23,10,11,63,21,0.45161290322580644,neutral
VLYVCVVG,12,20,0,4,32,4,0.45161290322580644,neutral
IFVGIFRV,22,10,2,2,32,4,0.45161290322580644,neutral
YHYFIFVV,24,8,0,4,32,4,0.45161290322580644,neutral
FCFVYYFV,22,10,1,3,32,4,0.45161290322580644,neutral
FRCCCYRH,37,26,6,15,63,21,0.45161290322580644,neutral
DGDIFGDY,21,11,1,3,32,4,0.45161290322580644,neutral
LLICSSFS,40,23,10,11,63,21,0.45161290322580644,neutral
YYGFILLD,19,13,1,3,32,4,0.45161290322580644,neutral
CFIYVHIG,23,9,2,2,32,4,0.45161290322580644,neutral
FHIRFVCC,16,16,3,1,32,4,0.45161290322580644,neutral
CIYGLFLV,12,20,2,2,32,4,0.45161290322580644,neutral
FIGCCCDF,56,38,16,22,94,38,0.45161290322580644,neutral
YGICICLY,19,13,4,0,32,4,0.45161290322580644,neutral
FCIFFCSV,24,8,2,2,32,4,0.45161290322580644,neutral
CCLFFIYF,15,17,2,2,32,4,0.45161290322580644,neutral
CLFVFCFV,22,10,0,4,32,4,0.45161290322580644,neutral
GCFLSCLG,40,23,10,11,63,21,0.45161290322580644,neutral
FDDFCSRD,21,11,2,2,32,4,0.45161290322580644,neutral
FDYRYILI,13,19,1,3,32,4,0.45161290322580644,neutral
IFCLYFFL,20,12,2,2,32,4,0.45161290322580644,neutral
FCVLDDCF,83,73,38,34,156,72,0.45161290322580644,neutral
YFGLGIHC,49,45,13,25,94,38,0.45161290322580644,neutral
LCYHGIGL,35,28,13,8,63,21,0.45161290322580644,neutral
VVYGGFID,77,59,29,32,136,61,0.45180722891566266,neutral
CHCDCHVI,62,43,19,25,105,44,0.45185185185185184,neutral
YFGGGIFS,58,47,18,26,105,44,0.45185185185185184,neutral
IFSCGIVR,59,46,21,23,105,44,0.45185185185185184,neutral
SGSLYRFC,45,29,13,14,74,27,0.4519230769230769,neutral
FFHRFYCD,41,33,12,15,74,27,0.4519230769230769,neutral
FCYGHVRF,46,28,12,15,74,27,0.4519230769230769,neutral
ICISLDHR,44,30,21,6,74,27,0.4519230769230769,neutral
VRYCDIGF,40,34,11,16,74,27,0.4519230769230769,neutral
YSSNYSNY,22,21,4,6,43,10,0.4520547945205479,neutral
HFLIRCLH,25,18,5,5,43,10,0.4520547945205479,neutral
RLLCYYRF,28,15,5,5,43,10,0.4520547945205479,neutral
VLYCNDRF,28,15,6,4,43,10,0.4520547945205479,neutral
FSFCNVIR,27,16,5,5,43,10,0.4520547945205479,neutral
YYNRVFIR,30,13,5,5,43,10,0.4520547945205479,neutral
NYFHVYYI,29,14,2,8,43,10,0.4520547945205479,neutral
CYDGNSCF,29,14,2,8,43,10,0.4520547945205479,neutral
RNYCYFYL,25,18,4,6,43,10,0.4520547945205479,neutral
NFVYFFYD,29,14,5,5,43,10,0.4520547945205479,neutral
IVVCVFDF,25,18,3,7,43,10,0.4520547945205479,neutral
VCFCYVVG,28,15,5,5,43,10,0.4520547945205479,neutral
FFFDRGCV,30,13,7,3,43,10,0.4520547945205479,neutral
FFYCNILC,28,15,4,6,43,10,0.4520547945205479,neutral
NDGLYYVY,22,21,4,6,43,10,0.4520547945205479,neutral
CCFCYCGL,30,13,5,5,43,10,0.4520547945205479,neutral
VFLVRFDC,65,51,25,25,116,50,0.4520547945205479,neutral
FVLFCGHV,26,17,8,2,43,10,0.4520547945205479,neutral
RIIIYIYS,31,12,4,6,43,10,0.4520547945205479,neutral
FFCYCVGF,27,16,5,5,43,10,0.4520547945205479,neutral
GYSCHCHR,88,70,34,39,158,73,0.4521276595744681,neutral
LYGHYSCD,88,70,29,44,158,73,0.4521276595744681,neutral
FHCFDCCS,49,36,17,16,85,33,0.45217391304347826,neutral
VCHRSCYV,51,34,17,16,85,33,0.45217391304347826,neutral
GYLDIDFG,47,38,15,18,85,33,0.45217391304347826,neutral
CFDGIFRF,48,37,19,14,85,33,0.45217391304347826,neutral
FNIYGFFG,71,56,26,30,127,56,0.45222929936305734,neutral
FIGCFRCF,28,26,8,8,54,16,0.4523809523809524,neutral
YYSGCLFL,34,20,11,5,54,16,0.4523809523809524,neutral
CIDFYFGI,33,21,8,8,54,16,0.4523809523809524,neutral
CCCCNFIF,36,18,9,7,54,16,0.4523809523809524,neutral
SICFGRHC,77,61,25,37,138,62,0.4523809523809524,neutral
CCYIVIGG,36,18,7,9,54,16,0.4523809523809524,neutral
CCDGCIFS,35,19,8,8,54,16,0.4523809523809524,neutral
FHCFGICV,32,22,1,15,54,16,0.4523809523809524,neutral
IRYVFFGV,26,28,12,4,54,16,0.4523809523809524,neutral
YCVGCHGG,34,20,8,8,54,16,0.4523809523809524,neutral
HYVVCCDC,34,20,7,9,54,16,0.4523809523809524,neutral
ILVCRHLC,31,23,10,6,54,16,0.4523809523809524,neutral
FCCNIVCS,50,46,19,20,96,39,0.4523809523809524,neutral
CFYYNNLR,30,24,9,7,54,16,0.4523809523809524,neutral
VYCGHDIC,34,20,9,7,54,16,0.4523809523809524,neutral
YIVSYDHH,31,23,8,8,54,16,0.4523809523809524,neutral
VYRFHSGC,57,50,21,24,107,45,0.45255474452554745,neutral
LFDFLYRG,62,45,19,26,107,45,0.45255474452554745,neutral
DFCVICSG,61,46,24,21,107,45,0.45255474452554745,neutral
CVCVDCVH,39,26,10,12,65,22,0.45263157894736844,neutral
RVRIYFDS,40,25,11,11,65,22,0.45263157894736844,neutral
YYVRCCGN,36,29,10,12,65,22,0.45263157894736844,neutral
FCCIVDFC,35,30,10,12,65,22,0.45263157894736844,neutral
CHGFDGLI,41,24,13,9,65,22,0.45263157894736844,neutral
CCFFGDCN,39,26,8,14,65,22,0.45263157894736844,neutral
FFFYRSVL,40,25,13,9,65,22,0.45263157894736844,neutral
GGLLCHCC,42,23,10,12,65,22,0.45263157894736844,neutral
CFCCSLYD,40,25,5,17,65,22,0.45263157894736844,neutral
DVIGFDHC,42,23,8,14,65,22,0.45263157894736844,neutral
LYNCNVLI,40,25,12,10,65,22,0.45263157894736844,neutral
CDCIVCCI,39,26,9,13,65,22,0.45263157894736844,neutral
ICSVVYDI,40,25,11,11,65,22,0.45263157894736844,neutral
GLNFSCYF,42,23,7,15,65,22,0.45263157894736844,neutral
VYDCVFGC,64,54,26,25,118,51,0.4527027027027027,neutral
LYFCRCVS,39,37,12,16,76,28,0.4528301886792453,neutral
FDFHVFFC,47,29,15,13,76,28,0.4528301886792453,neutral
FFRCGCLI,42,34,17,11,76,28,0.4528301886792453,neutral
IYVVNDFR,45,31,12,16,76,28,0.4528301886792453,neutral
HFCNFVDF,44,32,15,13,76,28,0.4528301886792453,neutral
CCCDVYFR,45,31,15,13,76,28,0.4528301886792453,neutral
CLRYCVVV,52,35,19,15,87,34,0.452991452991453,neutral
FRNRFCIF,50,37,15,19,87,34,0.452991452991453,neutral
CFCNFFIY,49,38,12,22,87,34,0.452991452991453,neutral
FLDCHVCR,49,38,13,21,87,34,0.452991452991453,neutral
FIDDGFYF,52,35,16,18,87,34,0.452991452991453,neutral
CCDLNCFF,49,38,13,21,87,34,0.452991452991453,neutral
CHCNYDFC,52,35,11,23,87,34,0.452991452991453,neutral
VIRYCGDF,50,37,16,18,87,34,0.452991452991453,neutral
YFDFCDVF,50,37,21,13,87,34,0.452991452991453,neutral
YVHLCGLC,85,66,32,37,151,69,0.4530386740331492,neutral
FFCYILFC,22,12,4,1,34,5,0.453125,neutral
FSGIFFCL,20,14,3,2,34,5,0.453125,neutral
CCFFRVSC,21,13,1,4,34,5,0.453125,neutral
FVRFGCYR,23,11,2,3,34,5,0.453125,neutral
FHFYCFVH,24,10,5,0,34,5,0.453125,neutral
FIHVVLVV,22,12,2,3,34,5,0.453125,neutral
FDVLCFVY,16,18,3,2,34,5,0.453125,neutral
YYCYDLGS,58,40,17,23,98,40,0.453125,neutral
CYCFGLFS,19,15,3,2,34,5,0.453125,neutral
LSFVCNGF,58,40,17,23,98,40,0.453125,neutral
FLCYCVHF,26,8,2,3,34,5,0.453125,neutral
IFCIGFYH,25,9,3,2,34,5,0.453125,neutral
IFYFVGSF,25,9,3,2,34,5,0.453125,neutral
CFCCICNI,22,12,1,4,34,5,0.453125,neutral
YRCILVYG,56,42,20,20,98,40,0.453125,neutral
CCVCHCVR,22,12,2,3,34,5,0.453125,neutral
SSCDHVIF,26,8,2,3,34,5,0.453125,neutral
ICLFVCSF,18,16,3,2,34,5,0.453125,neutral
IGICFCCI,23,11,1,4,34,5,0.453125,neutral
FVIYYVYY,22,12,4,1,34,5,0.453125,neutral
CVYFHIFH,23,11,3,2,34,5,0.453125,neutral
RYFLFCVC,24,10,3,2,34,5,0.453125,neutral
FFYFSVLV,20,14,3,2,34,5,0.453125,neutral
LYCCCGGY,18,16,4,1,34,5,0.453125,neutral
FSCGFCDC,55,43,17,23,98,40,0.453125,neutral
IYHNNLVC,57,41,15,25,98,40,0.453125,neutral
YGCCCYVF,22,12,2,3,34,5,0.453125,neutral
FFHRGCVF,22,12,3,2,34,5,0.453125,neutral
CNCCFFGF,19,15,0,5,34,5,0.453125,neutral
RIFYDFGG,31,14,3,8,45,11,0.4533333333333333,neutral
ILGFIFHL,25,20,6,5,45,11,0.4533333333333333,neutral
LSCCLGGC,28,17,4,7,45,11,0.4533333333333333,neutral
CFVDILVF,26,19,6,5,45,11,0.4533333333333333,neutral
CGYYDRVY,28,17,9,2,45,11,0.4533333333333333,neutral
YFIYRLRH,27,18,6,5,45,11,0.4533333333333333,neutral
SILCYCFH,27,18,2,9,45,11,0.4533333333333333,neutral
GFCCFYNH,27,18,6,5,45,11,0.4533333333333333,neutral
GICFDSYR,27,18,4,7,45,11,0.4533333333333333,neutral
FCRCCIVR,26,19,5,6,45,11,0.4533333333333333,neutral
SYGLNGIF,30,15,7,4,45,11,0.4533333333333333,neutral
LCCVVFLF,22,23,6,5,45,11,0.4533333333333333,neutral
FCNCGVCV,68,52,22,30,120,52,0.4533333333333333,neutral
VIFFVSVD,27,18,5,6,45,11,0.4533333333333333,neutral
VFGFDCID,24,21,4,7,45,11,0.4533333333333333,neutral
FYFCHVGY,32,13,3,8,45,11,0.4533333333333333,neutral
VHYVFHVC,28,17,7,4,45,11,0.4533333333333333,neutral
NYDVCDCF,29,16,7,4,45,11,0.4533333333333333,neutral
FGVCGCFL,28,17,6,5,45,11,0.4533333333333333,neutral
FCCYSVCC,31,14,5,6,45,11,0.4533333333333333,neutral
CCCHHVVV,27,18,5,6,45,11,0.4533333333333333,neutral
CHFCCYVS,19,26,7,4,45,11,0.4533333333333333,neutral
LLFCCDVF,25,20,6,5,45,11,0.4533333333333333,neutral
RVVLGRCY,72,59,25,33,131,58,0.453416149068323,neutral
FSFCCVYN,73,58,21,37,131,58,0.453416149068323,neutral
RYISVVLH,35,21,10,7,56,17,0.45348837209302323,neutral
LNVYDYGC,34,22,7,10,56,17,0.45348837209302323,neutral
FGHYCCDL,36,20,11,6,56,17,0.45348837209302323,neutral
FFVCDCGY,37,19,7,10,56,17,0.45348837209302323,neutral
IGCGCCYV,33,23,6,11,56,17,0.45348837209302323,neutral
VCCCYDFY,36,20,7,10,56,17,0.45348837209302323,neutral
CVVYYCRD,36,20,9,8,56,17,0.45348837209302323,neutral
LFCCCFNC,37,19,4,13,56,17,0.45348837209302323,neutral
FSYVGCFN,36,20,9,8,56,17,0.45348837209302323,neutral
DGFFYVYL,34,22,8,9,56,17,0.45348837209302323,neutral
VFYFDSLD,32,24,8,9,56,17,0.45348837209302323,neutral
YDCYGSIH,36,20,9,8,56,17,0.45348837209302323,neutral
VSFCVHFD,29,27,9,8,56,17,0.45348837209302323,neutral
HCVLFDCD,33,23,11,6,56,17,0.45348837209302323,neutral
FHYFFDVR,37,19,10,7,56,17,0.45348837209302323,neutral
RDVVVIFS,27,29,6,11,56,17,0.45348837209302323,neutral
NFYYLHCC,37,19,6,11,56,17,0.45348837209302323,neutral
FFCSCCFV,36,20,6,11,56,17,0.45348837209302323,neutral
IYRCDICY,36,20,7,10,56,17,0.45348837209302323,neutral
FGFRCYGF,88,76,33,43,164,76,0.4536082474226804,neutral
SYGLFNRL,39,28,9,14,67,23,0.4536082474226804,neutral
DRICCCGR,42,25,11,12,67,23,0.4536082474226804,neutral
CSYFSVSF,38,29,9,14,67,23,0.4536082474226804,neutral
YSRYYLRY,38,29,13,10,67,23,0.4536082474226804,neutral
FRLHGFCV,43,24,9,14,67,23,0.4536082474226804,neutral
FNFIGHNL,39,28,11,12,67,23,0.4536082474226804,neutral
LYCVGSNY,43,24,8,15,67,23,0.4536082474226804,neutral
IVYNRNRY,41,26,10,13,67,23,0.4536082474226804,neutral
VIFRDSSY,39,28,13,10,67,23,0.4536082474226804,neutral
IDHRCSYL,39,28,14,9,67,23,0.4536082474226804,neutral
CDHCCVVV,36,31,11,12,67,23,0.4536082474226804,neutral
YRDCGGVY,41,26,10,13,67,23,0.4536082474226804,neutral
RFYCCYDV,42,25,8,15,67,23,0.4536082474226804,neutral
YYFGYCFR,43,24,10,13,67,23,0.4536082474226804,neutral
YLLGYVGC,40,27,12,11,67,23,0.4536082474226804,neutral
RCCVGFIL,43,24,11,12,67,23,0.4536082474226804,neutral
HCICVHGL,41,26,7,16,67,23,0.4536082474226804,neutral
SNHCCIFR,97,78,40,42,175,82,0.45365853658536587,neutral
FYSDCIDH,42,36,8,21,78,29,0.4537037037037037,neutral
FCISCHVR,46,32,12,17,78,29,0.4537037037037037,neutral
FCCYFVFH,45,33,11,18,78,29,0.4537037037037037,neutral
FLCDYCVC,47,31,15,14,78,29,0.4537037037037037,neutral
GVGCCCGL,43,35,13,16,78,29,0.4537037037037037,neutral
HLVDFCIN,107,90,56,38,197,94,0.45374449339207046,neutral
LFCYHNSC,51,38,13,22,89,35,0.453781512605042,neutral
IFRFCYSR,52,37,17,18,89,35,0.453781512605042,neutral
VVSCVFGF,65,46,26,21,111,47,0.45390070921985815,neutral
LCYDHCFG,51,60,14,33,111,47,0.45390070921985815,neutral
LYFGRDYF,102,86,39,50,188,89,0.4541284403669725,neutral
DCCCCGFS,77,58,29,31,135,60,0.45454545454545453,neutral
VVCICRYH,17,19,1,5,36,6,0.45454545454545453,neutral
FIVVLIFS,16,9,0,0,25,0,0.45454545454545453,neutral
FIYYGIVY,33,25,8,10,58,18,0.45454545454545453,neutral
FYCFGVVI,26,10,2,4,36,6,0.45454545454545453,neutral
VCCSCFRS,29,29,7,11,58,18,0.45454545454545453,neutral
YFFFIFYF,14,11,0,0,25,0,0.45454545454545453,neutral
FCSFCCGY,22,14,2,4,36,6,0.45454545454545453,neutral
DFIICSLL,57,56,26,22,113,48,0.45454545454545453,neutral
HCCVIYYF,37,21,7,11,58,18,0.45454545454545453,neutral
LGDHGYVI,45,35,18,12,80,30,0.45454545454545453,neutral
YGFDDHYI,38,20,10,8,58,18,0.45454545454545453,neutral
GYYGYGHG,48,32,19,11,80,30,0.45454545454545453,neutral
LVVLFDCC,21,15,4,2,36,6,0.45454545454545453,neutral
IFNCYFCC,23,13,2,4,36,6,0.45454545454545453,neutral
HCFFCFLR,17,8,0,0,25,0,0.45454545454545453,neutral
CFYLFLCI,17,8,0,0,25,0,0.45454545454545453,neutral
RGFCLSHY,43,26,12,12,69,24,0.45454545454545453,neutral
CHRCVIDH,57,45,21,21,102,42,0.45454545454545453,neutral
FYCLYVNI,12,13,0,0,25,0,0.45454545454545453,neutral
CFHHFCLL,20,16,2,4,36,6,0.45454545454545453,neutral
CFRLVFFG,22,14,2,4,36,6,0.45454545454545453,neutral
CYFLNVCF,15,10,0,0,25,0,0.45454545454545453,neutral
FGCIFFFV,24,12,3,3,36,6,0.45454545454545453,neutral
FFHFGVFF,15,10,0,0,25,0,0.45454545454545453,neutral
NCYCLSYF,44,25,13,11,69,24,0.45454545454545453,neutral
YFCIFNFY,32,15,2,10,47,12,0.45454545454545453,neutral
CNYYVDCC,25,22,5,7,47,12,0.45454545454545453,neutral
DYCVFYVV,24,12,3,3,36,6,0.45454545454545453,neutral
FICVFIDV,15,10,0,0,25,0,0.45454545454545453,neutral
DYFIFDVF,30,17,6,6,47,12,0.45454545454545453,neutral
CHGCFGVF,23,13,4,2,36,6,0.45454545454545453,neutral
CYCSGDIY,21,15,3,3,36,6,0.45454545454545453,neutral
VFVFHCYF,27,20,4,8,47,12,0.45454545454545453,neutral
IFFCLCNL,14,11,0,0,25,0,0.45454545454545453,neutral
CCCVFYGD,27,20,5,7,47,12,0.45454545454545453,neutral
HVCVLVGL,37,21,9,9,58,18,0.45454545454545453,neutral
SCDLYGGV,60,42,19,23,102,42,0.45454545454545453,neutral
CYFNCLCI,21,15,5,1,36,6,0.45454545454545453,neutral
YCHYHGYR,69,55,28,26,124,54,0.45454545454545453,neutral
VICDLYDG,43,26,10,14,69,24,0.45454545454545453,neutral
VLILFFHV,22,14,2,4,36,6,0.45454545454545453,neutral
YRFFCVCH,15,21,1,5,36,6,0.45454545454545453,neutral
ILCFVYVI,23,13,0,6,36,6,0.45454545454545453,neutral
SFCYCGFL,37,21,5,13,58,18,0.45454545454545453,neutral
FYFRVHHY,33,14,5,7,47,12,0.45454545454545453,neutral
CRFVIFVH,24,12,2,4,36,6,0.45454545454545453,neutral
YFCFNFCF,24,12,5,1,36,6,0.45454545454545453,neutral
HCIDNFGF,15,21,2,4,36,6,0.45454545454545453,neutral
FCGNCILI,31,16,6,6,47,12,0.45454545454545453,neutral
CLRVCFFN,19,17,1,5,36,6,0.45454545454545453,neutral
RSYSCFFL,47,33,19,11,80,30,0.45454545454545453,neutral
FFRSFCFL,13,12,0,0,25,0,0.45454545454545453,neutral
YCDCGCIY,23,24,3,9,47,12,0.45454545454545453,neutral
DYVRFFGF,21,15,3,3,36,6,0.45454545454545453,neutral
GHVYGFDL,33,25,5,13,58,18,0.45454545454545453,neutral
FIYHCICY,24,23,9,3,47,12,0.45454545454545453,neutral
INFVFFIC,21,15,3,3,36,6,0.45454545454545453,neutral
VILCVYGR,30,17,5,7,47,12,0.45454545454545453,neutral
HRFVGYHY,33,25,8,10,58,18,0.45454545454545453,neutral
YNVDCHGF,31,16,3,9,47,12,0.45454545454545453,neutral
FCCCVCYI,23,13,3,3,36,6,0.45454545454545453,neutral
CYGCNHSI,71,53,26,28,124,54,0.45454545454545453,neutral
FFVHIFRC,16,9,0,0,25,0,0.45454545454545453,neutral
FRLFDSGC,52,39,23,13,91,36,0.45454545454545453,neutral
CGIVIVHV,19,6,0,0,25,0,0.45454545454545453,neutral
YYGIVFGC,67,57,25,29,124,54,0.45454545454545453,neutral
LFSYDVVV,49,31,16,14,80,30,0.45454545454545453,neutral
CHCCCSSS,44,25,10,14,69,24,0.45454545454545453,neutral
CYRSICFV,32,15,4,8,47,12,0.45454545454545453,neutral
FFSFYFYC,13,12,0,0,25,0,0.45454545454545453,neutral
LLGCDYGL,32,15,5,7,47,12,0.45454545454545453,neutral
FCRLRYVF,36,22,9,9,58,18,0.45454545454545453,neutral
FYVFDVFV,36,22,8,10,58,18,0.45454545454545453,neutral
YFVGYRDV,44,25,10,14,69,24,0.45454545454545453,neutral
LFVYFVII,19,17,4,2,36,6,0.45454545454545453,neutral
FHLVCNCY,30,17,8,4,47,12,0.45454545454545453,neutral
VFRGDFGC,55,36,17,19,91,36,0.45454545454545453,neutral
LIYYCYNC,31,16,9,3,47,12,0.45454545454545453,neutral
FFCFCSIF,12,13,0,0,25,0,0.45454545454545453,neutral
CGCGYLII,40,29,13,11,69,24,0.45454545454545453,neutral
FFFHHVIF,18,7,0,0,25,0,0.45454545454545453,neutral
SYCLHFRH,28,19,9,3,47,12,0.45454545454545453,neutral
CSSCGGVF,44,36,15,15,80,30,0.45454545454545453,neutral
SCCYSDFR,43,26,14,10,69,24,0.45454545454545453,neutral
FFNRDFCH,27,9,2,4,36,6,0.45454545454545453,neutral
YSCDYHND,44,25,10,14,69,24,0.45454545454545453,neutral
FYCIVFDV,21,15,4,2,36,6,0.45454545454545453,neutral
GNLCCGLC,33,25,6,12,58,18,0.45454545454545453,neutral
FFFFSCVS,22,14,5,1,36,6,0.45454545454545453,neutral
CFFCCCNC,48,32,11,19,80,30,0.45454545454545453,neutral
VCVCCFFF,24,12,3,3,36,6,0.45454545454545453,neutral
FCVHYCSF,27,20,6,6,47,12,0.45454545454545453,neutral
NNFSFVYI,39,30,11,13,69,24,0.45454545454545453,neutral
VCGLVLYN,32,26,11,7,58,18,0.45454545454545453,neutral
YCVCHNYF,24,12,3,3,36,6,0.45454545454545453,neutral
VCFGFRDI,35,23,7,11,58,18,0.45454545454545453,neutral
LSFSLFFI,19,6,0,0,25,0,0.45454545454545453,neutral
YYCCLNLC,46,34,13,17,80,30,0.45454545454545453,neutral
IIFNFDYL,44,25,12,12,69,24,0.45454545454545453,neutral
VCCDNVHY,70,54,30,24,124,54,0.45454545454545453,neutral
VCIFYCDF,28,19,6,6,47,12,0.45454545454545453,neutral
FLIGGNSY,38,20,8,10,58,18,0.45454545454545453,neutral
IFYSRCHR,28,19,5,7,47,12,0.45454545454545453,neutral
VRVCCVFD,90,80,33,46,170,79,0.455,neutral
RFHGGIIY,72,54,20,35,126,55,0.4551282051282051,neutral
FCHDFICF,67,48,22,27,115,49,0.45517241379310347,neutral
FGDCVGVL,59,45,20,23,104,43,0.4552238805970149,neutral
LRVYCGCV,61,43,23,20,104,43,0.4552238805970149,neutral
YSVCCCRS,56,37,14,23,93,37,0.45528455284552843,neutral
CYVFVSGL,51,42,22,15,93,37,0.45528455284552843,neutral
GYYRGHGS,52,41,23,14,93,37,0.45528455284552843,neutral
FLLFDIRR,47,46,20,17,93,37,0.45528455284552843,neutral
LFSCGGFY,51,42,17,20,93,37,0.45528455284552843,neutral
FLGCRFGY,46,36,13,18,82,31,0.45535714285714285,neutral
SIFDFGGI,50,32,10,21,82,31,0.45535714285714285,neutral
FLYDYVSH,47,35,16,15,82,31,0.45535714285714285,neutral
CINCYVRV,50,32,14,17,82,31,0.45535714285714285,neutral
RCVFSCCH,49,33,13,18,82,31,0.45535714285714285,neutral
FLYCIDGD,44,27,12,13,71,25,0.45544554455445546,neutral
CNYSGIYS,42,29,16,9,71,25,0.45544554455445546,neutral
DCCHYCNI,43,28,14,11,71,25,0.45544554455445546,neutral
IIYDVCYN,41,30,13,12,71,25,0.45544554455445546,neutral
FIYGYCDL,44,27,10,15,71,25,0.45544554455445546,neutral
GSCYCYGD,42,29,9,16,71,25,0.45544554455445546,neutral
CDCFGFRR,41,30,11,14,71,25,0.45544554455445546,neutral
FCYIYSRV,43,28,14,11,71,25,0.45544554455445546,neutral
ICFFCSDC,38,22,10,9,60,19,0.45555555555555555,neutral
LCVIVGVR,39,21,5,14,60,19,0.45555555555555555,neutral
FGVHVDYF,34,26,10,9,60,19,0.45555555555555555,neutral
FYRYYVCD,36,24,7,12,60,19,0.45555555555555555,neutral
CSCSDYCY,38,22,12,7,60,19,0.45555555555555555,neutral
FCSIYYVD,36,24,8,11,60,19,0.45555555555555555,neutral
IYFRCHFG,39,21,10,9,60,19,0.45555555555555555,neutral
FRFRCCGY,39,21,7,12,60,19,0.45555555555555555,neutral
ICFFNCFY,36,24,11,8,60,19,0.45555555555555555,neutral
YNCFCGCC,34,26,3,16,60,19,0.45555555555555555,neutral
CYDFGCGV,38,22,10,9,60,19,0.45555555555555555,neutral
FVHINLGY,34,26,11,8,60,19,0.45555555555555555,neutral
LCFRNNFC,39,21,9,10,60,19,0.45555555555555555,neutral
YDYFSVCG,23,26,4,9,49,13,0.45569620253164556,neutral
VLYHCYNS,33,16,6,7,49,13,0.45569620253164556,neutral
CFCDFVHH,30,19,9,4,49,13,0.45569620253164556,neutral
CCCFFYCS,28,21,7,6,49,13,0.45569620253164556,neutral
CSCILNVC,33,16,6,7,49,13,0.45569620253164556,neutral
FRCNNGFF,29,20,5,8,49,13,0.45569620253164556,neutral
RCDCCCRL,31,18,7,6,49,13,0.45569620253164556,neutral
LCFCGHLC,26,23,7,6,49,13,0.45569620253164556,neutral
CIICFILG,33,16,7,6,49,13,0.45569620253164556,neutral
CCCLGFRL,34,15,5,8,49,13,0.45569620253164556,neutral
CCHYYYFH,29,20,7,6,49,13,0.45569620253164556,neutral
FCGSIYRF,33,16,4,9,49,13,0.45569620253164556,neutral
CYCDIVIF,25,24,5,8,49,13,0.45569620253164556,neutral
GLHCGSIY,28,21,4,9,49,13,0.45569620253164556,neutral
CFFCDCVI,29,20,7,6,49,13,0.45569620253164556,neutral
GYDGSYFC,31,18,4,9,49,13,0.45569620253164556,neutral
YHNIRIDY,29,20,2,11,49,13,0.45569620253164556,neutral
YYCYIHGI,33,16,3,10,49,13,0.45569620253164556,neutral
CRCHHHCD,32,17,5,8,49,13,0.45569620253164556,neutral
FFCICNCV,25,24,9,4,49,13,0.45569620253164556,neutral
GVFYVSFR,34,15,7,6,49,13,0.45569620253164556,neutral
RVYYGGGS,62,55,25,25,117,50,0.4557823129251701,neutral
IFNYRFGG,26,12,4,3,38,7,0.45588235294117646,neutral
FFFGFSCG,62,44,14,30,106,44,0.45588235294117646,neutral
IYFICYSN,23,15,2,5,38,7,0.45588235294117646,neutral
FYFCCVYG,24,14,4,3,38,7,0.45588235294117646,neutral
FFFRVVDL,26,12,3,4,38,7,0.45588235294117646,neutral
VYYCGGRY,23,15,4,3,38,7,0.45588235294117646,neutral
FYIGIVIF,27,11,4,3,38,7,0.45588235294117646,neutral
FYVYFFVC,20,18,4,3,38,7,0.45588235294117646,neutral
VYLGYNVF,21,17,4,3,38,7,0.45588235294117646,neutral
DIFCCLVI,28,10,7,0,38,7,0.45588235294117646,neutral
FIVCFFFC,23,15,3,4,38,7,0.45588235294117646,neutral
FFFFVVFF,22,16,3,4,38,7,0.45588235294117646,neutral
FCIYCCRY,24,14,4,3,38,7,0.45588235294117646,neutral
YYFICGCR,27,11,2,5,38,7,0.45588235294117646,neutral
VYFCCFDS,22,16,3,4,38,7,0.45588235294117646,neutral
CFIILFHS,25,13,3,4,38,7,0.45588235294117646,neutral
YFGIYGRF,28,10,5,2,38,7,0.45588235294117646,neutral
CYRCCCVH,27,11,2,5,38,7,0.45588235294117646,neutral
CYFFIVCC,18,20,3,4,38,7,0.45588235294117646,neutral
FRNSCCLF,21,17,4,3,38,7,0.45588235294117646,neutral
FCLDIHIG,23,15,2,5,38,7,0.45588235294117646,neutral
YYGGNGCF,25,13,2,5,38,7,0.45588235294117646,neutral
FCSSVNLD,58,48,17,27,106,44,0.45588235294117646,neutral
IFYGVRFV,26,12,5,2,38,7,0.45588235294117646,neutral
YIYFDRRV,25,13,4,3,38,7,0.45588235294117646,neutral
YLCHFCRF,23,15,2,5,38,7,0.45588235294117646,neutral
CNCVYYLC,22,16,5,2,38,7,0.45588235294117646,neutral
VCFCCFFG,27,11,2,5,38,7,0.45588235294117646,neutral
LYVYFLNG,22,16,3,4,38,7,0.45588235294117646,neutral
ICIVCFVL,21,17,3,4,38,7,0.45588235294117646,neutral
FVCYIHCY,22,16,2,5,38,7,0.45588235294117646,neutral
FFVRCVFG,25,13,5,2,38,7,0.45588235294117646,neutral
CCVCCLFG,25,13,5,2,38,7,0.45588235294117646,neutral
FIGHYSVV,55,40,23,15,95,38,0.456,neutral
DFNYSCLY,54,41,14,24,95,38,0.456,neutral
CGCYGIGR,56,39,16,22,95,38,0.456,neutral
CHRIDLCF,54,41,18,20,95,38,0.456,neutral
CCFRGFVS,56,39,13,25,95,38,0.456,neutral
RYDDNFSC,54,41,20,18,95,38,0.456,neutral
DLFCYLSG,82,70,30,39,152,69,0.45604395604395603,neutral
FYGLFCVV,17,10,0,1,27,1,0.45614035087719296,neutral
CCLFYFCF,17,10,1,0,27,1,0.45614035087719296,neutral
FILFYLDC,22,5,0,1,27,1,0.45614035087719296,neutral
IFCLHLFY,18,9,0,1,27,1,0.45614035087719296,neutral
FFVRIFCF,17,10,0,1,27,1,0.45614035087719296,neutral
NFVICLFN,15,12,1,0,27,1,0.45614035087719296,neutral
FVSYVIVF,15,12,1,0,27,1,0.45614035087719296,neutral
NFFRFLRF,16,11,0,1,27,1,0.45614035087719296,neutral
FFVVCFGF,20,7,1,0,27,1,0.45614035087719296,neutral
VFIFLSYH,16,11,1,0,27,1,0.45614035087719296,neutral
VFVFYCFF,17,10,1,0,27,1,0.45614035087719296,neutral
FYFFIYVN,18,9,0,1,27,1,0.45614035087719296,neutral
VIFCLICG,19,8,1,0,27,1,0.45614035087719296,neutral
FFYLIRVY,23,4,1,0,27,1,0.45614035087719296,neutral
VCFSFCFF,21,6,1,0,27,1,0.45614035087719296,neutral
GYLYFLVY,18,9,0,1,27,1,0.45614035087719296,neutral
ICIVYGLL,12,15,1,0,27,1,0.45614035087719296,neutral
LFVLHCGI,42,42,16,16,84,32,0.45614035087719296,neutral
SVYCVIFF,21,6,1,0,27,1,0.45614035087719296,neutral
LFRRSFCF,51,33,11,21,84,32,0.45614035087719296,neutral
VFIFFYGV,19,8,0,1,27,1,0.45614035087719296,neutral
VCYYVLCL,19,8,0,1,27,1,0.45614035087719296,neutral
FVLILCYF,17,10,0,1,27,1,0.45614035087719296,neutral
YHHGYSSG,51,33,17,15,84,32,0.45614035087719296,neutral
FYCCFYRF,19,8,0,1,27,1,0.45614035087719296,neutral
LINCIFVF,16,11,1,0,27,1,0.45614035087719296,neutral
IFISFILH,19,8,0,1,27,1,0.45614035087719296,neutral
FCCIIRYH,17,10,0,1,27,1,0.45614035087719296,neutral
FYFFYHRC,20,7,1,0,27,1,0.45614035087719296,neutral
CVGCCLYV,22,5,0,1,27,1,0.45614035087719296,neutral
FFCLYYGV,15,12,0,1,27,1,0.45614035087719296,neutral
YFVVHLFR,18,9,1,0,27,1,0.45614035087719296,neutral
VCLYFIFV,20,7,0,1,27,1,0.45614035087719296,neutral
GFFYIFCS,17,10,0,1,27,1,0.45614035087719296,neutral
SYIVIFYV,20,7,0,1,27,1,0.45614035087719296,neutral
CFVCSCYF,18,9,0,1,27,1,0.45614035087719296,neutral
CCYYCCHG,16,11,1,0,27,1,0.45614035087719296,neutral
LRIHCIYC,17,10,0,1,27,1,0.45614035087719296,neutral
YYGSYNGL,51,33,14,18,84,32,0.45614035087719296,neutral
FFVILCVF,16,11,0,1,27,1,0.45614035087719296,neutral
VRCFRVVF,20,7,0,1,27,1,0.45614035087719296,neutral
IFLDYFLI,17,10,0,1,27,1,0.45614035087719296,neutral
YIYFCFFF,19,8,1,0,27,1,0.45614035087719296,neutral
CNVYFGLG,80,61,25,38,141,63,0.45614035087719296,neutral
FRIVLCFC,19,8,1,0,27,1,0.45614035087719296,neutral
FFFFCNGC,35,38,9,17,73,26,0.4563106796116505,neutral
VFYYSYGY,45,28,16,10,73,26,0.4563106796116505,neutral
DCCSGDVF,45,28,15,11,73,26,0.4563106796116505,neutral
CCLYSCFS,45,28,13,13,73,26,0.4563106796116505,neutral
FDSYNDDF,45,28,14,12,73,26,0.4563106796116505,neutral
FSYHGVVN,46,27,13,13,73,26,0.4563106796116505,neutral
GRFCSCFC,44,29,14,12,73,26,0.4563106796116505,neutral
FVRGLGCF,43,30,10,16,73,26,0.4563106796116505,neutral
SYSSLGDF,36,26,7,13,62,20,0.45652173913043476,neutral
CLFGVRFV,38,24,11,9,62,20,0.45652173913043476,neutral
ICCFVDLL,30,32,4,16,62,20,0.45652173913043476,neutral
VCGCFFLG,38,24,9,11,62,20,0.45652173913043476,neutral
CCFYGSFV,63,45,21,24,108,45,0.45652173913043476,neutral
LGCRYGFV,36,26,11,9,62,20,0.45652173913043476,neutral
CHCILDLG,39,23,7,13,62,20,0.45652173913043476,neutral
VYICSLHD,57,40,27,12,97,39,0.4566929133858268,neutral
CNNFFVLR,54,43,14,25,97,39,0.4566929133858268,neutral
LLGFSVYC,56,41,19,20,97,39,0.4566929133858268,neutral
DRYGYLFN,56,41,15,24,97,39,0.4566929133858268,neutral
DCVFCFRL,33,18,6,8,51,14,0.4567901234567901,neutral
CCCGHGGF,34,17,5,9,51,14,0.4567901234567901,neutral
YCVHFSGN,33,18,4,10,51,14,0.4567901234567901,neutral
YYCINSHV,31,20,5,9,51,14,0.4567901234567901,neutral
YCDCGYDC,35,16,6,8,51,14,0.4567901234567901,neutral
FIVGHNCC,32,19,8,6,51,14,0.4567901234567901,neutral
YCFCLDHF,31,20,7,7,51,14,0.4567901234567901,neutral
NYFDFCLF,32,19,5,9,51,14,0.4567901234567901,neutral
CFCVSSLF,75,57,30,28,132,58,0.4567901234567901,neutral
CGCCVCCD,35,16,5,9,51,14,0.4567901234567901,neutral
FLIRRYRF,27,24,10,4,51,14,0.4567901234567901,neutral
SRCYDFYL,32,19,7,7,51,14,0.4567901234567901,neutral
NINFDGYY,17,34,6,8,51,14,0.4567901234567901,neutral
CFFCGFDN,29,22,10,4,51,14,0.4567901234567901,neutral
VRFGYGCF,29,22,6,8,51,14,0.4567901234567901,neutral
IFSGIFSR,32,19,3,11,51,14,0.4567901234567901,neutral
CCGYYVCV,30,21,5,9,51,14,0.4567901234567901,neutral
IYCCNFFR,47,39,12,21,86,33,0.45689655172413796,neutral
GNYDYVYF,50,36,15,18,86,33,0.45689655172413796,neutral
YNCGFHRR,51,35,17,16,86,33,0.45689655172413796,neutral
CSFFLDCD,51,35,14,19,86,33,0.45689655172413796,neutral
FYYSGVRR,51,35,13,20,86,33,0.45689655172413796,neutral
LCNRFFFI,49,37,11,22,86,33,0.45689655172413796,neutral
FVFCFCGC,25,15,2,6,40,8,0.45714285714285713,neutral
FIRFRYGL,42,33,16,11,75,27,0.45714285714285713,neutral
VCCSCYIF,22,18,2,6,40,8,0.45714285714285713,neutral
GRLCGCCS,43,32,10,17,75,27,0.45714285714285713,neutral
YHVCIFVG,22,18,6,2,40,8,0.45714285714285713,neutral
CCGYFICC,44,31,14,13,75,27,0.45714285714285713,neutral
CCCICCSY,27,13,3,5,40,8,0.45714285714285713,neutral
GYDDFCIS,27,13,6,2,40,8,0.45714285714285713,neutral
YFLLVYDY,27,13,4,4,40,8,0.45714285714285713,neutral
YILRFVVY,19,21,5,3,40,8,0.45714285714285713,neutral
YGCCYHGH,64,46,24,22,110,46,0.45714285714285713,neutral
ILRVIGCY,26,14,2,6,40,8,0.45714285714285713,neutral
CFFVVCYH,28,12,7,1,40,8,0.45714285714285713,neutral
YFVVRDYC,45,30,11,16,75,27,0.45714285714285713,neutral
VFFCHLLC,29,11,4,4,40,8,0.45714285714285713,neutral
CVRYILLC,28,12,2,6,40,8,0.45714285714285713,neutral
YFFNRYFL,46,29,9,18,75,27,0.45714285714285713,neutral
YHHFCVIF,28,12,7,1,40,8,0.45714285714285713,neutral
CLIDIVFG,27,13,3,5,40,8,0.45714285714285713,neutral
FVVCRFDL,23,17,3,5,40,8,0.45714285714285713,neutral
LICYCGCG,79,66,29,36,145,65,0.45714285714285713,neutral
IHIFYGYY,27,13,4,4,40,8,0.45714285714285713,neutral
FINCGLNF,25,15,2,6,40,8,0.45714285714285713,neutral
FSFNCVIL,59,40,27,13,99,40,0.4573643410852713,neutral
VVCSICVR,48,51,20,20,99,40,0.4573643410852713,neutral
VYHCYGIF,39,25,11,10,64,21,0.4574468085106383,neutral
CGSCYCVD,39,25,10,11,64,21,0.4574468085106383,neutral
GCICNGHH,41,23,15,6,64,21,0.4574468085106383,neutral
YFLGGGVV,40,24,9,12,64,21,0.4574468085106383,neutral
GCNNHCLF,36,28,8,13,64,21,0.4574468085106383,neutral
FHVVYDCC,40,24,6,15,64,21,0.4574468085106383,neutral
LSFYGFNV,39,25,9,12,64,21,0.4574468085106383,neutral
SCHCGDIF,39,25,8,13,64,21,0.4574468085106383,neutral
CGSFVDFC,39,25,8,13,64,21,0.4574468085106383,neutral
ICCLINIR,41,23,5,16,64,21,0.4574468085106383,neutral
YRLYLCYD,35,29,12,9,64,21,0.4574468085106383,neutral
DCVCNCGH,39,25,10,11,64,21,0.4574468085106383,neutral
CFHYCDIG,69,54,21,32,123,53,0.45751633986928103,neutral
FFLLYHFI,18,11,0,2,29,2,0.4576271186440678,neutral
IFFCIYYR,15,14,0,2,29,2,0.4576271186440678,neutral
CCLRCDFF,21,8,2,0,29,2,0.4576271186440678,neutral
VLVCLYVF,17,12,2,0,29,2,0.4576271186440678,neutral
FLFCFCIL,20,9,0,2,29,2,0.4576271186440678,neutral
YFVYCYFF,15,14,0,2,29,2,0.4576271186440678,neutral
LFLVFVGF,18,11,1,1,29,2,0.4576271186440678,neutral
CIVFHFIY,15,14,1,1,29,2,0.4576271186440678,neutral
ISCLHCFR,52,36,21,13,88,34,0.4576271186440678,neutral
CLYSFFCI,20,9,1,1,29,2,0.4576271186440678,neutral
FCLFYCFG,18,11,1,1,29,2,0.4576271186440678,neutral
ICVVYVCI,23,6,0,2,29,2,0.4576271186440678,neutral
YFCLIFCG,17,12,0,2,29,2,0.4576271186440678,neutral
YFCFFFGG,14,15,1,1,29,2,0.4576271186440678,neutral
CFYVIYHC,18,11,2,0,29,2,0.4576271186440678,neutral
IFVFVYVR,17,12,0,2,29,2,0.4576271186440678,neutral
FFCFFCII,15,14,1,1,29,2,0.4576271186440678,neutral
FIFFCCGF,21,8,0,2,29,2,0.4576271186440678,neutral
FLYLVFNC,19,10,1,1,29,2,0.4576271186440678,neutral
YYHGYIFN,50,38,17,17,88,34,0.4576271186440678,neutral
NFGFVFYF,22,7,1,1,29,2,0.4576271186440678,neutral
CIYFFLGI,16,13,1,1,29,2,0.4576271186440678,neutral
LCGCVIYL,17,12,1,1,29,2,0.4576271186440678,neutral
YFLGFCFF,18,11,0,2,29,2,0.4576271186440678,neutral
YYHCIYCC,19,10,2,0,29,2,0.4576271186440678,neutral
FLRCVFFI,15,14,1,1,29,2,0.4576271186440678,neutral
ICFFRVIL,19,10,2,0,29,2,0.4576271186440678,neutral
RLCCGDGF,45,43,15,19,88,34,0.4576271186440678,neutral
FYIYFGLL,18,11,1,1,29,2,0.4576271186440678,neutral
VFLLCGIF,22,7,1,1,29,2,0.4576271186440678,neutral
FFFFFYFF,20,9,2,0,29,2,0.4576271186440678,neutral
LVFLFCVS,15,14,1,1,29,2,0.4576271186440678,neutral
HCFFFHFV,22,7,2,0,29,2,0.4576271186440678,neutral
YCVFCFVY,20,9,1,1,29,2,0.4576271186440678,neutral
FRRIVYVF,17,12,2,0,29,2,0.4576271186440678,neutral
FFFFCFIF,21,8,2,0,29,2,0.4576271186440678,neutral
YILSCCYC,18,11,1,1,29,2,0.4576271186440678,neutral
VVFIFLHG,15,14,2,0,29,2,0.4576271186440678,neutral
FCVFCLYY,15,14,0,2,29,2,0.4576271186440678,neutral
FVVCFVNF,21,8,0,2,29,2,0.4576271186440678,neutral
FGFIVCHS,82,89,34,45,171,79,0.4577114427860697,neutral
SVLYYFGC,34,19,9,6,53,15,0.4578313253012048,neutral
VYCYCDYR,33,20,8,7,53,15,0.4578313253012048,neutral
HNYRHHLF,35,18,7,8,53,15,0.4578313253012048,neutral
CLIFGNVI,32,21,4,11,53,15,0.4578313253012048,neutral
VFDYLNYL,35,18,8,7,53,15,0.4578313253012048,neutral
CYVRYVNI,33,20,11,4,53,15,0.4578313253012048,neutral
CCFRLLCV,30,23,8,7,53,15,0.4578313253012048,neutral
VFLFGNVD,34,19,5,10,53,15,0.4578313253012048,neutral
FIGCCFYI,33,20,8,7,53,15,0.4578313253012048,neutral
FGCYFGCF,31,22,6,9,53,15,0.4578313253012048,neutral
YGSCFYCY,35,18,9,6,53,15,0.4578313253012048,neutral
FLCHRICL,47,30,12,16,77,28,0.45794392523364486,neutral
LICRVFSI,45,32,14,14,77,28,0.45794392523364486,neutral
FVYGNSGL,48,29,8,20,77,28,0.45794392523364486,neutral
GDVGLSCF,43,34,16,12,77,28,0.45794392523364486,neutral
LGSVYCGC,48,29,11,17,77,28,0.45794392523364486,neutral
IVGVHSFF,44,33,15,13,77,28,0.45794392523364486,neutral
CIYGVDLF,44,33,15,13,77,28,0.45794392523364486,neutral
FIFHVCGD,56,45,25,16,101,41,0.4580152671755725,neutral
HCSLYCYS,57,44,17,24,101,41,0.4580152671755725,neutral
CLLDSYYD,53,48,23,18,101,41,0.4580152671755725,neutral
FCGCCRDN,58,43,19,22,101,41,0.4580152671755725,neutral
VCFYSSLY,72,53,27,27,125,54,0.45806451612903226,neutral
FNCCYHCI,25,17,3,6,42,9,0.4583333333333333,neutral
NVCHGCVC,78,60,34,27,138,61,0.4583333333333333,neutral
GCVRVYDG,26,16,5,4,42,9,0.4583333333333333,neutral
CCNFSVCS,27,15,4,5,42,9,0.4583333333333333,neutral
FNFYGCHI,39,27,12,10,66,22,0.4583333333333333,neutral
CFCYFCVV,30,12,6,3,42,9,0.4583333333333333,neutral
IGFLDNGF,66,48,21,27,114,48,0.4583333333333333,neutral
DYCDISCY,28,14,2,7,42,9,0.4583333333333333,neutral
CCCFLYLL,28,14,5,4,42,9,0.4583333333333333,neutral
CGCRVLCC,37,29,16,6,66,22,0.4583333333333333,neutral
FNLVCLGG,37,29,14,8,66,22,0.4583333333333333,neutral
FSNGGDYF,23,19,5,4,42,9,0.4583333333333333,neutral
LYCVDIGC,40,26,13,9,66,22,0.4583333333333333,neutral
DILFYYSH,54,36,20,15,90,35,0.4583333333333333,neutral
CFYNCGSF,40,26,10,12,66,22,0.4583333333333333,neutral
IGLFDRYC,23,19,3,6,42,9,0.4583333333333333,neutral
YVRVFCIH,28,14,5,4,42,9,0.4583333333333333,neutral
LHFYLSIY,54,36,14,21,90,35,0.4583333333333333,neutral
FLVLLYDV,26,16,4,5,42,9,0.4583333333333333,neutral
CVVCYYLD,29,13,7,2,42,9,0.4583333333333333,neutral
FRFVGCSF,38,28,10,12,66,22,0.4583333333333333,neutral
YCVFCGNV,35,31,9,13,66,22,0.4583333333333333,neutral
VRYRFRVH,39,27,10,12,66,22,0.4583333333333333,neutral
GLLCCFSY,28,14,3,6,42,9,0.4583333333333333,neutral
VFVCSCLF,23,19,6,3,42,9,0.4583333333333333,neutral
FCCLCCLY,40,26,11,11,66,22,0.4583333333333333,neutral
FCDIVDYC,39,27,12,10,66,22,0.4583333333333333,neutral
IHLYHCVR,41,25,11,11,66,22,0.4583333333333333,neutral
FIDHSRCF,27,15,4,5,42,9,0.4583333333333333,neutral
FYRVLGCI,53,37,19,16,90,35,0.4583333333333333,neutral
CICILCDF,37,29,8,14,66,22,0.4583333333333333,neutral
FRFYGRCV,28,14,4,5,42,9,0.4583333333333333,neutral
VSIFDGGL,40,26,12,10,66,22,0.4583333333333333,neutral
IFCIRHFC,42,24,12,10,66,22,0.4583333333333333,neutral
FFDFCCRC,39,27,12,10,66,22,0.4583333333333333,neutral
SCDDFGNY,42,24,10,12,66,22,0.4583333333333333,neutral
IYFSVSFD,17,25,2,7,42,9,0.4583333333333333,neutral
DFCVCCHL,29,13,4,5,42,9,0.4583333333333333,neutral
LCDVCRSS,72,55,26,29,127,55,0.4585987261146497,neutral
FLNNFCYF,60,43,20,22,103,42,0.45864661654135336,neutral
CYGFVFHH,59,44,20,22,103,42,0.45864661654135336,neutral
FCFLHCFH,48,31,10,19,79,29,0.45871559633027525,neutral
FYSCINDV,49,30,14,15,79,29,0.45871559633027525,neutral
VCVHCHRL,38,41,18,11,79,29,0.45871559633027525,neutral
CGCCCGDC,48,31,11,18,79,29,0.45871559633027525,neutral
YYYGCFFG,49,30,14,15,79,29,0.45871559633027525,neutral
HNLILVRC,34,21,7,9,55,16,0.4588235294117647,neutral
CVGCLVID,31,24,8,8,55,16,0.4588235294117647,neutral
CNYLSSLD,73,67,31,31,140,62,0.4588235294117647,neutral
FFRGYVHL,31,24,9,7,55,16,0.4588235294117647,neutral
CSCCGCYV,37,18,8,8,55,16,0.4588235294117647,neutral
DSGCYDFY,35,20,8,8,55,16,0.4588235294117647,neutral
LSFLDGRF,35,20,10,6,55,16,0.4588235294117647,neutral
HFYCCCCY,30,25,7,9,55,16,0.4588235294117647,neutral
CFFFYHVY,36,19,5,11,55,16,0.4588235294117647,neutral
RCYVGCYV,37,18,7,9,55,16,0.4588235294117647,neutral
GFHDIVYI,28,27,7,9,55,16,0.4588235294117647,neutral
SLCCCHFS,37,18,11,5,55,16,0.4588235294117647,neutral
CYSFCHIF,34,21,8,8,55,16,0.4588235294117647,neutral
LGFCSYGS,37,18,7,9,55,16,0.4588235294117647,neutral
GSIYDHVF,33,22,9,7,55,16,0.4588235294117647,neutral
CYCIRGSN,33,22,8,8,55,16,0.4588235294117647,neutral
CCSCSCIH,35,20,6,10,55,16,0.4588235294117647,neutral
GHYYYLSL,34,21,6,10,55,16,0.4588235294117647,neutral
DCCYICDD,33,22,7,9,55,16,0.4588235294117647,neutral
RCHRYVIY,33,22,8,8,55,16,0.4588235294117647,neutral
YIFYDCVR,54,62,18,31,116,49,0.4589041095890411,neutral
FFVFCYLI,20,11,0,3,31,3,0.45901639344262296,neutral
YCFCYFCV,22,9,1,2,31,3,0.45901639344262296,neutral
HCGYDYRD,21,10,0,3,31,3,0.45901639344262296,neutral
ICIYCYCH,20,11,1,2,31,3,0.45901639344262296,neutral
FFYCYCVI,17,14,1,2,31,3,0.45901639344262296,neutral
FFYYYCNC,17,14,2,1,31,3,0.45901639344262296,neutral
IVCCVFFF,20,11,1,2,31,3,0.45901639344262296,neutral
FCHLFYFV,22,9,1,2,31,3,0.45901639344262296,neutral
FYFCFGLN,19,12,2,1,31,3,0.45901639344262296,neutral
CYNCLFFY,16,15,0,3,31,3,0.45901639344262296,neutral
YRIFFCCI,20,11,1,2,31,3,0.45901639344262296,neutral
CFRVYCVV,20,11,0,3,31,3,0.45901639344262296,neutral
SCFYDRSC,50,42,16,20,92,36,0.45901639344262296,neutral
LYLCFCVL,25,6,3,0,31,3,0.45901639344262296,neutral
FYFYYCFC,18,13,0,3,31,3,0.45901639344262296,neutral
FCFIICSL,15,16,3,0,31,3,0.45901639344262296,neutral
FFVIIGIC,22,9,1,2,31,3,0.45901639344262296,neutral
YIRVFVVF,16,15,0,3,31,3,0.45901639344262296,neutral
FFIYIGSV,21,10,2,1,31,3,0.45901639344262296,neutral
YIRVLVII,18,13,2,1,31,3,0.45901639344262296,neutral
LFYFFIRG,16,15,3,0,31,3,0.45901639344262296,neutral
IFFLYILC,17,14,2,1,31,3,0.45901639344262296,neutral
YFGCLFSF,19,12,3,0,31,3,0.45901639344262296,neutral
FLHFCYYI,20,11,2,1,31,3,0.45901639344262296,neutral
CIYYFYGF,19,12,1,2,31,3,0.45901639344262296,neutral
FVCSVFFS,20,11,2,1,31,3,0.45901639344262296,neutral
IVCRIFVV,24,7,3,0,31,3,0.45901639344262296,neutral
CIFFVYVC,17,14,3,0,31,3,0.45901639344262296,neutral
FCFFVIVF,17,14,1,2,31,3,0.45901639344262296,neutral
LGFFVGIV,53,39,17,19,92,36,0.45901639344262296,neutral
FYIFNCFY,20,11,2,1,31,3,0.45901639344262296,neutral
FFRYDHLC,22,9,3,0,31,3,0.45901639344262296,neutral
HLVVCVYG,21,10,1,2,31,3,0.45901639344262296,neutral
RCFVCVCF,19,12,1,2,31,3,0.45901639344262296,neutral
IIRGYLIF,14,17,1,2,31,3,0.45901639344262296,neutral
CFIFFCCC,24,7,2,1,31,3,0.45901639344262296,neutral
ICCLVFYC,21,10,2,1,31,3,0.45901639344262296,neutral
YFVNCLFL,18,13,1,2,31,3,0.45901639344262296,neutral
FLNIVFIV,22,9,1,2,31,3,0.45901639344262296,neutral
IVVYFFNF,16,15,0,3,31,3,0.45901639344262296,neutral
YFVRHIGN,86,67,38,31,153,69,0.45901639344262296,neutral
IFLVCIVH,19,12,2,1,31,3,0.45901639344262296,neutral
FHNHYCNI,18,13,2,1,31,3,0.45901639344262296,neutral
CGCHLCHD,18,13,2,1,31,3,0.45901639344262296,neutral
VYVVCNYF,25,6,0,3,31,3,0.45901639344262296,neutral
SVVSYVLI,74,55,31,25,129,56,0.4591194968553459,neutral
CNLCNGGL,74,55,26,30,129,56,0.4591194968553459,neutral
FCLVSVRH,42,26,9,14,68,23,0.45918367346938777,neutral
FCCFFCYS,41,27,10,13,68,23,0.45918367346938777,neutral
GFGYLDYY,40,28,8,15,68,23,0.45918367346938777,neutral
IYVGIRRY,42,26,10,13,68,23,0.45918367346938777,neutral
FICLIGGC,42,26,9,14,68,23,0.45918367346938777,neutral
FCLNCIRI,41,27,8,15,68,23,0.45918367346938777,neutral
LGYYISVC,42,26,12,11,68,23,0.45918367346938777,neutral
SFYSFRID,42,26,12,11,68,23,0.45918367346938777,neutral
FGCCIFLN,42,26,8,15,68,23,0.45918367346938777,neutral
FFYFLCFN,30,14,6,4,44,10,0.4594594594594595,neutral
IINVSDFI,29,15,3,7,44,10,0.4594594594594595,neutral
LLGYHFYL,27,17,6,4,44,10,0.4594594594594595,neutral
FFCIVGGI,21,23,7,3,44,10,0.4594594594594595,neutral
NVSLHCGY,66,52,26,24,118,50,0.4594594594594595,neutral
VDYLGDGC,50,31,15,15,81,30,0.4594594594594595,neutral
CDGCDLYY,31,13,7,3,44,10,0.4594594594594595,neutral
FFFFSFDG,25,19,3,7,44,10,0.4594594594594595,neutral
YYGVHFRG,47,34,15,15,81,30,0.4594594594594595,neutral
RYFYHGGL,28,16,5,5,44,10,0.4594594594594595,neutral
VSVLVVCF,29,15,7,3,44,10,0.4594594594594595,neutral
YFYCFSFI,25,19,5,5,44,10,0.4594594594594595,neutral
GIYLGLYC,25,19,6,4,44,10,0.4594594594594595,neutral
FYCYLIFF,22,22,4,6,44,10,0.4594594594594595,neutral
FVCHCVIF,26,18,5,5,44,10,0.4594594594594595,neutral
NYYHGSVF,29,15,5,5,44,10,0.4594594594594595,neutral
IYYCVNSD,26,18,8,2,44,10,0.4594594594594595,neutral
FRCFIGLV,28,16,5,5,44,10,0.4594594594594595,neutral
FIVRDSYV,27,17,5,5,44,10,0.4594594594594595,neutral
SYFCFNRL,29,15,3,7,44,10,0.4594594594594595,neutral
CYHIYCFS,30,14,5,5,44,10,0.4594594594594595,neutral
VGCCVVDY,29,15,4,6,44,10,0.4594594594594595,neutral
DFNIINGV,45,36,15,15,81,30,0.4594594594594595,neutral
CSHVCCYG,27,17,5,5,44,10,0.4594594594594595,neutral
FCGVIFIC,31,13,8,2,44,10,0.4594594594594595,neutral
CFRDFHFV,26,18,6,4,44,10,0.4594594594594595,neutral
CCLSICGY,52,42,13,24,94,37,0.4596774193548387,neutral
NLLCVRDF,33,24,7,10,57,17,0.45977011494252873,neutral
YLNLSCSD,35,22,10,7,57,17,0.45977011494252873,neutral
LFVYGRNF,34,23,9,8,57,17,0.45977011494252873,neutral
CFICCNFV,32,25,7,10,57,17,0.45977011494252873,neutral
VSCLDFHR,38,19,11,6,57,17,0.45977011494252873,neutral
CCCVCCLC,38,19,6,11,57,17,0.45977011494252873,neutral
FGRDCVHY,35,22,9,8,57,17,0.45977011494252873,neutral
FSVCVYGG,38,19,8,9,57,17,0.45977011494252873,neutral
CRSCYNGY,35,22,6,11,57,17,0.45977011494252873,neutral
CYCHRDCC,35,22,10,7,57,17,0.45977011494252873,neutral
DGLCVRYY,29,28,8,9,57,17,0.45977011494252873,neutral
DCDGFDIL,32,25,8,9,57,17,0.45977011494252873,neutral
VVGYCVRF,37,20,8,9,57,17,0.45977011494252873,neutral
VFCYDLFS,36,21,9,8,57,17,0.45977011494252873,neutral
VYICGGFF,38,19,6,11,57,17,0.45977011494252873,neutral
FFVIFDSG,33,24,9,8,57,17,0.45977011494252873,neutral
NRYYGGLR,57,50,21,23,107,44,0.45985401459854014,neutral
VIVHNDFV,58,49,20,24,107,44,0.45985401459854014,neutral
SNILYGGL,44,26,10,14,70,24,0.46,neutral
CHCRNFCS,39,31,14,10,70,24,0.46,neutral
YSCFGLIF,43,27,10,14,70,24,0.46,neutral
YFVGGIYN,35,35,13,11,70,24,0.46,neutral
FCDFYLRF,44,26,11,13,70,24,0.46,neutral
FVFVVHGG,40,30,14,10,70,24,0.46,neutral
FCVDHSVF,42,28,5,19,70,24,0.46,neutral
SSFRGYYC,43,27,12,12,70,24,0.46,neutral
CYYCGGFY,65,55,26,25,120,51,0.46,neutral
CVHYHSVI,40,30,8,16,70,24,0.46,neutral
LCYGVFRD,39,31,10,14,70,24,0.46,neutral
CCCGNRCS,43,27,9,15,70,24,0.46,neutral
FYRDCSCY,40,30,9,15,70,24,0.46,neutral
RLYVYYGS,76,57,29,29,133,58,0.4601226993865031,neutral
LFHYCDSY,75,58,32,26,133,58,0.4601226993865031,neutral
FNYCDVFI,50,33,17,14,83,31,0.46017699115044247,neutral
FYIDDCFY,47,36,14,17,83,31,0.46017699115044247,neutral
FCNYSIFD,49,34,14,17,83,31,0.46017699115044247,neutral
YGCDRYCG,46,37,10,21,83,31,0.46017699115044247,neutral
IFHFRNFY,45,38,14,17,83,31,0.46017699115044247,neutral
YCIFVDGR,82,64,29,36,146,65,0.4602272727272727,neutral
LGFDYDLR,15,18,2,2,33,4,0.4603174603174603,neutral
FLCFVLDY,24,9,4,0,33,4,0.4603174603174603,neutral
FLILVVCH,22,11,2,2,33,4,0.4603174603174603,neutral
LFHIFCFG,16,17,2,2,33,4,0.4603174603174603,neutral
NGFSCVLL,54,42,19,19,96,38,0.4603174603174603,neutral
FYLYICCV,22,11,1,3,33,4,0.4603174603174603,neutral
CVLYLIFL,21,12,1,3,33,4,0.4603174603174603,neutral
FVLHCYHY,19,14,1,3,33,4,0.4603174603174603,neutral
HFCRCLYH,51,45,21,17,96,38,0.4603174603174603,neutral
FFYRNFNS,20,13,0,4,33,4,0.4603174603174603,neutral
VVRFSILV,18,15,3,1,33,4,0.4603174603174603,neutral
IFCFCFVI,24,9,2,2,33,4,0.4603174603174603,neutral
YYVLRLVF,22,11,1,3,33,4,0.4603174603174603,neutral
FVFYFDCH,19,14,1,3,33,4,0.4603174603174603,neutral
GILFVGFF,17,16,3,1,33,4,0.4603174603174603,neutral
YVFFFRCC,19,14,1,3,33,4,0.4603174603174603,neutral
FSLCFVRV,18,15,2,2,33,4,0.4603174603174603,neutral
CHSLCVYH,23,10,3,1,33,4,0.4603174603174603,neutral
YVFCFYYN,21,12,2,2,33,4,0.4603174603174603,neutral
YHYICYNF,23,10,4,0,33,4,0.4603174603174603,neutral
CRICVYCS,21,12,0,4,33,4,0.4603174603174603,neutral
VYCCGCFR,23,10,1,3,33,4,0.4603174603174603,neutral
LCFVCFCH,20,13,2,2,33,4,0.4603174603174603,neutral
VRFCIYFD,24,9,3,1,33,4,0.4603174603174603,neutral
VCVHVFSC,46,50,17,21,96,38,0.4603174603174603,neutral
YIFCSVFL,18,15,1,3,33,4,0.4603174603174603,neutral
FIFLNILH,19,14,0,4,33,4,0.4603174603174603,neutral
FFLCFVVF,24,9,1,3,33,4,0.4603174603174603,neutral
GGCGFDVF,56,40,22,16,96,38,0.4603174603174603,neutral
VIFFFVCC,22,11,1,3,33,4,0.4603174603174603,neutral
RLSVFGFV,20,13,0,4,33,4,0.4603174603174603,neutral
CCLICISC,22,11,1,3,33,4,0.4603174603174603,neutral
VRLNFFVI,16,17,1,3,33,4,0.4603174603174603,neutral
CIFLIVCG,17,16,3,1,33,4,0.4603174603174603,neutral
FYLCLFLH,25,8,3,1,33,4,0.4603174603174603,neutral
FRYFFDCF,19,14,1,3,33,4,0.4603174603174603,neutral
GVCLGGYV,52,44,18,20,96,38,0.4603174603174603,neutral
YILFFVLS,23,10,3,1,33,4,0.4603174603174603,neutral
NNGFYVDI,59,50,19,26,109,45,0.460431654676259,neutral
VFGIFVRG,62,47,24,21,109,45,0.460431654676259,neutral
HFCYCCRN,30,16,5,6,46,11,0.4605263157894737,neutral
LCFHSNVC,22,24,5,6,46,11,0.4605263157894737,neutral
HLVCRIFR,26,20,5,6,46,11,0.4605263157894737,neutral
YGYYCCCI,29,17,7,4,46,11,0.4605263157894737,neutral
CDLVCFCV,27,19,5,6,46,11,0.4605263157894737,neutral
FRHHHCFF,32,14,9,2,46,11,0.4605263157894737,neutral
VCCNCGLV,30,16,7,4,46,11,0.4605263157894737,neutral
FHCDCFHR,32,14,4,7,46,11,0.4605263157894737,neutral
FCCVYCGG,31,15,6,5,46,11,0.4605263157894737,neutral
FYVCNYFI,29,17,7,4,46,11,0.4605263157894737,neutral
FCYLCCLV,32,14,5,6,46,11,0.4605263157894737,neutral
FVDICVDG,28,18,2,9,46,11,0.4605263157894737,neutral
SYVICSCN,31,15,4,7,46,11,0.4605263157894737,neutral
NCHFYHCH,32,14,5,6,46,11,0.4605263157894737,neutral
CDYNGFGV,37,22,7,11,59,18,0.4606741573033708,neutral
VCSFGVRY,36,23,9,9,59,18,0.4606741573033708,neutral
CVRCFCFN,38,21,9,9,59,18,0.4606741573033708,neutral
DHSLYCDV,30,29,10,8,59,18,0.4606741573033708,neutral
FYCSSDLC,39,20,9,9,59,18,0.4606741573033708,neutral
VICNRCCC,34,25,7,11,59,18,0.4606741573033708,neutral
HYDFVVRF,29,30,9,9,59,18,0.4606741573033708,neutral
CDVCVHYL,30,29,6,12,59,18,0.4606741573033708,neutral
CYICFCVF,35,24,6,12,59,18,0.4606741573033708,neutral
SCFFCLDY,37,22,10,8,59,18,0.4606741573033708,neutral
CIVFCHIS,35,37,13,12,72,25,0.46078431372549017,neutral
FDNVYYDG,38,34,13,12,72,25,0.46078431372549017,neutral
YFVDFIGD,45,27,16,9,72,25,0.46078431372549017,neutral
RRHYVVCL,42,30,9,16,72,25,0.46078431372549017,neutral
YFCDFSCL,45,27,15,10,72,25,0.46078431372549017,neutral
YLYGGNLF,42,30,16,9,72,25,0.46078431372549017,neutral
FSDRIVLF,51,34,12,20,85,32,0.4608695652173913,neutral
NFICHYGH,51,34,13,19,85,32,0.4608695652173913,neutral
CSSCYNFL,45,40,12,20,85,32,0.4608695652173913,neutral
FCSCHFRD,49,36,12,20,85,32,0.4608695652173913,neutral
CHYIRSDL,52,46,25,14,98,39,0.4609375,neutral
CRFVGCLG,51,47,19,20,98,39,0.4609375,neutral
FYGLISYC,64,47,23,23,111,46,0.46099290780141844,neutral
GLYCFFHR,65,46,18,28,111,46,0.46099290780141844,neutral
DVYICDIG,60,64,33,20,124,53,0.461038961038961,neutral
SFGFFCGN,28,20,7,5,48,12,0.46153846153846156,neutral
FSCCGCVL,25,10,3,2,35,5,0.46153846153846156,neutral
GFDSCNLF,53,34,20,13,87,33,0.46153846153846156,neutral
FFCYVCYD,32,16,6,6,48,12,0.46153846153846156,neutral
CLVLHDFY,38,23,12,7,61,19,0.46153846153846156,neutral
CCYCDLCG,35,26,11,8,61,19,0.46153846153846156,neutral
IIFFRCNC,15,20,2,3,35,5,0.46153846153846156,neutral
CVIFFSCL,20,15,4,1,35,5,0.46153846153846156,neutral
SCCLDYLS,46,28,14,12,74,26,0.46153846153846156,neutral
CYFILHCG,50,37,15,18,87,33,0.46153846153846156,neutral
FYSFYYGY,26,22,7,5,48,12,0.46153846153846156,neutral
HLLIILSG,40,21,10,9,61,19,0.46153846153846156,neutral
FHVVFGVL,24,11,2,3,35,5,0.46153846153846156,neutral
FDIDSDYF,25,10,2,3,35,5,0.46153846153846156,neutral
FIYYDCII,34,27,8,11,61,19,0.46153846153846156,neutral
VSCRFFDC,25,23,6,6,48,12,0.46153846153846156,neutral
YLGDRSYV,35,26,8,11,61,19,0.46153846153846156,neutral
YRDFDRGF,46,28,12,14,74,26,0.46153846153846156,neutral
FYCDICGF,23,12,2,3,35,5,0.46153846153846156,neutral
CCCHIRVR,29,19,10,2,48,12,0.46153846153846156,neutral
SYYRFFGL,29,19,7,5,48,12,0.46153846153846156,neutral
YVNFHSVF,38,23,11,8,61,19,0.46153846153846156,neutral
LHFYCFFN,22,13,2,3,35,5,0.46153846153846156,neutral
CCFFSCSR,34,27,4,15,61,19,0.46153846153846156,neutral
GFCYYDRC,27,21,6,6,48,12,0.46153846153846156,neutral
GVCLCIHG,40,34,12,14,74,26,0.46153846153846156,neutral
FCFCCCND,44,30,12,14,74,26,0.46153846153846156,neutral
IFDCYFRR,31,17,9,3,48,12,0.46153846153846156,neutral
YFGCGVGG,38,23,11,8,61,19,0.46153846153846156,neutral
RCFYVYLF,22,13,3,2,35,5,0.46153846153846156,neutral
YFFYHSFC,28,20,7,5,48,12,0.46153846153846156,neutral
FHYSYHNG,24,11,2,3,35,5,0.46153846153846156,neutral
FFSFRDIC,34,27,8,11,61,19,0.46153846153846156,neutral
LYLYCSGF,43,31,10,16,74,26,0.46153846153846156,neutral
IYCCVCDV,22,13,3,2,35,5,0.46153846153846156,neutral
IGGCYHYV,34,27,12,7,61,19,0.46153846153846156,neutral
YFVRGGGF,28,20,5,7,48,12,0.46153846153846156,neutral
FRFGGFGN,48,39,19,14,87,33,0.46153846153846156,neutral
FYICIFCC,26,9,2,3,35,5,0.46153846153846156,neutral
NYVYFYGF,18,17,1,4,35,5,0.46153846153846156,neutral
DDCFFNVD,21,14,3,2,35,5,0.46153846153846156,neutral
FHFYFVRG,22,13,3,2,35,5,0.46153846153846156,neutral
RYIYSGCI,43,31,8,18,74,26,0.46153846153846156,neutral
YCSIGGGF,50,37,13,20,87,33,0.46153846153846156,neutral
RICFYLVD,33,15,7,5,48,12,0.46153846153846156,neutral
FLYICLYH,24,11,3,2,35,5,0.46153846153846156,neutral
YNLYLDFI,21,14,1,4,35,5,0.46153846153846156,neutral
CYHHCGSC,42,32,14,12,74,26,0.46153846153846156,neutral
RCLFRFYY,28,20,2,10,48,12,0.46153846153846156,neutral
CFCDIFCL,29,19,8,4,48,12,0.46153846153846156,neutral
CCHDNCCC,53,34,14,19,87,33,0.46153846153846156,neutral
GHICLSCV,33,15,4,8,48,12,0.46153846153846156,neutral
VRVGCFYH,33,15,6,6,48,12,0.46153846153846156,neutral
GGVCCCYV,32,16,3,9,48,12,0.46153846153846156,neutral
RCCFCFGF,21,14,1,4,35,5,0.46153846153846156,neutral
DGCFYVGD,26,22,6,6,48,12,0.46153846153846156,neutral
CFYYDCDV,46,28,12,14,74,26,0.46153846153846156,neutral
CYLNICII,20,15,3,2,35,5,0.46153846153846156,neutral
CFLSINVL,49,38,16,17,87,33,0.46153846153846156,neutral
GFLFSDDF,40,21,13,6,61,19,0.46153846153846156,neutral
FGYHFRCY,28,20,8,4,48,12,0.46153846153846156,neutral
DFCCCNVR,31,17,4,8,48,12,0.46153846153846156,neutral
FFLIGISH,23,12,5,0,35,5,0.46153846153846156,neutral
CCGIIGHC,99,81,40,43,180,83,0.46190476190476193,neutral
CRFLYFDH,71,57,25,30,128,55,0.4620253164556962,neutral
VLYYCDYH,65,50,22,26,115,48,0.46206896551724136,neutral
YFVNHGSF,65,50,20,28,115,48,0.46206896551724136,neutral
IFNRFFDV,67,48,23,25,115,48,0.46206896551724136,neutral
VFLRCVLS,57,45,18,23,102,41,0.4621212121212121,neutral
FGFSGLCR,54,35,14,20,89,34,0.46218487394957986,neutral
DFVYSVFF,53,36,16,18,89,34,0.46218487394957986,neutral
IFFVLNNV,45,44,18,16,89,34,0.46218487394957986,neutral
SSVRVFFC,43,33,16,11,76,27,0.46226415094339623,neutral
YICCCFGN,45,31,8,19,76,27,0.46226415094339623,neutral
YFCNIFRD,38,38,10,17,76,27,0.46226415094339623,neutral
LYFCRVDH,47,29,12,15,76,27,0.46226415094339623,neutral
DFVYSSIF,47,29,14,13,76,27,0.46226415094339623,neutral
RCYCIRSS,42,34,17,10,76,27,0.46226415094339623,neutral
VFCDGVRF,45,31,10,17,76,27,0.46226415094339623,neutral
GCYFFSGR,38,25,9,11,63,20,0.46236559139784944,neutral
SFYCNHGY,40,23,13,7,63,20,0.46236559139784944,neutral
DDSGFHIC,36,27,6,14,63,20,0.46236559139784944,neutral
FYFGCHVG,38,25,11,9,63,20,0.46236559139784944,neutral
FFLYCDSL,35,28,12,8,63,20,0.46236559139784944,neutral
GIYGDCFL,39,24,10,10,63,20,0.46236559139784944,neutral
VFCNCFCR,39,24,7,13,63,20,0.46236559139784944,neutral
YCIDHCGL,84,72,40,30,156,70,0.46236559139784944,neutral
FVVFDLHV,35,28,14,6,63,20,0.46236559139784944,neutral
RLLCGVVY,38,25,8,12,63,20,0.46236559139784944,neutral
RVFYGYVR,36,27,6,14,63,20,0.46236559139784944,neutral
YCYDSYGS,39,24,7,13,63,20,0.46236559139784944,neutral
IFFHCNNL,38,25,4,16,63,20,0.46236559139784944,neutral
FNCLCDSL,39,24,10,10,63,20,0.46236559139784944,neutral
FNCFRCGL,40,23,12,8,63,20,0.46236559139784944,neutral
VCICCRRC,28,22,5,8,50,13,0.4625,neutral
CYCCFYCI,28,22,7,6,50,13,0.4625,neutral
GRCLGCYH,34,16,3,10,50,13,0.4625,neutral
CFCYCYGL,34,16,6,7,50,13,0.4625,neutral
DYLFFVRL,25,25,5,8,50,13,0.4625,neutral
FCVDVYYD,30,20,5,8,50,13,0.4625,neutral
FCFGCSCG,25,25,6,7,50,13,0.4625,neutral
CFSCCYLN,34,16,7,6,50,13,0.4625,neutral
GVLVDCLV,33,17,5,8,50,13,0.4625,neutral
CCYYRVLC,32,18,8,5,50,13,0.4625,neutral
NFYFFVIR,29,21,8,5,50,13,0.4625,neutral
CVHGFGVF,26,24,4,9,50,13,0.4625,neutral
DLFRVIYL,29,21,6,7,50,13,0.4625,neutral
VYVVCCSR,31,19,6,7,50,13,0.4625,neutral
FLYGFHFI,30,20,7,6,50,13,0.4625,neutral
YYGGHGVF,29,21,5,8,50,13,0.4625,neutral
IHCDCFYC,34,16,4,9,50,13,0.4625,neutral
LRCFSVYV,63,54,23,26,117,49,0.46258503401360546,neutral
GVLVRFLL,21,16,6,0,37,6,0.4626865671641791,neutral
FFFDLFVD,26,11,4,2,37,6,0.4626865671641791,neutral
YLYYDFCI,27,10,4,2,37,6,0.4626865671641791,neutral
FSILGYYV,27,10,4,2,37,6,0.4626865671641791,neutral
FCFFCILS,27,10,4,2,37,6,0.4626865671641791,neutral
FCFGYFYI,25,12,3,3,37,6,0.4626865671641791,neutral
YIFVLIRC,25,12,5,1,37,6,0.4626865671641791,neutral
FCYNSNDV,25,12,3,3,37,6,0.4626865671641791,neutral
LFCLCFHV,23,14,2,4,37,6,0.4626865671641791,neutral
IFYVVFYG,28,9,1,5,37,6,0.4626865671641791,neutral
SCHFIFVV,21,16,4,2,37,6,0.4626865671641791,neutral
IFCFCCFC,22,15,4,2,37,6,0.4626865671641791,neutral
HICFCCVL,25,12,1,5,37,6,0.4626865671641791,neutral
FFLFNSFL,20,17,3,3,37,6,0.4626865671641791,neutral
VCFCILIC,23,14,2,4,37,6,0.4626865671641791,neutral
HFFLFRRV,24,13,1,5,37,6,0.4626865671641791,neutral
VCIFYCCR,25,12,4,2,37,6,0.4626865671641791,neutral
LIGIYYFH,23,14,3,3,37,6,0.4626865671641791,neutral
CRVYLVVH,21,16,4,2,37,6,0.4626865671641791,neutral
CDYCIYHV,23,14,3,3,37,6,0.4626865671641791,neutral
YCLYFVCI,27,10,4,2,37,6,0.4626865671641791,neutral
FISFGYYV,21,16,1,5,37,6,0.4626865671641791,neutral
CGNNYVCF,25,12,3,3,37,6,0.4626865671641791,neutral
SFDIFVGV,59,45,20,22,104,42,0.4626865671641791,neutral
SCLCFRLI,22,15,2,4,37,6,0.4626865671641791,neutral
FYVFGLCY,20,17,5,1,37,6,0.4626865671641791,neutral
DCCRVCSY,22,15,3,3,37,6,0.4626865671641791,neutral
FCFYCFRV,21,16,4,2,37,6,0.4626865671641791,neutral
SFVYRYYG,25,12,2,4,37,6,0.4626865671641791,neutral
DCFFVVRI,26,11,3,3,37,6,0.4626865671641791,neutral
FYCDSFYS,55,36,16,19,91,35,0.4628099173553719,neutral
HFGSCCCF,55,36,17,18,91,35,0.4628099173553719,neutral
FLCLRCNS,54,37,18,17,91,35,0.4628099173553719,neutral
VYDFDING,49,42,19,16,91,35,0.4628099173553719,neutral
FCCVDVCR,50,41,13,22,91,35,0.4628099173553719,neutral
FSYCCVHC,75,57,34,23,132,57,0.46296296296296297,neutral
CFGVDRGY,46,32,14,14,78,28,0.46296296296296297,neutral
FDLYFGGI,47,31,18,10,78,28,0.46296296296296297,neutral
FSIYLNRC,46,32,11,17,78,28,0.46296296296296297,neutral
NLDFCFGR,35,30,13,8,65,21,0.4631578947368421,neutral
CCFDHISY,40,25,12,9,65,21,0.4631578947368421,neutral
LNFICVVS,39,26,10,11,65,21,0.4631578947368421,neutral
YGIVYDCV,37,28,8,13,65,21,0.4631578947368421,neutral
GGYFVYGG,32,33,12,9,65,21,0.4631578947368421,neutral
VSCFDSGY,36,29,12,9,65,21,0.4631578947368421,neutral
DDRGFVDF,35,30,10,11,65,21,0.4631578947368421,neutral
GYNYDVHL,38,27,8,13,65,21,0.4631578947368421,neutral
HCCLRHRF,40,25,10,11,65,21,0.4631578947368421,neutral
SYRDHFIR,40,25,8,13,65,21,0.4631578947368421,neutral
FDVNSIDC,59,47,20,23,106,43,0.4632352941176471,neutral
CICDFGID,57,49,27,16,106,43,0.4632352941176471,neutral
SRFCLIHY,62,44,17,26,106,43,0.4632352941176471,neutral
CCDNCHDL,61,45,22,21,106,43,0.4632352941176471,neutral
LVGFCCNC,32,20,5,9,52,14,0.4634146341463415,neutral
VCHGGHYL,33,19,5,9,52,14,0.4634146341463415,neutral
CFVSFYGD,56,37,22,14,93,36,0.4634146341463415,neutral
YHFVRCFR,34,18,5,9,52,14,0.4634146341463415,neutral
VGYLLIFI,31,21,5,9,52,14,0.4634146341463415,neutral
IRICCGIG,34,18,10,4,52,14,0.4634146341463415,neutral
FCCVCSLD,30,22,8,6,52,14,0.4634146341463415,neutral
VCNYGFRR,55,38,15,21,93,36,0.4634146341463415,neutral
CNYNVCCR,30,22,6,8,52,14,0.4634146341463415,neutral
GFYVYYGD,51,42,10,26,93,36,0.4634146341463415,neutral
CGHFCFHC,32,20,6,8,52,14,0.4634146341463415,neutral
DFLSRVYF,31,21,8,6,52,14,0.4634146341463415,neutral
CRCSCSNV,31,21,7,7,52,14,0.4634146341463415,neutral
FSLRVSVL,31,21,6,8,52,14,0.4634146341463415,neutral
DCFCDCNC,35,17,10,4,52,14,0.4634146341463415,neutral
VVVCHFCC,26,26,6,8,52,14,0.4634146341463415,neutral
LCYYCGYN,52,41,14,22,93,36,0.4634146341463415,neutral
GYSFFHFG,33,19,5,9,52,14,0.4634146341463415,neutral
LYDVNFHN,29,23,5,9,52,14,0.4634146341463415,neutral
FDSIGNFY,34,18,13,1,52,14,0.4634146341463415,neutral
VNVFCVVY,31,21,8,6,52,14,0.4634146341463415,neutral
FDCYYYSD,28,24,7,7,52,14,0.4634146341463415,neutral
FVFYRVHF,24,28,5,9,52,14,0.4634146341463415,neutral
IYYCDVVH,90,72,38,35,162,73,0.4635416666666667,neutral
CGFLDCCF,45,35,14,15,80,29,0.4636363636363636,neutral
GGHGDSFY,44,36,13,16,80,29,0.4636363636363636,neutral
CINFSLFR,49,31,13,16,80,29,0.4636363636363636,neutral
IIYRHCLH,47,33,14,15,80,29,0.4636363636363636,neutral
YGVLHCSY,49,31,18,11,80,29,0.4636363636363636,neutral
YCHGFSGG,42,38,16,13,80,29,0.4636363636363636,neutral
FFFFCINF,44,36,13,16,80,29,0.4636363636363636,neutral
GDLCCNHF,28,11,3,4,39,7,0.463768115942029,neutral
IGYLVRLV,28,11,5,2,39,7,0.463768115942029,neutral
FICLLFVG,25,14,5,2,39,7,0.463768115942029,neutral
CYFYYCCV,27,12,2,5,39,7,0.463768115942029,neutral
CCFFVIVC,28,11,5,2,39,7,0.463768115942029,neutral
YCNNYFGG,26,13,4,3,39,7,0.463768115942029,neutral
IFYSIVFV,27,12,3,4,39,7,0.463768115942029,neutral
FCVCFFFC,23,16,3,4,39,7,0.463768115942029,neutral
CIIFFVIL,20,19,3,4,39,7,0.463768115942029,neutral
IFDFCIVL,24,15,1,6,39,7,0.463768115942029,neutral
VGFFCGCF,27,12,5,2,39,7,0.463768115942029,neutral
CCFFCVCY,28,11,6,1,39,7,0.463768115942029,neutral
ILGFFVNL,21,18,4,3,39,7,0.463768115942029,neutral
FYGDYRVS,61,47,24,20,108,44,0.463768115942029,neutral
YFFYFHDY,60,48,22,22,108,44,0.463768115942029,neutral
HFFFYGIN,42,25,12,10,67,22,0.4639175257731959,neutral
FGDFHYGC,43,24,9,13,67,22,0.4639175257731959,neutral
CNCHCFVV,43,24,9,13,67,22,0.4639175257731959,neutral
CICNGHIF,41,26,12,10,67,22,0.4639175257731959,neutral
FCYGCGGY,42,25,12,10,67,22,0.4639175257731959,neutral
CYGGYICG,43,24,10,12,67,22,0.4639175257731959,neutral
FCCLCGFH,37,30,8,14,67,22,0.4639175257731959,neutral
HIYYYCVR,43,24,11,11,67,22,0.4639175257731959,neutral
FVLLGCYN,41,26,14,8,67,22,0.4639175257731959,neutral
VVDVNFFG,57,38,20,17,95,37,0.464,neutral
VYFDYFCF,53,42,24,13,95,37,0.464,neutral
FVNHFHLY,55,40,21,16,95,37,0.464,neutral
FHIYVDHI,57,38,20,17,95,37,0.464,neutral
RCVCFYRH,57,38,15,22,95,37,0.464,neutral
IGSDLYGF,53,42,18,19,95,37,0.464,neutral
SFVFVVCF,19,7,0,0,26,0,0.4642857142857143,neutral
FRFYFGSL,19,7,0,0,26,0,0.4642857142857143,neutral
LCCGHRRY,35,19,6,9,54,15,0.4642857142857143,neutral
LHGCCCVC,31,23,4,11,54,15,0.4642857142857143,neutral
LFRIGSFH,35,19,10,5,54,15,0.4642857142857143,neutral
CCNVCYVV,27,27,6,9,54,15,0.4642857142857143,neutral
CCCINGGV,33,21,5,10,54,15,0.4642857142857143,neutral
FFYCFFRL,17,9,0,0,26,0,0.4642857142857143,neutral
DGDRYCFI,45,37,19,11,82,30,0.4642857142857143,neutral
CYVIIIIL,21,5,0,0,26,0,0.4642857142857143,neutral
FFRRGVDI,36,18,5,10,54,15,0.4642857142857143,neutral
YLFNCCFY,24,30,8,7,54,15,0.4642857142857143,neutral
FFCFFIFF,19,7,0,0,26,0,0.4642857142857143,neutral
VRHYYCDF,33,21,6,9,54,15,0.4642857142857143,neutral
FFFLFDII,18,8,0,0,26,0,0.4642857142857143,neutral
HCYGDNII,36,18,6,9,54,15,0.4642857142857143,neutral
YGFYFRFL,14,12,0,0,26,0,0.4642857142857143,neutral
GCIHVFLI,17,9,0,0,26,0,0.4642857142857143,neutral
CYYNYHNG,36,18,7,8,54,15,0.4642857142857143,neutral
FCVFFFFV,17,9,0,0,26,0,0.4642857142857143,neutral
CFLDYGII,49,33,14,16,82,30,0.4642857142857143,neutral
VLVFCIFF,14,12,0,0,26,0,0.4642857142857143,neutral
FHFGICYY,34,20,3,12,54,15,0.4642857142857143,neutral
FFVCFCRF,14,12,0,0,26,0,0.4642857142857143,neutral
FFGNICGD,29,25,7,8,54,15,0.4642857142857143,neutral
SGHFFVHY,34,20,5,10,54,15,0.4642857142857143,neutral
CCGFRDYF,27,27,12,3,54,15,0.4642857142857143,neutral
ICFVCIFG,16,10,0,0,26,0,0.4642857142857143,neutral
YFLHYFGF,21,5,0,0,26,0,0.4642857142857143,neutral
CCFFYRVI,17,9,0,0,26,0,0.4642857142857143,neutral
VCFFLFVH,15,11,0,0,26,0,0.4642857142857143,neutral
FLYIRILY,20,6,0,0,26,0,0.4642857142857143,neutral
FYICFIRV,17,9,0,0,26,0,0.4642857142857143,neutral
GYIVVVIG,15,11,0,0,26,0,0.4642857142857143,neutral
CYVRYLFV,16,10,0,0,26,0,0.4642857142857143,neutral
LYFNVVFF,17,9,0,0,26,0,0.4642857142857143,neutral
FRLFIYFF,16,10,0,0,26,0,0.4642857142857143,neutral
VFSLCVCC,35,19,9,6,54,15,0.4642857142857143,neutral
FINFFFHF,11,15,0,0,26,0,0.4642857142857143,neutral
FFFVGFGL,18,8,0,0,26,0,0.4642857142857143,neutral
FFCIICIF,18,8,0,0,26,0,0.4642857142857143,neutral
IVFFYFFR,21,5,0,0,26,0,0.4642857142857143,neutral
FCCLFFFF,12,14,0,0,26,0,0.4642857142857143,neutral
YFVIFLFF,22,4,0,0,26,0,0.4642857142857143,neutral
CSYGDIIG,30,24,6,9,54,15,0.4642857142857143,neutral
CFCNCFDR,36,18,9,6,54,15,0.4642857142857143,neutral
GGHLYICL,36,18,7,8,54,15,0.4642857142857143,neutral
VDYCCVNG,85,68,34,34,153,68,0.4644808743169399,neutral
CISDCCFC,68,57,22,31,125,53,0.4645161290322581,neutral
YVFRCDHG,54,43,17,21,97,38,0.4645669291338583,neutral
FDVGDCHV,54,43,19,19,97,38,0.4645669291338583,neutral
FHRLDVGF,44,25,11,12,69,23,0.46464646464646464,neutral
NVCFGCVF,35,34,10,13,69,23,0.46464646464646464,neutral
CIFCGYGD,44,25,12,11,69,23,0.46464646464646464,neutral
YYYVLSVD,41,28,10,13,69,23,0.46464646464646464,neutral
VYGFYIDF,44,25,10,13,69,23,0.46464646464646464,neutral
CYCCVVDF,38,31,11,12,69,23,0.46464646464646464,neutral
CRGFSCYD,58,54,22,24,112,46,0.4647887323943662,neutral
RCYIRFVC,25,16,6,2,41,8,0.4647887323943662,neutral
VCFYHCIN,64,48,19,27,112,46,0.4647887323943662,neutral
CYCDCLSH,26,15,4,4,41,8,0.4647887323943662,neutral
VYYCHGVR,25,16,3,5,41,8,0.4647887323943662,neutral
FGNDYFCG,24,17,7,1,41,8,0.4647887323943662,neutral
CDRYFNFR,26,15,3,5,41,8,0.4647887323943662,neutral
FCFICHCH,27,14,3,5,41,8,0.4647887323943662,neutral
CYNYCVLC,26,15,2,6,41,8,0.4647887323943662,neutral
LLSIICCR,22,19,6,2,41,8,0.4647887323943662,neutral
LYFCFVFC,24,17,3,5,41,8,0.4647887323943662,neutral
YCFGCIRH,27,14,3,5,41,8,0.4647887323943662,neutral
GFFLVHCV,24,17,6,2,41,8,0.4647887323943662,neutral
VFVCICGL,25,16,3,5,41,8,0.4647887323943662,neutral
YSVVFRCC,28,13,3,5,41,8,0.4647887323943662,neutral
LLVRNVFC,21,20,4,4,41,8,0.4647887323943662,neutral
FCVHVDFS,43,41,16,15,84,31,0.4649122807017544,neutral
NFVSVHFD,48,36,16,15,84,31,0.4649122807017544,neutral
LRGDVYLF,51,33,16,15,84,31,0.4649122807017544,neutral
LYDFDFNG,45,39,12,19,84,31,0.4649122807017544,neutral
NFYDVYGF,48,36,15,16,84,31,0.4649122807017544,neutral
RFDSYICI,49,35,11,20,84,31,0.4649122807017544,neutral
DCVFGLGG,70,57,33,21,127,54,0.46496815286624205,neutral
CCDVLFCY,73,54,26,28,127,54,0.46496815286624205,neutral
SYNYGFSY,72,55,26,28,127,54,0.46496815286624205,neutral
LCFYGRGN,72,55,28,26,127,54,0.46496815286624205,neutral
FIRDYCIR,34,22,8,8,56,16,0.46511627906976744,neutral
FSNDDLCL,35,21,8,8,56,16,0.46511627906976744,neutral
FYNFFCLN,31,25,10,6,56,16,0.46511627906976744,neutral
CRSCGCFF,30,26,6,10,56,16,0.46511627906976744,neutral
FRDYDGFR,36,20,5,11,56,16,0.46511627906976744,neutral
YCVCDVDY,37,19,8,8,56,16,0.46511627906976744,neutral
FFCSDVGY,36,20,7,9,56,16,0.46511627906976744,neutral
IFYVHGFL,37,19,7,9,56,16,0.46511627906976744,neutral
RDIRFCYF,31,25,6,10,56,16,0.46511627906976744,neutral
VCGHIFVH,78,64,30,32,142,62,0.46511627906976744,neutral
FCNVNYYN,33,23,6,10,56,16,0.46511627906976744,neutral
YFGYIDHN,31,25,9,7,56,16,0.46511627906976744,neutral
CYRGGGFG,58,41,21,18,99,39,0.46511627906976744,neutral
CCGFVFCL,34,22,8,8,56,16,0.46511627906976744,neutral
IFFLCDCY,35,21,10,6,56,16,0.46511627906976744,neutral
LYLGCICD,33,23,10,6,56,16,0.46511627906976744,neutral
LGCLYRCS,31,25,8,8,56,16,0.46511627906976744,neutral
CYHCLHHV,34,22,8,8,56,16,0.46511627906976744,neutral
YGICLHCV,32,24,10,6,56,16,0.46511627906976744,neutral
IYIVGSCD,59,40,15,24,99,39,0.46511627906976744,neutral
LHDVCRFH,85,72,31,39,157,70,0.46524064171123,neutral
CHHVGCVF,66,48,26,21,114,47,0.4652777777777778,neutral
CLHYYGNR,41,30,8,16,71,24,0.46534653465346537,neutral
HRFRRLFF,44,27,13,11,71,24,0.46534653465346537,neutral
LFCFVRRD,41,30,12,12,71,24,0.46534653465346537,neutral
YIYYYRGG,39,32,13,11,71,24,0.46534653465346537,neutral
IYLIIDFD,44,27,16,8,71,24,0.46534653465346537,neutral
CYVYDNGC,39,32,9,15,71,24,0.46534653465346537,neutral
SVFYSHNF,43,28,12,12,71,24,0.46534653465346537,neutral
RYVCYFGI,45,26,13,11,71,24,0.46534653465346537,neutral
FVCFYGCV,39,32,10,14,71,24,0.46534653465346537,neutral
CRFHGFFF,39,32,11,13,71,24,0.46534653465346537,neutral
FVLHVFGG,41,30,13,11,71,24,0.46534653465346537,neutral
LVIVCDNI,72,57,23,32,129,55,0.46540880503144655,neutral
GFGDSFCL,41,45,14,18,86,32,0.46551724137931033,neutral
VCFCFCIF,19,9,0,1,28,1,0.46551724137931033,neutral
VSLLYCFY,20,8,0,1,28,1,0.46551724137931033,neutral
FCFFIRSI,18,10,1,0,28,1,0.46551724137931033,neutral
FFSVIFSC,13,15,1,0,28,1,0.46551724137931033,neutral
FYVCFCGF,15,13,0,1,28,1,0.46551724137931033,neutral
FFLDCYYF,22,6,0,1,28,1,0.46551724137931033,neutral
FNVVYCVF,23,5,1,0,28,1,0.46551724137931033,neutral
FCCFCLFR,17,11,0,1,28,1,0.46551724137931033,neutral
FLYHFVRC,18,10,0,1,28,1,0.46551724137931033,neutral
VLVLVLFF,20,8,0,1,28,1,0.46551724137931033,neutral
GFFCHFNF,50,36,19,13,86,32,0.46551724137931033,neutral
YFIFHLRL,20,8,1,0,28,1,0.46551724137931033,neutral
CYVFIRFI,19,9,0,1,28,1,0.46551724137931033,neutral
FDFGYGVC,50,36,17,15,86,32,0.46551724137931033,neutral
VSIICFYY,19,9,1,0,28,1,0.46551724137931033,neutral
FIDFFFFF,13,15,1,0,28,1,0.46551724137931033,neutral
RVYLVFVI,19,9,0,1,28,1,0.46551724137931033,neutral
GYFYLIVH,12,16,0,1,28,1,0.46551724137931033,neutral
IFLSVVVC,15,13,0,1,28,1,0.46551724137931033,neutral
LFYIVHCI,17,11,1,0,28,1,0.46551724137931033,neutral
GCCCIVVL,21,7,0,1,28,1,0.46551724137931033,neutral
VFFYYVFC,15,13,1,0,28,1,0.46551724137931033,neutral
VCCHHVGF,49,37,19,13,86,32,0.46551724137931033,neutral
CFVCRLRY,18,10,0,1,28,1,0.46551724137931033,neutral
RYHFYFYV,19,9,0,1,28,1,0.46551724137931033,neutral
YVVVIRIF,20,8,1,0,28,1,0.46551724137931033,neutral
FCFCGYFY,20,8,1,0,28,1,0.46551724137931033,neutral
LYILFFFC,17,11,1,0,28,1,0.46551724137931033,neutral
LCFYGFLV,13,15,1,0,28,1,0.46551724137931033,neutral
HFVCCFYC,20,8,1,0,28,1,0.46551724137931033,neutral
LCVIVFVY,21,7,0,1,28,1,0.46551724137931033,neutral
FFFCCIIY,20,8,0,1,28,1,0.46551724137931033,neutral
FCVIHLRL,18,10,1,0,28,1,0.46551724137931033,neutral
CLFLCICF,15,13,1,0,28,1,0.46551724137931033,neutral
CCFFLCFC,15,13,0,1,28,1,0.46551724137931033,neutral
FISFVFFY,22,6,0,1,28,1,0.46551724137931033,neutral
LCHFCCDS,46,40,16,16,86,32,0.46551724137931033,neutral
LFLCCFLS,19,9,0,1,28,1,0.46551724137931033,neutral
FVCIVFNV,19,9,1,0,28,1,0.46551724137931033,neutral
VIDVICCC,58,43,20,20,101,40,0.46564885496183206,neutral
YFGCGFVR,24,19,2,7,43,9,0.4657534246575342,neutral
NCNCLCSV,28,15,5,4,43,9,0.4657534246575342,neutral
CLHIGFVV,30,13,3,6,43,9,0.4657534246575342,neutral
DVLGSYLD,31,12,6,3,43,9,0.4657534246575342,neutral
NLILCLCV,23,20,1,8,43,9,0.4657534246575342,neutral
FLCCGCFD,24,19,4,5,43,9,0.4657534246575342,neutral
YLYCFSRH,30,13,3,6,43,9,0.4657534246575342,neutral
VRYNRYFR,28,15,6,3,43,9,0.4657534246575342,neutral
FYHDDYCN,25,18,4,5,43,9,0.4657534246575342,neutral
FRYCRLCV,29,14,4,5,43,9,0.4657534246575342,neutral
YFYDYDCF,23,20,3,6,43,9,0.4657534246575342,neutral
CRCDCFYC,24,19,5,4,43,9,0.4657534246575342,neutral
CCHFCSHS,31,12,2,7,43,9,0.4657534246575342,neutral
VYFVIDLV,30,13,5,4,43,9,0.4657534246575342,neutral
FFFDLVRF,30,13,6,3,43,9,0.4657534246575342,neutral
FCCFFCIG,28,15,4,5,43,9,0.4657534246575342,neutral
CFVCCICL,23,20,2,7,43,9,0.4657534246575342,neutral
YCVFCVHC,29,14,4,5,43,9,0.4657534246575342,neutral
YVNLRLIY,27,16,6,3,43,9,0.4657534246575342,neutral
DYCVFIRH,31,12,5,4,43,9,0.4657534246575342,neutral
VVCCFRRC,24,19,5,4,43,9,0.4657534246575342,neutral
CGCSCGGL,35,23,9,8,58,17,0.4659090909090909,neutral
CDGYSNCL,81,65,32,32,146,64,0.4659090909090909,neutral
DYDLGCDC,33,25,6,11,58,17,0.4659090909090909,neutral
CVSVFIIH,37,21,10,7,58,17,0.4659090909090909,neutral
YVFFYVSI,37,21,8,9,58,17,0.4659090909090909,neutral
CYGYCVLR,38,20,9,8,58,17,0.4659090909090909,neutral
CDYCVHRY,38,20,10,7,58,17,0.4659090909090909,neutral
YFFCYCVG,26,32,6,11,58,17,0.4659090909090909,neutral
YLCCVYGC,36,22,6,11,58,17,0.4659090909090909,neutral
CCFCRSIV,36,22,10,7,58,17,0.4659090909090909,neutral
DVYCIRFC,44,29,9,16,73,25,0.46601941747572817,neutral
GYYNVCVS,45,28,12,13,73,25,0.46601941747572817,neutral
YRVFGCYI,43,30,16,9,73,25,0.46601941747572817,neutral
VFGSCFDY,42,31,14,11,73,25,0.46601941747572817,neutral
HYLFDSDI,41,32,14,11,73,25,0.46601941747572817,neutral
CHVHIHCV,53,35,17,16,88,33,0.4661016949152542,neutral
FLCCGYVC,61,42,15,26,103,41,0.46616541353383456,neutral
FFSGIHFN,55,48,26,15,103,41,0.46616541353383456,neutral
IDDLYVVF,52,51,22,19,103,41,0.46616541353383456,neutral
FFFRCFDY,36,24,10,8,60,18,0.4666666666666667,neutral
YRFGGVIF,46,29,12,14,75,26,0.4666666666666667,neutral
CCCYFCVG,37,23,9,9,60,18,0.4666666666666667,neutral
NDLCICLR,42,33,13,13,75,26,0.4666666666666667,neutral
SVYHFCCY,31,14,7,3,45,10,0.4666666666666667,neutral
LFFFCLCY,16,14,0,2,30,2,0.4666666666666667,neutral
LRIYLIHI,21,9,2,0,30,2,0.4666666666666667,neutral
VFRYCIHY,20,10,1,1,30,2,0.4666666666666667,neutral
FRCYHCIG,19,11,0,2,30,2,0.4666666666666667,neutral
CLCCVGRG,37,23,10,8,60,18,0.4666666666666667,neutral
FIVFCICL,18,12,0,2,30,2,0.4666666666666667,neutral
GGFLIIFN,23,7,1,1,30,2,0.4666666666666667,neutral
FVVFIVSG,19,11,0,2,30,2,0.4666666666666667,neutral
FFGYFFLL,21,9,0,2,30,2,0.4666666666666667,neutral
YVCVLIRD,32,13,5,5,45,10,0.4666666666666667,neutral
IICFYSCL,23,7,0,2,30,2,0.4666666666666667,neutral
FFGFYRVF,20,10,1,1,30,2,0.4666666666666667,neutral
FYFCVCYC,21,9,2,0,30,2,0.4666666666666667,neutral
IFVCIIFG,19,11,0,2,30,2,0.4666666666666667,neutral
ICLGGNFR,88,77,36,38,165,74,0.4666666666666667,neutral
CVHYGYSG,27,18,4,6,45,10,0.4666666666666667,neutral
ICFRCCDF,50,40,14,20,90,34,0.4666666666666667,neutral
GFFCVYLY,20,10,2,0,30,2,0.4666666666666667,neutral
FIVFFRLF,22,8,1,1,30,2,0.4666666666666667,neutral
YLVDFYDV,24,21,5,5,45,10,0.4666666666666667,neutral
DFFCFFLF,21,9,0,2,30,2,0.4666666666666667,neutral
FCVFVFRC,19,11,0,2,30,2,0.4666666666666667,neutral
FSSSFRGY,35,25,9,9,60,18,0.4666666666666667,neutral
YYLVRLFH,20,10,2,0,30,2,0.4666666666666667,neutral
VCVIFSIH,19,11,2,0,30,2,0.4666666666666667,neutral
FDIIHVRY,26,19,4,6,45,10,0.4666666666666667,neutral
FYCLDCCY,30,15,7,3,45,10,0.4666666666666667,neutral
FRSCFFFI,17,13,1,1,30,2,0.4666666666666667,neutral
FCVFISIR,17,13,2,0,30,2,0.4666666666666667,neutral
FCLCCCCY,28,17,6,4,45,10,0.4666666666666667,neutral
NCCLHFNH,36,24,11,7,60,18,0.4666666666666667,neutral
CFIVRCVI,21,9,0,2,30,2,0.4666666666666667,neutral
YDFGYGVN,29,16,4,6,45,10,0.4666666666666667,neutral
VLYFRDGF,45,30,8,18,75,26,0.4666666666666667,neutral
CFFYCYLD,35,25,7,11,60,18,0.4666666666666667,neutral
VHRCNICC,62,58,22,28,120,50,0.4666666666666667,neutral
CFRFFYSF,20,10,0,2,30,2,0.4666666666666667,neutral
CNYDRFFC,32,13,8,2,45,10,0.4666666666666667,neutral
LFILNVYR,34,26,9,9,60,18,0.4666666666666667,neutral
YCCYGCHG,31,14,2,8,45,10,0.4666666666666667,neutral
VIFFCFFF,17,13,2,0,30,2,0.4666666666666667,neutral
YVFIICLY,21,9,1,1,30,2,0.4666666666666667,neutral
YYGVGHLC,26,19,5,5,45,10,0.4666666666666667,neutral
HVRFYCFC,20,10,2,0,30,2,0.4666666666666667,neutral
CVICRRLC,31,14,4,6,45,10,0.4666666666666667,neutral
YYNYGHYC,34,26,7,11,60,18,0.4666666666666667,neutral
LYHGFFIH,45,30,12,14,75,26,0.4666666666666667,neutral
RCCCCSHR,26,19,6,4,45,10,0.4666666666666667,neutral
GCGVCLIG,91,74,44,30,165,74,0.4666666666666667,neutral
FDLFHCCN,56,49,26,16,105,42,0.4666666666666667,neutral
CVFFCCVL,17,13,0,2,30,2,0.4666666666666667,neutral
IFHCIIDF,35,25,8,10,60,18,0.4666666666666667,neutral
YCFFCCHD,28,17,5,5,45,10,0.4666666666666667,neutral
HFFVCFHH,26,19,5,5,45,10,0.4666666666666667,neutral
FIYDYYRY,33,27,6,12,60,18,0.4666666666666667,neutral
DCFICFHC,53,37,17,17,90,34,0.4666666666666667,neutral
FYVIYFCF,20,10,1,1,30,2,0.4666666666666667,neutral
IYCVCCHC,29,16,7,3,45,10,0.4666666666666667,neutral
SVICLDFV,77,58,28,30,135,58,0.4666666666666667,neutral
GFCRCILY,33,27,9,9,60,18,0.4666666666666667,neutral
YFVFCICI,23,7,0,2,30,2,0.4666666666666667,neutral
CSVCCFVC,14,16,0,2,30,2,0.4666666666666667,neutral
FFFVCVSV,20,10,0,2,30,2,0.4666666666666667,neutral
YLYYLFCF,19,11,1,1,30,2,0.4666666666666667,neutral
IICDCVCS,37,23,8,10,60,18,0.4666666666666667,neutral
CGCCIRGH,24,21,5,5,45,10,0.4666666666666667,neutral
FCFDCGCN,32,13,7,3,45,10,0.4666666666666667,neutral
LFIGRSIY,26,19,6,4,45,10,0.4666666666666667,neutral
YGCIFCCF,16,14,0,2,30,2,0.4666666666666667,neutral
CVRCVVFL,17,13,2,0,30,2,0.4666666666666667,neutral
FHLFCFDH,55,50,23,19,105,42,0.4666666666666667,neutral
LRGFNSVY,84,68,29,38,152,67,0.46703296703296704,neutral
FFVCCSVG,70,52,18,33,122,51,0.46710526315789475,neutral
LDICFSHR,65,57,28,23,122,51,0.46710526315789475,neutral
CIIHVRSI,69,53,22,29,122,51,0.46710526315789475,neutral
CCFCSCSC,64,58,27,24,122,51,0.46710526315789475,neutral
CYGFCVGF,67,55,20,31,122,51,0.46710526315789475,neutral
CYGLLVDF,61,46,21,22,107,43,0.46715328467153283,neutral
FRVYRGFC,52,40,18,17,92,35,0.4672131147540984,neutral
FYLFGSCS,43,49,23,12,92,35,0.4672131147540984,neutral
FSCCHRYL,55,37,16,19,92,35,0.4672131147540984,neutral
CCVFSNNL,42,35,16,11,77,27,0.4672897196261682,neutral
YSCFGCIC,48,29,9,18,77,27,0.4672897196261682,neutral
FYVDHHHL,48,29,13,14,77,27,0.4672897196261682,neutral
ICHVYHDF,48,29,11,16,77,27,0.4672897196261682,neutral
YCHHDCHF,47,30,12,15,77,27,0.4672897196261682,neutral
CGCCVCDV,46,31,14,13,77,27,0.4672897196261682,neutral
CFVCHCHY,47,30,11,16,77,27,0.4672897196261682,neutral
FCYYVCFR,39,23,13,6,62,19,0.4673913043478261,neutral
RSYYDCGI,37,25,8,11,62,19,0.4673913043478261,neutral
DCCVYIRC,31,31,10,9,62,19,0.4673913043478261,neutral
CGRIGFFY,35,27,6,13,62,19,0.4673913043478261,neutral
GYHNYCGI,35,27,5,14,62,19,0.4673913043478261,neutral
CFVCLGFH,35,27,11,8,62,19,0.4673913043478261,neutral
NFFDYSIY,39,23,9,10,62,19,0.4673913043478261,neutral
ICCNSNCY,39,23,8,11,62,19,0.4673913043478261,neutral
HIFGCVFI,38,24,12,7,62,19,0.4673913043478261,neutral
IHGFNLFR,32,15,9,2,47,11,0.4675324675324675,neutral
FFLRLCHV,33,14,6,5,47,11,0.4675324675324675,neutral
YCLDGYCS,33,14,5,6,47,11,0.4675324675324675,neutral
CGIRGYCY,29,18,4,7,47,11,0.4675324675324675,neutral
ICHFVYRI,29,18,5,6,47,11,0.4675324675324675,neutral
CFYSCVIV,28,19,5,6,47,11,0.4675324675324675,neutral
FCFRSFYV,26,21,8,3,47,11,0.4675324675324675,neutral
CYGCNFVL,28,19,4,7,47,11,0.4675324675324675,neutral
FFFVGVCC,33,14,3,8,47,11,0.4675324675324675,neutral
CILFHLYC,31,16,7,4,47,11,0.4675324675324675,neutral
FNFDYFVR,29,18,6,5,47,11,0.4675324675324675,neutral
VDYVVRHF,26,21,7,4,47,11,0.4675324675324675,neutral
DDFYGCCF,27,20,2,9,47,11,0.4675324675324675,neutral
YDCCLCRL,32,15,6,5,47,11,0.4675324675324675,neutral
YILFSSNN,26,21,7,4,47,11,0.4675324675324675,neutral
YNVIVYFS,22,10,0,3,32,3,0.46774193548387094,neutral
NIYCFCYL,22,10,1,2,32,3,0.46774193548387094,neutral
VYYGNCGV,18,14,1,2,32,3,0.46774193548387094,neutral
FSCFFCSF,20,12,2,1,32,3,0.46774193548387094,neutral
FICCSFIF,25,7,1,2,32,3,0.46774193548387094,neutral
VIFFFVLS,23,9,2,1,32,3,0.46774193548387094,neutral
YCNFCCRC,23,9,1,2,32,3,0.46774193548387094,neutral
FFFRFSFS,18,14,1,2,32,3,0.46774193548387094,neutral
VYRFLRFH,56,38,16,20,94,36,0.46774193548387094,neutral
FFCIFCSR,16,16,0,3,32,3,0.46774193548387094,neutral
CYFFVFCD,25,7,1,2,32,3,0.46774193548387094,neutral
ICVFYFSN,20,12,2,1,32,3,0.46774193548387094,neutral
DYVFFYCL,21,11,2,1,32,3,0.46774193548387094,neutral
IIVNIVCH,22,10,2,1,32,3,0.46774193548387094,neutral
LFFCLFVH,23,9,3,0,32,3,0.46774193548387094,neutral
IYICHFYL,19,13,3,0,32,3,0.46774193548387094,neutral
YFDVYIRF,19,13,1,2,32,3,0.46774193548387094,neutral
FCCFVFGL,18,14,3,0,32,3,0.46774193548387094,neutral
LSSVSCYV,54,40,20,16,94,36,0.46774193548387094,neutral
CVFILICG,15,17,1,2,32,3,0.46774193548387094,neutral
CFCFCYFF,20,12,2,1,32,3,0.46774193548387094,neutral
CVYYFVLG,21,11,2,1,32,3,0.46774193548387094,neutral
CCLVCLRF,18,14,1,2,32,3,0.46774193548387094,neutral
GCVGCCFF,16,16,0,3,32,3,0.46774193548387094,neutral
GYVIVLVL,24,8,2,1,32,3,0.46774193548387094,neutral
LYCFCFCR,23,9,3,0,32,3,0.46774193548387094,neutral
RSVCCILF,24,8,1,2,32,3,0.46774193548387094,neutral
LFCIGCYR,18,14,2,1,32,3,0.46774193548387094,neutral
FYFCCYLL,17,15,2,1,32,3,0.46774193548387094,neutral
CIVCRFGV,15,17,1,2,32,3,0.46774193548387094,neutral
YLFYVVCC,21,11,2,1,32,3,0.46774193548387094,neutral
FCYYYIGF,18,14,2,1,32,3,0.46774193548387094,neutral
CVLVFFGF,24,8,1,2,32,3,0.46774193548387094,neutral
CIFCCCYC,18,14,3,0,32,3,0.46774193548387094,neutral
CGCFICIF,20,12,0,3,32,3,0.46774193548387094,neutral
SYVRDFFY,49,30,6,22,79,28,0.46788990825688076,neutral
FISHHCCV,43,36,14,14,79,28,0.46788990825688076,neutral
CYNCGGGC,42,37,13,15,79,28,0.46788990825688076,neutral
RFVICVIY,47,32,10,18,79,28,0.46788990825688076,neutral
SVCCLLVR,47,32,12,16,79,28,0.46788990825688076,neutral
FICRVCIG,43,36,13,15,79,28,0.46788990825688076,neutral
CNFCFGCF,49,30,13,15,79,28,0.46788990825688076,neutral
CHYIDCFI,47,32,12,16,79,28,0.46788990825688076,neutral
CCFVSCVG,46,33,12,16,79,28,0.46788990825688076,neutral
YIRLGSHR,71,55,22,31,126,53,0.46794871794871795,neutral
LDVIRYFR,41,23,12,8,64,20,0.46808510638297873,neutral
FYGSHCVC,40,24,12,8,64,20,0.46808510638297873,neutral
IYCVSIDF,40,24,9,11,64,20,0.46808510638297873,neutral
FFSGYNGN,40,24,11,9,64,20,0.46808510638297873,neutral
FCCCFGNC,34,30,6,14,64,20,0.46808510638297873,neutral
GIIYCCGN,38,26,7,13,64,20,0.46808510638297873,neutral
SDDCFCSC,63,48,22,23,111,45,0.46808510638297873,neutral
NRGYYFIV,34,30,8,12,64,20,0.46808510638297873,neutral
FRCFCVNG,65,46,20,25,111,45,0.46808510638297873,neutral
YGNCHCCG,36,28,10,10,64,20,0.46808510638297873,neutral
CSHVYYVS,51,45,14,23,96,37,0.46825396825396826,neutral
CIICSSVF,51,45,11,26,96,37,0.46825396825396826,neutral
YYHHYCRV,55,41,14,23,96,37,0.46825396825396826,neutral
FFGHNFSD,52,44,13,24,96,37,0.46825396825396826,neutral
FCDFGVSD,52,44,17,20,96,37,0.46825396825396826,neutral
DCFLNGSY,29,20,7,5,49,12,0.46835443037974683,neutral
VFFLFGCN,29,20,7,5,49,12,0.46835443037974683,neutral
HVYDFCGG,32,17,5,7,49,12,0.46835443037974683,neutral
LYFCFCLD,34,15,7,5,49,12,0.46835443037974683,neutral
FCYCCCCG,32,17,6,6,49,12,0.46835443037974683,neutral
NCHCFGLR,34,15,5,7,49,12,0.46835443037974683,neutral
VYHSGFGL,30,19,6,6,49,12,0.46835443037974683,neutral
FHVGFRIF,32,17,8,4,49,12,0.46835443037974683,neutral
FCVCDYGH,29,20,3,9,49,12,0.46835443037974683,neutral
FNLCYYCV,29,20,4,8,49,12,0.46835443037974683,neutral
ILDLFVDY,31,18,3,9,49,12,0.46835443037974683,neutral
FYRNLCVD,29,20,5,7,49,12,0.46835443037974683,neutral
YSVCHCVF,27,22,6,6,49,12,0.46835443037974683,neutral
CSLYCFGV,73,55,24,30,128,54,0.46835443037974683,neutral
RDCFHIVF,69,59,26,28,128,54,0.46835443037974683,neutral
FGIYCVLG,30,19,7,5,49,12,0.46835443037974683,neutral
YIVCVFCG,30,19,9,3,49,12,0.46835443037974683,neutral
FCVFVLFC,25,24,5,7,49,12,0.46835443037974683,neutral
FCRCGNCS,28,21,3,9,49,12,0.46835443037974683,neutral
GGCFGCFN,34,15,5,7,49,12,0.46835443037974683,neutral
NCVFFVIL,28,21,7,5,49,12,0.46835443037974683,neutral
FGCCICSN,28,21,5,7,49,12,0.46835443037974683,neutral
VFFSCYVD,30,19,3,9,49,12,0.46835443037974683,neutral
LFGFFCSG,44,37,16,13,81,29,0.46846846846846846,neutral
IHIDFVHF,48,33,15,14,81,29,0.46846846846846846,neutral
RYGFCDDV,47,34,12,17,81,29,0.46846846846846846,neutral
VCSRFFYR,49,32,12,17,81,29,0.46846846846846846,neutral
CHCNYRCG,47,34,13,16,81,29,0.46846846846846846,neutral
FCVYNVCL,47,34,17,12,81,29,0.46846846846846846,neutral
CLVICDCC,66,47,23,23,113,46,0.46853146853146854,neutral
CIDFCYCS,64,49,26,20,113,46,0.46853146853146854,neutral
FCIYHFVC,23,11,4,0,34,4,0.46875,neutral
CNVVYFSF,19,15,3,1,34,4,0.46875,neutral
ICSVFFHY,42,24,8,13,66,21,0.46875,neutral
CCLLLIFI,19,15,1,3,34,4,0.46875,neutral
FILFGFFV,24,10,1,3,34,4,0.46875,neutral
FFCDCHFF,41,25,5,16,66,21,0.46875,neutral
CVFYICGL,24,10,3,1,34,4,0.46875,neutral
CFVFFHFG,18,16,1,3,34,4,0.46875,neutral
VFFLFCYI,21,13,4,0,34,4,0.46875,neutral
IFCCGCCH,21,13,3,1,34,4,0.46875,neutral
VVVLVCGL,21,13,2,2,34,4,0.46875,neutral
IIVLFCCF,24,10,3,1,34,4,0.46875,neutral
VFFCFYVY,23,11,3,1,34,4,0.46875,neutral
LVVCVGRF,26,8,3,1,34,4,0.46875,neutral
CIVLLCCC,23,11,0,4,34,4,0.46875,neutral
FFYGFFHC,24,10,3,1,34,4,0.46875,neutral
FCDYYFVC,26,8,1,3,34,4,0.46875,neutral
GIVVCIRN,19,15,3,1,34,4,0.46875,neutral
FCFCFLSC,20,14,2,2,34,4,0.46875,neutral
FHCLVCVL,21,13,2,2,34,4,0.46875,neutral
LYLCVYCL,19,15,1,3,34,4,0.46875,neutral
VCDFFFCI,21,13,3,1,34,4,0.46875,neutral
FYYLFCLL,23,11,2,2,34,4,0.46875,neutral
IDCFDSCY,39,27,10,11,66,21,0.46875,neutral
HCLYLYCC,24,10,2,2,34,4,0.46875,neutral
DFFFCIHI,25,9,2,2,34,4,0.46875,neutral
IYCFVLGF,21,13,0,4,34,4,0.46875,neutral
FFVDYILI,22,12,2,2,34,4,0.46875,neutral
FISYGFYF,15,19,1,3,34,4,0.46875,neutral
LDRFFFGF,33,33,12,9,66,21,0.46875,neutral
ISYLGCGD,71,59,29,26,130,55,0.46875,neutral
SCCSCGRL,42,24,10,11,66,21,0.46875,neutral
LYFCRVSC,42,24,9,12,66,21,0.46875,neutral
YSVSLCCF,66,49,14,33,115,47,0.4689655172413793,neutral
HCCCGGYN,59,56,23,24,115,47,0.4689655172413793,neutral
GFYSSFCH,51,32,13,17,83,30,0.4690265486725664,neutral
FFVYCNSL,49,34,11,19,83,30,0.4690265486725664,neutral
HYRFVVYD,51,32,17,13,83,30,0.4690265486725664,neutral
FFYCDLCH,35,16,7,6,51,13,0.4691358024691358,neutral
NCVYYVFD,29,22,3,10,51,13,0.4691358024691358,neutral
CCRHCGCC,26,25,5,8,51,13,0.4691358024691358,neutral
YCIFCLHD,26,25,3,10,51,13,0.4691358024691358,neutral
IFCFCCVY,32,19,6,7,51,13,0.4691358024691358,neutral
LYCCCVCI,22,29,3,10,51,13,0.4691358024691358,neutral
RYVGSNFY,32,19,7,6,51,13,0.4691358024691358,neutral
FFRVCYHL,33,18,8,5,51,13,0.4691358024691358,neutral
GFFLVLNS,35,16,3,10,51,13,0.4691358024691358,neutral
NFVCSLRF,30,21,6,7,51,13,0.4691358024691358,neutral
YVYCRCVF,31,20,5,8,51,13,0.4691358024691358,neutral
FFFNCDFF,33,18,5,8,51,13,0.4691358024691358,neutral
VNLVLVFR,33,18,4,9,51,13,0.4691358024691358,neutral
HCHCLGNC,33,18,8,5,51,13,0.4691358024691358,neutral
CYRVCLRY,29,22,10,3,51,13,0.4691358024691358,neutral
VFLYLHIV,31,20,5,8,51,13,0.4691358024691358,neutral
CDLLRLDL,71,61,23,33,132,56,0.4691358024691358,neutral
VFFCFCGG,32,19,6,7,51,13,0.4691358024691358,neutral
CLVCHGVC,32,19,6,7,51,13,0.4691358024691358,neutral
VIVCIYCI,30,21,6,7,51,13,0.4691358024691358,neutral
CIGVYIGL,29,22,5,8,51,13,0.4691358024691358,neutral
YSCFVVDF,32,19,4,9,51,13,0.4691358024691358,neutral
YNCGCCLC,32,19,6,7,51,13,0.4691358024691358,neutral
LVVLSCIC,28,23,7,6,51,13,0.4691358024691358,neutral
CYCFHCYG,33,18,8,5,51,13,0.4691358024691358,neutral
SSGCYVCF,59,41,16,23,100,39,0.46923076923076923,neutral
DYCRRCCN,58,42,20,19,100,39,0.46923076923076923,neutral
VLVDVCGY,56,44,20,19,100,39,0.46923076923076923,neutral
FYDCNIHC,52,48,14,25,100,39,0.46923076923076923,neutral
VHGYGVFR,58,42,17,22,100,39,0.46923076923076923,neutral
CGLGIYGY,57,43,16,23,100,39,0.46923076923076923,neutral
LSGYGHII,56,44,17,22,100,39,0.46923076923076923,neutral
YIFVCGFR,43,25,8,14,68,22,0.46938775510204084,neutral
FRRGHYDD,39,29,10,12,68,22,0.46938775510204084,neutral
ICFVFYGD,34,34,10,12,68,22,0.46938775510204084,neutral
VGFHRDYC,42,26,14,8,68,22,0.46938775510204084,neutral
FRHIGNHF,43,25,12,10,68,22,0.46938775510204084,neutral
VFFSVHGH,43,25,8,14,68,22,0.46938775510204084,neutral
FFVVFGYG,40,28,11,11,68,22,0.46938775510204084,neutral
YFCCFGGI,42,26,11,11,68,22,0.46938775510204084,neutral
CFNFCFDV,43,25,16,6,68,22,0.46938775510204084,neutral
CSICRLSF,42,26,11,11,68,22,0.46938775510204084,neutral
FVCDFCCG,40,28,11,11,68,22,0.46938775510204084,neutral
FNVCCYNG,67,50,27,21,117,48,0.46938775510204084,neutral
FCSFCDYD,37,31,7,15,68,22,0.46938775510204084,neutral
VLYYYCGN,34,34,11,11,68,22,0.46938775510204084,neutral
FYNFINVC,76,58,28,29,134,57,0.4695121951219512,neutral
VHIRCCYC,50,35,10,21,85,31,0.46956521739130436,neutral
LFDRCYGL,51,34,12,19,85,31,0.46956521739130436,neutral
CVCNCVII,47,38,16,15,85,31,0.46956521739130436,neutral
IFIYGLGI,44,41,11,20,85,31,0.46956521739130436,neutral
FCGIVFCG,49,36,16,15,85,31,0.46956521739130436,neutral
LLGSFCNL,79,72,41,25,151,66,0.4696132596685083,neutral
FRCCYFDF,21,15,2,3,36,5,0.4696969696969697,neutral
FCIYVYDH,17,19,2,3,36,5,0.4696969696969697,neutral
CDFLIILF,26,10,4,1,36,5,0.4696969696969697,neutral
YFVCSCFF,25,11,2,3,36,5,0.4696969696969697,neutral
CFGFGVHN,48,54,25,15,102,40,0.4696969696969697,neutral
SCVIISFR,23,13,1,4,36,5,0.4696969696969697,neutral
FHVFLFLY,19,17,1,4,36,5,0.4696969696969697,neutral
RCCFVCSC,16,20,2,3,36,5,0.4696969696969697,neutral
FILVHFSC,22,14,4,1,36,5,0.4696969696969697,neutral
DVCLFFLI,21,15,3,2,36,5,0.4696969696969697,neutral
VIYFRHGG,24,12,4,1,36,5,0.4696969696969697,neutral
CCSSYLNF,24,12,1,4,36,5,0.4696969696969697,neutral
YCSYRVFL,21,15,3,2,36,5,0.4696969696969697,neutral
CVLLGCCS,21,15,5,0,36,5,0.4696969696969697,neutral
FFVVSVVY,25,11,0,5,36,5,0.4696969696969697,neutral
CIFIGFCY,23,13,2,3,36,5,0.4696969696969697,neutral
YHNYYIVL,25,11,3,2,36,5,0.4696969696969697,neutral
FFVVCSVC,17,19,2,3,36,5,0.4696969696969697,neutral
DCFVILFY,19,17,1,4,36,5,0.4696969696969697,neutral
CYFCFHRY,24,12,2,3,36,5,0.4696969696969697,neutral
SCICLYFV,27,9,4,1,36,5,0.4696969696969697,neutral
VGFCVYLI,20,16,3,2,36,5,0.4696969696969697,neutral
VLILIFRY,22,14,3,2,36,5,0.4696969696969697,neutral
VHYICCFC,27,9,2,3,36,5,0.4696969696969697,neutral
RCCCCIVF,25,11,0,5,36,5,0.4696969696969697,neutral
FSCCVFCV,21,15,3,2,36,5,0.4696969696969697,neutral
FCHFCLCF,23,13,3,2,36,5,0.4696969696969697,neutral
FVCVFIRV,22,14,2,3,36,5,0.4696969696969697,neutral
IDFGYDFN,69,50,23,26,119,49,0.4697986577181208,neutral
YRIRLICN,33,20,7,7,53,14,0.46987951807228917,neutral
YGLYVRHG,29,24,6,8,53,14,0.46987951807228917,neutral
CVNCFRIG,30,23,6,8,53,14,0.46987951807228917,neutral
GIVFVYDF,26,27,9,5,53,14,0.46987951807228917,neutral
FRIHFVNH,35,18,6,8,53,14,0.46987951807228917,neutral
YISGNHCF,36,17,6,8,53,14,0.46987951807228917,neutral
LCCGYFSL,36,17,6,8,53,14,0.46987951807228917,neutral
FSYGYCCD,31,22,6,8,53,14,0.46987951807228917,neutral
CFCCCCGY,33,20,5,9,53,14,0.46987951807228917,neutral
CRVCCRVI,28,25,5,9,53,14,0.46987951807228917,neutral
CCGYGFRV,44,26,9,14,70,23,0.47,neutral
GCVVYVSG,37,33,13,10,70,23,0.47,neutral
FGFRLFDL,44,26,11,12,70,23,0.47,neutral
VLFCRYFC,42,28,11,12,70,23,0.47,neutral
GCSCSNCL,36,34,9,14,70,23,0.47,neutral
VCCYDHRY,39,31,13,10,70,23,0.47,neutral
CLYHCGIR,43,27,11,12,70,23,0.47,neutral
CFCDVYRV,47,40,11,21,87,32,0.4700854700854701,neutral
CGYRYFSF,53,34,17,15,87,32,0.4700854700854701,neutral
VFVCRLNL,46,41,18,14,87,32,0.4700854700854701,neutral
FFYFVYYN,49,38,16,16,87,32,0.4700854700854701,neutral
FIDYCGVC,55,49,14,27,104,41,0.4701492537313433,neutral
VCLDVCRY,58,46,13,28,104,41,0.4701492537313433,neutral
FVVCCGLL,58,46,15,26,104,41,0.4701492537313433,neutral
LHDFVIRY,64,57,25,25,121,50,0.47019867549668876,neutral
FCCGCVRS,74,64,23,36,138,59,0.47023809523809523,neutral
CRFYSCYY,45,27,12,12,72,24,0.47058823529411764,neutral
VLCCVCNV,50,39,11,22,89,33,0.47058823529411764,neutral
FRGGFCCC,41,31,15,9,72,24,0.47058823529411764,neutral
VIFYNFRC,26,12,1,5,38,6,0.47058823529411764,neutral
FCSIYYCF,20,18,4,2,38,6,0.47058823529411764,neutral
HICSCCGL,32,23,6,9,55,15,0.47058823529411764,neutral
DNRCCGFC,35,20,6,9,55,15,0.47058823529411764,neutral
HHYICFCH,31,24,6,9,55,15,0.47058823529411764,neutral
VCYYGLCV,43,29,12,12,72,24,0.47058823529411764,neutral
YLFCYFFC,20,18,2,4,38,6,0.47058823529411764,neutral
YRCYIRCF,28,10,2,4,38,6,0.47058823529411764,neutral
CVCGYCFY,23,15,3,3,38,6,0.47058823529411764,neutral
RSYFVYIL,24,14,3,3,38,6,0.47058823529411764,neutral
CCLHSGVG,59,47,25,17,106,42,0.47058823529411764,neutral
FFVRCFRG,33,22,10,5,55,15,0.47058823529411764,neutral
GCCCVCCI,48,41,17,16,89,33,0.47058823529411764,neutral
FFFCHGCL,25,13,5,1,38,6,0.47058823529411764,neutral
NVFFRLDD,36,19,7,8,55,15,0.47058823529411764,neutral
HDGLCFDC,54,35,14,19,89,33,0.47058823529411764,neutral
NYFCVINR,21,17,2,4,38,6,0.47058823529411764,neutral
IHCCYFCH,28,10,1,5,38,6,0.47058823529411764,neutral
YILIVCVV,22,16,1,5,38,6,0.47058823529411764,neutral
GFLCLYLR,25,13,4,2,38,6,0.47058823529411764,neutral
RCYYCCDG,29,26,8,7,55,15,0.47058823529411764,neutral
CVVCHCDC,36,19,5,10,55,15,0.47058823529411764,neutral
FCHYVRGY,33,22,7,8,55,15,0.47058823529411764,neutral
YLFSVYGF,36,19,5,10,55,15,0.47058823529411764,neutral
LCCIIYLD,21,17,4,2,38,6,0.47058823529411764,neutral
LFGGYSFD,30,25,7,8,55,15,0.47058823529411764,neutral
LCCRVCCV,22,16,3,3,38,6,0.47058823529411764,neutral
YVCCVVIH,27,11,3,3,38,6,0.47058823529411764,neutral
VYGIFDID,41,31,12,12,72,24,0.47058823529411764,neutral
LYCCLCGL,27,11,3,3,38,6,0.47058823529411764,neutral
IVFCCVDC,37,18,5,10,55,15,0.47058823529411764,neutral
FCFCDYCV,35,37,10,14,72,24,0.47058823529411764,neutral
SGCLCIVI,32,23,9,6,55,15,0.47058823529411764,neutral
CIYIFVCH,26,12,2,4,38,6,0.47058823529411764,neutral
CLRYLVYC,30,25,10,5,55,15,0.47058823529411764,neutral
CFYLCYDI,36,19,6,9,55,15,0.47058823529411764,neutral
CGCGICCR,41,31,15,9,72,24,0.47058823529411764,neutral
YDNDDFLN,41,31,7,17,72,24,0.47058823529411764,neutral
CNCCLGGY,28,10,3,3,38,6,0.47058823529411764,neutral
VHCDSFGY,34,38,15,9,72,24,0.47058823529411764,neutral
LCDNFFRF,52,37,17,16,89,33,0.47058823529411764,neutral
FICCCSVH,45,27,10,14,72,24,0.47058823529411764,neutral
CIGRFFYV,70,53,19,32,123,51,0.47058823529411764,neutral
DNFHCLHL,80,62,26,35,142,61,0.47093023255813954,neutral
HCFHNGHL,70,55,25,27,125,52,0.47096774193548385,neutral
RDILCFGI,62,46,21,22,108,43,0.47101449275362317,neutral
IDCSVHGF,62,46,19,24,108,43,0.47101449275362317,neutral
FVFCCFSD,58,50,16,27,108,43,0.47101449275362317,neutral
HYCFHDDC,63,45,24,19,108,43,0.47101449275362317,neutral
CYVVNCNF,54,37,14,20,91,34,0.47107438016528924,neutral
NNIDIYDG,54,37,16,18,91,34,0.47107438016528924,neutral
FNDNFHRY,52,39,19,15,91,34,0.47107438016528924,neutral
SHFFFIGC,53,38,14,20,91,34,0.47107438016528924,neutral
FRGYLFCL,54,37,14,20,91,34,0.47107438016528924,neutral
FDCCGYDY,49,42,17,17,91,34,0.47107438016528924,neutral
GNCYGCGL,41,33,11,14,74,25,0.47115384615384615,neutral
IVCVSDYI,42,32,18,7,74,25,0.47115384615384615,neutral
LYRGLVRF,42,32,14,11,74,25,0.47115384615384615,neutral
FLFYHLRG,42,32,14,11,74,25,0.47115384615384615,neutral
IDYGVYFI,43,31,9,16,74,25,0.47115384615384615,neutral
YGVFVSRR,37,37,17,8,74,25,0.47115384615384615,neutral
FDGFCDCH,89,72,37,34,161,71,0.4712041884816754,neutral
FIGDCYVN,31,26,9,7,57,16,0.47126436781609193,neutral
VGGYSYYV,33,24,7,9,57,16,0.47126436781609193,neutral
FYGDDCVI,30,27,8,8,57,16,0.47126436781609193,neutral
RCCLCYLR,32,25,11,5,57,16,0.47126436781609193,neutral
CCSYCVGH,35,22,6,10,57,16,0.47126436781609193,neutral
YIHYFSIV,35,22,10,6,57,16,0.47126436781609193,neutral
FCCFDLFL,35,22,5,11,57,16,0.47126436781609193,neutral
FYHHCYGN,36,21,5,11,57,16,0.47126436781609193,neutral
FCCIGCRV,32,25,8,8,57,16,0.47126436781609193,neutral
VSGCYCGC,72,55,25,28,127,53,0.4713375796178344,neutral
LYSSFFGL,73,54,23,30,127,53,0.4713375796178344,neutral
CCCDVRGY,72,55,27,26,127,53,0.4713375796178344,neutral
DYIHGDII,72,55,29,24,127,53,0.4713375796178344,neutral
RCIIIHVV,27,13,1,6,40,7,0.4714285714285714,neutral
FFCDCCDL,25,15,4,3,40,7,0.4714285714285714,neutral
DCFGSDGF,22,18,6,1,40,7,0.4714285714285714,neutral
CCFCCYYV,24,16,3,4,40,7,0.4714285714285714,neutral
ILHCVLCC,29,11,3,4,40,7,0.4714285714285714,neutral
FGFFRFVY,28,12,4,3,40,7,0.4714285714285714,neutral
LHFVLCNC,25,15,6,1,40,7,0.4714285714285714,neutral
LYNCGLCL,23,17,3,4,40,7,0.4714285714285714,neutral
LYGFDVGY,23,17,3,4,40,7,0.4714285714285714,neutral
DCDVYGRY,24,16,2,5,40,7,0.4714285714285714,neutral
CVCYLSFV,23,17,5,2,40,7,0.4714285714285714,neutral
LFIIIFNF,23,17,2,5,40,7,0.4714285714285714,neutral
YDCGSLRY,25,15,3,4,40,7,0.4714285714285714,neutral
FNLGGVIY,21,19,4,3,40,7,0.4714285714285714,neutral
FVCYNDLH,21,19,5,2,40,7,0.4714285714285714,neutral
YVLICIDS,28,12,5,2,40,7,0.4714285714285714,neutral
FYYCVIYN,21,19,1,6,40,7,0.4714285714285714,neutral
FIVGCVYL,23,17,2,5,40,7,0.4714285714285714,neutral
IFVCYFHL,24,16,4,3,40,7,0.4714285714285714,neutral
FVNGSGRS,24,16,4,3,40,7,0.4714285714285714,neutral
NCYVIHRI,27,13,5,2,40,7,0.4714285714285714,neutral
LDVCYVCR,50,43,16,19,93,35,0.4715447154471545,neutral
NIVISDCY,55,38,16,19,93,35,0.4715447154471545,neutral
YFRVNYFV,43,33,13,13,76,26,0.4716981132075472,neutral
FNCHLFGY,39,37,10,16,76,26,0.4716981132075472,neutral
FVSVCYGV,65,64,18,36,129,54,0.4716981132075472,neutral
RCCFSHCC,47,29,12,14,76,26,0.4716981132075472,neutral
INNCSFFR,74,55,23,31,129,54,0.4716981132075472,neutral
VVCCYRGF,46,30,11,15,76,26,0.4716981132075472,neutral
GGCGCHFY,71,58,30,24,129,54,0.4716981132075472,neutral
HSRCNCCG,41,35,14,12,76,26,0.4716981132075472,neutral
NSCNCVCG,74,55,21,33,129,54,0.4716981132075472,neutral
RCCIYVHC,44,32,11,15,76,26,0.4716981132075472,neutral
RCFVCGDL,45,31,13,13,76,26,0.4716981132075472,neutral
FRCRGVYV,60,52,19,26,112,45,0.47183098591549294,neutral
FVFGGVCH,59,53,21,24,112,45,0.47183098591549294,neutral
DLGIVFDY,36,23,8,9,59,17,0.47191011235955055,neutral
CLFNYGVC,37,22,10,7,59,17,0.47191011235955055,neutral
CFFCYFSD,37,22,10,7,59,17,0.47191011235955055,neutral
CHCCCDFS,38,21,12,5,59,17,0.47191011235955055,neutral
RYCGIFHY,34,25,8,9,59,17,0.47191011235955055,neutral
IIVYCNYH,38,21,7,10,59,17,0.47191011235955055,neutral
FNSGYFRH,38,21,8,9,59,17,0.47191011235955055,neutral
FVGIHFDC,32,27,6,11,59,17,0.47191011235955055,neutral
CIHRLVCG,37,22,7,10,59,17,0.47191011235955055,neutral
LCFCCHVI,35,24,8,9,59,17,0.47191011235955055,neutral
LFCCCSFI,36,23,8,9,59,17,0.47191011235955055,neutral
CINLIFGF,33,26,6,11,59,17,0.47191011235955055,neutral
YLCGFRRF,37,22,9,8,59,17,0.47191011235955055,neutral
VCICLIRN,36,23,10,7,59,17,0.47191011235955055,neutral
FCHCFVYI,39,20,12,5,59,17,0.47191011235955055,neutral
DYICCLYR,34,25,5,12,59,17,0.47191011235955055,neutral
FGIVGVYR,36,23,7,10,59,17,0.47191011235955055,neutral
NDYCHRGY,35,24,5,12,59,17,0.47191011235955055,neutral
LHRVYCID,55,40,18,18,95,36,0.472,neutral
CHCHGHSD,93,74,35,39,167,74,0.4720812182741117,neutral
FFCCGVIR,36,42,14,13,78,27,0.4722222222222222,neutral
HGLVGYGF,65,49,25,21,114,46,0.4722222222222222,neutral
CGYIFCFG,21,21,4,4,42,8,0.4722222222222222,neutral
VCCYVYSI,64,50,20,26,114,46,0.4722222222222222,neutral
FFCCYVLD,29,13,3,5,42,8,0.4722222222222222,neutral
FYSYVYVC,24,18,6,2,42,8,0.4722222222222222,neutral
FLFCFCNG,25,17,4,4,42,8,0.4722222222222222,neutral
YCYCHVYL,19,23,4,4,42,8,0.4722222222222222,neutral
FCVFCCRD,28,14,5,3,42,8,0.4722222222222222,neutral
RFDFLVFD,25,17,4,4,42,8,0.4722222222222222,neutral
FSIFIDIY,29,13,3,5,42,8,0.4722222222222222,neutral
CCNDFYYY,38,40,11,16,78,27,0.4722222222222222,neutral
GFVYFRCC,22,20,1,7,42,8,0.4722222222222222,neutral
VCIFYCLV,28,14,5,3,42,8,0.4722222222222222,neutral
FCLVFGIV,29,13,6,2,42,8,0.4722222222222222,neutral
RFHYDGLH,66,48,22,24,114,46,0.4722222222222222,neutral
FDLHINYR,26,16,4,4,42,8,0.4722222222222222,neutral
FYVVCCLV,29,13,0,8,42,8,0.4722222222222222,neutral
LICCNICS,24,18,6,2,42,8,0.4722222222222222,neutral
YCGFSDNY,27,15,4,4,42,8,0.4722222222222222,neutral
FVGHGVIY,25,17,4,4,42,8,0.4722222222222222,neutral
FVCNCLDL,64,50,21,25,114,46,0.4722222222222222,neutral
DCSFDGNF,46,32,14,13,78,27,0.4722222222222222,neutral
FIYVGYVS,39,39,15,12,78,27,0.4722222222222222,neutral
FDSSGNFI,28,14,4,4,42,8,0.4722222222222222,neutral
CFVVCCSC,25,17,4,4,42,8,0.4722222222222222,neutral
LVLVCLYC,25,17,4,4,42,8,0.4722222222222222,neutral
FRFVICFF,18,24,4,4,42,8,0.4722222222222222,neutral
HNFVCGCV,75,58,26,30,133,56,0.4723926380368098,neutral
GFIFSCSN,57,40,23,14,97,37,0.47244094488188976,neutral
FFFISGDC,58,39,18,19,97,37,0.47244094488188976,neutral
DHYFYFGI,46,51,16,21,97,37,0.47244094488188976,neutral
GLIFCVGR,58,39,18,19,97,37,0.47244094488188976,neutral
CCVCCDNC,56,41,15,22,97,37,0.47244094488188976,neutral
LYINHCGG,38,23,7,11,61,18,0.4725274725274725,neutral
FYDHRIVD,37,24,8,10,61,18,0.4725274725274725,neutral
YNVLLCHY,39,22,9,9,61,18,0.4725274725274725,neutral
VSCHSIYD,36,25,11,7,61,18,0.4725274725274725,neutral
GFYSRHLF,30,31,9,9,61,18,0.4725274725274725,neutral
CHRCFVFY,40,21,8,10,61,18,0.4725274725274725,neutral
FYCYCCNH,38,23,5,13,61,18,0.4725274725274725,neutral
FCCNFNRF,40,21,5,13,61,18,0.4725274725274725,neutral
FLLSCDHF,80,72,33,33,152,66,0.4725274725274725,neutral
CYVYCYSD,35,26,5,13,61,18,0.4725274725274725,neutral
LDGYFICV,35,26,9,9,61,18,0.4725274725274725,neutral
DVVGDLHY,39,22,11,7,61,18,0.4725274725274725,neutral
VFHDCNFH,95,76,32,44,171,76,0.472636815920398,neutral
FYDCCDFV,49,31,14,14,80,28,0.4727272727272727,neutral
YFFVHCDI,46,34,16,12,80,28,0.4727272727272727,neutral
NCCRCGLY,45,35,13,15,80,28,0.4727272727272727,neutral
FINHYRCR,49,31,10,18,80,28,0.4727272727272727,neutral
CFLGDFNG,58,41,17,21,99,38,0.4728682170542636,neutral
FCLCFSFS,58,41,19,19,99,38,0.4728682170542636,neutral
YCFYGLRL,57,42,18,20,99,38,0.4728682170542636,neutral
DHCVCYGC,122,106,48,58,228,106,0.4728682170542636,neutral
LCGSNILD,56,43,20,18,99,38,0.4728682170542636,neutral
CCCRFVDV,58,41,17,21,99,38,0.4728682170542636,neutral
VSCCHCVN,95,78,37,40,173,77,0.4729064039408867,neutral
IVFHGVCY,67,51,20,28,118,48,0.47297297297297297,neutral
LCNYNFGR,31,13,3,6,44,9,0.47297297297297297,neutral
CCICGGFV,24,20,5,4,44,9,0.47297297297297297,neutral
YHRFIFIV,26,18,6,3,44,9,0.47297297297297297,neutral
CFCNRDSC,67,51,17,31,118,48,0.47297297297297297,neutral
NYFVNNGF,26,18,3,6,44,9,0.47297297297297297,neutral
SYCNHVDF,29,15,6,3,44,9,0.47297297297297297,neutral
FLFDNSCH,27,17,6,3,44,9,0.47297297297297297,neutral
VYCGCIYF,30,14,6,3,44,9,0.47297297297297297,neutral
FCFCVFCH,27,17,8,1,44,9,0.47297297297297297,neutral
IVCCYIDF,23,21,3,6,44,9,0.47297297297297297,neutral
FFYHFRYI,27,17,4,5,44,9,0.47297297297297297,neutral
YYHVVYDV,31,13,3,6,44,9,0.47297297297297297,neutral
YVFVCGYC,25,19,3,6,44,9,0.47297297297297297,neutral
GYSLGGYF,24,20,6,3,44,9,0.47297297297297297,neutral
IYLYSDFH,24,20,5,4,44,9,0.47297297297297297,neutral
FIGRCCLH,39,24,3,16,63,19,0.4731182795698925,neutral
CYVFNISI,41,22,7,12,63,19,0.4731182795698925,neutral
FCGSCRLF,34,29,11,8,63,19,0.4731182795698925,neutral
SLSIYCLR,40,23,10,9,63,19,0.4731182795698925,neutral
FSCYIYVD,25,38,9,10,63,19,0.4731182795698925,neutral
FFGCNVYS,40,23,7,12,63,19,0.4731182795698925,neutral
RCLFGGCH,40,23,4,15,63,19,0.4731182795698925,neutral
CLNFCIRI,36,27,8,11,63,19,0.4731182795698925,neutral
FDHGFDFD,34,29,5,14,63,19,0.4731182795698925,neutral
IYVSYVVG,49,33,8,21,82,29,0.4732142857142857,neutral
CSFVSGGF,45,37,12,17,82,29,0.4732142857142857,neutral
FGSYSLLG,48,34,14,15,82,29,0.4732142857142857,neutral
CICDVCLR,48,34,16,13,82,29,0.4732142857142857,neutral
ICFFDYDG,45,37,11,18,82,29,0.4732142857142857,neutral
CYFHVFRV,48,34,12,17,82,29,0.4732142857142857,neutral
YYCDRINV,55,46,17,22,101,39,0.4732824427480916,neutral
GCHCGDLG,57,44,19,20,101,39,0.4732824427480916,neutral
LYNCYVVL,58,43,14,25,101,39,0.4732824427480916,neutral
LLGCCRHG,55,46,22,17,101,39,0.4732824427480916,neutral
CDFRICVY,56,45,24,15,101,39,0.4732824427480916,neutral
YFVGYLSV,58,43,18,21,101,39,0.4732824427480916,neutral
GNLIYFGR,64,56,22,27,120,49,0.47333333333333333,neutral
LCCYRRYR,77,62,21,38,139,59,0.47337278106508873,neutral
VCFSCCRV,88,70,26,43,158,69,0.4734042553191489,neutral
NILLVICG,26,20,7,3,46,10,0.47368421052631576,neutral
FFCCNVHC,42,23,8,12,65,20,0.47368421052631576,neutral
FYFCSGYL,36,29,8,12,65,20,0.47368421052631576,neutral
ICCGCFCC,37,28,13,7,65,20,0.47368421052631576,neutral
FFFIIFIY,17,10,0,0,27,0,0.47368421052631576,neutral
FFCVYDCL,32,14,5,5,46,10,0.47368421052631576,neutral
LGFFRFLD,68,54,25,25,122,50,0.47368421052631576,neutral
FFVIFFGV,18,9,0,0,27,0,0.47368421052631576,neutral
SYYFFFVF,32,14,6,4,46,10,0.47368421052631576,neutral
LFRVHFVF,15,12,0,0,27,0,0.47368421052631576,neutral
DGVYLLFF,16,11,0,0,27,0,0.47368421052631576,neutral
ILLLSYSL,16,11,0,0,27,0,0.47368421052631576,neutral
IFFVYFGR,18,9,0,0,27,0,0.47368421052631576,neutral
VFVVIFYG,30,16,7,3,46,10,0.47368421052631576,neutral
YSFVYIYF,15,12,0,0,27,0,0.47368421052631576,neutral
YCYRGCHC,39,26,12,8,65,20,0.47368421052631576,neutral
YFFCLVNC,19,8,0,0,27,0,0.47368421052631576,neutral
VCGCFCYG,27,19,4,6,46,10,0.47368421052631576,neutral
YFCCRSYL,29,17,7,3,46,10,0.47368421052631576,neutral
FLRFFCVI,15,12,0,0,27,0,0.47368421052631576,neutral
SFFYRCVF,51,33,17,13,84,30,0.47368421052631576,neutral
VFLYIYHS,26,20,3,7,46,10,0.47368421052631576,neutral
VFYYVCLL,25,21,3,7,46,10,0.47368421052631576,neutral
LLFIRYLF,13,14,0,0,27,0,0.47368421052631576,neutral
VFYVYLLL,21,6,0,0,27,0,0.47368421052631576,neutral
IFSIHYLF,17,10,0,0,27,0,0.47368421052631576,neutral
HGVFFSLR,42,23,11,9,65,20,0.47368421052631576,neutral
FVIHFCDI,39,26,9,11,65,20,0.47368421052631576,neutral
FIYFIIYF,19,8,0,0,27,0,0.47368421052631576,neutral
LDCCFCVR,27,19,5,5,46,10,0.47368421052631576,neutral
YCCFCVSC,26,20,4,6,46,10,0.47368421052631576,neutral
HFYFSYGD,51,33,17,13,84,30,0.47368421052631576,neutral
IIFHVFFV,18,9,0,0,27,0,0.47368421052631576,neutral
FCGGDIIG,41,24,12,8,65,20,0.47368421052631576,neutral
GFCYFVDF,40,25,12,8,65,20,0.47368421052631576,neutral
CICCVCYC,27,19,6,4,46,10,0.47368421052631576,neutral
DFGCCCCF,31,15,5,5,46,10,0.47368421052631576,neutral
CVHDYGDL,28,18,5,5,46,10,0.47368421052631576,neutral
NDHIFCDV,37,28,9,11,65,20,0.47368421052631576,neutral
FISVIFIC,28,18,4,6,46,10,0.47368421052631576,neutral
ISFCVFVY,16,11,0,0,27,0,0.47368421052631576,neutral
LFFCIRCF,15,12,0,0,27,0,0.47368421052631576,neutral
FSGLFGFI,50,34,16,14,84,30,0.47368421052631576,neutral
IYHFDIVL,26,20,5,5,46,10,0.47368421052631576,neutral
FFVFYLCV,17,10,0,0,27,0,0.47368421052631576,neutral
FLIFGLIY,19,8,0,0,27,0,0.47368421052631576,neutral
FVNYNFCD,27,19,7,3,46,10,0.47368421052631576,neutral
YVCGVSCY,51,33,12,18,84,30,0.47368421052631576,neutral
FFYRFDRS,40,25,12,8,65,20,0.47368421052631576,neutral
NVFLYSFG,31,15,7,3,46,10,0.47368421052631576,neutral
YVCYVIIV,18,9,0,0,27,0,0.47368421052631576,neutral
NFFFCIVY,15,12,0,0,27,0,0.47368421052631576,neutral
FFYIVGLL,18,9,0,0,27,0,0.47368421052631576,neutral
FYVGCDNY,41,24,11,9,65,20,0.47368421052631576,neutral
FCLDGGCI,28,18,3,7,46,10,0.47368421052631576,neutral
DRDFLCLG,38,27,12,8,65,20,0.47368421052631576,neutral
FVFSVICI,10,17,0,0,27,0,0.47368421052631576,neutral
YIVRVVHY,30,16,8,2,46,10,0.47368421052631576,neutral
LCVHYVLL,15,12,0,0,27,0,0.47368421052631576,neutral
FLCLVVYF,20,7,0,0,27,0,0.47368421052631576,neutral
SLDCFLDL,25,21,6,4,46,10,0.47368421052631576,neutral
ICGFGCYY,85,77,32,39,162,71,0.4739583333333333,neutral
FSCFNSYN,71,53,30,21,124,51,0.474025974025974,neutral
LSYVGFFC,59,46,17,24,105,41,0.4740740740740741,neutral
SFGSCHGY,57,48,22,19,105,41,0.4740740740740741,neutral
CDCDFLHV,60,45,19,22,105,41,0.4740740740740741,neutral
NSFGCCIC,60,45,24,17,105,41,0.4740740740740741,neutral
LYDRCLGF,50,36,12,19,86,31,0.47413793103448276,neutral
LYGYCNLG,46,40,17,14,86,31,0.47413793103448276,neutral
CNCVYVCN,51,35,11,20,86,31,0.47413793103448276,neutral
FGSFSVDC,52,34,12,19,86,31,0.47413793103448276,neutral
FYCCCFHD,49,37,14,17,86,31,0.47413793103448276,neutral
FCCNIDCH,89,75,34,38,164,72,0.4742268041237113,neutral
FGCFSYCF,37,30,9,12,67,21,0.4742268041237113,neutral
ICYNLICR,42,25,11,10,67,21,0.4742268041237113,neutral
VYHCFYIR,36,31,13,8,67,21,0.4742268041237113,neutral
FFCIDFRD,42,25,8,13,67,21,0.4742268041237113,neutral
FCDCCVVR,40,27,10,11,67,21,0.4742268041237113,neutral
VYSCFHGV,42,25,13,8,67,21,0.4742268041237113,neutral
YCYISGSC,43,24,8,13,67,21,0.4742268041237113,neutral
FVSFVCYH,43,24,12,9,67,21,0.4742268041237113,neutral
FCFNCCLG,42,25,9,12,67,21,0.4742268041237113,neutral
FCVHVYNL,33,15,3,8,48,11,0.47435897435897434,neutral
CCVVLFVL,31,17,5,6,48,11,0.47435897435897434,neutral
YCVLLCIL,30,18,5,6,48,11,0.47435897435897434,neutral
RFIRICGF,33,15,4,7,48,11,0.47435897435897434,neutral
LDFLDFLY,27,21,7,4,48,11,0.47435897435897434,neutral
LDLINFFF,31,17,5,6,48,11,0.47435897435897434,neutral
IYVCLCNF,27,21,5,6,48,11,0.47435897435897434,neutral
FIYCVYIV,26,22,4,7,48,11,0.47435897435897434,neutral
ICFFICFL,26,22,6,5,48,11,0.47435897435897434,neutral
YLHFNYGV,26,22,4,7,48,11,0.47435897435897434,neutral
CDFLHFGD,27,21,5,6,48,11,0.47435897435897434,neutral
FNCCVCFC,25,23,5,6,48,11,0.47435897435897434,neutral
LLYYFGDV,26,22,3,8,48,11,0.47435897435897434,neutral
SDYCFYNC,31,17,9,2,48,11,0.47435897435897434,neutral
CFCFFVCR,30,18,4,7,48,11,0.47435897435897434,neutral
FYLFRGCL,32,16,3,8,48,11,0.47435897435897434,neutral
DFYGIVSH,33,15,8,3,48,11,0.47435897435897434,neutral
VILCFVFH,63,44,21,21,107,42,0.4744525547445255,neutral
FSLCICFF,21,8,1,0,29,1,0.4745762711864407,neutral
VHIYFFCC,18,11,1,0,29,1,0.4745762711864407,neutral
VVFFRVFF,16,13,1,0,29,1,0.4745762711864407,neutral
FFGYFCFC,19,10,0,1,29,1,0.4745762711864407,neutral
LLHVYISF,20,9,0,1,29,1,0.4745762711864407,neutral
FLVFYFIL,18,11,1,0,29,1,0.4745762711864407,neutral
YIFFCFSF,11,18,1,0,29,1,0.4745762711864407,neutral
FFFCFFIC,15,14,1,0,29,1,0.4745762711864407,neutral
CFHVCVII,23,6,0,1,29,1,0.4745762711864407,neutral
LCVYCLFI,19,10,1,0,29,1,0.4745762711864407,neutral
FLFSVYCR,13,16,1,0,29,1,0.4745762711864407,neutral
RIYLGFRI,18,11,1,0,29,1,0.4745762711864407,neutral
FFFFGCCI,15,14,1,0,29,1,0.4745762711864407,neutral
FFCFFCYC,17,12,0,1,29,1,0.4745762711864407,neutral
LFLFIVYC,20,9,1,0,29,1,0.4745762711864407,neutral
FGLIFLCV,17,12,0,1,29,1,0.4745762711864407,neutral
RFCVGLFY,17,12,0,1,29,1,0.4745762711864407,neutral
DCLVFFFC,15,14,0,1,29,1,0.4745762711864407,neutral
FLFFILFY,13,16,0,1,29,1,0.4745762711864407,neutral
VFLIRIFR,20,9,1,0,29,1,0.4745762711864407,neutral
VHFRLFFV,22,7,1,0,29,1,0.4745762711864407,neutral
YSFFHDYR,22,7,1,0,29,1,0.4745762711864407,neutral
GCVLCFFL,21,8,1,0,29,1,0.4745762711864407,neutral
FCYFILIC,16,13,0,1,29,1,0.4745762711864407,neutral
FYLYFICF,22,7,0,1,29,1,0.4745762711864407,neutral
FYFFVLCH,21,8,1,0,29,1,0.4745762711864407,neutral
VDDGCFGV,52,36,15,17,88,32,0.4745762711864407,neutral
FCCFVRIC,24,5,0,1,29,1,0.4745762711864407,neutral
VRSLYGLC,50,38,16,16,88,32,0.4745762711864407,neutral
FFFFFCYV,15,14,0,1,29,1,0.4745762711864407,neutral
FFFFVICF,17,12,1,0,29,1,0.4745762711864407,neutral
FFCCFNCI,22,7,1,0,29,1,0.4745762711864407,neutral
GILYIIRV,16,13,0,1,29,1,0.4745762711864407,neutral
CFFFYLLV,19,10,0,1,29,1,0.4745762711864407,neutral
IFSFYLLC,16,13,1,0,29,1,0.4745762711864407,neutral
LYCVFFCF,12,17,1,0,29,1,0.4745762711864407,neutral
CFVLRLFG,20,9,0,1,29,1,0.4745762711864407,neutral
YVSVCIYV,19,10,1,0,29,1,0.4745762711864407,neutral
LYVYVYVH,22,7,1,0,29,1,0.4745762711864407,neutral
CCICGFFL,18,11,1,0,29,1,0.4745762711864407,neutral
VVYFGDIR,59,69,25,28,128,53,0.47468354430379744,neutral
FLCHVCCG,40,29,9,13,69,22,0.47474747474747475,neutral
NYHDCDLC,40,29,9,13,69,22,0.47474747474747475,neutral
IFVDFFGG,36,33,12,10,69,22,0.47474747474747475,neutral
FLNSHYFG,42,27,8,14,69,22,0.47474747474747475,neutral
VFVRSCYS,44,25,11,11,69,22,0.47474747474747475,neutral
CYCRCDFC,43,26,11,11,69,22,0.47474747474747475,neutral
CCHDYLGD,38,31,8,14,69,22,0.47474747474747475,neutral
FLGYHHDY,41,28,9,13,69,22,0.47474747474747475,neutral
YYGDLDNC,43,26,10,12,69,22,0.47474747474747475,neutral
CCGCDYCV,44,25,8,14,69,22,0.47474747474747475,neutral
FSISCRGY,44,25,9,13,69,22,0.47474747474747475,neutral
FYRFHGIR,30,20,6,6,50,12,0.475,neutral
VFYFNGGI,26,24,4,8,50,12,0.475,neutral
SCVFILFN,33,17,7,5,50,12,0.475,neutral
FNFFGNGR,31,19,8,4,50,12,0.475,neutral
FHVCCCHC,30,20,7,5,50,12,0.475,neutral
LHCGLCRI,33,17,8,4,50,12,0.475,neutral
FCIGGNFV,53,37,15,18,90,33,0.475,neutral
YSCCFGYY,50,40,19,14,90,33,0.475,neutral
FCYVCHFC,32,18,5,7,50,12,0.475,neutral
NCLCCVFV,30,20,10,2,50,12,0.475,neutral
SCDNVFCL,53,37,13,20,90,33,0.475,neutral
CVDCCLRH,34,16,7,5,50,12,0.475,neutral
YYVFCGFF,28,22,5,7,50,12,0.475,neutral
ISCCYCGC,27,23,6,6,50,12,0.475,neutral
CVICCHGF,26,24,5,7,50,12,0.475,neutral
FGVCCGCI,30,20,5,7,50,12,0.475,neutral
NFYCIGDV,28,22,6,6,50,12,0.475,neutral
FFCVCSVI,30,20,4,8,50,12,0.475,neutral
FCGRSCCF,30,20,5,7,50,12,0.475,neutral
YIVFSVCH,33,17,5,7,50,12,0.475,neutral
HHGDYCVC,32,18,6,6,50,12,0.475,neutral
VFFCLSFD,31,19,7,5,50,12,0.475,neutral
DFFLCYCN,82,69,34,31,151,65,0.47513812154696133,neutral
IFVDDCFC,61,50,23,21,111,44,0.475177304964539,neutral
LIFVYGSN,59,52,29,15,111,44,0.475177304964539,neutral
FSFCCCGG,43,28,8,15,71,23,0.4752475247524752,neutral
DYHGYHLR,42,29,15,8,71,23,0.4752475247524752,neutral
CCVGNCYR,44,27,11,12,71,23,0.4752475247524752,neutral
YHRYVGFL,42,29,15,8,71,23,0.4752475247524752,neutral
CSCCFHLD,39,32,8,15,71,23,0.4752475247524752,neutral
NRHNYHHF,40,31,16,7,71,23,0.4752475247524752,neutral
IYNINFLN,43,28,8,15,71,23,0.4752475247524752,neutral
YGSHLGYL,45,26,9,14,71,23,0.4752475247524752,neutral
CYDNFGHF,44,27,12,11,71,23,0.4752475247524752,neutral
HIYCLGDF,43,28,13,10,71,23,0.4752475247524752,neutral
FILGDCVH,42,29,11,12,71,23,0.4752475247524752,neutral
IIVYFSHL,21,10,2,0,31,2,0.47540983606557374,neutral
FNFCFYGI,22,9,1,1,31,2,0.47540983606557374,neutral
RCGYGYLG,53,39,19,15,92,34,0.47540983606557374,neutral
FFVIIVFF,19,12,1,1,31,2,0.47540983606557374,neutral
GCIIYCFC,15,16,1,1,31,2,0.47540983606557374,neutral
DFNHFIGI,51,41,19,15,92,34,0.47540983606557374,neutral
FIVCYYIY,18,13,2,0,31,2,0.47540983606557374,neutral
LYVVICNI,18,13,1,1,31,2,0.47540983606557374,neutral
HLISCFCF,24,7,1,1,31,2,0.47540983606557374,neutral
VIVIRCLC,18,13,1,1,31,2,0.47540983606557374,neutral
FHVIFCSF,20,11,1,1,31,2,0.47540983606557374,neutral
CFFCLYIG,20,11,0,2,31,2,0.47540983606557374,neutral
FCYGCGCY,20,11,1,1,31,2,0.47540983606557374,neutral
FCVVCIRF,16,15,0,2,31,2,0.47540983606557374,neutral
FFICIYVH,18,13,1,1,31,2,0.47540983606557374,neutral
VFFFVSCF,16,15,1,1,31,2,0.47540983606557374,neutral
LFFLVHCI,16,15,0,2,31,2,0.47540983606557374,neutral
LIVYLFGC,17,14,1,1,31,2,0.47540983606557374,neutral
VVYFRYYH,18,13,0,2,31,2,0.47540983606557374,neutral
LCHFCVCC,20,11,1,1,31,2,0.47540983606557374,neutral
CIFFVFRI,20,11,1,1,31,2,0.47540983606557374,neutral
CFCLFNFV,16,15,1,1,31,2,0.47540983606557374,neutral
FYYCVYRV,22,9,2,0,31,2,0.47540983606557374,neutral
LCVLLVVS,23,8,1,1,31,2,0.47540983606557374,neutral
LDIIFCLF,18,13,0,2,31,2,0.47540983606557374,neutral
FIFFVHNH,55,37,14,20,92,34,0.47540983606557374,neutral
FHCFYCRF,19,12,1,1,31,2,0.47540983606557374,neutral
GFVLCIYL,19,12,0,2,31,2,0.47540983606557374,neutral
FIVCCFHF,19,12,2,0,31,2,0.47540983606557374,neutral
YFLVRLRC,22,9,0,2,31,2,0.47540983606557374,neutral
FFCFYVCI,21,10,0,2,31,2,0.47540983606557374,neutral
FYFLGIIG,20,11,1,1,31,2,0.47540983606557374,neutral
LIIYCFGD,20,11,0,2,31,2,0.47540983606557374,neutral
LCRFIFIF,20,11,1,1,31,2,0.47540983606557374,neutral
CCLLVFFG,16,15,1,1,31,2,0.47540983606557374,neutral
FLYIVFFG,24,7,0,2,31,2,0.47540983606557374,neutral
FFCFYVLF,14,17,0,2,31,2,0.47540983606557374,neutral
FFRFGCCY,55,37,19,15,92,34,0.47540983606557374,neutral
YYHLVYFG,21,10,1,1,31,2,0.47540983606557374,neutral
FLFFIFCC,19,12,1,1,31,2,0.47540983606557374,neutral
LIVRCVII,24,7,1,1,31,2,0.47540983606557374,neutral
CLCFCISC,22,9,1,1,31,2,0.47540983606557374,neutral
LGCFFLFY,22,9,1,1,31,2,0.47540983606557374,neutral
VVIIVLRI,18,13,1,1,31,2,0.47540983606557374,neutral
LCVLDGLV,55,37,18,16,92,34,0.47540983606557374,neutral
FYYHVFYY,19,12,1,1,31,2,0.47540983606557374,neutral
DGVICFFF,20,11,2,0,31,2,0.47540983606557374,neutral
YCCFGVFI,22,9,0,2,31,2,0.47540983606557374,neutral
LCFCIRYF,17,14,1,1,31,2,0.47540983606557374,neutral
FYDFSIHN,66,47,20,25,113,45,0.4755244755244755,neutral
VRVSYVLV,66,47,26,19,113,45,0.4755244755244755,neutral
VCCGRCGR,34,18,6,7,52,13,0.47560975609756095,neutral
CDNYLSDF,26,26,7,6,52,13,0.47560975609756095,neutral
RFIVCNCC,31,21,6,7,52,13,0.47560975609756095,neutral
YFVNHNSI,31,21,7,6,52,13,0.47560975609756095,neutral
FFFCRDGV,23,29,6,7,52,13,0.47560975609756095,neutral
VYVDFFFN,29,23,3,10,52,13,0.47560975609756095,neutral
CSGIYGDF,33,19,3,10,52,13,0.47560975609756095,neutral
CLIGIISC,29,23,3,10,52,13,0.47560975609756095,neutral
IIGYGCCR,30,22,4,9,52,13,0.47560975609756095,neutral
FSISFHLY,32,20,8,5,52,13,0.47560975609756095,neutral
LLCFLYGS,34,18,6,7,52,13,0.47560975609756095,neutral
CYCIYGIV,31,21,6,7,52,13,0.47560975609756095,neutral
YLVHGSIV,71,63,23,33,134,56,0.47560975609756095,neutral
LFCRISFR,31,21,7,6,52,13,0.47560975609756095,neutral
VSCSYSFV,31,21,4,9,52,13,0.47560975609756095,neutral
SGCCRHFC,28,24,6,7,52,13,0.47560975609756095,neutral
CFCVYSGG,29,23,8,5,52,13,0.47560975609756095,neutral
FVRFGSFD,35,17,11,2,52,13,0.47560975609756095,neutral
IVFYLVFY,41,32,14,10,73,24,0.47572815533980584,neutral
NVSVLYCF,44,29,13,11,73,24,0.47572815533980584,neutral
CYGSYVIS,37,36,10,14,73,24,0.47572815533980584,neutral
IYGRVHYR,46,27,11,13,73,24,0.47572815533980584,neutral
CDFGLFDL,46,27,5,19,73,24,0.47572815533980584,neutral
YNYGIVGY,46,27,7,17,73,24,0.47572815533980584,neutral
ILCVRGIY,43,30,15,9,73,24,0.47572815533980584,neutral
YFFVILDG,45,28,8,16,73,24,0.47572815533980584,neutral
YLFCYCYS,42,31,9,15,73,24,0.47572815533980584,neutral
YVVFDCCD,65,50,23,23,115,46,0.47586206896551725,neutral
GYCVYDDG,76,60,23,34,136,57,0.4759036144578313,neutral
FLGFYRIC,33,21,6,8,54,14,0.47619047619047616,neutral
FCFVCIGC,19,14,0,3,33,3,0.47619047619047616,neutral
FYSCVVCY,25,29,8,6,54,14,0.47619047619047616,neutral
VCLYVCCF,19,14,1,2,33,3,0.47619047619047616,neutral
SYINYRGF,29,25,7,7,54,14,0.47619047619047616,neutral
NCFCIFCR,34,20,9,5,54,14,0.47619047619047616,neutral
YCLVHHCF,34,20,7,7,54,14,0.47619047619047616,neutral
FRCLCFYY,20,13,0,3,33,3,0.47619047619047616,neutral
FCFHYYSF,17,16,2,1,33,3,0.47619047619047616,neutral
CVCCCRNI,31,23,5,9,54,14,0.47619047619047616,neutral
DFLFLFGF,20,13,1,2,33,3,0.47619047619047616,neutral
LVCCFGSR,57,39,17,19,96,36,0.47619047619047616,neutral
VYNGFYSV,55,41,18,18,96,36,0.47619047619047616,neutral
CFRYLIIY,25,8,1,2,33,3,0.47619047619047616,neutral
LRFFVYIL,19,14,0,3,33,3,0.47619047619047616,neutral
CVVCLICC,24,9,0,3,33,3,0.47619047619047616,neutral
YCFFGHDD,39,36,6,19,75,25,0.47619047619047616,neutral
YDFGGCYY,47,28,10,15,75,25,0.47619047619047616,neutral
YYDLFDRY,63,54,29,18,117,47,0.47619047619047616,neutral
YVFLFYCI,23,10,2,1,33,3,0.47619047619047616,neutral
DRHFVVIV,34,20,9,5,54,14,0.47619047619047616,neutral
LCFSYYCF,21,12,1,2,33,3,0.47619047619047616,neutral
FVICCIFF,22,11,0,3,33,3,0.47619047619047616,neutral
YCFCRVIV,21,12,2,1,33,3,0.47619047619047616,neutral
FVLFGFNF,23,10,1,2,33,3,0.47619047619047616,neutral
CYYCCLNL,21,12,1,2,33,3,0.47619047619047616,neutral
RHVHVIIY,21,12,1,2,33,3,0.47619047619047616,neutral
VCVVYVHL,20,13,1,2,33,3,0.47619047619047616,neutral
IHCFSVRF,39,36,11,14,75,25,0.47619047619047616,neutral
FCDGSCDR,95,85,42,38,180,80,0.47619047619047616,neutral
VVYVRICC,24,9,2,1,33,3,0.47619047619047616,neutral
CSGYGGYY,31,23,4,10,54,14,0.47619047619047616,neutral
CCYFSCCL,23,10,1,2,33,3,0.47619047619047616,neutral
CIGYCSFS,41,34,15,10,75,25,0.47619047619047616,neutral
FVCFCLVL,23,10,0,3,33,3,0.47619047619047616,neutral
YFYYVRIF,20,13,1,2,33,3,0.47619047619047616,neutral
FFCCLCFC,20,13,1,2,33,3,0.47619047619047616,neutral
VYYVYCDL,28,26,6,8,54,14,0.47619047619047616,neutral
LYFLRYYV,15,18,2,1,33,3,0.47619047619047616,neutral
YDSVDIFI,57,39,18,18,96,36,0.47619047619047616,neutral
DCVLVCRF,42,33,17,8,75,25,0.47619047619047616,neutral
FFCFHCFG,21,12,1,2,33,3,0.47619047619047616,neutral
NCYYFIYC,22,11,1,2,33,3,0.47619047619047616,neutral
VLFLVFIC,19,14,1,2,33,3,0.47619047619047616,neutral
SYCYVVDS,31,23,5,9,54,14,0.47619047619047616,neutral
FLYCFSVF,56,40,16,20,96,36,0.47619047619047616,neutral
VLVFRVIF,21,12,0,3,33,3,0.47619047619047616,neutral
LFIIYHGL,25,8,1,2,33,3,0.47619047619047616,neutral
NHFCICCF,33,21,8,6,54,14,0.47619047619047616,neutral
FFCCHYLC,36,18,8,6,54,14,0.47619047619047616,neutral
CFFIYFFS,19,14,1,2,33,3,0.47619047619047616,neutral
FFYSYCDF,35,19,10,4,54,14,0.47619047619047616,neutral
DCFHFHCG,57,39,17,19,96,36,0.47619047619047616,neutral
YVCCHLCY,22,11,2,1,33,3,0.47619047619047616,neutral
FVFVLVFI,16,17,1,2,33,3,0.47619047619047616,neutral
IFCFDFCF,22,11,0,3,33,3,0.47619047619047616,neutral
RFIIYISS,24,9,1,2,33,3,0.47619047619047616,neutral
SYILVDVR,54,42,23,13,96,36,0.47619047619047616,neutral
VRSFGYIY,32,22,11,3,54,14,0.47619047619047616,neutral
FLDFFHVI,68,51,22,26,119,48,0.47651006711409394,neutral
GYFCSVHC,69,50,27,21,119,48,0.47651006711409394,neutral
YLVDGGGL,53,45,21,16,98,37,0.4765625,neutral
YGFVFNCD,44,54,15,22,98,37,0.4765625,neutral
IYCDLCDV,55,43,17,20,98,37,0.4765625,neutral
GFYVHVSS,57,41,19,18,98,37,0.4765625,neutral
VCNFCNHY,55,43,12,25,98,37,0.4765625,neutral
CHYCFGFY,48,29,12,14,77,26,0.4766355140186916,neutral
IDHSVYCH,43,34,10,16,77,26,0.4766355140186916,neutral
VLYYHYHS,47,30,6,20,77,26,0.4766355140186916,neutral
YYYYHLGI,47,30,11,15,77,26,0.4766355140186916,neutral
HFGCCCGV,47,30,15,11,77,26,0.4766355140186916,neutral
GCCSVFCY,89,74,30,41,163,71,0.47668393782383417,neutral
CSYHCNCF,32,24,5,10,56,15,0.47674418604651164,neutral
FFFGDNYD,31,25,7,8,56,15,0.47674418604651164,neutral
FCSCRVIF,36,20,9,6,56,15,0.47674418604651164,neutral
SFLFVCSC,30,26,9,6,56,15,0.47674418604651164,neutral
FGVYGFFI,36,20,5,10,56,15,0.47674418604651164,neutral
GLFVYYGF,37,19,8,7,56,15,0.47674418604651164,neutral
FCNCCRCD,32,24,5,10,56,15,0.47674418604651164,neutral
FFLFYLGG,32,24,9,6,56,15,0.47674418604651164,neutral
IRGLFDFI,37,19,6,9,56,15,0.47674418604651164,neutral
IFVDCYDC,32,24,6,9,56,15,0.47674418604651164,neutral
YLSVNYFC,36,20,6,9,56,15,0.47674418604651164,neutral
FFVRVRRF,35,21,6,9,56,15,0.47674418604651164,neutral
CCVYCHCN,37,19,4,11,56,15,0.47674418604651164,neutral
FCYFGYGC,34,22,4,11,56,15,0.47674418604651164,neutral
VHFHRLFY,35,21,7,8,56,15,0.47674418604651164,neutral
VYCHYCGS,70,51,25,24,121,49,0.4768211920529801,neutral
CFCGCIRC,21,14,2,2,35,4,0.47692307692307695,neutral
YFYFVCIN,24,11,3,1,35,4,0.47692307692307695,neutral
FNIFVCCN,24,11,2,2,35,4,0.47692307692307695,neutral
CRFFYICL,22,13,3,1,35,4,0.47692307692307695,neutral
VFVILCRG,18,17,2,2,35,4,0.47692307692307695,neutral
FYICFLCV,21,14,0,4,35,4,0.47692307692307695,neutral
CCCFIFIL,21,14,2,2,35,4,0.47692307692307695,neutral
VCCVNCCR,19,16,2,2,35,4,0.47692307692307695,neutral
FFIYYRIF,23,12,2,2,35,4,0.47692307692307695,neutral
LFYIHFDF,26,9,1,3,35,4,0.47692307692307695,neutral
CFGCFFCC,21,14,1,3,35,4,0.47692307692307695,neutral
LYLLNYIV,23,12,1,3,35,4,0.47692307692307695,neutral
YFGILCVC,18,17,2,2,35,4,0.47692307692307695,neutral
LIYFYISC,18,17,2,2,35,4,0.47692307692307695,neutral
LFCCLYVF,22,13,2,2,35,4,0.47692307692307695,neutral
FVCCGFCS,24,11,2,2,35,4,0.47692307692307695,neutral
FYFCCYRI,23,12,3,1,35,4,0.47692307692307695,neutral
FCYIICRV,21,14,1,3,35,4,0.47692307692307695,neutral
FGGLVVLF,20,15,3,1,35,4,0.47692307692307695,neutral
FFFFVCCG,22,13,1,3,35,4,0.47692307692307695,neutral
FFIIYFVD,21,14,1,3,35,4,0.47692307692307695,neutral
FYCGFIFF,19,16,3,1,35,4,0.47692307692307695,neutral
FICFFFFL,27,8,2,2,35,4,0.47692307692307695,neutral
FLIFLCSC,22,13,2,2,35,4,0.47692307692307695,neutral
VYYLCLYF,22,13,4,0,35,4,0.47692307692307695,neutral
FVVIYDSL,22,13,3,1,35,4,0.47692307692307695,neutral
YFFCCLVV,19,16,2,2,35,4,0.47692307692307695,neutral
IIYGCCFI,23,12,1,3,35,4,0.47692307692307695,neutral
CYYVIHFL,21,14,2,2,35,4,0.47692307692307695,neutral
FVLVGVFD,22,13,2,2,35,4,0.47692307692307695,neutral
SILYVYYC,25,10,1,3,35,4,0.47692307692307695,neutral
IIVLVLVV,22,13,2,2,35,4,0.47692307692307695,neutral
FSYCFLYY,20,15,2,2,35,4,0.47692307692307695,neutral
FICCFVYL,24,11,1,3,35,4,0.47692307692307695,neutral
HCCGCLSL,23,12,0,4,35,4,0.47692307692307695,neutral
FFVVLCVF,19,16,3,1,35,4,0.47692307692307695,neutral
FHRGCCFH,47,32,16,11,79,27,0.47706422018348627,neutral
FYVYNRLC,46,33,12,15,79,27,0.47706422018348627,neutral
FCSHFNGC,48,31,9,18,79,27,0.47706422018348627,neutral
CVNDGYCV,45,34,17,10,79,27,0.47706422018348627,neutral
FNDCCNLV,46,33,12,15,79,27,0.47706422018348627,neutral
IISDNYGV,49,30,11,16,79,27,0.47706422018348627,neutral
CGRFDVFF,47,32,16,11,79,27,0.47706422018348627,neutral
FSYGCDCC,48,31,15,12,79,27,0.47706422018348627,neutral
SYFFYVCG,48,31,15,12,79,27,0.47706422018348627,neutral
FGCCCSIR,47,32,11,16,79,27,0.47706422018348627,neutral
YNVYSGDL,48,31,13,14,79,27,0.47706422018348627,neutral
NCICGVHS,65,58,26,24,123,50,0.477124183006536,neutral
FLDYVSSR,31,27,8,8,58,16,0.4772727272727273,neutral
FFFIFCFH,34,24,5,11,58,16,0.4772727272727273,neutral
IFHYDVCC,29,29,6,10,58,16,0.4772727272727273,neutral
RFISCHVF,53,49,20,19,102,39,0.4772727272727273,neutral
GYCCDGGF,35,23,9,7,58,16,0.4772727272727273,neutral
CFCFGVVI,35,23,6,10,58,16,0.4772727272727273,neutral
FHNLYCGV,37,21,10,6,58,16,0.4772727272727273,neutral
CIHLHVFR,37,21,8,8,58,16,0.4772727272727273,neutral
CYLRFSSL,36,22,7,9,58,16,0.4772727272727273,neutral
ISGCCHFF,59,43,18,21,102,39,0.4772727272727273,neutral
GLSCCINC,38,20,3,13,58,16,0.4772727272727273,neutral
FCNRCYGV,59,43,22,17,102,39,0.4772727272727273,neutral
FCCCFCFY,31,27,12,4,58,16,0.4772727272727273,neutral
FIDLCCVR,71,54,18,33,125,51,0.4774193548387097,neutral
DVGVFGRY,50,31,12,16,81,28,0.4774774774774775,neutral
IYDCCGCS,41,40,15,13,81,28,0.4774774774774775,neutral
ICHCCCVH,48,33,13,15,81,28,0.4774774774774775,neutral
CSCLICCG,28,9,3,2,37,5,0.47761194029850745,neutral
FNYGCGLL,58,46,24,16,104,40,0.47761194029850745,neutral
FFIDLIRL,28,9,2,3,37,5,0.47761194029850745,neutral
LCCCCFFI,26,11,2,3,37,5,0.47761194029850745,neutral
YFVCFGCC,20,17,2,3,37,5,0.47761194029850745,neutral
CLNIIFLF,26,11,3,2,37,5,0.47761194029850745,neutral
FCVFGFYC,24,13,2,3,37,5,0.47761194029850745,neutral
CLCCICIC,23,14,3,2,37,5,0.47761194029850745,neutral
IICVLFVR,24,13,3,2,37,5,0.47761194029850745,neutral
LHSHFGIY,22,15,2,3,37,5,0.47761194029850745,neutral
FFCLVNYF,23,14,2,3,37,5,0.47761194029850745,neutral
FFVFFLIN,17,20,3,2,37,5,0.47761194029850745,neutral
LIIVFVHC,27,10,3,2,37,5,0.47761194029850745,neutral
ILYVIVIC,22,15,3,2,37,5,0.47761194029850745,neutral
FYVIYYRG,22,15,2,3,37,5,0.47761194029850745,neutral
NVNFFCCR,59,45,14,26,104,40,0.47761194029850745,neutral
CFCFCFVN,21,16,1,4,37,5,0.47761194029850745,neutral
CIFCCVNF,24,13,3,2,37,5,0.47761194029850745,neutral
FFFNCVFC,17,20,2,3,37,5,0.47761194029850745,neutral
CYCLSICC,19,18,3,2,37,5,0.47761194029850745,neutral
VCCDGFLD,25,12,3,2,37,5,0.47761194029850745,neutral
ICVVLGFD,61,43,21,19,104,40,0.47761194029850745,neutral
LCCIHCLC,19,18,2,3,37,5,0.47761194029850745,neutral
YSICVFIY,27,10,1,4,37,5,0.47761194029850745,neutral
LCIICLFD,20,17,3,2,37,5,0.47761194029850745,neutral
VSDGFGGY,73,54,28,24,127,52,0.47770700636942676,neutral
DSFFVFGD,73,54,24,28,127,52,0.47770700636942676,neutral
RCFCIGLR,68,59,29,23,127,52,0.47770700636942676,neutral
YYLCIDHH,73,54,22,30,127,52,0.47770700636942676,neutral
CLCGFFCS,39,21,11,6,60,17,0.4777777777777778,neutral
RGIVYYVR,35,25,7,10,60,17,0.4777777777777778,neutral
VCYSCNYC,38,22,7,10,60,17,0.4777777777777778,neutral
DHCCVDYG,38,22,10,7,60,17,0.4777777777777778,neutral
FVNIFFVN,35,25,6,11,60,17,0.4777777777777778,neutral
DYVLYVGF,33,27,9,8,60,17,0.4777777777777778,neutral
FSICLGFV,34,26,8,9,60,17,0.4777777777777778,neutral
RYFCFVGF,37,23,7,10,60,17,0.4777777777777778,neutral
CICFCGCH,35,25,8,9,60,17,0.4777777777777778,neutral
YCNFCSFY,36,24,9,8,60,17,0.4777777777777778,neutral
CYVFCCVY,39,21,7,10,60,17,0.4777777777777778,neutral
GYVFFLDV,34,26,5,12,60,17,0.4777777777777778,neutral
RCCCCIHF,39,21,4,13,60,17,0.4777777777777778,neutral
FGFHSCCN,51,32,12,17,83,29,0.4778761061946903,neutral
YVVCIDDL,51,32,11,18,83,29,0.4778761061946903,neutral
CHCVSGCN,46,37,10,19,83,29,0.4778761061946903,neutral
RFFCDVFC,47,36,15,14,83,29,0.4778761061946903,neutral
YIDLVDGY,46,37,12,17,83,29,0.4778761061946903,neutral
CCGIGIFF,47,36,15,14,83,29,0.4778761061946903,neutral
FCYCYCFG,47,36,16,13,83,29,0.4778761061946903,neutral
RFYRDFFG,49,34,12,17,83,29,0.4778761061946903,neutral
IYCYHFDR,47,36,13,16,83,29,0.4778761061946903,neutral
NVRFFNGF,58,48,20,21,106,41,0.47794117647058826,neutral
VFFYIDSG,73,56,26,27,129,53,0.4779874213836478,neutral
GYSLYYGV,74,55,26,27,129,53,0.4779874213836478,neutral
CCVNVVIF,22,17,3,3,39,6,0.4782608695652174,neutral
CCINCVLF,23,16,1,5,39,6,0.4782608695652174,neutral
GSGSSYYY,23,16,3,3,39,6,0.4782608695652174,neutral
YSFRVRFS,50,35,14,16,85,30,0.4782608695652174,neutral
CCCFHFNN,28,11,2,4,39,6,0.4782608695652174,neutral
FCVRNCLF,25,14,2,4,39,6,0.4782608695652174,neutral
FRFCFCCV,28,11,1,5,39,6,0.4782608695652174,neutral
FYCFCRLS,25,14,4,2,39,6,0.4782608695652174,neutral
NFDGFHIC,36,26,9,9,62,18,0.4782608695652174,neutral
YHFVHFDY,39,23,10,8,62,18,0.4782608695652174,neutral
YCICRLCG,24,15,5,1,39,6,0.4782608695652174,neutral
ICVGYCFC,52,33,7,23,85,30,0.4782608695652174,neutral
DVRYIGRY,33,29,10,8,62,18,0.4782608695652174,neutral
HCSDFFYG,32,30,6,12,62,18,0.4782608695652174,neutral
ICCYSRCL,38,24,8,10,62,18,0.4782608695652174,neutral
RIFFDGYC,49,36,14,16,85,30,0.4782608695652174,neutral
ICVYYCGF,27,12,3,3,39,6,0.4782608695652174,neutral
CGHCCDCG,51,34,10,20,85,30,0.4782608695652174,neutral
GIFVYVIC,38,24,6,12,62,18,0.4782608695652174,neutral
LFHLFHVI,24,15,5,1,39,6,0.4782608695652174,neutral
IGCCCIRI,40,22,5,13,62,18,0.4782608695652174,neutral
GCCCGFNV,26,13,2,4,39,6,0.4782608695652174,neutral
FFCYFFVL,21,18,2,4,39,6,0.4782608695652174,neutral
FFSLCFID,22,17,1,5,39,6,0.4782608695652174,neutral
NYCCVFFV,22,17,2,4,39,6,0.4782608695652174,neutral
FVIHLGVC,21,18,1,5,39,6,0.4782608695652174,neutral
FFYVRGFL,25,14,1,5,39,6,0.4782608695652174,neutral
CGYCDLFG,52,33,15,15,85,30,0.4782608695652174,neutral
CGGFGNFV,51,34,19,11,85,30,0.4782608695652174,neutral
YCCYRCGF,35,27,11,7,62,18,0.4782608695652174,neutral
FFYYFYVG,26,13,3,3,39,6,0.4782608695652174,neutral
VYRGYLHC,40,22,7,11,62,18,0.4782608695652174,neutral
FNLFICCV,20,19,0,6,39,6,0.4782608695652174,neutral
FCHVCLIS,51,34,13,17,85,30,0.4782608695652174,neutral
FFGLIVFL,28,11,3,3,39,6,0.4782608695652174,neutral
DFNRICIY,39,23,4,14,62,18,0.4782608695652174,neutral
IHGFHSCV,48,37,8,22,85,30,0.4782608695652174,neutral
FFFLFSFD,24,15,2,4,39,6,0.4782608695652174,neutral
VFGGYGGL,37,25,13,5,62,18,0.4782608695652174,neutral
LFDSHIDV,37,25,11,7,62,18,0.4782608695652174,neutral
GVFVVYSC,38,24,6,12,62,18,0.4782608695652174,neutral
DNLNYYVC,23,16,4,2,39,6,0.4782608695652174,neutral
VICLYCVC,26,13,3,3,39,6,0.4782608695652174,neutral
VYHVGFGC,73,58,26,28,131,54,0.4782608695652174,neutral
LRCGFIDF,76,57,30,25,133,55,0.4785276073619632,neutral
ILVGFHFY,49,38,15,16,87,31,0.47863247863247865,neutral
VYVGFNDY,53,34,18,13,87,31,0.47863247863247865,neutral
LLGFRVGF,44,43,16,15,87,31,0.47863247863247865,neutral
FCGCFYHG,52,35,12,19,87,31,0.47863247863247865,neutral
VYSHFNGL,53,34,9,22,87,31,0.47863247863247865,neutral
YIDIFGIG,36,28,5,14,64,19,0.4787234042553192,neutral
LCCNCRSC,37,27,12,7,64,19,0.4787234042553192,neutral
YCVVCCSH,39,25,6,13,64,19,0.4787234042553192,neutral
CYVHRIYD,39,25,6,13,64,19,0.4787234042553192,neutral
CGGGCFCD,35,29,8,11,64,19,0.4787234042553192,neutral
CCGSYGFY,38,26,11,8,64,19,0.4787234042553192,neutral
CYGFGSGD,34,30,12,7,64,19,0.4787234042553192,neutral
FISSFSYF,37,27,12,7,64,19,0.4787234042553192,neutral
VFGCFLCR,41,23,12,7,64,19,0.4787234042553192,neutral
FFCGCFHC,41,23,8,11,64,19,0.4787234042553192,neutral
VCINRFYR,37,27,13,6,64,19,0.4787234042553192,neutral
CICHVRGV,37,27,10,9,64,19,0.4787234042553192,neutral
DIGYSGLL,39,25,12,7,64,19,0.4787234042553192,neutral
GLYYNSLD,38,26,10,9,64,19,0.4787234042553192,neutral
CSIYFYSV,40,24,10,9,64,19,0.4787234042553192,neutral
CYDRLFYF,39,25,11,8,64,19,0.4787234042553192,neutral
FYCFLCGG,41,23,9,10,64,19,0.4787234042553192,neutral
CCHYCNCF,38,26,11,8,64,19,0.4787234042553192,neutral
CNYCLGGV,37,27,11,8,64,19,0.4787234042553192,neutral
YYCFGFYG,28,13,3,4,41,7,0.4788732394366197,neutral
HFYCVCLY,27,14,4,3,41,7,0.4788732394366197,neutral
IFLCYIGV,27,14,3,4,41,7,0.4788732394366197,neutral
FFCVVVNV,25,16,3,4,41,7,0.4788732394366197,neutral
FFLNCCYC,23,18,2,5,41,7,0.4788732394366197,neutral
VCFLCVFV,25,16,3,4,41,7,0.4788732394366197,neutral
CFIYHCCL,23,18,3,4,41,7,0.4788732394366197,neutral
GVVFYFRC,29,12,2,5,41,7,0.4788732394366197,neutral
YYIGGCYV,63,49,24,20,112,44,0.4788732394366197,neutral
FDFFVCCC,20,21,3,4,41,7,0.4788732394366197,neutral
IHGHYFVR,23,18,4,3,41,7,0.4788732394366197,neutral
DFFFDFVY,26,15,3,4,41,7,0.4788732394366197,neutral
VIGVFLFY,23,18,2,5,41,7,0.4788732394366197,neutral
VYCFRFLC,25,16,1,6,41,7,0.4788732394366197,neutral
FCVRICFD,27,14,5,2,41,7,0.4788732394366197,neutral
FCLYVYFD,28,13,6,1,41,7,0.4788732394366197,neutral
CFFCYFLR,25,16,3,4,41,7,0.4788732394366197,neutral
FLIFFCCG,27,14,4,3,41,7,0.4788732394366197,neutral
CRSCGNSG,29,12,3,4,41,7,0.4788732394366197,neutral
FINFFIGC,27,14,2,5,41,7,0.4788732394366197,neutral
LFVLFHVF,26,15,4,3,41,7,0.4788732394366197,neutral
GYFRCCSY,24,17,7,0,41,7,0.4788732394366197,neutral
FFHFCYCC,24,17,1,6,41,7,0.4788732394366197,neutral
NYCFIVHF,28,13,2,5,41,7,0.4788732394366197,neutral
VYSICRFF,21,20,2,5,41,7,0.4788732394366197,neutral
LYFCCDLC,25,16,1,6,41,7,0.4788732394366197,neutral
DGYHVFSY,25,16,3,4,41,7,0.4788732394366197,neutral
VCFVIGFY,22,19,3,4,41,7,0.4788732394366197,neutral
SGCFRCFV,49,40,13,19,89,32,0.4789915966386555,neutral
GGCFDDRY,54,35,11,21,89,32,0.4789915966386555,neutral
VCRCGLVL,78,59,30,27,137,57,0.47904191616766467,neutral
ILYCCCSI,41,25,9,11,66,20,0.4791666666666667,neutral
CLNYLNSF,63,51,23,22,114,45,0.4791666666666667,neutral
CLCSHSGF,65,49,21,24,114,45,0.4791666666666667,neutral
HLCCHLRC,40,26,10,10,66,20,0.4791666666666667,neutral
LFCCNFGI,64,50,25,20,114,45,0.4791666666666667,neutral
NVCYRFDH,64,50,24,21,114,45,0.4791666666666667,neutral
IVGLGYLD,63,51,13,32,114,45,0.4791666666666667,neutral
FYYFCGFR,42,24,7,13,66,20,0.4791666666666667,neutral
VCHCFGGH,41,25,12,8,66,20,0.4791666666666667,neutral
VVILNFGV,42,24,10,10,66,20,0.4791666666666667,neutral
YYGCVCNF,90,72,36,34,162,70,0.4791666666666667,neutral
VLIGCCFC,39,27,8,12,66,20,0.4791666666666667,neutral
FFYFSDNG,34,32,13,7,66,20,0.4791666666666667,neutral
CCCRFSGY,39,27,9,11,66,20,0.4791666666666667,neutral
VICYCFSG,40,26,10,10,66,20,0.4791666666666667,neutral
YFYCSILR,40,26,7,13,66,20,0.4791666666666667,neutral
DCDFSYVY,39,27,11,9,66,20,0.4791666666666667,neutral
VCCFRLRL,38,28,10,10,66,20,0.4791666666666667,neutral
FNCDISFG,54,37,18,15,91,33,0.4793388429752066,neutral
DFLVFLNV,31,12,2,6,43,8,0.4794520547945205,neutral
RYYGVYDR,26,17,5,3,43,8,0.4794520547945205,neutral
FGLLYFYL,27,16,4,4,43,8,0.4794520547945205,neutral
FILFVCCF,31,12,6,2,43,8,0.4794520547945205,neutral
CSRVCCFC,27,16,1,7,43,8,0.4794520547945205,neutral
YFVCCCCR,27,16,1,7,43,8,0.4794520547945205,neutral
DNVFYFYC,26,17,4,4,43,8,0.4794520547945205,neutral
LYFFVCNS,29,14,3,5,43,8,0.4794520547945205,neutral
HLVCRRCF,23,20,5,3,43,8,0.4794520547945205,neutral
CCLFRCNC,25,18,3,5,43,8,0.4794520547945205,neutral
LICVCFIS,21,22,4,4,43,8,0.4794520547945205,neutral
VYDFIRLR,76,65,30,29,141,59,0.47953216374269003,neutral
HYCCSCLV,42,26,8,13,68,21,0.47959183673469385,neutral
CYHGRVFD,38,30,13,8,68,21,0.47959183673469385,neutral
FCIFDYFS,43,25,9,12,68,21,0.47959183673469385,neutral
DCCGFRVF,35,33,10,11,68,21,0.47959183673469385,neutral
VYSVRHFG,42,26,8,13,68,21,0.47959183673469385,neutral
FLHNDFDV,43,25,12,9,68,21,0.47959183673469385,neutral
YFVFDGFD,43,25,9,12,68,21,0.47959183673469385,neutral
CHCGGCSN,43,25,11,10,68,21,0.47959183673469385,neutral
FINFCRFC,41,27,8,13,68,21,0.47959183673469385,neutral
VFIFNNDI,42,26,12,9,68,21,0.47959183673469385,neutral
HCYDNYRI,49,44,21,13,93,34,0.4796747967479675,neutral
FSCCFSCN,52,41,14,20,93,34,0.4796747967479675,neutral
SYCFSCLD,52,41,19,15,93,34,0.4796747967479675,neutral
CCVNLYCC,56,37,18,16,93,34,0.4796747967479675,neutral
YGFCYIFD,53,40,11,23,93,34,0.4796747967479675,neutral
CDDYSYSD,53,40,19,15,93,34,0.4796747967479675,neutral
LCSYYHCF,56,37,19,15,93,34,0.4796747967479675,neutral
RDGYGYHC,67,51,21,26,118,47,0.4797297297297297,neutral
VYDIFING,41,29,12,10,70,22,0.48,neutral
CFFDLVNR,44,26,9,13,70,22,0.48,neutral
FIYSRYDS,34,36,12,10,70,22,0.48,neutral
IYGFDCFH,40,30,13,9,70,22,0.48,neutral
YFGHYSLD,26,19,6,3,45,9,0.48,neutral
IVHNLYYF,31,14,5,4,45,9,0.48,neutral
FFICNFYC,28,17,4,5,45,9,0.48,neutral
FCFCDVCF,32,13,7,2,45,9,0.48,neutral
VNSFHSVY,37,33,10,12,70,22,0.48,neutral
FFYVYDCI,40,30,13,9,70,22,0.48,neutral
CLFCFFNH,23,22,2,7,45,9,0.48,neutral
VYCYVIRS,31,14,4,5,45,9,0.48,neutral
VFGYDCYC,32,13,5,4,45,9,0.48,neutral
FCYIIFCH,27,18,1,8,45,9,0.48,neutral
LCFFGRDV,41,29,11,11,70,22,0.48,neutral
CDFCYGCC,27,18,4,5,45,9,0.48,neutral
FCSSVVSY,57,38,16,19,95,35,0.48,neutral
GYDSVCYD,53,42,13,22,95,35,0.48,neutral
YSFSVDGV,116,104,48,52,220,100,0.48,neutral
GDDGFLYV,43,27,12,10,70,22,0.48,neutral
CYCVFFCS,28,17,4,5,45,9,0.48,neutral
CHLCSFCG,26,19,4,5,45,9,0.48,neutral
FCGVFSHH,56,39,15,20,95,35,0.48,neutral
DIFCFDVV,43,27,12,10,70,22,0.48,neutral
YFCCFNIR,25,20,4,5,45,9,0.48,neutral
CNCFSFLF,32,13,5,4,45,9,0.48,neutral
CYCCCGDH,64,56,22,26,120,48,0.48,neutral
SICCIYGC,40,30,12,10,70,22,0.48,neutral
CNCNIYCV,44,26,7,15,70,22,0.48,neutral
SCGLCGRC,26,19,6,3,45,9,0.48,neutral
IYDVLCIY,44,26,10,12,70,22,0.48,neutral
GCLCGCHH,43,27,10,12,70,22,0.48,neutral
CFDGYGNL,26,19,5,4,45,9,0.48,neutral
CYDLINHL,62,60,20,29,122,49,0.48026315789473684,neutral
YIHCDLIR,58,39,13,23,97,36,0.48031496062992124,neutral
INFIVSYV,58,39,17,19,97,36,0.48031496062992124,neutral
LNFFVCHH,45,27,16,7,72,23,0.4803921568627451,neutral
ICFICFVY,45,27,11,12,72,23,0.4803921568627451,neutral
FCFFGYYG,43,29,14,9,72,23,0.4803921568627451,neutral
FCCLSYCG,41,31,6,17,72,23,0.4803921568627451,neutral
FNSVCRYL,45,27,14,9,72,23,0.4803921568627451,neutral
CCDCYCLV,38,34,11,12,72,23,0.4803921568627451,neutral
CHRHIVYV,42,30,14,9,72,23,0.4803921568627451,neutral
FGFICFSH,39,33,11,12,72,23,0.4803921568627451,neutral
FGYYYDDI,32,15,6,4,47,10,0.4805194805194805,neutral
FVRYVFGF,27,20,5,5,47,10,0.4805194805194805,neutral
FCYCLNVV,30,17,7,3,47,10,0.4805194805194805,neutral
VVICCHCC,33,14,5,5,47,10,0.4805194805194805,neutral
FCFRYICV,29,18,5,5,47,10,0.4805194805194805,neutral
FGGCIFCC,33,14,6,4,47,10,0.4805194805194805,neutral
VYYYVFFD,29,18,6,4,47,10,0.4805194805194805,neutral
FNFFVFHH,30,17,3,7,47,10,0.4805194805194805,neutral
CYYCCCGS,30,17,3,7,47,10,0.4805194805194805,neutral
NYHCCYDV,28,19,5,5,47,10,0.4805194805194805,neutral
GYCVYGCC,21,26,5,5,47,10,0.4805194805194805,neutral
CSCCVIRS,33,14,5,5,47,10,0.4805194805194805,neutral
FFFYDFFC,23,24,5,5,47,10,0.4805194805194805,neutral
NVYHYVFC,70,54,22,28,124,50,0.4805194805194805,neutral
FNCVFYCS,32,15,5,5,47,10,0.4805194805194805,neutral
YFFCCSCF,54,45,19,18,99,37,0.4806201550387597,neutral
NHVGCVYF,46,28,11,13,74,24,0.4807692307692308,neutral
GFCRGVFI,70,56,23,28,126,51,0.4807692307692308,neutral
VFRCVFVH,44,30,11,13,74,24,0.4807692307692308,neutral
GFCCRFNF,46,28,14,10,74,24,0.4807692307692308,neutral
IFDFVCFY,42,32,14,10,74,24,0.4807692307692308,neutral
RYIIVYDH,46,28,9,15,74,24,0.4807692307692308,neutral
NCCSGILF,72,54,24,27,126,51,0.4807692307692308,neutral
CHNRCYFI,45,29,13,11,74,24,0.4807692307692308,neutral
YYGVCCIV,60,41,16,22,101,38,0.48091603053435117,neutral
CYYCGFGI,54,47,19,19,101,38,0.48091603053435117,neutral
FVYYCRFR,31,18,6,5,49,11,0.4810126582278481,neutral
VFHCGYGN,33,16,7,4,49,11,0.4810126582278481,neutral
FCFSYHGD,34,15,3,8,49,11,0.4810126582278481,neutral
HVYGFSFS,24,25,3,8,49,11,0.4810126582278481,neutral
VSLRYFVY,33,16,4,7,49,11,0.4810126582278481,neutral
YCCFLVCC,29,20,8,3,49,11,0.4810126582278481,neutral
FCVNFFCV,32,17,4,7,49,11,0.4810126582278481,neutral
FLFVVNCH,32,17,3,8,49,11,0.4810126582278481,neutral
VVVSFVFN,33,16,5,6,49,11,0.4810126582278481,neutral
SCVFVCCL,31,18,7,4,49,11,0.4810126582278481,neutral
FYCLRLCG,28,21,3,8,49,11,0.4810126582278481,neutral
CSCLNCGY,23,26,5,6,49,11,0.4810126582278481,neutral
FYLYIGFR,24,25,6,5,49,11,0.4810126582278481,neutral
SIFCCVFN,32,17,3,8,49,11,0.4810126582278481,neutral
IYCLYGGR,32,17,6,5,49,11,0.4810126582278481,neutral
FGIVYCLC,29,20,5,6,49,11,0.4810126582278481,neutral
SYGYLCGR,28,21,8,3,49,11,0.4810126582278481,neutral
FHDCDVYY,28,21,6,5,49,11,0.4810126582278481,neutral
YSYYLSHN,29,20,7,4,49,11,0.4810126582278481,neutral
YLVISGII,33,16,9,2,49,11,0.4810126582278481,neutral
YGCIHSRY,34,15,9,2,49,11,0.4810126582278481,neutral
CDCCVFGG,40,36,9,16,76,25,0.4811320754716981,neutral
DLGIFHIF,97,85,40,40,182,80,0.4811320754716981,neutral
IFNHGVCV,44,32,14,11,76,25,0.4811320754716981,neutral
CVIHSHLY,45,31,15,10,76,25,0.4811320754716981,neutral
VIHGVYGC,47,29,12,13,76,25,0.4811320754716981,neutral
CIFVLNGF,47,29,14,11,76,25,0.4811320754716981,neutral
CCCRDRNG,45,31,6,19,76,25,0.4811320754716981,neutral
CFNIYFYD,44,32,9,16,76,25,0.4811320754716981,neutral
CHSLCDYL,47,29,17,8,76,25,0.4811320754716981,neutral
CCDFGSVV,42,34,14,11,76,25,0.4811320754716981,neutral
CFVRYGVV,41,37,11,15,78,26,0.48148148148148145,neutral
YFDVFLHL,35,16,7,5,51,12,0.48148148148148145,neutral
FGVFCVVR,31,20,6,6,51,12,0.48148148148148145,neutral
FIIYCFDF,33,18,9,3,51,12,0.48148148148148145,neutral
VFGYSCDL,74,58,33,21,132,54,0.48148148148148145,neutral
FCGCYDSI,26,25,9,3,51,12,0.48148148148148145,neutral
CFCCGRRH,43,35,11,15,78,26,0.48148148148148145,neutral
FRDFCIVD,29,22,4,8,51,12,0.48148148148148145,neutral
YYCSCHHD,33,18,5,7,51,12,0.48148148148148145,neutral
YFGCYCVL,32,19,2,10,51,12,0.48148148148148145,neutral
CHLCSCIG,28,23,2,10,51,12,0.48148148148148145,neutral
SLYFDFYV,33,18,6,6,51,12,0.48148148148148145,neutral
IFHIRFDL,34,17,5,7,51,12,0.48148148148148145,neutral
LCSYYCCG,32,19,4,8,51,12,0.48148148148148145,neutral
YCLCCDVH,33,18,7,5,51,12,0.48148148148148145,neutral
VVGLICYV,42,36,14,12,78,26,0.48148148148148145,neutral
CYVDLYSN,43,35,15,11,78,26,0.48148148148148145,neutral
VFGGYDYC,47,31,13,13,78,26,0.48148148148148145,neutral
CGYCCCHN,32,19,4,8,51,12,0.48148148148148145,neutral
GYLLYGGR,32,19,5,7,51,12,0.48148148148148145,neutral
CFHSCFVG,45,33,8,18,78,26,0.48148148148148145,neutral
RDCICCCH,33,18,6,6,51,12,0.48148148148148145,neutral
CIICDSCI,45,33,8,18,78,26,0.48148148148148145,neutral
ICCDYCFF,32,19,2,10,51,12,0.48148148148148145,neutral
IFFFCYFS,28,23,7,5,51,12,0.48148148148148145,neutral
ICHVCDCY,33,18,3,9,51,12,0.48148148148148145,neutral
SIDYCGGI,33,18,4,8,51,12,0.48148148148148145,neutral
YCLCGFII,35,16,7,5,51,12,0.48148148148148145,neutral
CLFCNLHN,47,31,12,14,78,26,0.48148148148148145,neutral
FCHLFCFS,46,32,12,14,78,26,0.48148148148148145,neutral
YCNFVVCI,30,21,6,6,51,12,0.48148148148148145,neutral
YCYSGIGD,74,60,30,25,134,55,0.4817073170731707,neutral
NYCNVFLR,61,46,22,19,107,41,0.48175182481751827,neutral
FHLVVRDC,46,34,15,12,80,27,0.4818181818181818,neutral
YDDYFHGF,49,31,12,15,80,27,0.4818181818181818,neutral
GNLSGDYF,46,34,15,12,80,27,0.4818181818181818,neutral
YCGGCCRI,48,32,12,15,80,27,0.4818181818181818,neutral
IFGVHVYL,49,31,14,13,80,27,0.4818181818181818,neutral
HNCCDGFF,48,32,13,14,80,27,0.4818181818181818,neutral
CRLYVHLR,49,31,13,14,80,27,0.4818181818181818,neutral
FLSRNGGY,77,59,24,32,136,56,0.4819277108433735,neutral
HCVIIRHC,32,21,7,6,53,13,0.4819277108433735,neutral
VVIFVGLD,26,27,10,3,53,13,0.4819277108433735,neutral
FVYRSLRH,29,24,8,5,53,13,0.4819277108433735,neutral
CFFGGNDV,32,21,9,4,53,13,0.4819277108433735,neutral
CCLNCVLF,36,17,11,2,53,13,0.4819277108433735,neutral
FCGRCFRF,32,21,9,4,53,13,0.4819277108433735,neutral
VFVFLVYD,29,24,7,6,53,13,0.4819277108433735,neutral
HDYRILYF,32,21,8,5,53,13,0.4819277108433735,neutral
YGLDCDIY,35,18,6,7,53,13,0.4819277108433735,neutral
FDLCVCVY,33,20,5,8,53,13,0.4819277108433735,neutral
FVDFVDCY,78,60,26,31,138,57,0.48214285714285715,neutral
CCNYDYCF,48,34,17,11,82,28,0.48214285714285715,neutral
CVHVCGYG,49,33,14,14,82,28,0.48214285714285715,neutral
FYFDCFVY,92,75,34,38,167,72,0.48223350253807107,neutral
LFNICGGF,59,52,25,18,111,43,0.48226950354609927,neutral
FFGSFSGF,62,49,26,17,111,43,0.48226950354609927,neutral
YIFGCHLC,64,47,18,25,111,43,0.48226950354609927,neutral
FFGFNCID,63,48,25,18,111,43,0.48226950354609927,neutral
FSIIFDIC,36,19,8,6,55,14,0.4823529411764706,neutral
LDFYSCCR,31,24,8,6,55,14,0.4823529411764706,neutral
HFIIYYHC,37,18,7,7,55,14,0.4823529411764706,neutral
CGCNLFYF,37,18,8,6,55,14,0.4823529411764706,neutral
CCCGICVC,31,24,11,3,55,14,0.4823529411764706,neutral
CFCHHFGY,34,21,10,4,55,14,0.4823529411764706,neutral
FIFRCHCD,36,19,5,9,55,14,0.4823529411764706,neutral
GVYCVCRL,34,21,6,8,55,14,0.4823529411764706,neutral
IVYNFFVG,32,23,6,8,55,14,0.4823529411764706,neutral
CYHGFGCH,37,18,7,7,55,14,0.4823529411764706,neutral
YIHFHCGD,31,24,6,8,55,14,0.4823529411764706,neutral
YVNLCGCG,77,63,22,36,140,58,0.4823529411764706,neutral
YYCCGLVC,49,35,10,19,84,29,0.4824561403508772,neutral
FIGFIRLH,49,35,13,16,84,29,0.4824561403508772,neutral
CFVYDYNY,50,34,13,16,84,29,0.4824561403508772,neutral
CCVVDFCY,50,34,14,15,84,29,0.4824561403508772,neutral
GDCIDCIF,80,62,26,33,142,59,0.48255813953488375,neutral
YFFFRLCI,15,13,0,0,28,0,0.4827586206896552,neutral
FFFIFFHF,13,15,0,0,28,0,0.4827586206896552,neutral
FCCDFGYF,48,38,11,19,86,30,0.4827586206896552,neutral
CYVLVCYL,16,12,0,0,28,0,0.4827586206896552,neutral
FRLFLLFF,17,11,0,0,28,0,0.4827586206896552,neutral
YFNCRNFG,33,24,4,11,57,15,0.4827586206896552,neutral
FRFCVIDI,35,22,8,7,57,15,0.4827586206896552,neutral
RGVFDCFF,20,8,0,0,28,0,0.4827586206896552,neutral
CNDLYSVY,31,26,5,10,57,15,0.4827586206896552,neutral
CIFYFRLV,18,10,0,0,28,0,0.4827586206896552,neutral
CFFIYCFF,15,13,0,0,28,0,0.4827586206896552,neutral
CFSCVCVR,52,34,14,16,86,30,0.4827586206896552,neutral
FRFFFIFN,18,10,0,0,28,0,0.4827586206896552,neutral
FFFYICVY,14,14,0,0,28,0,0.4827586206896552,neutral
YIIRFFLC,13,15,0,0,28,0,0.4827586206896552,neutral
FFHGDFHG,30,27,8,7,57,15,0.4827586206896552,neutral
CHYCDFCD,61,54,19,26,115,45,0.4827586206896552,neutral
CCCCVSHY,49,37,15,15,86,30,0.4827586206896552,neutral
HHFCHYGV,66,49,17,28,115,45,0.4827586206896552,neutral
VNCVVVNY,36,21,5,10,57,15,0.4827586206896552,neutral
IFIVGSFC,37,20,7,8,57,15,0.4827586206896552,neutral
VLSCCCGN,57,58,19,26,115,45,0.4827586206896552,neutral
FFFLCFFI,22,6,0,0,28,0,0.4827586206896552,neutral
VYYVSLFF,13,15,0,0,28,0,0.4827586206896552,neutral
VCLFIHLL,17,11,0,0,28,0,0.4827586206896552,neutral
CCCCVFFC,34,23,3,12,57,15,0.4827586206896552,neutral
NFICHVYG,38,19,5,10,57,15,0.4827586206896552,neutral
FYDVIIVI,19,9,0,0,28,0,0.4827586206896552,neutral
LYYRHCSG,36,21,7,8,57,15,0.4827586206896552,neutral
FFFVYVVY,38,19,6,9,57,15,0.4827586206896552,neutral
YNVFFYIC,37,20,9,6,57,15,0.4827586206896552,neutral
YIVYFLYF,19,9,0,0,28,0,0.4827586206896552,neutral
FCDHHFCD,50,38,14,17,88,31,0.4830508474576271,neutral
SYDGIGII,43,45,12,19,88,31,0.4830508474576271,neutral
CILCIHGD,33,26,7,9,59,16,0.48314606741573035,neutral
YLCHVNVD,37,22,10,6,59,16,0.48314606741573035,neutral
CHCYCGHS,34,25,6,10,59,16,0.48314606741573035,neutral
YYGVYCVL,35,24,8,8,59,16,0.48314606741573035,neutral
CYCFSDFR,36,23,10,6,59,16,0.48314606741573035,neutral
CFFCYGFF,38,21,11,5,59,16,0.48314606741573035,neutral
SYGFYFRL,39,20,9,7,59,16,0.48314606741573035,neutral
CYCDCSFR,35,24,5,11,59,16,0.48314606741573035,neutral
YDYLSDGI,39,20,10,6,59,16,0.48314606741573035,neutral
LGCLCCHN,29,30,9,7,59,16,0.48314606741573035,neutral
FVRHYCLF,34,25,8,8,59,16,0.48314606741573035,neutral
YGYYDVLR,39,20,3,13,59,16,0.48314606741573035,neutral
NIYIRYGD,35,24,11,5,59,16,0.48314606741573035,neutral
FCVVIDVF,38,21,6,10,59,16,0.48314606741573035,neutral
FRVVYGCC,38,21,8,8,59,16,0.48314606741573035,neutral
DFVDYCLL,39,20,8,8,59,16,0.48314606741573035,neutral
FLLSCIYR,38,21,8,8,59,16,0.48314606741573035,neutral
YIRLCCGG,37,22,3,13,59,16,0.48314606741573035,neutral
YYSCFCCG,38,21,11,5,59,16,0.48314606741573035,neutral
VVFGDCDL,54,36,15,17,90,32,0.48333333333333334,neutral
VSIICRFL,20,10,0,1,30,1,0.48333333333333334,neutral
CFGDVFGC,51,39,18,14,90,32,0.48333333333333334,neutral
GGFGFHGR,18,12,0,1,30,1,0.48333333333333334,neutral
YIYYYLDF,19,11,0,1,30,1,0.48333333333333334,neutral
FFLCFICC,22,8,1,0,30,1,0.48333333333333334,neutral
FLFCYILR,20,10,0,1,30,1,0.48333333333333334,neutral
LVLSVRFF,14,16,0,1,30,1,0.48333333333333334,neutral
FCHNDFCC,52,38,13,19,90,32,0.48333333333333334,neutral
VLRCCYGY,51,39,16,16,90,32,0.48333333333333334,neutral
CFHFHIVF,24,6,1,0,30,1,0.48333333333333334,neutral
VFVVIIFI,16,14,0,1,30,1,0.48333333333333334,neutral
FVYIVYGI,19,11,0,1,30,1,0.48333333333333334,neutral
LRGFIDLY,54,36,18,14,90,32,0.48333333333333334,neutral
FCIRFDFC,22,8,0,1,30,1,0.48333333333333334,neutral
VICLCIIC,19,11,0,1,30,1,0.48333333333333334,neutral
LYLCCFFC,18,12,0,1,30,1,0.48333333333333334,neutral
IFHVIFFI,22,8,1,0,30,1,0.48333333333333334,neutral
FYSSFNIC,51,39,14,18,90,32,0.48333333333333334,neutral
RNCLCHCL,54,36,13,19,90,32,0.48333333333333334,neutral
FFYIVCDL,15,15,0,1,30,1,0.48333333333333334,neutral
YLFFVVLF,16,14,1,0,30,1,0.48333333333333334,neutral
FCCLFCIF,16,14,1,0,30,1,0.48333333333333334,neutral
ICCFFRFL,20,10,0,1,30,1,0.48333333333333334,neutral
FYILCVCL,18,12,1,0,30,1,0.48333333333333334,neutral
FFFVYFSC,17,13,0,1,30,1,0.48333333333333334,neutral
VCLICVRF,17,13,1,0,30,1,0.48333333333333334,neutral
CIFVFCCV,16,14,0,1,30,1,0.48333333333333334,neutral
FCFRVGGV,49,41,15,17,90,32,0.48333333333333334,neutral
FYFFCRCY,17,13,0,1,30,1,0.48333333333333334,neutral
FLSVHIVL,16,14,0,1,30,1,0.48333333333333334,neutral
CDFVYVDC,52,38,12,20,90,32,0.48333333333333334,neutral
LDCFYCFV,19,11,1,0,30,1,0.48333333333333334,neutral
CIFLLICC,23,7,1,0,30,1,0.48333333333333334,neutral
FCIIVFDC,16,14,0,1,30,1,0.48333333333333334,neutral
FVIFFFIF,19,11,0,1,30,1,0.48333333333333334,neutral
RLYDYYGI,69,52,28,20,121,48,0.48344370860927155,neutral
LCCYCVRV,40,21,10,7,61,17,0.4835164835164835,neutral
YIVVCDCN,39,22,6,11,61,17,0.4835164835164835,neutral
YCCCFIFC,40,21,6,11,61,17,0.4835164835164835,neutral
CGFVYCVC,35,26,7,10,61,17,0.4835164835164835,neutral
CFDIRYRC,34,27,8,9,61,17,0.4835164835164835,neutral
RVDDCGYY,39,22,7,10,61,17,0.4835164835164835,neutral
CDVRYFIL,37,24,4,13,61,17,0.4835164835164835,neutral
FNLYDGHR,34,27,9,8,61,17,0.4835164835164835,neutral
RFFHDCGF,36,25,11,6,61,17,0.4835164835164835,neutral
FLIDFCFG,55,37,15,18,92,33,0.48360655737704916,neutral
FYCVCGSF,55,37,14,19,92,33,0.48360655737704916,neutral
FVCDGSHY,53,39,15,18,92,33,0.48360655737704916,neutral
HHLSCCLY,50,42,18,15,92,33,0.48360655737704916,neutral
CCVCLCHF,53,39,18,15,92,33,0.48360655737704916,neutral
VYCYYGHF,55,37,22,11,92,33,0.48360655737704916,neutral
LRVDCSFC,50,42,17,16,92,33,0.48360655737704916,neutral
LNRDCFSL,64,59,19,30,123,49,0.48366013071895425,neutral
FCYYFCIH,82,74,25,41,156,66,0.4838709677419355,neutral
RIFFLYRG,23,9,2,0,32,2,0.4838709677419355,neutral
YSCVICII,25,7,2,0,32,2,0.4838709677419355,neutral
YGCHGYCV,55,39,15,19,94,34,0.4838709677419355,neutral
SCCDCGFL,50,44,13,21,94,34,0.4838709677419355,neutral
LHFFRFVY,21,11,1,1,32,2,0.4838709677419355,neutral
FYDYIFCF,18,14,1,1,32,2,0.4838709677419355,neutral
FFFYILFL,20,12,0,2,32,2,0.4838709677419355,neutral
YIDYFYFF,22,10,2,0,32,2,0.4838709677419355,neutral
VFYILYCL,21,11,2,0,32,2,0.4838709677419355,neutral
ICCFSGSC,55,39,15,19,94,34,0.4838709677419355,neutral
LYSGLIYH,87,69,31,35,156,66,0.4838709677419355,neutral
GDVYHFLR,41,22,9,9,63,18,0.4838709677419355,neutral
CFLYINVI,18,14,1,1,32,2,0.4838709677419355,neutral
IYFISFRL,19,13,1,1,32,2,0.4838709677419355,neutral
FYLVFFLL,18,14,0,2,32,2,0.4838709677419355,neutral
FVVFLSYF,16,16,1,1,32,2,0.4838709677419355,neutral
CYYFDIFC,41,22,7,11,63,18,0.4838709677419355,neutral
GCCIYCLL,23,9,0,2,32,2,0.4838709677419355,neutral
FYDLVCDY,34,29,11,7,63,18,0.4838709677419355,neutral
RHLCFRCR,54,40,12,22,94,34,0.4838709677419355,neutral
SVLFIHLC,21,11,0,2,32,2,0.4838709677419355,neutral
HDYCHSGY,38,25,9,9,63,18,0.4838709677419355,neutral
NICLVVYL,19,13,1,1,32,2,0.4838709677419355,neutral
VLVCFYCR,24,8,0,2,32,2,0.4838709677419355,neutral
FGIYLYFC,16,16,1,1,32,2,0.4838709677419355,neutral
FFFFFIFY,18,14,0,2,32,2,0.4838709677419355,neutral
LYYLCVLD,20,12,0,2,32,2,0.4838709677419355,neutral
FFVCCCVH,37,26,5,13,63,18,0.4838709677419355,neutral
RIVFCFLF,21,11,1,1,32,2,0.4838709677419355,neutral
CICLIVVC,15,17,0,2,32,2,0.4838709677419355,neutral
FCGGFGVC,38,25,12,6,63,18,0.4838709677419355,neutral
FYGVVYYR,35,28,7,11,63,18,0.4838709677419355,neutral
LFGLCVFF,17,15,1,1,32,2,0.4838709677419355,neutral
CIYFVCHF,22,10,1,1,32,2,0.4838709677419355,neutral
FDLIVFGS,55,39,18,16,94,34,0.4838709677419355,neutral
VVYFCGLV,37,26,9,9,63,18,0.4838709677419355,neutral
GVHCCCSC,55,39,17,17,94,34,0.4838709677419355,neutral
GFRICIVC,21,11,1,1,32,2,0.4838709677419355,neutral
HFVDFDYC,39,24,6,12,63,18,0.4838709677419355,neutral
FVLYYHYC,23,9,2,0,32,2,0.4838709677419355,neutral
CSCVRYNF,40,23,8,10,63,18,0.4838709677419355,neutral
FLFILRCC,19,13,1,1,32,2,0.4838709677419355,neutral
FFFCVYRH,19,13,2,0,32,2,0.4838709677419355,neutral
CVLCVGGF,35,28,5,13,63,18,0.4838709677419355,neutral
YCVCGISC,56,38,17,17,94,34,0.4838709677419355,neutral
IFCLGYFF,18,14,0,2,32,2,0.4838709677419355,neutral
CFCIFCCF,16,16,1,1,32,2,0.4838709677419355,neutral
FFLYFFCF,24,8,1,1,32,2,0.4838709677419355,neutral
FFICFGYG,25,7,0,2,32,2,0.4838709677419355,neutral
NFVCSFVL,40,23,7,11,63,18,0.4838709677419355,neutral
CIRVDFCC,55,39,16,18,94,34,0.4838709677419355,neutral
CFYYLCIF,22,10,1,1,32,2,0.4838709677419355,neutral
FCCLCSFD,21,11,2,0,32,2,0.4838709677419355,neutral
FLICVFSF,21,11,1,1,32,2,0.4838709677419355,neutral
SCRSCCCG,41,22,9,9,63,18,0.4838709677419355,neutral
SILLYFVI,23,9,1,1,32,2,0.4838709677419355,neutral
FYCYCCHL,16,16,1,1,32,2,0.4838709677419355,neutral
ILYCCIDH,72,55,26,25,127,51,0.4840764331210191,neutral
CFFRVNIV,52,44,19,16,96,35,0.48412698412698413,neutral
FCDVISYV,55,41,14,21,96,35,0.48412698412698413,neutral
HHICSCYR,54,42,17,18,96,35,0.48412698412698413,neutral
FISFRVNL,42,23,5,14,65,19,0.4842105263157895,neutral
IRYFDFGL,39,26,5,14,65,19,0.4842105263157895,neutral
CCVNCVRV,41,24,8,11,65,19,0.4842105263157895,neutral
FLYDRYCH,42,23,9,10,65,19,0.4842105263157895,neutral
LFFFDDGI,40,25,13,6,65,19,0.4842105263157895,neutral
FGGYLSFV,36,29,11,8,65,19,0.4842105263157895,neutral
YFDLSVCN,41,24,12,7,65,19,0.4842105263157895,neutral
CFYDYGLC,41,24,8,11,65,19,0.4842105263157895,neutral
GILHIGGF,40,25,9,10,65,19,0.4842105263157895,neutral
HVIDFVNF,38,27,7,12,65,19,0.4842105263157895,neutral
VFCCRYYC,38,27,11,8,65,19,0.4842105263157895,neutral
CCICILDY,26,8,3,0,34,3,0.484375,neutral
VIRYIFFV,19,15,3,0,34,3,0.484375,neutral
CFICVNFY,20,14,2,1,34,3,0.484375,neutral
LRCFFCYV,22,12,1,2,34,3,0.484375,neutral
FFDSGYRC,21,13,3,0,34,3,0.484375,neutral
VYLFVFNS,25,9,2,1,34,3,0.484375,neutral
DLVCCCCF,21,13,0,3,34,3,0.484375,neutral
FSCGVIFR,24,10,2,1,34,3,0.484375,neutral
LCFYFNFS,26,8,2,1,34,3,0.484375,neutral
FICLYRIF,22,12,2,1,34,3,0.484375,neutral
FFFLLDCF,25,9,3,0,34,3,0.484375,neutral
CFCCGYYV,20,14,2,1,34,3,0.484375,neutral
FFVVFCRC,24,10,0,3,34,3,0.484375,neutral
FCYYFIIL,24,10,2,1,34,3,0.484375,neutral
CYFYVFRS,24,10,0,3,34,3,0.484375,neutral
LVFFFVFF,22,12,2,1,34,3,0.484375,neutral
VCFCRVCR,54,44,19,17,98,36,0.484375,neutral
VYFFFLCF,22,12,1,2,34,3,0.484375,neutral
CVSFFVFF,19,15,2,1,34,3,0.484375,neutral
RFCLFGRF,25,9,2,1,34,3,0.484375,neutral
FVFSCFSD,57,41,18,18,98,36,0.484375,neutral
DFHIRYSF,21,13,0,3,34,3,0.484375,neutral
FIVFFCIR,21,13,0,3,34,3,0.484375,neutral
RLYYVLVV,19,15,3,0,34,3,0.484375,neutral
CICFNCCF,23,11,1,2,34,3,0.484375,neutral
YIFGVVLC,23,11,2,1,34,3,0.484375,neutral
FYYRVFHV,20,14,0,3,34,3,0.484375,neutral
CVLIRCVI,25,9,0,3,34,3,0.484375,neutral
FHFFFYGY,14,20,1,2,34,3,0.484375,neutral
YYLCRCSG,56,42,22,14,98,36,0.484375,neutral
FFFFFCFF,19,15,1,2,34,3,0.484375,neutral
FCVHGFLR,55,43,14,22,98,36,0.484375,neutral
FFIVFCVR,22,12,2,1,34,3,0.484375,neutral
FYLCGLRY,22,12,1,2,34,3,0.484375,neutral
SLFYFLSV,14,20,2,1,34,3,0.484375,neutral
YFFCICGV,18,16,0,3,34,3,0.484375,neutral
FFCCGFHL,18,16,3,0,34,3,0.484375,neutral
GICYFIYV,21,13,1,2,34,3,0.484375,neutral
CCFFSCGY,20,14,2,1,34,3,0.484375,neutral
FYCYYYCV,15,19,2,1,34,3,0.484375,neutral
FVVFNFVI,18,16,3,0,34,3,0.484375,neutral
FFFLFFYC,19,15,1,2,34,3,0.484375,neutral
VLYILSVF,24,10,2,1,34,3,0.484375,neutral
IFCVICFL,25,9,2,1,34,3,0.484375,neutral
FLCFINVF,21,13,0,3,34,3,0.484375,neutral
FLVIRIVL,24,10,3,0,34,3,0.484375,neutral
IIFINVGR,75,56,25,28,131,53,0.484472049689441,neutral
CVCVCHDV,37,30,15,5,67,20,0.4845360824742268,neutral
FNVGVVIL,42,25,14,6,67,20,0.4845360824742268,neutral
VHIFSDFV,39,28,10,10,67,20,0.4845360824742268,neutral
DFFIFCFN,41,26,12,8,67,20,0.4845360824742268,neutral
HCCRSFFI,36,31,10,10,67,20,0.4845360824742268,neutral
ICGIIHYF,42,25,13,7,67,20,0.4845360824742268,neutral
YFVDFFSD,33,34,9,11,67,20,0.4845360824742268,neutral
YHLGFGLV,41,26,12,8,67,20,0.4845360824742268,neutral
FIGNDVFC,40,27,8,12,67,20,0.4845360824742268,neutral
SCCCDCDR,59,41,16,21,100,37,0.4846153846153846,neutral
YCYVHCDG,57,43,22,15,100,37,0.4846153846153846,neutral
CFGISIGD,59,41,15,22,100,37,0.4846153846153846,neutral
ICCGVCFG,41,28,12,9,69,21,0.48484848484848486,neutral
LCRFVLYV,17,19,1,3,36,4,0.48484848484848486,neutral
SNFCFFFY,25,11,2,2,36,4,0.48484848484848486,neutral
FILVRCLH,27,9,1,3,36,4,0.48484848484848486,neutral
FCCGYFCC,22,14,0,4,36,4,0.48484848484848486,neutral
YFCFFFFR,22,14,2,2,36,4,0.48484848484848486,neutral
FHLFRVCI,20,16,2,2,36,4,0.48484848484848486,neutral
FYNFVIIH,22,14,3,1,36,4,0.48484848484848486,neutral
LFYLRVDR,41,28,10,11,69,21,0.48484848484848486,neutral
ICYICLVG,24,12,2,2,36,4,0.48484848484848486,neutral
CLFFCVFR,25,11,1,3,36,4,0.48484848484848486,neutral
FFIGLYVS,26,10,3,1,36,4,0.48484848484848486,neutral
FSNVGFCC,56,46,25,13,102,38,0.48484848484848486,neutral
NYCCHFCF,23,13,2,2,36,4,0.48484848484848486,neutral
YILCGVCF,24,12,2,2,36,4,0.48484848484848486,neutral
LFFICYVN,24,12,2,2,36,4,0.48484848484848486,neutral
FFVCVVFF,22,14,2,2,36,4,0.48484848484848486,neutral
CFFCSFHC,22,14,2,2,36,4,0.48484848484848486,neutral
FCCCDGYV,38,31,8,13,69,21,0.48484848484848486,neutral
CFLCLYSD,37,32,10,11,69,21,0.48484848484848486,neutral
VRIVCRYF,25,11,3,1,36,4,0.48484848484848486,neutral
YYFVVNIR,23,13,2,2,36,4,0.48484848484848486,neutral
IFVGFFYG,20,16,3,1,36,4,0.48484848484848486,neutral
CGGLFNHV,43,26,8,13,69,21,0.48484848484848486,neutral
YNLFIFIH,21,15,1,3,36,4,0.48484848484848486,neutral
FYLLCSLR,23,13,2,2,36,4,0.48484848484848486,neutral
LYSCLCCN,24,12,2,2,36,4,0.48484848484848486,neutral
FYGYVFIC,22,14,4,0,36,4,0.48484848484848486,neutral
FYFCCFIF,21,15,3,1,36,4,0.48484848484848486,neutral
CFFYVVSY,23,13,2,2,36,4,0.48484848484848486,neutral
LYHICFVV,22,14,1,3,36,4,0.48484848484848486,neutral
DCYCVVFV,18,18,2,2,36,4,0.48484848484848486,neutral
YFFVFVII,27,9,2,2,36,4,0.48484848484848486,neutral
CIVCRNCV,44,58,17,21,102,38,0.48484848484848486,neutral
RCCSLCVH,43,26,9,12,69,21,0.48484848484848486,neutral
FCVFCIVY,23,13,2,2,36,4,0.48484848484848486,neutral
CYFFFSLY,23,13,3,1,36,4,0.48484848484848486,neutral
VNFIGFVL,23,13,2,2,36,4,0.48484848484848486,neutral
FFRIVRCL,18,18,0,4,36,4,0.48484848484848486,neutral
IYDFVVFC,24,12,0,4,36,4,0.48484848484848486,neutral
IYYFFCFI,20,16,1,3,36,4,0.48484848484848486,neutral
VCFHFFGF,18,18,2,2,36,4,0.48484848484848486,neutral
YCGLHCVC,43,26,11,10,69,21,0.48484848484848486,neutral
CLHCVFNC,41,28,15,6,69,21,0.48484848484848486,neutral
FHFCGFNY,40,29,7,14,69,21,0.48484848484848486,neutral
FIGVYYIL,24,12,0,4,36,4,0.48484848484848486,neutral
RICCCFDY,41,28,5,16,69,21,0.48484848484848486,neutral
LVHLLCCV,15,21,2,2,36,4,0.48484848484848486,neutral
CIRCFFCG,21,15,1,3,36,4,0.48484848484848486,neutral
IRLVVVLC,19,17,2,2,36,4,0.48484848484848486,neutral
FFGNDYIN,58,46,14,25,104,39,0.48507462686567165,neutral
CLGCCSGL,59,45,18,21,104,39,0.48507462686567165,neutral
FICHDCGC,61,43,16,23,104,39,0.48507462686567165,neutral
HFSCFDCF,41,30,8,14,71,22,0.48514851485148514,neutral
VFGLVFIS,40,31,13,9,71,22,0.48514851485148514,neutral
CYVRFHHL,45,26,11,11,71,22,0.48514851485148514,neutral
CCCVDCYR,44,27,9,13,71,22,0.48514851485148514,neutral
CCCVHGVC,44,27,14,8,71,22,0.48514851485148514,neutral
CLFLGFYD,41,30,11,11,71,22,0.48514851485148514,neutral
IYFGFYGY,42,29,9,13,71,22,0.48514851485148514,neutral
CCIIICID,20,18,1,4,38,5,0.4852941176470588,neutral
CVCNCFGF,24,14,4,1,38,5,0.4852941176470588,neutral
FCCFCFCV,20,18,0,5,38,5,0.4852941176470588,neutral
FFIFCFYN,24,14,4,1,38,5,0.4852941176470588,neutral
RCCLCSID,26,12,2,3,38,5,0.4852941176470588,neutral
FFCCRGCY,20,18,2,3,38,5,0.4852941176470588,neutral
FCSFYLYG,25,13,2,3,38,5,0.4852941176470588,neutral
ICFCCGCC,25,13,2,3,38,5,0.4852941176470588,neutral
YCCRGCSF,55,51,17,23,106,40,0.4852941176470588,neutral
FHCVIICY,19,19,4,1,38,5,0.4852941176470588,neutral
FVYNVCRC,61,45,20,20,106,40,0.4852941176470588,neutral
CVFIFFNC,23,15,3,2,38,5,0.4852941176470588,neutral
IVYYHCLC,25,13,4,1,38,5,0.4852941176470588,neutral
CSFIVIVF,27,11,2,3,38,5,0.4852941176470588,neutral
VIDFCDSY,23,15,3,2,38,5,0.4852941176470588,neutral
IHGFVFYV,26,12,2,3,38,5,0.4852941176470588,neutral
CFLCFIGI,28,10,2,3,38,5,0.4852941176470588,neutral
YCFVIIRN,24,14,2,3,38,5,0.4852941176470588,neutral
VYVCYYYV,22,16,1,4,38,5,0.4852941176470588,neutral
CYCYGFVS,28,10,2,3,38,5,0.4852941176470588,neutral
FVILCCVY,24,14,1,4,38,5,0.4852941176470588,neutral
FCIHLVSY,24,14,3,2,38,5,0.4852941176470588,neutral
FIFGFFHI,27,11,3,2,38,5,0.4852941176470588,neutral
DLCIYVLV,23,15,2,3,38,5,0.4852941176470588,neutral
VVYVILNS,23,15,2,3,38,5,0.4852941176470588,neutral
FFYGFCFL,26,12,2,3,38,5,0.4852941176470588,neutral
CFIVVLCC,24,14,5,0,38,5,0.4852941176470588,neutral
HYVLCYVR,21,17,3,2,38,5,0.4852941176470588,neutral
VNICSCCF,21,17,4,1,38,5,0.4852941176470588,neutral
DIICCCVR,42,31,10,13,73,23,0.4854368932038835,neutral
IDFISYYS,44,29,15,8,73,23,0.4854368932038835,neutral
LYCDHCGL,43,30,13,10,73,23,0.4854368932038835,neutral
CFGVCSFY,44,29,10,13,73,23,0.4854368932038835,neutral
CCICYDLR,43,30,7,16,73,23,0.4854368932038835,neutral
RFSCVGCF,43,30,7,16,73,23,0.4854368932038835,neutral
CVVRHFYN,43,30,12,11,73,23,0.4854368932038835,neutral
FRYGLFDI,39,34,8,15,73,23,0.4854368932038835,neutral
YIICFLSG,38,35,7,16,73,23,0.4854368932038835,neutral
FFVRLHVR,42,31,12,11,73,23,0.4854368932038835,neutral
VHVFRSGF,38,35,14,9,73,23,0.4854368932038835,neutral
LDVCYSVY,63,45,18,23,108,41,0.4855072463768116,neutral
HCVYCLRS,57,51,25,16,108,41,0.4855072463768116,neutral
FICCYNFG,24,16,3,3,40,6,0.4857142857142857,neutral
FCVCLLSF,27,13,2,4,40,6,0.4857142857142857,neutral
SCYCFFRG,27,13,0,6,40,6,0.4857142857142857,neutral
FYFVLSCF,22,18,5,1,40,6,0.4857142857142857,neutral
FHLYDGLC,46,29,14,10,75,24,0.4857142857142857,neutral
CCSNCVYL,25,15,2,4,40,6,0.4857142857142857,neutral
YSCNGIYN,56,54,20,22,110,42,0.4857142857142857,neutral
FYHFCVCC,28,12,3,3,40,6,0.4857142857142857,neutral
FVCVIFCL,29,11,2,4,40,6,0.4857142857142857,neutral
NFIIFCIV,26,14,4,2,40,6,0.4857142857142857,neutral
LVCVYRIR,22,18,1,5,40,6,0.4857142857142857,neutral
GLGLGICF,43,32,13,11,75,24,0.4857142857142857,neutral
HIVFIRCI,27,13,1,5,40,6,0.4857142857142857,neutral
CLCYFYLL,18,22,2,4,40,6,0.4857142857142857,neutral
CCCFNGYL,28,12,4,2,40,6,0.4857142857142857,neutral
LYCCHIFV,47,28,12,12,75,24,0.4857142857142857,neutral
CSGRCCVV,47,28,9,15,75,24,0.4857142857142857,neutral
CVHCVLGG,64,46,16,26,110,42,0.4857142857142857,neutral
FFVFLDFL,27,13,2,4,40,6,0.4857142857142857,neutral
GLLLSDVF,64,46,22,20,110,42,0.4857142857142857,neutral
LFVHYCIC,25,15,3,3,40,6,0.4857142857142857,neutral
FSVFGYRY,45,30,10,14,75,24,0.4857142857142857,neutral
YYLYFCVY,26,14,2,4,40,6,0.4857142857142857,neutral
YIIRCSIG,20,20,3,3,40,6,0.4857142857142857,neutral
VVYCCGIR,55,55,21,21,110,42,0.4857142857142857,neutral
CLYVLLFG,25,15,1,5,40,6,0.4857142857142857,neutral
IIIYYCNG,26,14,2,4,40,6,0.4857142857142857,neutral
HHHIFFVC,26,14,2,4,40,6,0.4857142857142857,neutral
CLLYNFYI,22,18,3,3,40,6,0.4857142857142857,neutral
IFDCFYCF,24,16,3,3,40,6,0.4857142857142857,neutral
CFVFLDYF,45,30,10,14,75,24,0.4857142857142857,neutral
FVYNVIYC,62,48,18,24,110,42,0.4857142857142857,neutral
FCFFSVFY,27,13,3,3,40,6,0.4857142857142857,neutral
VDGFCYRN,82,65,23,38,147,61,0.4858757062146893,neutral
CYGFLFRN,83,64,36,25,147,61,0.4858757062146893,neutral
SHVLICCS,55,57,23,20,112,43,0.4859154929577465,neutral
FDYRGCCD,63,49,25,18,112,43,0.4859154929577465,neutral
YYCSRSDS,62,50,18,25,112,43,0.4859154929577465,neutral
CNCCNCYH,46,31,12,13,77,25,0.48598130841121495,neutral
NYHCGFVV,46,31,12,13,77,25,0.48598130841121495,neutral
LLGCRLCV,45,32,18,7,77,25,0.48598130841121495,neutral
FGFYGCGV,43,34,9,16,77,25,0.48598130841121495,neutral
CNLSYFRF,42,35,15,10,77,25,0.48598130841121495,neutral
FFCFVVYN,24,18,3,4,42,7,0.4861111111111111,neutral
FLCLYGYC,18,24,3,4,42,7,0.4861111111111111,neutral
FDYCSYFI,26,16,4,3,42,7,0.4861111111111111,neutral
LFFFFVFL,25,17,2,5,42,7,0.4861111111111111,neutral
IYVDCFLC,26,16,4,3,42,7,0.4861111111111111,neutral
NCCIFYGL,66,48,15,29,114,44,0.4861111111111111,neutral
CCCFRYDV,27,15,5,2,42,7,0.4861111111111111,neutral
NCVGHFHY,27,15,3,4,42,7,0.4861111111111111,neutral
FLFVFGFL,24,18,3,4,42,7,0.4861111111111111,neutral
CVYYCFNI,24,18,4,3,42,7,0.4861111111111111,neutral
CCFIFHCR,30,12,4,3,42,7,0.4861111111111111,neutral
CFVFVCCF,28,14,5,2,42,7,0.4861111111111111,neutral
GIYIVINS,21,21,5,2,42,7,0.4861111111111111,neutral
CCFCSYYN,19,23,2,5,42,7,0.4861111111111111,neutral
SCHFCCSV,26,16,1,6,42,7,0.4861111111111111,neutral
VFCCLCFD,29,13,2,5,42,7,0.4861111111111111,neutral
FCIIFNLF,25,17,3,4,42,7,0.4861111111111111,neutral
FVFCYNIR,27,15,4,3,42,7,0.4861111111111111,neutral
CFCHGVCG,25,17,5,2,42,7,0.4861111111111111,neutral
VVVFCLVF,25,17,4,3,42,7,0.4861111111111111,neutral
ISINVVFN,30,12,3,4,42,7,0.4861111111111111,neutral
IYIFFCGF,28,14,4,3,42,7,0.4861111111111111,neutral
CFHFRDGI,28,14,4,3,42,7,0.4861111111111111,neutral
IFHRFNIF,21,21,2,5,42,7,0.4861111111111111,neutral
CCLFFLYL,30,12,4,3,42,7,0.4861111111111111,neutral
FCFFHYFH,24,18,1,6,42,7,0.4861111111111111,neutral
VFVDIICY,26,16,2,5,42,7,0.4861111111111111,neutral
FLYVVICV,28,14,4,3,42,7,0.4861111111111111,neutral
FFCIYCHF,28,14,2,5,42,7,0.4861111111111111,neutral
YNCILCCS,47,32,13,13,79,26,0.48623853211009177,neutral
GNFGICFR,46,33,11,15,79,26,0.48623853211009177,neutral
CCGNFGCC,45,34,12,14,79,26,0.48623853211009177,neutral
YDCGRVYD,44,35,11,15,79,26,0.48623853211009177,neutral
CFYGFCGG,44,35,8,18,79,26,0.48623853211009177,neutral
CFCHFVVR,49,30,7,19,79,26,0.48623853211009177,neutral
HFGCDCLR,39,40,18,8,79,26,0.48623853211009177,neutral
YRVFDFHV,48,31,13,13,79,26,0.48623853211009177,neutral
IDFFGHFD,63,53,21,24,116,45,0.4863013698630137,neutral
CFLFDDCI,84,69,29,35,153,64,0.48633879781420764,neutral
VGCLFGHD,27,17,4,4,44,8,0.4864864864864865,neutral
LYNILCYV,25,19,3,5,44,8,0.4864864864864865,neutral
HYCCCSVC,49,32,10,17,81,27,0.4864864864864865,neutral
LGRFVCIV,49,32,5,22,81,27,0.4864864864864865,neutral
FVIYCFYN,27,17,3,5,44,8,0.4864864864864865,neutral
CCCHYCLL,28,16,1,7,44,8,0.4864864864864865,neutral
YSLHGVCF,49,32,18,9,81,27,0.4864864864864865,neutral
FLDGIYDV,26,18,4,4,44,8,0.4864864864864865,neutral
FSIIRCCF,28,16,3,5,44,8,0.4864864864864865,neutral
CCLCSYCG,31,13,4,4,44,8,0.4864864864864865,neutral
RCFCCYLV,24,20,5,3,44,8,0.4864864864864865,neutral
IVFLYGCV,49,32,12,15,81,27,0.4864864864864865,neutral
LFYCHCLL,27,17,3,5,44,8,0.4864864864864865,neutral
YYGFCRSS,21,23,5,3,44,8,0.4864864864864865,neutral
CSICGIYF,28,16,2,6,44,8,0.4864864864864865,neutral
YIFCFCYN,25,19,7,1,44,8,0.4864864864864865,neutral
CYICFSFS,28,16,1,7,44,8,0.4864864864864865,neutral
FIVLRCCG,26,18,3,5,44,8,0.4864864864864865,neutral
GCFYICLC,27,17,3,5,44,8,0.4864864864864865,neutral
YIIYCFFV,31,13,3,5,44,8,0.4864864864864865,neutral
FHCYIGFC,26,18,4,4,44,8,0.4864864864864865,neutral
HGYCNSSF,45,36,13,14,81,27,0.4864864864864865,neutral
YVICFFGV,24,20,0,8,44,8,0.4864864864864865,neutral
FCCRFGIY,17,27,2,6,44,8,0.4864864864864865,neutral
YYVICYDI,21,23,1,7,44,8,0.4864864864864865,neutral
CVGGYLGY,47,34,11,16,81,27,0.4864864864864865,neutral
LCGYVLRH,48,33,16,11,81,27,0.4864864864864865,neutral
GLDFHSYC,30,14,2,6,44,8,0.4864864864864865,neutral
LSNFFVSY,46,35,15,12,81,27,0.4864864864864865,neutral
NLIGFLYL,28,16,3,5,44,8,0.4864864864864865,neutral
CCVVGCFR,67,53,20,27,120,47,0.4866666666666667,neutral
IYSFSYFL,51,32,13,15,83,28,0.48672566371681414,neutral
CVFYVSHV,46,37,15,13,83,28,0.48672566371681414,neutral
HILGLLCC,50,33,13,15,83,28,0.48672566371681414,neutral
GCHCFVCV,29,17,4,5,46,9,0.4868421052631579,neutral
CYFRYSHG,21,25,5,4,46,9,0.4868421052631579,neutral
DLCCFYCY,30,16,4,5,46,9,0.4868421052631579,neutral
CCFCCRVF,29,17,3,6,46,9,0.4868421052631579,neutral
YLHCVCCC,32,14,6,3,46,9,0.4868421052631579,neutral
IHCYCLFC,32,14,6,3,46,9,0.4868421052631579,neutral
FCFHCVIC,28,18,4,5,46,9,0.4868421052631579,neutral
CCCYFRSY,31,15,5,4,46,9,0.4868421052631579,neutral
GNRFFCGY,70,52,28,20,122,48,0.4868421052631579,neutral
CIVSYFLD,30,16,4,5,46,9,0.4868421052631579,neutral
RCVVLVFL,27,19,5,4,46,9,0.4868421052631579,neutral
YFVIYFCG,27,19,4,5,46,9,0.4868421052631579,neutral
CCLCFYGN,25,21,5,4,46,9,0.4868421052631579,neutral
CFFFCCHD,25,21,3,6,46,9,0.4868421052631579,neutral
LFNLGLFR,63,59,21,27,122,48,0.4868421052631579,neutral
NHNFDFRY,29,17,6,3,46,9,0.4868421052631579,neutral
FYNLCYRG,32,14,7,2,46,9,0.4868421052631579,neutral
LSNYVRYL,28,18,4,5,46,9,0.4868421052631579,neutral
CSCVVIVC,31,15,6,3,46,9,0.4868421052631579,neutral
LFGFVVFL,27,19,4,5,46,9,0.4868421052631579,neutral
YIVSFRCC,24,22,4,5,46,9,0.4868421052631579,neutral
YVVVYCLF,32,14,4,5,46,9,0.4868421052631579,neutral
HIDLFFVR,45,40,17,12,85,29,0.48695652173913045,neutral
ICIFNYHL,46,39,14,15,85,29,0.48695652173913045,neutral
FHNCCDYR,47,38,16,13,85,29,0.48695652173913045,neutral
VYHYFGSD,51,34,12,17,85,29,0.48695652173913045,neutral
FNISVDIL,42,43,15,14,85,29,0.48695652173913045,neutral
CILGRYYR,70,54,23,26,124,49,0.487012987012987,neutral
VCFLFCYG,29,19,2,8,48,10,0.48717948717948717,neutral
VFYNVVGD,51,36,11,19,87,30,0.48717948717948717,neutral
FGVIINVN,22,26,6,4,48,10,0.48717948717948717,neutral
GCHVCSIL,52,35,12,18,87,30,0.48717948717948717,neutral
FNLIFFVR,31,17,3,7,48,10,0.48717948717948717,neutral
CGGFVCFR,51,36,19,11,87,30,0.48717948717948717,neutral
CYISRFYI,32,16,6,4,48,10,0.48717948717948717,neutral
IFVIRGFC,31,17,7,3,48,10,0.48717948717948717,neutral
RVFCVVID,32,16,8,2,48,10,0.48717948717948717,neutral
GIFCSSHC,72,54,29,21,126,50,0.48717948717948717,neutral
FVSHGVCF,33,15,6,4,48,10,0.48717948717948717,neutral
ICVLCFLS,31,17,3,7,48,10,0.48717948717948717,neutral
FYIYCCSN,31,17,1,9,48,10,0.48717948717948717,neutral
CSGCCLIR,26,22,5,5,48,10,0.48717948717948717,neutral
IYFCSIVV,32,16,6,4,48,10,0.48717948717948717,neutral
CISCGCCF,26,22,5,5,48,10,0.48717948717948717,neutral
VGSVGCFF,53,34,14,16,87,30,0.48717948717948717,neutral
CVVINYVI,46,43,10,21,89,31,0.48739495798319327,neutral
VIRCYFRH,47,42,19,12,89,31,0.48739495798319327,neutral
FCHCSFFR,50,39,15,16,89,31,0.48739495798319327,neutral
GFCLCGHI,50,39,14,17,89,31,0.48739495798319327,neutral
IIGLCCRC,54,35,16,15,89,31,0.48739495798319327,neutral
FCFHFCRC,51,38,14,17,89,31,0.48739495798319327,neutral
FIVNGLFV,91,78,27,45,169,72,0.48743718592964824,neutral
FDFVSFGR,32,18,3,8,50,11,0.4875,neutral
GYVIRVIH,32,18,4,7,50,11,0.4875,neutral
ILYRIDLR,29,21,8,3,50,11,0.4875,neutral
RCFCFLYG,32,18,4,7,50,11,0.4875,neutral
CCYCCHYR,26,24,4,7,50,11,0.4875,neutral
INIGCCCH,29,21,8,3,50,11,0.4875,neutral
CGLCCCCS,29,21,4,7,50,11,0.4875,neutral
CVVVLISY,25,25,9,2,50,11,0.4875,neutral
CCYVCLCL,27,23,7,4,50,11,0.4875,neutral
RCVLCLDI,30,20,6,5,50,11,0.4875,neutral
FIIFSCFY,29,21,7,4,50,11,0.4875,neutral
ICFFYVFY,27,23,4,7,50,11,0.4875,neutral
FFRCCLHL,34,16,6,5,50,11,0.4875,neutral
LRCHHFDI,73,57,24,28,130,52,0.4875,neutral
VVSVGFDC,31,19,7,4,50,11,0.4875,neutral
VYCLFFDG,54,37,21,11,91,32,0.48760330578512395,neutral
FLGFHHGG,54,37,20,12,91,32,0.48760330578512395,neutral
FCVGRHYF,48,43,13,19,91,32,0.48760330578512395,neutral
IVVYGNYL,52,39,13,19,91,32,0.48760330578512395,neutral
HFLFGDRG,53,38,11,21,91,32,0.48760330578512395,neutral
CYLDCYSG,54,37,12,20,91,32,0.48760330578512395,neutral
HCFHLGCC,54,37,16,16,91,32,0.48760330578512395,neutral
GRVYCFHR,69,63,26,27,132,53,0.4876543209876543,neutral
CHDCCCNN,73,59,23,30,132,53,0.4876543209876543,neutral
HCYFDVCF,67,65,33,20,132,53,0.4876543209876543,neutral
HHYNFYRL,34,18,4,8,52,12,0.4878048780487805,neutral
YFNIFNSI,32,20,7,5,52,12,0.4878048780487805,neutral
VFHYGYFI,31,21,4,8,52,12,0.4878048780487805,neutral
CVCYSVFN,33,19,7,5,52,12,0.4878048780487805,neutral
FCYFCNLD,30,22,6,6,52,12,0.4878048780487805,neutral
CCYCVNVR,34,18,6,6,52,12,0.4878048780487805,neutral
FCYCCFVR,34,18,6,6,52,12,0.4878048780487805,neutral
FCGDDILH,27,25,3,9,52,12,0.4878048780487805,neutral
LRFYGVHH,31,21,3,9,52,12,0.4878048780487805,neutral
DYYCGSFS,53,40,18,15,93,33,0.4878048780487805,neutral
SYNNVFLF,30,22,7,5,52,12,0.4878048780487805,neutral
VICCDCCF,33,19,8,4,52,12,0.4878048780487805,neutral
IYDCFFCV,54,39,18,15,93,33,0.4878048780487805,neutral
CHVFDIHF,57,38,17,17,95,34,0.488,neutral
DCFLHDVL,55,40,17,17,95,34,0.488,neutral
HHVLGNYV,56,39,18,16,95,34,0.488,neutral
FGGHSIFR,35,19,8,5,54,13,0.4880952380952381,neutral
VCFINDID,36,18,7,6,54,13,0.4880952380952381,neutral
FYCLCCCC,34,20,8,5,54,13,0.4880952380952381,neutral
HGCSNCVF,78,60,35,21,138,56,0.4880952380952381,neutral
FVDYLRHH,33,21,5,8,54,13,0.4880952380952381,neutral
CLSCLCRG,33,21,9,4,54,13,0.4880952380952381,neutral
CVLSNDCF,32,22,4,9,54,13,0.4880952380952381,neutral
FCNCCFVV,34,20,4,9,54,13,0.4880952380952381,neutral
CGVCLCRG,30,24,9,4,54,13,0.4880952380952381,neutral
FFCFIFDY,32,22,7,6,54,13,0.4880952380952381,neutral
FFVGGGYR,32,22,7,6,54,13,0.4880952380952381,neutral
CVVCYYNL,36,18,8,5,54,13,0.4880952380952381,neutral
VCCCRVSG,29,25,6,7,54,13,0.4880952380952381,neutral
CCVLCSNI,29,25,8,5,54,13,0.4880952380952381,neutral
YFVRDCDH,55,42,17,18,97,35,0.4881889763779528,neutral
CCFGSGLG,56,41,18,17,97,35,0.4881889763779528,neutral
LRYDSFHG,57,40,24,11,97,35,0.4881889763779528,neutral
CIRCCFYD,57,40,15,20,97,35,0.4881889763779528,neutral
GVRDFVVY,30,26,5,9,56,14,0.4883720930232558,neutral
FCVSCCCS,35,21,9,5,56,14,0.4883720930232558,neutral
GFDFVGDF,35,21,6,8,56,14,0.4883720930232558,neutral
LSYHGFHG,33,23,8,6,56,14,0.4883720930232558,neutral
YYYHRINN,31,25,7,7,56,14,0.4883720930232558,neutral
FSVICLSC,36,20,10,4,56,14,0.4883720930232558,neutral
FCYLLGYC,34,22,5,9,56,14,0.4883720930232558,neutral
FGHVIRVF,34,22,8,6,56,14,0.4883720930232558,neutral
CRCCCDCD,58,41,18,18,99,36,0.4883720930232558,neutral
FGHYCCIF,35,21,7,7,56,14,0.4883720930232558,neutral
CVFRGCYY,59,40,22,14,99,36,0.4883720930232558,neutral
GYHDYCRR,33,23,6,8,56,14,0.4883720930232558,neutral
YYYCCCCY,34,22,4,10,56,14,0.4883720930232558,neutral
CFRLCVHC,32,24,6,8,56,14,0.4883720930232558,neutral
GFCYVSVF,34,22,6,8,56,14,0.4883720930232558,neutral
NVFYSSRY,35,21,8,6,56,14,0.4883720930232558,neutral
GFFHLVNI,57,44,20,17,101,37,0.48854961832061067,neutral
FFFCLNSL,51,50,19,18,101,37,0.48854961832061067,neutral
DLIICCSV,38,20,7,8,58,15,0.48863636363636365,neutral
GNCLCGFR,34,24,6,9,58,15,0.48863636363636365,neutral
CFRCSVYV,32,26,6,9,58,15,0.48863636363636365,neutral
CFGGFFGD,34,24,4,11,58,15,0.48863636363636365,neutral
GYCGVYGH,37,21,9,6,58,15,0.48863636363636365,neutral
LIHCLCVY,33,25,8,7,58,15,0.48863636363636365,neutral
FGYYYCVG,37,21,6,9,58,15,0.48863636363636365,neutral
CCFGCDYC,34,24,7,8,58,15,0.48863636363636365,neutral
VYSHIFGR,31,27,5,10,58,15,0.48863636363636365,neutral
NYGDCYCY,35,23,10,5,58,15,0.48863636363636365,neutral
IDVYRYDY,33,25,7,8,58,15,0.48863636363636365,neutral
CVCCGCFR,33,25,7,8,58,15,0.48863636363636365,neutral
YCDCCGLF,35,23,7,8,58,15,0.48863636363636365,neutral
YFVVSCGG,36,22,8,7,58,15,0.48863636363636365,neutral
VFSGICDY,36,22,6,9,58,15,0.48863636363636365,neutral
LCYIVVYD,36,22,5,10,58,15,0.48863636363636365,neutral
ILCRHCVF,33,25,7,8,58,15,0.48863636363636365,neutral
FFYISCGC,31,27,5,10,58,15,0.48863636363636365,neutral
HCVSSYSF,35,23,6,9,58,15,0.48863636363636365,neutral
VLCCCCSD,60,43,17,21,103,38,0.48872180451127817,neutral
IDCNHIDI,59,44,17,21,103,38,0.48872180451127817,neutral
IFSYGLYS,147,134,66,63,281,129,0.4887459807073955,neutral
FILFFGGC,34,26,9,7,60,16,0.4888888888888889,neutral
VIYRDVSF,34,26,10,6,60,16,0.4888888888888889,neutral
VGFFLDRD,32,28,10,6,60,16,0.4888888888888889,neutral
CCVNYRFV,61,44,17,22,105,39,0.4888888888888889,neutral
FYDCVRDY,35,25,10,6,60,16,0.4888888888888889,neutral
VFSDLGRY,38,22,4,12,60,16,0.4888888888888889,neutral
LCYCSRGG,39,21,9,7,60,16,0.4888888888888889,neutral
CSVLGCYC,58,47,15,24,105,39,0.4888888888888889,neutral
HYVCGVRF,34,26,9,7,60,16,0.4888888888888889,neutral
FRLCFGCH,39,21,9,7,60,16,0.4888888888888889,neutral
FDICCCFD,36,24,10,6,60,16,0.4888888888888889,neutral
FYCVFNIS,60,45,20,19,105,39,0.4888888888888889,neutral
FRRCIGYY,37,23,5,11,60,16,0.4888888888888889,neutral
YVDVFCHI,85,67,31,32,152,63,0.489010989010989,neutral
YVGFDDCV,60,47,22,18,107,40,0.48905109489051096,neutral
CLFCYHCH,37,25,10,7,62,17,0.4891304347826087,neutral
YCCYSVFY,40,22,6,11,62,17,0.4891304347826087,neutral
FHCFSCCL,33,29,12,5,62,17,0.4891304347826087,neutral
DVYYSCNY,36,26,12,5,62,17,0.4891304347826087,neutral
YNVVCYHH,40,22,8,9,62,17,0.4891304347826087,neutral
IIYCVCNS,34,28,10,7,62,17,0.4891304347826087,neutral
FFCFGYVS,39,23,12,5,62,17,0.4891304347826087,neutral
YYRIFVNR,35,27,3,14,62,17,0.4891304347826087,neutral
CGGFRHIY,34,28,8,9,62,17,0.4891304347826087,neutral
FSYGVRCC,37,25,7,10,62,17,0.4891304347826087,neutral
IFCDFCGH,38,24,6,11,62,17,0.4891304347826087,neutral
CVYCCCGV,35,27,8,9,62,17,0.4891304347826087,neutral
ICDGVYDV,32,30,11,6,62,17,0.4891304347826087,neutral
CYCICVSD,39,23,6,11,62,17,0.4891304347826087,neutral
CVFRVDSY,63,46,19,22,109,41,0.4892086330935252,neutral
CCHGSCCC,35,29,11,7,64,18,0.48936170212765956,neutral
CFCCCCVS,41,23,4,14,64,18,0.48936170212765956,neutral
LCFCVVSC,63,48,23,19,111,42,0.48936170212765956,neutral
SGYFFDNC,37,27,10,8,64,18,0.48936170212765956,neutral
LLHIVFGG,37,27,4,14,64,18,0.48936170212765956,neutral
NYLHGNHF,40,24,11,7,64,18,0.48936170212765956,neutral
YYGVHCDH,37,27,12,6,64,18,0.48936170212765956,neutral
LHCCISCR,36,28,9,9,64,18,0.48936170212765956,neutral
CFCYGGVY,40,24,9,9,64,18,0.48936170212765956,neutral
VFFGCVSG,61,50,20,22,111,42,0.48936170212765956,neutral
NVFGCDFI,65,48,21,22,113,43,0.48951048951048953,neutral
GLCYLGYV,65,48,21,22,113,43,0.48951048951048953,neutral
CCYILYCN,38,28,8,11,66,19,0.4895833333333333,neutral
SFHSCHGY,42,24,11,8,66,19,0.4895833333333333,neutral
VSDVSCHY,39,27,11,8,66,19,0.4895833333333333,neutral
CRCRGLFL,40,26,11,8,66,19,0.4895833333333333,neutral
LDYFDFHD,37,29,12,7,66,19,0.4895833333333333,neutral
GLICICDI,40,26,11,8,66,19,0.4895833333333333,neutral
CVYFCNVL,42,24,11,8,66,19,0.4895833333333333,neutral
DVVLSSFI,64,51,21,23,115,44,0.4896551724137931,neutral
IDFHVFHC,90,74,33,36,164,69,0.4896907216494845,neutral
VRFFHHHL,89,75,28,41,164,69,0.4896907216494845,neutral
ILSYVVNC,38,30,11,9,68,20,0.4897959183673469,neutral
YCDYLSRC,41,27,10,10,68,20,0.4897959183673469,neutral
YFIFSFDV,39,29,13,7,68,20,0.4897959183673469,neutral
VISYCGDF,41,27,10,10,68,20,0.4897959183673469,neutral
GLFCDIRD,42,26,9,11,68,20,0.4897959183673469,neutral
FCHCYSNC,40,28,8,12,68,20,0.4897959183673469,neutral
IFVCDFFG,42,26,11,9,68,20,0.4897959183673469,neutral
CHSYVDRF,43,25,9,11,68,20,0.4897959183673469,neutral
CFGLNFDV,39,29,14,6,68,20,0.4897959183673469,neutral
CIDYDHNI,43,25,12,8,68,20,0.4897959183673469,neutral
FSCGLCGY,44,26,8,13,70,21,0.49,neutral
VLIRDNCF,39,31,6,15,70,21,0.49,neutral
YYLCNYYY,40,30,11,10,70,21,0.49,neutral
FCCGNVDF,43,29,10,12,72,22,0.49019607843137253,neutral
YYIRCFNV,41,31,8,14,72,22,0.49019607843137253,neutral
GHCYIVID,45,27,10,12,72,22,0.49019607843137253,neutral
FVRLVCCR,45,27,12,10,72,22,0.49019607843137253,neutral
IYFGIYDY,45,27,12,10,72,22,0.49019607843137253,neutral
FHSLCFCC,40,32,16,6,72,22,0.49019607843137253,neutral
DFICNILD,45,27,10,12,72,22,0.49019607843137253,neutral
VVCFCVGD,45,27,10,12,72,22,0.49019607843137253,neutral
IDFGLLRF,68,57,26,23,125,49,0.49032258064516127,neutral
FIYCCFYD,43,31,9,14,74,23,0.49038461538461536,neutral
FFCCFCLH,43,31,10,13,74,23,0.49038461538461536,neutral
FYILFDFG,37,37,10,13,74,23,0.49038461538461536,neutral
FLRHHGHF,46,28,13,10,74,23,0.49038461538461536,neutral
ICYCRRCG,43,31,11,12,74,23,0.49038461538461536,neutral
CGDLFFLL,45,29,12,11,74,23,0.49038461538461536,neutral
DYYGHLHH,36,38,11,12,74,23,0.49038461538461536,neutral
FIVRSRCY,41,33,6,17,74,23,0.49038461538461536,neutral
YSFFGSDF,46,28,13,10,74,23,0.49038461538461536,neutral
IFLCNDSL,69,58,28,22,127,50,0.49044585987261147,neutral
VYCVCVGV,98,82,38,39,180,77,0.49047619047619045,neutral
CGFHVNFY,73,56,22,29,129,51,0.49056603773584906,neutral
LVHLNRLF,47,29,10,14,76,24,0.49056603773584906,neutral
YCFINLHI,44,32,11,13,76,24,0.49056603773584906,neutral
LHSFCFIR,71,60,27,25,131,52,0.4906832298136646,neutral
CCHVFDFR,45,33,9,16,78,25,0.49074074074074076,neutral
GSCSIVFF,47,33,15,11,80,26,0.4909090909090909,neutral
LLVLDYGF,49,31,17,9,80,26,0.4909090909090909,neutral
FGYDYYVN,43,37,14,12,80,26,0.4909090909090909,neutral
NGFCFLGY,41,39,10,16,80,26,0.4909090909090909,neutral
GLCCLHDV,76,61,26,29,137,55,0.49101796407185627,neutral
RCLLLCHS,48,34,10,17,82,27,0.49107142857142855,neutral
CHCIFGCS,46,36,14,13,82,27,0.49107142857142855,neutral
CLYCDVYF,50,32,11,16,82,27,0.49107142857142855,neutral
VLSDDIYC,49,33,19,8,82,27,0.49107142857142855,neutral
CCCSCIGI,49,35,16,12,84,28,0.49122807017543857,neutral
LIFGYFLD,47,37,13,15,84,28,0.49122807017543857,neutral
LSLFCRYI,46,38,15,13,84,28,0.49122807017543857,neutral
FGVHHCCY,51,35,10,19,86,29,0.49137931034482757,neutral
FCLYVDCC,51,35,18,11,86,29,0.49137931034482757,neutral
RYLCDRGY,51,35,13,16,86,29,0.49137931034482757,neutral
FIVFRIGI,18,11,0,0,29,0,0.4915254237288136,neutral
FFCVVVRV,20,9,0,0,29,0,0.4915254237288136,neutral
HFHILYCY,20,9,0,0,29,0,0.4915254237288136,neutral
YCVGLFYS,53,35,13,17,88,30,0.4915254237288136,neutral
GFRGYCFG,16,13,0,0,29,0,0.4915254237288136,neutral
CCFLFFSF,14,15,0,0,29,0,0.4915254237288136,neutral
FRILHFLV,19,10,0,0,29,0,0.4915254237288136,neutral
YCVFFRCF,19,10,0,0,29,0,0.4915254237288136,neutral
FFHRFFCV,16,13,0,0,29,0,0.4915254237288136,neutral
FRYVLVYF,18,11,0,0,29,0,0.4915254237288136,neutral
CFFFFYGN,17,12,0,0,29,0,0.4915254237288136,neutral
YFVCFVRF,22,7,0,0,29,0,0.4915254237288136,neutral
DFNYHLCF,21,8,0,0,29,0,0.4915254237288136,neutral
FVCYRLHF,14,15,0,0,29,0,0.4915254237288136,neutral
VDGFIYHC,49,39,13,17,88,30,0.4915254237288136,neutral
VRCFYLIS,18,11,0,0,29,0,0.4915254237288136,neutral
CCLFFYRI,21,8,0,0,29,0,0.4915254237288136,neutral
YIFNYIFI,14,15,0,0,29,0,0.4915254237288136,neutral
FVCFFYIF,17,12,0,0,29,0,0.4915254237288136,neutral
RFLCFLRR,20,9,0,0,29,0,0.4915254237288136,neutral
FLLVFICF,21,8,0,0,29,0,0.4915254237288136,neutral
IFLCFFLY,16,13,0,0,29,0,0.4915254237288136,neutral
FRSVFCVC,18,11,0,0,29,0,0.4915254237288136,neutral
YNFFYFCR,47,41,13,17,88,30,0.4915254237288136,neutral
CIYYVCRI,21,8,0,0,29,0,0.4915254237288136,neutral
FHVDVFLH,49,41,11,20,90,31,0.49166666666666664,neutral
FVFLDDYF,53,37,17,14,90,31,0.49166666666666664,neutral
FGFYVDCD,54,36,14,17,90,31,0.49166666666666664,neutral
FCIDFCYC,54,36,18,13,90,31,0.49166666666666664,neutral
CYVFDDYC,54,36,17,14,90,31,0.49166666666666664,neutral
IFDFCGGV,53,37,16,15,90,31,0.49166666666666664,neutral
YRFCLLGV,48,42,14,17,90,31,0.49166666666666664,neutral
FCVDGHLV,51,39,16,15,90,31,0.49166666666666664,neutral
FRSCISDF,83,68,31,31,151,62,0.49171270718232046,neutral
FFLYCCVV,21,10,1,0,31,1,0.4918032786885246,neutral
FLLILFIV,17,14,1,0,31,1,0.4918032786885246,neutral
FLLGFIRC,23,8,0,1,31,1,0.4918032786885246,neutral
YFLVYGCF,23,8,1,0,31,1,0.4918032786885246,neutral
NLLCVIVI,18,13,0,1,31,1,0.4918032786885246,neutral
CNICFLCF,14,17,0,1,31,1,0.4918032786885246,neutral
FCIFHVCF,18,13,0,1,31,1,0.4918032786885246,neutral
CYCVRFFF,20,11,0,1,31,1,0.4918032786885246,neutral
FYCVFYVI,25,6,0,1,31,1,0.4918032786885246,neutral
FFFSVFYG,17,14,0,1,31,1,0.4918032786885246,neutral
LYCYYFYV,20,11,1,0,31,1,0.4918032786885246,neutral
FCHFLFCV,19,12,0,1,31,1,0.4918032786885246,neutral
FFICFFRI,18,13,1,0,31,1,0.4918032786885246,neutral
VCCIFFRC,18,13,0,1,31,1,0.4918032786885246,neutral
VFCVILVR,14,17,1,0,31,1,0.4918032786885246,neutral
IRCHVVVF,20,11,1,0,31,1,0.4918032786885246,neutral
LFFCVHIL,19,12,1,0,31,1,0.4918032786885246,neutral
FCIDHIFG,86,67,33,30,153,63,0.4918032786885246,neutral
RFCVRCVF,18,13,0,1,31,1,0.4918032786885246,neutral
VFLSIFIN,17,14,0,1,31,1,0.4918032786885246,neutral
IFFSVYVG,23,8,0,1,31,1,0.4918032786885246,neutral
GLFIVFFV,22,9,0,1,31,1,0.4918032786885246,neutral
FLCFCCGI,20,11,0,1,31,1,0.4918032786885246,neutral
VFFFLLYV,21,10,1,0,31,1,0.4918032786885246,neutral
CLLVLFCY,16,15,0,1,31,1,0.4918032786885246,neutral
VYVLYCCC,17,14,0,1,31,1,0.4918032786885246,neutral
FYIFCSLF,23,8,1,0,31,1,0.4918032786885246,neutral
FFGFYVFC,20,11,1,0,31,1,0.4918032786885246,neutral
YYLNDSYN,116,100,43,52,216,95,0.491869918699187,neutral
YFIRGCFC,49,45,18,15,94,33,0.49193548387096775,neutral
CGRVFCLD,54,40,16,17,94,33,0.49193548387096775,neutral
GICFRYGR,53,41,14,19,94,33,0.49193548387096775,neutral
FHVCCDCI,49,45,21,12,94,33,0.49193548387096775,neutral
ICGICVCG,55,39,11,22,94,33,0.49193548387096775,neutral
GFCCICGV,54,40,13,20,94,33,0.49193548387096775,neutral
CSFCSCCC,51,43,16,17,94,33,0.49193548387096775,neutral
HNYSYNDC,51,43,13,20,94,33,0.49193548387096775,neutral
VFCFFFCC,20,13,0,2,33,2,0.49206349206349204,neutral
RCCLFVFL,22,11,1,1,33,2,0.49206349206349204,neutral
GGFIFFIF,18,15,1,1,33,2,0.49206349206349204,neutral
FCYLYCFV,22,11,0,2,33,2,0.49206349206349204,neutral
RCFCLCRF,20,13,0,2,33,2,0.49206349206349204,neutral
FILCCNLF,21,12,1,1,33,2,0.49206349206349204,neutral
CYLFVRRY,18,15,0,2,33,2,0.49206349206349204,neutral
LFYGFSCF,53,43,12,22,96,34,0.49206349206349204,neutral
VCCIGYFL,21,12,2,0,33,2,0.49206349206349204,neutral
IVFYFCIC,25,8,1,1,33,2,0.49206349206349204,neutral
FYCICILR,26,7,2,0,33,2,0.49206349206349204,neutral
IYCGYSSD,53,43,12,22,96,34,0.49206349206349204,neutral
VIYRIFFY,16,17,2,0,33,2,0.49206349206349204,neutral
VCFVSLIF,18,15,1,1,33,2,0.49206349206349204,neutral
YRFLLCVH,25,8,1,1,33,2,0.49206349206349204,neutral
LFLRIGLL,23,10,1,1,33,2,0.49206349206349204,neutral
FCFCFSFC,17,16,0,2,33,2,0.49206349206349204,neutral
LNLCFLFL,19,14,1,1,33,2,0.49206349206349204,neutral
FICIGVGV,54,42,15,19,96,34,0.49206349206349204,neutral
FCLCVFFF,20,13,0,2,33,2,0.49206349206349204,neutral
FYYYFICI,23,10,0,2,33,2,0.49206349206349204,neutral
LCLCRFFY,20,13,1,1,33,2,0.49206349206349204,neutral
FYYCICVL,15,18,2,0,33,2,0.49206349206349204,neutral
FCFCVFGC,24,9,2,0,33,2,0.49206349206349204,neutral
LVLCFCIC,25,8,0,2,33,2,0.49206349206349204,neutral
FFVICNIV,22,11,2,0,33,2,0.49206349206349204,neutral
FGVFFYCH,25,8,2,0,33,2,0.49206349206349204,neutral
CFLFIFVD,25,8,0,2,33,2,0.49206349206349204,neutral
YVLHCYVC,24,9,1,1,33,2,0.49206349206349204,neutral
ICLLCFVY,20,13,2,0,33,2,0.49206349206349204,neutral
LFVHYIIF,22,11,1,1,33,2,0.49206349206349204,neutral
FGCYSGGC,53,43,21,13,96,34,0.49206349206349204,neutral
FCFCYYVD,23,10,2,0,33,2,0.49206349206349204,neutral
YILCCLYF,20,13,1,1,33,2,0.49206349206349204,neutral
YNCIVLSC,58,40,14,21,98,35,0.4921875,neutral
GVRCCLCG,51,47,15,20,98,35,0.4921875,neutral
YLVHGIYH,54,44,20,15,98,35,0.4921875,neutral
FINFLGLL,21,14,2,1,35,3,0.49230769230769234,neutral
YVLVFRCC,25,10,1,2,35,3,0.49230769230769234,neutral
CFCLIYRH,20,15,2,1,35,3,0.49230769230769234,neutral
VFCVLGII,17,18,3,0,35,3,0.49230769230769234,neutral
FVFYYINN,21,14,3,0,35,3,0.49230769230769234,neutral
FFNFVVVC,19,16,0,3,35,3,0.49230769230769234,neutral
LYFFCVLG,22,13,1,2,35,3,0.49230769230769234,neutral
LVHIVVLH,24,11,1,2,35,3,0.49230769230769234,neutral
FCFIIVGL,24,11,3,0,35,3,0.49230769230769234,neutral
IYFIFGIH,19,16,0,3,35,3,0.49230769230769234,neutral
FFRFVCLN,20,15,2,1,35,3,0.49230769230769234,neutral
FCVLCIVH,20,15,1,2,35,3,0.49230769230769234,neutral
LRCFLVGF,21,14,1,2,35,3,0.49230769230769234,neutral
RLYIGYVV,24,11,2,1,35,3,0.49230769230769234,neutral
ICCCDFCH,18,17,3,0,35,3,0.49230769230769234,neutral
FFFYSFIF,22,13,1,2,35,3,0.49230769230769234,neutral
FFCVLVRV,23,12,1,2,35,3,0.49230769230769234,neutral
SLHVHFVL,25,10,3,0,35,3,0.49230769230769234,neutral
CCCLCNII,21,14,2,1,35,3,0.49230769230769234,neutral
FCFYFRCV,27,8,1,2,35,3,0.49230769230769234,neutral
GYYCCYDI,57,43,18,18,100,36,0.49230769230769234,neutral
VCNFCSFC,20,15,2,1,35,3,0.49230769230769234,neutral
FYVFFDCC,27,8,0,3,35,3,0.49230769230769234,neutral
YIRVRICC,20,15,2,1,35,3,0.49230769230769234,neutral
FIFLYHRF,24,11,1,2,35,3,0.49230769230769234,neutral
FISFDDCF,60,42,17,20,102,37,0.49242424242424243,neutral
FLCCHFHS,60,42,19,18,102,37,0.49242424242424243,neutral
YYIFCYCC,20,17,3,1,37,4,0.4925373134328358,neutral
FFGCSFCF,23,14,3,1,37,4,0.4925373134328358,neutral
LRFFGDCN,26,11,4,0,37,4,0.4925373134328358,neutral
RFLCFRYC,19,18,2,2,37,4,0.4925373134328358,neutral
CCRGCNLV,19,18,1,3,37,4,0.4925373134328358,neutral
CVSFFLCC,22,15,1,3,37,4,0.4925373134328358,neutral
CFLCCCYI,23,14,3,1,37,4,0.4925373134328358,neutral
FLFGFIYV,21,16,3,1,37,4,0.4925373134328358,neutral
FRVFCISI,25,12,1,3,37,4,0.4925373134328358,neutral
CIICYCLL,22,15,1,3,37,4,0.4925373134328358,neutral
FLYCICYC,28,9,2,2,37,4,0.4925373134328358,neutral
YVCSLFYC,28,9,2,2,37,4,0.4925373134328358,neutral
NVFIVCVC,23,14,2,2,37,4,0.4925373134328358,neutral
LFFICFVI,23,14,2,2,37,4,0.4925373134328358,neutral
FLILISVL,25,12,2,2,37,4,0.4925373134328358,neutral
VIVLYCGY,26,11,2,2,37,4,0.4925373134328358,neutral
FFIDLLIH,25,12,1,3,37,4,0.4925373134328358,neutral
FCIFCYVI,28,9,1,3,37,4,0.4925373134328358,neutral
FFVFYFRD,22,15,1,3,37,4,0.4925373134328358,neutral
FCFFFIFR,22,15,1,3,37,4,0.4925373134328358,neutral
LIIFCHCF,23,14,3,1,37,4,0.4925373134328358,neutral
LICVGYFC,20,17,3,1,37,4,0.4925373134328358,neutral
CFICFIHF,27,10,2,2,37,4,0.4925373134328358,neutral
CCGCSICF,23,14,0,4,37,4,0.4925373134328358,neutral
CYCLGVLL,18,19,0,4,37,4,0.4925373134328358,neutral
LLFVYCIF,27,10,2,2,37,4,0.4925373134328358,neutral
FYCCCVLH,26,11,2,2,37,4,0.4925373134328358,neutral
DFVCIVRI,28,9,1,3,37,4,0.4925373134328358,neutral
VRHYCSVF,60,46,18,21,106,39,0.49264705882352944,neutral
VLVVNCYG,58,48,21,18,106,39,0.49264705882352944,neutral
LSFCFVGN,61,45,23,16,106,39,0.49264705882352944,neutral
CISFVLIY,23,16,3,2,39,5,0.4927536231884058,neutral
VDYDCVNY,26,13,0,5,39,5,0.4927536231884058,neutral
FNFCFHIV,23,16,3,2,39,5,0.4927536231884058,neutral
YFVVGLLC,28,11,2,3,39,5,0.4927536231884058,neutral
YYLICIGI,28,11,4,1,39,5,0.4927536231884058,neutral
FLFDYHSG,25,14,1,4,39,5,0.4927536231884058,neutral
FFLFVFGC,24,15,4,1,39,5,0.4927536231884058,neutral
RICCCYFS,27,12,3,2,39,5,0.4927536231884058,neutral
FCCCLYVC,26,13,4,1,39,5,0.4927536231884058,neutral
HYLVLCNL,27,12,4,1,39,5,0.4927536231884058,neutral
YRFCCFSF,28,11,2,3,39,5,0.4927536231884058,neutral
CFVSFYCG,16,23,4,1,39,5,0.4927536231884058,neutral
FIGVICFC,28,11,2,3,39,5,0.4927536231884058,neutral
YCYCVNCC,63,45,22,18,108,40,0.4927536231884058,neutral
RYDFIRLD,22,17,4,1,39,5,0.4927536231884058,neutral
DLVCFFLN,21,18,5,0,39,5,0.4927536231884058,neutral
FYDCYLVF,23,16,4,1,39,5,0.4927536231884058,neutral
FFISDFGH,60,48,17,23,108,40,0.4927536231884058,neutral
FFGRCYCY,26,13,5,0,39,5,0.4927536231884058,neutral
CFCYFICL,24,15,1,4,39,5,0.4927536231884058,neutral
CFVIINVC,21,18,3,2,39,5,0.4927536231884058,neutral
NVIYVFVH,26,13,1,4,39,5,0.4927536231884058,neutral
VIVCVCHN,19,20,3,2,39,5,0.4927536231884058,neutral
NLCICFCC,27,12,4,1,39,5,0.4927536231884058,neutral
RHCCIILC,26,13,1,4,39,5,0.4927536231884058,neutral
FYFCFCLS,24,15,0,5,39,5,0.4927536231884058,neutral
FFFYGFFI,25,14,2,3,39,5,0.4927536231884058,neutral
FYVCFFGC,28,11,2,3,39,5,0.4927536231884058,neutral
VVVFFRFF,29,10,2,3,39,5,0.4927536231884058,neutral
LGIFVFIH,24,15,1,4,39,5,0.4927536231884058,neutral
VIRLFCFN,21,18,3,2,39,5,0.4927536231884058,neutral
YCSYYCRF,23,16,1,4,39,5,0.4927536231884058,neutral
YLCYVSNH,60,48,21,19,108,40,0.4927536231884058,neutral
FCNFCDHG,25,14,4,1,39,5,0.4927536231884058,neutral
CVCVCRNH,59,51,23,18,110,41,0.4928571428571429,neutral
IHSSYCFV,64,46,17,24,110,41,0.4928571428571429,neutral
ICSFYCVV,64,46,23,18,110,41,0.4928571428571429,neutral
HCIDYCFN,57,53,24,17,110,41,0.4928571428571429,neutral
FGYFHDDV,27,14,3,3,41,6,0.49295774647887325,neutral
FLFGVFID,29,12,2,4,41,6,0.49295774647887325,neutral
ILHDFLND,26,15,4,2,41,6,0.49295774647887325,neutral
FYGFIFFV,22,19,4,2,41,6,0.49295774647887325,neutral
FYGDCGVV,28,13,4,2,41,6,0.49295774647887325,neutral
CFCCSYGH,29,12,2,4,41,6,0.49295774647887325,neutral
FLGFGSCV,26,15,4,2,41,6,0.49295774647887325,neutral
FCGCCLHH,24,17,2,4,41,6,0.49295774647887325,neutral
CCFCVNGI,22,19,4,2,41,6,0.49295774647887325,neutral
VIVCLLLV,27,14,5,1,41,6,0.49295774647887325,neutral
FYVDLLYL,24,17,4,2,41,6,0.49295774647887325,neutral
YCIFCVCN,27,14,1,5,41,6,0.49295774647887325,neutral
FYCYCCCF,23,18,2,4,41,6,0.49295774647887325,neutral
FYCFVLDV,25,16,3,3,41,6,0.49295774647887325,neutral
RVLYYYRF,23,18,3,3,41,6,0.49295774647887325,neutral
CVIFSLNR,64,48,26,16,112,42,0.49295774647887325,neutral
IYYIRDNF,28,13,3,3,41,6,0.49295774647887325,neutral
VHCHGCFY,26,15,2,4,41,6,0.49295774647887325,neutral
VGFYVCLR,28,13,3,3,41,6,0.49295774647887325,neutral
CLCIHICG,23,18,3,3,41,6,0.49295774647887325,neutral
YYVICCYC,26,15,3,3,41,6,0.49295774647887325,neutral
CYFCFFYI,21,20,1,5,41,6,0.49295774647887325,neutral
VYVNFFCC,24,17,2,4,41,6,0.49295774647887325,neutral
LYCSLCCG,24,17,0,6,41,6,0.49295774647887325,neutral
CCVCCRNY,21,20,3,3,41,6,0.49295774647887325,neutral
GDLYNGYY,30,11,2,4,41,6,0.49295774647887325,neutral
YYVFCICV,26,15,2,4,41,6,0.49295774647887325,neutral
YFRYRRDF,65,49,24,19,114,43,0.4930555555555556,neutral
YNFSGLCG,62,52,24,19,114,43,0.4930555555555556,neutral
FFIFVGSC,27,16,4,3,43,7,0.4931506849315068,neutral
FYVIYILC,28,15,4,3,43,7,0.4931506849315068,neutral
LCVVSFCF,25,18,1,6,43,7,0.4931506849315068,neutral
YCCFSLCY,26,17,3,4,43,7,0.4931506849315068,neutral
FYVFCRYL,26,17,1,6,43,7,0.4931506849315068,neutral
YRGCVIFF,26,17,3,4,43,7,0.4931506849315068,neutral
CFVFVFFG,26,17,3,4,43,7,0.4931506849315068,neutral
HLCFLISR,22,21,4,3,43,7,0.4931506849315068,neutral
CCNCHIVF,26,17,4,3,43,7,0.4931506849315068,neutral
DVCRCRCY,28,15,3,4,43,7,0.4931506849315068,neutral
CFYSVFSF,29,14,4,3,43,7,0.4931506849315068,neutral
LYCRCGNG,61,55,18,26,116,44,0.4931506849315068,neutral
NYCIFFLG,27,16,3,4,43,7,0.4931506849315068,neutral
IDYLFDCV,64,52,29,15,116,44,0.4931506849315068,neutral
VFIGFCFL,28,15,4,3,43,7,0.4931506849315068,neutral
FDFLCCCV,26,17,1,6,43,7,0.4931506849315068,neutral
VFFLGHYC,21,22,2,5,43,7,0.4931506849315068,neutral
CYFLIGLV,29,14,4,3,43,7,0.4931506849315068,neutral
FIGFFCYV,23,20,0,7,43,7,0.4931506849315068,neutral
YCCFVCCY,26,17,4,3,43,7,0.4931506849315068,neutral
IIVYCHSC,30,13,4,3,43,7,0.4931506849315068,neutral
FHVCSYCR,67,49,21,23,116,44,0.4931506849315068,neutral
GYYSCIIF,27,16,4,3,43,7,0.4931506849315068,neutral
CCFCFFCH,26,17,3,4,43,7,0.4931506849315068,neutral
FCRSIVIF,22,21,3,4,43,7,0.4931506849315068,neutral
CLLHICHS,68,50,21,24,118,45,0.49324324324324326,neutral
VFNGYSSV,68,50,25,20,118,45,0.49324324324324326,neutral
NLCSIFGH,67,51,17,28,118,45,0.49324324324324326,neutral
YDISYCGV,68,50,20,25,118,45,0.49324324324324326,neutral
CGYSFDRC,65,53,17,28,118,45,0.49324324324324326,neutral
GNVYVLIR,27,18,2,6,45,8,0.49333333333333335,neutral
FRFFCCCH,25,20,0,8,45,8,0.49333333333333335,neutral
YIVFVISD,31,14,5,3,45,8,0.49333333333333335,neutral
YFCFFYSV,26,19,4,4,45,8,0.49333333333333335,neutral
FCFSFVFF,26,19,6,2,45,8,0.49333333333333335,neutral
FYYYFYYC,31,14,3,5,45,8,0.49333333333333335,neutral
VFFCGCVF,25,20,6,2,45,8,0.49333333333333335,neutral
FYCSNRYV,27,18,6,2,45,8,0.49333333333333335,neutral
FFFFHFGD,26,19,4,4,45,8,0.49333333333333335,neutral
FYFCSGCC,29,16,5,3,45,8,0.49333333333333335,neutral
FFYCVVIL,22,23,5,3,45,8,0.49333333333333335,neutral
RGVCVIIL,26,19,5,3,45,8,0.49333333333333335,neutral
FYIFVFFY,29,16,2,6,45,8,0.49333333333333335,neutral
IGFYCLSI,66,54,26,20,120,46,0.49333333333333335,neutral
VNVFCYLY,32,13,3,5,45,8,0.49333333333333335,neutral
RYCRYCCF,32,13,3,5,45,8,0.49333333333333335,neutral
VFFVCCVL,29,16,5,3,45,8,0.49333333333333335,neutral
CCYCGLLC,26,19,6,2,45,8,0.49333333333333335,neutral
FIGFYDFG,32,13,2,6,45,8,0.49333333333333335,neutral
CGVYCLCV,32,13,4,4,45,8,0.49333333333333335,neutral
CNVFICCG,30,17,7,2,47,9,0.4935064935064935,neutral
DHNCCIHF,31,16,5,4,47,9,0.4935064935064935,neutral
FFFCDNDR,29,18,3,6,47,9,0.4935064935064935,neutral
VYVVCDFY,29,18,5,4,47,9,0.4935064935064935,neutral
HGLCISCG,31,16,3,6,47,9,0.4935064935064935,neutral
GYCCSGCL,27,20,5,4,47,9,0.4935064935064935,neutral
FYFCGGGC,31,16,5,4,47,9,0.4935064935064935,neutral
CIRLVCNF,31,16,6,3,47,9,0.4935064935064935,neutral
LFVIVFFG,30,17,4,5,47,9,0.4935064935064935,neutral
FYVGIIHF,32,15,5,4,47,9,0.4935064935064935,neutral
IYVHGVCV,65,59,23,25,124,48,0.4935064935064935,neutral
FCNDVFDC,27,20,6,3,47,9,0.4935064935064935,neutral
CFFCVCCH,27,20,5,4,47,9,0.4935064935064935,neutral
VCLLVYCG,26,21,3,6,47,9,0.4935064935064935,neutral
VYCCGCLH,30,17,2,7,47,9,0.4935064935064935,neutral
CFVDFYDD,30,17,2,7,47,9,0.4935064935064935,neutral
ILNVYNGF,33,14,3,6,47,9,0.4935064935064935,neutral
VCDCDYCY,23,24,4,5,47,9,0.4935064935064935,neutral
CVLCFVNL,29,18,6,3,47,9,0.4935064935064935,neutral
IFLYFVID,25,22,3,6,47,9,0.4935064935064935,neutral
FHFSDIYV,29,18,4,5,47,9,0.4935064935064935,neutral
FFYVINFH,27,20,4,5,47,9,0.4935064935064935,neutral
FHCNYFGH,32,15,5,4,47,9,0.4935064935064935,neutral
FIFCFVLL,22,25,3,6,47,9,0.4935064935064935,neutral
SFRYNHSF,72,54,21,28,126,49,0.4935897435897436,neutral
CYRHCNLC,68,58,17,32,126,49,0.4935897435897436,neutral
DCIYGRIF,70,56,22,27,126,49,0.4935897435897436,neutral
FCLGVDHD,29,20,1,9,49,10,0.4936708860759494,neutral
ISFHHFDG,32,17,3,7,49,10,0.4936708860759494,neutral
IFLNLYDR,26,23,3,7,49,10,0.4936708860759494,neutral
IFCCCFLC,29,20,6,4,49,10,0.4936708860759494,neutral
CRVVCIHV,34,15,6,4,49,10,0.4936708860759494,neutral
FIRFDNIY,32,17,3,7,49,10,0.4936708860759494,neutral
LCGCCGYH,29,20,5,5,49,10,0.4936708860759494,neutral
FICCGLCD,30,19,3,7,49,10,0.4936708860759494,neutral
ISCCFLVF,34,15,7,3,49,10,0.4936708860759494,neutral
INIYCFIS,28,21,3,7,49,10,0.4936708860759494,neutral
CCGCYIVV,30,19,5,5,49,10,0.4936708860759494,neutral
YSCNSDFI,32,17,3,7,49,10,0.4936708860759494,neutral
CCVFHSCC,32,17,5,5,49,10,0.4936708860759494,neutral
YCRYFVHG,34,15,4,6,49,10,0.4936708860759494,neutral
CIFLGLCC,30,19,8,2,49,10,0.4936708860759494,neutral
SVVFVFVG,29,20,4,6,49,10,0.4936708860759494,neutral
YSCDFYGV,27,22,4,6,49,10,0.4936708860759494,neutral
GCCHCCGN,32,17,3,7,49,10,0.4936708860759494,neutral
SCGFHYYS,72,56,19,31,128,50,0.4936708860759494,neutral
CINCCSRC,27,22,5,5,49,10,0.4936708860759494,neutral
FHCSHVDC,113,96,38,53,209,91,0.49372384937238495,neutral
YLCYVSCV,73,59,20,32,132,52,0.49382716049382713,neutral
CRICCDCL,33,18,6,5,51,11,0.49382716049382713,neutral
FIVFYDLG,35,16,5,6,51,11,0.49382716049382713,neutral
IHLLRCLC,33,18,7,4,51,11,0.49382716049382713,neutral
CHCRCFSV,34,17,6,5,51,11,0.49382716049382713,neutral
RYYLRSHL,34,17,8,3,51,11,0.49382716049382713,neutral
RFCICYRH,27,24,5,6,51,11,0.49382716049382713,neutral
YISSGYFH,33,18,6,5,51,11,0.49382716049382713,neutral
IYGYCFVV,31,20,7,4,51,11,0.49382716049382713,neutral
CCCLCYVF,31,20,4,7,51,11,0.49382716049382713,neutral
CCLCYSGC,33,18,2,9,51,11,0.49382716049382713,neutral
FVISVLYF,35,16,2,9,51,11,0.49382716049382713,neutral
YSCYCFLR,31,20,3,8,51,11,0.49382716049382713,neutral
VFCCCGGF,29,22,5,6,51,11,0.49382716049382713,neutral
LCGVVFFL,35,16,5,6,51,11,0.49382716049382713,neutral
LYCVHFHF,27,24,2,9,51,11,0.49382716049382713,neutral
FDYFHDFD,28,25,6,6,53,12,0.4939759036144578,neutral
FSIFVCSF,36,17,6,6,53,12,0.4939759036144578,neutral
YLRYFIGR,34,19,3,9,53,12,0.4939759036144578,neutral
VGCIHFYF,35,18,8,4,53,12,0.4939759036144578,neutral
YHIICDDY,27,26,2,10,53,12,0.4939759036144578,neutral
YLCGIVCY,32,21,5,7,53,12,0.4939759036144578,neutral
YCSHNLGF,34,19,7,5,53,12,0.4939759036144578,neutral
SHIFLCDL,32,21,7,5,53,12,0.4939759036144578,neutral
FYNFLRLV,34,19,2,10,53,12,0.4939759036144578,neutral
CFLILSCG,29,24,5,7,53,12,0.4939759036144578,neutral
CCLCYFLI,24,29,4,8,53,12,0.4939759036144578,neutral
FFHFNNVL,35,18,3,9,53,12,0.4939759036144578,neutral
YNVRDFVV,28,25,9,3,53,12,0.4939759036144578,neutral
CIRYFCHL,31,22,5,7,53,12,0.4939759036144578,neutral
FHVFCYVH,32,21,5,7,53,12,0.4939759036144578,neutral
VGVCDGDF,74,64,26,29,138,55,0.49404761904761907,neutral
DFLLFFGY,33,22,5,8,55,13,0.49411764705882355,neutral
YVCCLHCV,34,21,7,6,55,13,0.49411764705882355,neutral
CYDCFFVC,35,20,7,6,55,13,0.49411764705882355,neutral
YGLCCRCC,31,24,5,8,55,13,0.49411764705882355,neutral
FFCFICGG,31,24,7,6,55,13,0.49411764705882355,neutral
FCCYRFYS,34,21,7,6,55,13,0.49411764705882355,neutral
IFLFCDLI,29,26,7,6,55,13,0.49411764705882355,neutral
FCCFLVCC,32,23,5,8,55,13,0.49411764705882355,neutral
HIFCCCVL,35,20,6,7,55,13,0.49411764705882355,neutral
VYCIGLLC,32,23,5,8,55,13,0.49411764705882355,neutral
FGFCGYFL,78,62,28,28,140,56,0.49411764705882355,neutral
VIVFGCFD,36,19,5,8,55,13,0.49411764705882355,neutral
VDCYFFGH,37,18,6,7,55,13,0.49411764705882355,neutral
VYGVDFGC,32,23,8,5,55,13,0.49411764705882355,neutral
YFNDGFGI,80,62,33,24,142,57,0.4941860465116279,neutral
YFCFVVHG,31,26,8,6,57,14,0.4942528735632184,neutral
FCIDGGHF,36,21,7,7,57,14,0.4942528735632184,neutral
HCSFYCFR,37,20,6,8,57,14,0.4942528735632184,neutral
FFVVRNLF,34,23,10,4,57,14,0.4942528735632184,neutral
FYFNDVGV,35,22,9,5,57,14,0.4942528735632184,neutral
CRVFFGYC,38,19,5,9,57,14,0.4942528735632184,neutral
FLCYRCFS,34,23,5,9,57,14,0.4942528735632184,neutral
CLCLYCNR,35,22,3,11,57,14,0.4942528735632184,neutral
CFRCCLGG,27,30,8,6,57,14,0.4942528735632184,neutral
YGICINFI,29,28,9,5,57,14,0.4942528735632184,neutral
CGGIICFV,34,23,6,8,57,14,0.4942528735632184,neutral
VCLGLICV,33,24,7,7,57,14,0.4942528735632184,neutral
YYDFRGDF,31,26,7,7,57,14,0.4942528735632184,neutral
VFYCCHCG,35,22,7,7,57,14,0.4942528735632184,neutral
FVFCNDDV,38,19,9,5,57,14,0.4942528735632184,neutral
FLVCRHSY,31,26,3,11,57,14,0.4942528735632184,neutral
CCYLRYFR,38,21,4,11,59,15,0.4943820224719101,neutral
VVCFVYVF,35,24,4,11,59,15,0.4943820224719101,neutral
FFDCVNSV,35,24,9,6,59,15,0.4943820224719101,neutral
CYYVFCCI,37,22,8,7,59,15,0.4943820224719101,neutral
CFHCIILF,36,23,8,7,59,15,0.4943820224719101,neutral
VCRYCGFV,33,26,7,8,59,15,0.4943820224719101,neutral
CFHNCCSR,35,24,6,9,59,15,0.4943820224719101,neutral
FYFVYIFY,39,20,7,8,59,15,0.4943820224719101,neutral
NSVFCCCL,39,20,2,13,59,15,0.4943820224719101,neutral
CICSCHCY,35,24,6,9,59,15,0.4943820224719101,neutral
IYYGVYCL,36,23,8,7,59,15,0.4943820224719101,neutral
FCVCHVCS,38,21,7,8,59,15,0.4943820224719101,neutral
CYNFFDYR,39,20,8,7,59,15,0.4943820224719101,neutral
IVCLDIFY,31,28,10,5,59,15,0.4943820224719101,neutral
IDCCLCLR,40,21,7,9,61,16,0.4945054945054945,neutral
SCGVCYVL,37,24,9,7,61,16,0.4945054945054945,neutral
YFYGRGIC,39,22,8,8,61,16,0.4945054945054945,neutral
YLVCVDNI,36,25,7,9,61,16,0.4945054945054945,neutral
LCCINLCY,37,24,13,3,61,16,0.4945054945054945,neutral
LCVCGILL,39,22,11,5,61,16,0.4945054945054945,neutral
VCCRCSFH,38,23,6,10,61,16,0.4945054945054945,neutral
LYDLFCCF,39,22,4,12,61,16,0.4945054945054945,neutral
FVCCCFLS,37,24,4,12,61,16,0.4945054945054945,neutral
IIYVVSFY,35,26,7,9,61,16,0.4945054945054945,neutral
CLRDHVYY,39,22,7,9,61,16,0.4945054945054945,neutral
FCCCGVYV,41,22,7,10,63,17,0.4946236559139785,neutral
FSFDNFCG,38,25,7,10,63,17,0.4946236559139785,neutral
YCFSCSIF,38,25,5,12,63,17,0.4946236559139785,neutral
FNCVGLFR,40,23,14,3,63,17,0.4946236559139785,neutral
LCVDCVCR,36,27,11,6,63,17,0.4946236559139785,neutral
GGVCFNCH,38,25,9,8,63,17,0.4946236559139785,neutral
CFCNCVGY,38,25,5,12,63,17,0.4946236559139785,neutral
DYGYCNCG,84,74,32,33,158,65,0.4946808510638298,neutral
CFSRVHYC,41,24,8,10,65,18,0.49473684210526314,neutral
YCCIVCSV,36,29,8,10,65,18,0.49473684210526314,neutral
CLLFGRGY,41,24,8,10,65,18,0.49473684210526314,neutral
FFVSCDRD,41,24,8,10,65,18,0.49473684210526314,neutral
CCSLIFDC,41,24,9,9,65,18,0.49473684210526314,neutral
FCCGNICC,36,29,9,9,65,18,0.49473684210526314,neutral
FHRYYVRV,42,23,7,11,65,18,0.49473684210526314,neutral
INYVCDFR,39,26,8,10,65,18,0.49473684210526314,neutral
IGGNYYFR,40,25,7,11,65,18,0.49473684210526314,neutral
CICHSGCS,35,30,8,10,65,18,0.49473684210526314,neutral
HICCHCCV,39,28,8,11,67,19,0.4948453608247423,neutral
YCFSYHHG,32,35,7,12,67,19,0.4948453608247423,neutral
FFYDFVRG,41,26,7,12,67,19,0.4948453608247423,neutral
FYVFYHVY,38,29,8,11,67,19,0.4948453608247423,neutral
RCRYDCCG,41,26,8,11,67,19,0.4948453608247423,neutral
FCFVRCVI,38,29,8,11,67,19,0.4948453608247423,neutral
FYYHGFSN,42,25,11,8,67,19,0.4948453608247423,neutral
CIHCFYGS,37,30,4,15,67,19,0.4948453608247423,neutral
CRCSGCNH,36,31,9,10,67,19,0.4948453608247423,neutral
YGLGDGIY,40,27,7,12,67,19,0.4948453608247423,neutral
HSYGDNLF,39,28,9,10,67,19,0.4948453608247423,neutral
CCFCNSVC,41,28,11,9,69,20,0.494949494949495,neutral
CYFYSFHY,43,26,11,9,69,20,0.494949494949495,neutral
CLCIDFVY,42,27,7,13,69,20,0.494949494949495,neutral
SYGDFDCL,38,31,8,12,69,20,0.494949494949495,neutral
SHDVFFRC,39,30,9,11,69,20,0.494949494949495,neutral
GICCSHIH,42,27,12,8,69,20,0.494949494949495,neutral
VNDFVSFH,44,25,15,5,69,20,0.494949494949495,neutral
FIYDILGY,39,30,7,13,69,20,0.494949494949495,neutral
CHCICFHN,36,33,10,10,69,20,0.494949494949495,neutral
CICVSCGC,40,29,8,12,69,20,0.494949494949495,neutral
FGLHNFDD,40,29,5,15,69,20,0.494949494949495,neutral
FFCLNFVC,43,26,9,11,69,20,0.494949494949495,neutral
IIGNFNDF,44,27,12,9,71,21,0.49504950495049505,neutral
IFDDRDYC,42,29,9,12,71,21,0.49504950495049505,neutral
CCCVGFHH,44,27,14,7,71,21,0.49504950495049505,neutral
FCCFDNYY,42,29,11,10,71,21,0.49504950495049505,neutral
CILVCGLD,42,29,11,10,71,21,0.49504950495049505,neutral
FCYCYGRI,42,29,6,15,71,21,0.49504950495049505,neutral
RVCCGFVC,42,29,10,11,71,21,0.49504950495049505,neutral
RDYYVNCF,45,26,4,17,71,21,0.49504950495049505,neutral
GYVNGNCF,97,79,31,43,176,74,0.49514563106796117,neutral
DIFGLGGC,46,27,9,13,73,22,0.49514563106796117,neutral
YNVFFIHI,39,34,13,9,73,22,0.49514563106796117,neutral
HCFVHCCH,42,31,10,12,73,22,0.49514563106796117,neutral
LCDNFVRF,43,30,12,10,73,22,0.49514563106796117,neutral
CRCCYNVY,47,28,11,12,75,23,0.49523809523809526,neutral
FCDYFVIS,46,29,10,13,75,23,0.49523809523809526,neutral
VFYCRNVF,44,31,11,12,75,23,0.49523809523809526,neutral
YIVNCCCN,43,32,12,11,75,23,0.49523809523809526,neutral
HHISYDFG,34,41,7,16,75,23,0.49523809523809526,neutral
CRYFCDIY,42,35,11,13,77,24,0.4953271028037383,neutral
DGCLGYVV,46,31,13,11,77,24,0.4953271028037383,neutral
CLRNCCFR,48,29,11,13,77,24,0.4953271028037383,neutral
GYCSCCYV,46,33,11,14,79,25,0.4954128440366973,neutral
CCIFHNYF,42,37,10,15,79,25,0.4954128440366973,neutral
SCGDYIIV,49,30,13,12,79,25,0.4954128440366973,neutral
RYCCISGC,46,33,18,7,79,25,0.4954128440366973,neutral
IIFCFGCS,41,38,8,17,79,25,0.4954128440366973,neutral
CYCLISGG,44,35,14,11,79,25,0.4954128440366973,neutral
FDGFCLGG,48,31,12,13,79,25,0.4954128440366973,neutral
FCHCNFCG,49,30,10,15,79,25,0.4954128440366973,neutral
FHFFGYGD,46,33,11,14,79,25,0.4954128440366973,neutral
CRCCYHVD,45,34,9,16,79,25,0.4954128440366973,neutral
FLGSCFSS,49,30,11,14,79,25,0.4954128440366973,neutral
CDYSCIDV,49,30,13,12,79,25,0.4954128440366973,neutral
FDGFLSRY,49,30,10,15,79,25,0.4954128440366973,neutral
VICSGDSY,48,31,8,17,79,25,0.4954128440366973,neutral
LISVHFDH,48,33,17,9,81,26,0.4954954954954955,neutral
CICCGIGV,49,32,12,14,81,26,0.4954954954954955,neutral
GVRLVICH,46,35,13,13,81,26,0.4954954954954955,neutral
DCFCLHVL,49,32,17,9,81,26,0.4954954954954955,neutral
CYLYGYDN,46,35,11,15,81,26,0.4954954954954955,neutral
FHFSFCDG,50,31,8,18,81,26,0.4954954954954955,neutral
CVRFSYFR,49,34,14,13,83,27,0.49557522123893805,neutral
CDILRDFN,44,39,10,17,83,27,0.49557522123893805,neutral
NVFIFYGC,51,34,16,12,85,28,0.4956521739130435,neutral
FHCGCICC,52,33,7,21,85,28,0.4956521739130435,neutral
FLCIYNDC,52,33,12,16,85,28,0.4956521739130435,neutral
VGFCGCCV,46,39,15,13,85,28,0.4956521739130435,neutral
SCCCCICF,51,34,8,20,85,28,0.4956521739130435,neutral
VVCFGNYY,45,40,9,19,85,28,0.4956521739130435,neutral
CCHFHNYL,49,36,16,12,85,28,0.4956521739130435,neutral
FIHYYNYD,51,34,13,15,85,28,0.4956521739130435,neutral
FLCHCHGD,48,37,14,14,85,28,0.4956521739130435,neutral
GCCCHIHY,51,36,14,15,87,29,0.49572649572649574,neutral
GYGYVVCL,46,41,14,15,87,29,0.49572649572649574,neutral
FRGVYGVH,51,36,15,14,87,29,0.49572649572649574,neutral
FRYHGFCV,51,38,18,12,89,30,0.4957983193277311,neutral
FFNCSCVC,54,35,13,17,89,30,0.4957983193277311,neutral
DNIFCRCR,50,39,18,12,89,30,0.4957983193277311,neutral
YVIYGCRC,54,35,16,14,89,30,0.4957983193277311,neutral
VCCYCDCG,55,38,16,16,93,32,0.4959349593495935,neutral
CYFILDDN,53,40,14,18,93,32,0.4959349593495935,neutral
NICYCSCI,47,46,14,18,93,32,0.4959349593495935,neutral
SCSLCSCL,50,43,16,16,93,32,0.4959349593495935,neutral
HCFFYGCY,55,40,12,21,95,33,0.496,neutral
FCLRFHYI,57,38,14,19,95,33,0.496,neutral
FCVCCGSY,57,40,15,19,97,34,0.49606299212598426,neutral
CLCVHCCC,58,39,15,19,97,34,0.49606299212598426,neutral
FCHCFYDH,52,45,13,21,97,34,0.49606299212598426,neutral
LLLRSCFC,50,47,18,16,97,34,0.49606299212598426,neutral
YFGCFCFD,59,40,14,21,99,35,0.49612403100775193,neutral
FDYRDLHF,56,43,14,21,99,35,0.49612403100775193,neutral
CCFCFDIH,58,41,22,13,99,35,0.49612403100775193,neutral
FFCFYGDH,52,47,19,16,99,35,0.49612403100775193,neutral
SFVGDYIG,59,40,18,17,99,35,0.49612403100775193,neutral
GDSFFVRC,60,41,14,22,101,36,0.4961832061068702,neutral
VCIRLCGL,58,43,19,17,101,36,0.4961832061068702,neutral
INFFCLHD,59,42,21,15,101,36,0.4961832061068702,neutral
VGVFVSFS,60,43,12,25,103,37,0.49624060150375937,neutral
RYVCYDYV,59,44,17,20,103,37,0.49624060150375937,neutral
FGCSYIYG,54,49,19,18,103,37,0.49624060150375937,neutral
FRCYGDGY,62,43,21,17,105,38,0.4962962962962963,neutral
YYFIRCVR,62,43,20,18,105,38,0.4962962962962963,neutral
GHVVDRYG,61,48,17,23,109,40,0.49640287769784175,neutral
FFCLCDDC,58,51,19,21,109,40,0.49640287769784175,neutral
GYCYNRCC,63,48,20,21,111,41,0.49645390070921985,neutral
FFCVSYFN,60,53,20,22,113,42,0.4965034965034965,neutral
YSIRFHGD,65,48,20,22,113,42,0.4965034965034965,neutral
FLSLYCGI,67,52,19,26,119,45,0.49664429530201343,neutral
DIDFGLSD,70,53,21,26,123,47,0.49673202614379086,neutral
HSDCYCCV,74,55,22,28,129,50,0.4968553459119497,neutral
YRCHIGYG,73,64,24,30,137,54,0.49700598802395207,neutral
LYDCLCGD,73,64,24,30,137,54,0.49700598802395207,neutral
SFYCFLRR,79,60,23,32,139,55,0.4970414201183432,neutral
FDILNVHG,87,70,28,36,157,64,0.49732620320855614,neutral
YHSLFFYG,86,77,31,36,163,67,0.49740932642487046,neutral
LDICYSSC,53,45,20,14,98,34,0.5,neutral
LSFFVFNI,19,19,2,2,38,4,0.5,neutral
FVFVCFHL,27,13,2,3,40,5,0.5,neutral
CLIFRRLF,16,16,1,0,32,1,0.5,neutral
HLYFLCCV,22,16,3,1,38,4,0.5,neutral
FFFVCFCS,24,10,1,1,34,2,0.5,neutral
HLLVVIVL,18,14,1,0,32,1,0.5,neutral
IFDVIFCV,35,19,5,7,54,12,0.5,neutral
GCVIIFCF,30,20,4,6,50,10,0.5,neutral
LDFCIIFF,33,17,5,5,50,10,0.5,neutral
FDFCFYVF,22,12,0,2,34,2,0.5,neutral
CFVFLGCF,19,13,1,0,32,1,0.5,neutral
FFVILSRI,21,13,1,1,34,2,0.5,neutral
CCIFYYLL,28,10,1,3,38,4,0.5,neutral
VSVYVGVY,42,30,10,11,72,21,0.5,neutral
CFSFCVIR,38,32,8,12,70,20,0.5,neutral
YYLCVVCG,32,18,3,7,50,10,0.5,neutral
CCCFISID,33,19,4,7,52,11,0.5,neutral
FCCFVISG,43,31,11,11,74,22,0.5,neutral
DDVGRFHF,45,27,8,13,72,21,0.5,neutral
CYLRHYCR,33,19,8,3,52,11,0.5,neutral
FDHYYVLR,40,22,9,7,62,16,0.5,neutral
CRCIVCDL,18,20,2,2,38,4,0.5,neutral
FYFCLDCD,43,25,11,8,68,19,0.5,neutral
CCYYDFSV,64,46,23,17,110,40,0.5,neutral
NDDFGCDY,26,14,3,2,40,5,0.5,neutral
HYVLFCCH,20,16,2,1,36,3,0.5,neutral
LLLFSVGI,40,30,5,15,70,20,0.5,neutral
VYCLHIIV,21,9,0,0,30,0,0.5,neutral
CFFFCIFC,17,15,0,1,32,1,0.5,neutral
GVGCGCFY,41,23,9,8,64,17,0.5,neutral
CCLFRFIN,22,14,1,2,36,3,0.5,neutral
LVRVSFSC,41,31,9,12,72,21,0.5,neutral
DCCCFFCV,27,17,4,3,44,7,0.5,neutral
CDCCLLCC,21,17,3,1,38,4,0.5,neutral
YCFNYLDY,30,22,5,6,52,11,0.5,neutral
LCFFISVR,21,11,0,1,32,1,0.5,neutral
FFRCVCVC,33,17,6,4,50,10,0.5,neutral
NFCGYIDC,21,19,3,2,40,5,0.5,neutral
FCCVFFFH,48,32,9,16,80,25,0.5,neutral
FLDRFCDY,32,20,6,5,52,11,0.5,neutral
SSCYSSYI,29,11,3,2,40,5,0.5,neutral
CVNYGDVY,29,17,4,4,46,8,0.5,neutral
FFFLILDD,44,26,11,9,70,20,0.5,neutral
CFFFNISY,34,22,5,8,56,13,0.5,neutral
FRFFGFYC,19,11,0,0,30,0,0.5,neutral
FFFFFSLH,20,12,1,0,32,1,0.5,neutral
FRLCLYYR,16,16,0,1,32,1,0.5,neutral
LGDVLNFF,67,59,21,27,126,48,0.5,neutral
CLLCCVYV,23,19,3,3,42,6,0.5,neutral
FVILFILC,29,11,2,3,40,5,0.5,neutral
FYFRFYFC,16,14,0,0,30,0,0.5,neutral
VYCICDLC,37,25,5,11,62,16,0.5,neutral
NFFCFLGF,29,11,1,4,40,5,0.5,neutral
FLFGYVVC,37,27,9,8,64,17,0.5,neutral
YFDIIVRC,31,17,7,2,48,9,0.5,neutral
IILICYFV,18,14,0,1,32,1,0.5,neutral
YLYCFVGL,24,16,5,0,40,5,0.5,neutral
YFVLYVNG,23,11,1,1,34,2,0.5,neutral
CVGCCIYF,25,7,0,1,32,1,0.5,neutral
LCYCFYFG,21,17,1,3,38,4,0.5,neutral
HYIFYCDC,28,14,3,3,42,6,0.5,neutral
FFVVGCYI,35,21,4,9,56,13,0.5,neutral
DFVCLHYC,84,66,23,37,150,60,0.5,neutral
CCFVCVDL,39,25,8,9,64,17,0.5,neutral
CVLHFHCS,45,27,5,16,72,21,0.5,neutral
FCVVHFNY,39,23,6,10,62,16,0.5,neutral
YFFYGFIF,26,16,4,2,42,6,0.5,neutral
RSILYIRY,20,12,0,1,32,1,0.5,neutral
CGYHCFCG,32,14,3,5,46,8,0.5,neutral
LISVRFFR,27,21,2,7,48,9,0.5,neutral
YFCFVYIR,17,17,2,0,34,2,0.5,neutral
FYGSVVFV,50,36,18,10,86,28,0.5,neutral
FCFFVCFR,17,13,0,0,30,0,0.5,neutral
IFFCCIFN,24,12,2,1,36,3,0.5,neutral
FYYFVFCD,38,22,12,3,60,15,0.5,neutral
SCFGVYGF,40,26,14,4,66,18,0.5,neutral
NCCCYCSI,22,10,0,1,32,1,0.5,neutral
VCVLGCLH,61,51,20,21,112,41,0.5,neutral
CVFRSNGY,34,18,4,7,52,11,0.5,neutral
CICIFCDN,29,13,3,3,42,6,0.5,neutral
ILCFICRS,18,16,0,2,34,2,0.5,neutral
SYDGLCVV,50,34,17,10,84,27,0.5,neutral
CHHCLCCH,31,17,2,7,48,9,0.5,neutral
DVVVYFVF,13,17,0,0,30,0,0.5,neutral
CFHCVCCC,28,20,4,5,48,9,0.5,neutral
GCDCCRFG,43,25,6,13,68,19,0.5,neutral
RRIGIHSY,37,21,7,7,58,14,0.5,neutral
GLCYVFFV,19,15,0,2,34,2,0.5,neutral
FCHYDSRR,36,28,12,5,64,17,0.5,neutral
CFYFDIDL,48,30,11,13,78,24,0.5,neutral
CFFSVGDY,42,28,9,11,70,20,0.5,neutral
FFLVVFFD,24,16,4,1,40,5,0.5,neutral
FCCGVDGF,48,32,9,16,80,25,0.5,neutral
LFCVFISL,28,10,1,3,38,4,0.5,neutral
CGVHCCNH,50,36,15,13,86,28,0.5,neutral
IHFFGFLY,33,15,5,4,48,9,0.5,neutral
YCGLLICF,17,17,0,2,34,2,0.5,neutral
FFDCYVCY,19,15,0,2,34,2,0.5,neutral
YFFGFYDF,44,30,15,7,74,22,0.5,neutral
LVVFCGIY,23,13,3,0,36,3,0.5,neutral
FILFIYSF,22,12,0,2,34,2,0.5,neutral
CCLVVRVF,25,11,1,2,36,3,0.5,neutral
VVFYFVNF,22,12,2,0,34,2,0.5,neutral
CCIVIVDV,32,18,8,2,50,10,0.5,neutral
NCICVNII,30,22,6,5,52,11,0.5,neutral
GFCCGLCC,25,25,3,7,50,10,0.5,neutral
FRINLCCF,28,26,7,5,54,12,0.5,neutral
FFYFGVFH,21,17,3,1,38,4,0.5,neutral
CGFIFYFY,30,18,6,3,48,9,0.5,neutral
VLFYRYLR,44,30,13,9,74,22,0.5,neutral
LNDCGYRF,57,39,18,15,96,33,0.5,neutral
CCGIGYCS,24,20,4,3,44,7,0.5,neutral
RLFCFFIS,26,18,5,2,44,7,0.5,neutral
HGYYCCFC,31,19,2,8,50,10,0.5,neutral
IGSCFCGY,25,25,2,8,50,10,0.5,neutral
GYGFVGRF,37,27,8,9,64,17,0.5,neutral
FHFCGGFH,41,25,8,10,66,18,0.5,neutral
LVCIHCID,63,59,25,21,122,46,0.5,neutral
CGYDVYYR,31,21,9,2,52,11,0.5,neutral
FVLYCVSC,24,12,1,2,36,3,0.5,neutral
CFCCCCVL,41,25,8,10,66,18,0.5,neutral
CFFFVIIR,19,11,0,0,30,0,0.5,neutral
FFLNCFNL,36,36,11,10,72,21,0.5,neutral
FNVYGHNC,50,40,14,16,90,30,0.5,neutral
CCLCRHCF,34,24,8,6,58,14,0.5,neutral
FFIRDRYN,50,46,15,18,96,33,0.5,neutral
FFVFSVCC,22,14,2,1,36,3,0.5,neutral
LDCCICCF,38,30,12,7,68,19,0.5,neutral
SFIFLVNC,25,13,2,2,38,4,0.5,neutral
YIFFDIFC,19,15,1,1,34,2,0.5,neutral
CFLSCRLV,20,28,3,6,48,9,0.5,neutral
FLLYHVRF,27,11,1,3,38,4,0.5,neutral
CGFCYGGI,47,45,12,19,92,31,0.5,neutral
FRLLFFGV,38,22,6,9,60,15,0.5,neutral
SFLYIIFS,22,14,2,1,36,3,0.5,neutral
FVVFCRFL,20,16,0,3,36,3,0.5,neutral
LSGCCCCL,40,34,10,12,74,22,0.5,neutral
IYFFCCVC,21,13,1,1,34,2,0.5,neutral
LFHVCYYV,21,17,1,3,38,4,0.5,neutral
LFGFFIRV,18,12,0,0,30,0,0.5,neutral
YRRYICLC,47,37,15,12,84,27,0.5,neutral
CFDVVLFF,22,12,0,2,34,2,0.5,neutral
FLVIFIDF,24,18,2,4,42,6,0.5,neutral
FCCRNFDH,26,10,1,2,36,3,0.5,neutral
YCVIFCCF,21,11,0,1,32,1,0.5,neutral
YYCRNFVV,31,13,6,1,44,7,0.5,neutral
LHRLCFCV,41,31,11,10,72,21,0.5,neutral
CVFVLRHV,28,14,3,3,42,6,0.5,neutral
CLHCHRII,37,29,9,9,66,18,0.5,neutral
LFFLVYGC,22,12,1,1,34,2,0.5,neutral
DGGFCCCR,37,27,7,10,64,17,0.5,neutral
LFFFCFGI,27,17,3,4,44,7,0.5,neutral
DCFYGDNI,29,23,5,6,52,11,0.5,neutral
FVCVLYHL,26,18,2,5,44,7,0.5,neutral
LYCFCFRV,23,13,3,0,36,3,0.5,neutral
LRFCDNYG,56,46,18,18,102,36,0.5,neutral
CYICCGFS,34,22,7,6,56,13,0.5,neutral
FFYVIFNC,30,12,2,4,42,6,0.5,neutral
YVDLCFRF,37,19,5,8,56,13,0.5,neutral
YNVCYDVV,22,12,1,1,34,2,0.5,neutral
CFVFILFL,33,15,4,5,48,9,0.5,neutral
YFFCFHCF,20,14,0,2,34,2,0.5,neutral
YCFDDFVH,49,37,12,16,86,28,0.5,neutral
DCFHFILV,20,16,2,1,36,3,0.5,neutral
VSVFVFNS,75,61,24,29,136,53,0.5,neutral
CCSLGLHY,54,36,20,10,90,30,0.5,neutral
VIYCYFDG,51,35,15,13,86,28,0.5,neutral
HVCDICLD,55,39,14,18,94,32,0.5,neutral
FCYVFRGD,43,43,11,17,86,28,0.5,neutral
HRCYNYGF,40,22,8,8,62,16,0.5,neutral
ICVYVLHG,24,16,3,2,40,5,0.5,neutral
FFCFHCCF,12,20,1,0,32,1,0.5,neutral
CFDICYGR,39,25,8,9,64,17,0.5,neutral
YCYIIFGI,24,12,2,1,36,3,0.5,neutral
GHCVSYYG,43,37,13,12,80,25,0.5,neutral
YFCSYNCG,62,48,20,20,110,40,0.5,neutral
YFYYICCH,28,20,3,6,48,9,0.5,neutral
LFYVIRGN,42,26,12,7,68,19,0.5,neutral
YFGSNCNY,29,15,2,5,44,7,0.5,neutral
NSILFLCF,27,11,2,2,38,4,0.5,neutral
FGFLYVFF,22,22,4,3,44,7,0.5,neutral
FINVFFYI,21,9,0,0,30,0,0.5,neutral
CCLCVSVL,29,13,5,1,42,6,0.5,neutral
NIFVIFRI,26,10,2,1,36,3,0.5,neutral
GCIIYVHV,25,11,1,2,36,3,0.5,neutral
CSSCYYCV,31,19,6,4,50,10,0.5,neutral
IDICFFSF,21,17,2,2,38,4,0.5,neutral
FVLVHFSH,23,11,1,1,34,2,0.5,neutral
YFCCRFCD,31,17,5,4,48,9,0.5,neutral
FFFFYLCR,21,13,0,2,34,2,0.5,neutral
VCVCFVSF,30,18,3,6,48,9,0.5,neutral
CCFNIVLC,41,29,8,12,70,20,0.5,neutral
VCFRCCVC,38,26,11,6,64,17,0.5,neutral
FYLLGLCI,28,24,6,5,52,11,0.5,neutral
FIDFSHYV,33,15,4,5,48,9,0.5,neutral
NFYVVIYI,20,16,2,1,36,3,0.5,neutral
RFYYFVGC,30,22,4,7,52,11,0.5,neutral
FFYFCFDY,36,18,6,6,54,12,0.5,neutral
FFVFCIDY,31,15,3,5,46,8,0.5,neutral
FIYVGLRV,27,19,3,5,46,8,0.5,neutral
ICYFILIC,21,9,0,0,30,0,0.5,neutral
CFFFCRCL,20,12,1,0,32,1,0.5,neutral
CISYDDCF,42,28,10,10,70,20,0.5,neutral
GLRFNYVR,50,38,14,15,88,29,0.5,neutral
ICYRFNCL,37,23,7,8,60,15,0.5,neutral
FVVNCVYG,32,14,7,1,46,8,0.5,neutral
FFDNDIDI,19,15,1,1,34,2,0.5,neutral
FFDFDHND,46,34,14,11,80,25,0.5,neutral
CCVYNVCR,21,19,3,2,40,5,0.5,neutral
GFVLYLCH,27,13,3,2,40,5,0.5,neutral
NCFCVRYF,28,26,3,9,54,12,0.5,neutral
SCCRVFCS,42,30,10,11,72,21,0.5,neutral
VCRGVFYL,69,53,26,20,122,46,0.5,neutral
GHVCCRVC,29,19,4,5,48,9,0.5,neutral
IDHYSHCF,48,34,12,14,82,26,0.5,neutral
FFFYFYDG,24,16,4,1,40,5,0.5,neutral
FSYLVFDY,43,29,12,9,72,21,0.5,neutral
CVFNRCCS,78,76,30,32,154,62,0.5,neutral
HYLVDCGC,33,17,6,4,50,10,0.5,neutral
FGGNFNFY,37,23,9,6,60,15,0.5,neutral
CFCHFNHV,44,30,5,17,74,22,0.5,neutral
FCCIGYFC,34,18,4,7,52,11,0.5,neutral
FCCFFCDC,34,20,9,3,54,12,0.5,neutral
CILFCGHF,41,23,8,9,64,17,0.5,neutral
FVFCVFCC,22,14,1,2,36,3,0.5,neutral
YVRFGCLD,40,28,7,12,68,19,0.5,neutral
VYVHCRIR,34,24,9,5,58,14,0.5,neutral
GLCFCYIG,22,14,2,1,36,3,0.5,neutral
HFFFVIVY,27,13,4,1,40,5,0.5,neutral
CHLFVFLF,25,25,6,4,50,10,0.5,neutral
FFLLIVVS,26,8,1,1,34,2,0.5,neutral
GCYCCYVS,33,21,5,7,54,12,0.5,neutral
ICGVRFLL,40,26,6,12,66,18,0.5,neutral
IVVISFDG,45,31,9,14,76,23,0.5,neutral
CVFCVVFV,21,15,1,2,36,3,0.5,neutral
FFHFFFFF,19,11,0,0,30,0,0.5,neutral
DCNCNFCF,43,29,13,8,72,21,0.5,neutral
LSFNCLCD,30,28,5,9,58,14,0.5,neutral
LYGHFIFF,32,20,8,3,52,11,0.5,neutral
FFDVVCFV,38,20,8,6,58,14,0.5,neutral
VFVFILGC,26,20,3,5,46,8,0.5,neutral
FNCVGCVF,38,20,6,8,58,14,0.5,neutral
FFFCFYFN,25,11,1,2,36,3,0.5,neutral
RDSVCGFF,42,30,13,8,72,21,0.5,neutral
FIYHCDFN,41,23,4,13,64,17,0.5,neutral
VFFYCGVC,24,10,1,1,34,2,0.5,neutral
VCVHNGYF,26,16,2,4,42,6,0.5,neutral
NIIYIICS,25,9,1,1,34,2,0.5,neutral
GCVIVYFC,38,20,8,6,58,14,0.5,neutral
RVRFFFYC,19,13,0,1,32,1,0.5,neutral
CFSRGDYY,30,16,4,4,46,8,0.5,neutral
YFCCFFYY,26,10,1,2,36,3,0.5,neutral
CFYCVCGG,37,35,6,15,72,21,0.5,neutral
IFFFNVCL,24,14,2,2,38,4,0.5,neutral
YSHDLGYF,43,29,13,8,72,21,0.5,neutral
VVVFVCFR,25,9,1,1,34,2,0.5,neutral
ICCGCFRY,27,15,2,4,42,6,0.5,neutral
IYIFFHSV,26,12,0,4,38,4,0.5,neutral
SYRFFDCI,34,22,7,6,56,13,0.5,neutral
LRSIDYYC,23,17,4,1,40,5,0.5,neutral
YYFLVILR,26,10,2,1,36,3,0.5,neutral
RCLCDVCY,66,48,27,15,114,42,0.5,neutral
FSGVILCV,41,27,8,11,68,19,0.5,neutral
FVDFFFVF,14,18,0,1,32,1,0.5,neutral
YNDGYRDF,39,23,8,8,62,16,0.5,neutral
FCCCCSYY,28,24,7,4,52,11,0.5,neutral
LCCCIIRL,22,14,1,2,36,3,0.5,neutral
GVFGHHFV,31,19,4,6,50,10,0.5,neutral
SFFYFFCL,25,11,2,1,36,3,0.5,neutral
FCDDIILG,53,53,22,16,106,38,0.5,neutral
VLCDSYGD,60,52,19,22,112,41,0.5,neutral
HVIGFCCF,47,29,8,15,76,23,0.5,neutral
FFRVDDCF,25,13,4,0,38,4,0.5,neutral
VLCIYYNY,35,19,3,9,54,12,0.5,neutral
FILCGHCC,52,38,12,18,90,30,0.5,neutral
LIIIDFVR,24,18,4,2,42,6,0.5,neutral
YIVFVVCI,15,17,0,1,32,1,0.5,neutral
FFFNVYFC,26,16,3,3,42,6,0.5,neutral
YIFIFCCL,30,14,6,1,44,7,0.5,neutral
ICCYFYNR,28,20,4,5,48,9,0.5,neutral
CVCCSFDC,44,28,12,9,72,21,0.5,neutral
GLSYFSGC,34,20,9,3,54,12,0.5,neutral
YHVGDVYG,76,64,25,30,140,55,0.5,neutral
VGLLLVVC,21,19,1,4,40,5,0.5,neutral
FIYFVYFV,19,11,0,0,30,0,0.5,neutral
FFIYCFIV,19,15,1,1,34,2,0.5,neutral
IRCILVHC,36,22,8,6,58,14,0.5,neutral
SCDIVCDF,49,35,12,15,84,27,0.5,neutral
FHVVCFGF,22,22,1,6,44,7,0.5,neutral
YFFCCFVD,25,15,3,2,40,5,0.5,neutral
CVCVFRCC,28,20,5,4,48,9,0.5,neutral
CCFLFCVF,30,14,3,4,44,7,0.5,neutral
FCYRCCVY,35,17,4,7,52,11,0.5,neutral
LFCNISHY,44,36,14,11,80,25,0.5,neutral
FFFHLYLV,20,14,2,0,34,2,0.5,neutral
YGSNLHVF,39,23,10,6,62,16,0.5,neutral
DLFHCCCH,37,27,5,12,64,17,0.5,neutral
FRLSIIIH,28,10,3,1,38,4,0.5,neutral
FCFFYCYY,22,18,1,4,40,5,0.5,neutral
VSLHYCVY,63,47,16,24,110,40,0.5,neutral
IVCLVLGV,29,15,3,4,44,7,0.5,neutral
RCRVHVIL,27,17,1,6,44,7,0.5,neutral
FCYFVNIC,30,16,4,4,46,8,0.5,neutral
FCHFLVLC,29,13,3,3,42,6,0.5,neutral
FYCCIVLV,19,11,0,0,30,0,0.5,neutral
VCFFFCCF,21,13,1,1,34,2,0.5,neutral
IICIFCFG,19,11,0,0,30,0,0.5,neutral
VICVVCVG,25,9,1,1,34,2,0.5,neutral
FRVSVYCD,33,19,7,4,52,11,0.5,neutral
SNYFVFFH,33,29,7,9,62,16,0.5,neutral
RYFVYVSC,23,15,3,1,38,4,0.5,neutral
HYCVSFFC,22,20,2,4,42,6,0.5,neutral
CICFCFFC,25,23,3,6,48,9,0.5,neutral
YCFCCGGG,33,17,3,7,50,10,0.5,neutral
VCVFVFGL,23,17,2,3,40,5,0.5,neutral
LIVFCSYR,27,15,4,2,42,6,0.5,neutral
FFHVVNRY,36,18,5,7,54,12,0.5,neutral
ISNYFYNS,38,22,8,7,60,15,0.5,neutral
CDYFFCCV,27,15,4,2,42,6,0.5,neutral
YSFDFFYF,23,19,1,5,42,6,0.5,neutral
VFFLVYVF,24,10,1,1,34,2,0.5,neutral
VFVCFCSV,28,14,4,2,42,6,0.5,neutral
ICCIIYRS,25,19,0,7,44,7,0.5,neutral
YVGGFRYI,30,30,6,9,60,15,0.5,neutral
IIVFDFGC,26,30,6,7,56,13,0.5,neutral
FVCVCFLH,20,12,1,0,32,1,0.5,neutral
LHLCCFHY,34,18,5,6,52,11,0.5,neutral
FNSGFCGL,34,18,6,5,52,11,0.5,neutral
LVSVICDC,45,33,12,12,78,24,0.5,neutral
CCFCLVGG,53,37,13,17,90,30,0.5,neutral
CGNCCHLF,29,15,4,3,44,7,0.5,neutral
FCVCNHVC,48,36,13,14,84,27,0.5,neutral
SSGYYCRF,27,17,2,5,44,7,0.5,neutral
FCYYCSVN,49,35,15,12,84,27,0.5,neutral
CIFFNDDI,29,25,8,4,54,12,0.5,neutral
NCVVDHFL,53,39,12,19,92,31,0.5,neutral
YCFVFFIY,24,12,1,2,36,3,0.5,neutral
GCYYCYLV,32,22,6,6,54,12,0.5,neutral
YVCIYGVR,36,22,6,8,58,14,0.5,neutral
FYFNLFDG,56,46,20,16,102,36,0.5,neutral
YRFCYGGV,41,29,12,8,70,20,0.5,neutral
VFLVYFVL,25,13,2,2,38,4,0.5,neutral
FLYCIVCY,30,16,7,1,46,8,0.5,neutral
SFDFGSCV,52,38,9,21,90,30,0.5,neutral
YCSCSVLL,62,50,17,24,112,41,0.5,neutral
FILFCGFL,51,47,15,19,98,34,0.5,neutral
LIIVIFVY,18,18,2,1,36,3,0.5,neutral
ICCRNIFV,37,21,5,9,58,14,0.5,neutral
LSVLVIII,23,13,1,2,36,3,0.5,neutral
FIGCLFLG,27,17,3,4,44,7,0.5,neutral
GFLIYCDC,35,19,8,4,54,12,0.5,neutral
IVCHSLFR,44,40,12,15,84,27,0.5,neutral
CVSYDFVR,38,28,7,11,66,18,0.5,neutral
LYGYFYFF,24,18,4,2,42,6,0.5,neutral
CFCCFFYY,50,44,16,16,94,32,0.5,neutral
ICYCYFLF,31,13,6,1,44,7,0.5,neutral
FLSYFVVR,40,24,9,8,64,17,0.5,neutral
FCCVCVRY,24,10,0,2,34,2,0.5,neutral
FSLCFIFI,23,21,3,4,44,7,0.5,neutral
GYCGFCCY,37,19,4,9,56,13,0.5,neutral
YVLNCYVC,51,41,14,17,92,31,0.5,neutral
SYLYYVVC,22,18,1,4,40,5,0.5,neutral
FYVYYYLH,47,33,10,15,80,25,0.5,neutral
CFCIYYRY,28,14,4,2,42,6,0.5,neutral
YVLCLSFG,16,18,1,1,34,2,0.5,neutral
CFNCVGGC,39,21,7,8,60,15,0.5,neutral
CLRFCVGH,50,40,10,20,90,30,0.5,neutral
RCLFFYSD,61,43,19,18,104,37,0.5,neutral
VYCLVYLG,28,16,3,4,44,7,0.5,neutral
CVGVICFL,29,29,3,11,58,14,0.5,neutral
NCFGRCCI,71,53,22,25,124,47,0.5,neutral
FCRLCIYI,22,14,2,1,36,3,0.5,neutral
CIYGCIVL,27,21,6,3,48,9,0.5,neutral
HHIFFILH,21,11,1,0,32,1,0.5,neutral
FFFVFYFC,23,9,0,1,32,1,0.5,neutral
GFLCSHLC,42,34,12,11,76,23,0.5,neutral
FVFFFIYF,14,16,0,0,30,0,0.5,neutral
YFYVCVCF,15,15,0,0,30,0,0.5,neutral
DYSHHLFG,35,31,8,10,66,18,0.5,neutral
YFCCCDHD,41,27,5,14,68,19,0.5,neutral
VGLSYSSY,42,28,13,7,70,20,0.5,neutral
LFHCYRNG,28,12,2,3,40,5,0.5,neutral
CIYVVISV,33,17,4,6,50,10,0.5,neutral
LVVFCSLS,34,18,6,5,52,11,0.5,neutral
FLFLCSYF,21,13,1,1,34,2,0.5,neutral
YCLRILFL,20,12,1,0,32,1,0.5,neutral
YCLVCGSI,37,29,10,8,66,18,0.5,neutral
YFSRNLCD,39,25,7,10,64,17,0.5,neutral
FFVFGFSV,27,19,4,4,46,8,0.5,neutral
ICFFFIFS,19,13,0,1,32,1,0.5,neutral
LCHFIVFC,20,12,0,1,32,1,0.5,neutral
LFFDLDLG,35,17,7,4,52,11,0.5,neutral
YDLFCIYC,28,20,2,7,48,9,0.5,neutral
LSFFLLVH,38,44,12,14,82,26,0.5,neutral
CYFVFYCF,22,12,1,1,34,2,0.5,neutral
FHVYISCG,41,29,10,10,70,20,0.5,neutral
RICIHVLN,28,14,2,4,42,6,0.5,neutral
FCCCFFCC,28,24,4,7,52,11,0.5,neutral
FYVIFYFC,23,11,0,2,34,2,0.5,neutral
GYCYVGRF,39,27,13,5,66,18,0.5,neutral
CFCDFGGC,41,29,6,14,70,20,0.5,neutral
FRICGCYI,27,21,4,5,48,9,0.5,neutral
FCLHDCIH,25,15,3,2,40,5,0.5,neutral
FFCFHFCY,27,17,4,3,44,7,0.5,neutral
LYHCGNYR,35,23,6,8,58,14,0.5,neutral
FFYLFRFV,51,41,15,16,92,31,0.5,neutral
VYGDYRYL,39,21,7,8,60,15,0.5,neutral
CLIFYDHL,86,69,28,34,155,62,0.5027027027027027,neutral
YCGFVYFL,77,70,28,30,147,58,0.5028248587570622,neutral
FDCRGFCG,83,64,23,35,147,58,0.5028248587570622,neutral
CLCRHLRC,79,66,31,26,145,57,0.5028571428571429,neutral
ILDICCCG,81,62,28,28,143,56,0.5028901734104047,neutral
CHFSCFCG,77,62,28,26,139,54,0.5029585798816568,neutral
FFRGFHFV,78,59,29,24,137,53,0.5029940119760479,neutral
YLSLCINV,69,66,31,21,135,52,0.503030303030303,neutral
CCIRGGCI,72,59,20,30,131,50,0.5031055900621118,neutral
CSINCFDF,70,61,29,21,131,50,0.5031055900621118,neutral
VSLLDYHL,73,56,24,25,129,49,0.5031446540880503,neutral
NFCFGLFV,73,54,21,27,127,48,0.5031847133757962,neutral
GYYGYGDH,67,60,23,25,127,48,0.5031847133757962,neutral
FVVYFVDS,70,55,26,21,125,47,0.5032258064516129,neutral
FCIHNIHY,69,56,24,23,125,47,0.5032258064516129,neutral
CIFDVLGY,66,59,17,30,125,47,0.5032258064516129,neutral
SSVYDILC,72,53,22,25,125,47,0.5032258064516129,neutral
CYLHDCND,67,56,22,24,123,46,0.5032679738562091,neutral
NFGYDFFR,70,53,17,29,123,46,0.5032679738562091,neutral
CYGFDCGF,68,55,18,28,123,46,0.5032679738562091,neutral
CDLYVGLV,67,54,23,22,121,45,0.5033112582781457,neutral
CVFVCSHG,66,53,22,22,119,44,0.5033557046979866,neutral
CFFIVRYG,64,51,21,21,115,42,0.503448275862069,neutral
GYYRDGLC,65,48,14,27,113,41,0.5034965034965035,neutral
LFHCYHIG,60,53,15,26,113,41,0.5034965034965035,neutral
RYGCCGIF,59,52,26,14,111,40,0.5035460992907801,neutral
FHYIRSVY,60,51,21,19,111,40,0.5035460992907801,neutral
CCCRVNIG,56,55,25,15,111,40,0.5035460992907801,neutral
LSVCVHYC,59,50,17,22,109,39,0.5035971223021583,neutral
CYGYCNSF,61,48,12,27,109,39,0.5035971223021583,neutral
YIYDYNSF,61,48,25,14,109,39,0.5035971223021583,neutral
SCFCCCDF,56,51,25,13,107,38,0.5036496350364964,neutral
VNYRCDNY,60,47,18,20,107,38,0.5036496350364964,neutral
YLFDFYGY,60,45,22,15,105,37,0.5037037037037037,neutral
CISCYDLL,59,46,20,17,105,37,0.5037037037037037,neutral
SCYLLCGC,59,44,17,19,103,36,0.5037593984962406,neutral
CRGCVCLS,61,42,16,20,103,36,0.5037593984962406,neutral
FGFVVINC,61,42,15,21,103,36,0.5037593984962406,neutral
VFRSSYFC,60,41,17,18,101,35,0.5038167938931297,neutral
CCNHLGCC,56,45,19,16,101,35,0.5038167938931297,neutral
LVNFYRFC,60,41,14,21,101,35,0.5038167938931297,neutral
FHFNVDFC,54,45,16,18,99,34,0.5038759689922481,neutral
FCCGNFYG,53,44,15,18,97,33,0.5039370078740157,neutral
LRFSCGGF,56,41,17,16,97,33,0.5039370078740157,neutral
SRVSFFVI,54,41,16,16,95,32,0.504,neutral
DVIFDHIR,55,40,16,16,95,32,0.504,neutral
VHGCIILC,55,40,18,14,95,32,0.504,neutral
FSISYFNL,52,43,18,14,95,32,0.504,neutral
CCLGGFVG,50,43,18,13,93,31,0.5040650406504065,neutral
FICDLRFL,54,39,19,12,93,31,0.5040650406504065,neutral
SICCCVDV,53,38,17,13,91,30,0.5041322314049587,neutral
DLDRNFGF,55,36,10,20,91,30,0.5041322314049587,neutral
VFLGVVVC,48,43,18,12,91,30,0.5041322314049587,neutral
SLFGYIDG,52,39,16,14,91,30,0.5041322314049587,neutral
GNFYIISC,51,40,19,11,91,30,0.5041322314049587,neutral
NGVFGCGF,51,38,17,12,89,29,0.5042016806722689,neutral
SYHFCHCG,50,39,14,15,89,29,0.5042016806722689,neutral
FINYHGNV,51,38,11,18,89,29,0.5042016806722689,neutral
CCNVFFVC,53,36,15,14,89,29,0.5042016806722689,neutral
FCNCDFCD,54,35,13,16,89,29,0.5042016806722689,neutral
LCCFCIVH,52,37,12,17,89,29,0.5042016806722689,neutral
SHCVVDFC,53,36,18,11,89,29,0.5042016806722689,neutral
FNYGGHVF,52,37,16,13,89,29,0.5042016806722689,neutral
CFIYYYDL,51,38,12,17,89,29,0.5042016806722689,neutral
YHDVGLFN,50,37,9,19,87,28,0.5042735042735043,neutral
SCCCFSFR,47,40,13,15,87,28,0.5042735042735043,neutral
LCGYRCVG,53,34,9,19,87,28,0.5042735042735043,neutral
ICFLRVVR,49,36,15,12,85,27,0.5043478260869565,neutral
DIYSYHNY,49,36,11,16,85,27,0.5043478260869565,neutral
FGFDNGNF,52,33,11,16,85,27,0.5043478260869565,neutral
IRYIVSHF,51,34,15,12,85,27,0.5043478260869565,neutral
YCCSRGCC,51,34,13,14,85,27,0.5043478260869565,neutral
FYGDRCFG,52,33,15,12,85,27,0.5043478260869565,neutral
FGCCFVCV,51,32,11,15,83,26,0.504424778761062,neutral
CVFFFRSH,48,35,13,13,83,26,0.504424778761062,neutral
CNDYLSDC,47,34,10,15,81,25,0.5045045045045045,neutral
FGVCGNVY,49,32,11,14,81,25,0.5045045045045045,neutral
CICFCCCY,42,39,11,14,81,25,0.5045045045045045,neutral
FCHCVYFS,50,31,9,16,81,25,0.5045045045045045,neutral
CHSVYCYR,42,39,9,16,81,25,0.5045045045045045,neutral
NCVYLSVF,50,31,11,14,81,25,0.5045045045045045,neutral
ICVSVVHY,46,35,13,12,81,25,0.5045045045045045,neutral
VVGYDVYY,46,35,12,13,81,25,0.5045045045045045,neutral
FIRIGGLY,49,32,8,17,81,25,0.5045045045045045,neutral
IVIVVGCS,49,32,10,15,81,25,0.5045045045045045,neutral
SYFFCGRD,45,36,12,13,81,25,0.5045045045045045,neutral
LFGLRCYY,48,31,11,13,79,24,0.5045871559633027,neutral
FFCIYVYN,43,36,9,15,79,24,0.5045871559633027,neutral
CLCFSYHH,42,37,13,11,79,24,0.5045871559633027,neutral
HLCFSDYF,156,137,60,70,293,130,0.5046439628482973,neutral
VFFRGRYG,47,30,7,16,77,23,0.5046728971962616,neutral
FVRYFDIC,35,42,13,10,77,23,0.5046728971962616,neutral
CCYYGRVH,44,33,8,15,77,23,0.5046728971962616,neutral
LRDYGCFC,42,35,12,11,77,23,0.5046728971962616,neutral
DFFYRHFV,46,31,9,14,77,23,0.5046728971962616,neutral
LFYLCGYC,47,28,10,12,75,22,0.5047619047619047,neutral
FDNYGFRF,47,28,8,14,75,22,0.5047619047619047,neutral
FCCCCLGI,42,33,14,8,75,22,0.5047619047619047,neutral
LYGGDRDF,43,32,12,10,75,22,0.5047619047619047,neutral
VYYLINHG,45,30,8,14,75,22,0.5047619047619047,neutral
IFSDGYGN,47,28,11,11,75,22,0.5047619047619047,neutral
FCILRCGF,44,31,8,14,75,22,0.5047619047619047,neutral
NYYCIYGD,44,31,11,11,75,22,0.5047619047619047,neutral
NYDVNFSC,43,30,11,10,73,21,0.5048543689320388,neutral
FYYFFIDC,46,27,9,12,73,21,0.5048543689320388,neutral
CLNCGFGH,46,27,9,12,73,21,0.5048543689320388,neutral
FDVVCNLD,44,29,10,11,73,21,0.5048543689320388,neutral
FCCFGYIV,45,28,12,9,73,21,0.5048543689320388,neutral
FGGYRCYS,44,29,13,8,73,21,0.5048543689320388,neutral
RCSICGFC,39,34,7,14,73,21,0.5048543689320388,neutral
GGHCFLYG,46,27,9,12,73,21,0.5048543689320388,neutral
FYYVNVCD,44,29,10,11,73,21,0.5048543689320388,neutral
FICIHHSI,36,37,8,13,73,21,0.5048543689320388,neutral
RDLFICGD,42,29,10,10,71,20,0.504950495049505,neutral
ISRRDFFY,44,27,9,11,71,20,0.504950495049505,neutral
CDLCYCVV,45,26,13,7,71,20,0.504950495049505,neutral
ICCVCYHL,45,26,6,14,71,20,0.504950495049505,neutral
CSHISHYY,44,27,9,11,71,20,0.504950495049505,neutral
VFCHCCFD,40,31,8,12,71,20,0.504950495049505,neutral
GDFFRDLY,45,26,13,7,71,20,0.504950495049505,neutral
LVIYVDID,42,29,8,12,71,20,0.504950495049505,neutral
NVGDSFYL,40,31,5,15,71,20,0.504950495049505,neutral
IYFFVVDI,45,26,10,10,71,20,0.504950495049505,neutral
FHFFCFGH,44,27,9,11,71,20,0.504950495049505,neutral
IFGCHYHG,35,34,11,8,69,19,0.5050505050505051,neutral
VCYFRFCG,42,27,8,11,69,19,0.5050505050505051,neutral
CVCFIVDF,44,25,6,13,69,19,0.5050505050505051,neutral
RCGYRYGY,44,25,6,13,69,19,0.5050505050505051,neutral
CFCDCICL,44,25,7,12,69,19,0.5050505050505051,neutral
RYVCCGCV,43,26,8,11,69,19,0.5050505050505051,neutral
GCGDCDFF,43,26,5,14,69,19,0.5050505050505051,neutral
FYCFYGDR,42,27,10,9,69,19,0.5050505050505051,neutral
YCVIYYGL,35,34,8,11,69,19,0.5050505050505051,neutral
GFGYDLCR,40,29,12,7,69,19,0.5050505050505051,neutral
GYIFYHYF,35,34,9,10,69,19,0.5050505050505051,neutral
VCCDFIGG,42,25,8,10,67,18,0.5051546391752577,neutral
YGCVDDVF,40,27,14,4,67,18,0.5051546391752577,neutral
FVVCRFSC,39,28,11,7,67,18,0.5051546391752577,neutral
CSCCCCGV,42,25,7,11,67,18,0.5051546391752577,neutral
IYCCDSCF,38,29,7,11,67,18,0.5051546391752577,neutral
CIYYVCCG,39,28,9,9,67,18,0.5051546391752577,neutral
SCLVCNFF,42,25,8,10,67,18,0.5051546391752577,neutral
NGVFDCFI,39,28,8,10,67,18,0.5051546391752577,neutral
FCYIFSHL,36,31,8,10,67,18,0.5051546391752577,neutral
VGCSIDFF,43,24,12,6,67,18,0.5051546391752577,neutral
LVYCRFDH,30,37,7,11,67,18,0.5051546391752577,neutral
YSYDGFVG,42,25,7,11,67,18,0.5051546391752577,neutral
VYCFCSYG,40,27,7,11,67,18,0.5051546391752577,neutral
DSVYFFGF,41,26,9,9,67,18,0.5051546391752577,neutral
ILVGVVLS,42,25,9,9,67,18,0.5051546391752577,neutral
GDYSYDLS,43,24,7,11,67,18,0.5051546391752577,neutral
FCYCHCIF,42,25,5,13,67,18,0.5051546391752577,neutral
CGHCFLVV,91,73,30,36,164,66,0.5051546391752577,neutral
FVGYCFVY,41,26,10,8,67,18,0.5051546391752577,neutral
FYCCCDCI,39,28,11,7,67,18,0.5051546391752577,neutral
CIHFGGCV,42,25,6,12,67,18,0.5051546391752577,neutral
SCFCCFGS,39,26,8,9,65,17,0.5052631578947369,neutral
CCGGYFFG,41,24,8,9,65,17,0.5052631578947369,neutral
CYGCYRYH,41,24,10,7,65,17,0.5052631578947369,neutral
CFRLCFSI,40,25,8,9,65,17,0.5052631578947369,neutral
CFRCCFCC,41,24,11,6,65,17,0.5052631578947369,neutral
CYFCGYGF,38,27,8,9,65,17,0.5052631578947369,neutral
GCLRYRCC,41,24,10,7,65,17,0.5052631578947369,neutral
RLVLCVLD,39,26,2,15,65,17,0.5052631578947369,neutral
FCNSHGLF,40,25,12,5,65,17,0.5052631578947369,neutral
FRICHDFR,33,32,8,9,65,17,0.5052631578947369,neutral
LIVNGNIY,40,25,9,8,65,17,0.5052631578947369,neutral
CCCLNGNF,36,29,7,10,65,17,0.5052631578947369,neutral
FYDCRSYS,40,23,6,10,63,16,0.5053763440860215,neutral
ILYIRSCD,36,27,9,7,63,16,0.5053763440860215,neutral
FFLFLFCD,38,25,11,5,63,16,0.5053763440860215,neutral
NNYRVIRY,41,22,7,9,63,16,0.5053763440860215,neutral
CCDCYGCC,39,24,9,7,63,16,0.5053763440860215,neutral
CCCCYGHH,40,23,9,7,63,16,0.5053763440860215,neutral
LHFIGHDY,37,26,9,7,63,16,0.5053763440860215,neutral
CVVVHIHY,41,22,8,8,63,16,0.5053763440860215,neutral
FVCSCLVI,34,29,7,9,63,16,0.5053763440860215,neutral
CYCIYNFN,39,24,5,11,63,16,0.5053763440860215,neutral
DYCVCLVV,38,23,8,7,61,15,0.5054945054945055,neutral
VVLYYNFR,30,31,7,8,61,15,0.5054945054945055,neutral
FCVFNFYC,40,21,8,7,61,15,0.5054945054945055,neutral
LISFGFGC,37,24,5,10,61,15,0.5054945054945055,neutral
NYLIYHHV,39,22,11,4,61,15,0.5054945054945055,neutral
VIYIYGLG,37,24,7,8,61,15,0.5054945054945055,neutral
GIYNILDY,35,26,8,7,61,15,0.5054945054945055,neutral
FDYHCYDF,35,26,6,9,61,15,0.5054945054945055,neutral
VCINFHLN,39,22,7,8,61,15,0.5054945054945055,neutral
GIDFICIY,40,21,11,4,61,15,0.5054945054945055,neutral
CCFICDCV,40,21,7,8,61,15,0.5054945054945055,neutral
IVVHCCVL,37,24,8,7,61,15,0.5054945054945055,neutral
LFSFFFDV,40,21,10,5,61,15,0.5054945054945055,neutral
FFVRFDCC,36,25,9,6,61,15,0.5054945054945055,neutral
VFFRGDYV,38,23,8,7,61,15,0.5054945054945055,neutral
FGYVCVSF,35,26,9,6,61,15,0.5054945054945055,neutral
NDYVGCGF,40,21,6,9,61,15,0.5054945054945055,neutral
CICRCCNV,39,20,5,9,59,14,0.5056179775280899,neutral
VYDSFVGV,39,20,4,10,59,14,0.5056179775280899,neutral
CNICCHFR,33,26,5,9,59,14,0.5056179775280899,neutral
GCYICCGR,37,22,6,8,59,14,0.5056179775280899,neutral
VFCGCFCR,35,24,6,8,59,14,0.5056179775280899,neutral
FLLYLCVY,39,20,5,9,59,14,0.5056179775280899,neutral
HLVFFDGI,34,25,4,10,59,14,0.5056179775280899,neutral
GRCCVLCC,35,24,7,7,59,14,0.5056179775280899,neutral
FYGCDLSD,34,25,5,9,59,14,0.5056179775280899,neutral
FCRFVYDN,35,24,7,7,59,14,0.5056179775280899,neutral
CCGHCDFC,38,21,6,8,59,14,0.5056179775280899,neutral
RNLSFYGY,37,22,9,5,59,14,0.5056179775280899,neutral
NISYIYDV,82,64,23,34,146,57,0.5056818181818182,neutral
YVFDIFDC,82,64,33,24,146,57,0.5056818181818182,neutral
CLFCGYVV,34,23,5,8,57,13,0.5057471264367817,neutral
LCILVNGF,31,26,4,9,57,13,0.5057471264367817,neutral
FCSSGYGV,33,24,7,6,57,13,0.5057471264367817,neutral
CVCCCNLR,31,26,6,7,57,13,0.5057471264367817,neutral
IFCFCCVN,37,20,5,8,57,13,0.5057471264367817,neutral
FYYCGGGN,36,21,3,10,57,13,0.5057471264367817,neutral
VYVCCCCY,23,34,7,6,57,13,0.5057471264367817,neutral
CFFCFSRV,38,19,7,6,57,13,0.5057471264367817,neutral
FYGLFGHN,31,26,4,9,57,13,0.5057471264367817,neutral
LIFFSCVF,34,23,5,8,57,13,0.5057471264367817,neutral
SDIILGFG,79,63,23,32,142,55,0.5058139534883721,neutral
HDFVCDCI,77,65,31,24,142,55,0.5058139534883721,neutral
SDGSNFCY,35,20,5,7,55,12,0.5058823529411764,neutral
YHVCRVFR,32,23,4,8,55,12,0.5058823529411764,neutral
CCCVCVGF,31,24,3,9,55,12,0.5058823529411764,neutral
FGCVRFDY,35,20,4,8,55,12,0.5058823529411764,neutral
VFNFYGVF,31,24,7,5,55,12,0.5058823529411764,neutral
CFICSLCV,32,23,6,6,55,12,0.5058823529411764,neutral
LIGFYVCH,33,22,4,8,55,12,0.5058823529411764,neutral
CCCCFIVC,33,22,5,7,55,12,0.5058823529411764,neutral
CCVFRRCF,31,24,2,10,55,12,0.5058823529411764,neutral
CFVCNLYI,33,22,5,7,55,12,0.5058823529411764,neutral
VIGYGSNY,32,23,6,6,55,12,0.5058823529411764,neutral
CCCFCLFC,30,25,7,5,55,12,0.5058823529411764,neutral
CYLSCFVC,33,22,6,6,55,12,0.5058823529411764,neutral
FCGYCSGN,121,102,46,49,223,95,0.5059288537549407,neutral
RFLCFVGL,36,17,5,6,53,11,0.5060240963855421,neutral
LHFGFFVH,28,25,7,4,53,11,0.5060240963855421,neutral
RVCCICNY,32,21,5,6,53,11,0.5060240963855421,neutral
FVLLIGSI,32,21,4,7,53,11,0.5060240963855421,neutral
CCVIFYVL,34,19,8,3,53,11,0.5060240963855421,neutral
HFGCFILC,34,19,4,7,53,11,0.5060240963855421,neutral
IIFYGYHV,24,29,4,7,53,11,0.5060240963855421,neutral
CCFCYYVD,32,21,9,2,53,11,0.5060240963855421,neutral
ILSLLCLG,32,21,5,6,53,11,0.5060240963855421,neutral
FGFFFNFR,31,22,6,5,53,11,0.5060240963855421,neutral
YVFCCYFL,32,21,4,7,53,11,0.5060240963855421,neutral
SRLYFCGD,35,18,6,5,53,11,0.5060240963855421,neutral
DVGYVFFI,27,26,5,6,53,11,0.5060240963855421,neutral
LFFCCCNF,32,21,5,6,53,11,0.5060240963855421,neutral
FLICCVCF,33,20,7,4,53,11,0.5060240963855421,neutral
FFYDGGRG,32,21,3,8,53,11,0.5060240963855421,neutral
LICNCFDL,33,20,6,5,53,11,0.5060240963855421,neutral
VFVCCGLC,31,22,2,9,53,11,0.5060240963855421,neutral
IYCLFIVR,28,25,3,8,53,11,0.5060240963855421,neutral
FYHVLVII,33,20,3,8,53,11,0.5060240963855421,neutral
IFCYGNNG,77,59,24,28,136,52,0.5060240963855421,neutral
IFICVDYC,30,21,6,4,51,10,0.5061728395061729,neutral
CICSVFCC,34,17,2,8,51,10,0.5061728395061729,neutral
CCCCFCYF,34,17,7,3,51,10,0.5061728395061729,neutral
FDSLRFGY,31,20,5,5,51,10,0.5061728395061729,neutral
LFVVYILC,30,21,6,4,51,10,0.5061728395061729,neutral
VYYFICVS,34,17,6,4,51,10,0.5061728395061729,neutral
LIGCVCLL,25,26,5,5,51,10,0.5061728395061729,neutral
CICFDYFI,32,19,5,5,51,10,0.5061728395061729,neutral
FFVFCFCS,34,17,4,6,51,10,0.5061728395061729,neutral
CYRCVCVR,33,18,5,5,51,10,0.5061728395061729,neutral
FVNGCHYD,33,18,3,7,51,10,0.5061728395061729,neutral
FRYGVICL,32,19,7,3,51,10,0.5061728395061729,neutral
VHYYHDYH,29,22,3,7,51,10,0.5061728395061729,neutral
FSIIICDL,29,22,3,7,51,10,0.5061728395061729,neutral
IGIFCIVL,33,18,4,6,51,10,0.5061728395061729,neutral
YGNCFFGV,32,19,4,6,51,10,0.5061728395061729,neutral
FCFFVGCL,31,20,2,8,51,10,0.5061728395061729,neutral
CISGCGCC,74,56,23,26,130,49,0.50625,neutral
YCVGSCGC,71,59,25,24,130,49,0.50625,neutral
FCCYLFVL,31,18,4,5,49,9,0.5063291139240507,neutral
VCFYCFFL,32,17,6,3,49,9,0.5063291139240507,neutral
CCCSSCYF,27,22,4,5,49,9,0.5063291139240507,neutral
FVSYYYYY,30,19,4,5,49,9,0.5063291139240507,neutral
YFGVCCYC,30,19,3,6,49,9,0.5063291139240507,neutral
YILLCRYS,34,15,3,6,49,9,0.5063291139240507,neutral
RCCCVFLN,34,15,6,3,49,9,0.5063291139240507,neutral
NCLHIVVY,27,22,3,6,49,9,0.5063291139240507,neutral
CCIVGFIV,31,18,4,5,49,9,0.5063291139240507,neutral
FICVCGCF,31,18,6,3,49,9,0.5063291139240507,neutral
LFNFGIGD,22,27,6,3,49,9,0.5063291139240507,neutral
GVGYYGCC,32,17,5,4,49,9,0.5063291139240507,neutral
CHVVVFIG,28,21,4,5,49,9,0.5063291139240507,neutral
FRCCCGNF,29,20,3,6,49,9,0.5063291139240507,neutral
IICFIGGI,31,18,5,4,49,9,0.5063291139240507,neutral
FYCFNVVF,32,17,6,3,49,9,0.5063291139240507,neutral
YIFFLFSS,29,20,3,6,49,9,0.5063291139240507,neutral
FCFHCCFC,31,16,5,3,47,8,0.5064935064935064,neutral
FYFRFCVR,33,14,3,5,47,8,0.5064935064935064,neutral
IVFGFVCC,24,23,4,4,47,8,0.5064935064935064,neutral
FCICYCCF,31,16,3,5,47,8,0.5064935064935064,neutral
HFVGYFVF,31,16,3,5,47,8,0.5064935064935064,neutral
DSLGRYGY,28,19,5,3,47,8,0.5064935064935064,neutral
ICFCVYSH,29,18,3,5,47,8,0.5064935064935064,neutral
FFLNCVIL,29,18,6,2,47,8,0.5064935064935064,neutral
VHLVYFHR,28,19,4,4,47,8,0.5064935064935064,neutral
FLCINIGY,27,20,5,3,47,8,0.5064935064935064,neutral
FCYYYFSC,32,15,4,4,47,8,0.5064935064935064,neutral
GCHGRCCL,32,15,4,4,47,8,0.5064935064935064,neutral
CCGRCDFI,32,15,0,8,47,8,0.5064935064935064,neutral
FYCYRGGI,32,15,1,7,47,8,0.5064935064935064,neutral
VCVYCSFH,23,24,4,4,47,8,0.5064935064935064,neutral
FYCYGFVV,22,25,5,3,47,8,0.5064935064935064,neutral
FCSVHFRL,23,24,5,3,47,8,0.5064935064935064,neutral
FCRCYILL,28,19,4,4,47,8,0.5064935064935064,neutral
CCFFRYVC,31,16,4,4,47,8,0.5064935064935064,neutral
CFYCHLGV,33,14,4,4,47,8,0.5064935064935064,neutral
NCHCDYLI,70,54,23,23,124,46,0.5064935064935064,neutral
INSCCFSC,69,53,22,23,122,45,0.506578947368421,neutral
RFGCVVVI,67,55,24,21,122,45,0.506578947368421,neutral
ICGLRCCF,31,14,2,5,45,7,0.5066666666666667,neutral
FFCFRFVH,30,15,3,4,45,7,0.5066666666666667,neutral
CVIVCYIF,26,19,3,4,45,7,0.5066666666666667,neutral
VFYYCLCG,31,14,3,4,45,7,0.5066666666666667,neutral
YCRGFNFC,29,16,2,5,45,7,0.5066666666666667,neutral
CILLFLGV,24,21,5,2,45,7,0.5066666666666667,neutral
GCSIVICC,27,18,4,3,45,7,0.5066666666666667,neutral
CFIFYCVY,27,18,2,5,45,7,0.5066666666666667,neutral
CCYFCLIN,28,17,4,3,45,7,0.5066666666666667,neutral
CFYIYFCG,25,20,3,4,45,7,0.5066666666666667,neutral
FINIVYSV,28,17,2,5,45,7,0.5066666666666667,neutral
FGYCFFYG,27,18,3,4,45,7,0.5066666666666667,neutral
IYFVGCLL,31,14,3,4,45,7,0.5066666666666667,neutral
LGLLYLCV,28,17,4,3,45,7,0.5066666666666667,neutral
ICHYCFGI,29,16,5,2,45,7,0.5066666666666667,neutral
YSVYDCSY,28,17,2,5,45,7,0.5066666666666667,neutral
IVFLYGSF,31,14,3,4,45,7,0.5066666666666667,neutral
YFVHLHVF,31,14,4,3,45,7,0.5066666666666667,neutral
FVVYCSCL,27,18,3,4,45,7,0.5066666666666667,neutral
CIFLCFVY,29,16,3,4,45,7,0.5066666666666667,neutral
YCCLFYCC,31,14,2,5,45,7,0.5066666666666667,neutral
VFYFVYCC,30,15,2,5,45,7,0.5066666666666667,neutral
FYLGCCYF,30,15,3,4,45,7,0.5066666666666667,neutral
LCVIVLNF,28,17,6,1,45,7,0.5066666666666667,neutral
IFICLFFG,30,15,3,4,45,7,0.5066666666666667,neutral
CDFVIVCL,26,19,2,5,45,7,0.5066666666666667,neutral
CIFCFVFD,30,15,4,3,45,7,0.5066666666666667,neutral
CYRNFSVF,30,13,3,3,43,6,0.5068493150684932,neutral
GHYLILYI,26,17,1,5,43,6,0.5068493150684932,neutral
FYVCFSSI,30,13,2,4,43,6,0.5068493150684932,neutral
CYNYIYFY,26,17,3,3,43,6,0.5068493150684932,neutral
LFIILRHS,28,15,1,5,43,6,0.5068493150684932,neutral
VYISVVCC,23,20,3,3,43,6,0.5068493150684932,neutral
CCLFCFCF,28,15,2,4,43,6,0.5068493150684932,neutral
VIVCVSVH,26,17,2,4,43,6,0.5068493150684932,neutral
LFFCVCVC,29,14,2,4,43,6,0.5068493150684932,neutral
FGIYCFYL,30,13,3,3,43,6,0.5068493150684932,neutral
NFIDVHCL,26,17,4,2,43,6,0.5068493150684932,neutral
FFSHCVFF,30,13,3,3,43,6,0.5068493150684932,neutral
CCYICFGH,23,20,3,3,43,6,0.5068493150684932,neutral
FDNDCVFG,21,22,1,5,43,6,0.5068493150684932,neutral
LHFDYCVS,65,51,17,25,116,42,0.5068493150684932,neutral
FHSCIRVF,62,52,20,21,114,41,0.5069444444444444,neutral
IIRGIFVL,27,14,3,2,41,5,0.5070422535211268,neutral
VYHLIVIC,28,13,3,2,41,5,0.5070422535211268,neutral
LVICYCNH,23,18,2,3,41,5,0.5070422535211268,neutral
HICLIYCV,27,14,3,2,41,5,0.5070422535211268,neutral
FLFCCFCV,23,18,2,3,41,5,0.5070422535211268,neutral
CYYCVRIC,24,17,1,4,41,5,0.5070422535211268,neutral
CFCFLFLH,27,14,2,3,41,5,0.5070422535211268,neutral
LFVCLCFV,28,13,3,2,41,5,0.5070422535211268,neutral
IIFFVVNL,24,17,3,2,41,5,0.5070422535211268,neutral
VYYGYIHH,28,13,1,4,41,5,0.5070422535211268,neutral
FVCVYYLR,24,17,3,2,41,5,0.5070422535211268,neutral
FFFCVLFV,25,16,2,3,41,5,0.5070422535211268,neutral
YFFFGFFY,25,16,3,2,41,5,0.5070422535211268,neutral
SNLIILCN,24,17,1,4,41,5,0.5070422535211268,neutral
FHYCFFFD,63,49,20,20,112,40,0.5070422535211268,neutral
CFFCFYCL,24,17,1,4,41,5,0.5070422535211268,neutral
FSCSHIFG,23,18,0,5,41,5,0.5070422535211268,neutral
FVIFLHLS,30,11,1,4,41,5,0.5070422535211268,neutral
ILVLRLVG,25,16,3,2,41,5,0.5070422535211268,neutral
FCFICCVV,27,14,2,3,41,5,0.5070422535211268,neutral
NCIRFVLV,25,16,3,2,41,5,0.5070422535211268,neutral
FVIFIGGL,28,13,1,4,41,5,0.5070422535211268,neutral
CLSFYCVR,26,15,0,5,41,5,0.5070422535211268,neutral
IFHIVCFC,29,12,3,2,41,5,0.5070422535211268,neutral
VFGHGICY,59,51,19,20,110,39,0.5071428571428571,neutral
YFDFRILR,61,49,19,20,110,39,0.5071428571428571,neutral
CNFYHLRD,62,48,22,17,110,39,0.5071428571428571,neutral
FFVYFFSF,27,12,3,1,39,4,0.5072463768115942,neutral
GFCIVIFF,19,20,1,3,39,4,0.5072463768115942,neutral
CRCFSCYY,20,19,3,1,39,4,0.5072463768115942,neutral
CFYVVYCC,25,14,3,1,39,4,0.5072463768115942,neutral
YLCNICLF,24,15,2,2,39,4,0.5072463768115942,neutral
VVVCFFFC,23,16,2,2,39,4,0.5072463768115942,neutral
FDVYCFFF,23,16,2,2,39,4,0.5072463768115942,neutral
FFFYVFLF,22,17,1,3,39,4,0.5072463768115942,neutral
FFLGISVG,27,12,2,2,39,4,0.5072463768115942,neutral
RCFFVFLI,23,16,2,2,39,4,0.5072463768115942,neutral
CRVCFLSF,26,13,1,3,39,4,0.5072463768115942,neutral
CHVHCCCL,21,18,1,3,39,4,0.5072463768115942,neutral
VCGYYLLI,27,12,2,2,39,4,0.5072463768115942,neutral
VCFFIIGY,27,12,2,2,39,4,0.5072463768115942,neutral
FHVSICCY,23,16,2,2,39,4,0.5072463768115942,neutral
ICCFVVCC,27,12,2,2,39,4,0.5072463768115942,neutral
FCFLDFCF,28,11,2,2,39,4,0.5072463768115942,neutral
CICFVVCG,27,12,2,2,39,4,0.5072463768115942,neutral
FRIVVFCV,25,14,1,3,39,4,0.5072463768115942,neutral
YYCFVSVL,26,13,1,3,39,4,0.5072463768115942,neutral
CVRVCIIF,24,15,2,2,39,4,0.5072463768115942,neutral
LFYRFCCF,25,14,3,1,39,4,0.5072463768115942,neutral
YCVCVVVY,24,15,2,2,39,4,0.5072463768115942,neutral
RFFYGVFF,21,18,2,2,39,4,0.5072463768115942,neutral
VGYFVVLC,25,14,2,2,39,4,0.5072463768115942,neutral
GYCFLVVF,25,14,1,3,39,4,0.5072463768115942,neutral
FIFVICCL,28,11,1,3,39,4,0.5072463768115942,neutral
FYIVSFRL,29,10,3,1,39,4,0.5072463768115942,neutral
RRLIFVYY,27,12,3,1,39,4,0.5072463768115942,neutral
CNCCYYGH,29,10,2,2,39,4,0.5072463768115942,neutral
IIHYCFNN,62,44,20,17,106,37,0.5073529411764706,neutral
NDYINGHF,62,44,18,19,106,37,0.5073529411764706,neutral
YVLFFICF,25,12,3,0,37,3,0.5074626865671642,neutral
VFRVYFIL,21,16,1,2,37,3,0.5074626865671642,neutral
IFSFICIC,25,12,1,2,37,3,0.5074626865671642,neutral
FFHCFFIF,22,15,2,1,37,3,0.5074626865671642,neutral
FIFFVCYF,25,12,1,2,37,3,0.5074626865671642,neutral
FYFVFRRD,25,12,2,1,37,3,0.5074626865671642,neutral
YCFCCYDY,22,15,3,0,37,3,0.5074626865671642,neutral
FCNCRFYC,28,9,1,2,37,3,0.5074626865671642,neutral
NCCVCCFR,21,16,2,1,37,3,0.5074626865671642,neutral
FCVYIIHY,21,16,3,0,37,3,0.5074626865671642,neutral
FYICRIVI,22,15,3,0,37,3,0.5074626865671642,neutral
FFSCVFYV,28,9,1,2,37,3,0.5074626865671642,neutral
FVHVIYLC,26,11,2,1,37,3,0.5074626865671642,neutral
FFIFSLGY,23,14,1,2,37,3,0.5074626865671642,neutral
ILLNYFVF,24,13,1,2,37,3,0.5074626865671642,neutral
VYCVFCGI,21,16,1,2,37,3,0.5074626865671642,neutral
DFFCFYCC,26,11,2,1,37,3,0.5074626865671642,neutral
FVFVVVIH,24,13,2,1,37,3,0.5074626865671642,neutral
YDDGLFFY,21,16,2,1,37,3,0.5074626865671642,neutral
CRCFLIFF,22,15,1,2,37,3,0.5074626865671642,neutral
CYVDYYGY,55,49,10,26,104,36,0.5074626865671642,neutral
FHCYCYCD,57,45,21,14,102,35,0.5075757575757576,neutral
IGCCGDHY,55,47,22,13,102,35,0.5075757575757576,neutral
FGLNFGCF,59,43,18,17,102,35,0.5075757575757576,neutral
YCLIRYIC,19,16,1,1,35,2,0.5076923076923077,neutral
FIFCCYVH,25,10,2,0,35,2,0.5076923076923077,neutral
CLFFLDLC,20,15,0,2,35,2,0.5076923076923077,neutral
IICICVGF,18,17,1,1,35,2,0.5076923076923077,neutral
VFLFVVRR,25,10,2,0,35,2,0.5076923076923077,neutral
FYYFHYVY,17,18,0,2,35,2,0.5076923076923077,neutral
FVFCFFCL,21,14,1,1,35,2,0.5076923076923077,neutral
CYFVCFCC,27,8,2,0,35,2,0.5076923076923077,neutral
VYFFFVYC,20,15,1,1,35,2,0.5076923076923077,neutral
RVCLCFVL,27,8,2,0,35,2,0.5076923076923077,neutral
FFFCVFSY,22,13,1,1,35,2,0.5076923076923077,neutral
FFISGFFY,24,11,2,0,35,2,0.5076923076923077,neutral
RICILFVC,24,11,1,1,35,2,0.5076923076923077,neutral
VVVIFVCG,22,13,2,0,35,2,0.5076923076923077,neutral
FFFHVIFH,21,14,0,2,35,2,0.5076923076923077,neutral
CCCRYNDG,22,13,0,2,35,2,0.5076923076923077,neutral
YVSLCICV,22,13,1,1,35,2,0.5076923076923077,neutral
CFHIYLVL,25,10,1,1,35,2,0.5076923076923077,neutral
CYCFNVFF,23,12,1,1,35,2,0.5076923076923077,neutral
FFYIILFF,19,16,1,1,35,2,0.5076923076923077,neutral
CCVVFLSF,22,13,0,2,35,2,0.5076923076923077,neutral
FFIVYSII,24,11,1,1,35,2,0.5076923076923077,neutral
FRVYHGFH,16,19,1,1,35,2,0.5076923076923077,neutral
FRVSFVIC,21,14,1,1,35,2,0.5076923076923077,neutral
CIHYIVGY,91,72,28,37,163,65,0.5077720207253886,neutral
FFYFVFDC,58,40,22,11,98,33,0.5078125,neutral
CCNFICRY,55,43,16,17,98,33,0.5078125,neutral
RFCILCRH,57,41,13,20,98,33,0.5078125,neutral
ICFCVIGD,87,74,32,32,161,64,0.5078534031413613,neutral
FFSFLLVL,26,7,0,1,33,1,0.5079365079365079,neutral
SHIVVIVF,19,14,0,1,33,1,0.5079365079365079,neutral
HFCVCLRF,22,11,1,0,33,1,0.5079365079365079,neutral
YCVVLIGI,23,10,1,0,33,1,0.5079365079365079,neutral
IFFVRIYF,17,16,1,0,33,1,0.5079365079365079,neutral
CFFIGLIF,20,13,1,0,33,1,0.5079365079365079,neutral
FFFCCCYF,17,16,0,1,33,1,0.5079365079365079,neutral
LSCIVVIG,21,12,0,1,33,1,0.5079365079365079,neutral
YCNYCRLG,57,39,16,16,96,32,0.5079365079365079,neutral
FFFFNCFF,21,12,1,0,33,1,0.5079365079365079,neutral
LYVFIRYV,22,11,1,0,33,1,0.5079365079365079,neutral
FFFCCGCY,24,9,0,1,33,1,0.5079365079365079,neutral
YLVLFFSF,14,19,0,1,33,1,0.5079365079365079,neutral
CCVYFLHL,21,12,0,1,33,1,0.5079365079365079,neutral
HFCFIFFF,21,12,1,0,33,1,0.5079365079365079,neutral
IIVLCFFY,24,9,1,0,33,1,0.5079365079365079,neutral
NCVCVLRY,54,42,17,15,96,32,0.5079365079365079,neutral
FFVVYVHY,54,42,19,13,96,32,0.5079365079365079,neutral
RLLLVSFR,26,7,0,1,33,1,0.5079365079365079,neutral
IFLCLFYI,21,12,1,0,33,1,0.5079365079365079,neutral
FYFSCFLF,25,8,0,1,33,1,0.5079365079365079,neutral
LFFSIFVS,23,10,1,0,33,1,0.5079365079365079,neutral
LVYYFVCV,23,10,1,0,33,1,0.5079365079365079,neutral
FFYLRVVF,21,12,0,1,33,1,0.5079365079365079,neutral
IFFFYFRG,23,10,1,0,33,1,0.5079365079365079,neutral
YYFFVVNV,56,38,18,13,94,31,0.5080645161290323,neutral
FCDFIYFR,54,40,9,22,94,31,0.5080645161290323,neutral
FVHLNSHF,52,42,15,16,94,31,0.5080645161290323,neutral
YFLCFVFR,46,48,17,14,94,31,0.5080645161290323,neutral
CDGVGIYD,55,39,12,19,94,31,0.5080645161290323,neutral
FGDLSFGH,56,38,13,18,94,31,0.5080645161290323,neutral
RCNCCSRF,50,44,23,8,94,31,0.5080645161290323,neutral
HYFFGFFF,17,14,0,0,31,0,0.5081967213114754,neutral
FFFIFCNF,18,13,0,0,31,0,0.5081967213114754,neutral
IFCFLCVC,16,15,0,0,31,0,0.5081967213114754,neutral
LCYFGLLL,24,7,0,0,31,0,0.5081967213114754,neutral
LYVRIILN,18,13,0,0,31,0,0.5081967213114754,neutral
FIFICIRH,20,11,0,0,31,0,0.5081967213114754,neutral
FLHLILGC,22,9,0,0,31,0,0.5081967213114754,neutral
YNNGSYIL,85,68,29,31,153,60,0.5081967213114754,neutral
RYFIFYYY,19,12,0,0,31,0,0.5081967213114754,neutral
DCVIVFSH,55,37,15,15,92,30,0.5081967213114754,neutral
RIYFVLLL,20,11,0,0,31,0,0.5081967213114754,neutral
FCFIFYCF,24,7,0,0,31,0,0.5081967213114754,neutral
FFLLVISY,20,11,0,0,31,0,0.5081967213114754,neutral
YFCFRVFC,18,13,0,0,31,0,0.5081967213114754,neutral
CVCCIVFG,19,12,0,0,31,0,0.5081967213114754,neutral
IFVDFIIF,22,9,0,0,31,0,0.5081967213114754,neutral
LCCRCFYD,55,37,18,12,92,30,0.5081967213114754,neutral
FFFYVIFF,17,14,0,0,31,0,0.5081967213114754,neutral
VFLVLLIR,20,11,0,0,31,0,0.5081967213114754,neutral
GFFFFIVF,16,15,0,0,31,0,0.5081967213114754,neutral
LYVVYFSI,19,12,0,0,31,0,0.5081967213114754,neutral
FIYCFFFC,15,16,0,0,31,0,0.5081967213114754,neutral
FFRICFCV,21,10,0,0,31,0,0.5081967213114754,neutral
FYIVFYFL,21,10,0,0,31,0,0.5081967213114754,neutral
HGLLVCFR,52,38,17,12,90,29,0.5083333333333333,neutral
DCYFCSNH,51,39,9,20,90,29,0.5083333333333333,neutral
HCDCGYNF,52,38,16,13,90,29,0.5083333333333333,neutral
LCYFVGCV,42,48,13,16,90,29,0.5083333333333333,neutral
FYFCHVDS,53,37,16,13,90,29,0.5083333333333333,neutral
LFCSCILV,48,42,18,11,90,29,0.5083333333333333,neutral
VCSDCYYY,51,39,13,16,90,29,0.5083333333333333,neutral
NVICCGYC,45,43,11,17,88,28,0.5084745762711864,neutral
FVCSVSYG,48,40,15,13,88,28,0.5084745762711864,neutral
FCGSIRDY,48,40,11,17,88,28,0.5084745762711864,neutral
LYDCCVYC,51,37,11,17,88,28,0.5084745762711864,neutral
CCVRHCFG,51,35,12,15,86,27,0.5086206896551724,neutral
CFDHCVCF,52,34,10,17,86,27,0.5086206896551724,neutral
LILCYNRD,49,37,14,13,86,27,0.5086206896551724,neutral
FCFYCCCH,51,33,11,15,84,26,0.5087719298245614,neutral
VCLLCGVC,50,34,10,16,84,26,0.5087719298245614,neutral
CNYGCCIH,51,33,16,10,84,26,0.5087719298245614,neutral
IFVSGGFY,47,37,10,16,84,26,0.5087719298245614,neutral
CNGHCCNH,44,40,13,13,84,26,0.5087719298245614,neutral
YRCVIGVI,46,38,15,11,84,26,0.5087719298245614,neutral
CFSLRGYF,73,66,30,23,139,53,0.5088757396449705,neutral
CSGFLRNY,46,36,12,13,82,25,0.5089285714285714,neutral
YVGFFVSC,48,34,12,13,82,25,0.5089285714285714,neutral
VRVCDFNY,48,34,14,11,82,25,0.5089285714285714,neutral
CLVCYINC,47,35,7,18,82,25,0.5089285714285714,neutral
GFIFFLDR,50,32,8,17,82,25,0.5089285714285714,neutral
SFLCFFLH,49,33,11,14,82,25,0.5089285714285714,neutral
RSVDVYDY,48,34,9,16,82,25,0.5089285714285714,neutral
FRFGYFFS,45,37,12,13,82,25,0.5089285714285714,neutral
ICCDCSRF,46,36,10,15,82,25,0.5089285714285714,neutral
FFLGNHHF,42,38,12,12,80,24,0.509090909090909,neutral
CCNSCCVG,76,59,23,28,135,51,0.509090909090909,neutral
YCHGGRLF,45,35,14,10,80,24,0.509090909090909,neutral
YYFSDFYF,47,33,13,11,80,24,0.509090909090909,neutral
INILHYDH,42,36,13,10,78,23,0.5092592592592593,neutral
FVLDRRVY,47,31,10,13,78,23,0.5092592592592593,neutral
CHVRLVVF,48,30,9,14,78,23,0.5092592592592593,neutral
LICSVCIC,45,33,15,8,78,23,0.5092592592592593,neutral
CVSCVYLH,47,31,11,12,78,23,0.5092592592592593,neutral
YFDGNFHL,45,33,13,10,78,23,0.5092592592592593,neutral
GCYSCYGF,47,31,8,15,78,23,0.5092592592592593,neutral
FCCNGGCH,47,31,8,15,78,23,0.5092592592592593,neutral
CCIYDLVG,45,31,11,11,76,22,0.5094339622641509,neutral
FCFCDIRF,47,29,7,15,76,22,0.5094339622641509,neutral
FYCSNFGN,43,33,10,12,76,22,0.5094339622641509,neutral
LGCSFDHL,47,29,11,11,76,22,0.5094339622641509,neutral
YHICSYCV,47,29,10,12,76,22,0.5094339622641509,neutral
FVVCDFIH,45,31,9,13,76,22,0.5094339622641509,neutral
ICGFNCGF,45,31,10,12,76,22,0.5094339622641509,neutral
LDCCFLDR,46,30,9,13,76,22,0.5094339622641509,neutral
VSLFVRVR,46,30,13,9,76,22,0.5094339622641509,neutral
LYLFVHGC,44,30,9,12,74,21,0.5096153846153846,neutral
FFFGLVGV,46,28,12,9,74,21,0.5096153846153846,neutral
DCCFLFYV,45,29,13,8,74,21,0.5096153846153846,neutral
VCRCIRFG,43,31,12,9,74,21,0.5096153846153846,neutral
ISFFGGCC,69,56,24,22,125,46,0.5096774193548387,neutral
FFDDDFVG,43,29,9,11,72,20,0.5098039215686274,neutral
DYLHYSHD,44,28,11,9,72,20,0.5098039215686274,neutral
CGCFCDVY,45,27,10,10,72,20,0.5098039215686274,neutral
IFLSHFGD,42,30,10,10,72,20,0.5098039215686274,neutral
YIRDYGVC,42,30,5,15,72,20,0.5098039215686274,neutral
IVLNIGFY,44,28,11,9,72,20,0.5098039215686274,neutral
YGDYCINH,45,27,10,10,72,20,0.5098039215686274,neutral
FCCGRVFR,45,27,11,9,72,20,0.5098039215686274,neutral
GCYDFDYR,44,28,9,11,72,20,0.5098039215686274,neutral
FCDVCVCC,41,31,9,11,72,20,0.5098039215686274,neutral
NFGVYDFH,69,52,15,29,121,44,0.5099337748344371,neutral
YRCSCGFI,44,26,8,11,70,19,0.51,neutral
LCVLVCGD,44,26,11,8,70,19,0.51,neutral
SFYDGGVL,42,28,11,8,70,19,0.51,neutral
FCSCYLRF,43,27,7,12,70,19,0.51,neutral
IICNFCIC,39,31,9,10,70,19,0.51,neutral
GCNFIRRN,41,29,9,10,70,19,0.51,neutral
VCLCCLCC,42,28,5,14,70,19,0.51,neutral
IRYDYVLI,43,27,8,11,70,19,0.51,neutral
GYRCDYGF,39,31,8,11,70,19,0.51,neutral
FVCCYFGS,42,28,6,13,70,19,0.51,neutral
LFICSIFY,37,33,13,6,70,19,0.51,neutral
FCGICGIV,69,50,19,24,119,43,0.5100671140939598,neutral
LFNFGSCR,84,84,26,41,168,67,0.51010101010101,neutral
DFSFNGCY,42,26,10,8,68,18,0.5102040816326531,neutral
CFGVFCVY,41,27,10,8,68,18,0.5102040816326531,neutral
CCINLCLC,42,26,6,12,68,18,0.5102040816326531,neutral
FFCVGVDG,39,29,7,11,68,18,0.5102040816326531,neutral
VYCVCGGY,43,25,10,8,68,18,0.5102040816326531,neutral
FFCNDIRF,39,29,11,7,68,18,0.5102040816326531,neutral
CHVHLRCC,68,49,20,22,117,42,0.5102040816326531,neutral
FYYLGCSV,62,55,22,20,117,42,0.5102040816326531,neutral
FNLHYVCF,41,27,10,8,68,18,0.5102040816326531,neutral
SLCFGVDC,40,28,8,10,68,18,0.5102040816326531,neutral
YIVCFDFV,42,24,9,8,66,17,0.5104166666666666,neutral
CLFCCRVG,42,24,8,9,66,17,0.5104166666666666,neutral
YFDFDYCR,39,27,11,6,66,17,0.5104166666666666,neutral
ICVRFIGV,41,25,8,9,66,17,0.5104166666666666,neutral
YYILLSRH,39,27,8,9,66,17,0.5104166666666666,neutral
CCHCVYRD,38,28,3,14,66,17,0.5104166666666666,neutral
HFHDNIHF,42,24,8,9,66,17,0.5104166666666666,neutral
VFGFCDVR,39,27,10,7,66,17,0.5104166666666666,neutral
LCDGFCLC,30,36,5,12,66,17,0.5104166666666666,neutral
SYCIFFGS,42,24,6,11,66,17,0.5104166666666666,neutral
CISYCSVY,64,49,24,16,113,40,0.5104895104895105,neutral
CYFSINHI,83,77,26,37,160,63,0.5105263157894737,neutral
IRVCGDFY,87,73,34,29,160,63,0.5105263157894737,neutral
LGHILYCL,87,73,31,32,160,63,0.5105263157894737,neutral
FHFLDVHF,65,46,18,21,111,39,0.5106382978723404,neutral
VFYYHVVC,37,27,8,8,64,16,0.5106382978723404,neutral
YNLCFRCN,38,26,8,8,64,16,0.5106382978723404,neutral
CHCGFSIF,35,29,5,11,64,16,0.5106382978723404,neutral
CFCDYCSV,37,27,5,11,64,16,0.5106382978723404,neutral
FCDYYSHV,63,48,18,21,111,39,0.5106382978723404,neutral
FCHVFCVV,34,30,4,12,64,16,0.5106382978723404,neutral
SVCGYHDF,36,28,9,7,64,16,0.5106382978723404,neutral
FCNGVYHV,60,51,18,21,111,39,0.5106382978723404,neutral
VYFCDYFC,63,46,15,23,109,38,0.5107913669064749,neutral
SCFHIIFD,36,26,8,7,62,15,0.5108695652173914,neutral
CHIFYRLV,40,22,8,7,62,15,0.5108695652173914,neutral
VIVNVCHY,38,24,6,9,62,15,0.5108695652173914,neutral
LLDICCYC,39,23,8,7,62,15,0.5108695652173914,neutral
CRLCYSNY,36,26,5,10,62,15,0.5108695652173914,neutral
LYDSCHSV,40,22,8,7,62,15,0.5108695652173914,neutral
HRFYVCFG,40,22,6,9,62,15,0.5108695652173914,neutral
YYCFVDFV,39,23,6,9,62,15,0.5108695652173914,neutral
YNCFIHFL,39,23,11,4,62,15,0.5108695652173914,neutral
VCLCCCCS,34,28,8,7,62,15,0.5108695652173914,neutral
RFCCCGLH,60,47,23,14,107,37,0.5109489051094891,neutral
HGGRFHYI,63,44,16,21,107,37,0.5109489051094891,neutral
IFVFFGCD,61,46,20,17,107,37,0.5109489051094891,neutral
DYYCVCDV,51,56,20,17,107,37,0.5109489051094891,neutral
LHVRCLNY,107,90,31,50,197,81,0.5110132158590308,neutral
CVIFHRHF,34,26,5,9,60,14,0.5111111111111111,neutral
FIIFYDSV,30,30,5,9,60,14,0.5111111111111111,neutral
VVCFRYCG,38,22,5,9,60,14,0.5111111111111111,neutral
CCNVFFLL,32,28,4,10,60,14,0.5111111111111111,neutral
LCRCCNNF,57,48,14,22,105,36,0.5111111111111111,neutral
FYLCYVDL,38,22,5,9,60,14,0.5111111111111111,neutral
YFGIDSGC,61,44,15,21,105,36,0.5111111111111111,neutral
FDVSFFVC,35,25,6,8,60,14,0.5111111111111111,neutral
VCFFCVHY,37,23,10,4,60,14,0.5111111111111111,neutral
CYNCGGCL,34,26,5,9,60,14,0.5111111111111111,neutral
FFGLVIGL,31,29,3,11,60,14,0.5111111111111111,neutral
DSGDFSYC,82,68,34,24,150,58,0.5111111111111111,neutral
FYDGYGRF,59,44,13,22,103,35,0.5112781954887218,neutral
FHDSGLLG,127,109,48,52,236,100,0.5112781954887218,neutral
GCNIVCRY,50,53,24,11,103,35,0.5112781954887218,neutral
GDYLGVFL,58,45,12,23,103,35,0.5112781954887218,neutral
FLLHYGFY,33,25,6,7,58,13,0.5113636363636364,neutral
FRVISSGY,35,23,5,8,58,13,0.5113636363636364,neutral
ICNNFFGD,37,21,5,8,58,13,0.5113636363636364,neutral
CYCFGFCH,35,23,3,10,58,13,0.5113636363636364,neutral
CNCFDHCR,36,22,6,7,58,13,0.5113636363636364,neutral
SYVFCCLV,37,21,10,3,58,13,0.5113636363636364,neutral
SFCCCSCR,36,22,5,8,58,13,0.5113636363636364,neutral
GVYRCGVY,33,25,4,9,58,13,0.5113636363636364,neutral
CYVCFVSC,32,26,6,7,58,13,0.5113636363636364,neutral
LFFCCCGF,33,25,5,8,58,13,0.5113636363636364,neutral
GHCLYVLD,31,27,7,6,58,13,0.5113636363636364,neutral
FGSYVGGY,35,23,3,10,58,13,0.5113636363636364,neutral
VVYYFCCH,36,22,7,6,58,13,0.5113636363636364,neutral
GVCNICCR,31,27,6,7,58,13,0.5113636363636364,neutral
YLHCLLYL,35,23,4,9,58,13,0.5113636363636364,neutral
FFLYLIYN,38,20,5,8,58,13,0.5113636363636364,neutral
LCCFDFVL,33,25,5,8,58,13,0.5113636363636364,neutral
FSVRVYSR,52,49,16,18,101,34,0.5114503816793893,neutral
VYGIVCLD,81,63,25,30,144,55,0.5114942528735632,neutral
NYFCDSGF,77,67,22,33,144,55,0.5114942528735632,neutral
LIFYYVVY,37,19,5,7,56,12,0.5116279069767442,neutral
FFRFVYHR,34,22,9,3,56,12,0.5116279069767442,neutral
LCSIGGHY,28,28,6,6,56,12,0.5116279069767442,neutral
VFCSVFGY,35,21,6,6,56,12,0.5116279069767442,neutral
LYLRGCYV,37,19,8,4,56,12,0.5116279069767442,neutral
INVGGYFY,32,24,9,3,56,12,0.5116279069767442,neutral
NFVCFYFH,32,24,5,7,56,12,0.5116279069767442,neutral
LFVFYSCV,34,22,3,9,56,12,0.5116279069767442,neutral
VVYFGCFR,32,24,6,6,56,12,0.5116279069767442,neutral
LCFGSSCL,35,21,4,8,56,12,0.5116279069767442,neutral
ISCFICGF,59,40,13,20,99,33,0.5116279069767442,neutral
IFCLVLVY,36,20,6,6,56,12,0.5116279069767442,neutral
NHNLFFRL,65,77,26,28,142,54,0.5116279069767442,neutral
FFVSVRCC,32,24,6,6,56,12,0.5116279069767442,neutral
ILYYGYHD,79,61,19,34,140,53,0.5117647058823529,neutral
GHCCCCCC,56,41,12,20,97,32,0.5118110236220472,neutral
GDFLDYCC,32,22,4,7,54,11,0.5119047619047619,neutral
GCYCVIYR,35,19,6,5,54,11,0.5119047619047619,neutral
YFCCYFFY,30,24,3,8,54,11,0.5119047619047619,neutral
ICVFVFYV,34,20,6,5,54,11,0.5119047619047619,neutral
NVCVFVNY,35,19,2,9,54,11,0.5119047619047619,neutral
VLFVHCFC,35,19,7,4,54,11,0.5119047619047619,neutral
RYFYRVDF,35,19,6,5,54,11,0.5119047619047619,neutral
SCYHLDYL,35,19,6,5,54,11,0.5119047619047619,neutral
CFINVIRY,50,45,22,9,95,31,0.512,neutral
FCSLDHSV,57,38,13,18,95,31,0.512,neutral
ICGGVCCC,94,83,27,44,177,71,0.5120772946859904,neutral
FHGLCDYR,34,18,4,6,52,10,0.5121951219512195,neutral
SSFFFVRY,32,20,7,3,52,10,0.5121951219512195,neutral
NSCSCCRC,50,43,17,13,93,30,0.5121951219512195,neutral
YCSYFCNY,27,25,3,7,52,10,0.5121951219512195,neutral
FCFVCFYH,33,19,6,4,52,10,0.5121951219512195,neutral
CYIGLYYY,28,24,3,7,52,10,0.5121951219512195,neutral
FYDCDGCH,74,60,27,23,134,50,0.5121951219512195,neutral
CVNYVYVD,45,48,13,17,93,30,0.5121951219512195,neutral
FRYGVFRF,55,38,10,20,93,30,0.5121951219512195,neutral
FIFSYGRF,33,19,5,5,52,10,0.5121951219512195,neutral
CCFCHIFV,56,37,12,18,93,30,0.5121951219512195,neutral
FCCYSYFH,31,21,5,5,52,10,0.5121951219512195,neutral
GYRCICYF,35,17,6,4,52,10,0.5121951219512195,neutral
FNCCFVYC,32,20,5,5,52,10,0.5121951219512195,neutral
FCHCLCDF,30,22,3,7,52,10,0.5121951219512195,neutral
VIICYGGF,27,25,6,4,52,10,0.5121951219512195,neutral
NYYLSDGC,29,23,7,3,52,10,0.5121951219512195,neutral
FFFDNDVV,75,57,23,26,132,49,0.5123456790123457,neutral
YYDRVFSV,72,60,23,26,132,49,0.5123456790123457,neutral
RICIGFCV,54,37,13,16,91,29,0.512396694214876,neutral
FCCCSICY,47,44,14,15,91,29,0.512396694214876,neutral
YYCIDFVC,53,38,6,23,91,29,0.512396694214876,neutral
FLLCFLFV,34,16,2,7,50,9,0.5125,neutral
CFYFVFYF,33,17,2,7,50,9,0.5125,neutral
YDFLRGSC,31,19,5,4,50,9,0.5125,neutral
FCDFCDCC,29,21,7,2,50,9,0.5125,neutral
FFNSDVGL,33,17,7,2,50,9,0.5125,neutral
CYCFFGCI,34,16,3,6,50,9,0.5125,neutral
IVSLDGFF,32,18,4,5,50,9,0.5125,neutral
CYDYYGRI,29,21,4,5,50,9,0.5125,neutral
FVYIFYGC,29,21,4,5,50,9,0.5125,neutral
FCYCCYNI,33,17,5,4,50,9,0.5125,neutral
FCRCVFIR,34,16,3,6,50,9,0.5125,neutral
FCSILCLI,29,21,6,3,50,9,0.5125,neutral
RYIICGII,32,18,6,3,50,9,0.5125,neutral
CFDYLDCL,29,21,6,3,50,9,0.5125,neutral
VCFCGYCV,32,18,3,6,50,9,0.5125,neutral
YFLCYCCG,24,26,5,4,50,9,0.5125,neutral
VVLVHFGF,31,19,3,6,50,9,0.5125,neutral
LFFYCGCL,31,19,1,8,50,9,0.5125,neutral
FCYICGYF,29,21,4,5,50,9,0.5125,neutral
YCVVIIGH,33,17,5,4,50,9,0.5125,neutral
CNRHCFCC,29,21,3,6,50,9,0.5125,neutral
CILCCCHR,30,20,7,2,50,9,0.5125,neutral
SSFCVIFC,34,16,4,5,50,9,0.5125,neutral
GYFGFCCC,28,22,7,2,50,9,0.5125,neutral
VCGIFFYV,33,17,5,4,50,9,0.5125,neutral
CDCCICIV,30,20,3,6,50,9,0.5125,neutral
VFSYLVCY,29,21,6,3,50,9,0.5125,neutral
IFCGRCFC,31,19,3,6,50,9,0.5125,neutral
RCFCVCCG,27,23,2,7,50,9,0.5125,neutral
YYDDSCCV,93,74,30,36,167,66,0.5126903553299492,neutral
FCRHFYNS,52,35,12,15,87,27,0.5128205128205128,neutral
FDLGFDVH,91,74,28,37,165,65,0.5128205128205128,neutral
VDDYFFCD,27,21,4,4,48,8,0.5128205128205128,neutral
FRIRSYCG,69,57,25,21,126,46,0.5128205128205128,neutral
FYIYHFCH,33,15,4,4,48,8,0.5128205128205128,neutral
CCVFVIGY,33,15,5,3,48,8,0.5128205128205128,neutral
IVHVICHV,53,34,15,12,87,27,0.5128205128205128,neutral
IIGVVVVL,30,18,4,4,48,8,0.5128205128205128,neutral
FIDFFYNL,53,34,14,13,87,27,0.5128205128205128,neutral
CYVVIVFF,31,17,3,5,48,8,0.5128205128205128,neutral
GGIDDFCF,28,20,4,4,48,8,0.5128205128205128,neutral
CDRCVHYC,48,39,17,10,87,27,0.5128205128205128,neutral
DLDRFINY,51,36,14,13,87,27,0.5128205128205128,neutral
FIRHFVCC,51,36,13,14,87,27,0.5128205128205128,neutral
FLLLGFSC,32,16,3,5,48,8,0.5128205128205128,neutral
FLFFDIFI,33,15,3,5,48,8,0.5128205128205128,neutral
CIFCSCYG,27,21,4,4,48,8,0.5128205128205128,neutral
IYIVCVHS,27,21,2,6,48,8,0.5128205128205128,neutral
CVDCVCII,33,15,5,3,48,8,0.5128205128205128,neutral
VCIVLVVN,25,23,4,4,48,8,0.5128205128205128,neutral
FVFGFYCG,33,15,3,5,48,8,0.5128205128205128,neutral
FFGLLIVL,25,23,7,1,48,8,0.5128205128205128,neutral
CICGRCLN,29,19,5,3,48,8,0.5128205128205128,neutral
CLLCFFFV,29,19,4,4,48,8,0.5128205128205128,neutral
DVIFFIVL,27,21,6,2,48,8,0.5128205128205128,neutral
CLCFVFCL,26,22,3,5,48,8,0.5128205128205128,neutral
NYFCVIDG,69,55,20,25,124,45,0.512987012987013,neutral
FFIVLVFS,47,38,13,13,85,26,0.5130434782608696,neutral
FYYFCGIR,51,34,12,14,85,26,0.5130434782608696,neutral
CRVCRFVR,52,33,8,18,85,26,0.5130434782608696,neutral
CCCCVSFY,47,38,8,18,85,26,0.5130434782608696,neutral
CCCSYHFG,50,35,13,13,85,26,0.5130434782608696,neutral
VRFCGCVG,51,34,11,15,85,26,0.5130434782608696,neutral
CFNFSDGI,50,35,14,12,85,26,0.5130434782608696,neutral
YFVNINHN,48,37,15,11,85,26,0.5130434782608696,neutral
IGCRCFFL,44,41,15,11,85,26,0.5130434782608696,neutral
FFCVFVFC,29,17,5,2,46,7,0.5131578947368421,neutral
VNCFVFVF,29,17,4,3,46,7,0.5131578947368421,neutral
CILVLNCV,30,16,3,4,46,7,0.5131578947368421,neutral
YVFGYLCY,27,19,4,3,46,7,0.5131578947368421,neutral
IYFGFVCC,26,20,4,3,46,7,0.5131578947368421,neutral
CIVVIVSL,28,18,6,1,46,7,0.5131578947368421,neutral
INCIVFVG,26,20,2,5,46,7,0.5131578947368421,neutral
YCFICFFY,23,23,2,5,46,7,0.5131578947368421,neutral
FLCLCCCC,25,21,1,6,46,7,0.5131578947368421,neutral
FYVRGDYV,29,17,3,4,46,7,0.5131578947368421,neutral
GFFIVCRC,23,23,4,3,46,7,0.5131578947368421,neutral
FLVCYRVR,30,16,4,3,46,7,0.5131578947368421,neutral
FFFCGLHL,27,19,5,2,46,7,0.5131578947368421,neutral
NFYFYLHI,32,14,3,4,46,7,0.5131578947368421,neutral
LFYCVLIN,32,14,2,5,46,7,0.5131578947368421,neutral
VFFCVVLC,30,16,4,3,46,7,0.5131578947368421,neutral
YCFVYFCC,30,16,5,2,46,7,0.5131578947368421,neutral
FCIFFNFD,26,20,4,3,46,7,0.5131578947368421,neutral
HLFDVCHL,29,17,5,2,46,7,0.5131578947368421,neutral
YLLYLCYH,31,15,1,6,46,7,0.5131578947368421,neutral
FCCCYNVI,23,23,5,2,46,7,0.5131578947368421,neutral
CDCSLCNH,25,21,4,3,46,7,0.5131578947368421,neutral
ICCVCNGC,66,56,21,23,122,44,0.5131578947368421,neutral
CVIFCVLR,30,16,3,4,46,7,0.5131578947368421,neutral
FCSFCGCC,29,17,4,3,46,7,0.5131578947368421,neutral
FCDCYNYD,89,70,29,33,159,62,0.5132275132275133,neutral
FIIYYGYV,46,37,12,13,83,25,0.5132743362831859,neutral
VYIGYHCL,51,32,8,17,83,25,0.5132743362831859,neutral
VCNCVCVR,48,35,8,17,83,25,0.5132743362831859,neutral
DGLCCCCN,66,54,28,15,120,43,0.5133333333333333,neutral
VRGCGDYG,84,73,30,31,157,61,0.5133689839572193,neutral
DFGLCYDF,47,34,10,14,81,24,0.5135135135135135,neutral
NIVCLFHF,25,19,4,2,44,6,0.5135135135135135,neutral
GFFYDIRD,49,32,7,17,81,24,0.5135135135135135,neutral
RFFFYGNN,49,32,12,12,81,24,0.5135135135135135,neutral
CGCIRCDY,50,31,9,15,81,24,0.5135135135135135,neutral
HYYIVIDC,50,31,11,13,81,24,0.5135135135135135,neutral
FFLVIIRV,29,15,3,3,44,6,0.5135135135135135,neutral
CCGIICFR,50,31,9,15,81,24,0.5135135135135135,neutral
CVYSCLGL,46,35,8,16,81,24,0.5135135135135135,neutral
HFYISFGV,31,13,3,3,44,6,0.5135135135135135,neutral
VCFFVCFC,23,21,4,2,44,6,0.5135135135135135,neutral
IVCFYVFF,30,14,4,2,44,6,0.5135135135135135,neutral
FICVFFGS,29,15,3,3,44,6,0.5135135135135135,neutral
NCRCCVFI,28,16,4,2,44,6,0.5135135135135135,neutral
YIVFSYGF,31,13,1,5,44,6,0.5135135135135135,neutral
VCFCCCHG,24,20,3,3,44,6,0.5135135135135135,neutral
CFCHSCVN,50,31,10,14,81,24,0.5135135135135135,neutral
ILICFCHL,30,14,1,5,44,6,0.5135135135135135,neutral
CYVVVCGH,50,31,11,13,81,24,0.5135135135135135,neutral
CVDFYVCF,24,20,5,1,44,6,0.5135135135135135,neutral
FRCCRYVG,47,34,11,13,81,24,0.5135135135135135,neutral
YYLCCSLS,31,13,4,2,44,6,0.5135135135135135,neutral
CFLCCGID,66,52,16,26,118,42,0.5135135135135135,neutral
CFRSYYRR,68,50,17,25,118,42,0.5135135135135135,neutral
LRFVVISF,27,17,3,3,44,6,0.5135135135135135,neutral
FLYNFFYV,31,13,1,5,44,6,0.5135135135135135,neutral
YCRYRSNY,65,51,26,15,116,41,0.5136986301369864,neutral
CFHCNYRV,46,33,13,10,79,23,0.5137614678899083,neutral
DGYFNFVY,47,32,11,12,79,23,0.5137614678899083,neutral
SYYYVGGF,48,31,10,13,79,23,0.5137614678899083,neutral
CFFCCGYY,46,33,12,11,79,23,0.5137614678899083,neutral
FCVGVYGF,39,40,9,14,79,23,0.5137614678899083,neutral
VFGVLINL,46,33,7,16,79,23,0.5137614678899083,neutral
CFYGGFFI,49,30,11,12,79,23,0.5137614678899083,neutral
CLFFIRSH,41,38,11,12,79,23,0.5137614678899083,neutral
FFVCVYSV,26,16,4,1,42,5,0.5138888888888888,neutral
FFVFVVSI,29,13,1,4,42,5,0.5138888888888888,neutral
LYLIDYYF,25,17,3,2,42,5,0.5138888888888888,neutral
YVFFFCLD,30,12,2,3,42,5,0.5138888888888888,neutral
CCRRCCFH,30,12,2,3,42,5,0.5138888888888888,neutral
GLLIICHF,27,15,1,4,42,5,0.5138888888888888,neutral
FFVFFLNV,26,16,3,2,42,5,0.5138888888888888,neutral
VFFCCSFC,29,13,3,2,42,5,0.5138888888888888,neutral
VFFVLCCY,30,12,1,4,42,5,0.5138888888888888,neutral
CYFCIVYC,27,15,3,2,42,5,0.5138888888888888,neutral
YFFFCYGC,26,16,3,2,42,5,0.5138888888888888,neutral
IRGYFYFC,29,13,2,3,42,5,0.5138888888888888,neutral
VYFYCIGH,24,18,4,1,42,5,0.5138888888888888,neutral
IVFVRCLC,29,13,4,1,42,5,0.5138888888888888,neutral
FFIFISFF,26,16,3,2,42,5,0.5138888888888888,neutral
FNYSFIFC,24,18,2,3,42,5,0.5138888888888888,neutral
HFFLYCIH,21,21,2,3,42,5,0.5138888888888888,neutral
CYLIHFSL,26,16,3,2,42,5,0.5138888888888888,neutral
VLVYLGFC,21,21,2,3,42,5,0.5138888888888888,neutral
CFFFLVLY,25,17,2,3,42,5,0.5138888888888888,neutral
CHYVVFVI,21,21,1,4,42,5,0.5138888888888888,neutral
LHCVLICL,26,16,2,3,42,5,0.5138888888888888,neutral
YVIYFCGF,30,12,3,2,42,5,0.5138888888888888,neutral
LFLFVSSC,24,18,1,4,42,5,0.5138888888888888,neutral
CCCLCFCY,30,12,3,2,42,5,0.5138888888888888,neutral
IIRIFSRV,48,29,9,13,77,22,0.514018691588785,neutral
NIFFYSVF,48,29,15,7,77,22,0.514018691588785,neutral
FYYRCVCF,47,30,9,13,77,22,0.514018691588785,neutral
LLCYCYYS,39,38,11,11,77,22,0.514018691588785,neutral
CYHVSSFC,45,32,9,13,77,22,0.514018691588785,neutral
SVFVNVYC,44,33,11,11,77,22,0.514018691588785,neutral
IYDIFFDC,45,32,9,13,77,22,0.514018691588785,neutral
FIDVYCVL,37,40,11,11,77,22,0.514018691588785,neutral
LRIIICYI,25,15,2,2,40,4,0.5142857142857142,neutral
LHDFNRFC,43,32,9,12,75,21,0.5142857142857142,neutral
FYFYLRRR,20,20,3,1,40,4,0.5142857142857142,neutral
ICSYYRCY,44,31,13,8,75,21,0.5142857142857142,neutral
CFDFIFYV,28,12,2,2,40,4,0.5142857142857142,neutral
HCFLICVF,29,11,1,3,40,4,0.5142857142857142,neutral
LSCIYISI,41,34,12,9,75,21,0.5142857142857142,neutral
CHLCCFGG,29,11,2,2,40,4,0.5142857142857142,neutral
LFFGNFGH,47,28,9,12,75,21,0.5142857142857142,neutral
CLFGFVLG,45,30,9,12,75,21,0.5142857142857142,neutral
CGFFCCSC,27,13,2,2,40,4,0.5142857142857142,neutral
FLFCCFFY,26,14,1,3,40,4,0.5142857142857142,neutral
FCVVVVIH,25,15,0,4,40,4,0.5142857142857142,neutral
YVYFLGCV,27,13,1,3,40,4,0.5142857142857142,neutral
FHYCYDSI,44,31,9,12,75,21,0.5142857142857142,neutral
LYVVVFFD,29,11,1,3,40,4,0.5142857142857142,neutral
LRLVVHLI,25,15,2,2,40,4,0.5142857142857142,neutral
FVCFIFDF,25,15,0,4,40,4,0.5142857142857142,neutral
FNDYFCHN,29,11,2,2,40,4,0.5142857142857142,neutral
RYLYCGFF,25,15,3,1,40,4,0.5142857142857142,neutral
FVSFSNFI,40,35,10,11,75,21,0.5142857142857142,neutral
LHVNLVYF,46,29,10,11,75,21,0.5142857142857142,neutral
CCYLGFNF,63,47,14,24,110,38,0.5142857142857142,neutral
YFFIGIVF,25,15,2,2,40,4,0.5142857142857142,neutral
FRVDYFSG,46,29,10,11,75,21,0.5142857142857142,neutral
YYVCIHVH,28,12,1,3,40,4,0.5142857142857142,neutral
FGLSDGGF,44,31,12,9,75,21,0.5142857142857142,neutral
VILVGVCH,43,32,12,9,75,21,0.5142857142857142,neutral
FIRIGFCV,28,12,2,2,40,4,0.5142857142857142,neutral
GICCSCGF,46,29,8,13,75,21,0.5142857142857142,neutral
FFIFSVVH,46,29,9,12,75,21,0.5142857142857142,neutral
DFIVVDHY,62,46,16,21,108,37,0.5144927536231884,neutral
VYGDCFSN,46,27,12,8,73,20,0.5145631067961165,neutral
YNVYGVSF,43,30,10,10,73,20,0.5145631067961165,neutral
IFVHLVCG,44,29,10,10,73,20,0.5145631067961165,neutral
FFVFVFGH,44,29,6,14,73,20,0.5145631067961165,neutral
FFGYCDSD,44,29,12,8,73,20,0.5145631067961165,neutral
IFDCVIVI,42,31,10,10,73,20,0.5145631067961165,neutral
NIGRVYLF,42,31,7,13,73,20,0.5145631067961165,neutral
FFCCIYCG,26,12,1,2,38,3,0.5147058823529411,neutral
LLVICFNH,22,16,2,1,38,3,0.5147058823529411,neutral
CCICVVIC,27,11,1,2,38,3,0.5147058823529411,neutral
CVFCIVVL,25,13,0,3,38,3,0.5147058823529411,neutral
FCVVNFYF,20,18,2,1,38,3,0.5147058823529411,neutral
FCYVGVIF,26,12,0,3,38,3,0.5147058823529411,neutral
IYYGGIGC,60,46,15,21,106,36,0.5147058823529411,neutral
RIYFFSIS,25,13,2,1,38,3,0.5147058823529411,neutral
LIFLCYRV,23,15,3,0,38,3,0.5147058823529411,neutral
FFGYFCFG,27,11,1,2,38,3,0.5147058823529411,neutral
VCNCCRVF,59,47,27,9,106,36,0.5147058823529411,neutral
SICIYLYF,25,13,2,1,38,3,0.5147058823529411,neutral
SIIIVVSG,23,15,1,2,38,3,0.5147058823529411,neutral
FFILCCVR,22,16,3,0,38,3,0.5147058823529411,neutral
DIYFCLVY,22,16,0,3,38,3,0.5147058823529411,neutral
CIRCRFCY,28,10,2,1,38,3,0.5147058823529411,neutral
VGFCLFIV,19,19,0,3,38,3,0.5147058823529411,neutral
FFFFLIFF,26,12,1,2,38,3,0.5147058823529411,neutral
VSFFFVII,24,14,2,1,38,3,0.5147058823529411,neutral
IFFCYFLV,24,14,0,3,38,3,0.5147058823529411,neutral
HYGCSGCH,62,44,15,21,106,36,0.5147058823529411,neutral
CFCSFVFC,26,12,2,1,38,3,0.5147058823529411,neutral
SFIVVLFR,25,13,2,1,38,3,0.5147058823529411,neutral
FRVFIYDL,25,13,3,0,38,3,0.5147058823529411,neutral
LISLLIVR,23,15,1,2,38,3,0.5147058823529411,neutral
YVIFYHFV,20,18,1,2,38,3,0.5147058823529411,neutral
VLLVIYGG,26,12,1,2,38,3,0.5147058823529411,neutral
FCVIRFRH,28,10,1,2,38,3,0.5147058823529411,neutral
FFVCFFCI,28,10,2,1,38,3,0.5147058823529411,neutral
YFRHVVLC,45,26,10,9,71,19,0.5148514851485149,neutral
CINVFHHF,39,32,11,8,71,19,0.5148514851485149,neutral
DYCYDRGY,41,30,9,10,71,19,0.5148514851485149,neutral
FLVHIYDL,40,31,4,15,71,19,0.5148514851485149,neutral
FYYCYCIR,45,26,8,11,71,19,0.5148514851485149,neutral
FNCCYVCV,43,28,9,10,71,19,0.5148514851485149,neutral
ICVVCCCG,44,27,7,12,71,19,0.5148514851485149,neutral
CDCFFYDF,41,30,9,10,71,19,0.5148514851485149,neutral
VGRYVLIC,67,70,24,27,137,51,0.5149700598802395,neutral
IYRFFSYL,24,12,1,1,36,2,0.5151515151515151,neutral
SYCRIYLI,22,14,2,0,36,2,0.5151515151515151,neutral
CCHFCVSL,19,17,2,0,36,2,0.5151515151515151,neutral
CVYRCLYV,25,11,1,1,36,2,0.5151515151515151,neutral
FVIYVVFG,22,14,2,0,36,2,0.5151515151515151,neutral
CLHFSFVV,43,26,10,8,69,18,0.5151515151515151,neutral
FLCLYIHF,20,16,1,1,36,2,0.5151515151515151,neutral
YYVIVLNV,24,12,1,1,36,2,0.5151515151515151,neutral
LHVIIYRI,21,15,2,0,36,2,0.5151515151515151,neutral
YFFLRFYI,23,13,1,1,36,2,0.5151515151515151,neutral
FLFNSVRY,43,26,8,10,69,18,0.5151515151515151,neutral
FNCIIIHY,24,12,0,2,36,2,0.5151515151515151,neutral
CHLNCVFN,93,75,29,37,168,66,0.5151515151515151,neutral
FVFVCLLR,21,15,0,2,36,2,0.5151515151515151,neutral
VFFCVDHG,58,44,16,18,102,34,0.5151515151515151,neutral
FFCFVVIL,26,10,2,0,36,2,0.5151515151515151,neutral
FIFCLFLI,20,16,2,0,36,2,0.5151515151515151,neutral
LRIICFVY,22,14,0,2,36,2,0.5151515151515151,neutral
LFFIFLCV,22,14,0,2,36,2,0.5151515151515151,neutral
IFLCIIYC,21,15,1,1,36,2,0.5151515151515151,neutral
CCCFVICR,23,13,1,1,36,2,0.5151515151515151,neutral
FYLGCVCC,42,27,7,11,69,18,0.5151515151515151,neutral
CDYCFFSG,40,29,5,13,69,18,0.5151515151515151,neutral
DYCYGVGC,44,25,10,8,69,18,0.5151515151515151,neutral
ICLSCFLF,24,12,1,1,36,2,0.5151515151515151,neutral
CNCVLCGC,37,32,6,12,69,18,0.5151515151515151,neutral
VFVNDNYF,44,25,10,8,69,18,0.5151515151515151,neutral
CFYRGCLN,60,42,15,19,102,34,0.5151515151515151,neutral
GCCFIHLL,39,30,10,8,69,18,0.5151515151515151,neutral
FFVVFFRL,22,14,0,2,36,2,0.5151515151515151,neutral
FFFYFCIY,24,12,1,1,36,2,0.5151515151515151,neutral
FFCCVVFD,19,17,1,1,36,2,0.5151515151515151,neutral
YRFCVVCI,23,13,0,2,36,2,0.5151515151515151,neutral
IFRIICNF,26,10,0,2,36,2,0.5151515151515151,neutral
FDRYYHFH,43,26,7,11,69,18,0.5151515151515151,neutral
NCFGGCYY,56,44,17,16,100,33,0.5153846153846153,neutral
FCYFFSCV,54,46,21,12,100,33,0.5153846153846153,neutral
HCVFSDCF,58,42,14,19,100,33,0.5153846153846153,neutral
VYFSGLFL,43,24,9,8,67,17,0.5154639175257731,neutral
IFNFCCIY,43,24,11,6,67,17,0.5154639175257731,neutral
FVFVIDRY,38,29,9,8,67,17,0.5154639175257731,neutral
CGYGCFGC,43,24,6,11,67,17,0.5154639175257731,neutral
GNSFFCLR,89,75,40,24,164,64,0.5154639175257731,neutral
FLCCFGYL,43,24,11,6,67,17,0.5154639175257731,neutral
YYLNDCSR,40,27,8,9,67,17,0.5154639175257731,neutral
CVHISFVV,41,26,7,10,67,17,0.5154639175257731,neutral
FHCLCRDY,41,26,7,10,67,17,0.5154639175257731,neutral
FCCRGGCV,43,24,5,12,67,17,0.5154639175257731,neutral
VFVCCGHF,75,56,23,25,131,48,0.515527950310559,neutral
FYFFCRFF,22,12,1,0,34,1,0.515625,neutral
CRFFFVIL,22,12,0,1,34,1,0.515625,neutral
FFSVFCCF,21,13,1,0,34,1,0.515625,neutral
CIINFFRV,58,40,14,18,98,32,0.515625,neutral
FDLFFYVY,23,11,0,1,34,1,0.515625,neutral
FIDVYHSV,52,46,16,16,98,32,0.515625,neutral
CIVYRIVY,22,12,0,1,34,1,0.515625,neutral
FLCFHYLF,25,9,1,0,34,1,0.515625,neutral
CILCCLFD,19,15,1,0,34,1,0.515625,neutral
FYFRFFVF,23,11,0,1,34,1,0.515625,neutral
FFCIVFYY,17,17,1,0,34,1,0.515625,neutral
VFFIFSFF,20,14,1,0,34,1,0.515625,neutral
FCIFRICF,26,8,1,0,34,1,0.515625,neutral
FIRSDFVC,58,40,21,11,98,32,0.515625,neutral
LFFFFVLF,22,12,1,0,34,1,0.515625,neutral
VYVFLYFF,18,16,1,0,34,1,0.515625,neutral
FFCFCVCC,23,11,1,0,34,1,0.515625,neutral
LFNCIYCC,23,11,0,1,34,1,0.515625,neutral
CVVFVVSI,20,14,0,1,34,1,0.515625,neutral
FVHFCCYV,18,16,0,1,34,1,0.515625,neutral
FFLFFRID,21,13,0,1,34,1,0.515625,neutral
VFFFVGLL,17,17,0,1,34,1,0.515625,neutral
RISLYFHL,23,11,0,1,34,1,0.515625,neutral
FFLSGDYF,71,58,18,29,129,47,0.5157232704402516,neutral
CLSSFCCG,74,55,29,18,129,47,0.5157232704402516,neutral
YIVCCFSD,37,28,7,9,65,16,0.5157894736842106,neutral
VFHVRIVG,40,25,7,9,65,16,0.5157894736842106,neutral
FYCCVLCH,34,31,9,7,65,16,0.5157894736842106,neutral
FCGYCFLY,39,26,6,10,65,16,0.5157894736842106,neutral
YYNVVHHC,34,31,6,10,65,16,0.5157894736842106,neutral
FYYCSCIC,39,26,7,9,65,16,0.5157894736842106,neutral
YYDHGDRL,38,27,11,5,65,16,0.5157894736842106,neutral
YGIDRFLD,36,29,8,8,65,16,0.5157894736842106,neutral
DFIIVCHR,38,27,5,11,65,16,0.5157894736842106,neutral
CFLGGSFN,42,23,4,12,65,16,0.5157894736842106,neutral
IGVSNNYY,39,26,7,9,65,16,0.5157894736842106,neutral
CCFCVSRG,41,24,6,10,65,16,0.5157894736842106,neutral
VSGCFRCC,33,32,9,7,65,16,0.5157894736842106,neutral
VSILDYCR,38,27,9,7,65,16,0.5157894736842106,neutral
IRICGHYI,34,31,6,10,65,16,0.5157894736842106,neutral
FDHCIDNV,54,42,14,17,96,31,0.5158730158730159,neutral
SLFFYGRR,57,39,14,17,96,31,0.5158730158730159,neutral
SIGYYRVD,52,44,15,16,96,31,0.5158730158730159,neutral
HYVIFVCS,57,39,13,18,96,31,0.5158730158730159,neutral
CFFINCFY,55,41,14,17,96,31,0.5158730158730159,neutral
SVDYFVGL,66,61,26,20,127,46,0.5159235668789809,neutral
CFSFVVYS,40,23,5,10,63,15,0.5161290322580645,neutral
YGFSDRVF,39,24,5,10,63,15,0.5161290322580645,neutral
LFFGIFVI,25,7,0,0,32,0,0.5161290322580645,neutral
YYDLNNIN,53,41,12,18,94,30,0.5161290322580645,neutral
IGCNDCGF,55,39,13,17,94,30,0.5161290322580645,neutral
CVFGLCLF,37,26,8,7,63,15,0.5161290322580645,neutral
IFFRHCCD,53,41,12,18,94,30,0.5161290322580645,neutral
FSNFYVFR,40,23,7,8,63,15,0.5161290322580645,neutral
YYNIRYHI,40,23,12,3,63,15,0.5161290322580645,neutral
RFLFLFYF,21,11,0,0,32,0,0.5161290322580645,neutral
VYCVCFLV,41,22,10,5,63,15,0.5161290322580645,neutral
YFLRFLLG,19,13,0,0,32,0,0.5161290322580645,neutral
FFRYFCGC,21,11,0,0,32,0,0.5161290322580645,neutral
CCLFYRFF,24,8,0,0,32,0,0.5161290322580645,neutral
CCCVSCGV,39,24,4,11,63,15,0.5161290322580645,neutral
VVRFVLFL,23,9,0,0,32,0,0.5161290322580645,neutral
FCRFFCFF,21,11,0,0,32,0,0.5161290322580645,neutral
FSSGLFDY,39,24,6,9,63,15,0.5161290322580645,neutral
CIIFSVFC,18,14,0,0,32,0,0.5161290322580645,neutral
FVLFRCRF,23,9,0,0,32,0,0.5161290322580645,neutral
NVHFGVYV,48,46,14,16,94,30,0.5161290322580645,neutral
CFCCDNCI,37,26,9,6,63,15,0.5161290322580645,neutral
FFIILIIF,24,8,0,0,32,0,0.5161290322580645,neutral
FFCCLFIV,20,12,0,0,32,0,0.5161290322580645,neutral
YDYIIYVY,18,14,0,0,32,0,0.5161290322580645,neutral
FFFFCCCH,18,14,0,0,32,0,0.5161290322580645,neutral
VFCVLCFL,15,17,0,0,32,0,0.5161290322580645,neutral
FFNFFFVC,19,13,0,0,32,0,0.5161290322580645,neutral
RYSYLIDG,50,44,10,20,94,30,0.5161290322580645,neutral
YYGFVGRD,41,22,7,8,63,15,0.5161290322580645,neutral
VCCGRFCF,40,23,8,7,63,15,0.5161290322580645,neutral
FYIVFFRC,19,13,0,0,32,0,0.5161290322580645,neutral
FHRNFDRY,36,27,7,8,63,15,0.5161290322580645,neutral
YGCGFRVF,35,28,6,9,63,15,0.5161290322580645,neutral
YCGCCFRN,71,54,20,25,125,45,0.5161290322580645,neutral
VFCFNYCF,37,26,10,5,63,15,0.5161290322580645,neutral
CRCSVYVC,38,25,9,6,63,15,0.5161290322580645,neutral
YCYFFFCH,62,61,19,25,123,44,0.5163398692810458,neutral
VNFFFRYH,71,52,19,25,123,44,0.5163398692810458,neutral
DHRFGCCF,55,37,16,13,92,29,0.5163934426229508,neutral
GCGFCFFC,55,37,12,17,92,29,0.5163934426229508,neutral
NCCIRCYN,55,37,16,13,92,29,0.5163934426229508,neutral
GCYLYGDY,37,24,5,9,61,14,0.5164835164835165,neutral
LCLVCCVS,36,25,7,7,61,14,0.5164835164835165,neutral
GIIYCVYH,37,24,10,4,61,14,0.5164835164835165,neutral
LSFIVNLI,38,23,6,8,61,14,0.5164835164835165,neutral
LICINCHF,35,26,7,7,61,14,0.5164835164835165,neutral
YCCFVCNY,37,24,6,8,61,14,0.5164835164835165,neutral
FCHCSFDF,78,74,23,35,152,58,0.5164835164835165,neutral
FFVGCHCL,161,142,67,64,303,131,0.5165165165165165,neutral
YNFHLFCC,49,41,17,11,90,28,0.5166666666666667,neutral
GVCGNFIF,54,36,13,15,90,28,0.5166666666666667,neutral
HIFLCSCR,53,37,14,14,90,28,0.5166666666666667,neutral
YFCGHVSC,50,40,16,12,90,28,0.5166666666666667,neutral
CSYCGYIV,52,38,8,20,90,28,0.5166666666666667,neutral
CYDCYFCN,45,45,12,16,90,28,0.5166666666666667,neutral
IRGILVYG,52,38,16,12,90,28,0.5166666666666667,neutral
CCSICNDL,37,22,5,8,59,13,0.5168539325842697,neutral
SYVCVFFI,35,24,4,9,59,13,0.5168539325842697,neutral
FLGCVCII,28,31,5,8,59,13,0.5168539325842697,neutral
CVFHFCSC,38,21,4,9,59,13,0.5168539325842697,neutral
FIYFLFCG,35,24,9,4,59,13,0.5168539325842697,neutral
CYVLNCFI,35,24,6,7,59,13,0.5168539325842697,neutral
YLCVYRHD,31,28,7,6,59,13,0.5168539325842697,neutral
CRRCCCSD,28,31,5,8,59,13,0.5168539325842697,neutral
FFRFRHYY,37,22,7,6,59,13,0.5168539325842697,neutral
VYYVYIYY,38,21,5,8,59,13,0.5168539325842697,neutral
YRFCDNCF,52,36,15,12,88,27,0.5169491525423728,neutral
CFFRCGRG,47,41,15,12,88,27,0.5169491525423728,neutral
CCCCGVFI,51,37,11,16,88,27,0.5169491525423728,neutral
CSGVILVY,34,23,4,8,57,12,0.5172413793103449,neutral
FCCYGHFL,67,48,15,25,115,40,0.5172413793103449,neutral
CCFGIVYF,38,19,7,5,57,12,0.5172413793103449,neutral
FCFCNVSI,48,38,12,14,86,26,0.5172413793103449,neutral
FIDCLDVD,37,20,4,8,57,12,0.5172413793103449,neutral
GFIVFFND,36,21,7,5,57,12,0.5172413793103449,neutral
CCVFLYHS,64,51,20,20,115,40,0.5172413793103449,neutral
SLYCCRFV,50,36,14,12,86,26,0.5172413793103449,neutral
IILGLCIS,32,25,5,7,57,12,0.5172413793103449,neutral
ICLCGLVC,34,23,8,4,57,12,0.5172413793103449,neutral
VFFFNIRC,30,27,6,6,57,12,0.5172413793103449,neutral
CNLCGFFR,37,20,7,5,57,12,0.5172413793103449,neutral
SLYYGYVR,38,19,6,6,57,12,0.5172413793103449,neutral
LHFVFNVC,31,26,4,8,57,12,0.5172413793103449,neutral
FFGCVRCF,30,27,6,6,57,12,0.5172413793103449,neutral
CNVCCLGY,27,30,4,8,57,12,0.5172413793103449,neutral
CFVIFFDD,37,20,4,8,57,12,0.5172413793103449,neutral
IGFCCCHF,36,21,4,8,57,12,0.5172413793103449,neutral
VCCCDCCN,52,34,10,16,86,26,0.5172413793103449,neutral
VFFCNHCC,32,25,6,6,57,12,0.5172413793103449,neutral
FLVLCFCC,35,22,7,5,57,12,0.5172413793103449,neutral
DFFVDVLY,49,37,9,17,86,26,0.5172413793103449,neutral
FFGFGGHD,63,50,18,21,113,39,0.5174825174825175,neutral
FIVYGNDC,62,51,14,25,113,39,0.5174825174825175,neutral
IYIGCIYG,49,35,10,15,84,25,0.5175438596491229,neutral
CYNDLIFR,47,37,13,12,84,25,0.5175438596491229,neutral
LYFYDYGN,51,33,15,10,84,25,0.5175438596491229,neutral
RFCDDFCY,37,18,6,5,55,11,0.5176470588235295,neutral
RVCIYGLY,33,22,1,10,55,11,0.5176470588235295,neutral
CCSICFVV,34,21,4,7,55,11,0.5176470588235295,neutral
FYLHIHYN,36,19,6,5,55,11,0.5176470588235295,neutral
FFCLVICH,34,21,4,7,55,11,0.5176470588235295,neutral
FLDGDCCV,76,64,28,24,140,52,0.5176470588235295,neutral
FCVGFHSL,33,22,4,7,55,11,0.5176470588235295,neutral
CCNIGYYD,35,20,4,7,55,11,0.5176470588235295,neutral
VCFYLCCS,34,21,8,3,55,11,0.5176470588235295,neutral
FYGCYCYV,30,25,4,7,55,11,0.5176470588235295,neutral
VFCCYVYC,37,18,5,6,55,11,0.5176470588235295,neutral
HVYFCRFY,48,34,9,15,82,24,0.5178571428571429,neutral
CVHCCVNC,49,33,5,19,82,24,0.5178571428571429,neutral
YYFFRFNG,50,32,12,12,82,24,0.5178571428571429,neutral
DFDDVFVR,50,32,11,13,82,24,0.5178571428571429,neutral
YCCIVYGV,46,36,11,13,82,24,0.5178571428571429,neutral
YCVVDYHI,46,36,16,8,82,24,0.5178571428571429,neutral
HGVCIICF,47,35,9,15,82,24,0.5178571428571429,neutral
HHCCCFNC,49,33,12,12,82,24,0.5178571428571429,neutral
CIIYCGVR,61,48,17,20,109,37,0.5179856115107914,neutral
YYVYCGRV,56,53,13,24,109,37,0.5179856115107914,neutral
CGLCVYRF,34,19,8,2,53,10,0.5180722891566265,neutral
YCVCGRFV,35,18,5,5,53,10,0.5180722891566265,neutral
VFGFFVCN,29,24,5,5,53,10,0.5180722891566265,neutral
IVLGICCI,30,23,3,7,53,10,0.5180722891566265,neutral
IDSLFLVF,32,21,7,3,53,10,0.5180722891566265,neutral
VYFLIFVC,36,17,3,7,53,10,0.5180722891566265,neutral
VCFFVISF,32,21,3,7,53,10,0.5180722891566265,neutral
RYLCGFCF,30,23,4,6,53,10,0.5180722891566265,neutral
ICVVCHCN,36,17,4,6,53,10,0.5180722891566265,neutral
IYSGYSCH,36,17,3,7,53,10,0.5180722891566265,neutral
VFVVCSVL,33,20,8,2,53,10,0.5180722891566265,neutral
CFLVYICG,32,21,6,4,53,10,0.5180722891566265,neutral
FIYYGSFL,33,20,5,5,53,10,0.5180722891566265,neutral
ICYCIHRN,49,31,11,12,80,23,0.5181818181818182,neutral
NCHVCSCR,47,33,8,15,80,23,0.5181818181818182,neutral
VNVYIYSG,46,34,13,10,80,23,0.5181818181818182,neutral
CCDGHCCC,63,44,18,18,107,36,0.5182481751824818,neutral
LCIVDNSF,60,47,20,16,107,36,0.5182481751824818,neutral
GFFYGNDI,61,46,22,14,107,36,0.5182481751824818,neutral
CIGYCCCI,29,22,5,4,51,9,0.5185185185185185,neutral
SFFFVVDL,30,21,4,5,51,9,0.5185185185185185,neutral
CICGNILL,48,30,13,9,78,22,0.5185185185185185,neutral
GNNLCLVY,61,44,14,21,105,35,0.5185185185185185,neutral
LIIYCLNC,27,24,4,5,51,9,0.5185185185185185,neutral
CICCVINR,27,24,5,4,51,9,0.5185185185185185,neutral
VLFCCCVF,32,19,6,3,51,9,0.5185185185185185,neutral
YCVLFCYD,30,21,4,5,51,9,0.5185185185185185,neutral
FYLCRRIL,34,17,6,3,51,9,0.5185185185185185,neutral
FLVGFCYF,26,25,4,5,51,9,0.5185185185185185,neutral
CCVNFFRF,30,21,4,5,51,9,0.5185185185185185,neutral
GRCCYFVG,31,20,3,6,51,9,0.5185185185185185,neutral
CIFFYVYD,32,19,4,5,51,9,0.5185185185185185,neutral
LIIYCHIF,28,23,5,4,51,9,0.5185185185185185,neutral
LFFIFVDV,28,23,6,3,51,9,0.5185185185185185,neutral
IVNVYVIF,35,16,5,4,51,9,0.5185185185185185,neutral
SCCFLFDH,58,47,22,13,105,35,0.5185185185185185,neutral
FRYFVFGV,44,34,13,9,78,22,0.5185185185185185,neutral
CVFCGYCH,30,21,4,5,51,9,0.5185185185185185,neutral
LYGVVLCC,46,32,8,14,78,22,0.5185185185185185,neutral
VIYHVLSL,47,31,13,9,78,22,0.5185185185185185,neutral
RFGFSCYI,40,38,6,16,78,22,0.5185185185185185,neutral
CVCCVYGL,34,17,4,5,51,9,0.5185185185185185,neutral
FCGIFFLY,30,21,5,4,51,9,0.5185185185185185,neutral
IFGFVCVV,34,17,5,4,51,9,0.5185185185185185,neutral
IFSRYVNY,45,33,8,14,78,22,0.5185185185185185,neutral
FGCILFCN,57,46,12,22,103,34,0.518796992481203,neutral
FIYLCDCV,57,46,13,21,103,34,0.518796992481203,neutral
CHRCDHFV,60,43,13,21,103,34,0.518796992481203,neutral
CFCVFCCD,45,31,10,11,76,21,0.5188679245283019,neutral
FFFCSHFY,44,32,9,12,76,21,0.5188679245283019,neutral
CCGCFNVN,46,30,7,14,76,21,0.5188679245283019,neutral
ICCCHLYH,44,32,7,14,76,21,0.5188679245283019,neutral
CSFFVLLH,26,23,3,5,49,8,0.5189873417721519,neutral
CYICSLLC,31,18,4,4,49,8,0.5189873417721519,neutral
FFCRSYYF,29,20,4,4,49,8,0.5189873417721519,neutral
LIGYCIGY,31,18,6,2,49,8,0.5189873417721519,neutral
LCYLIFGD,34,15,3,5,49,8,0.5189873417721519,neutral
ICYYFGFF,34,15,3,5,49,8,0.5189873417721519,neutral
CVLYDVFF,30,19,5,3,49,8,0.5189873417721519,neutral
HYCLFINC,34,15,6,2,49,8,0.5189873417721519,neutral
FFFCVVGG,34,15,5,3,49,8,0.5189873417721519,neutral
FNFNFCCD,73,55,19,27,128,46,0.5189873417721519,neutral
CYLCFSVC,29,20,4,4,49,8,0.5189873417721519,neutral
HCFFIYFY,28,21,4,4,49,8,0.5189873417721519,neutral
FVCVVFFI,30,19,3,5,49,8,0.5189873417721519,neutral
FGIIVIVV,22,27,7,1,49,8,0.5189873417721519,neutral
FFYCVLVL,31,18,6,2,49,8,0.5189873417721519,neutral
LYFVLICC,28,21,2,6,49,8,0.5189873417721519,neutral
CYFLSFDY,72,56,22,24,128,46,0.5189873417721519,neutral
HYYVCFVV,27,22,2,6,49,8,0.5189873417721519,neutral
VVLFVFVR,31,18,3,5,49,8,0.5189873417721519,neutral
LYFYCSIF,33,16,6,2,49,8,0.5189873417721519,neutral
VVFYSIFG,30,19,2,6,49,8,0.5189873417721519,neutral
FVDFFYGD,51,50,15,18,101,33,0.5190839694656488,neutral
FSFCGDHI,86,67,25,33,153,58,0.5191256830601093,neutral
CCFVCCID,69,57,21,24,126,45,0.5192307692307693,neutral
HIVFLRGY,43,31,14,6,74,20,0.5192307692307693,neutral
DLYVYLSV,45,29,12,8,74,20,0.5192307692307693,neutral
FFYFSVSG,46,28,10,10,74,20,0.5192307692307693,neutral
FVYVSIGR,44,30,8,12,74,20,0.5192307692307693,neutral
CNCDLCNR,44,30,8,12,74,20,0.5192307692307693,neutral
VIRFLGSF,96,82,39,31,178,70,0.5192307692307693,neutral
YFCYCYHR,57,42,13,19,99,32,0.5193798449612403,neutral
VHSYCRYN,59,40,15,17,99,32,0.5193798449612403,neutral
LIFSGFRY,53,46,16,16,99,32,0.5193798449612403,neutral
LYFCSFFG,33,14,3,4,47,7,0.5194805194805194,neutral
GCFLYIGF,28,19,4,3,47,7,0.5194805194805194,neutral
GHRLGCDY,28,19,4,3,47,7,0.5194805194805194,neutral
YCCIYLCH,27,20,3,4,47,7,0.5194805194805194,neutral
FLNFHFFC,25,22,4,3,47,7,0.5194805194805194,neutral
FRNYHVVR,69,55,21,23,124,44,0.5194805194805194,neutral
FCFCFIFR,28,19,4,3,47,7,0.5194805194805194,neutral
CFLFVFCV,28,19,7,0,47,7,0.5194805194805194,neutral
FNFRLSIL,32,15,4,3,47,7,0.5194805194805194,neutral
CNLCRYLR,27,20,4,3,47,7,0.5194805194805194,neutral
VRNYCNCC,28,19,3,4,47,7,0.5194805194805194,neutral
FYVDVICF,27,20,4,3,47,7,0.5194805194805194,neutral
FCYLIIFV,24,23,3,4,47,7,0.5194805194805194,neutral
RFVFFSLV,31,16,3,4,47,7,0.5194805194805194,neutral
CHFVVCCF,23,24,1,6,47,7,0.5194805194805194,neutral
CFCYCCCI,29,18,3,4,47,7,0.5194805194805194,neutral
LFLLYGSC,70,54,18,26,124,44,0.5194805194805194,neutral
CFCCYFRG,31,16,2,5,47,7,0.5194805194805194,neutral
FLCGYFHF,29,18,2,5,47,7,0.5194805194805194,neutral
IFFFFIHG,29,18,3,4,47,7,0.5194805194805194,neutral
CCCHFRFV,25,22,6,1,47,7,0.5194805194805194,neutral
HLIVIVGV,31,16,2,5,47,7,0.5194805194805194,neutral
VVCCCSFR,32,15,4,3,47,7,0.5194805194805194,neutral
FYSNFHGV,70,54,23,21,124,44,0.5194805194805194,neutral
SYGVYSCI,79,70,30,26,149,56,0.5195530726256983,neutral
FCSIFFLR,34,38,7,12,72,19,0.5196078431372549,neutral
FYCRYIHR,45,27,10,9,72,19,0.5196078431372549,neutral
IHFYGNVN,42,30,4,15,72,19,0.5196078431372549,neutral
FYYSRVLD,45,27,11,8,72,19,0.5196078431372549,neutral
CCVRLGCI,43,29,7,12,72,19,0.5196078431372549,neutral
FCYGFFYC,43,29,8,11,72,19,0.5196078431372549,neutral
GYCCFFSI,54,43,10,21,97,31,0.5196850393700787,neutral
LYCLVDCL,58,39,14,17,97,31,0.5196850393700787,neutral
VHCVFGCN,56,41,22,9,97,31,0.5196850393700787,neutral
GYDVDFCY,68,54,19,24,122,43,0.5197368421052632,neutral
RFDLVNYF,81,66,26,29,147,55,0.519774011299435,neutral
FGFRHRCD,83,64,28,27,147,55,0.519774011299435,neutral
FFCNFFCN,24,21,4,2,45,6,0.52,neutral
LSVYRSYG,57,38,11,19,95,30,0.52,neutral
SYNDFFLH,64,56,19,23,120,42,0.52,neutral
DFVVCIRC,30,15,2,4,45,6,0.52,neutral
VNIFCLDF,43,27,11,7,70,18,0.52,neutral
GDIRGYFI,27,18,2,4,45,6,0.52,neutral
LCLFGYFH,53,42,14,16,95,30,0.52,neutral
FYLSSFYI,31,14,2,4,45,6,0.52,neutral
YLVLLCSG,29,16,2,4,45,6,0.52,neutral
ILFFIVFH,27,18,2,4,45,6,0.52,neutral
CFCNICVY,57,38,17,13,95,30,0.52,neutral
YSFHIVFG,29,16,4,2,45,6,0.52,neutral
FCFFIGFF,29,16,3,3,45,6,0.52,neutral
CFYFICRS,23,22,2,4,45,6,0.52,neutral
YFFVCYHG,32,13,4,2,45,6,0.52,neutral
VFLHIFCS,24,21,3,3,45,6,0.52,neutral
CVIIYSFR,30,15,6,0,45,6,0.52,neutral
DFFFSVDG,42,28,5,13,70,18,0.52,neutral
FCCYFIFF,26,19,0,6,45,6,0.52,neutral
FNCSCGCF,57,38,12,18,95,30,0.52,neutral
CCCGYHFG,31,14,3,3,45,6,0.52,neutral
FCFCCNVL,66,54,19,23,120,42,0.52,neutral
YSFFCFVV,22,23,3,3,45,6,0.52,neutral
LVRYFVNG,43,27,6,12,70,18,0.52,neutral
IFFRRFCY,30,15,2,4,45,6,0.52,neutral
LIYCVICL,27,18,3,3,45,6,0.52,neutral
LDLLIVIL,25,20,3,3,45,6,0.52,neutral
HLFCFFLY,31,14,3,3,45,6,0.52,neutral
YSLCFISF,28,17,1,5,45,6,0.52,neutral
IIVCHDDF,52,43,17,13,95,30,0.52,neutral
VRYFCFYH,21,24,2,4,45,6,0.52,neutral
FVVFCGCY,26,19,4,2,45,6,0.52,neutral
CCSCHGGY,44,26,7,11,70,18,0.52,neutral
FCIVYFFV,19,26,3,3,45,6,0.52,neutral
FGFFCFCV,29,16,4,2,45,6,0.52,neutral
FYYCFIRI,31,14,4,2,45,6,0.52,neutral
FVFCRVVV,30,15,4,2,45,6,0.52,neutral
IIFYRCVL,32,13,4,2,45,6,0.52,neutral
FSVCYCYR,53,42,13,17,95,30,0.52,neutral
CFVFYFRD,25,20,3,3,45,6,0.52,neutral
CYYLVCVL,32,13,4,2,45,6,0.52,neutral
FSYDCDFF,42,28,6,12,70,18,0.52,neutral
DDCLYYLF,66,52,15,26,118,41,0.5202702702702703,neutral
VDGVHVCF,46,47,18,11,93,29,0.5203252032520326,neutral
IFYCCGRG,55,38,17,12,93,29,0.5203252032520326,neutral
CFVCLCRC,50,43,14,15,93,29,0.5203252032520326,neutral
CIGFYCLS,55,38,11,18,93,29,0.5203252032520326,neutral
FYYFLDFG,56,37,15,14,93,29,0.5203252032520326,neutral
FHDHFYGG,37,31,8,9,68,17,0.5204081632653061,neutral
YFGFVFIG,38,30,10,7,68,17,0.5204081632653061,neutral
RRYCLCCV,39,29,9,8,68,17,0.5204081632653061,neutral
YFGCVCLC,41,27,9,8,68,17,0.5204081632653061,neutral
ILFHVHLS,42,26,5,12,68,17,0.5204081632653061,neutral
VCSFFNLV,42,26,8,9,68,17,0.5204081632653061,neutral
LNFFVVGF,42,26,8,9,68,17,0.5204081632653061,neutral
FFSICFRD,37,31,13,4,68,17,0.5204081632653061,neutral
CGCGCGVR,38,30,7,10,68,17,0.5204081632653061,neutral
GCYICGVF,40,28,11,6,68,17,0.5204081632653061,neutral
GNYFISHI,41,27,8,9,68,17,0.5204081632653061,neutral
CFGSCVFI,42,26,12,5,68,17,0.5204081632653061,neutral
CFLVVCGV,27,16,4,1,43,5,0.5205479452054794,neutral
LCLCIFVY,25,18,2,3,43,5,0.5205479452054794,neutral
FFYFCICV,28,15,2,3,43,5,0.5205479452054794,neutral
VIYFCGIC,26,17,3,2,43,5,0.5205479452054794,neutral
CRFICICG,30,13,1,4,43,5,0.5205479452054794,neutral
CCIVIYFV,27,16,1,4,43,5,0.5205479452054794,neutral
VFVVLCYI,24,19,3,2,43,5,0.5205479452054794,neutral
DLYCLCSF,24,19,2,3,43,5,0.5205479452054794,neutral
FYNVCCVC,28,15,3,2,43,5,0.5205479452054794,neutral
FYSRHCYG,28,15,2,3,43,5,0.5205479452054794,neutral
CYIYFVFV,31,12,1,4,43,5,0.5205479452054794,neutral
IIVFSFLV,25,18,3,2,43,5,0.5205479452054794,neutral
FYCHCVCF,31,12,3,2,43,5,0.5205479452054794,neutral
VCIIYFDV,22,21,3,2,43,5,0.5205479452054794,neutral
ICIYVVHL,29,14,3,2,43,5,0.5205479452054794,neutral
IVFCLFHN,31,12,2,3,43,5,0.5205479452054794,neutral
FYYCLFSC,27,16,3,2,43,5,0.5205479452054794,neutral
IYICICCL,30,13,2,3,43,5,0.5205479452054794,neutral
YCCCRRCG,30,13,3,2,43,5,0.5205479452054794,neutral
SIFIYVSI,31,12,1,4,43,5,0.5205479452054794,neutral
IDFVLVRL,26,17,2,3,43,5,0.5205479452054794,neutral
FFCCYFIR,21,22,1,4,43,5,0.5205479452054794,neutral
LFFCVYHL,28,15,3,2,43,5,0.5205479452054794,neutral
FSFFFYFC,26,17,4,1,43,5,0.5205479452054794,neutral
FCVHVVCI,28,15,1,4,43,5,0.5205479452054794,neutral
CCFRVYLC,25,18,4,1,43,5,0.5205479452054794,neutral
CICFHYYL,26,17,2,3,43,5,0.5205479452054794,neutral
SIYRGFVD,91,73,27,36,164,63,0.520618556701031,neutral
YDCCDFCY,55,36,16,12,91,28,0.5206611570247934,neutral
CFCCSGFR,55,36,15,13,91,28,0.5206611570247934,neutral
FCLRGICF,53,38,13,15,91,28,0.5206611570247934,neutral
CCDGYDSY,39,27,9,7,66,16,0.5208333333333334,neutral
YCYYRCGC,42,24,10,6,66,16,0.5208333333333334,neutral
FVHFYCCC,38,28,9,7,66,16,0.5208333333333334,neutral
CNGDYFGV,37,29,7,9,66,16,0.5208333333333334,neutral
SHVFLFVG,37,29,6,10,66,16,0.5208333333333334,neutral
LVVYISSL,38,28,9,7,66,16,0.5208333333333334,neutral
GLDIVFDC,39,27,9,7,66,16,0.5208333333333334,neutral
DYCVRGFH,39,27,5,11,66,16,0.5208333333333334,neutral
RVFFIFGG,41,25,5,11,66,16,0.5208333333333334,neutral
FCFVFVHY,40,26,11,5,66,16,0.5208333333333334,neutral
YCCIYCCD,78,59,26,24,137,50,0.5209580838323353,neutral
GFVFDNHL,51,38,13,14,89,27,0.5210084033613446,neutral
FFCRVCGF,49,40,15,12,89,27,0.5210084033613446,neutral
YYLGFCYR,52,37,17,10,89,27,0.5210084033613446,neutral
ICCVGFVL,54,35,12,15,89,27,0.5210084033613446,neutral
CVCLRLSF,27,14,1,3,41,4,0.5211267605633803,neutral
FDFFFCFF,28,13,1,3,41,4,0.5211267605633803,neutral
VHYYVIFG,27,14,2,2,41,4,0.5211267605633803,neutral
RFVVYHIV,28,13,2,2,41,4,0.5211267605633803,neutral
CFGFILIL,25,16,2,2,41,4,0.5211267605633803,neutral
GFSVLVFI,29,12,3,1,41,4,0.5211267605633803,neutral
RCFFVHFV,27,14,2,2,41,4,0.5211267605633803,neutral
FCIFFIYF,25,16,2,2,41,4,0.5211267605633803,neutral
CYFCFILS,25,16,2,2,41,4,0.5211267605633803,neutral
IYIVRGFV,27,14,2,2,41,4,0.5211267605633803,neutral
CVVCVYCS,25,16,4,0,41,4,0.5211267605633803,neutral
CYNCCILF,23,18,3,1,41,4,0.5211267605633803,neutral
GLIYVFRC,26,15,1,3,41,4,0.5211267605633803,neutral
GVIYCFCY,26,15,2,2,41,4,0.5211267605633803,neutral
RFCCVYYL,26,15,2,2,41,4,0.5211267605633803,neutral
YIRCILVV,29,12,1,3,41,4,0.5211267605633803,neutral
FSCCFYCG,29,12,1,3,41,4,0.5211267605633803,neutral
FFCYFCYF,22,19,0,4,41,4,0.5211267605633803,neutral
LVYHVFCF,22,19,2,2,41,4,0.5211267605633803,neutral
FIVLVIYC,26,15,1,3,41,4,0.5211267605633803,neutral
HFVFCRLF,22,19,2,2,41,4,0.5211267605633803,neutral
RCVCCVIL,25,16,2,2,41,4,0.5211267605633803,neutral
YIFVDFRI,27,14,1,3,41,4,0.5211267605633803,neutral
FFIFYFCY,28,13,0,4,41,4,0.5211267605633803,neutral
DVYVVFGY,26,15,2,2,41,4,0.5211267605633803,neutral
VFLCFGVC,26,15,2,2,41,4,0.5211267605633803,neutral
FRFNVLVY,23,18,3,1,41,4,0.5211267605633803,neutral
GFCLLRCY,39,25,10,5,64,15,0.5212765957446809,neutral
LNFSFFFC,38,26,9,6,64,15,0.5212765957446809,neutral
NYYVCRDV,38,26,9,6,64,15,0.5212765957446809,neutral
YCLSNCLG,40,24,6,9,64,15,0.5212765957446809,neutral
YFGFCDSD,35,29,7,8,64,15,0.5212765957446809,neutral
GGYYSFYV,41,23,8,7,64,15,0.5212765957446809,neutral
IYIFLGFY,34,30,7,8,64,15,0.5212765957446809,neutral
CGVRFYFR,34,30,7,8,64,15,0.5212765957446809,neutral
CFHCFHSY,40,24,2,13,64,15,0.5212765957446809,neutral
ISCCSGCV,53,34,9,17,87,26,0.5213675213675214,neutral
CVICGDYI,51,36,12,14,87,26,0.5213675213675214,neutral
LLGFGSRY,52,35,13,13,87,26,0.5213675213675214,neutral
FCFYVCVH,53,34,15,11,87,26,0.5213675213675214,neutral
CFCGCVSG,53,34,6,20,87,26,0.5213675213675214,neutral
FFVLNYHH,63,47,17,20,110,37,0.5214285714285715,neutral
YYIGCFSY,76,57,23,25,133,48,0.5214723926380368,neutral
HYFCYHLR,129,119,50,53,248,103,0.5215827338129496,neutral
CLYCLCYF,40,22,9,5,62,14,0.5217391304347826,neutral
CCIFFLIL,23,16,2,1,39,3,0.5217391304347826,neutral
FFCVHLGR,46,39,16,9,85,25,0.5217391304347826,neutral
VISHFCCC,40,22,5,9,62,14,0.5217391304347826,neutral
IYVCCLRC,22,17,1,2,39,3,0.5217391304347826,neutral
CLFVVFCV,28,11,0,3,39,3,0.5217391304347826,neutral
CFLDIIYY,25,14,1,2,39,3,0.5217391304347826,neutral
VCCCCSIR,34,28,8,6,62,14,0.5217391304347826,neutral
YFGFRVNF,51,34,14,11,85,25,0.5217391304347826,neutral
CSGRCGYC,39,23,8,6,62,14,0.5217391304347826,neutral
IILVSYYY,23,16,3,0,39,3,0.5217391304347826,neutral
FDYFIDFC,36,26,6,8,62,14,0.5217391304347826,neutral
CVVCYYIL,24,15,1,2,39,3,0.5217391304347826,neutral
FFLLICVD,19,20,2,1,39,3,0.5217391304347826,neutral
CDVIIYIV,20,19,0,3,39,3,0.5217391304347826,neutral
FCSYVCIC,27,12,2,1,39,3,0.5217391304347826,neutral
IYFCSLFC,27,12,3,0,39,3,0.5217391304347826,neutral
CYLILHVR,25,14,1,2,39,3,0.5217391304347826,neutral
CICFYHRL,23,16,1,2,39,3,0.5217391304347826,neutral
SNIRVIVL,36,26,5,9,62,14,0.5217391304347826,neutral
FDYCCVCV,40,22,8,6,62,14,0.5217391304347826,neutral
FVNSCCFD,52,33,12,13,85,25,0.5217391304347826,neutral
FYVRCIVV,29,10,2,1,39,3,0.5217391304347826,neutral
LCVHVRYN,86,68,31,27,154,58,0.5217391304347826,neutral
CVFYICRV,21,18,1,2,39,3,0.5217391304347826,neutral
CFCIFCGI,23,16,1,2,39,3,0.5217391304347826,neutral
FVLHIRDC,40,22,10,4,62,14,0.5217391304347826,neutral
LNICRICY,40,22,6,8,62,14,0.5217391304347826,neutral
VGVVFFVD,38,24,2,12,62,14,0.5217391304347826,neutral
FYCCNCFN,34,28,7,7,62,14,0.5217391304347826,neutral
YCSLVYFY,23,16,2,1,39,3,0.5217391304347826,neutral
YRCDYGNL,73,56,19,27,129,46,0.5220125786163522,neutral
FGFLCCDV,72,57,25,21,129,46,0.5220125786163522,neutral
HFYFVVGS,72,57,22,24,129,46,0.5220125786163522,neutral
NDGYCDFF,49,34,12,12,83,24,0.5221238938053098,neutral
CLCCLRDH,49,34,12,12,83,24,0.5221238938053098,neutral
LCFLCDLD,47,36,8,16,83,24,0.5221238938053098,neutral
YSFNNCCN,49,34,12,12,83,24,0.5221238938053098,neutral
IYGFYNFF,49,34,6,18,83,24,0.5221238938053098,neutral
YSLHFHLC,49,34,6,18,83,24,0.5221238938053098,neutral
SCIGCYGC,48,35,13,11,83,24,0.5221238938053098,neutral
CNHCCGLV,28,32,10,3,60,13,0.5222222222222223,neutral
LFFGCYFS,32,28,6,7,60,13,0.5222222222222223,neutral
GLIFVRCR,33,27,8,5,60,13,0.5222222222222223,neutral
LCCCGFGY,39,21,7,6,60,13,0.5222222222222223,neutral
HIYFRRFC,39,21,8,5,60,13,0.5222222222222223,neutral
RCYLINYV,32,28,2,11,60,13,0.5222222222222223,neutral
CCCCFGGL,34,26,6,7,60,13,0.5222222222222223,neutral
YDCFFHFL,33,27,5,8,60,13,0.5222222222222223,neutral
FCCRYCHS,39,21,5,8,60,13,0.5222222222222223,neutral
FFFCYCHC,39,21,8,5,60,13,0.5222222222222223,neutral
VIIFSRLC,38,22,7,6,60,13,0.5222222222222223,neutral
CSDFGFGY,36,24,5,8,60,13,0.5222222222222223,neutral
YHVVCFHH,72,55,16,29,127,45,0.5222929936305732,neutral
VCCYVVFV,21,16,0,2,37,2,0.5223880597014925,neutral
FVCFLIRF,24,13,1,1,37,2,0.5223880597014925,neutral
FYLCCVCF,28,9,1,1,37,2,0.5223880597014925,neutral
LIHFFFDC,24,13,0,2,37,2,0.5223880597014925,neutral
FSISFCIR,26,11,2,0,37,2,0.5223880597014925,neutral
LVLFLLVL,26,11,1,1,37,2,0.5223880597014925,neutral
FYCRFFYY,26,11,2,0,37,2,0.5223880597014925,neutral
VFCVVCLY,22,15,2,0,37,2,0.5223880597014925,neutral
YFCVVLSL,26,11,1,1,37,2,0.5223880597014925,neutral
ICFFFIII,27,10,0,2,37,2,0.5223880597014925,neutral
FSRVIIRL,25,12,1,1,37,2,0.5223880597014925,neutral
CFFFFCRI,26,11,0,2,37,2,0.5223880597014925,neutral
YFCIFCVV,19,18,0,2,37,2,0.5223880597014925,neutral
CFFCFFHL,23,14,0,2,37,2,0.5223880597014925,neutral
CDCCGYGC,58,46,18,16,104,34,0.5223880597014925,neutral
FICFVRIG,25,12,2,0,37,2,0.5223880597014925,neutral
FRCIYYFI,23,14,1,1,37,2,0.5223880597014925,neutral
FLVIFIRY,17,20,0,2,37,2,0.5223880597014925,neutral
FFYCYFVF,19,18,2,0,37,2,0.5223880597014925,neutral
FILVISCV,24,13,1,1,37,2,0.5223880597014925,neutral
FFFSICFC,22,15,2,0,37,2,0.5223880597014925,neutral
VYYFVIIF,24,13,1,1,37,2,0.5223880597014925,neutral
YIVFLCNL,18,19,0,2,37,2,0.5223880597014925,neutral
FHYVYIRI,26,11,2,0,37,2,0.5223880597014925,neutral
CYCFFVLC,21,16,0,2,37,2,0.5223880597014925,neutral
YVFGHSID,60,44,8,26,104,34,0.5223880597014925,neutral
CIRYVLDC,117,98,42,45,215,87,0.5224489795918368,neutral
VSYLSYDF,46,35,11,12,81,23,0.5225225225225225,neutral
IIIYSCLH,48,33,13,10,81,23,0.5225225225225225,neutral
ICCFIFYH,49,32,12,11,81,23,0.5225225225225225,neutral
YNYCCFDR,70,55,24,20,125,44,0.5225806451612903,neutral
HFDIFGGR,94,75,31,34,169,65,0.5226130653266332,neutral
CVYGVYGR,30,28,4,8,58,12,0.5227272727272727,neutral
NYGRCFDY,38,20,7,5,58,12,0.5227272727272727,neutral
GYCSGCYH,28,30,5,7,58,12,0.5227272727272727,neutral
CFGCCYGH,38,20,5,7,58,12,0.5227272727272727,neutral
HVFICYCY,34,24,5,7,58,12,0.5227272727272727,neutral
HCHYFRHD,55,47,18,15,102,33,0.5227272727272727,neutral
VVGYVYLI,37,21,6,6,58,12,0.5227272727272727,neutral
RIDHFLFR,59,43,13,20,102,33,0.5227272727272727,neutral
LCFVVGCH,59,43,21,12,102,33,0.5227272727272727,neutral
HSFCVYFL,38,20,7,5,58,12,0.5227272727272727,neutral
FVIYVFYH,36,22,6,6,58,12,0.5227272727272727,neutral
LVFRHFFC,59,43,10,23,102,33,0.5227272727272727,neutral
DLLICLLI,38,20,8,4,58,12,0.5227272727272727,neutral
FCYHYSRR,38,20,4,8,58,12,0.5227272727272727,neutral
YGLGDLVD,29,29,5,7,58,12,0.5227272727272727,neutral
ICVSLFFD,60,42,19,14,102,33,0.5227272727272727,neutral
VFYDNSGC,70,53,21,22,123,43,0.5228758169934641,neutral
VCGVRLYY,69,54,20,23,123,43,0.5228758169934641,neutral
NYHVGVDY,41,38,7,15,79,22,0.5229357798165137,neutral
FYVFFVNC,49,30,11,11,79,22,0.5229357798165137,neutral
INFICHVV,47,32,6,16,79,22,0.5229357798165137,neutral
CYIRYLCH,46,33,8,14,79,22,0.5229357798165137,neutral
LCSNYGVV,52,48,10,22,100,32,0.5230769230769231,neutral
FFFLIVLC,22,13,1,0,35,1,0.5230769230769231,neutral
YCCLCVRV,23,12,0,1,35,1,0.5230769230769231,neutral
LYLFFFLY,21,14,1,0,35,1,0.5230769230769231,neutral
FFCCSFFY,19,16,1,0,35,1,0.5230769230769231,neutral
FCFIFYCV,24,11,1,0,35,1,0.5230769230769231,neutral
VLYIVVLC,17,18,1,0,35,1,0.5230769230769231,neutral
FFCFCLVC,26,9,1,0,35,1,0.5230769230769231,neutral
FFCVFVGF,23,12,1,0,35,1,0.5230769230769231,neutral
FCCVCIFV,24,11,1,0,35,1,0.5230769230769231,neutral
FFSYVFYI,22,13,0,1,35,1,0.5230769230769231,neutral
FNIYYFCV,24,11,1,0,35,1,0.5230769230769231,neutral
CIYYLRFL,21,14,0,1,35,1,0.5230769230769231,neutral
VCGSCVFR,55,45,15,17,100,32,0.5230769230769231,neutral
FVFVYYVF,27,8,0,1,35,1,0.5230769230769231,neutral
FCFRCFIY,17,18,0,1,35,1,0.5230769230769231,neutral
YHRLSGYF,58,42,17,15,100,32,0.5230769230769231,neutral
FYHFFYLL,17,18,0,1,35,1,0.5230769230769231,neutral
RHGYCNCY,57,64,21,21,121,42,0.5231788079470199,neutral
DLIIYDFL,32,24,5,6,56,11,0.5232558139534884,neutral
YCCLCRFY,34,22,6,5,56,11,0.5232558139534884,neutral
YYGIFVFV,30,26,5,6,56,11,0.5232558139534884,neutral
CGVFRCIY,32,24,8,3,56,11,0.5232558139534884,neutral
DGSDYFCD,79,63,27,25,142,52,0.5232558139534884,neutral
VCYSIFCC,33,23,6,5,56,11,0.5232558139534884,neutral
FLCFCHFF,34,22,3,8,56,11,0.5232558139534884,neutral
HYVFFCCG,36,20,3,8,56,11,0.5232558139534884,neutral
FLGFRCFV,37,19,1,10,56,11,0.5232558139534884,neutral
YCFRCGDY,34,22,6,5,56,11,0.5232558139534884,neutral
FIDDGFVR,79,63,28,24,142,52,0.5232558139534884,neutral
CNCFCIDH,37,19,3,8,56,11,0.5232558139534884,neutral
YFCVFFRD,32,24,6,5,56,11,0.5232558139534884,neutral
LGHYFCFI,34,22,3,8,56,11,0.5232558139534884,neutral
LSVIFDFC,34,22,2,9,56,11,0.5232558139534884,neutral
FHGFIDHL,28,28,6,5,56,11,0.5232558139534884,neutral
VVCCNFYF,27,29,4,7,56,11,0.5232558139534884,neutral
GCHGFRYH,38,39,10,11,77,21,0.5233644859813084,neutral
LCFCCVYF,45,32,8,13,77,21,0.5233644859813084,neutral
CCYVLFNC,46,31,8,13,77,21,0.5233644859813084,neutral
CCCGCCNV,47,30,7,14,77,21,0.5233644859813084,neutral
IGDDCLGI,47,30,7,14,77,21,0.5233644859813084,neutral
ICYDCCCV,46,31,11,10,77,21,0.5233644859813084,neutral
CCSYGYDV,47,30,10,11,77,21,0.5233644859813084,neutral
YSSFYHCN,48,29,8,13,77,21,0.5233644859813084,neutral
NNFYDLGV,44,33,10,11,77,21,0.5233644859813084,neutral
SDYFVVGF,55,43,11,20,98,31,0.5234375,neutral
NYIYGLGC,66,53,12,29,119,41,0.5234899328859061,neutral
SYCNDVCF,75,65,24,27,140,51,0.5235294117647059,neutral
VCIFYVGF,24,9,0,0,33,0,0.5238095238095238,neutral
FCCCCVHC,46,29,10,10,75,20,0.5238095238095238,neutral
FGFVVFIH,21,12,0,0,33,0,0.5238095238095238,neutral
CHYLILLC,26,28,7,3,54,10,0.5238095238095238,neutral
FLDFLFFF,21,12,0,0,33,0,0.5238095238095238,neutral
VCYRCCCC,32,22,4,6,54,10,0.5238095238095238,neutral
NGLYDCDI,32,22,5,5,54,10,0.5238095238095238,neutral
FVIFGFRL,22,11,0,0,33,0,0.5238095238095238,neutral
FFLLCVGD,28,26,7,3,54,10,0.5238095238095238,neutral
DIRILYYI,34,20,5,5,54,10,0.5238095238095238,neutral
CYICCFDL,46,29,7,13,75,20,0.5238095238095238,neutral
LVIFVCYV,24,9,0,0,33,0,0.5238095238095238,neutral
YILGYVCY,43,32,11,9,75,20,0.5238095238095238,neutral
CYCFGFYF,14,19,0,0,33,0,0.5238095238095238,neutral
FYIYFIIY,21,12,0,0,33,0,0.5238095238095238,neutral
CGCFCFYC,34,20,1,9,54,10,0.5238095238095238,neutral
FCFFFVGR,18,15,0,0,33,0,0.5238095238095238,neutral
FCFFSFVF,23,10,0,0,33,0,0.5238095238095238,neutral
CIFCRSIN,56,40,9,21,96,30,0.5238095238095238,neutral
GVYFCFRC,19,14,0,0,33,0,0.5238095238095238,neutral
IVLFCIFC,19,14,0,0,33,0,0.5238095238095238,neutral
FLGVFFCC,22,11,0,0,33,0,0.5238095238095238,neutral
LYRFLRYC,19,14,0,0,33,0,0.5238095238095238,neutral
CHFGCIFR,44,31,15,5,75,20,0.5238095238095238,neutral
CYHFCFYC,34,20,5,5,54,10,0.5238095238095238,neutral
FCLCDVCY,36,18,2,8,54,10,0.5238095238095238,neutral
FDSFYIDF,55,41,15,15,96,30,0.5238095238095238,neutral
CCCYRYLH,30,24,8,2,54,10,0.5238095238095238,neutral
FFRCVFIH,19,14,0,0,33,0,0.5238095238095238,neutral
VYVCSFNN,32,22,4,6,54,10,0.5238095238095238,neutral
FIDCVFVI,32,22,6,4,54,10,0.5238095238095238,neutral
VVVFCCSY,23,10,0,0,33,0,0.5238095238095238,neutral
GCDFYGDL,36,18,5,5,54,10,0.5238095238095238,neutral
FFHLFICF,20,13,0,0,33,0,0.5238095238095238,neutral
HISVLFFY,17,16,0,0,33,0,0.5238095238095238,neutral
FIFCYVRG,23,10,0,0,33,0,0.5238095238095238,neutral
VCCYDDFV,55,41,13,17,96,30,0.5238095238095238,neutral
FRVYFDSN,36,18,5,5,54,10,0.5238095238095238,neutral
IFVCCCRC,29,25,4,6,54,10,0.5238095238095238,neutral
FCVSVYFC,26,7,0,0,33,0,0.5238095238095238,neutral
NCCLIVYY,35,19,3,7,54,10,0.5238095238095238,neutral
LCFCGCSY,31,23,3,7,54,10,0.5238095238095238,neutral
CVCICNGR,86,71,22,37,157,59,0.5240641711229946,neutral
CVSFCCRG,64,51,20,19,115,39,0.5241379310344828,neutral
FFCVFHFH,52,42,15,14,94,29,0.5241935483870968,neutral
VSRCYRGY,55,39,15,14,94,29,0.5241935483870968,neutral
LNVCFFLR,53,41,13,16,94,29,0.5241935483870968,neutral
VNLFFNYN,55,39,14,15,94,29,0.5241935483870968,neutral
FSFCVFHV,44,29,7,12,73,19,0.5242718446601942,neutral
VVYLLSNR,44,29,11,8,73,19,0.5242718446601942,neutral
CLIFVGHC,42,31,4,15,73,19,0.5242718446601942,neutral
LFDSNFNC,43,30,9,10,73,19,0.5242718446601942,neutral
CFVCDYGY,45,28,5,14,73,19,0.5242718446601942,neutral
NYCFNIDV,46,27,10,9,73,19,0.5242718446601942,neutral
FVVCDIND,39,34,8,11,73,19,0.5242718446601942,neutral
CGRCNHYF,29,23,4,5,52,9,0.524390243902439,neutral
FCYCFNRF,29,23,4,5,52,9,0.524390243902439,neutral
IYCSFCSL,28,24,2,7,52,9,0.524390243902439,neutral
RGCCLHCV,74,60,23,25,134,48,0.524390243902439,neutral
CYCGSFFL,28,24,3,6,52,9,0.524390243902439,neutral
FYSFFCSC,30,22,3,6,52,9,0.524390243902439,neutral
RLGVCVFC,27,25,4,5,52,9,0.524390243902439,neutral
SCCVRCSF,30,22,5,4,52,9,0.524390243902439,neutral
VYCIVFDH,33,19,2,7,52,9,0.524390243902439,neutral
FFLFHCDV,35,17,6,3,52,9,0.524390243902439,neutral
CVFSCYCH,28,24,3,6,52,9,0.524390243902439,neutral
YRCVYDYS,34,18,4,5,52,9,0.524390243902439,neutral
FCFVGIRY,33,19,4,5,52,9,0.524390243902439,neutral
GHYCCGYC,34,18,5,4,52,9,0.524390243902439,neutral
FYSLDFLC,66,47,22,16,113,38,0.5244755244755245,neutral
LYYCYIFR,51,41,13,15,92,28,0.5245901639344263,neutral
CVFDRSFG,50,42,14,14,92,28,0.5245901639344263,neutral
FCGGYCLV,54,38,14,14,92,28,0.5245901639344263,neutral
CFLGCDCC,55,37,15,13,92,28,0.5245901639344263,neutral
FCCLFIHG,43,28,6,12,71,18,0.5247524752475248,neutral
IYVFVRHN,42,29,13,5,71,18,0.5247524752475248,neutral
HLCYFDGI,39,32,6,12,71,18,0.5247524752475248,neutral
CCGCFRVI,45,26,6,12,71,18,0.5247524752475248,neutral
VCLIYNCF,38,33,7,11,71,18,0.5247524752475248,neutral
CGYFGSHS,65,46,19,18,111,37,0.524822695035461,neutral
CLNCYVNC,58,53,17,20,111,37,0.524822695035461,neutral
FHRLGSYL,64,47,17,20,111,37,0.524822695035461,neutral
CFLRCVCS,32,18,6,2,50,8,0.525,neutral
CINFCCGS,53,37,11,16,90,27,0.525,neutral
FHRCGGFH,51,39,13,14,90,27,0.525,neutral
FIFFGRGF,29,21,4,4,50,8,0.525,neutral
FYRFCICY,33,17,6,2,50,8,0.525,neutral
FFYLFSCF,29,21,7,1,50,8,0.525,neutral
FFICNINV,43,47,15,12,90,27,0.525,neutral
VFCCLCYL,34,16,2,6,50,8,0.525,neutral
FCFFDCIC,54,36,14,13,90,27,0.525,neutral
LFCVVLLC,30,20,3,5,50,8,0.525,neutral
YYVFFRYY,32,18,5,3,50,8,0.525,neutral
CFYCFFFC,32,18,3,5,50,8,0.525,neutral
CYGFFRIG,74,56,21,25,130,46,0.525,neutral
FCCFVCGY,31,19,6,2,50,8,0.525,neutral
FFFYVVFY,31,19,4,4,50,8,0.525,neutral
NFYLVFGG,53,37,11,16,90,27,0.525,neutral
HDFVGYIG,62,47,10,26,109,36,0.5251798561151079,neutral
YDFICDDV,57,52,14,22,109,36,0.5251798561151079,neutral
CVVYSRYC,41,28,8,9,69,17,0.5252525252525253,neutral
FNHCCLCC,43,26,8,9,69,17,0.5252525252525253,neutral
VSINLYVC,44,25,8,9,69,17,0.5252525252525253,neutral
VCLVHFFR,44,25,7,10,69,17,0.5252525252525253,neutral
VICFLICY,42,27,6,11,69,17,0.5252525252525253,neutral
LCCRINCG,72,56,20,25,128,45,0.5253164556962026,neutral
FDSFDVFR,50,38,14,12,88,26,0.5254237288135594,neutral
VVFVFVIH,49,39,8,18,88,26,0.5254237288135594,neutral
CCCLGYCC,50,38,13,13,88,26,0.5254237288135594,neutral
VGYFIVRD,51,37,8,18,88,26,0.5254237288135594,neutral
LRIVSIVR,57,50,22,13,107,35,0.5255474452554745,neutral
IYVCVCHV,62,45,18,17,107,35,0.5255474452554745,neutral
FCGYCVCV,29,19,2,5,48,7,0.5256410256410257,neutral
SYYYGCGR,28,20,3,4,48,7,0.5256410256410257,neutral
ICIYIFDC,28,20,5,2,48,7,0.5256410256410257,neutral
CYCCGGFY,31,17,3,4,48,7,0.5256410256410257,neutral
LIYILCCC,33,15,3,4,48,7,0.5256410256410257,neutral
IFIFIDIG,33,15,2,5,48,7,0.5256410256410257,neutral
YIYRFVVC,32,16,3,4,48,7,0.5256410256410257,neutral
HFCVCYYC,26,22,4,3,48,7,0.5256410256410257,neutral
YIICFFDC,28,20,3,4,48,7,0.5256410256410257,neutral
FGCFIYIR,31,17,4,3,48,7,0.5256410256410257,neutral
FVIVLGIV,33,15,4,3,48,7,0.5256410256410257,neutral
IVLFIRLD,33,15,4,3,48,7,0.5256410256410257,neutral
LNVCVFYC,31,17,5,2,48,7,0.5256410256410257,neutral
SDCVFIRF,31,17,3,4,48,7,0.5256410256410257,neutral
RHSYFILR,68,58,27,17,126,44,0.5256410256410257,neutral
NCCFGCCV,25,23,3,4,48,7,0.5256410256410257,neutral
ICFLLCIV,24,24,2,5,48,7,0.5256410256410257,neutral
IVFHCCNL,70,56,21,23,126,44,0.5256410256410257,neutral
CLFLICNR,31,17,3,4,48,7,0.5256410256410257,neutral
CIFCHFYC,32,16,6,1,48,7,0.5256410256410257,neutral
FHHISRCY,28,20,6,1,48,7,0.5256410256410257,neutral
SFIYIDIV,25,23,2,5,48,7,0.5256410256410257,neutral
FYYFVCDD,27,21,4,3,48,7,0.5256410256410257,neutral
FCVCCRCL,33,15,2,5,48,7,0.5256410256410257,neutral
IYIFIGFL,27,21,5,2,48,7,0.5256410256410257,neutral
CNVLFVCL,32,16,3,4,48,7,0.5256410256410257,neutral
IIFFSCIV,30,18,2,5,48,7,0.5256410256410257,neutral
SYHSDCFV,40,27,3,13,67,16,0.5257731958762887,neutral
FCYSCRYN,41,26,9,7,67,16,0.5257731958762887,neutral
CNFCSGRC,35,32,10,6,67,16,0.5257731958762887,neutral
FFFYRSLL,39,28,9,7,67,16,0.5257731958762887,neutral
YYSDGICH,40,27,7,9,67,16,0.5257731958762887,neutral
INCCGFCG,43,24,9,7,67,16,0.5257731958762887,neutral
LCNCCGIL,43,24,10,6,67,16,0.5257731958762887,neutral
FRYVGCCD,91,73,31,31,164,62,0.5257731958762887,neutral
YFHLCYFS,40,27,6,10,67,16,0.5257731958762887,neutral
FSVSYSFI,39,28,7,9,67,16,0.5257731958762887,neutral
FVVFYSGI,42,25,11,5,67,16,0.5257731958762887,neutral
VCYRCFCV,35,32,8,8,67,16,0.5257731958762887,neutral
NYLSYCVV,39,28,9,7,67,16,0.5257731958762887,neutral
CGYVLCHF,48,38,10,15,86,25,0.5258620689655172,neutral
HYVCLCRC,49,37,16,9,86,25,0.5258620689655172,neutral
RYNYFDSL,47,39,12,13,86,25,0.5258620689655172,neutral
FYHRDVDL,49,37,9,16,86,25,0.5258620689655172,neutral
LFNHGVHC,59,46,17,17,105,34,0.5259259259259259,neutral
FFRCSFIV,70,54,21,22,124,43,0.525974025974026,neutral
VYCHNVIG,71,53,29,14,124,43,0.525974025974026,neutral
NFCCVSFC,70,52,25,17,122,42,0.5263157894736842,neutral
CYSCYVFS,42,23,6,9,65,15,0.5263157894736842,neutral
CCFYYFSN,40,25,4,11,65,15,0.5263157894736842,neutral
LVYCNYRI,49,35,9,15,84,24,0.5263157894736842,neutral
HIFHFRHF,30,16,3,3,46,6,0.5263157894736842,neutral
FCSGFFCI,42,23,7,8,65,15,0.5263157894736842,neutral
CCCSYRDF,60,43,15,18,103,33,0.5263157894736842,neutral
VFYCCNNC,48,36,9,15,84,24,0.5263157894736842,neutral
CFCDLFFG,31,15,6,0,46,6,0.5263157894736842,neutral
YFCICCCL,26,20,3,3,46,6,0.5263157894736842,neutral
CSVYVFCF,24,22,3,3,46,6,0.5263157894736842,neutral
VHYSLLDY,70,52,20,22,122,42,0.5263157894736842,neutral
FFCYCIGC,38,27,6,9,65,15,0.5263157894736842,neutral
FYYCYVYC,28,18,2,4,46,6,0.5263157894736842,neutral
YFHFRDFR,40,25,9,6,65,15,0.5263157894736842,neutral
GCFLCCVR,53,50,14,19,103,33,0.5263157894736842,neutral
CFLCNSCL,27,19,3,3,46,6,0.5263157894736842,neutral
SSFLVVVL,29,17,2,4,46,6,0.5263157894736842,neutral
YCDIIDYY,41,24,9,6,65,15,0.5263157894736842,neutral
YIDVRYCG,40,25,9,6,65,15,0.5263157894736842,neutral
FYVDLCVY,39,26,8,7,65,15,0.5263157894736842,neutral
VCVFIHGF,27,19,4,2,46,6,0.5263157894736842,neutral
VICIIFVI,30,16,3,3,46,6,0.5263157894736842,neutral
VCGFCVRL,49,35,14,10,84,24,0.5263157894736842,neutral
RVFYRFVY,26,20,4,2,46,6,0.5263157894736842,neutral
YYVCYDCC,39,26,7,8,65,15,0.5263157894736842,neutral
CICVHFLG,30,16,2,4,46,6,0.5263157894736842,neutral
DVVCRLCG,52,51,13,20,103,33,0.5263157894736842,neutral
IIDCCFCY,28,18,4,2,46,6,0.5263157894736842,neutral
IYCVVDFF,32,14,3,3,46,6,0.5263157894736842,neutral
FYGFGLYY,27,19,5,1,46,6,0.5263157894736842,neutral
NFVFSLVL,24,22,1,5,46,6,0.5263157894736842,neutral
YIDVSFSY,41,24,6,9,65,15,0.5263157894736842,neutral
YVRCFRCL,43,41,14,10,84,24,0.5263157894736842,neutral
SFYCSSNI,50,34,13,11,84,24,0.5263157894736842,neutral
FYCCVFYI,30,16,6,0,46,6,0.5263157894736842,neutral
FCFSICYF,30,16,2,4,46,6,0.5263157894736842,neutral
HCCRFGLF,39,26,9,6,65,15,0.5263157894736842,neutral
NCVCHGYY,42,23,9,6,65,15,0.5263157894736842,neutral
FCILSCCL,61,42,14,19,103,33,0.5263157894736842,neutral
FFIYLCLL,31,15,2,4,46,6,0.5263157894736842,neutral
FFRYCIDV,24,22,5,1,46,6,0.5263157894736842,neutral
IYSCYCVS,59,44,17,16,103,33,0.5263157894736842,neutral
FRFRYDFV,40,25,7,8,65,15,0.5263157894736842,neutral
YDNFDSCF,51,33,9,15,84,24,0.5263157894736842,neutral
FYFVFVSC,31,15,3,3,46,6,0.5263157894736842,neutral
FGVVFSIF,27,19,2,4,46,6,0.5263157894736842,neutral
FFVCFHNL,29,17,0,6,46,6,0.5263157894736842,neutral
ICVCYILF,27,19,2,4,46,6,0.5263157894736842,neutral
NFCYLFIF,27,19,3,3,46,6,0.5263157894736842,neutral
CFDFYFVR,59,42,19,13,101,32,0.5267175572519084,neutral
CFVGDCFC,58,43,15,17,101,32,0.5267175572519084,neutral
YLCVVVNG,43,39,12,11,82,23,0.5267857142857143,neutral
YFGYLRLC,45,37,11,12,82,23,0.5267857142857143,neutral
FIIRVGCG,49,33,13,10,82,23,0.5267857142857143,neutral
DYNFFRRI,48,34,10,13,82,23,0.5267857142857143,neutral
FYNCVDVR,49,33,13,10,82,23,0.5267857142857143,neutral
FICLRYGH,40,42,13,10,82,23,0.5267857142857143,neutral
FHGCFYYR,45,37,9,14,82,23,0.5267857142857143,neutral
ISFGCCRC,44,38,11,12,82,23,0.5267857142857143,neutral
CCSCCDVG,93,82,30,37,175,67,0.526829268292683,neutral
YYVCCFHH,37,26,6,8,63,14,0.5268817204301075,neutral
GFCYDDRL,40,23,8,6,63,14,0.5268817204301075,neutral
GFVLCVSC,34,29,7,7,63,14,0.5268817204301075,neutral
RHCFCCCC,35,28,5,9,63,14,0.5268817204301075,neutral
CVCGLCYF,35,28,6,8,63,14,0.5268817204301075,neutral
HVFCFILD,36,27,7,7,63,14,0.5268817204301075,neutral
FIFCVRHV,36,27,4,10,63,14,0.5268817204301075,neutral
LCRFCDLI,40,23,7,7,63,14,0.5268817204301075,neutral
FCFYCDFC,38,25,7,7,63,14,0.5268817204301075,neutral
DGVFYLVV,37,26,6,8,63,14,0.5268817204301075,neutral
FFVSCVRD,78,59,22,27,137,49,0.5269461077844312,neutral
FDVCVIYF,30,14,3,2,44,5,0.527027027027027,neutral
SIFVRVYV,29,15,1,4,44,5,0.527027027027027,neutral
FVFFCVIG,29,15,2,3,44,5,0.527027027027027,neutral
FLRVFVFI,30,14,4,1,44,5,0.527027027027027,neutral
CCGYCCCH,30,14,2,3,44,5,0.527027027027027,neutral
IYVFICYS,30,14,4,1,44,5,0.527027027027027,neutral
IGYIIFRL,25,19,4,1,44,5,0.527027027027027,neutral
FGCHFDVL,63,55,16,24,118,40,0.527027027027027,neutral
YCVCLYVR,27,17,2,3,44,5,0.527027027027027,neutral
CVYVVFVN,27,17,3,2,44,5,0.527027027027027,neutral
FCCSVIVV,26,18,2,3,44,5,0.527027027027027,neutral
LYYFGFCC,23,21,2,3,44,5,0.527027027027027,neutral
FLVYFDIF,31,13,3,2,44,5,0.527027027027027,neutral
FFFCFSDF,28,16,3,2,44,5,0.527027027027027,neutral
YSCLYVIY,29,15,1,4,44,5,0.527027027027027,neutral
IFLCVGFI,28,16,2,3,44,5,0.527027027027027,neutral
YCVFHFFF,25,19,4,1,44,5,0.527027027027027,neutral
CCFIFRGI,27,17,3,2,44,5,0.527027027027027,neutral
FFVSVYFY,28,16,0,5,44,5,0.527027027027027,neutral
DFFCVLVI,30,14,1,4,44,5,0.527027027027027,neutral
FIICGFCD,57,42,11,20,99,31,0.5271317829457365,neutral
LSLYGFLC,52,47,10,21,99,31,0.5271317829457365,neutral
FHSLCYDC,46,34,11,11,80,22,0.5272727272727272,neutral
FSGCYCCG,44,36,12,10,80,22,0.5272727272727272,neutral
IYVSGLLF,49,31,12,10,80,22,0.5272727272727272,neutral
HCSCICGG,46,34,10,12,80,22,0.5272727272727272,neutral
YICRNCCF,47,33,10,12,80,22,0.5272727272727272,neutral
FCCYCVFG,42,38,11,11,80,22,0.5272727272727272,neutral
CCFCGVCC,46,34,13,9,80,22,0.5272727272727272,neutral
SYVRICYY,67,49,16,23,116,39,0.5273972602739726,neutral
VYGFIGGV,63,53,22,17,116,39,0.5273972602739726,neutral
LIVFLVYR,36,25,7,6,61,13,0.5274725274725275,neutral
YYGLFDSV,39,22,6,7,61,13,0.5274725274725275,neutral
SFCGIICV,130,113,40,59,243,99,0.5274725274725275,neutral
FNYYCCDC,40,21,5,8,61,13,0.5274725274725275,neutral
IYHINYRI,29,32,5,8,61,13,0.5274725274725275,neutral
CHYRFVLV,33,28,6,7,61,13,0.5274725274725275,neutral
CFSVFCLR,35,26,6,7,61,13,0.5274725274725275,neutral
VYYCYHFL,36,25,6,7,61,13,0.5274725274725275,neutral
VCFCYHCF,32,29,9,4,61,13,0.5274725274725275,neutral
LSYYNSGL,35,26,5,8,61,13,0.5274725274725275,neutral
FCDCCFVY,39,22,5,8,61,13,0.5274725274725275,neutral
FLYICYCN,37,24,7,6,61,13,0.5274725274725275,neutral
CIFCVCDH,30,31,4,9,61,13,0.5274725274725275,neutral
CDRHCCCL,38,23,6,7,61,13,0.5274725274725275,neutral
LFSCSIYI,36,25,7,6,61,13,0.5274725274725275,neutral
CICCLFGG,37,24,6,7,61,13,0.5274725274725275,neutral
FFILSYIC,35,26,6,7,61,13,0.5274725274725275,neutral
VCLFCCDY,39,22,7,6,61,13,0.5274725274725275,neutral
CGVFCGGY,28,33,6,7,61,13,0.5274725274725275,neutral
YYSDCSFC,56,41,17,13,97,30,0.5275590551181102,neutral
VILRLCIL,25,17,3,1,42,4,0.5277777777777778,neutral
FFGYYCLF,25,17,2,2,42,4,0.5277777777777778,neutral
VYCYVSFG,30,12,2,2,42,4,0.5277777777777778,neutral
YCYNCLDH,48,30,13,8,78,21,0.5277777777777778,neutral
SFVIHICV,26,16,1,3,42,4,0.5277777777777778,neutral
LIVCYIGL,27,15,2,2,42,4,0.5277777777777778,neutral
ILFFYISV,27,15,3,1,42,4,0.5277777777777778,neutral
VICICFCV,23,19,2,2,42,4,0.5277777777777778,neutral
DYFSICIF,27,15,2,2,42,4,0.5277777777777778,neutral
FSFVCCLC,23,19,2,2,42,4,0.5277777777777778,neutral
FDFYFHLI,23,19,2,2,42,4,0.5277777777777778,neutral
CYCCLIII,27,15,3,1,42,4,0.5277777777777778,neutral
FYCIFYGF,27,15,1,3,42,4,0.5277777777777778,neutral
FCILYFRY,26,16,1,3,42,4,0.5277777777777778,neutral
VFFGFLVC,27,15,0,4,42,4,0.5277777777777778,neutral
VVIRVFGL,25,17,1,3,42,4,0.5277777777777778,neutral
VGVIFYFI,25,17,2,2,42,4,0.5277777777777778,neutral
VFFFGHCD,48,30,10,11,78,21,0.5277777777777778,neutral
IDYDSFRC,29,13,3,1,42,4,0.5277777777777778,neutral
ILYIYFCV,27,15,2,2,42,4,0.5277777777777778,neutral
GSCIVIRV,65,49,21,17,114,38,0.5277777777777778,neutral
GCLFFCIC,28,14,2,2,42,4,0.5277777777777778,neutral
FCYVNLCC,47,31,8,13,78,21,0.5277777777777778,neutral
FVRNGFIF,44,34,13,8,78,21,0.5277777777777778,neutral
RVFSVVFG,47,31,12,9,78,21,0.5277777777777778,neutral
SCVICVYY,29,13,3,1,42,4,0.5277777777777778,neutral
VFFVLVHC,27,15,3,1,42,4,0.5277777777777778,neutral
IYVFSLVC,24,18,1,3,42,4,0.5277777777777778,neutral
FYFCYLVS,28,14,2,2,42,4,0.5277777777777778,neutral
FRLFFFYY,26,16,3,1,42,4,0.5277777777777778,neutral
CYLSCLCC,25,17,3,1,42,4,0.5277777777777778,neutral
FIFLFCCC,30,12,2,2,42,4,0.5277777777777778,neutral
YFIFGIFF,28,14,0,4,42,4,0.5277777777777778,neutral
YYCVCSCL,46,32,9,12,78,21,0.5277777777777778,neutral
GFFCVFYG,27,15,2,2,42,4,0.5277777777777778,neutral
YDFFICCY,26,16,2,2,42,4,0.5277777777777778,neutral
SCYIIIRF,23,19,3,1,42,4,0.5277777777777778,neutral
YCHCCSYR,47,31,9,12,78,21,0.5277777777777778,neutral
CYFSFIYL,23,19,4,0,42,4,0.5277777777777778,neutral
FSVHCCRF,56,39,12,17,95,29,0.528,neutral
CGCRLCGV,53,42,18,11,95,29,0.528,neutral
FFCNVLYD,99,85,33,38,184,71,0.5280373831775701,neutral
YLLGLIYR,37,22,7,5,59,12,0.5280898876404494,neutral
LCYLSILR,35,24,4,8,59,12,0.5280898876404494,neutral
GFYHVFCL,36,23,8,4,59,12,0.5280898876404494,neutral
LFDLNYRF,39,20,6,6,59,12,0.5280898876404494,neutral
FYGSFDVV,38,21,3,9,59,12,0.5280898876404494,neutral
NCVVCCGY,37,22,3,9,59,12,0.5280898876404494,neutral
FFIFILGG,38,21,7,5,59,12,0.5280898876404494,neutral
CHCGCLSY,37,22,6,6,59,12,0.5280898876404494,neutral
CSYRVCCG,33,26,5,7,59,12,0.5280898876404494,neutral
FSVYYYVN,39,20,4,8,59,12,0.5280898876404494,neutral
LYIYFCNS,30,29,8,4,59,12,0.5280898876404494,neutral
FCYCCSYL,36,23,2,10,59,12,0.5280898876404494,neutral
CYCFRDFC,38,21,9,3,59,12,0.5280898876404494,neutral
CCFLCCDG,33,26,5,7,59,12,0.5280898876404494,neutral
YGDLFCGG,38,21,3,9,59,12,0.5280898876404494,neutral
DYGVYLYF,39,20,7,5,59,12,0.5280898876404494,neutral
CICHFYHI,37,22,6,6,59,12,0.5280898876404494,neutral
CSCNGFCG,83,65,24,30,148,54,0.5280898876404494,neutral
LFFDGSFD,37,22,8,4,59,12,0.5280898876404494,neutral
IFFLNYCC,36,23,7,5,59,12,0.5280898876404494,neutral
VICVNIYC,37,22,8,4,59,12,0.5280898876404494,neutral
DYCCVVVL,34,25,8,4,59,12,0.5280898876404494,neutral
VLHVCNDY,38,21,4,8,59,12,0.5280898876404494,neutral
RVDFVHYH,64,48,17,20,112,37,0.528169014084507,neutral
LYLDFFCD,92,73,28,34,165,62,0.5282051282051282,neutral
FCCCGRRY,44,32,12,8,76,20,0.5283018867924528,neutral
CYGSHHLY,44,32,9,11,76,20,0.5283018867924528,neutral
FYCFFCHC,45,31,11,9,76,20,0.5283018867924528,neutral
FDIYIFHG,54,39,16,12,93,28,0.5284552845528455,neutral
CFGSINGF,54,39,15,13,93,28,0.5284552845528455,neutral
YCRFGDSF,64,46,12,24,110,36,0.5285714285714286,neutral
LFCCYVIF,27,13,2,1,40,3,0.5285714285714286,neutral
FCLCVRVD,24,16,3,0,40,3,0.5285714285714286,neutral
YCIVRCSC,62,48,20,16,110,36,0.5285714285714286,neutral
LFGLFFFF,24,16,2,1,40,3,0.5285714285714286,neutral
FVIFFCVF,26,14,0,3,40,3,0.5285714285714286,neutral
FFVHVRYY,28,12,1,2,40,3,0.5285714285714286,neutral
FFIFVILG,29,11,2,1,40,3,0.5285714285714286,neutral
YCRLCFIC,28,12,2,1,40,3,0.5285714285714286,neutral
FICVYVFR,27,13,1,2,40,3,0.5285714285714286,neutral
FCCFYYDF,25,15,0,3,40,3,0.5285714285714286,neutral
VCDLCCFI,26,14,0,3,40,3,0.5285714285714286,neutral
FFYLCRFV,23,17,2,1,40,3,0.5285714285714286,neutral
VFNDYCGG,64,46,19,17,110,36,0.5285714285714286,neutral
DFVFCFIC,28,12,1,2,40,3,0.5285714285714286,neutral
YICVVFCL,26,14,1,2,40,3,0.5285714285714286,neutral
IFCICIIY,26,14,1,2,40,3,0.5285714285714286,neutral
YGLLCVIF,28,12,2,1,40,3,0.5285714285714286,neutral
GCGCVGLF,62,48,17,19,110,36,0.5285714285714286,neutral
FNYICIRI,23,17,2,1,40,3,0.5285714285714286,neutral
FVILYVFH,18,22,2,1,40,3,0.5285714285714286,neutral
CFFCVCSF,21,19,1,2,40,3,0.5285714285714286,neutral
YFCIIFCG,26,14,2,1,40,3,0.5285714285714286,neutral
VLLFFFCS,19,21,2,1,40,3,0.5285714285714286,neutral
LFHCCYFF,29,11,0,3,40,3,0.5285714285714286,neutral
YYGYSSCY,34,23,5,6,57,11,0.5287356321839081,neutral
YCYFGIGR,37,20,5,6,57,11,0.5287356321839081,neutral
FFYIHYIH,33,24,5,6,57,11,0.5287356321839081,neutral
GDVFFVCI,37,20,4,7,57,11,0.5287356321839081,neutral
DFSCHIRY,37,20,4,7,57,11,0.5287356321839081,neutral
FIFDFFNV,36,21,5,6,57,11,0.5287356321839081,neutral
VDCDSFFG,34,23,6,5,57,11,0.5287356321839081,neutral
VFYSCYGR,38,19,8,3,57,11,0.5287356321839081,neutral
GLLFCYIH,36,21,4,7,57,11,0.5287356321839081,neutral
GLFGVFGD,86,75,27,33,161,60,0.5287958115183246,neutral
CYLFGILG,44,30,9,10,74,19,0.5288461538461539,neutral
FCDCGLCV,46,28,10,9,74,19,0.5288461538461539,neutral
LHYYCLGC,46,28,12,7,74,19,0.5288461538461539,neutral
CCFYVLDL,44,30,9,10,74,19,0.5288461538461539,neutral
VNCSFSGF,42,32,7,12,74,19,0.5288461538461539,neutral
FNGYNFGV,54,37,11,16,91,27,0.5289256198347108,neutral
CVSICGCC,60,48,18,17,108,35,0.5289855072463768,neutral
NHFLFCVF,63,45,20,15,108,35,0.5289855072463768,neutral
LDHDVFSV,72,53,17,26,125,43,0.5290322580645161,neutral
CDSVLYGC,78,64,26,25,142,51,0.5290697674418605,neutral
SVCDLHHY,77,65,16,35,142,51,0.5290697674418605,neutral
RFFIVFDF,24,14,0,2,38,2,0.5294117647058824,neutral
YHISIDYV,39,33,9,9,72,18,0.5294117647058824,neutral
CYFICVSG,26,12,2,0,38,2,0.5294117647058824,neutral
GFCFSFGD,54,35,8,18,89,26,0.5294117647058824,neutral
DLCVHHLV,71,52,20,22,123,42,0.5294117647058824,neutral
YRFSIFLI,24,14,0,2,38,2,0.5294117647058824,neutral
FGFYVICF,24,14,1,1,38,2,0.5294117647058824,neutral
VFNFFFFF,26,12,2,0,38,2,0.5294117647058824,neutral
FFGYRFVL,42,30,9,9,72,18,0.5294117647058824,neutral
VVRDYFDF,38,34,7,11,72,18,0.5294117647058824,neutral
CFCYIGCI,39,33,8,10,72,18,0.5294117647058824,neutral
YCDVFCLD,48,41,12,14,89,26,0.5294117647058824,neutral
CVLHVLFR,25,13,1,1,38,2,0.5294117647058824,neutral
FFFVIFCF,26,12,1,1,38,2,0.5294117647058824,neutral
GCLCDDIF,45,27,10,8,72,18,0.5294117647058824,neutral
VFCCICCL,36,19,4,6,55,10,0.5294117647058824,neutral
FFCFYFLF,27,11,2,0,38,2,0.5294117647058824,neutral
DSRSGCLF,35,20,6,4,55,10,0.5294117647058824,neutral
FFDGHGVF,54,35,7,19,89,26,0.5294117647058824,neutral
YFCCFCCN,34,21,4,6,55,10,0.5294117647058824,neutral
FCCCLFIH,25,30,2,8,55,10,0.5294117647058824,neutral
FFFICLCY,25,13,0,2,38,2,0.5294117647058824,neutral
CCCVYCCR,30,25,4,6,55,10,0.5294117647058824,neutral
VCYCISCD,32,23,4,6,55,10,0.5294117647058824,neutral
SSFCCGCL,62,44,14,20,106,34,0.5294117647058824,neutral
FFCYLLHL,17,21,1,1,38,2,0.5294117647058824,neutral
ICLVVCGV,32,23,6,4,55,10,0.5294117647058824,neutral
VSVVLYYL,22,16,1,1,38,2,0.5294117647058824,neutral
IVFCRFFG,24,14,1,1,38,2,0.5294117647058824,neutral
YGLRHFVY,51,38,10,16,89,26,0.5294117647058824,neutral
RYYHYGCI,52,37,11,15,89,26,0.5294117647058824,neutral
YNVSCVDC,52,37,14,12,89,26,0.5294117647058824,neutral
FYIGCYLF,20,18,1,1,38,2,0.5294117647058824,neutral
CDCIGCNN,58,48,16,18,106,34,0.5294117647058824,neutral
YVSVCVCF,27,11,1,1,38,2,0.5294117647058824,neutral
LYGDVHFN,30,25,8,2,55,10,0.5294117647058824,neutral
FRYSSHFC,34,21,3,7,55,10,0.5294117647058824,neutral
YSCFVFLS,36,19,6,4,55,10,0.5294117647058824,neutral
FYCFYCRG,20,18,1,1,38,2,0.5294117647058824,neutral
FYFHCGFR,82,75,20,38,157,58,0.5294117647058824,neutral
VCCYYYIV,26,12,0,2,38,2,0.5294117647058824,neutral
FFFVGYVF,21,17,1,1,38,2,0.5294117647058824,neutral
FICYNCIY,34,21,4,6,55,10,0.5294117647058824,neutral
VYCYRVLL,21,17,2,0,38,2,0.5294117647058824,neutral
FCIIYIFC,24,14,0,2,38,2,0.5294117647058824,neutral
VFFCFLFS,26,12,1,1,38,2,0.5294117647058824,neutral
VFYFVIVY,25,13,0,2,38,2,0.5294117647058824,neutral
IFCFVCFF,27,11,2,0,38,2,0.5294117647058824,neutral
VIFRCCDC,28,27,7,3,55,10,0.5294117647058824,neutral
YCCVVFRL,20,18,1,1,38,2,0.5294117647058824,neutral
FFFHCCFC,23,15,1,1,38,2,0.5294117647058824,neutral
CGHYGNCC,77,61,25,24,138,49,0.5297619047619048,neutral
VFDVYDVS,68,53,20,21,121,41,0.5298013245033113,neutral
NFGFSRRF,69,52,21,20,121,41,0.5298013245033113,neutral
CVCILVND,69,52,26,15,121,41,0.5298013245033113,neutral
GCLCLSLV,59,45,14,19,104,33,0.5298507462686567,neutral
VYFCYSSY,61,43,24,9,104,33,0.5298507462686567,neutral
CYCIRISH,53,34,12,13,87,25,0.5299145299145299,neutral
VCRVHFYH,47,40,13,12,87,25,0.5299145299145299,neutral
FSSSFRYY,53,34,11,14,87,25,0.5299145299145299,neutral
IVFFVFYD,44,26,8,9,70,17,0.53,neutral
NSYCYCVF,40,30,12,5,70,17,0.53,neutral
VLFVLHFY,44,26,11,6,70,17,0.53,neutral
LRLSVHFR,33,20,2,7,53,9,0.5301204819277109,neutral
CFCFCCYF,35,18,5,4,53,9,0.5301204819277109,neutral
LICICGCI,34,19,4,5,53,9,0.5301204819277109,neutral
YFYVIFGY,33,20,4,5,53,9,0.5301204819277109,neutral
VGIDCCVF,30,23,5,4,53,9,0.5301204819277109,neutral
HVCLVFSY,34,19,2,7,53,9,0.5301204819277109,neutral
FNYDCYDS,29,24,5,4,53,9,0.5301204819277109,neutral
LYVHLCLS,36,17,4,5,53,9,0.5301204819277109,neutral
FYVLIGYL,32,21,6,3,53,9,0.5301204819277109,neutral
CDIYVVCC,34,19,4,5,53,9,0.5301204819277109,neutral
FDIVVLCI,31,22,6,3,53,9,0.5301204819277109,neutral
CHCCGCGY,34,19,3,6,53,9,0.5301204819277109,neutral
FFYGFDDY,73,63,16,32,136,48,0.5301204819277109,neutral
HIVCFFGL,34,19,6,3,53,9,0.5301204819277109,neutral
VVFCVVCD,29,24,5,4,53,9,0.5301204819277109,neutral
YIYVGFHL,28,25,2,7,53,9,0.5301204819277109,neutral
FVGIVVVG,32,21,4,5,53,9,0.5301204819277109,neutral
LFFNIRFR,27,26,5,4,53,9,0.5301204819277109,neutral
VDCCCLLR,66,53,24,16,119,40,0.5302013422818792,neutral
YVIYIYLR,23,13,1,0,36,1,0.5303030303030303,neutral
CFVCRFIF,24,12,0,1,36,1,0.5303030303030303,neutral
FCFIVFLF,23,13,0,1,36,1,0.5303030303030303,neutral
FYVHVFIY,24,12,0,1,36,1,0.5303030303030303,neutral
FRVGIYII,24,12,1,0,36,1,0.5303030303030303,neutral
LRFFSFFH,23,13,1,0,36,1,0.5303030303030303,neutral
FFFFHFSF,23,13,0,1,36,1,0.5303030303030303,neutral
CFFCLFII,24,12,1,0,36,1,0.5303030303030303,neutral
VFYCYFCF,27,9,1,0,36,1,0.5303030303030303,neutral
NLVFYFGI,24,12,0,1,36,1,0.5303030303030303,neutral
CNSCGCLF,58,44,18,14,102,32,0.5303030303030303,neutral
FYFRIRLL,23,13,1,0,36,1,0.5303030303030303,neutral
FFYFCFVC,20,16,0,1,36,1,0.5303030303030303,neutral
YCYLCVIR,25,11,1,0,36,1,0.5303030303030303,neutral
YLVRVGYF,58,44,23,9,102,32,0.5303030303030303,neutral
FVCFIYFC,27,9,1,0,36,1,0.5303030303030303,neutral
VYSFSDSY,58,44,21,11,102,32,0.5303030303030303,neutral
IRVFYCLY,24,12,0,1,36,1,0.5303030303030303,neutral
FFYFDLFH,59,43,13,19,102,32,0.5303030303030303,neutral
FFLVVHFV,27,9,0,1,36,1,0.5303030303030303,neutral
IFVFFFNF,25,11,0,1,36,1,0.5303030303030303,neutral
VCYRFILC,26,10,1,0,36,1,0.5303030303030303,neutral
IFFYHCIL,20,16,0,1,36,1,0.5303030303030303,neutral
VCILFCFG,21,15,1,0,36,1,0.5303030303030303,neutral
FLSLFICV,22,14,1,0,36,1,0.5303030303030303,neutral
CYCHGHIS,108,92,33,45,200,78,0.5304347826086957,neutral
YLCGCLCN,52,33,14,10,85,24,0.5304347826086957,neutral
CYGGFRFF,47,38,5,19,85,24,0.5304347826086957,neutral
FCHCCCFR,48,37,14,10,85,24,0.5304347826086957,neutral
SCYFDFYH,51,34,13,11,85,24,0.5304347826086957,neutral
RGHIHCLN,50,35,13,11,85,24,0.5304347826086957,neutral
FVICGCVI,49,36,12,12,85,24,0.5304347826086957,neutral
YCVFSCRF,43,25,8,8,68,16,0.5306122448979592,neutral
YICLCSLG,43,25,6,10,68,16,0.5306122448979592,neutral
LVHFRYGD,39,29,5,11,68,16,0.5306122448979592,neutral
SYFCYRCI,43,25,6,10,68,16,0.5306122448979592,neutral
VFRCSLFL,42,26,7,9,68,16,0.5306122448979592,neutral
FDFCCVVC,43,25,11,5,68,16,0.5306122448979592,neutral
YIYNFVRF,42,26,5,11,68,16,0.5306122448979592,neutral
DGCFFLGV,41,27,9,7,68,16,0.5306122448979592,neutral
DFCVRDYI,42,26,6,10,68,16,0.5306122448979592,neutral
YFDSVFYR,41,27,10,6,68,16,0.5306122448979592,neutral
HFRCLRCY,39,29,8,8,68,16,0.5306122448979592,neutral
ICCLVCVR,38,30,11,5,68,16,0.5306122448979592,neutral
FRLVCCCD,58,42,11,20,100,31,0.5307692307692308,neutral
DFIFHFRC,57,43,19,12,100,31,0.5307692307692308,neutral
VVFVHSHF,57,43,15,16,100,31,0.5307692307692308,neutral
CFFFGHNN,59,41,13,18,100,31,0.5307692307692308,neutral
CSRCSYFY,27,24,3,5,51,8,0.5308641975308642,neutral
FIIIFFHS,32,19,6,2,51,8,0.5308641975308642,neutral
IYLFFGYY,31,20,6,2,51,8,0.5308641975308642,neutral
IICYLFLS,34,17,3,5,51,8,0.5308641975308642,neutral
YCFCGYFF,34,17,3,5,51,8,0.5308641975308642,neutral
LIFFCRCH,31,20,4,4,51,8,0.5308641975308642,neutral
FLYFRYRG,27,24,4,4,51,8,0.5308641975308642,neutral
CYFYCCRY,31,20,7,1,51,8,0.5308641975308642,neutral
VIYFGLGY,34,17,5,3,51,8,0.5308641975308642,neutral
IFRIIRVC,32,19,3,5,51,8,0.5308641975308642,neutral
YVLCVYRD,26,25,5,3,51,8,0.5308641975308642,neutral
GGVYVLCL,34,17,5,3,51,8,0.5308641975308642,neutral
GCVCDCCL,32,19,4,4,51,8,0.5308641975308642,neutral
HLISYLFC,34,17,3,5,51,8,0.5308641975308642,neutral
FYVCIYSV,35,16,2,6,51,8,0.5308641975308642,neutral
FHCSVFFG,75,57,19,27,132,46,0.5308641975308642,neutral
CCLYCFHL,34,17,5,3,51,8,0.5308641975308642,neutral
GVIVCLCL,27,24,4,4,51,8,0.5308641975308642,neutral
DLGIFSFV,44,39,11,12,83,23,0.5309734513274337,neutral
CYFGLCGI,51,32,10,13,83,23,0.5309734513274337,neutral
YFCVCYRD,51,32,10,13,83,23,0.5309734513274337,neutral
LIRDDSIF,45,38,11,12,83,23,0.5309734513274337,neutral
VCVHYCCR,50,33,12,11,83,23,0.5309734513274337,neutral
IFFLFVYS,50,33,7,16,83,23,0.5309734513274337,neutral
FHYLCFYH,51,32,8,15,83,23,0.5309734513274337,neutral
FICCHHGR,61,54,15,23,115,38,0.5310344827586206,neutral
VICVNYLR,66,49,16,22,115,38,0.5310344827586206,neutral
FINDYCCC,62,53,21,17,115,38,0.5310344827586206,neutral
CYIVGFDG,82,65,27,26,147,53,0.5310734463276836,neutral
FRVCCLFL,19,15,0,0,34,0,0.53125,neutral
VYCVFCLV,39,27,12,3,66,15,0.53125,neutral
FIYIRLII,17,17,0,0,34,0,0.53125,neutral
SVGFFSCC,58,40,15,15,98,30,0.53125,neutral
GCFFYGNS,71,59,21,24,130,45,0.53125,neutral
GHCVYCFG,58,40,10,20,98,30,0.53125,neutral
ICCCVGCR,38,28,6,9,66,15,0.53125,neutral
CCLRRFLI,25,9,0,0,34,0,0.53125,neutral
HVIVCFND,36,30,8,7,66,15,0.53125,neutral
CNGYDFGC,22,12,0,0,34,0,0.53125,neutral
VYGVFCFN,55,43,15,15,98,30,0.53125,neutral
LIYFCILL,23,11,0,0,34,0,0.53125,neutral
HFSSDVCC,73,57,25,20,130,45,0.53125,neutral
CVIFRCVC,25,9,0,0,34,0,0.53125,neutral
FLFVCIFG,20,14,0,0,34,0,0.53125,neutral
FFFFINLL,25,9,0,0,34,0,0.53125,neutral
IVRVCCFF,21,13,0,0,34,0,0.53125,neutral
FFRFIYCF,20,14,0,0,34,0,0.53125,neutral
FFRFFFCY,18,16,0,0,34,0,0.53125,neutral
YLRFYFYN,20,14,0,0,34,0,0.53125,neutral
SLYIHFGY,41,25,7,8,66,15,0.53125,neutral
FCIRLCLR,22,12,0,0,34,0,0.53125,neutral
VRILFLVF,18,16,0,0,34,0,0.53125,neutral
FFCYFFGL,26,8,0,0,34,0,0.53125,neutral
CLLYCCYS,82,63,28,24,145,52,0.5314285714285715,neutral
SSCHVYCC,82,63,27,25,145,52,0.5314285714285715,neutral
VFDVCSYV,66,47,20,17,113,37,0.5314685314685315,neutral
HFVVNGLD,63,50,15,22,113,37,0.5314685314685315,neutral
FDYFDDVV,47,34,15,7,81,22,0.5315315315315315,neutral
FRCSDIFC,29,20,3,4,49,7,0.5316455696202531,neutral
YRGYIVFF,27,22,5,2,49,7,0.5316455696202531,neutral
CIVFVYNC,32,17,5,2,49,7,0.5316455696202531,neutral
GGLCCFVY,24,25,3,4,49,7,0.5316455696202531,neutral
CSVHVFVC,31,18,2,5,49,7,0.5316455696202531,neutral
DVCDNYFV,33,16,4,3,49,7,0.5316455696202531,neutral
FLVVVDYI,34,15,3,4,49,7,0.5316455696202531,neutral
FYFYCFFD,25,24,4,3,49,7,0.5316455696202531,neutral
FICHCFVY,31,18,3,4,49,7,0.5316455696202531,neutral
SFYILSIH,29,20,3,4,49,7,0.5316455696202531,neutral
VLFVLCGI,30,19,4,3,49,7,0.5316455696202531,neutral
VYVICVGL,31,18,5,2,49,7,0.5316455696202531,neutral
SIIYGFHN,56,40,10,19,96,29,0.5317460317460317,neutral
NCCCHRNI,48,48,6,23,96,29,0.5317460317460317,neutral
VVCICVDC,54,42,13,16,96,29,0.5317460317460317,neutral
VYYSCGVV,53,43,12,17,96,29,0.5317460317460317,neutral
DHVDYGGF,33,31,7,7,64,14,0.5319148936170213,neutral
FYFFSDFF,40,24,5,9,64,14,0.5319148936170213,neutral
RFDCFVLD,38,26,8,6,64,14,0.5319148936170213,neutral
FCFSGSYC,64,47,11,25,111,36,0.5319148936170213,neutral
DYHYYNYC,33,31,3,11,64,14,0.5319148936170213,neutral
FGLCFNHV,64,47,19,17,111,36,0.5319148936170213,neutral
CSYNCVCG,86,72,31,27,158,58,0.5319148936170213,neutral
FHFVCYHC,34,30,6,8,64,14,0.5319148936170213,neutral
FYFFVCVH,37,27,3,11,64,14,0.5319148936170213,neutral
LCFFVFVC,39,25,5,9,64,14,0.5319148936170213,neutral
VLYVVSHG,41,23,9,5,64,14,0.5319148936170213,neutral
IHDCCHCF,39,25,5,9,64,14,0.5319148936170213,neutral
CHCYGCGS,40,24,6,8,64,14,0.5319148936170213,neutral
CCYGLLSD,112,93,35,45,205,80,0.5319148936170213,neutral
FNDLYRSY,39,25,5,9,64,14,0.5319148936170213,neutral
FRDCIHFV,72,54,25,18,126,43,0.532051282051282,neutral
CCHVCILV,37,42,7,14,79,21,0.5321100917431193,neutral
FVCCLCSY,49,30,10,11,79,21,0.5321100917431193,neutral
CHCHHRFG,45,34,7,14,79,21,0.5321100917431193,neutral
FFCHIDDF,49,30,10,11,79,21,0.5321100917431193,neutral
FIRCCVCY,49,30,10,11,79,21,0.5321100917431193,neutral
VYRGFDVI,44,35,9,12,79,21,0.5321100917431193,neutral
YYCRVGGC,49,30,11,10,79,21,0.5321100917431193,neutral
LRRCFFYV,53,41,14,14,94,28,0.532258064516129,neutral
CNLRGCFC,55,39,14,14,94,28,0.532258064516129,neutral
CGCGCLRR,54,40,11,17,94,28,0.532258064516129,neutral
CHYRFCLV,52,42,14,14,94,28,0.532258064516129,neutral
YRIVCGLC,58,51,16,19,109,35,0.5323741007194245,neutral
FCFLCCDC,26,21,2,4,47,6,0.5324675324675324,neutral
FYYFLCSI,30,17,2,4,47,6,0.5324675324675324,neutral
FIVYFYFY,32,15,3,3,47,6,0.5324675324675324,neutral
LRIFCCCF,30,17,5,1,47,6,0.5324675324675324,neutral
CVFFILCL,31,16,1,5,47,6,0.5324675324675324,neutral
YICFCGRV,33,14,4,2,47,6,0.5324675324675324,neutral
FCIIVLLI,28,19,2,4,47,6,0.5324675324675324,neutral
NLLCIFCL,32,15,1,5,47,6,0.5324675324675324,neutral
FCCFFCLF,25,22,3,3,47,6,0.5324675324675324,neutral
FCYGVLVF,23,24,2,4,47,6,0.5324675324675324,neutral
FVFFILVG,29,18,6,0,47,6,0.5324675324675324,neutral
FFYSIVYV,29,18,1,5,47,6,0.5324675324675324,neutral
IFVVVLGH,29,18,1,5,47,6,0.5324675324675324,neutral
FFYFVVSD,26,21,4,2,47,6,0.5324675324675324,neutral
VICSYCYL,25,22,2,4,47,6,0.5324675324675324,neutral
FFCSYCFN,31,16,4,2,47,6,0.5324675324675324,neutral
CIFFYSFY,26,21,3,3,47,6,0.5324675324675324,neutral
NFCYFFVL,24,23,4,2,47,6,0.5324675324675324,neutral
FCYLYCII,29,18,2,4,47,6,0.5324675324675324,neutral
YIICCLGY,26,21,4,2,47,6,0.5324675324675324,neutral
FVCFVCLH,30,17,4,2,47,6,0.5324675324675324,neutral
HFCYLLGL,31,16,1,5,47,6,0.5324675324675324,neutral
HCVSVYCI,68,56,16,26,124,42,0.5324675324675324,neutral
CVYYVFIC,33,14,5,1,47,6,0.5324675324675324,neutral
FCYFCGLV,26,21,3,3,47,6,0.5324675324675324,neutral
RCIVFHVI,29,18,1,5,47,6,0.5324675324675324,neutral
CCVFICRH,33,14,4,2,47,6,0.5324675324675324,neutral
FLYVCYGC,23,24,2,4,47,6,0.5324675324675324,neutral
DFVYYVFC,30,17,2,4,47,6,0.5324675324675324,neutral
LSDFVRYV,71,53,18,24,124,42,0.5324675324675324,neutral
YICFFFIV,29,18,1,5,47,6,0.5324675324675324,neutral
FYICFCCI,34,28,3,10,62,13,0.532608695652174,neutral
CNGIVFCF,40,22,10,3,62,13,0.532608695652174,neutral
YLFNFCCL,38,24,9,4,62,13,0.532608695652174,neutral
FLISYHGC,40,22,5,8,62,13,0.532608695652174,neutral
YCGICYYR,36,26,8,5,62,13,0.532608695652174,neutral
ICGFVFYF,34,28,6,7,62,13,0.532608695652174,neutral
VCYGCCLV,35,27,5,8,62,13,0.532608695652174,neutral
CYCFFVFH,37,25,4,9,62,13,0.532608695652174,neutral
YFNCNFLD,46,31,11,9,77,20,0.5327102803738317,neutral
YSFLHNSY,48,29,5,15,77,20,0.5327102803738317,neutral
FYYFFFFG,45,32,8,12,77,20,0.5327102803738317,neutral
FVHFDCYF,45,32,7,13,77,20,0.5327102803738317,neutral
FFDVCCVF,40,37,11,9,77,20,0.5327102803738317,neutral
YIHSIDVF,53,39,11,16,92,27,0.5327868852459017,neutral
CGVDGYYC,52,40,14,13,92,27,0.5327868852459017,neutral
CCFLGIIV,53,39,15,12,92,27,0.5327868852459017,neutral
YCYVCGCC,55,37,8,19,92,27,0.5327868852459017,neutral
SYVYDCSN,55,37,12,15,92,27,0.5327868852459017,neutral
LSIFDLGD,55,37,13,14,92,27,0.5327868852459017,neutral
VFCFNFIV,49,43,15,12,92,27,0.5327868852459017,neutral
CNCFCYDF,63,44,21,13,107,34,0.5328467153284672,neutral
CFDVYSCR,59,48,14,20,107,34,0.5328467153284672,neutral
FYLYYGGY,62,45,19,15,107,34,0.5328467153284672,neutral
NYVCGFDR,28,17,1,4,45,5,0.5333333333333333,neutral
FHFYCFFH,34,26,7,5,60,12,0.5333333333333333,neutral
YSRCFHIS,33,27,7,5,60,12,0.5333333333333333,neutral
SFIIFFVC,28,17,2,3,45,5,0.5333333333333333,neutral
FVFCIYFD,25,20,4,1,45,5,0.5333333333333333,neutral
NIYNCSYV,39,21,8,4,60,12,0.5333333333333333,neutral
CCDFGFDL,42,33,11,8,75,19,0.5333333333333333,neutral
CFILCVNF,31,14,3,2,45,5,0.5333333333333333,neutral
YCLFRVSL,30,15,2,3,45,5,0.5333333333333333,neutral
FFCLLVRH,54,36,13,13,90,26,0.5333333333333333,neutral
FGLDSIYV,77,58,23,24,135,47,0.5333333333333333,neutral
CCCFCFHV,46,29,10,9,75,19,0.5333333333333333,neutral
FSYCRIRF,24,21,3,2,45,5,0.5333333333333333,neutral
CICCCFFF,31,14,2,3,45,5,0.5333333333333333,neutral
FFVFSFSC,22,23,2,3,45,5,0.5333333333333333,neutral
CFNFFCFC,30,15,2,3,45,5,0.5333333333333333,neutral
FGGYLICR,41,34,8,11,75,19,0.5333333333333333,neutral
FDVNFIIC,49,41,15,11,90,26,0.5333333333333333,neutral
RFCICYCF,23,22,2,3,45,5,0.5333333333333333,neutral
CLHFDFYY,66,69,23,24,135,47,0.5333333333333333,neutral
LFVCRHCR,50,55,15,18,105,33,0.5333333333333333,neutral
FIIVFICL,28,17,3,2,45,5,0.5333333333333333,neutral
YCFYCHSV,47,28,10,9,75,19,0.5333333333333333,neutral
SYYVVICI,31,14,4,1,45,5,0.5333333333333333,neutral
LVHYCILR,34,26,4,8,60,12,0.5333333333333333,neutral
RFVYVCCC,24,21,2,3,45,5,0.5333333333333333,neutral
DYGLIVCL,42,33,9,10,75,19,0.5333333333333333,neutral
GCHGCHFR,38,22,6,6,60,12,0.5333333333333333,neutral
GCFSVSFC,54,36,13,13,90,26,0.5333333333333333,neutral
FCFVLIYV,28,17,1,4,45,5,0.5333333333333333,neutral
FHCCHGCH,37,23,7,5,60,12,0.5333333333333333,neutral
FDFFDFGS,53,37,10,16,90,26,0.5333333333333333,neutral
NCFRILYF,40,35,8,11,75,19,0.5333333333333333,neutral
GCLCGSFR,47,28,11,8,75,19,0.5333333333333333,neutral
RCDCCFFY,39,21,7,5,60,12,0.5333333333333333,neutral
VFVFDIYV,30,15,3,2,45,5,0.5333333333333333,neutral
FCYFSFHL,30,15,3,2,45,5,0.5333333333333333,neutral
FFHCYFCL,26,19,2,3,45,5,0.5333333333333333,neutral
FVCYYVCC,28,17,2,3,45,5,0.5333333333333333,neutral
FFICCVSL,27,18,2,3,45,5,0.5333333333333333,neutral
CFFYFGSF,33,27,9,3,60,12,0.5333333333333333,neutral
VYCVCFVV,25,20,2,3,45,5,0.5333333333333333,neutral
VYVCRHDF,35,25,8,4,60,12,0.5333333333333333,neutral
CFICFCYL,37,23,7,5,60,12,0.5333333333333333,neutral
FYYVVVYF,39,21,4,8,60,12,0.5333333333333333,neutral
YCSYYFFG,37,23,7,5,60,12,0.5333333333333333,neutral
CSSFCNCR,46,29,13,6,75,19,0.5333333333333333,neutral
FRIFFDLR,30,15,4,1,45,5,0.5333333333333333,neutral
VVLLCGYL,30,30,8,4,60,12,0.5333333333333333,neutral
VVFYCFCI,28,17,3,2,45,5,0.5333333333333333,neutral
LCRVHFLY,39,21,5,7,60,12,0.5333333333333333,neutral
CVFGCYYY,27,18,3,2,45,5,0.5333333333333333,neutral
FFCNYFCV,46,29,13,6,75,19,0.5333333333333333,neutral
FCVVLHVS,35,25,5,7,60,12,0.5333333333333333,neutral
CFIVILFL,26,19,2,3,45,5,0.5333333333333333,neutral
CFCYLRDC,36,24,9,3,60,12,0.5333333333333333,neutral
YVNYCCSD,40,35,8,11,75,19,0.5333333333333333,neutral
FIYFSSLI,58,47,13,20,105,33,0.5333333333333333,neutral
YCIYIVFV,25,20,1,4,45,5,0.5333333333333333,neutral
INFYHIVC,62,56,18,21,118,39,0.5337837837837838,neutral
YCCLCSCC,63,55,19,20,118,39,0.5337837837837838,neutral
CVFCDDFD,58,45,17,15,103,32,0.5338345864661654,neutral
FRRNYHDC,60,43,11,21,103,32,0.5338345864661654,neutral
FYSIIFHS,50,38,11,14,88,25,0.5338983050847458,neutral
FCCYGNIY,48,40,15,10,88,25,0.5338983050847458,neutral
FFFYFFYD,52,36,15,10,88,25,0.5338983050847458,neutral
FYVVFHYF,45,43,7,18,88,25,0.5338983050847458,neutral
IGVHYYGV,50,38,13,12,88,25,0.5338983050847458,neutral
LYSRGYYG,45,28,6,12,73,18,0.5339805825242718,neutral
CFGSFDVC,35,38,5,13,73,18,0.5339805825242718,neutral
FCRGCSCD,44,29,10,8,73,18,0.5339805825242718,neutral
YDVFFGRV,39,34,7,11,73,18,0.5339805825242718,neutral
FVFYVYGS,41,32,7,11,73,18,0.5339805825242718,neutral
CIVFFGVF,38,20,7,4,58,11,0.5340909090909091,neutral
FVVIIVNV,35,23,5,6,58,11,0.5340909090909091,neutral
CCFGFFSF,31,27,2,9,58,11,0.5340909090909091,neutral
LCIIHCLY,37,21,7,4,58,11,0.5340909090909091,neutral
CCFYYNCL,32,26,8,3,58,11,0.5340909090909091,neutral
FYLVCICN,30,28,4,7,58,11,0.5340909090909091,neutral
RFIYCSLG,32,26,2,9,58,11,0.5340909090909091,neutral
YYGYFFLN,35,23,5,6,58,11,0.5340909090909091,neutral
FFVCNCLF,37,21,6,5,58,11,0.5340909090909091,neutral
LFHLIYCL,30,13,3,1,43,4,0.5342465753424658,neutral
FLFFVICD,19,24,3,1,43,4,0.5342465753424658,neutral
YYFVCISC,28,15,3,1,43,4,0.5342465753424658,neutral
VYYFVFYC,28,15,1,3,43,4,0.5342465753424658,neutral
CVIFSFIV,30,13,2,2,43,4,0.5342465753424658,neutral
FLCCGFIL,31,12,3,1,43,4,0.5342465753424658,neutral
FYDVVIGD,21,22,1,3,43,4,0.5342465753424658,neutral
RFCIVFVR,28,15,2,2,43,4,0.5342465753424658,neutral
FYHLCFCF,23,20,1,3,43,4,0.5342465753424658,neutral
FVYFYFLL,27,16,2,2,43,4,0.5342465753424658,neutral
CCFRCCHY,31,12,3,1,43,4,0.5342465753424658,neutral
FCNICFDF,29,14,2,2,43,4,0.5342465753424658,neutral
FIIFVRDI,23,20,2,2,43,4,0.5342465753424658,neutral
CLFHCVYC,25,18,2,2,43,4,0.5342465753424658,neutral
VILFIIFN,30,13,3,1,43,4,0.5342465753424658,neutral
IYFFSYGL,29,14,2,2,43,4,0.5342465753424658,neutral
NSCFVLRF,28,15,1,3,43,4,0.5342465753424658,neutral
LFFFVSLS,29,14,2,2,43,4,0.5342465753424658,neutral
FLYFGFRR,28,15,2,2,43,4,0.5342465753424658,neutral
YYVFGFVI,28,15,3,1,43,4,0.5342465753424658,neutral
CVFSVLYL,31,12,2,2,43,4,0.5342465753424658,neutral
NFYFVRLY,24,19,0,4,43,4,0.5342465753424658,neutral
CCFFVIFN,28,15,2,2,43,4,0.5342465753424658,neutral
FCHCCNCI,58,43,13,18,101,31,0.5343511450381679,neutral
FCCYFCSH,60,41,13,18,101,31,0.5343511450381679,neutral
DFFSLGCR,54,47,11,20,101,31,0.5343511450381679,neutral
CRHCCSVH,84,75,28,30,159,58,0.5343915343915344,neutral
FDHVCHVC,50,36,8,16,86,24,0.5344827586206896,neutral
FCCDCVIL,51,35,13,11,86,24,0.5344827586206896,neutral
CRNFCFDC,50,36,12,12,86,24,0.5344827586206896,neutral
DYVVFDYH,52,34,12,12,86,24,0.5344827586206896,neutral
FFSRIDCC,45,26,7,10,71,17,0.5346534653465347,neutral
FGYRCCVC,41,30,8,9,71,17,0.5346534653465347,neutral
VCFFVSYG,44,27,8,9,71,17,0.5346534653465347,neutral
CYCCYSCI,42,29,8,9,71,17,0.5346534653465347,neutral
CCYCHVFC,44,27,8,9,71,17,0.5346534653465347,neutral
FGRCGSCF,43,28,9,8,71,17,0.5346534653465347,neutral
VFDNSVCY,43,28,8,9,71,17,0.5346534653465347,neutral
SGFFVCCY,44,27,8,9,71,17,0.5346534653465347,neutral
SYFGYRSY,37,34,7,10,71,17,0.5346534653465347,neutral
LYYRGSYD,41,30,9,8,71,17,0.5346534653465347,neutral
GCDFCFDC,42,29,6,11,71,17,0.5346534653465347,neutral
HFSCSFCC,66,48,15,22,114,37,0.5347222222222222,neutral
GCRYGCSC,66,48,19,18,114,37,0.5347222222222222,neutral
CYGYLLRV,65,49,14,23,114,37,0.5347222222222222,neutral
FIHYSIFR,29,27,7,3,56,10,0.5348837209302325,neutral
CSYSYNFG,33,23,5,5,56,10,0.5348837209302325,neutral
NVHLCFVV,37,19,5,5,56,10,0.5348837209302325,neutral
ICCRVLCV,34,22,6,4,56,10,0.5348837209302325,neutral
CCFRCICY,36,20,5,5,56,10,0.5348837209302325,neutral
FIYFLNVF,33,23,4,6,56,10,0.5348837209302325,neutral
FCLCCVHV,31,25,3,7,56,10,0.5348837209302325,neutral
CCRFVDGY,59,40,11,19,99,30,0.5348837209302325,neutral
FCCCVISV,35,21,5,5,56,10,0.5348837209302325,neutral
LVCFCYCI,36,20,6,4,56,10,0.5348837209302325,neutral
ICDFCFCR,37,19,5,5,56,10,0.5348837209302325,neutral
CHLGDFDI,33,23,4,6,56,10,0.5348837209302325,neutral
YFSFSDDF,36,20,4,6,56,10,0.5348837209302325,neutral
HCYCLLIF,36,20,4,6,56,10,0.5348837209302325,neutral
CVFCCNVC,30,26,4,6,56,10,0.5348837209302325,neutral
CYCCFVFD,70,57,16,27,127,43,0.535031847133758,neutral
NILIYYDV,73,54,21,22,127,43,0.535031847133758,neutral
SCVCCDCI,48,36,13,10,84,23,0.5350877192982456,neutral
FNGYVNVL,48,36,14,9,84,23,0.5350877192982456,neutral
FDCYFCCV,50,34,13,10,84,23,0.5350877192982456,neutral
RFVCFFYF,25,16,1,2,41,3,0.5352112676056338,neutral
VDLFYVHR,65,47,21,15,112,36,0.5352112676056338,neutral
CCCYVIFY,25,16,0,3,41,3,0.5352112676056338,neutral
FYVFCCCF,27,14,1,2,41,3,0.5352112676056338,neutral
YFISVCLF,25,16,2,1,41,3,0.5352112676056338,neutral
FRYVVCRY,22,19,2,1,41,3,0.5352112676056338,neutral
RNIFHYFF,25,16,2,1,41,3,0.5352112676056338,neutral
YNICVFVH,26,15,0,3,41,3,0.5352112676056338,neutral
IGFYCCCY,21,20,2,1,41,3,0.5352112676056338,neutral
YFVVVLVY,22,19,2,1,41,3,0.5352112676056338,neutral
VFCCLCCR,26,15,1,2,41,3,0.5352112676056338,neutral
CLCSFFLL,27,14,0,3,41,3,0.5352112676056338,neutral
VLFFFLSV,27,14,2,1,41,3,0.5352112676056338,neutral
GLLGVFVY,28,13,1,2,41,3,0.5352112676056338,neutral
FVRIICLY,25,16,0,3,41,3,0.5352112676056338,neutral
FYVCVHVD,29,12,1,2,41,3,0.5352112676056338,neutral
VFIVFCIY,24,17,1,2,41,3,0.5352112676056338,neutral
VCFLCVCF,27,14,0,3,41,3,0.5352112676056338,neutral
FFLSVICL,27,14,0,3,41,3,0.5352112676056338,neutral
ICGFYLVC,25,16,1,2,41,3,0.5352112676056338,neutral
CCYYFVVV,29,12,1,2,41,3,0.5352112676056338,neutral
ICRRIVFL,26,15,1,2,41,3,0.5352112676056338,neutral
FDVVCIIF,20,21,2,1,41,3,0.5352112676056338,neutral
FCFYYYFV,25,16,2,1,41,3,0.5352112676056338,neutral
FCVSIVLL,23,18,2,1,41,3,0.5352112676056338,neutral
CFCLYVSI,20,21,1,2,41,3,0.5352112676056338,neutral
DIIYCIFR,26,15,2,1,41,3,0.5352112676056338,neutral
FCFFFFNC,29,12,0,3,41,3,0.5352112676056338,neutral
LFRDCILD,41,28,10,6,69,16,0.5353535353535354,neutral
NLHLFLFR,41,28,9,7,69,16,0.5353535353535354,neutral
CVCCVCFV,38,31,5,11,69,16,0.5353535353535354,neutral
YVFGFCCC,42,27,3,13,69,16,0.5353535353535354,neutral
FHCNCCHC,56,41,13,16,97,29,0.5354330708661418,neutral
CFGCCNVR,57,40,16,13,97,29,0.5354330708661418,neutral
VCFGYSVR,53,44,15,14,97,29,0.5354330708661418,neutral
RSGICYFD,72,53,23,19,125,42,0.535483870967742,neutral
YVFVINLH,32,22,3,6,54,9,0.5357142857142857,neutral
CDYFFHRN,35,19,3,6,54,9,0.5357142857142857,neutral
YFVFLFNY,35,19,2,7,54,9,0.5357142857142857,neutral
FHYHCIIV,31,23,4,5,54,9,0.5357142857142857,neutral
FFFRVFDC,62,48,16,19,110,35,0.5357142857142857,neutral
RFLVLLCY,35,19,2,7,54,9,0.5357142857142857,neutral
CCCCVLRG,50,32,11,11,82,22,0.5357142857142857,neutral
LCCCVIRV,34,20,5,4,54,9,0.5357142857142857,neutral
ILIDYFYN,49,33,14,8,82,22,0.5357142857142857,neutral
GGYGFCDC,45,37,7,15,82,22,0.5357142857142857,neutral
HYNDYHFC,47,35,9,13,82,22,0.5357142857142857,neutral
LCYICHCN,30,24,3,6,54,9,0.5357142857142857,neutral
RYYCCCRL,50,32,13,9,82,22,0.5357142857142857,neutral
NIVVIFLG,33,21,5,4,54,9,0.5357142857142857,neutral
VLFFIGLV,41,41,10,12,82,22,0.5357142857142857,neutral
YYVDFHDL,33,21,6,3,54,9,0.5357142857142857,neutral
CFCGCSGL,50,32,10,12,82,22,0.5357142857142857,neutral
GCGYYSFR,32,22,4,5,54,9,0.5357142857142857,neutral
CFCDLCGC,36,18,5,4,54,9,0.5357142857142857,neutral
CDFFYLND,88,78,30,31,166,61,0.5357142857142857,neutral
LVFYVCVL,35,19,4,5,54,9,0.5357142857142857,neutral
YIVVVFIR,36,18,7,2,54,9,0.5357142857142857,neutral
LVIGCCCY,34,20,5,4,54,9,0.5357142857142857,neutral
LSLDYRLL,31,23,2,7,54,9,0.5357142857142857,neutral
VLIGICLV,29,25,3,6,54,9,0.5357142857142857,neutral
FSFLFFGV,33,21,4,5,54,9,0.5357142857142857,neutral
CVICSGCL,34,20,4,5,54,9,0.5357142857142857,neutral
LDCFHFDV,82,69,24,30,151,54,0.5359116022099447,neutral
FYNVLDSG,54,41,13,15,95,28,0.536,neutral
VIFYRCCG,54,41,17,11,95,28,0.536,neutral
CDHNFDYL,55,40,5,23,95,28,0.536,neutral
CCCGRDGV,56,39,11,17,95,28,0.536,neutral
FVCLDIFR,56,39,11,17,95,28,0.536,neutral
GYLFRRYG,41,26,5,10,67,15,0.5360824742268041,neutral
VCYICDGD,42,25,9,6,67,15,0.5360824742268041,neutral
CFCCYINH,41,26,9,6,67,15,0.5360824742268041,neutral
FDFFYFCH,43,24,6,9,67,15,0.5360824742268041,neutral
VYVFVGFI,40,27,4,11,67,15,0.5360824742268041,neutral
DFFHYYGD,40,27,8,7,67,15,0.5360824742268041,neutral
CFYIGCLF,32,35,8,7,67,15,0.5360824742268041,neutral
VVVCYRHR,77,59,16,31,136,47,0.536144578313253,neutral
RNCYLLFF,26,13,2,0,39,2,0.5362318840579711,neutral
FICFFNCF,26,13,1,1,39,2,0.5362318840579711,neutral
YLYFCFIH,29,10,0,2,39,2,0.5362318840579711,neutral
CCHFHCNC,60,48,12,22,108,34,0.5362318840579711,neutral
YGVIYIVF,27,12,1,1,39,2,0.5362318840579711,neutral
VVFLYFCV,19,20,0,2,39,2,0.5362318840579711,neutral
FFCYVLFY,26,13,0,2,39,2,0.5362318840579711,neutral
IHFFVFLY,22,17,0,2,39,2,0.5362318840579711,neutral
IFIFCFCV,21,18,0,2,39,2,0.5362318840579711,neutral
FCVICCVI,22,17,1,1,39,2,0.5362318840579711,neutral
FVVCLCRR,24,15,1,1,39,2,0.5362318840579711,neutral
LNGGYCFR,63,45,16,18,108,34,0.5362318840579711,neutral
CSCRLHCI,60,48,10,24,108,34,0.5362318840579711,neutral
LFCVCIFF,20,19,0,2,39,2,0.5362318840579711,neutral
VFYIIFRV,25,14,0,2,39,2,0.5362318840579711,neutral
IIYCVLSR,28,11,0,2,39,2,0.5362318840579711,neutral
FFLILNHF,25,14,1,1,39,2,0.5362318840579711,neutral
FYFVRFGI,23,16,1,1,39,2,0.5362318840579711,neutral
ICVLRVYY,18,21,2,0,39,2,0.5362318840579711,neutral
LLYVVCCV,28,11,2,0,39,2,0.5362318840579711,neutral
FCVLFVFF,26,13,1,1,39,2,0.5362318840579711,neutral
FVGFVIRF,22,17,1,1,39,2,0.5362318840579711,neutral
YLHSNFHC,44,36,7,14,80,21,0.5363636363636364,neutral
FCYSGYGV,47,33,13,8,80,21,0.5363636363636364,neutral
RCYFVNFI,30,22,3,5,52,8,0.5365853658536586,neutral
IHSYYYNI,34,18,4,4,52,8,0.5365853658536586,neutral
RSVIVLYG,51,42,16,11,93,27,0.5365853658536586,neutral
LRCYVSIV,73,61,24,22,134,46,0.5365853658536586,neutral
LYVCYIVN,33,19,5,3,52,8,0.5365853658536586,neutral
FILGFCLF,31,21,4,4,52,8,0.5365853658536586,neutral
FCFLIIHF,35,17,5,3,52,8,0.5365853658536586,neutral
FCCICVCC,34,18,3,5,52,8,0.5365853658536586,neutral
HYFVLFFS,31,21,5,3,52,8,0.5365853658536586,neutral
CSFCGGCF,25,27,2,6,52,8,0.5365853658536586,neutral
FFCFIIVV,34,18,5,3,52,8,0.5365853658536586,neutral
CCFVFFFI,31,21,3,5,52,8,0.5365853658536586,neutral
DFCFFFIG,33,19,2,6,52,8,0.5365853658536586,neutral
HFHRHFGD,75,59,19,27,134,46,0.5365853658536586,neutral
CIDISIHF,33,19,5,3,52,8,0.5365853658536586,neutral
VCFYYFVC,31,21,5,3,52,8,0.5365853658536586,neutral
YCFFLCFY,33,19,3,5,52,8,0.5365853658536586,neutral
CFFIVYCL,33,19,4,4,52,8,0.5365853658536586,neutral
FCGCYYYF,31,21,4,4,52,8,0.5365853658536586,neutral
HVYGIHCG,56,37,10,17,93,27,0.5365853658536586,neutral
YYYFSFGN,76,71,25,27,147,52,0.536723163841808,neutral
FHDFRVNF,42,23,7,7,65,14,0.5368421052631579,neutral
FYFVCSRL,42,23,6,8,65,14,0.5368421052631579,neutral
GFCFVCFR,42,23,10,4,65,14,0.5368421052631579,neutral
FFVDIFRV,35,30,6,8,65,14,0.5368421052631579,neutral
CCRCFYGF,39,26,6,8,65,14,0.5368421052631579,neutral
VFFGIRFG,42,23,9,5,65,14,0.5368421052631579,neutral
GFSFSYNL,41,24,7,7,65,14,0.5368421052631579,neutral
LCCLCFHL,36,29,11,3,65,14,0.5368421052631579,neutral
YCDDLLDD,39,26,7,7,65,14,0.5368421052631579,neutral
FYFYYNYV,33,32,7,7,65,14,0.5368421052631579,neutral
VSCLYCGF,41,24,10,4,65,14,0.5368421052631579,neutral
ILCFHFGR,88,72,31,27,160,58,0.5368421052631579,neutral
IVYFSCRY,40,25,5,9,65,14,0.5368421052631579,neutral
FVFYGVCC,40,25,6,8,65,14,0.5368421052631579,neutral
FYFGCCSG,115,99,33,50,214,83,0.5368852459016393,neutral
FFCYVCDC,66,53,18,21,119,39,0.5369127516778524,neutral
LCGCGGFC,69,50,21,18,119,39,0.5369127516778524,neutral
GVYYVGFL,68,51,20,19,119,39,0.5369127516778524,neutral
FLGCHHNY,46,32,8,12,78,20,0.5370370370370371,neutral
FFDSFDRD,45,33,8,12,78,20,0.5370370370370371,neutral
HCGFYHVG,75,57,20,25,132,45,0.5370370370370371,neutral
YFDDLLSS,48,30,9,11,78,20,0.5370370370370371,neutral
FFSVHILG,43,35,7,13,78,20,0.5370370370370371,neutral
IDFNYGGV,46,32,9,11,78,20,0.5370370370370371,neutral
SYGFYGCV,44,34,10,10,78,20,0.5370370370370371,neutral
FDCGCFFC,43,35,10,10,78,20,0.5370370370370371,neutral
FFCVNLDD,46,32,10,10,78,20,0.5370370370370371,neutral
SHCCIFYC,101,85,27,43,186,70,0.5370370370370371,neutral
VSSCSDYY,48,43,14,12,91,26,0.5371900826446281,neutral
VHCVYIHC,55,36,13,13,91,26,0.5371900826446281,neutral
FIGFFVLF,54,37,14,12,91,26,0.5371900826446281,neutral
FDFCGDSL,88,70,26,31,158,57,0.5372340425531915,neutral
FFNFRFFI,20,17,1,0,37,1,0.5373134328358209,neutral
GFRLFFLF,25,12,0,1,37,1,0.5373134328358209,neutral
CFFLCFRF,22,15,1,0,37,1,0.5373134328358209,neutral
FFFLYIFY,19,18,0,1,37,1,0.5373134328358209,neutral
NIHFFCFV,22,15,0,1,37,1,0.5373134328358209,neutral
FYVCVRCY,21,16,0,1,37,1,0.5373134328358209,neutral
FFYCRIIV,28,9,1,0,37,1,0.5373134328358209,neutral
FLYFGVYF,28,9,1,0,37,1,0.5373134328358209,neutral
CFFLDCSF,61,43,17,15,104,32,0.5373134328358209,neutral
HVVYFFCN,19,18,0,1,37,1,0.5373134328358209,neutral
VFYVCFIV,22,15,0,1,37,1,0.5373134328358209,neutral
FFRIHFIC,27,10,1,0,37,1,0.5373134328358209,neutral
GVCLYYVF,20,17,0,1,37,1,0.5373134328358209,neutral
CFVVFRVV,23,14,1,0,37,1,0.5373134328358209,neutral
CCIVCFII,15,22,0,1,37,1,0.5373134328358209,neutral
FYLRVIGF,24,13,1,0,37,1,0.5373134328358209,neutral
FIVFIIVV,25,12,1,0,37,1,0.5373134328358209,neutral
HFIFIFYC,26,11,0,1,37,1,0.5373134328358209,neutral
FCLFCCVH,23,14,0,1,37,1,0.5373134328358209,neutral
VCFFFVIF,23,14,0,1,37,1,0.5373134328358209,neutral
CCNLFIIF,16,21,1,0,37,1,0.5373134328358209,neutral
VILSHSII,59,45,12,20,104,32,0.5373134328358209,neutral
CCLFIVCS,27,10,1,0,37,1,0.5373134328358209,neutral
FVFVFCFL,24,13,1,0,37,1,0.5373134328358209,neutral
IHDCYCGC,108,89,39,36,197,75,0.5374449339207048,neutral
YFLCYCFV,34,16,2,5,50,7,0.5375,neutral
SHRLCIFV,26,24,3,4,50,7,0.5375,neutral
FCYFVIDR,74,56,26,18,130,44,0.5375,neutral
CFCVCLFR,28,22,3,4,50,7,0.5375,neutral
VCDYRVHF,32,18,5,2,50,7,0.5375,neutral
IYHNILYY,72,58,18,26,130,44,0.5375,neutral
YCLFLCGF,32,18,4,3,50,7,0.5375,neutral
LVVICVCF,30,20,2,5,50,7,0.5375,neutral
DFYFVFYC,30,20,1,6,50,7,0.5375,neutral
FFLFIDRL,29,21,4,3,50,7,0.5375,neutral
CLVVVCLV,34,16,2,5,50,7,0.5375,neutral
FFFCFCDG,34,16,3,4,50,7,0.5375,neutral
FGFYFYGY,31,19,6,1,50,7,0.5375,neutral
IDFVCFCC,32,18,2,5,50,7,0.5375,neutral
VYCCYVRL,32,18,2,5,50,7,0.5375,neutral
CHCCFSCV,34,16,3,4,50,7,0.5375,neutral
VCFCRCSG,73,70,21,29,143,50,0.5375722543352601,neutral
CFHDNYGL,38,25,5,8,63,13,0.5376344086021505,neutral
VVIVIIGC,33,30,5,8,63,13,0.5376344086021505,neutral
FCCCNFVC,37,26,8,5,63,13,0.5376344086021505,neutral
FFHRSVYL,36,27,6,7,63,13,0.5376344086021505,neutral
CYCSYSCI,37,26,4,9,63,13,0.5376344086021505,neutral
YFRYNSNF,39,24,8,5,63,13,0.5376344086021505,neutral
LCCFLCHV,38,25,3,10,63,13,0.5376344086021505,neutral
FFHFVRFS,45,31,9,10,76,19,0.5377358490566038,neutral
FLNYYIFG,44,32,9,10,76,19,0.5377358490566038,neutral
FCCCHGVC,46,30,9,10,76,19,0.5377358490566038,neutral
DYRCYYGH,47,29,9,10,76,19,0.5377358490566038,neutral
VHLFVFYD,43,33,7,12,76,19,0.5377358490566038,neutral
VVCCCFFG,54,35,10,15,89,25,0.5378151260504201,neutral
FSVYCDCC,53,36,12,13,89,25,0.5378151260504201,neutral
IGLGYSYD,54,35,12,13,89,25,0.5378151260504201,neutral
LCSFVDGV,54,35,14,11,89,25,0.5378151260504201,neutral
YYVVSGNF,58,44,15,16,102,31,0.5378787878787878,neutral
VVFVYCCI,60,42,14,17,102,31,0.5378787878787878,neutral
YLHYGFVF,73,55,22,21,128,43,0.5379746835443038,neutral
CCYNVFDL,72,56,22,21,128,43,0.5379746835443038,neutral
FRYLCSSV,72,56,21,22,128,43,0.5379746835443038,neutral
YICVYGHF,73,55,17,26,128,43,0.5379746835443038,neutral
FGNFDFLY,77,64,27,22,141,49,0.5380116959064327,neutral
YFRYGVCL,99,81,34,33,180,67,0.5380952380952381,neutral
CYYRIIFF,15,20,0,0,35,0,0.5384615384615384,neutral
CIIYHFCY,29,19,3,3,48,6,0.5384615384615384,neutral
IIDYHNYI,78,61,21,27,139,48,0.5384615384615384,neutral
FRCRYGCF,30,18,2,4,48,6,0.5384615384615384,neutral
IFCFLLIV,23,12,0,0,35,0,0.5384615384615384,neutral
YDDYNGSF,28,20,3,3,48,6,0.5384615384615384,neutral
FLFGVILL,28,20,1,5,48,6,0.5384615384615384,neutral
YIIVCYNC,18,17,0,0,35,0,0.5384615384615384,neutral
CVCCVCFY,31,17,2,4,48,6,0.5384615384615384,neutral
FFFRCLCL,20,15,0,0,35,0,0.5384615384615384,neutral
SYRCFLFD,40,21,6,6,61,12,0.5384615384615384,neutral
FIFLCFSC,32,16,2,4,48,6,0.5384615384615384,neutral
HVVFSVHF,23,25,2,4,48,6,0.5384615384615384,neutral
HNCCCCNL,28,20,3,3,48,6,0.5384615384615384,neutral
FCVRVNFR,39,22,8,4,61,12,0.5384615384615384,neutral
LFFCFYYD,31,17,2,4,48,6,0.5384615384615384,neutral
IFLVVCHV,34,27,5,7,61,12,0.5384615384615384,neutral
IFGILYCS,49,38,14,10,87,24,0.5384615384615384,neutral
LCCFYGFL,28,20,5,1,48,6,0.5384615384615384,neutral
ILCVCYFC,28,20,2,4,48,6,0.5384615384615384,neutral
LCLVLCSC,27,21,1,5,48,6,0.5384615384615384,neutral
FYCRDVCF,61,52,16,20,113,36,0.5384615384615384,neutral
FLCLIIRD,40,21,7,5,61,12,0.5384615384615384,neutral
VFLYVVCF,31,17,2,4,48,6,0.5384615384615384,neutral
VCLFFCRF,23,12,0,0,35,0,0.5384615384615384,neutral
YVYIGLCC,38,23,6,6,61,12,0.5384615384615384,neutral
FVRCFFNI,38,23,7,5,61,12,0.5384615384615384,neutral
FCSLCRSF,65,48,24,12,113,36,0.5384615384615384,neutral
CCFDYICI,33,15,2,4,48,6,0.5384615384615384,neutral
FCFCGIVV,54,46,10,20,100,30,0.5384615384615384,neutral
CFYLSCHF,32,16,3,3,48,6,0.5384615384615384,neutral
CCHCYSSR,51,36,11,13,87,24,0.5384615384615384,neutral
YNLCFSFG,30,18,2,4,48,6,0.5384615384615384,neutral
VFSFCLRF,25,10,0,0,35,0,0.5384615384615384,neutral
CHLRYGLF,27,21,4,2,48,6,0.5384615384615384,neutral
SCFCFIVY,27,21,5,1,48,6,0.5384615384615384,neutral
FICVYSCY,30,18,4,2,48,6,0.5384615384615384,neutral
FFICYFRF,27,8,0,0,35,0,0.5384615384615384,neutral
GYCCGGCL,44,30,9,9,74,18,0.5384615384615384,neutral
NNYCILIY,39,22,6,6,61,12,0.5384615384615384,neutral
CVFCSFYS,30,18,5,1,48,6,0.5384615384615384,neutral
HLCFVVGV,109,95,42,36,204,78,0.5384615384615384,neutral
FCCHFLCG,38,23,8,4,61,12,0.5384615384615384,neutral
FSHYFFIR,39,35,11,7,74,18,0.5384615384615384,neutral
GLVVYRIG,32,16,2,4,48,6,0.5384615384615384,neutral
YIFCVFCH,32,16,2,4,48,6,0.5384615384615384,neutral
YCYFFDIR,44,30,11,7,74,18,0.5384615384615384,neutral
RGVCILVL,33,15,2,4,48,6,0.5384615384615384,neutral
FIFFRRSV,45,42,7,17,87,24,0.5384615384615384,neutral
IHYCCVCF,43,31,12,6,74,18,0.5384615384615384,neutral
FCDFCRFL,26,22,2,4,48,6,0.5384615384615384,neutral
CYCFSCNV,39,22,3,9,61,12,0.5384615384615384,neutral
CCGLCYCG,29,19,2,4,48,6,0.5384615384615384,neutral
ICVCVVNI,36,25,8,4,61,12,0.5384615384615384,neutral
NICCCSGY,37,24,6,6,61,12,0.5384615384615384,neutral
VCVDCVDF,115,100,42,41,215,83,0.5387755102040817,neutral
VIIFHGIH,57,41,11,18,98,29,0.5390625,neutral
HDFVRDFC,57,41,20,9,98,29,0.5390625,neutral
FHVVYDLD,58,40,17,12,98,29,0.5390625,neutral
VCCVCHIR,57,41,10,19,98,29,0.5390625,neutral
IFDILNNV,57,41,12,17,98,29,0.5390625,neutral
LHGSFCFR,58,40,14,15,98,29,0.5390625,neutral
FGFVLVYV,46,39,11,12,85,23,0.5391304347826087,neutral
SYVVRHIF,48,37,12,11,85,23,0.5391304347826087,neutral
CLSCSFCH,49,36,12,11,85,23,0.5391304347826087,neutral
YFLRCFGC,52,33,10,13,85,23,0.5391304347826087,neutral
VVCRVGVG,50,35,9,14,85,23,0.5391304347826087,neutral
IHVYCVVS,45,40,14,9,85,23,0.5391304347826087,neutral
FSLSHCIG,52,33,9,14,85,23,0.5391304347826087,neutral
CCGICCIN,44,28,12,5,72,17,0.5392156862745098,neutral
CFFGCCVR,40,32,11,6,72,17,0.5392156862745098,neutral
CFVFVSHS,45,27,5,12,72,17,0.5392156862745098,neutral
VFCCSLFV,39,33,6,11,72,17,0.5392156862745098,neutral
FHIDHFFR,45,27,7,10,72,17,0.5392156862745098,neutral
LHFSVCVL,39,33,8,9,72,17,0.5392156862745098,neutral
IVLLISLD,44,28,8,9,72,17,0.5392156862745098,neutral
FIFYIVFH,35,24,3,8,59,11,0.5393258426966292,neutral
VIHSIVSY,82,66,25,27,148,52,0.5393258426966292,neutral
CIRVIIGH,31,28,2,9,59,11,0.5393258426966292,neutral
LFCFCYIN,36,23,5,6,59,11,0.5393258426966292,neutral
FLICVCRV,34,25,6,5,59,11,0.5393258426966292,neutral
FFYCCFGC,39,20,5,6,59,11,0.5393258426966292,neutral
CCHYIIHI,36,23,5,6,59,11,0.5393258426966292,neutral
YFVRLCSF,36,23,7,4,59,11,0.5393258426966292,neutral
CCCVRYHY,33,26,9,2,59,11,0.5393258426966292,neutral
IVLCVIRS,33,26,6,5,59,11,0.5393258426966292,neutral
FSCCRLYF,39,20,6,5,59,11,0.5393258426966292,neutral
HNCCVYCY,34,25,6,5,59,11,0.5393258426966292,neutral
VLCIVVSN,32,27,2,9,59,11,0.5393258426966292,neutral
YFHFFCVG,35,24,8,3,59,11,0.5393258426966292,neutral
SYGIFYIR,36,23,7,4,59,11,0.5393258426966292,neutral
RFGVIFLR,39,20,4,7,59,11,0.5393258426966292,neutral
FVFFCFCD,39,20,7,4,59,11,0.5393258426966292,neutral
FSILVFNF,33,26,7,4,59,11,0.5393258426966292,neutral
GCLCYVVI,39,20,4,7,59,11,0.5393258426966292,neutral
FFCICCFL,31,15,3,2,46,5,0.5394736842105263,neutral
ICLHIVID,23,23,2,3,46,5,0.5394736842105263,neutral
HCHIVLRL,30,16,3,2,46,5,0.5394736842105263,neutral
FFLFCFHH,24,22,4,1,46,5,0.5394736842105263,neutral
RRFIVVRL,32,14,1,4,46,5,0.5394736842105263,neutral
YCFFYYCV,26,20,2,3,46,5,0.5394736842105263,neutral
FFGFFVCI,25,21,1,4,46,5,0.5394736842105263,neutral
RVYFFIGV,30,16,4,1,46,5,0.5394736842105263,neutral
FLYFCYYL,29,17,1,4,46,5,0.5394736842105263,neutral
FFFYGYGL,29,17,2,3,46,5,0.5394736842105263,neutral
VCVLVCGF,29,17,2,3,46,5,0.5394736842105263,neutral
VCFYVVRY,30,16,3,2,46,5,0.5394736842105263,neutral
LILVVFSL,28,18,2,3,46,5,0.5394736842105263,neutral
FFCFCVYV,30,16,1,4,46,5,0.5394736842105263,neutral
CCVFGFLG,29,17,3,2,46,5,0.5394736842105263,neutral
ICCCGLCY,66,56,19,21,122,40,0.5394736842105263,neutral
FFFSVRYV,28,18,1,4,46,5,0.5394736842105263,neutral
FGCFRCVC,26,20,1,4,46,5,0.5394736842105263,neutral
INYLFCFC,22,24,1,4,46,5,0.5394736842105263,neutral
CCFRCFCF,23,23,5,0,46,5,0.5394736842105263,neutral
VFFHCHLY,32,14,3,2,46,5,0.5394736842105263,neutral
FFCCRCCC,26,20,2,3,46,5,0.5394736842105263,neutral
HILFLLRG,29,17,2,3,46,5,0.5394736842105263,neutral
FIVVYHVN,26,20,4,1,46,5,0.5394736842105263,neutral
VHCLYIRY,32,14,2,3,46,5,0.5394736842105263,neutral
RYFLCDGR,102,83,31,38,185,69,0.5395348837209303,neutral
VDDCRCGF,64,45,17,17,109,34,0.539568345323741,neutral
YFCIFVSN,56,40,10,18,96,28,0.5396825396825397,neutral
SYHSVILF,49,47,13,15,96,28,0.5396825396825397,neutral
FNSCSSVF,46,37,13,9,83,22,0.5398230088495575,neutral
FNFSYFRH,48,35,9,13,83,22,0.5398230088495575,neutral
FRCFLYNV,46,37,9,13,83,22,0.5398230088495575,neutral
IFNDVCGV,75,58,26,19,133,45,0.5398773006134969,neutral
FSCVNCFF,73,60,23,22,133,45,0.5398773006134969,neutral
FLIYFHHF,42,28,5,11,70,16,0.54,neutral
FRCGCFFC,42,28,7,9,70,16,0.54,neutral
NVLCVFYG,37,33,10,6,70,16,0.54,neutral
LFIRCCVC,43,27,5,11,70,16,0.54,neutral
FRSFVDHF,40,30,4,12,70,16,0.54,neutral
CCNYSFRL,43,27,5,11,70,16,0.54,neutral
VYDVIFCY,44,26,8,8,70,16,0.54,neutral
CVSYRCFF,40,30,8,8,70,16,0.54,neutral
VRGIYYYD,41,29,8,8,70,16,0.54,neutral
SHIVCFLS,88,69,25,31,157,56,0.5401069518716578,neutral
FFRHFVYD,61,46,12,21,107,33,0.5401459854014599,neutral
FFCIFSLG,58,49,14,19,107,33,0.5401459854014599,neutral
FCCFSCGL,33,24,4,6,57,10,0.5402298850574713,neutral
FVVFCSVR,34,23,7,3,57,10,0.5402298850574713,neutral
VHCCCGSL,37,20,6,4,57,10,0.5402298850574713,neutral
VCIYVCCF,38,19,7,3,57,10,0.5402298850574713,neutral
FRVRLLCI,31,26,8,2,57,10,0.5402298850574713,neutral
VYFNYNNY,38,19,4,6,57,10,0.5402298850574713,neutral
CFCYFFGC,33,24,4,6,57,10,0.5402298850574713,neutral
CHCLYFGF,30,27,5,5,57,10,0.5402298850574713,neutral
CFDCFCID,36,21,4,6,57,10,0.5402298850574713,neutral
LNNFCFGS,53,41,12,15,94,27,0.5403225806451613,neutral
DCFFLFFR,54,40,12,15,94,27,0.5403225806451613,neutral
FCVFCGGC,55,39,11,16,94,27,0.5403225806451613,neutral
DVDVNGYY,56,38,15,12,94,27,0.5403225806451613,neutral
FCFYVIDY,55,39,9,18,94,27,0.5403225806451613,neutral
DFFFSCCF,54,40,12,15,94,27,0.5403225806451613,neutral
YIGCDCYY,74,57,20,24,131,44,0.5403726708074534,neutral
FFVFICSS,27,17,2,2,44,4,0.5405405405405406,neutral
IIHVCCFY,29,15,2,2,44,4,0.5405405405405406,neutral
CYVDYCHG,48,33,7,14,81,21,0.5405405405405406,neutral
FCVNCCYY,31,13,1,3,44,4,0.5405405405405406,neutral
LFFFCHRR,26,18,3,1,44,4,0.5405405405405406,neutral
VIFLRCIL,24,20,2,2,44,4,0.5405405405405406,neutral
VLYSYLFI,26,18,2,2,44,4,0.5405405405405406,neutral
FIRCIISL,24,20,2,2,44,4,0.5405405405405406,neutral
CVCGFILD,26,18,0,4,44,4,0.5405405405405406,neutral
FFYFICLN,28,16,2,2,44,4,0.5405405405405406,neutral
VFCFCVIC,25,19,0,4,44,4,0.5405405405405406,neutral
CCRLCFYC,28,16,1,3,44,4,0.5405405405405406,neutral
FNIDCGHY,50,31,5,16,81,21,0.5405405405405406,neutral
CILFFFNC,26,18,3,1,44,4,0.5405405405405406,neutral
CYVVGNRY,48,33,7,14,81,21,0.5405405405405406,neutral
FFYLICFV,28,16,2,2,44,4,0.5405405405405406,neutral
FSCCCYYN,28,16,1,3,44,4,0.5405405405405406,neutral
FVCVVFCY,23,21,2,2,44,4,0.5405405405405406,neutral
IFFGYCCC,25,19,2,2,44,4,0.5405405405405406,neutral
GCCCRLCG,25,19,1,3,44,4,0.5405405405405406,neutral
LLVFYCCC,22,22,3,1,44,4,0.5405405405405406,neutral
FFLCIFLF,25,19,3,1,44,4,0.5405405405405406,neutral
ICIFCFLL,31,13,2,2,44,4,0.5405405405405406,neutral
LFVFFDGC,48,33,12,9,81,21,0.5405405405405406,neutral
FVRFCLCC,25,19,1,3,44,4,0.5405405405405406,neutral
CIFCGCCY,27,17,1,3,44,4,0.5405405405405406,neutral
CCFCGICY,25,19,3,1,44,4,0.5405405405405406,neutral
FISGIYGD,49,32,11,10,81,21,0.5405405405405406,neutral
ILVSICRI,29,15,1,3,44,4,0.5405405405405406,neutral
YVCFFVHG,28,16,2,2,44,4,0.5405405405405406,neutral
FCFVIIRC,27,17,1,3,44,4,0.5405405405405406,neutral
RIFGNNNI,60,45,15,17,105,32,0.5407407407407407,neutral
GFLHVFDV,55,50,16,16,105,32,0.5407407407407407,neutral
LDFCVFFN,62,43,13,19,105,32,0.5407407407407407,neutral
FDYIYYDC,57,48,17,15,105,32,0.5407407407407407,neutral
FSLCYICH,35,33,6,9,68,15,0.5408163265306123,neutral
GDVCCDFI,41,27,2,13,68,15,0.5408163265306123,neutral
VFFCSYCC,37,31,8,7,68,15,0.5408163265306123,neutral
YCFYRGNY,43,25,8,7,68,15,0.5408163265306123,neutral
LGVVLGIF,38,30,7,8,68,15,0.5408163265306123,neutral
FCCHGICC,42,26,7,8,68,15,0.5408163265306123,neutral
FVIVFVHH,43,25,9,6,68,15,0.5408163265306123,neutral
LSCVLCVC,41,27,4,11,68,15,0.5408163265306123,neutral
VFIFSHVR,42,26,8,7,68,15,0.5408163265306123,neutral
VFSGCYSG,116,98,42,40,214,82,0.5409836065573771,neutral
VCNIVLCV,54,38,8,18,92,26,0.5409836065573771,neutral
VVIVSCNL,84,69,28,26,153,54,0.5409836065573771,neutral
GDVISCYL,64,52,14,23,116,37,0.541095890410959,neutral
YFRYLFLH,64,52,14,23,116,37,0.541095890410959,neutral
IRDFDCFF,56,60,16,21,116,37,0.541095890410959,neutral
VCYYVHRH,31,24,4,5,55,9,0.5411764705882353,neutral
NYVYLVIC,37,18,6,3,55,9,0.5411764705882353,neutral
FVCVLLCD,28,27,1,8,55,9,0.5411764705882353,neutral
SYCCVLFF,34,21,4,5,55,9,0.5411764705882353,neutral
SVLDFFIF,29,26,7,2,55,9,0.5411764705882353,neutral
FFNFHYIL,34,21,5,4,55,9,0.5411764705882353,neutral
HFSCLFYV,35,20,3,6,55,9,0.5411764705882353,neutral
YCFCLCCC,35,20,4,5,55,9,0.5411764705882353,neutral
GCYCCFCV,33,22,1,8,55,9,0.5411764705882353,neutral
SFCCFRCY,37,18,3,6,55,9,0.5411764705882353,neutral
CFRCSHFV,35,20,3,6,55,9,0.5411764705882353,neutral
FDLFCILL,27,28,7,2,55,9,0.5411764705882353,neutral
YCFCIRCC,36,19,6,3,55,9,0.5411764705882353,neutral
SFCLYCFC,34,21,4,5,55,9,0.5411764705882353,neutral
YSLCFVVG,29,26,5,4,55,9,0.5411764705882353,neutral
INICVYFF,34,21,4,5,55,9,0.5411764705882353,neutral
FYYNILFR,33,22,2,7,55,9,0.5411764705882353,neutral
CHYLILNV,37,18,6,3,55,9,0.5411764705882353,neutral
YGLLCSHR,49,30,12,8,79,20,0.5412844036697247,neutral
SHLFGFVF,46,33,9,11,79,20,0.5412844036697247,neutral
YFFCLCFD,48,31,7,13,79,20,0.5412844036697247,neutral
YHYCCDCL,41,38,10,10,79,20,0.5412844036697247,neutral
IVFNFRYY,46,33,9,11,79,20,0.5412844036697247,neutral
CLLFFIGC,46,33,9,11,79,20,0.5412844036697247,neutral
VNLHRYFV,56,47,15,16,103,31,0.5413533834586466,neutral
VCYYCCCC,71,56,26,16,127,42,0.5414012738853503,neutral
VSHFCYGF,71,56,18,24,127,42,0.5414012738853503,neutral
CFYFHVGI,72,55,20,22,127,42,0.5414012738853503,neutral
HFLICVNN,73,54,16,26,127,42,0.5414012738853503,neutral
FVCCIIIC,30,12,2,1,42,3,0.5416666666666666,neutral
VIYFFIFH,26,16,0,3,42,3,0.5416666666666666,neutral
CFYFGYIF,27,15,1,2,42,3,0.5416666666666666,neutral
CFGCLFLC,39,27,8,6,66,14,0.5416666666666666,neutral
CCCGFDRG,74,64,17,30,138,47,0.5416666666666666,neutral
FCCGDFCG,65,49,16,20,114,36,0.5416666666666666,neutral
CVYYIRGS,41,25,9,5,66,14,0.5416666666666666,neutral
YYGLCFVY,25,17,0,3,42,3,0.5416666666666666,neutral
CYVSSDLY,59,55,15,21,114,36,0.5416666666666666,neutral
VHFCILGI,53,37,12,13,90,25,0.5416666666666666,neutral
FCFCVIFF,28,14,1,2,42,3,0.5416666666666666,neutral
FSYFLSYI,65,49,18,18,114,36,0.5416666666666666,neutral
LGCRCVCL,65,49,19,17,114,36,0.5416666666666666,neutral
FFFLHIIC,27,15,1,2,42,3,0.5416666666666666,neutral
FLVCCLDY,49,41,12,13,90,25,0.5416666666666666,neutral
CYNFFLYF,39,27,8,6,66,14,0.5416666666666666,neutral
RVVIFGCL,33,33,4,10,66,14,0.5416666666666666,neutral
VSCLLLFF,22,20,1,2,42,3,0.5416666666666666,neutral
LFFFHFCI,29,13,1,2,42,3,0.5416666666666666,neutral
FYCYHSNH,42,24,7,7,66,14,0.5416666666666666,neutral
RFNVICFG,48,42,9,16,90,25,0.5416666666666666,neutral
FYLIFYHS,29,13,2,1,42,3,0.5416666666666666,neutral
CFYFVCVC,29,13,1,2,42,3,0.5416666666666666,neutral
FCLNHHDF,42,24,11,3,66,14,0.5416666666666666,neutral
FFYFCVFI,26,16,1,2,42,3,0.5416666666666666,neutral
FYFFHISN,41,25,2,12,66,14,0.5416666666666666,neutral
LCCRFVIR,50,40,11,14,90,25,0.5416666666666666,neutral
LYILVIHC,24,18,3,0,42,3,0.5416666666666666,neutral
FFCLCVCF,27,15,1,2,42,3,0.5416666666666666,neutral
CCVRCCLI,41,25,7,7,66,14,0.5416666666666666,neutral
SGYGYCRY,37,29,8,6,66,14,0.5416666666666666,neutral
YVISVFCI,24,18,2,1,42,3,0.5416666666666666,neutral
LCYFFVIF,23,19,2,1,42,3,0.5416666666666666,neutral
NLRVYFYY,21,21,1,2,42,3,0.5416666666666666,neutral
NIRYFFVF,25,17,2,1,42,3,0.5416666666666666,neutral
FLVRVVFG,28,14,3,0,42,3,0.5416666666666666,neutral
CFFFCSLS,48,29,8,11,77,19,0.5420560747663551,neutral
FLCSYCRC,48,29,6,13,77,19,0.5420560747663551,neutral
VYCNCCLD,44,33,9,10,77,19,0.5420560747663551,neutral
HLHYHGLF,45,32,11,8,77,19,0.5420560747663551,neutral
LFFVCFRG,32,21,2,6,53,8,0.54216867469879515,neutral
CLFVVYYF,34,19,5,3,53,8,0.54216867469879515,neutral
SCVFVIFG,35,18,3,5,53,8,0.54216867469879515,neutral
CHFLVVCF,35,18,5,3,53,8,0.54216867469879515,neutral
CYVVVRHV,32,21,2,6,53,8,0.54216867469879515,neutral
YSNFGRIF,33,20,6,2,53,8,0.54216867469879515,neutral
CFCCCCFF,35,18,5,3,53,8,0.54216867469879515,neutral
FVLFLRYL,34,19,5,3,53,8,0.54216867469879515,neutral
CGVLSFHF,28,25,7,1,53,8,0.54216867469879515,neutral
FYVIGFIC,32,21,3,5,53,8,0.54216867469879515,neutral
YYHSGLGY,33,20,5,3,53,8,0.54216867469879515,neutral
CFFFVHVF,31,22,4,4,53,8,0.54216867469879515,neutral
FHYGFIVV,28,25,4,4,53,8,0.54216867469879515,neutral
VLLLHCHF,36,17,5,3,53,8,0.54216867469879515,neutral
LDVYICVR,30,23,4,4,53,8,0.54216867469879515,neutral
FYILYLYG,31,22,2,6,53,8,0.54216867469879515,neutral
CCLHFFCD,60,52,13,22,112,35,0.5422535211267606,neutral
LDLDVSDF,51,37,14,10,88,24,0.5423728813559322,neutral
ICFGFRFR,53,35,12,12,88,24,0.5423728813559322,neutral
DFNGFVHL,53,35,13,11,88,24,0.5423728813559322,neutral
YFVNDNHF,52,36,14,10,88,24,0.5423728813559322,neutral
CVDLRYHC,48,40,10,14,88,24,0.5423728813559322,neutral
VLVYYNDG,68,55,17,23,123,40,0.5424836601307189,neutral
DCCCIICV,41,23,5,8,64,13,0.5425531914893617,neutral
CYCYCDFL,39,25,4,9,64,13,0.5425531914893617,neutral
CIGYGGGF,41,23,5,8,64,13,0.5425531914893617,neutral
IFFCFIGI,39,25,9,4,64,13,0.5425531914893617,neutral
FFFVVVSC,32,32,7,6,64,13,0.5425531914893617,neutral
CVFGYFFI,35,29,8,5,64,13,0.5425531914893617,neutral
GVFCYVFG,37,27,3,10,64,13,0.5425531914893617,neutral
FFCHYSFL,38,26,9,4,64,13,0.5425531914893617,neutral
FFDLCYFY,35,29,7,6,64,13,0.5425531914893617,neutral
FCCCFFCD,40,24,8,5,64,13,0.5425531914893617,neutral
CVNLLILC,41,23,7,6,64,13,0.5425531914893617,neutral
VCVILLNI,39,25,7,6,64,13,0.5425531914893617,neutral
FCYFSYGL,40,24,6,7,64,13,0.5425531914893617,neutral
FDFSVDYY,37,27,5,8,64,13,0.5425531914893617,neutral
CVVINIGL,38,26,9,4,64,13,0.5425531914893617,neutral
CSCYCYFN,55,44,16,13,99,29,0.5426356589147286,neutral
SVYVFDND,56,43,13,16,99,29,0.5426356589147286,neutral
LCICVVHV,23,17,0,2,40,2,0.5428571428571428,neutral
YFLYLCVF,26,14,0,2,40,2,0.5428571428571428,neutral
FCFCCYVR,21,19,1,1,40,2,0.5428571428571428,neutral
IYFFFYIY,24,16,0,2,40,2,0.5428571428571428,neutral
FFLIYLLV,28,12,1,1,40,2,0.5428571428571428,neutral
FNCCIYHC,55,55,22,12,110,34,0.5428571428571428,neutral
CFSYFFIL,23,17,0,2,40,2,0.5428571428571428,neutral
FLLLVGCC,42,33,8,10,75,18,0.5428571428571428,neutral
FLIIDIFV,25,15,1,1,40,2,0.5428571428571428,neutral
FGFVCLFI,26,14,2,0,40,2,0.5428571428571428,neutral
FFYVCFVC,29,11,1,1,40,2,0.5428571428571428,neutral
IFVCVLLF,27,13,1,1,40,2,0.5428571428571428,neutral
FCRCCCFF,43,32,7,11,75,18,0.5428571428571428,neutral
VFGVYNIL,44,31,6,12,75,18,0.5428571428571428,neutral
RRRIIIFC,24,16,1,1,40,2,0.5428571428571428,neutral
CRFYCLFI,24,16,0,2,40,2,0.5428571428571428,neutral
FVHVCCIY,22,18,1,1,40,2,0.5428571428571428,neutral
FFFFYCSF,29,11,1,1,40,2,0.5428571428571428,neutral
FFLYIYVC,24,16,1,1,40,2,0.5428571428571428,neutral
GSFYCVHY,47,28,7,11,75,18,0.5428571428571428,neutral
FSVRCCIC,46,29,5,13,75,18,0.5428571428571428,neutral
YNLYVYYY,24,16,2,0,40,2,0.5428571428571428,neutral
IIFVCCLG,23,17,0,2,40,2,0.5428571428571428,neutral
NFRYCFIF,23,17,1,1,40,2,0.5428571428571428,neutral
CVFFRCLR,29,11,2,0,40,2,0.5428571428571428,neutral
FCCFFHLV,27,13,0,2,40,2,0.5428571428571428,neutral
YFLVHCFL,45,30,6,12,75,18,0.5428571428571428,neutral
YFFIYIFV,22,18,2,0,40,2,0.5428571428571428,neutral
VIFYLRLC,42,33,6,12,75,18,0.5428571428571428,neutral
IGFILYDL,58,52,19,15,110,34,0.5428571428571428,neutral
FLIVFHCC,20,20,2,0,40,2,0.5428571428571428,neutral
LVCILSHL,42,33,8,10,75,18,0.5428571428571428,neutral
GCCRIFVC,45,30,10,8,75,18,0.5428571428571428,neutral
LFFGFGLC,80,65,19,31,145,50,0.5428571428571428,neutral
YYYCIVSC,25,15,1,1,40,2,0.5428571428571428,neutral
YVYIFCHV,20,20,1,1,40,2,0.5428571428571428,neutral
YIVILFRG,26,14,1,1,40,2,0.5428571428571428,neutral
VFCVFDNS,45,30,7,11,75,18,0.5428571428571428,neutral
YDCNDVFF,42,33,9,9,75,18,0.5428571428571428,neutral
LCHIYVCF,21,19,0,2,40,2,0.5428571428571428,neutral
SVHFSYCG,52,34,9,14,86,23,0.5431034482758621,neutral
GDYSGIIC,51,35,6,17,86,23,0.5431034482758621,neutral
LCIIRGYY,49,37,14,9,86,23,0.5431034482758621,neutral
CICFLCGG,47,39,9,14,86,23,0.5431034482758621,neutral
IFVFLIIH,33,18,5,2,51,7,0.5432098765432098,neutral
GYSNVYDC,29,22,5,2,51,7,0.5432098765432098,neutral
FVFYGVCF,35,16,3,4,51,7,0.5432098765432098,neutral
LCCFLFCV,34,17,4,3,51,7,0.5432098765432098,neutral
VSVVFFYC,29,22,4,3,51,7,0.5432098765432098,neutral
NFVVIVFV,32,19,5,2,51,7,0.5432098765432098,neutral
CYLYVGVC,27,24,2,5,51,7,0.5432098765432098,neutral
VNFYLFSI,29,22,2,5,51,7,0.5432098765432098,neutral
CFICNILV,35,16,4,3,51,7,0.5432098765432098,neutral
YCFYFISI,32,19,3,4,51,7,0.5432098765432098,neutral
CNGCFCLF,28,23,5,2,51,7,0.5432098765432098,neutral
FCYFVIYC,32,19,5,2,51,7,0.5432098765432098,neutral
SFIHCLFI,32,19,1,6,51,7,0.5432098765432098,neutral
FCCFLYFV,35,16,4,3,51,7,0.5432098765432098,neutral
RLLVFFLG,35,16,5,2,51,7,0.5432098765432098,neutral
FYGLYVLC,35,16,3,4,51,7,0.5432098765432098,neutral
CCFCCLYY,31,20,3,4,51,7,0.5432098765432098,neutral
FCYCFCGN,33,18,2,5,51,7,0.5432098765432098,neutral
YCCRCRSF,58,39,13,15,97,28,0.5433070866141733,neutral
FIHLGYRF,53,44,17,11,97,28,0.5433070866141733,neutral
CFGHCSCV,58,39,16,12,97,28,0.5433070866141733,neutral
RYYYVVDF,58,39,14,14,97,28,0.5433070866141733,neutral
GLFCGFRD,55,42,14,14,97,28,0.5433070866141733,neutral
CCCHIFGV,56,41,18,10,97,28,0.5433070866141733,neutral
NVDFCYDL,55,42,12,16,97,28,0.5433070866141733,neutral
IINDNFRF,40,22,3,9,62,12,0.5434782608695652,neutral
CCISCCLC,39,23,6,6,62,12,0.5434782608695652,neutral
FLCLHLVH,40,22,9,3,62,12,0.5434782608695652,neutral
FIFDRIGY,58,50,15,18,108,33,0.5434782608695652,neutral
GYYFVSFY,33,29,6,6,62,12,0.5434782608695652,neutral
CVYCCGIC,39,23,4,8,62,12,0.5434782608695652,neutral
VLCVCHRC,39,23,4,8,62,12,0.5434782608695652,neutral
FIHDGFVG,82,72,29,25,154,54,0.5434782608695652,neutral
CCFCCYYY,40,22,10,2,62,12,0.5434782608695652,neutral
YLICGFSS,112,99,46,34,211,80,0.5435684647302904,neutral
GDFCFFVY,67,52,21,17,119,38,0.5436241610738255,neutral
FSIICNDL,65,54,14,24,119,38,0.5436241610738255,neutral
FVCCYGLI,44,29,8,9,73,17,0.5436893203883495,neutral
LYSFNIRY,46,27,8,9,73,17,0.5436893203883495,neutral
YFCCGFSY,40,33,11,6,73,17,0.5436893203883495,neutral
ICCHCCGI,45,28,12,5,73,17,0.5436893203883495,neutral
SYFCCFVR,44,29,6,11,73,17,0.5436893203883495,neutral
CHYYCGGV,41,32,6,11,73,17,0.5436893203883495,neutral
CHRYIINY,42,31,8,9,73,17,0.5436893203883495,neutral
FCFYICFS,44,29,5,12,73,17,0.5436893203883495,neutral
YCVHGYIR,72,58,17,26,130,43,0.54375,neutral
CGHCCRHR,50,34,5,17,84,22,0.543859649122807,neutral
CLCSLYRY,79,62,22,26,141,48,0.543859649122807,neutral
ICVCGIHV,49,35,13,9,84,22,0.543859649122807,neutral
IYGSYCCD,47,37,10,12,84,22,0.543859649122807,neutral
GYYNIVSD,47,37,12,10,84,22,0.543859649122807,neutral
VFICYLVH,50,34,10,12,84,22,0.543859649122807,neutral
FYIVVYYD,79,62,19,29,141,48,0.543859649122807,neutral
FCLCGVIC,50,34,12,10,84,22,0.543859649122807,neutral
IICYCSSV,47,37,11,11,84,22,0.543859649122807,neutral
IDVYRYFN,57,38,12,15,95,27,0.544,neutral
FHFIDCRR,51,44,13,14,95,27,0.544,neutral
YGCYFIFR,56,39,10,17,95,27,0.544,neutral
CYFVFCSS,55,40,17,10,95,27,0.544,neutral
YNSCCCVF,54,41,12,15,95,27,0.544,neutral
LCCYCFLF,22,16,1,0,38,1,0.5441176470588235,neutral
FFFVVCIG,26,12,0,1,38,1,0.5441176470588235,neutral
FLRGLLRY,23,15,1,0,38,1,0.5441176470588235,neutral
VGLICICC,25,13,0,1,38,1,0.5441176470588235,neutral
RVFVIVCC,22,16,1,0,38,1,0.5441176470588235,neutral
RCFVLIRF,26,12,1,0,38,1,0.5441176470588235,neutral
FFLLNLVI,24,14,0,1,38,1,0.5441176470588235,neutral
FHFLHFLI,23,15,1,0,38,1,0.5441176470588235,neutral
FIVLCCFY,20,18,0,1,38,1,0.5441176470588235,neutral
SFVGCIRY,60,46,14,18,106,32,0.5441176470588235,neutral
YCVGCGVF,61,45,12,20,106,32,0.5441176470588235,neutral
CCLLCSCC,25,13,1,0,38,1,0.5441176470588235,neutral
SVINFGYF,59,47,18,14,106,32,0.5441176470588235,neutral
HLYVFIRC,21,17,1,0,38,1,0.5441176470588235,neutral
FFCCHFYF,26,12,1,0,38,1,0.5441176470588235,neutral
FYFFVVLC,27,11,1,0,38,1,0.5441176470588235,neutral
SCCFLVVI,20,18,0,1,38,1,0.5441176470588235,neutral
FIFCFGCC,24,14,1,0,38,1,0.5441176470588235,neutral
HVFFCFHF,21,17,0,1,38,1,0.5441176470588235,neutral
LFFFSFRF,28,10,0,1,38,1,0.5441176470588235,neutral
YFFCFFRV,20,18,1,0,38,1,0.5441176470588235,neutral
FFLHFICG,21,17,1,0,38,1,0.5441176470588235,neutral
FVHINCGY,62,44,15,17,106,32,0.5441176470588235,neutral
CYFHCVFL,26,12,0,1,38,1,0.5441176470588235,neutral
VFYCCLFI,27,11,0,1,38,1,0.5441176470588235,neutral
VFVFLSLY,31,18,2,4,49,6,0.5443037974683544,neutral
ICVILCIG,34,15,3,3,49,6,0.5443037974683544,neutral
RFIIVFVV,31,18,1,5,49,6,0.5443037974683544,neutral
YLRFCCCC,31,18,4,2,49,6,0.5443037974683544,neutral
FFIYVVFV,28,21,2,4,49,6,0.5443037974683544,neutral
CCVCLYLV,33,16,4,2,49,6,0.5443037974683544,neutral
CYFCFISR,28,21,3,3,49,6,0.5443037974683544,neutral
FFFCCVGY,33,16,3,3,49,6,0.5443037974683544,neutral
SCIFCLFL,27,22,4,2,49,6,0.5443037974683544,neutral
FFICCCCN,24,25,3,3,49,6,0.5443037974683544,neutral
NCFVYLCY,30,19,4,2,49,6,0.5443037974683544,neutral
FFFIVYLL,31,18,1,5,49,6,0.5443037974683544,neutral
LYCLYIRR,32,17,5,1,49,6,0.5443037974683544,neutral
LVLFCCCV,32,17,3,3,49,6,0.5443037974683544,neutral
ICCCVVIV,31,18,2,4,49,6,0.5443037974683544,neutral
LYFLLVLG,28,21,4,2,49,6,0.5443037974683544,neutral
FFRVYFVG,26,23,2,4,49,6,0.5443037974683544,neutral
CYCFICDR,28,21,3,3,49,6,0.5443037974683544,neutral
YIVVCFYN,27,22,4,2,49,6,0.5443037974683544,neutral
LLYCDYCH,71,57,21,21,128,42,0.5443037974683544,neutral
YYCVIYVV,31,18,3,3,49,6,0.5443037974683544,neutral
SICFVLFL,27,22,3,3,49,6,0.5443037974683544,neutral
LVFVIFVR,30,19,2,4,49,6,0.5443037974683544,neutral
FFLVFRVC,27,22,2,4,49,6,0.5443037974683544,neutral
GFFVFVDV,31,18,3,3,49,6,0.5443037974683544,neutral
IYYYNGSC,39,21,7,4,60,11,0.5444444444444444,neutral
YVVFGFSC,29,31,7,4,60,11,0.5444444444444444,neutral
CLYYIHFL,38,22,5,6,60,11,0.5444444444444444,neutral
RHFIYIFR,37,23,4,7,60,11,0.5444444444444444,neutral
FLFDRRYG,33,27,5,6,60,11,0.5444444444444444,neutral
FRRNFLID,83,67,23,29,150,52,0.5444444444444444,neutral
IGHCYYCC,39,21,6,5,60,11,0.5444444444444444,neutral
YCCLCSIS,32,28,1,10,60,11,0.5444444444444444,neutral
LIVLGFYS,30,30,8,3,60,11,0.5444444444444444,neutral
VVIFCCRG,37,23,8,3,60,11,0.5444444444444444,neutral
VCVFCCGL,38,22,5,6,60,11,0.5444444444444444,neutral
VYIIVGCC,36,24,8,3,60,11,0.5444444444444444,neutral
HYNVVYIV,35,25,4,7,60,11,0.5444444444444444,neutral
FFCVCDCF,30,30,6,5,60,11,0.5444444444444444,neutral
RCVSCIFL,34,26,6,5,60,11,0.5444444444444444,neutral
CCYRCHVY,30,30,3,8,60,11,0.5444444444444444,neutral
SLNSYLLD,35,25,6,5,60,11,0.5444444444444444,neutral
CCVCGIVC,42,29,9,7,71,16,0.5445544554455446,neutral
GIGFYRFD,42,29,8,8,71,16,0.5445544554455446,neutral
CYCRVFCV,43,28,8,8,71,16,0.5445544554455446,neutral
CSHYRDCY,44,27,6,10,71,16,0.5445544554455446,neutral
FICGCIYV,45,26,6,10,71,16,0.5445544554455446,neutral
FNYCVCDV,44,27,10,6,71,16,0.5445544554455446,neutral
RCFLLFGY,45,26,9,7,71,16,0.5445544554455446,neutral
CNVVYIVR,48,34,12,9,82,21,0.5446428571428571,neutral
CRNCNFYC,49,33,9,12,82,21,0.5446428571428571,neutral
FFCGFVLY,48,34,11,10,82,21,0.5446428571428571,neutral
LHDVRCYI,46,36,10,11,82,21,0.5446428571428571,neutral
SIDCRLCC,46,36,10,11,82,21,0.5446428571428571,neutral
YIGGFCCR,56,37,11,15,93,26,0.5447154471544715,neutral
RDDDCDYI,52,41,12,14,93,26,0.5447154471544715,neutral
NCFNCCGV,56,48,14,17,104,31,0.5447761194029851,neutral
LCSCHNCN,66,49,24,12,115,36,0.5448275862068965,neutral
FCCCCYSC,70,56,17,24,126,41,0.5448717948717948,neutral
DFCYFLCF,25,11,0,0,36,0,0.5454545454545454,neutral
YFVGYCIC,32,15,1,4,47,5,0.5454545454545454,neutral
CYVDFLGV,58,44,16,14,102,30,0.5454545454545454,neutral
FLCFFFCV,25,11,0,0,36,0,0.5454545454545454,neutral
VFFCYSFC,33,14,5,0,47,5,0.5454545454545454,neutral
VIFIRFVD,30,17,4,1,47,5,0.5454545454545454,neutral
FFCCHYLV,27,31,4,6,58,10,0.5454545454545454,neutral
FFFHYFCF,20,16,0,0,36,0,0.5454545454545454,neutral
VSFFCCDC,88,69,29,26,157,55,0.5454545454545454,neutral
CDFFYRLF,41,28,8,7,69,15,0.5454545454545454,neutral
CFLNCVNC,47,33,9,11,80,20,0.5454545454545454,neutral
YNRCFYIR,33,25,6,4,58,10,0.5454545454545454,neutral
FFFDYFIL,32,15,2,3,47,5,0.5454545454545454,neutral
FFIGILLY,32,15,3,2,47,5,0.5454545454545454,neutral
CLYCGNDF,49,31,11,9,80,20,0.5454545454545454,neutral
FFCYHVVI,34,24,6,4,58,10,0.5454545454545454,neutral
RCRVFVCV,33,25,2,8,58,10,0.5454545454545454,neutral
FFSCFFYF,21,15,0,0,36,0,0.5454545454545454,neutral
FLCVYNNV,61,52,11,24,113,35,0.5454545454545454,neutral
CRCIGCVV,45,35,8,12,80,20,0.5454545454545454,neutral
VFCVICRC,30,17,2,3,47,5,0.5454545454545454,neutral
FHCFVICI,39,30,8,7,69,15,0.5454545454545454,neutral
NLNIFIHL,43,26,8,7,69,15,0.5454545454545454,neutral
FYLCCVRC,32,15,1,4,47,5,0.5454545454545454,neutral
YFCYFLCH,23,13,0,0,36,0,0.5454545454545454,neutral
SIRDDIYL,52,39,10,15,91,25,0.5454545454545454,neutral
CYCVVCNH,66,47,14,21,113,35,0.5454545454545454,neutral
IHRFYGIC,43,37,7,13,80,20,0.5454545454545454,neutral
YCFFCFVY,44,25,7,8,69,15,0.5454545454545454,neutral
HLFYCGFC,52,39,12,13,91,25,0.5454545454545454,neutral
CLHCVHFH,36,33,6,9,69,15,0.5454545454545454,neutral
CLFLVICL,21,15,0,0,36,0,0.5454545454545454,neutral
IYFIYSCY,40,29,5,10,69,15,0.5454545454545454,neutral
SNCCCCFI,63,50,13,22,113,35,0.5454545454545454,neutral
YYGINYVG,46,34,9,11,80,20,0.5454545454545454,neutral
HSSYHCVY,35,23,4,6,58,10,0.5454545454545454,neutral
CFHCCFSG,42,38,13,7,80,20,0.5454545454545454,neutral
CHCCFNYC,40,29,12,3,69,15,0.5454545454545454,neutral
GIICSYDC,44,36,12,8,80,20,0.5454545454545454,neutral
FFLVFSCF,31,16,2,3,47,5,0.5454545454545454,neutral
DVGSDFCI,44,25,7,8,69,15,0.5454545454545454,neutral
VYRVIFLI,33,14,3,2,47,5,0.5454545454545454,neutral
RICCVLRF,18,18,0,0,36,0,0.5454545454545454,neutral
CCFYRCCS,26,21,4,1,47,5,0.5454545454545454,neutral
CCGYYFIL,20,16,0,0,36,0,0.5454545454545454,neutral
VHYCYFVL,28,19,3,2,47,5,0.5454545454545454,neutral
VLGFFGLG,49,31,12,8,80,20,0.5454545454545454,neutral
FFDYVVLV,54,37,12,13,91,25,0.5454545454545454,neutral
FIHVLRVV,42,27,4,11,69,15,0.5454545454545454,neutral
FFFFFICV,19,17,0,0,36,0,0.5454545454545454,neutral
CCNLICYI,42,27,7,8,69,15,0.5454545454545454,neutral
FLFCFVGH,33,14,2,3,47,5,0.5454545454545454,neutral
YFVSVFGG,53,38,12,13,91,25,0.5454545454545454,neutral
CIFSILFI,25,11,0,0,36,0,0.5454545454545454,neutral
LCLCRFLY,25,22,1,4,47,5,0.5454545454545454,neutral
NRVFLVLG,37,21,5,5,58,10,0.5454545454545454,neutral
VIIFVFHR,32,26,4,6,58,10,0.5454545454545454,neutral
IFFIRLRC,21,15,0,0,36,0,0.5454545454545454,neutral
LFYHIIHV,28,19,3,2,47,5,0.5454545454545454,neutral
LCVLYDIL,50,41,12,13,91,25,0.5454545454545454,neutral
SCFFFVCC,25,22,2,3,47,5,0.5454545454545454,neutral
HCLRCCCC,49,31,4,16,80,20,0.5454545454545454,neutral
VSYGCGCY,60,42,10,20,102,30,0.5454545454545454,neutral
FNFCHDSH,79,76,24,30,155,54,0.5459459459459459,neutral
NYVYFSVG,65,57,19,20,122,39,0.5460526315789473,neutral
CIVGFYGF,59,41,11,18,100,29,0.5461538461538461,neutral
DFCRDCYR,50,50,10,19,100,29,0.5461538461538461,neutral
YCCCLGHN,58,42,15,14,100,29,0.5461538461538461,neutral
CCCCSRCV,55,45,11,18,100,29,0.5461538461538461,neutral
YFVSDFGR,52,37,13,11,89,24,0.5462184873949579,neutral
RCICSCVY,53,36,12,12,89,24,0.5462184873949579,neutral
LICSCCVS,54,35,8,16,89,24,0.5462184873949579,neutral
DVYSYVCV,54,35,12,12,89,24,0.5462184873949579,neutral
YFRFNFVI,52,37,11,13,89,24,0.5462184873949579,neutral
LSRCGCFY,50,39,12,12,89,24,0.5462184873949579,neutral
CCFFYFVR,41,37,9,10,78,19,0.5462962962962963,neutral
FRFFCGIG,48,30,7,12,78,19,0.5462962962962963,neutral
FCYHCYFH,45,33,7,12,78,19,0.5462962962962963,neutral
LVGCFLFC,42,36,8,11,78,19,0.5462962962962963,neutral
NNYSCFHY,46,32,12,7,78,19,0.5462962962962963,neutral
CSLFIIDC,43,35,11,8,78,19,0.5462962962962963,neutral
FGYNIHFR,46,32,8,11,78,19,0.5462962962962963,neutral
LIYGICFY,39,28,9,5,67,14,0.5463917525773195,neutral
CVIFRGCY,37,30,10,4,67,14,0.5463917525773195,neutral
FCIGYFCL,41,26,6,8,67,14,0.5463917525773195,neutral
VFHCILFH,40,27,6,8,67,14,0.5463917525773195,neutral
YHLFCVNL,34,33,6,8,67,14,0.5463917525773195,neutral
RCSYCSFG,86,67,22,31,153,53,0.546448087431694,neutral
DFYIRVLC,36,20,4,5,56,9,0.5465116279069767,neutral
RCLVCVHC,35,21,4,5,56,9,0.5465116279069767,neutral
SHVLLYCI,37,19,5,4,56,9,0.5465116279069767,neutral
FCFYLLSF,30,26,2,7,56,9,0.5465116279069767,neutral
FYVDFVYL,34,22,8,1,56,9,0.5465116279069767,neutral
ICVYSLCY,31,25,5,4,56,9,0.5465116279069767,neutral
CVCCVFIN,33,23,2,7,56,9,0.5465116279069767,neutral
SIGFCFIC,30,26,5,4,56,9,0.5465116279069767,neutral
ILVCLRCC,34,22,4,5,56,9,0.5465116279069767,neutral
SFHGVCRY,35,21,3,6,56,9,0.5465116279069767,neutral
CYYCICLL,37,19,3,6,56,9,0.5465116279069767,neutral
YSFYYVCI,31,14,0,4,45,4,0.5466666666666666,neutral
ICSICIYC,29,16,2,2,45,4,0.5466666666666666,neutral
FICYVIVR,25,20,2,2,45,4,0.5466666666666666,neutral
LFYHFVYL,32,13,2,2,45,4,0.5466666666666666,neutral
VLYLSFFC,32,13,1,3,45,4,0.5466666666666666,neutral
FVFLVFLR,29,16,0,4,45,4,0.5466666666666666,neutral
CDIYVIVL,26,19,3,1,45,4,0.5466666666666666,neutral
YIYINLCI,30,15,3,1,45,4,0.5466666666666666,neutral
ICFFFFFR,32,13,3,1,45,4,0.5466666666666666,neutral
IHICVFFI,24,21,2,2,45,4,0.5466666666666666,neutral
FYRFFCIN,30,15,1,3,45,4,0.5466666666666666,neutral
FLHVCLLF,30,15,0,4,45,4,0.5466666666666666,neutral
LCIHVYVS,29,16,3,1,45,4,0.5466666666666666,neutral
VSLFFHRF,69,51,16,22,120,38,0.5466666666666666,neutral
NFFVFFGF,29,16,0,4,45,4,0.5466666666666666,neutral
VYLFCYFF,24,21,2,2,45,4,0.5466666666666666,neutral
CRFGNCCY,32,13,2,2,45,4,0.5466666666666666,neutral
FYIVICRH,29,16,0,4,45,4,0.5466666666666666,neutral
CCVCYILC,27,18,4,0,45,4,0.5466666666666666,neutral
CVLYVRLG,28,17,3,1,45,4,0.5466666666666666,neutral
IFVIYCFG,28,17,0,4,45,4,0.5466666666666666,neutral
VIIVYNCY,29,16,1,3,45,4,0.5466666666666666,neutral
FDDVRVYC,64,45,14,19,109,33,0.5467625899280576,neutral
FDGLFHDV,52,46,17,11,98,28,0.546875,neutral
FLFGRVGY,54,44,15,13,98,28,0.546875,neutral
VLGSFFLF,53,45,15,13,98,28,0.546875,neutral
YFVVRGGC,49,38,16,7,87,23,0.5470085470085471,neutral
DRGGFFCN,51,36,5,18,87,23,0.5470085470085471,neutral
RYYRLFRL,47,40,10,13,87,23,0.5470085470085471,neutral
CCRYVFNL,50,37,12,11,87,23,0.5470085470085471,neutral
GDRFSRFC,78,62,23,24,140,47,0.5470588235294118,neutral
GLVCDRLY,75,65,19,28,140,47,0.5470588235294118,neutral
FCGCFCCC,46,30,6,12,76,18,0.5471698113207547,neutral
VVDIFLVY,47,29,10,8,76,18,0.5471698113207547,neutral
HFFFNLLV,43,33,9,9,76,18,0.5471698113207547,neutral
GGCFCYIV,47,29,8,10,76,18,0.5471698113207547,neutral
IFSLVRDY,66,52,18,19,118,37,0.5472972972972973,neutral
CHRGFDFC,64,54,21,16,118,37,0.5472972972972973,neutral
YYCDDCIG,64,54,17,20,118,37,0.5472972972972973,neutral
FCNFHICF,36,29,8,5,65,13,0.5473684210526316,neutral
FHSHSCIY,40,25,5,8,65,13,0.5473684210526316,neutral
YFRFFHIV,38,27,7,6,65,13,0.5473684210526316,neutral
FGIGSFDC,33,32,6,7,65,13,0.5473684210526316,neutral
FFVFYVFD,42,23,7,6,65,13,0.5473684210526316,neutral
DHFRHFYH,36,29,5,8,65,13,0.5473684210526316,neutral
VDCCCCRL,39,26,3,10,65,13,0.5473684210526316,neutral
FFGIYFND,62,45,16,16,107,32,0.5474452554744526,neutral
YNFGCLNL,59,48,17,15,107,32,0.5474452554744526,neutral
YCGYVDHS,57,50,20,12,107,32,0.5474452554744526,neutral
NCFFDYGN,62,45,14,18,107,32,0.5474452554744526,neutral
FRCGCHVG,59,48,13,19,107,32,0.5474452554744526,neutral
CCFCDNCL,33,21,2,6,54,8,0.5476190476190477,neutral
IRYYIIDL,36,18,3,5,54,8,0.5476190476190477,neutral
CRSFYIFC,34,20,1,7,54,8,0.5476190476190477,neutral
YLFVCYLH,35,19,4,4,54,8,0.5476190476190477,neutral
FCCIIFHN,34,20,6,2,54,8,0.5476190476190477,neutral
FVCFFLFN,29,25,4,4,54,8,0.5476190476190477,neutral
YCDCLFFF,36,18,3,5,54,8,0.5476190476190477,neutral
VVVDYFRF,57,39,17,10,96,27,0.5476190476190477,neutral
ISIVCFVH,36,18,4,4,54,8,0.5476190476190477,neutral
YFFFFSID,34,20,4,4,54,8,0.5476190476190477,neutral
NILFFGFF,29,25,4,4,54,8,0.5476190476190477,neutral
CIIYFFFD,36,18,5,3,54,8,0.5476190476190477,neutral
CHCYVFVF,34,20,6,2,54,8,0.5476190476190477,neutral
FYRLFGVR,43,42,7,15,85,22,0.5478260869565217,neutral
RCCICCGG,47,38,11,11,85,22,0.5478260869565217,neutral
CNYDLVSL,48,37,13,9,85,22,0.5478260869565217,neutral
SYGGLYSC,50,35,10,12,85,22,0.5478260869565217,neutral
CFIFCGSF,46,39,11,11,85,22,0.5478260869565217,neutral
ISFRFRDF,50,35,11,11,85,22,0.5478260869565217,neutral
IFIIIFDH,48,37,10,12,85,22,0.5478260869565217,neutral
IYVVFCGF,25,18,2,1,43,3,0.547945205479452,neutral
DNLIIICV,25,18,1,2,43,3,0.547945205479452,neutral
HCHFFSIR,102,87,38,31,189,69,0.547945205479452,neutral
YFVIVLSC,26,17,1,2,43,3,0.547945205479452,neutral
INIFYYVV,27,16,2,1,43,3,0.547945205479452,neutral
GYCFRVFC,26,17,0,3,43,3,0.547945205479452,neutral
FIFFICLD,24,19,1,2,43,3,0.547945205479452,neutral
RFILLGFL,30,13,2,1,43,3,0.547945205479452,neutral
SFFIVICV,25,18,2,1,43,3,0.547945205479452,neutral
FCFGCYYC,29,14,3,0,43,3,0.547945205479452,neutral
VFCFIFLF,28,15,0,3,43,3,0.547945205479452,neutral
ICCRHLGF,67,49,22,14,116,36,0.547945205479452,neutral
RCNFFGLF,30,13,3,0,43,3,0.547945205479452,neutral
IILLHHIC,26,17,2,1,43,3,0.547945205479452,neutral
IFVVFLLC,31,12,1,2,43,3,0.547945205479452,neutral
VCFFLNFC,23,20,3,0,43,3,0.547945205479452,neutral
LYYFVVSV,25,18,1,2,43,3,0.547945205479452,neutral
IVFCLFHV,26,17,1,2,43,3,0.547945205479452,neutral
HFYGIRFG,65,51,13,23,116,36,0.547945205479452,neutral
CFLIRCYL,24,19,2,1,43,3,0.547945205479452,neutral
CSFRIIFV,24,19,1,2,43,3,0.547945205479452,neutral
YYLIFLFL,29,14,1,2,43,3,0.547945205479452,neutral
FFLCVLVS,29,14,3,0,43,3,0.547945205479452,neutral
ISIGIFVY,30,13,1,2,43,3,0.547945205479452,neutral
CVIIYDCF,66,50,21,15,116,36,0.547945205479452,neutral
FCCIFYYR,31,12,2,1,43,3,0.547945205479452,neutral
FFIYCICS,31,12,1,2,43,3,0.547945205479452,neutral
DFFYGDDR,45,29,12,5,74,17,0.5480769230769231,neutral
HSHLVVHY,35,39,14,3,74,17,0.5480769230769231,neutral
CCYVCVGC,45,29,10,7,74,17,0.5480769230769231,neutral
YILFCHFG,39,35,5,12,74,17,0.5480769230769231,neutral
CLCFVSFS,46,28,5,12,74,17,0.5480769230769231,neutral
YFFDYHYF,95,83,32,32,178,64,0.5480769230769231,neutral
LCCCGYFN,43,31,6,11,74,17,0.5480769230769231,neutral
FFYCCLDG,45,29,8,9,74,17,0.5480769230769231,neutral
FFVLGICN,40,23,5,7,63,12,0.5483870967741935,neutral
CCLCNCSF,38,25,7,5,63,12,0.5483870967741935,neutral
SCVCNCVC,54,40,15,11,94,26,0.5483870967741935,neutral
CVSCICFF,38,25,8,4,63,12,0.5483870967741935,neutral
YVSSIYIY,35,28,6,6,63,12,0.5483870967741935,neutral
CVSYCCCY,35,28,7,5,63,12,0.5483870967741935,neutral
NFYGVNCD,39,24,5,7,63,12,0.5483870967741935,neutral
IFVCDIYL,38,25,3,9,63,12,0.5483870967741935,neutral
ILCLNYIH,34,29,4,8,63,12,0.5483870967741935,neutral
CYIVIVNL,41,22,7,5,63,12,0.5483870967741935,neutral
CVRYSYCY,71,54,20,20,125,40,0.5483870967741935,neutral
CVVFVLIS,38,25,2,10,63,12,0.5483870967741935,neutral
CCLCGFSC,34,29,5,7,63,12,0.5483870967741935,neutral
CFGLCFNF,48,35,8,13,83,21,0.5486725663716814,neutral
LCCSRFCF,50,33,9,12,83,21,0.5486725663716814,neutral
DFIFFSFY,51,32,12,9,83,21,0.5486725663716814,neutral
CILYHCFF,34,18,2,5,52,7,0.5487804878048781,neutral
VCFCVIYV,35,17,3,4,52,7,0.5487804878048781,neutral
FFFFVGIH,34,18,3,4,52,7,0.5487804878048781,neutral
LYHIYDRR,33,19,4,3,52,7,0.5487804878048781,neutral
FLFCYVVC,29,23,3,4,52,7,0.5487804878048781,neutral
FSCYVVCC,33,19,2,5,52,7,0.5487804878048781,neutral
FIICFICH,31,21,6,1,52,7,0.5487804878048781,neutral
GFYCFLLS,28,24,1,6,52,7,0.5487804878048781,neutral
SVSCCCCG,157,141,61,57,298,118,0.5487804878048781,neutral
FRFFFSSC,34,18,1,6,52,7,0.5487804878048781,neutral
RFCCICVY,31,21,2,5,52,7,0.5487804878048781,neutral
GCFYIFVH,20,32,2,5,52,7,0.5487804878048781,neutral
VLCCYVFC,30,22,3,4,52,7,0.5487804878048781,neutral
CYFYCFVV,30,22,3,4,52,7,0.5487804878048781,neutral
VFCRCGFY,59,44,9,21,103,30,0.5488721804511278,neutral
VVDIIYCL,58,45,24,6,103,30,0.5488721804511278,neutral
YYCFVSFR,61,42,11,19,103,30,0.5488721804511278,neutral
FYYHFCYF,41,31,8,8,72,16,0.5490196078431373,neutral
FGSYCCGG,67,56,18,21,123,39,0.5490196078431373,neutral
CVYGHFYR,43,29,8,8,72,16,0.5490196078431373,neutral
HCGCLRYV,67,56,19,20,123,39,0.5490196078431373,neutral
RCFDVICF,79,64,18,30,143,48,0.5491329479768786,neutral
IHHCIGGY,53,39,8,17,92,25,0.5491803278688525,neutral
VSSSCGYF,49,43,14,11,92,25,0.5491803278688525,neutral
YGCFVCHG,54,38,14,11,92,25,0.5491803278688525,neutral
SDCLLIYF,54,38,10,15,92,25,0.5491803278688525,neutral
FGCFRDYS,54,38,7,18,92,25,0.5491803278688525,neutral
YYFFVYYG,26,15,1,1,41,2,0.5492957746478874,neutral
FFCYIFSF,23,18,1,1,41,2,0.5492957746478874,neutral
LRLLRFGY,65,47,15,19,112,34,0.5492957746478874,neutral
FFICLRYG,65,47,12,22,112,34,0.5492957746478874,neutral
FVLFCSYI,22,19,2,0,41,2,0.5492957746478874,neutral
VCLVCIVV,28,13,0,2,41,2,0.5492957746478874,neutral
FFFLVCVG,29,12,1,1,41,2,0.5492957746478874,neutral
FVFVFFYI,24,17,1,1,41,2,0.5492957746478874,neutral
HIYVFYRN,23,18,0,2,41,2,0.5492957746478874,neutral
YGYFCLVY,25,16,2,0,41,2,0.5492957746478874,neutral
VYFYCRVC,23,18,0,2,41,2,0.5492957746478874,neutral
CYFYFFRF,28,13,1,1,41,2,0.5492957746478874,neutral
FYLLIVRR,24,17,0,2,41,2,0.5492957746478874,neutral
VYFIYCYL,21,20,0,2,41,2,0.5492957746478874,neutral
VYVCFVYY,24,17,1,1,41,2,0.5492957746478874,neutral
GICFCIVI,30,11,1,1,41,2,0.5492957746478874,neutral
IILCCLRC,29,12,2,0,41,2,0.5492957746478874,neutral
CDICVRFV,23,18,0,2,41,2,0.5492957746478874,neutral
LFIGFFGF,23,18,0,2,41,2,0.5492957746478874,neutral
FFRVFSIC,19,22,0,2,41,2,0.5492957746478874,neutral
LFFCLVRG,23,18,1,1,41,2,0.5492957746478874,neutral
FFFFGLIC,25,16,2,0,41,2,0.5492957746478874,neutral
FCNCSFFF,65,47,15,19,112,34,0.5492957746478874,neutral
FCFHFFCG,23,18,1,1,41,2,0.5492957746478874,neutral
SLLCYFLF,26,15,1,1,41,2,0.5492957746478874,neutral
VLYICIIC,26,15,1,1,41,2,0.5492957746478874,neutral
FLCIFIIV,26,15,0,2,41,2,0.5492957746478874,neutral
CFVCIRLI,22,19,0,2,41,2,0.5492957746478874,neutral
FGCVCCHF,40,21,5,6,61,11,0.5494505494505495,neutral
FSHVLFNY,40,21,9,2,61,11,0.5494505494505495,neutral
IGDFCDVI,31,30,3,8,61,11,0.5494505494505495,neutral
GSVVIIIR,39,22,7,4,61,11,0.5494505494505495,neutral
FFIFCFSF,35,26,8,3,61,11,0.5494505494505495,neutral
FCVYFHCC,33,28,6,5,61,11,0.5494505494505495,neutral
VYVCVCNC,37,24,2,9,61,11,0.5494505494505495,neutral
CFCHCIFV,39,22,4,7,61,11,0.5494505494505495,neutral
CYFFIVFV,38,23,5,6,61,11,0.5494505494505495,neutral
CFVCNVCC,39,22,6,5,61,11,0.5494505494505495,neutral
FLIYVGIF,40,21,3,8,61,11,0.5494505494505495,neutral
YFDFVFNF,40,21,4,7,61,11,0.5494505494505495,neutral
FCCCGFCV,34,27,2,9,61,11,0.5494505494505495,neutral
VFLIYGVC,37,24,5,6,61,11,0.5494505494505495,neutral
YCFFCNFC,38,23,3,8,61,11,0.5494505494505495,neutral
CCSFCCVY,36,25,6,5,61,11,0.5494505494505495,neutral
FFVCDFCL,39,22,5,6,61,11,0.5494505494505495,neutral
VIVIFGYV,39,22,6,5,61,11,0.5494505494505495,neutral
FYFFGCLN,46,35,10,10,81,20,0.5495495495495496,neutral
VFYYVGFC,47,34,11,9,81,20,0.5495495495495496,neutral
YFCNYCLL,46,35,8,12,81,20,0.5495495495495496,neutral
IIHIDCVF,46,35,4,16,81,20,0.5495495495495496,neutral
CYRVCCGR,59,42,16,13,101,29,0.549618320610687,neutral
RCCCLYGV,70,51,23,15,121,38,0.5496688741721855,neutral
YFCVSSRL,64,57,15,23,121,38,0.5496688741721855,neutral
FVCYGRLR,67,54,19,19,121,38,0.5496688741721855,neutral
SVCCHFGL,114,107,32,51,221,83,0.549800796812749,neutral
CFICGFCG,41,29,5,10,70,15,0.55,neutral
LYDVGIRF,62,48,22,11,110,33,0.55,neutral
NICYCNFV,43,27,9,6,70,15,0.55,neutral
YCLVHDDV,55,55,17,16,110,33,0.55,neutral
FYVYYGFL,54,36,7,17,90,24,0.55,neutral
FFYFVCDC,33,17,0,6,50,6,0.55,neutral
HCFYCCYV,30,20,5,1,50,6,0.55,neutral
VHCFDGRF,58,52,12,21,110,33,0.55,neutral
ICLSFLLV,28,22,3,3,50,6,0.55,neutral
FFCVCIFD,29,21,1,5,50,6,0.55,neutral
ICICCYRG,47,43,10,14,90,24,0.55,neutral
FYLFFDFC,28,22,4,2,50,6,0.55,neutral
VFSLYDLD,43,27,7,8,70,15,0.55,neutral
FHVVNVYL,41,29,7,8,70,15,0.55,neutral
LLVGLDFL,52,38,7,17,90,24,0.55,neutral
FCCNIVYV,83,67,22,29,150,51,0.55,neutral
HFFHSGRF,25,25,2,4,50,6,0.55,neutral
CIYYVVHC,29,21,5,1,50,6,0.55,neutral
LRLFVVIC,30,20,2,4,50,6,0.55,neutral
HGDFLGGF,111,99,35,43,210,78,0.55,neutral
CRFFFLGC,34,16,5,1,50,6,0.55,neutral
SYCYGDYF,54,36,17,7,90,24,0.55,neutral
CRVCIFCY,31,19,1,5,50,6,0.55,neutral
LHVSVVLL,33,17,4,2,50,6,0.55,neutral
YLFRGIFR,52,38,13,11,90,24,0.55,neutral
CSCHVCFV,41,29,9,6,70,15,0.55,neutral
FFCFSCFY,29,21,2,4,50,6,0.55,neutral
LFGVLYVL,39,31,5,10,70,15,0.55,neutral
VYVVYFVG,31,19,1,5,50,6,0.55,neutral
LCFHLFGY,42,28,5,10,70,15,0.55,neutral
HFCVGCIN,71,59,18,24,130,42,0.55,neutral
YFIFFVGF,31,19,3,3,50,6,0.55,neutral
FFFGFSYS,93,77,29,31,170,60,0.55,neutral
FDRDCILG,39,31,7,8,70,15,0.55,neutral
CYYYCFGC,31,19,3,3,50,6,0.55,neutral
LFILYVIG,28,22,3,3,50,6,0.55,neutral
VDYLYVFF,33,17,4,2,50,6,0.55,neutral
YCGCICGV,108,91,28,45,199,73,0.5502183406113537,neutral
VCNYSYDF,57,42,17,11,99,28,0.5503875968992248,neutral
IVHYDFGY,51,48,9,19,99,28,0.5503875968992248,neutral
FVCCCCSF,58,41,11,17,99,28,0.5503875968992248,neutral
CFFCVGGH,59,40,16,12,99,28,0.5503875968992248,neutral
CCCGSIIY,44,35,8,11,79,19,0.5504587155963303,neutral
LVDFSVGC,47,32,7,12,79,19,0.5504587155963303,neutral
HCFSCSVC,47,32,11,8,79,19,0.5504587155963303,neutral
FCVHGLDD,45,34,7,12,79,19,0.5504587155963303,neutral
YYGCLLIF,46,33,5,14,79,19,0.5504587155963303,neutral
CSFFRVFC,48,31,10,9,79,19,0.5504587155963303,neutral
LFVVLVLH,38,21,4,6,59,10,0.550561797752809,neutral
FICIYDRV,32,27,2,8,59,10,0.550561797752809,neutral
VVCFGFFL,33,26,9,1,59,10,0.550561797752809,neutral
SIVFYCIL,38,21,5,5,59,10,0.550561797752809,neutral
YVLVFFVS,38,21,5,5,59,10,0.550561797752809,neutral
CCLCVRIR,37,22,4,6,59,10,0.550561797752809,neutral
YLLLSCCG,36,23,6,4,59,10,0.550561797752809,neutral
FYYVSRYY,35,24,2,8,59,10,0.550561797752809,neutral
CFVNVLIV,37,22,4,6,59,10,0.550561797752809,neutral
HCVDLRFF,36,23,7,3,59,10,0.550561797752809,neutral
FGYCCFVY,30,29,5,5,59,10,0.550561797752809,neutral
SCYLFFSL,34,25,5,5,59,10,0.550561797752809,neutral
CCLCDFLC,30,29,6,4,59,10,0.550561797752809,neutral
IRICICSC,33,26,5,5,59,10,0.550561797752809,neutral
IVSVFVSV,72,56,23,18,128,41,0.5506329113924051,neutral
DFLSYCGC,72,56,16,25,128,41,0.5506329113924051,neutral
HCIFCCLN,27,12,0,1,39,1,0.5507246376811594,neutral
FYYVFCDC,27,12,0,1,39,1,0.5507246376811594,neutral
FFGYRIFF,22,17,0,1,39,1,0.5507246376811594,neutral
FCFFYVRF,24,15,0,1,39,1,0.5507246376811594,neutral
FYCYVFCI,20,19,0,1,39,1,0.5507246376811594,neutral
LCVFVFYY,29,10,0,1,39,1,0.5507246376811594,neutral
RIFYVVFC,24,15,0,1,39,1,0.5507246376811594,neutral
FFCHFSFF,24,15,0,1,39,1,0.5507246376811594,neutral
LFDVFIYI,28,11,0,1,39,1,0.5507246376811594,neutral
FGYYVIRF,21,18,1,0,39,1,0.5507246376811594,neutral
FYFYCFFV,23,16,1,0,39,1,0.5507246376811594,neutral
FCFCVFVY,26,13,0,1,39,1,0.5507246376811594,neutral
FCFFLSCF,27,12,0,1,39,1,0.5507246376811594,neutral
GSVFIYVV,28,11,1,0,39,1,0.5507246376811594,neutral
FINILIVG,21,18,0,1,39,1,0.5507246376811594,neutral
IFRFLSFF,27,12,1,0,39,1,0.5507246376811594,neutral
FLLDYLLV,25,14,1,0,39,1,0.5507246376811594,neutral
IRIFFVRN,27,12,0,1,39,1,0.5507246376811594,neutral
LIFVVVCG,23,16,0,1,39,1,0.5507246376811594,neutral
FCCLCFFF,25,14,0,1,39,1,0.5507246376811594,neutral
LFIICIYI,29,10,0,1,39,1,0.5507246376811594,neutral
FYLYFCLF,21,18,1,0,39,1,0.5507246376811594,neutral
FCCVIIFF,22,17,1,0,39,1,0.5507246376811594,neutral
VVLRVFCF,23,16,1,0,39,1,0.5507246376811594,neutral
FFFIFFVI,27,12,0,1,39,1,0.5507246376811594,neutral
FGLYVIRF,23,16,0,1,39,1,0.5507246376811594,neutral
FICYSFYR,53,35,8,15,88,23,0.5508474576271186,neutral
VDLIYYYH,78,59,16,29,137,45,0.5508982035928144,neutral
VISHCCDY,68,49,25,11,117,36,0.5510204081632653,neutral
YLCYHGYC,63,54,19,17,117,36,0.5510204081632653,neutral
FFYVVSGF,39,29,6,8,68,14,0.5510204081632653,neutral
FNNFHFRF,40,28,5,9,68,14,0.5510204081632653,neutral
LIIDICIG,37,31,5,9,68,14,0.5510204081632653,neutral
FFCGCCYD,40,28,7,7,68,14,0.5510204081632653,neutral
LCCHCCDI,68,49,19,17,117,36,0.5510204081632653,neutral
CRFFYFDL,41,27,5,9,68,14,0.5510204081632653,neutral
FCILLLGI,38,30,9,5,68,14,0.5510204081632653,neutral
FNIRFCVC,32,36,10,4,68,14,0.5510204081632653,neutral
DIYCLVYI,67,50,15,21,117,36,0.5510204081632653,neutral
GYFCYNFR,40,28,6,8,68,14,0.5510204081632653,neutral
FICFVFIF,31,17,2,3,48,5,0.5512820512820513,neutral
FYVICFCY,30,18,0,5,48,5,0.5512820512820513,neutral
YFGVIFLH,29,19,1,4,48,5,0.5512820512820513,neutral
FIFYCSIC,28,20,2,3,48,5,0.5512820512820513,neutral
RCFCCHCY,33,15,1,4,48,5,0.5512820512820513,neutral
CFFFVVYH,33,15,2,3,48,5,0.5512820512820513,neutral
CVFCVGFF,30,18,3,2,48,5,0.5512820512820513,neutral
FCIFFYVC,28,20,2,3,48,5,0.5512820512820513,neutral
CFCHIVIV,31,17,2,3,48,5,0.5512820512820513,neutral
FFYVFFCV,29,19,2,3,48,5,0.5512820512820513,neutral
FYVCCYFG,31,17,2,3,48,5,0.5512820512820513,neutral
CCHLRGLC,27,21,1,4,48,5,0.5512820512820513,neutral
FFIFFYCD,31,17,3,2,48,5,0.5512820512820513,neutral
CLFSFIIV,27,21,2,3,48,5,0.5512820512820513,neutral
FVIYFSCL,30,18,1,4,48,5,0.5512820512820513,neutral
CCCFIIRF,33,15,1,4,48,5,0.5512820512820513,neutral
HVIVYHRC,28,20,3,2,48,5,0.5512820512820513,neutral
FYCLSIFH,29,19,5,0,48,5,0.5512820512820513,neutral
FCFLFVNV,28,20,1,4,48,5,0.5512820512820513,neutral
RCYFFVIF,29,19,3,2,48,5,0.5512820512820513,neutral
FICYFFCV,29,19,4,1,48,5,0.5512820512820513,neutral
IYIICYDY,33,15,3,2,48,5,0.5512820512820513,neutral
FIFCVCFC,27,21,1,4,48,5,0.5512820512820513,neutral
VYLYISIR,29,19,3,2,48,5,0.5512820512820513,neutral
GFVFVCCC,31,17,2,3,48,5,0.5512820512820513,neutral
FFCYYGFG,45,32,11,7,77,18,0.5514018691588785,neutral
IVYCCFGG,43,34,12,6,77,18,0.5514018691588785,neutral
GLLCRFCI,48,29,10,8,77,18,0.5514018691588785,neutral
CDFCCFLH,45,32,6,12,77,18,0.5514018691588785,neutral
VCYGRGVY,76,59,26,18,135,44,0.5515151515151515,neutral
GFCHHNCC,50,36,9,13,86,22,0.5517241379310345,neutral
CCVYFRCG,36,21,4,5,57,9,0.5517241379310345,neutral
FICLINCY,36,21,6,3,57,9,0.5517241379310345,neutral
FCNVFVDL,51,35,13,9,86,22,0.5517241379310345,neutral
HHCCVCVC,65,50,19,16,115,35,0.5517241379310345,neutral
CIFCSNFC,38,19,5,4,57,9,0.5517241379310345,neutral
CFGVVVYR,34,23,3,6,57,9,0.5517241379310345,neutral
CIVLILHS,29,28,2,7,57,9,0.5517241379310345,neutral
IFFCVFFC,30,27,4,5,57,9,0.5517241379310345,neutral
FFIGCFVG,32,25,5,4,57,9,0.5517241379310345,neutral
VYVFRRLF,35,22,6,3,57,9,0.5517241379310345,neutral
FNCNCCFI,51,35,9,13,86,22,0.5517241379310345,neutral
CCCFYSDL,35,22,3,6,57,9,0.5517241379310345,neutral
FYDYGFDD,36,21,7,2,57,9,0.5517241379310345,neutral
CFYLSCYL,32,25,7,2,57,9,0.5517241379310345,neutral
YNYFCFCF,31,26,6,3,57,9,0.5517241379310345,neutral
YCIVCNLN,48,38,11,11,86,22,0.5517241379310345,neutral
YYRVRLFL,33,24,7,2,57,9,0.5517241379310345,neutral
CIFGYCCG,38,19,4,5,57,9,0.5517241379310345,neutral
FYCFFCNR,37,20,7,2,57,9,0.5517241379310345,neutral
VFFHCSYC,33,24,4,5,57,9,0.5517241379310345,neutral
YHLIYIFS,30,27,5,4,57,9,0.5517241379310345,neutral
FCCLFVCH,34,23,3,6,57,9,0.5517241379310345,neutral
FFFCGVYG,65,50,15,20,115,35,0.5517241379310345,neutral
DYCLCLFL,36,21,5,4,57,9,0.5517241379310345,neutral
CFCFCNFF,36,21,3,6,57,9,0.5517241379310345,neutral
RFVHSCFY,71,53,27,12,124,39,0.551948051948052,neutral
FIIDFIDF,71,53,21,18,124,39,0.551948051948052,neutral
LCIDGDSY,52,43,12,14,95,26,0.552,neutral
FYCVFVYV,53,42,13,13,95,26,0.552,neutral
FSGVFDGF,54,41,16,10,95,26,0.552,neutral
YICGHFDC,37,29,7,6,66,13,0.5520833333333334,neutral
LFGFVCCC,41,25,8,5,66,13,0.5520833333333334,neutral
FGLRYVIF,40,26,9,4,66,13,0.5520833333333334,neutral
SIVFLVFI,41,25,7,6,66,13,0.5520833333333334,neutral
CCCYCFVF,41,25,3,10,66,13,0.5520833333333334,neutral
FFFVCNCF,39,27,8,5,66,13,0.5520833333333334,neutral
FCYHGRDV,40,26,5,8,66,13,0.5520833333333334,neutral
LDFGNHYC,38,28,5,8,66,13,0.5520833333333334,neutral
FFYSFVIY,42,24,4,9,66,13,0.5520833333333334,neutral
FVFHSSYV,37,29,4,9,66,13,0.5520833333333334,neutral
CVYILYCG,42,24,5,8,66,13,0.5520833333333334,neutral
CYVRLVLY,42,24,9,4,66,13,0.5520833333333334,neutral
FFFSGFCL,39,27,5,8,66,13,0.5520833333333334,neutral
CFFFFCCD,38,28,4,9,66,13,0.5520833333333334,neutral
IVFLVIDS,38,28,3,10,66,13,0.5520833333333334,neutral
YLFRYGSD,40,26,7,6,66,13,0.5520833333333334,neutral
CSLDHYNI,36,30,5,8,66,13,0.5520833333333334,neutral
CFCINDCC,76,57,14,29,133,43,0.5521472392638037,neutral
GVFLCIVL,23,14,0,0,37,0,0.5522388059701493,neutral
CIFRFLLR,25,12,0,0,37,0,0.5522388059701493,neutral
LVYVIYNG,26,11,0,0,37,0,0.5522388059701493,neutral
FYVRVCVI,21,16,0,0,37,0,0.5522388059701493,neutral
FFFCVICR,24,13,0,0,37,0,0.5522388059701493,neutral
FFHVCIVF,21,16,0,0,37,0,0.5522388059701493,neutral
IVFFLIHF,25,12,0,0,37,0,0.5522388059701493,neutral
VRLCFFHL,20,17,0,0,37,0,0.5522388059701493,neutral
FSGCRFDD,60,44,18,12,104,30,0.5522388059701493,neutral
CLICVILR,24,13,0,0,37,0,0.5522388059701493,neutral
FFHYLFRL,25,12,0,0,37,0,0.5522388059701493,neutral
FVFFVNLF,25,12,0,0,37,0,0.5522388059701493,neutral
IVCLIFVL,25,12,0,0,37,0,0.5522388059701493,neutral
FFILCYCF,26,11,0,0,37,0,0.5522388059701493,neutral
CVSFFYIF,22,15,0,0,37,0,0.5522388059701493,neutral
FFLRCFII,23,14,0,0,37,0,0.5522388059701493,neutral
FFFRVIIG,21,16,0,0,37,0,0.5522388059701493,neutral
YHIFNRIY,47,28,6,11,75,17,0.5523809523809524,neutral
FLCHCLGH,41,34,10,7,75,17,0.5523809523809524,neutral
FGCVCGLY,37,38,8,9,75,17,0.5523809523809524,neutral
YRDYSNIL,45,30,11,6,75,17,0.5523809523809524,neutral
GFCFIFVC,29,17,3,1,46,4,0.5526315789473685,neutral
FYIICFHF,30,16,2,2,46,4,0.5526315789473685,neutral
CFFGCFRL,31,15,3,1,46,4,0.5526315789473685,neutral
FICFFVHF,27,19,1,3,46,4,0.5526315789473685,neutral
FFIIFDYC,22,24,3,1,46,4,0.5526315789473685,neutral
FGILCLVS,51,33,12,9,84,21,0.5526315789473685,neutral
FCIFVIFC,32,14,2,2,46,4,0.5526315789473685,neutral
FYILGVRF,28,18,3,1,46,4,0.5526315789473685,neutral
CHCYVRVS,51,33,9,12,84,21,0.5526315789473685,neutral
CISLGFDD,51,33,13,8,84,21,0.5526315789473685,neutral
YFFIFCFV,32,14,3,1,46,4,0.5526315789473685,neutral
FLNCCCFR,42,42,7,14,84,21,0.5526315789473685,neutral
YLVYFSRV,32,14,1,3,46,4,0.5526315789473685,neutral
CYRLCFHG,30,16,3,1,46,4,0.5526315789473685,neutral
IFGYSGGI,48,36,9,12,84,21,0.5526315789473685,neutral
IVVHVIFG,26,20,1,3,46,4,0.5526315789473685,neutral
FYCVVRRL,31,15,4,0,46,4,0.5526315789473685,neutral
CYVCCFFI,26,20,1,3,46,4,0.5526315789473685,neutral
YFDFCLDN,47,37,9,12,84,21,0.5526315789473685,neutral
IDNIIYGD,43,41,11,10,84,21,0.5526315789473685,neutral
FCVVYCCV,22,24,2,2,46,4,0.5526315789473685,neutral
FLLFFFGV,29,17,2,2,46,4,0.5526315789473685,neutral
LHNFHFNF,23,23,3,1,46,4,0.5526315789473685,neutral
FCFFRFDF,27,19,2,2,46,4,0.5526315789473685,neutral
FFFCVGVF,29,17,1,3,46,4,0.5526315789473685,neutral
CFCCFFYC,28,18,1,3,46,4,0.5526315789473685,neutral
CFCHNCYL,27,19,3,1,46,4,0.5526315789473685,neutral
LYCFFVCR,26,20,2,2,46,4,0.5526315789473685,neutral
RCDYHDYL,43,41,9,12,84,21,0.5526315789473685,neutral
YDCFYNGS,27,19,3,1,46,4,0.5526315789473685,neutral
CCYFYIGY,29,17,3,1,46,4,0.5526315789473685,neutral
LHCCLCDV,69,62,20,22,131,42,0.5527950310559007,neutral
GCNFCCFD,74,57,18,24,131,42,0.5527950310559007,neutral
VHCGCCRG,75,56,15,27,131,42,0.5527950310559007,neutral
GICCVLYN,74,57,16,26,131,42,0.5527950310559007,neutral
VYRCVIGY,51,42,10,15,93,25,0.5528455284552846,neutral
CCHRCGHV,46,47,6,19,93,25,0.5528455284552846,neutral
VRGFHIII,49,44,15,10,93,25,0.5528455284552846,neutral
YHSYDSDC,56,37,6,19,93,25,0.5528455284552846,neutral
FVSLCLFG,51,42,16,9,93,25,0.5528455284552846,neutral
CCYGRCCL,36,19,4,4,55,8,0.5529411764705883,neutral
CCFVLFHS,33,22,3,5,55,8,0.5529411764705883,neutral
CFLVFLCD,33,22,3,5,55,8,0.5529411764705883,neutral
IVVVRYCH,34,21,3,5,55,8,0.5529411764705883,neutral
HIFFYSFV,34,21,2,6,55,8,0.5529411764705883,neutral
GGDINYYV,31,24,4,4,55,8,0.5529411764705883,neutral
VYDYCFVF,31,24,3,5,55,8,0.5529411764705883,neutral
FVFCFYSC,37,18,3,5,55,8,0.5529411764705883,neutral
IYVCFCFF,34,21,3,5,55,8,0.5529411764705883,neutral
FFVFCISS,35,20,4,4,55,8,0.5529411764705883,neutral
FIDFVFVL,33,22,5,3,55,8,0.5529411764705883,neutral
LYFVVGCV,34,21,3,5,55,8,0.5529411764705883,neutral
HNCYDVNY,34,21,2,6,55,8,0.5529411764705883,neutral
VCIVRLCV,31,24,2,6,55,8,0.5529411764705883,neutral
RCGGLYFG,60,42,11,18,102,29,0.553030303030303,neutral
DLVVIYDI,56,46,14,15,102,29,0.553030303030303,neutral
VYFLVCHL,34,30,5,7,64,12,0.5531914893617021,neutral
NFSFRFVL,39,25,5,7,64,12,0.5531914893617021,neutral
FCCFFHHI,38,26,4,8,64,12,0.5531914893617021,neutral
DFDCNNLI,63,48,17,16,111,33,0.5531914893617021,neutral
FCCDNHGF,41,23,3,9,64,12,0.5531914893617021,neutral
FCICYIRS,37,27,7,5,64,12,0.5531914893617021,neutral
CCFCSIVL,37,27,5,7,64,12,0.5531914893617021,neutral
CCCRCGCF,35,29,2,10,64,12,0.5531914893617021,neutral
GICHYNYV,38,26,4,8,64,12,0.5531914893617021,neutral
CFICCLGF,38,26,10,2,64,12,0.5531914893617021,neutral
VFVYCFRL,35,29,6,6,64,12,0.5531914893617021,neutral
CCGRFFIR,39,25,3,9,64,12,0.5531914893617021,neutral
FCIFGCDY,33,31,6,6,64,12,0.5531914893617021,neutral
ILVSNDDF,66,54,22,15,120,37,0.5533333333333333,neutral
CYCYGCSV,45,28,7,9,73,16,0.5533980582524272,neutral
HCLIGYYC,44,29,6,10,73,16,0.5533980582524272,neutral
ICHCHYYG,41,32,6,10,73,16,0.5533980582524272,neutral
GFLGCLVY,44,29,8,8,73,16,0.5533980582524272,neutral
HYNYYRCN,41,32,7,9,73,16,0.5533980582524272,neutral
YFSVDIFL,43,30,5,11,73,16,0.5533980582524272,neutral
FFVLCGSC,42,31,10,6,73,16,0.5533980582524272,neutral
RIGFVFLG,42,31,5,11,73,16,0.5533980582524272,neutral
NYCFYCHC,42,31,6,10,73,16,0.5533980582524272,neutral
LYVFCFFG,43,30,7,9,73,16,0.5533980582524272,neutral
GCIIYSYL,72,57,24,17,129,41,0.5534591194968553,neutral
CYISCGCC,46,36,7,13,82,20,0.5535714285714286,neutral
YILSFCGF,49,33,8,12,82,20,0.5535714285714286,neutral
CSSDSCYY,54,37,10,14,91,24,0.5537190082644629,neutral
FVLDFVYF,52,39,11,13,91,24,0.5537190082644629,neutral
CFGNIFVD,56,44,13,15,100,28,0.5538461538461539,neutral
FRCCCICS,59,41,13,15,100,28,0.5538461538461539,neutral
VCVCSCFL,59,50,20,12,109,32,0.5539568345323741,neutral
IYFCFCVH,59,50,21,11,109,32,0.5539568345323741,neutral
YFCFIVIG,20,24,2,1,44,3,0.5540540540540541,neutral
NFCVCIIY,26,18,1,2,44,3,0.5540540540540541,neutral
FVVFRCFV,26,18,1,2,44,3,0.5540540540540541,neutral
FFYYICSY,24,20,1,2,44,3,0.5540540540540541,neutral
RFCVFILS,22,22,1,2,44,3,0.5540540540540541,neutral
FCVIVILH,29,15,2,1,44,3,0.5540540540540541,neutral
VIVFSVYI,26,18,2,1,44,3,0.5540540540540541,neutral
VFIYCCVS,24,20,2,1,44,3,0.5540540540540541,neutral
LGCFCFCY,30,14,2,1,44,3,0.5540540540540541,neutral
FFFGRCFY,26,18,1,2,44,3,0.5540540540540541,neutral
NDIRILFF,29,15,0,3,44,3,0.5540540540540541,neutral
FLGCCCYF,26,18,1,2,44,3,0.5540540540540541,neutral
FFFYHFVC,26,18,1,2,44,3,0.5540540540540541,neutral
CFLFSCII,29,15,1,2,44,3,0.5540540540540541,neutral
FCCSFFLV,28,16,0,3,44,3,0.5540540540540541,neutral
FCGCSYDV,62,56,18,18,118,36,0.5540540540540541,neutral
FFFICCCF,29,15,2,1,44,3,0.5540540540540541,neutral
FVCVIHCC,31,13,1,2,44,3,0.5540540540540541,neutral
IFVYFHVG,31,13,1,2,44,3,0.5540540540540541,neutral
LRILFCFV,27,17,0,3,44,3,0.5540540540540541,neutral
LFLFCIIC,25,19,0,3,44,3,0.5540540540540541,neutral
GFCDHFNC,73,54,19,21,127,40,0.554140127388535,neutral
YFFGVIYG,33,20,2,5,53,7,0.5542168674698795,neutral
SCLCVFFR,34,19,2,5,53,7,0.5542168674698795,neutral
IFFCHCLF,35,18,3,4,53,7,0.5542168674698795,neutral
LFFVYIYN,33,20,4,3,53,7,0.5542168674698795,neutral
FFFYCHFV,30,23,2,5,53,7,0.5542168674698795,neutral
NCCCVFGF,30,23,2,5,53,7,0.5542168674698795,neutral
HYFRYFSN,36,17,1,6,53,7,0.5542168674698795,neutral
CYFFYCSL,35,18,4,3,53,7,0.5542168674698795,neutral
CNHYSSCY,36,17,3,4,53,7,0.5542168674698795,neutral
FFHFVCCI,31,22,4,3,53,7,0.5542168674698795,neutral
LFFFYSFC,32,21,4,3,53,7,0.5542168674698795,neutral
CYLYSVFV,33,20,4,3,53,7,0.5542168674698795,neutral
FFYVFHCL,34,19,3,4,53,7,0.5542168674698795,neutral
CIRIFHIY,36,17,3,4,53,7,0.5542168674698795,neutral
FVLVYFYI,34,19,3,4,53,7,0.5542168674698795,neutral
DYYFLYRI,36,17,4,3,53,7,0.5542168674698795,neutral
NVIFSFVV,33,20,2,5,53,7,0.5542168674698795,neutral
FCCCDFCY,36,26,2,9,62,11,0.5543478260869565,neutral
FHYILCIH,36,26,5,6,62,11,0.5543478260869565,neutral
ICRYCFCD,37,25,3,8,62,11,0.5543478260869565,neutral
FYLNVYVL,34,28,7,4,62,11,0.5543478260869565,neutral
FFIVFSFR,38,24,4,7,62,11,0.5543478260869565,neutral
RFRHGYSY,82,72,22,30,154,52,0.5543478260869565,neutral
FIRCYCYY,34,28,2,9,62,11,0.5543478260869565,neutral
IFVGFYLV,34,28,8,3,62,11,0.5543478260869565,neutral
RCFVCVCV,37,25,8,3,62,11,0.5543478260869565,neutral
CIYCLYVD,40,22,5,6,62,11,0.5543478260869565,neutral
GIYHYHVY,39,23,5,6,62,11,0.5543478260869565,neutral
VDRFCIDI,85,78,27,29,163,56,0.5544041450777202,neutral
CGCVYISL,42,29,7,8,71,15,0.5544554455445545,neutral
VFCSRCCI,42,29,5,10,71,15,0.5544554455445545,neutral
VYDGFRGY,43,28,8,7,71,15,0.5544554455445545,neutral
YFCCHVFV,44,27,7,8,71,15,0.5544554455445545,neutral
CVCYLFCC,45,26,13,2,71,15,0.5544554455445545,neutral
FDISDCHC,45,26,5,10,71,15,0.5544554455445545,neutral
CCCDVCSR,47,33,10,9,80,19,0.5545454545454546,neutral
CGFCGHYF,44,36,7,12,80,19,0.5545454545454546,neutral
CCIHFYGY,46,34,10,9,80,19,0.5545454545454546,neutral
FCYLCCYH,49,31,6,13,80,19,0.5545454545454546,neutral
CRCCVCCG,41,48,10,13,89,23,0.5546218487394958,neutral
FLGFNSSF,51,38,14,9,89,23,0.5546218487394958,neutral
FVHHYFCF,47,42,12,11,89,23,0.5546218487394958,neutral
FRYFCIHY,52,37,10,13,89,23,0.5546218487394958,neutral
LVCYCVGL,52,37,10,13,89,23,0.5546218487394958,neutral
NCFVYGGY,54,35,9,14,89,23,0.5546218487394958,neutral
HVYCFCGN,52,37,9,14,89,23,0.5546218487394958,neutral
LSDLRNCY,58,40,12,15,98,27,0.5546875,neutral
YFHCYCGH,56,42,10,17,98,27,0.5546875,neutral
FLFRLRNC,60,47,15,16,107,31,0.5547445255474452,neutral
IYYSHRFC,63,44,20,11,107,31,0.5547445255474452,neutral
CFVRCLDY,57,59,16,19,116,35,0.5547945205479452,neutral
VFSFHCCC,67,58,18,21,125,39,0.5548387096774193,neutral
CVVDGYYC,78,65,20,27,143,47,0.5549132947976878,neutral
FYDVDVIC,80,63,15,32,143,47,0.5549132947976878,neutral
FYYFFIVF,34,17,2,4,51,6,0.5555555555555556,neutral
HFDFDCGC,32,19,3,3,51,6,0.5555555555555556,neutral
FCVCCDFD,55,50,15,15,105,30,0.5555555555555556,neutral
YGLFVFVC,32,28,4,6,60,10,0.5555555555555556,neutral
YCVCYVLF,26,16,1,1,42,2,0.5555555555555556,neutral
FCVYFYCC,28,14,0,2,42,2,0.5555555555555556,neutral
CFFSIRYL,44,25,5,9,69,14,0.5555555555555556,neutral
CCFGFVIR,47,31,4,14,78,18,0.5555555555555556,neutral
VNCSNVYY,57,39,10,16,96,26,0.5555555555555556,neutral
CHIFVVVR,35,16,3,3,51,6,0.5555555555555556,neutral
VYINFFYR,43,26,8,6,69,14,0.5555555555555556,neutral
YCIVGRFV,36,33,9,5,69,14,0.5555555555555556,neutral
CYVISYNY,60,45,14,16,105,30,0.5555555555555556,neutral
SIFFFVVC,29,22,3,3,51,6,0.5555555555555556,neutral
IHCCYFVV,36,24,3,7,60,10,0.5555555555555556,neutral
VYVIFFYI,23,19,1,1,42,2,0.5555555555555556,neutral
FYCCLRVC,30,12,1,1,42,2,0.5555555555555556,neutral
CYLNVFVY,28,23,4,2,51,6,0.5555555555555556,neutral
FCCFCCDF,43,26,4,10,69,14,0.5555555555555556,neutral
LFVCRFGC,38,22,2,8,60,10,0.5555555555555556,neutral
IFILSYFY,23,19,1,1,42,2,0.5555555555555556,neutral
CVCCGYCF,35,25,3,7,60,10,0.5555555555555556,neutral
GLICVYFV,30,12,1,1,42,2,0.5555555555555556,neutral
SVYCYILN,30,21,4,2,51,6,0.5555555555555556,neutral
FFCGIVRF,28,14,2,0,42,2,0.5555555555555556,neutral
VCYCCCYN,62,43,16,14,105,30,0.5555555555555556,neutral
VCCIYCGI,34,26,3,7,60,10,0.5555555555555556,neutral
ILIYCYVI,33,18,2,4,51,6,0.5555555555555556,neutral
LCLRCIVC,38,22,1,9,60,10,0.5555555555555556,neutral
FFYFICDL,27,15,1,1,42,2,0.5555555555555556,neutral
FFRLRFLS,20,22,0,2,42,2,0.5555555555555556,neutral
LRYGYFCH,50,37,10,12,87,22,0.5555555555555556,neutral
IYFCVYVR,24,18,2,0,42,2,0.5555555555555556,neutral
FHFYFVFC,32,19,4,2,51,6,0.5555555555555556,neutral
IHICFVVF,31,20,4,2,51,6,0.5555555555555556,neutral
VFLCVCCD,53,34,12,10,87,22,0.5555555555555556,neutral
GCLFYYFI,31,20,3,3,51,6,0.5555555555555556,neutral
FIIVRCIV,29,13,1,1,42,2,0.5555555555555556,neutral
IYVFNIVY,38,22,3,7,60,10,0.5555555555555556,neutral
CCCRFFSI,37,23,7,3,60,10,0.5555555555555556,neutral
CRFFVYVF,20,22,0,2,42,2,0.5555555555555556,neutral
LFFFFCLY,25,17,1,1,42,2,0.5555555555555556,neutral
CIVICGSY,37,23,4,6,60,10,0.5555555555555556,neutral
CCCSGLFG,74,58,21,21,132,42,0.5555555555555556,neutral
CFVVICVV,27,15,1,1,42,2,0.5555555555555556,neutral
FLFHHYIY,64,50,20,14,114,34,0.5555555555555556,neutral
FLVFVSFV,26,16,2,0,42,2,0.5555555555555556,neutral
GFVGLLIL,35,16,1,5,51,6,0.5555555555555556,neutral
LCCFVFII,27,24,2,4,51,6,0.5555555555555556,neutral
NCCCFYVV,38,22,6,4,60,10,0.5555555555555556,neutral
FRCYVYGC,64,50,17,17,114,34,0.5555555555555556,neutral
LFRFHFIV,32,19,2,4,51,6,0.5555555555555556,neutral
GGLFIYIG,36,24,5,5,60,10,0.5555555555555556,neutral
FYVLIYYF,21,21,1,1,42,2,0.5555555555555556,neutral
FVCVSICY,28,14,1,1,42,2,0.5555555555555556,neutral
DCIVFSFI,35,25,4,6,60,10,0.5555555555555556,neutral
CCCFFSIN,29,22,6,0,51,6,0.5555555555555556,neutral
FFLLNFGL,24,18,1,1,42,2,0.5555555555555556,neutral
FVCFLRVI,30,12,1,1,42,2,0.5555555555555556,neutral
VLCRVCCY,39,21,5,5,60,10,0.5555555555555556,neutral
IYCLCICG,39,21,3,7,60,10,0.5555555555555556,neutral
CYVCHCCF,61,44,14,16,105,30,0.5555555555555556,neutral
GRICVLVV,29,13,1,1,42,2,0.5555555555555556,neutral
FYDLVRGI,104,91,34,36,195,70,0.5555555555555556,neutral
FFFSHLFC,35,16,2,4,51,6,0.5555555555555556,neutral
LIYHYLVR,39,21,4,6,60,10,0.5555555555555556,neutral
GFFFFCYF,28,14,1,1,42,2,0.5555555555555556,neutral
IFCVRHFV,41,28,6,8,69,14,0.5555555555555556,neutral
CCDDFGGF,47,31,8,10,78,18,0.5555555555555556,neutral
FLYICIHC,22,20,0,2,42,2,0.5555555555555556,neutral
LFVLVCIC,32,19,3,3,51,6,0.5555555555555556,neutral
CFCNCIGG,53,34,11,11,87,22,0.5555555555555556,neutral
CFRCGYCV,36,24,4,6,60,10,0.5555555555555556,neutral
VIFGICLF,33,18,2,4,51,6,0.5555555555555556,neutral
FDIGSYRY,55,41,11,15,96,26,0.5555555555555556,neutral
YCFRCVYC,31,20,4,2,51,6,0.5555555555555556,neutral
IGVIFCFL,25,17,1,1,42,2,0.5555555555555556,neutral
FCFFVCIN,29,13,0,2,42,2,0.5555555555555556,neutral
CYYHYYLF,27,15,0,2,42,2,0.5555555555555556,neutral
LYFLFLHD,38,22,5,5,60,10,0.5555555555555556,neutral
IYVVYSIR,19,23,1,1,42,2,0.5555555555555556,neutral
CICLCVYY,35,16,4,2,51,6,0.5555555555555556,neutral
VYLYSRDL,34,17,2,4,51,6,0.5555555555555556,neutral
LCCVCGIC,37,32,4,10,69,14,0.5555555555555556,neutral
CFCVSYCR,81,76,24,29,157,53,0.5561497326203209,neutral
CRIYRVRF,77,62,25,20,139,45,0.5562130177514792,neutral
CLLCDGFF,73,57,21,20,130,41,0.55625,neutral
FSGIFVCV,74,56,25,16,130,41,0.55625,neutral
VCCCGIGY,67,54,16,21,121,37,0.5562913907284768,neutral
FRLYGCGV,63,58,13,24,121,37,0.5562913907284768,neutral
CDCGCYLV,51,43,13,12,94,25,0.5564516129032258,neutral
YIFYRFSR,56,38,15,10,94,25,0.5564516129032258,neutral
VIVCLCYH,55,39,16,9,94,25,0.5564516129032258,neutral
CYHFVCYY,54,40,12,13,94,25,0.5564516129032258,neutral
FYFGYGYN,49,36,8,13,85,21,0.5565217391304348,neutral
FCCHRIFI,51,34,12,9,85,21,0.5565217391304348,neutral
CFLCGCFI,50,35,12,9,85,21,0.5565217391304348,neutral
CFCNCCVD,48,37,12,9,85,21,0.5565217391304348,neutral
VGYCVFYV,51,34,12,9,85,21,0.5565217391304348,neutral
SRYYIRYC,51,34,11,10,85,21,0.5565217391304348,neutral
FCFVYLDH,46,30,8,9,76,17,0.5566037735849056,neutral
YSGDFRSY,46,30,10,7,76,17,0.5566037735849056,neutral
FGFIIGYY,47,29,10,7,76,17,0.5566037735849056,neutral
VIVRLYDF,43,33,7,10,76,17,0.5566037735849056,neutral
RVCCFYLR,47,29,10,7,76,17,0.5566037735849056,neutral
FLVSIGIV,43,33,9,8,76,17,0.5566037735849056,neutral
FVFDLRHG,42,34,7,10,76,17,0.5566037735849056,neutral
IYICYSSL,45,31,9,8,76,17,0.5566037735849056,neutral
YVCCRFYG,41,26,5,8,67,13,0.5567010309278351,neutral
FDCLGVHV,41,26,5,8,67,13,0.5567010309278351,neutral
YCGCCLFY,40,27,7,6,67,13,0.5567010309278351,neutral
CVVYVFHR,43,24,7,6,67,13,0.5567010309278351,neutral
RFFSFYVG,33,34,4,9,67,13,0.5567010309278351,neutral
LRHIVVIR,41,26,6,7,67,13,0.5567010309278351,neutral
CYRGVIHY,35,32,6,7,67,13,0.5567010309278351,neutral
LCILVYYG,41,26,6,7,67,13,0.5567010309278351,neutral
CFFCCFGV,43,24,7,6,67,13,0.5567010309278351,neutral
ICFFIGSL,38,20,5,4,58,9,0.5568181818181818,neutral
CFYFVYIH,35,23,4,5,58,9,0.5568181818181818,neutral
CCCFVCLC,36,22,5,4,58,9,0.5568181818181818,neutral
CVVLCLGY,38,20,6,3,58,9,0.5568181818181818,neutral
CCVFFCIC,29,29,4,5,58,9,0.5568181818181818,neutral
YLCCCCCF,29,29,5,4,58,9,0.5568181818181818,neutral
FVDGFIDD,81,65,25,23,146,48,0.5568181818181818,neutral
FGGFFYCV,35,23,3,6,58,9,0.5568181818181818,neutral
DFYLLVSL,32,26,5,4,58,9,0.5568181818181818,neutral
IIFCLIHV,38,20,4,5,58,9,0.5568181818181818,neutral
VVFIYHIC,32,26,5,4,58,9,0.5568181818181818,neutral
SVSLIFVL,33,25,5,4,58,9,0.5568181818181818,neutral
SVYICCCF,33,25,2,7,58,9,0.5568181818181818,neutral
FFVCCGCD,73,64,13,31,137,44,0.5568862275449101,neutral
FRVCCFCN,31,18,2,3,49,5,0.5569620253164557,neutral
DICIGILF,28,21,5,0,49,5,0.5569620253164557,neutral
CFCCFSDF,29,20,3,2,49,5,0.5569620253164557,neutral
YFILVCVF,30,19,3,2,49,5,0.5569620253164557,neutral
IFYCCICV,33,16,0,5,49,5,0.5569620253164557,neutral
FRCYFIGC,30,19,2,3,49,5,0.5569620253164557,neutral
FLICIYGV,31,18,2,3,49,5,0.5569620253164557,neutral
CFLFVVDF,33,16,4,1,49,5,0.5569620253164557,neutral
LCGVVYVY,31,18,1,4,49,5,0.5569620253164557,neutral
FFFFGCRG,30,19,0,5,49,5,0.5569620253164557,neutral
IFFCYILL,29,20,2,3,49,5,0.5569620253164557,neutral
CFCFVFHL,32,17,4,1,49,5,0.5569620253164557,neutral
FYLVNFIV,32,17,3,2,49,5,0.5569620253164557,neutral
FCFYFIFS,25,24,3,2,49,5,0.5569620253164557,neutral
CGFCCFVR,31,18,3,2,49,5,0.5569620253164557,neutral
VNILINVF,23,26,1,4,49,5,0.5569620253164557,neutral
FCVIFCSC,24,25,3,2,49,5,0.5569620253164557,neutral
FFLICFLD,29,20,3,2,49,5,0.5569620253164557,neutral
CCVISCHS,68,51,15,21,119,36,0.5570469798657718,neutral
VYHFVVLR,22,18,1,0,40,1,0.5571428571428572,neutral
FFNFFCIC,22,18,0,1,40,1,0.5571428571428572,neutral
YFVFVRHC,26,14,0,1,40,1,0.5571428571428572,neutral
LYDIIIFF,19,21,0,1,40,1,0.5571428571428572,neutral
CDIICCFI,27,13,0,1,40,1,0.5571428571428572,neutral
YLVSVYFY,21,19,1,0,40,1,0.5571428571428572,neutral
FVLCVYVC,27,13,1,0,40,1,0.5571428571428572,neutral
LVVLFSRR,27,13,1,0,40,1,0.5571428571428572,neutral
FCFFRCFC,25,15,0,1,40,1,0.5571428571428572,neutral
FGCIYILV,22,18,0,1,40,1,0.5571428571428572,neutral
FFLLCICI,25,15,0,1,40,1,0.5571428571428572,neutral
VFHICFRV,27,13,1,0,40,1,0.5571428571428572,neutral
FLFDVFCF,23,17,0,1,40,1,0.5571428571428572,neutral
IFVVIGRF,28,12,0,1,40,1,0.5571428571428572,neutral
FCFFVFFF,24,16,1,0,40,1,0.5571428571428572,neutral
FLVLRIYF,22,18,1,0,40,1,0.5571428571428572,neutral
FVFCYICY,28,12,0,1,40,1,0.5571428571428572,neutral
FRIHFFRR,28,12,1,0,40,1,0.5571428571428572,neutral
IFRIFRRC,26,14,1,0,40,1,0.5571428571428572,neutral
FRFLCLLY,22,18,1,0,40,1,0.5571428571428572,neutral
GFLIYLVY,21,19,0,1,40,1,0.5571428571428572,neutral
RFFCFCSF,22,18,1,0,40,1,0.5571428571428572,neutral
FFCCFSIF,23,17,0,1,40,1,0.5571428571428572,neutral
RFLVRFVF,27,13,1,0,40,1,0.5571428571428572,neutral
CFICCGCY,24,16,1,0,40,1,0.5571428571428572,neutral
VIFIVNVR,23,17,0,1,40,1,0.5571428571428572,neutral
IIRFRFCV,26,14,0,1,40,1,0.5571428571428572,neutral
VCFHVIFF,16,24,1,0,40,1,0.5571428571428572,neutral
FVCHSYHS,56,45,15,13,101,28,0.5572519083969466,neutral
FFYSRSGH,54,38,14,10,92,24,0.5573770491803278,neutral
CVCSGYFN,53,39,9,15,92,24,0.5573770491803278,neutral
RFYCLFFR,48,35,11,9,83,20,0.5575221238938053,neutral
CLSYCCGC,49,34,9,11,83,20,0.5575221238938053,neutral
CICSSLYY,46,37,12,8,83,20,0.5575221238938053,neutral
IFVVRCFR,51,32,10,10,83,20,0.5575221238938053,neutral
FYLYRGGH,50,33,6,14,83,20,0.5575221238938053,neutral
FCHCCCLG,46,37,12,8,83,20,0.5575221238938053,neutral
VLHVGCCC,45,38,6,14,83,20,0.5575221238938053,neutral
RFDVCGYI,49,34,10,10,83,20,0.5575221238938053,neutral
HIILGYFC,36,38,8,8,74,16,0.5576923076923077,neutral
FCLCNCVY,46,28,9,7,74,16,0.5576923076923077,neutral
CDICVRYS,46,28,7,9,74,16,0.5576923076923077,neutral
FFCFIVYS,46,28,6,10,74,16,0.5576923076923077,neutral
NFCVVING,44,30,6,10,74,16,0.5576923076923077,neutral
YVGFNVFC,45,29,9,7,74,16,0.5576923076923077,neutral
FVGLNSCF,40,34,11,5,74,16,0.5576923076923077,neutral
VLVYVDVC,41,33,5,11,74,16,0.5576923076923077,neutral
HSFVLFFR,39,35,8,8,74,16,0.5576923076923077,neutral
FGGVLSGF,46,28,10,6,74,16,0.5576923076923077,neutral
VIGCCCLR,38,27,6,6,65,12,0.5578947368421052,neutral
YRCNFLYL,34,31,3,9,65,12,0.5578947368421052,neutral
YLLCFSHI,40,25,7,5,65,12,0.5578947368421052,neutral
FFSGYSDV,37,28,8,4,65,12,0.5578947368421052,neutral
ISVCVDFD,41,24,3,9,65,12,0.5578947368421052,neutral
CCYICRRV,41,24,6,6,65,12,0.5578947368421052,neutral
VFYNIFFN,41,24,5,7,65,12,0.5578947368421052,neutral
CYYVINLF,42,23,8,4,65,12,0.5578947368421052,neutral
FCVFSFSC,41,24,7,5,65,12,0.5578947368421052,neutral
GCCCVFGI,40,25,6,6,65,12,0.5578947368421052,neutral
GHHCVIFL,38,27,4,8,65,12,0.5578947368421052,neutral
CFCCRYNF,33,23,3,5,56,8,0.5581395348837209,neutral
FCYFFCVL,36,20,3,5,56,8,0.5581395348837209,neutral
IFYCVCVC,33,23,2,6,56,8,0.5581395348837209,neutral
VFHCISFY,55,44,16,11,99,27,0.5581395348837209,neutral
CYCGIYFY,32,24,2,6,56,8,0.5581395348837209,neutral
FIGCCCFG,56,43,12,15,99,27,0.5581395348837209,neutral
CCYLVVLD,35,21,2,6,56,8,0.5581395348837209,neutral
SICIIIFR,37,19,3,5,56,8,0.5581395348837209,neutral
CICICFHN,31,25,6,2,56,8,0.5581395348837209,neutral
LFCYFCVC,33,23,5,3,56,8,0.5581395348837209,neutral
YDCYFCYR,37,19,2,6,56,8,0.5581395348837209,neutral
CYNIVLCI,35,21,3,5,56,8,0.5581395348837209,neutral
FFRVFFIC,37,19,2,6,56,8,0.5581395348837209,neutral
YRFVFIGR,35,21,5,3,56,8,0.5581395348837209,neutral
ICCCCSYV,56,43,8,19,99,27,0.5581395348837209,neutral
LYVCCFVD,54,45,12,15,99,27,0.5581395348837209,neutral
CCFVCFGY,35,21,3,5,56,8,0.5581395348837209,neutral
VIVYCCLC,35,21,6,2,56,8,0.5581395348837209,neutral
YYHGSYVR,57,42,14,13,99,27,0.5581395348837209,neutral
FFLYLNYV,35,21,3,5,56,8,0.5581395348837209,neutral
VRVDIYFC,35,21,2,6,56,8,0.5581395348837209,neutral
FHVNFVFC,56,43,9,18,99,27,0.5581395348837209,neutral
YCCHVRYR,58,41,13,14,99,27,0.5581395348837209,neutral
NICCYLRF,33,23,5,3,56,8,0.5581395348837209,neutral
FVIYVLDY,37,19,6,2,56,8,0.5581395348837209,neutral
DYRDGCLI,76,57,21,21,133,42,0.558282208588957,neutral
YVFYDRGS,75,58,25,17,133,42,0.558282208588957,neutral
CYYGGYGC,70,63,16,26,133,42,0.558282208588957,neutral
CVCYCFCC,53,37,12,11,90,23,0.5583333333333333,neutral
FCSRFYYC,54,36,11,12,90,23,0.5583333333333333,neutral
FCCFIDVL,48,42,12,11,90,23,0.5583333333333333,neutral
CCLLHLSC,51,39,12,11,90,23,0.5583333333333333,neutral
CGHCCDFY,54,36,8,15,90,23,0.5583333333333333,neutral
FFIDDYRR,54,36,13,10,90,23,0.5583333333333333,neutral
FYFCFGCG,54,36,10,13,90,23,0.5583333333333333,neutral
FFLYVCCV,33,14,1,3,47,4,0.5584415584415584,neutral
YSYFVLCY,26,21,2,2,47,4,0.5584415584415584,neutral
IFICCYCC,30,17,3,1,47,4,0.5584415584415584,neutral
FCVFIYYC,29,18,2,2,47,4,0.5584415584415584,neutral
YVFFICCV,29,18,3,1,47,4,0.5584415584415584,neutral
GHLFVVCL,21,26,2,2,47,4,0.5584415584415584,neutral
FSSFVFYF,32,15,4,0,47,4,0.5584415584415584,neutral
FFVVVSII,28,19,2,2,47,4,0.5584415584415584,neutral
GFSFCILF,32,15,2,2,47,4,0.5584415584415584,neutral
IDFYIFRL,27,20,1,3,47,4,0.5584415584415584,neutral
CYLVFCCR,25,22,1,3,47,4,0.5584415584415584,neutral
FFCLFFFV,31,16,1,3,47,4,0.5584415584415584,neutral
YVFFFCND,23,24,2,2,47,4,0.5584415584415584,neutral
HLFFSFHL,25,22,0,4,47,4,0.5584415584415584,neutral
LVCFGHFI,28,19,2,2,47,4,0.5584415584415584,neutral
CCFFYCFF,31,16,2,2,47,4,0.5584415584415584,neutral
CVGFCIFR,29,18,4,0,47,4,0.5584415584415584,neutral
VIVFYYIR,30,17,1,3,47,4,0.5584415584415584,neutral
YFFLLGIC,30,17,2,2,47,4,0.5584415584415584,neutral
CFIVICFY,27,20,0,4,47,4,0.5584415584415584,neutral
FCFFCVLL,33,14,1,3,47,4,0.5584415584415584,neutral
VYLFFSVL,25,22,3,1,47,4,0.5584415584415584,neutral
FHLFCLYI,28,19,2,2,47,4,0.5584415584415584,neutral
FYYVCIDC,44,37,5,14,81,19,0.5585585585585585,neutral
GFYCGCCC,42,39,11,8,81,19,0.5585585585585585,neutral
YCYHVYFR,50,31,11,8,81,19,0.5585585585585585,neutral
CSYGCVIF,50,31,11,8,81,19,0.5585585585585585,neutral
YSDFNSHY,64,51,16,18,115,34,0.5586206896551724,neutral
HICCFCLG,60,55,18,16,115,34,0.5586206896551724,neutral
FCCRCVYD,67,48,17,17,115,34,0.5586206896551724,neutral
FDHVFCDC,65,50,17,17,115,34,0.5586206896551724,neutral
CNCCISVY,67,48,20,14,115,34,0.5586206896551724,neutral
FGVFIVRS,67,48,10,24,115,34,0.5586206896551724,neutral
FILRCCDY,41,31,8,7,72,15,0.5588235294117647,neutral
CFNSGIGY,43,29,7,8,72,15,0.5588235294117647,neutral
FCIFFLRV,25,13,0,0,38,0,0.5588235294117647,neutral
LFGVCFLG,62,44,14,16,106,30,0.5588235294117647,neutral
IYSFFYCI,25,13,0,0,38,0,0.5588235294117647,neutral
FYYYICFV,42,30,9,6,72,15,0.5588235294117647,neutral
FFFCLLGH,24,14,0,0,38,0,0.5588235294117647,neutral
YHRGIFGY,41,31,7,8,72,15,0.5588235294117647,neutral
NIYYYGRD,41,31,5,10,72,15,0.5588235294117647,neutral
FFDVRISY,95,79,24,36,174,60,0.5588235294117647,neutral
FFFCFFRF,26,12,0,0,38,0,0.5588235294117647,neutral
HYVCGSCY,62,44,13,17,106,30,0.5588235294117647,neutral
ILGCHSYI,60,46,16,14,106,30,0.5588235294117647,neutral
FCLYVCFR,22,16,0,0,38,0,0.5588235294117647,neutral
CHFRVIFL,23,15,0,0,38,0,0.5588235294117647,neutral
FRLFFFDL,26,12,0,0,38,0,0.5588235294117647,neutral
CVRCFVDC,90,75,25,31,165,56,0.558974358974359,neutral
FCCFYLSD,57,40,10,16,97,26,0.5590551181102362,neutral
CRCVVVCN,83,73,28,24,156,52,0.5591397849462365,neutral
CRFFLCHL,33,30,7,4,63,11,0.5591397849462365,neutral
VCICYRCI,40,23,6,5,63,11,0.5591397849462365,neutral
LLCGVLCL,31,32,6,5,63,11,0.5591397849462365,neutral
CYCCYCIY,38,25,1,10,63,11,0.5591397849462365,neutral
CFCFVVSI,39,24,7,4,63,11,0.5591397849462365,neutral
CLSLCYFS,38,25,5,6,63,11,0.5591397849462365,neutral
CCRIRCFV,36,27,4,7,63,11,0.5591397849462365,neutral
YICIFDIL,41,22,4,7,63,11,0.5591397849462365,neutral
YCYFVFVG,52,36,12,10,88,22,0.559322033898305,neutral
ICDFINCD,51,37,9,13,88,22,0.559322033898305,neutral
YYFVHCRY,44,44,6,16,88,22,0.559322033898305,neutral
FCICDFYF,49,39,11,11,88,22,0.559322033898305,neutral
HYCYNNFR,53,35,12,10,88,22,0.559322033898305,neutral
CCYDVYCV,66,47,18,15,113,33,0.5594405594405595,neutral
NHIFYGVC,62,51,17,16,113,33,0.5594405594405595,neutral
GCDCCHVR,64,49,12,21,113,33,0.5594405594405595,neutral
YYYVRVFR,32,22,3,4,54,7,0.5595238095238095,neutral
GVFIYCYL,36,18,4,3,54,7,0.5595238095238095,neutral
DIVCYLDF,29,25,6,1,54,7,0.5595238095238095,neutral
CVLFVLRR,35,19,4,3,54,7,0.5595238095238095,neutral
CSCVIVFF,33,21,3,4,54,7,0.5595238095238095,neutral
YRCYSDVL,35,19,3,4,54,7,0.5595238095238095,neutral
YCFCCYSL,30,24,3,4,54,7,0.5595238095238095,neutral
YCLRCVVL,26,28,2,5,54,7,0.5595238095238095,neutral
IFFISNLF,31,23,5,2,54,7,0.5595238095238095,neutral
FVVCCLIF,31,23,2,5,54,7,0.5595238095238095,neutral
FLVFYYCI,34,20,2,5,54,7,0.5595238095238095,neutral
YICFNFYF,30,24,7,0,54,7,0.5595238095238095,neutral
FCGYCLVV,33,21,2,5,54,7,0.5595238095238095,neutral
GFVFHVLC,48,31,10,8,79,18,0.5596330275229358,neutral
CCFFCHCL,45,34,9,9,79,18,0.5596330275229358,neutral
HYFCDYSH,47,32,8,10,79,18,0.5596330275229358,neutral
FFCVYVYH,42,37,5,13,79,18,0.5596330275229358,neutral
CNFFYCHC,46,33,11,7,79,18,0.5596330275229358,neutral
VDCCFCGF,41,38,13,5,79,18,0.5596330275229358,neutral
LCCVLHCI,46,33,5,13,79,18,0.5596330275229358,neutral
CFRFCRCV,44,26,3,11,70,14,0.56,neutral
FCFFIIDC,24,21,2,1,45,3,0.56,neutral
IFVCGIFY,32,13,3,0,45,3,0.56,neutral
FHVYFGIL,29,16,0,3,45,3,0.56,neutral
IVFGVLLY,27,18,2,1,45,3,0.56,neutral
FCFLLCNG,69,51,13,23,120,36,0.56,neutral
YFIYSLYI,28,17,1,2,45,3,0.56,neutral
VFYFSIFD,81,64,16,31,145,47,0.56,neutral
YDFLICYR,51,44,12,13,95,25,0.56,neutral
CICFRCDC,43,27,6,8,70,14,0.56,neutral
FCVVYCVF,28,17,1,2,45,3,0.56,neutral
FYYGFLCF,27,18,1,2,45,3,0.56,neutral
FYHCCVFL,28,17,0,3,45,3,0.56,neutral
CFLFCYVV,29,16,1,2,45,3,0.56,neutral
CNFFCYVC,41,29,8,6,70,14,0.56,neutral
FFRFCLLC,22,23,0,3,45,3,0.56,neutral
FCICVFIC,28,17,1,2,45,3,0.56,neutral
FLYILISY,24,21,0,3,45,3,0.56,neutral
FRIHCIRF,31,14,0,3,45,3,0.56,neutral
RFYVCYVL,28,17,0,3,45,3,0.56,neutral
FVCCFVIV,24,21,3,0,45,3,0.56,neutral
FYVRCYIH,29,16,2,1,45,3,0.56,neutral
LIRCLVLL,29,16,1,2,45,3,0.56,neutral
FIYSVFFF,29,16,0,3,45,3,0.56,neutral
FVCCIIVC,25,20,2,1,45,3,0.56,neutral
FNVICYYF,30,15,3,0,45,3,0.56,neutral
YFLVRVIL,31,14,1,2,45,3,0.56,neutral
FFCFHFCF,27,18,2,1,45,3,0.56,neutral
FILCYLFG,30,15,0,3,45,3,0.56,neutral
FFVVSFCV,28,17,2,1,45,3,0.56,neutral
FRCYCYVY,28,17,0,3,45,3,0.56,neutral
GDFFDDRC,90,71,25,29,161,54,0.5602094240837696,neutral
VLFFDFVC,76,60,17,26,136,43,0.5602409638554217,neutral
IVFVNCFC,52,34,8,13,86,21,0.5603448275862069,neutral
CIVLLFYR,51,35,7,14,86,21,0.5603448275862069,neutral
CCVCCFCL,50,36,13,8,86,21,0.5603448275862069,neutral
IGSVCIDY,38,23,5,5,61,10,0.5604395604395604,neutral
GHVFCCFF,33,28,6,4,61,10,0.5604395604395604,neutral
FCFCFFCV,40,21,4,6,61,10,0.5604395604395604,neutral
CFNFCFFY,40,21,7,3,61,10,0.5604395604395604,neutral
RVFIFVCG,40,21,3,7,61,10,0.5604395604395604,neutral
CGVICVCC,37,24,3,7,61,10,0.5604395604395604,neutral
FFCCGICC,38,23,5,5,61,10,0.5604395604395604,neutral
RIVFGFRI,37,24,3,7,61,10,0.5604395604395604,neutral
HCCVLCDF,39,22,4,6,61,10,0.5604395604395604,neutral
VLCILFVL,33,28,3,7,61,10,0.5604395604395604,neutral
VLLIFLFC,35,26,2,8,61,10,0.5604395604395604,neutral
GYFCNCCL,33,28,6,4,61,10,0.5604395604395604,neutral
FIRVHDCY,38,23,5,5,61,10,0.5604395604395604,neutral
YCGFGFGD,38,23,6,4,61,10,0.5604395604395604,neutral
FNYVCFVY,40,21,5,5,61,10,0.5604395604395604,neutral
DIFCCCVV,55,47,17,11,102,28,0.5606060606060606,neutral
SILFGRYD,60,42,11,17,102,28,0.5606060606060606,neutral
VGGCFFCY,60,42,19,9,102,28,0.5606060606060606,neutral
CFYRNYYF,60,42,17,11,102,28,0.5606060606060606,neutral
ILRFRFGC,59,43,11,17,102,28,0.5606060606060606,neutral
FHRYVRLY,48,29,6,11,77,17,0.5607476635514018,neutral
CVYFCFVD,48,29,10,7,77,17,0.5607476635514018,neutral
HNFYFRHV,46,31,9,8,77,17,0.5607476635514018,neutral
SCVLIVVH,47,30,4,13,77,17,0.5607476635514018,neutral
CFYSCFLC,28,24,3,3,52,6,0.5609756097560976,neutral
CIVHYYFC,33,19,5,1,52,6,0.5609756097560976,neutral
DHYICYIR,51,42,14,10,93,24,0.5609756097560976,neutral
ILFYCLFG,34,18,3,3,52,6,0.5609756097560976,neutral
LIFCFCLC,34,18,2,4,52,6,0.5609756097560976,neutral
CFCHLLCC,32,20,1,5,52,6,0.5609756097560976,neutral
YYIILCLV,31,21,3,3,52,6,0.5609756097560976,neutral
FFIYCYIH,31,21,4,2,52,6,0.5609756097560976,neutral
YFCVYFVR,28,24,3,3,52,6,0.5609756097560976,neutral
CFNLVICC,27,25,2,4,52,6,0.5609756097560976,neutral
VCFCGCCL,31,21,2,4,52,6,0.5609756097560976,neutral
YFCVNYVR,31,21,4,2,52,6,0.5609756097560976,neutral
SFGGSYDF,33,19,0,6,52,6,0.5609756097560976,neutral
FCFFFVSC,33,19,3,3,52,6,0.5609756097560976,neutral
HYDVDYDF,30,22,1,5,52,6,0.5609756097560976,neutral
CFCCVFIL,32,20,3,3,52,6,0.5609756097560976,neutral
CIYCFIGV,31,21,3,3,52,6,0.5609756097560976,neutral
FISCILLF,35,17,2,4,52,6,0.5609756097560976,neutral
YICIVGLF,35,17,4,2,52,6,0.5609756097560976,neutral
YVLIRFRG,34,18,3,3,52,6,0.5609756097560976,neutral
VCIHHHVY,59,50,17,14,109,31,0.5611510791366906,neutral
GLGVGSFF,63,46,14,17,109,31,0.5611510791366906,neutral
YCYGRCCF,42,26,9,4,68,13,0.5612244897959183,neutral
VIGYVRII,40,28,8,5,68,13,0.5612244897959183,neutral
IVCYGNFR,39,29,7,6,68,13,0.5612244897959183,neutral
FFVCRYRV,39,29,10,3,68,13,0.5612244897959183,neutral
FFYSRFGH,90,76,25,31,166,56,0.5612244897959183,neutral
CCFGYFLV,41,27,7,6,68,13,0.5612244897959183,neutral
CCYDCYFC,72,53,17,21,125,38,0.5612903225806452,neutral
VFDGVDYY,72,53,19,19,125,38,0.5612903225806452,neutral
FIVRCGFL,50,34,5,15,84,20,0.5614035087719298,neutral
GCFVYSID,49,35,11,9,84,20,0.5614035087719298,neutral
VFVYYCVG,46,38,11,9,84,20,0.5614035087719298,neutral
GGFSVVFF,51,33,8,12,84,20,0.5614035087719298,neutral
LCSFCHVF,49,35,6,14,84,20,0.5614035087719298,neutral
VIDVLVRF,49,35,10,10,84,20,0.5614035087719298,neutral
VILFGYCC,47,37,9,11,84,20,0.5614035087719298,neutral
FCCCFNFI,55,45,10,17,100,27,0.5615384615384615,neutral
FFFLHGYY,56,44,11,16,100,27,0.5615384615384615,neutral
CNCCFCVN,50,50,13,14,100,27,0.5615384615384615,neutral
FCFYRLFC,26,17,1,1,43,2,0.5616438356164384,neutral
CFCFSVYF,25,18,0,2,43,2,0.5616438356164384,neutral
CCIFYFLV,25,18,1,1,43,2,0.5616438356164384,neutral
LFRFCCLL,28,15,0,2,43,2,0.5616438356164384,neutral
YCCLCIRV,28,15,0,2,43,2,0.5616438356164384,neutral
VCFVGVVF,25,18,0,2,43,2,0.5616438356164384,neutral
CFCIRVLR,27,16,2,0,43,2,0.5616438356164384,neutral
GNRYFFFF,24,19,1,1,43,2,0.5616438356164384,neutral
CCSFFFYF,21,22,0,2,43,2,0.5616438356164384,neutral
HLYVICHI,26,17,2,0,43,2,0.5616438356164384,neutral
GVFICISL,24,19,0,2,43,2,0.5616438356164384,neutral
ICCIRFYV,23,20,1,1,43,2,0.5616438356164384,neutral
FILICISF,20,23,2,0,43,2,0.5616438356164384,neutral
FCRFCFFV,28,15,0,2,43,2,0.5616438356164384,neutral
FIFCVFCH,27,16,2,0,43,2,0.5616438356164384,neutral
VLFVVCFV,28,15,1,1,43,2,0.5616438356164384,neutral
FVCRLCLF,26,17,2,0,43,2,0.5616438356164384,neutral
CRFGFVLF,26,17,2,0,43,2,0.5616438356164384,neutral
FFFYICFY,31,12,2,0,43,2,0.5616438356164384,neutral
VLFFYIFL,29,14,1,1,43,2,0.5616438356164384,neutral
FFFCCVIS,27,16,2,0,43,2,0.5616438356164384,neutral
SYCVSFIF,30,13,0,2,43,2,0.5616438356164384,neutral
CRLLYCFF,31,12,1,1,43,2,0.5616438356164384,neutral
FLCICIDR,29,14,1,1,43,2,0.5616438356164384,neutral
NVFYFYYC,25,18,1,1,43,2,0.5616438356164384,neutral
RLFVFVSF,22,21,0,2,43,2,0.5616438356164384,neutral
FHYYCFFF,26,17,1,1,43,2,0.5616438356164384,neutral
VYLYFFDF,25,18,0,2,43,2,0.5616438356164384,neutral
CDLFCDCC,67,49,17,17,116,34,0.5616438356164384,neutral
HFFYCIIV,23,20,1,1,43,2,0.5616438356164384,neutral
ICVVIRFC,25,18,1,1,43,2,0.5616438356164384,neutral
FFLFYVVV,24,19,1,1,43,2,0.5616438356164384,neutral
FCICCFFI,31,12,0,2,43,2,0.5616438356164384,neutral
ICVFVLSD,28,15,1,1,43,2,0.5616438356164384,neutral
CCFYRFFC,29,14,0,2,43,2,0.5616438356164384,neutral
ICFVCFIF,24,19,1,1,43,2,0.5616438356164384,neutral
FCHIVCHV,75,57,24,17,132,41,0.5617283950617284,neutral
YGGDYFDI,74,58,19,22,132,41,0.5617283950617284,neutral
VRFCCCSC,37,22,1,8,59,9,0.5617977528089888,neutral
HCFVVCCL,38,21,4,5,59,9,0.5617977528089888,neutral
VYCFCSFR,38,21,4,5,59,9,0.5617977528089888,neutral
GSFFVDYS,38,21,4,5,59,9,0.5617977528089888,neutral
LYNIGFNV,36,23,4,5,59,9,0.5617977528089888,neutral
CYNFFFCF,39,20,4,5,59,9,0.5617977528089888,neutral
CSLVRIIV,39,20,7,2,59,9,0.5617977528089888,neutral
SHFFCVVL,34,25,3,6,59,9,0.5617977528089888,neutral
VYYGDVNC,38,21,6,3,59,9,0.5617977528089888,neutral
NRYFCLSF,39,20,2,7,59,9,0.5617977528089888,neutral
YCVRDYDV,38,21,1,8,59,9,0.5617977528089888,neutral
NVHLCFRF,35,24,3,6,59,9,0.5617977528089888,neutral
FNFRYCLF,37,22,3,6,59,9,0.5617977528089888,neutral
FFYCHFSC,35,24,2,7,59,9,0.5617977528089888,neutral
VYFLSCCV,36,23,4,5,59,9,0.5617977528089888,neutral
IYFCRCCV,39,20,3,6,59,9,0.5617977528089888,neutral
FDCICICV,35,24,4,5,59,9,0.5617977528089888,neutral
FYCGCCGL,44,31,8,8,75,16,0.5619047619047619,neutral
FCYHLCFL,40,35,6,10,75,16,0.5619047619047619,neutral
CYIDCICC,45,30,9,7,75,16,0.5619047619047619,neutral
FFCYFLVG,46,29,6,10,75,16,0.5619047619047619,neutral
FCFCGFGI,46,29,10,6,75,16,0.5619047619047619,neutral
CCVLCVGF,54,37,11,12,91,23,0.5619834710743802,neutral
CCCHCDSC,55,36,6,17,91,23,0.5619834710743802,neutral
CGDVDFFC,52,39,8,15,91,23,0.5619834710743802,neutral
FHLVRCGI,55,36,8,15,91,23,0.5619834710743802,neutral
CIYVCCGG,53,38,14,9,91,23,0.5619834710743802,neutral
FRYYRYVY,53,38,10,13,91,23,0.5619834710743802,neutral
LRCLGFLD,51,40,14,9,91,23,0.5619834710743802,neutral
FRSYRDFL,63,44,19,11,107,30,0.5620437956204379,neutral
VGSGCFFV,63,44,9,21,107,30,0.5620437956204379,neutral
VCHGDFCI,78,61,20,24,139,44,0.5621301775147929,neutral
HFCRYNFR,76,63,20,24,139,44,0.5621301775147929,neutral
FCVFHLFG,31,19,3,2,50,5,0.5625,neutral
VFFCCCRI,32,18,4,1,50,5,0.5625,neutral
YDRFGYCG,42,24,4,8,66,12,0.5625,neutral
FCCIFFCR,34,16,2,3,50,5,0.5625,neutral
FYCVGVYC,72,58,23,17,130,40,0.5625,neutral
LLYLCFFY,30,20,3,2,50,5,0.5625,neutral
FCVCCIDF,31,19,3,2,50,5,0.5625,neutral
CCFFVFDC,49,33,10,9,82,19,0.5625,neutral
FFDLYVCL,39,27,7,5,66,12,0.5625,neutral
CFVVIFDY,34,16,3,2,50,5,0.5625,neutral
RFFYVCVY,34,32,6,6,66,12,0.5625,neutral
CVGVLCVI,34,16,3,2,50,5,0.5625,neutral
DLYDCLSS,66,48,11,22,114,33,0.5625,neutral
RLCCCGIF,43,39,10,9,82,19,0.5625,neutral
IYFIRVVI,31,19,3,2,50,5,0.5625,neutral
LFVCFCVL,31,19,0,5,50,5,0.5625,neutral
CCHLFFGF,28,22,1,4,50,5,0.5625,neutral
RNNCYDYL,56,42,10,16,98,26,0.5625,neutral
VFGDDLRF,72,58,21,19,130,40,0.5625,neutral
CFVCIFLL,33,17,2,3,50,5,0.5625,neutral
DYYYVHSR,39,27,6,6,66,12,0.5625,neutral
INLIFVRI,30,20,3,2,50,5,0.5625,neutral
CFCGYFVC,32,34,7,5,66,12,0.5625,neutral
FCYHFFLF,27,23,2,3,50,5,0.5625,neutral
SILICIVG,27,23,4,1,50,5,0.5625,neutral
CRCYNVFV,58,40,13,13,98,26,0.5625,neutral
FSVYFYCC,29,21,1,4,50,5,0.5625,neutral
IVHYCFLF,32,18,2,3,50,5,0.5625,neutral
YGYCGIVR,38,28,6,6,66,12,0.5625,neutral
GDYIFVCY,47,35,11,8,82,19,0.5625,neutral
IFSCFYFI,33,17,3,2,50,5,0.5625,neutral
IIVCVYHV,33,17,3,2,50,5,0.5625,neutral
LCFFICVC,30,20,4,1,50,5,0.5625,neutral
FYLLVCYG,29,21,1,4,50,5,0.5625,neutral
VICICDLF,29,21,1,4,50,5,0.5625,neutral
VIVFCVNV,42,24,2,10,66,12,0.5625,neutral
VFLYIFGY,31,19,4,1,50,5,0.5625,neutral
CCFYHDLF,84,69,20,30,153,50,0.5628415300546448,neutral
CNCCCSHL,78,59,18,25,137,43,0.562874251497006,neutral
FYGCFVVL,68,53,19,17,121,36,0.5629139072847682,neutral
FSCVFVFR,59,46,15,14,105,29,0.562962962962963,neutral
CIISYRFC,61,44,10,19,105,29,0.562962962962963,neutral
SCGVCFVC,59,46,16,13,105,29,0.562962962962963,neutral
ICGLCVVR,54,35,10,12,89,22,0.5630252100840336,neutral
VFLYSLGG,52,37,10,12,89,22,0.5630252100840336,neutral
VYFGYCIL,53,36,9,13,89,22,0.5630252100840336,neutral
VRDCYNFI,52,37,8,14,89,22,0.5630252100840336,neutral
RCCCICLG,48,41,9,13,89,22,0.5630252100840336,neutral
GHHIDYSF,43,30,8,7,73,15,0.5631067961165048,neutral
CFFCIRGS,44,29,5,10,73,15,0.5631067961165048,neutral
FSRCLFDL,41,32,3,12,73,15,0.5631067961165048,neutral
CNSCILYF,44,29,6,9,73,15,0.5631067961165048,neutral
GFFFVISC,43,30,7,8,73,15,0.5631067961165048,neutral
RCGDYYFG,40,33,8,7,73,15,0.5631067961165048,neutral
LLFSICYS,44,29,5,10,73,15,0.5631067961165048,neutral
FHLYCVFH,40,33,6,9,73,15,0.5631067961165048,neutral
CFVIYSIH,42,31,8,7,73,15,0.5631067961165048,neutral
LYCFFCDI,35,22,1,7,57,8,0.5632183908045977,neutral
YCYLVFCC,31,26,6,2,57,8,0.5632183908045977,neutral
RCILYGLF,33,24,4,4,57,8,0.5632183908045977,neutral
RLSYVVLV,34,23,1,7,57,8,0.5632183908045977,neutral
FLCYIYLG,35,22,3,5,57,8,0.5632183908045977,neutral
YSIYGDID,34,23,5,3,57,8,0.5632183908045977,neutral
VLYCVHFG,35,22,4,4,57,8,0.5632183908045977,neutral
LCFFFYYL,32,25,5,3,57,8,0.5632183908045977,neutral
VLFSNYHY,30,27,5,3,57,8,0.5632183908045977,neutral
CVIVYVGC,37,20,2,6,57,8,0.5632183908045977,neutral
YFGLFFFR,30,27,3,5,57,8,0.5632183908045977,neutral
FGVSYGRY,36,21,1,7,57,8,0.5632183908045977,neutral
CCFFIVGH,36,21,3,5,57,8,0.5632183908045977,neutral
FIYCFVFR,30,27,6,2,57,8,0.5632183908045977,neutral
YCFLLCCC,26,31,4,4,57,8,0.5632183908045977,neutral
LILGVVRF,32,25,5,3,57,8,0.5632183908045977,neutral
CFFCCIVG,32,25,7,1,57,8,0.5632183908045977,neutral
CCGCGCLG,67,61,16,23,128,39,0.5632911392405063,neutral
DYCFFCVG,73,55,13,26,128,39,0.5632911392405063,neutral
NYGFGFCH,70,58,21,18,128,39,0.5632911392405063,neutral
CCGYFVIY,69,59,23,16,128,39,0.5632911392405063,neutral
VCCFVLRY,22,19,1,0,41,1,0.5633802816901409,neutral
HFFILLVF,25,16,1,0,41,1,0.5633802816901409,neutral
FFYCVVRF,24,17,1,0,41,1,0.5633802816901409,neutral
LFNVHFFF,26,15,0,1,41,1,0.5633802816901409,neutral
FVFFCFCF,27,14,1,0,41,1,0.5633802816901409,neutral
CHVRLSVY,62,50,16,16,112,32,0.5633802816901409,neutral
FVFIFVVC,25,16,1,0,41,1,0.5633802816901409,neutral
FCFYFFCC,24,17,0,1,41,1,0.5633802816901409,neutral
CVLFICGC,25,16,0,1,41,1,0.5633802816901409,neutral
YFYCIYRV,23,18,0,1,41,1,0.5633802816901409,neutral
FCFYHIFF,16,25,0,1,41,1,0.5633802816901409,neutral
FFGCIYVL,23,18,0,1,41,1,0.5633802816901409,neutral
CLIVCFVF,27,14,0,1,41,1,0.5633802816901409,neutral
FIIVCYDF,29,12,0,1,41,1,0.5633802816901409,neutral
FNCFCGSC,63,49,15,17,112,32,0.5633802816901409,neutral
FFFVFIVF,26,15,1,0,41,1,0.5633802816901409,neutral
FNCFLFSF,28,13,0,1,41,1,0.5633802816901409,neutral
CRCLLYYI,22,19,0,1,41,1,0.5633802816901409,neutral
VFCFIIYF,30,11,1,0,41,1,0.5633802816901409,neutral
FRFVVFLN,17,24,0,1,41,1,0.5633802816901409,neutral
IFFIGCCC,43,37,11,7,80,18,0.5636363636363636,neutral
LFYFCGVC,73,62,23,19,135,42,0.5636363636363636,neutral
GFHNCFYR,49,31,11,7,80,18,0.5636363636363636,neutral
GCIYCCCG,76,59,20,22,135,42,0.5636363636363636,neutral
CLGCFRGC,47,33,8,10,80,18,0.5636363636363636,neutral
GHGLYDFI,42,38,10,8,80,18,0.5636363636363636,neutral
FRCFHCLY,46,34,9,9,80,18,0.5636363636363636,neutral
LNVCVSFD,68,51,18,17,119,35,0.5637583892617449,neutral
YDCGYYHG,37,27,7,4,64,11,0.5638297872340425,neutral
FFCFNFVC,35,29,4,7,64,11,0.5638297872340425,neutral
FYGFYLSY,41,23,6,5,64,11,0.5638297872340425,neutral
CFGFFLNY,36,28,8,3,64,11,0.5638297872340425,neutral
FYSYDIGG,39,25,4,7,64,11,0.5638297872340425,neutral
HFVFLCLN,41,23,6,5,64,11,0.5638297872340425,neutral
FVHRGFCF,56,47,18,10,103,28,0.5639097744360902,neutral
VHICFCGF,56,47,13,15,103,28,0.5639097744360902,neutral
YVCCGGFF,75,67,16,29,142,45,0.563953488372093,neutral
FGFRICDF,100,81,27,35,181,62,0.5639810426540285,neutral
YLGFDFFH,119,101,34,45,220,79,0.564,neutral
FIFGFYCC,32,16,4,0,48,4,0.5641025641025641,neutral
GLFFRISL,31,17,1,3,48,4,0.5641025641025641,neutral
HYLCGFIF,30,18,1,3,48,4,0.5641025641025641,neutral
FYDDDGCI,47,40,9,12,87,21,0.5641025641025641,neutral
CIIFVYDY,31,17,3,1,48,4,0.5641025641025641,neutral
HFFFVYVF,30,18,3,1,48,4,0.5641025641025641,neutral
VYVLVLIH,33,15,1,3,48,4,0.5641025641025641,neutral
FFRFVCFI,31,17,1,3,48,4,0.5641025641025641,neutral
YYVFFGSV,24,24,2,2,48,4,0.5641025641025641,neutral
IHRVYSYD,50,37,9,12,87,21,0.5641025641025641,neutral
FYCLYVYV,32,16,1,3,48,4,0.5641025641025641,neutral
FVIFSCIY,33,15,4,0,48,4,0.5641025641025641,neutral
DFVHYDCR,32,16,3,1,48,4,0.5641025641025641,neutral
FCVDYVDL,51,36,8,13,87,21,0.5641025641025641,neutral
CICYGIFC,30,18,2,2,48,4,0.5641025641025641,neutral
CIGRFYCR,72,54,17,21,126,38,0.5641025641025641,neutral
LFVVDLFF,30,18,1,3,48,4,0.5641025641025641,neutral
YYICYHYV,48,39,6,15,87,21,0.5641025641025641,neutral
LVCFFCIR,27,21,3,1,48,4,0.5641025641025641,neutral
CFYFSIGL,29,19,1,3,48,4,0.5641025641025641,neutral
RVFFGIYG,53,34,12,9,87,21,0.5641025641025641,neutral
FLLHIVIG,33,15,3,1,48,4,0.5641025641025641,neutral
YFIFFFCR,31,17,3,1,48,4,0.5641025641025641,neutral
VFIYYHVL,29,19,2,2,48,4,0.5641025641025641,neutral
CIICCSFF,30,18,1,3,48,4,0.5641025641025641,neutral
GFYFRFRY,32,16,4,0,48,4,0.5641025641025641,neutral
NFCSLYFL,61,49,14,17,110,31,0.5642857142857143,neutral
CYVVCYNV,40,31,4,10,71,14,0.5643564356435643,neutral
CGCFSFFF,43,28,5,9,71,14,0.5643564356435643,neutral
LSILYCRY,37,34,10,4,71,14,0.5643564356435643,neutral
GIFRVICV,40,31,11,3,71,14,0.5643564356435643,neutral
LCVFCYCD,44,27,4,10,71,14,0.5643564356435643,neutral
CYLCFCHD,41,30,6,8,71,14,0.5643564356435643,neutral
LNCNFRYH,38,33,6,8,71,14,0.5643564356435643,neutral
GHDFLYGV,43,28,3,11,71,14,0.5643564356435643,neutral
YDHDCFGV,44,27,4,10,71,14,0.5643564356435643,neutral
FSCYICSV,45,26,7,7,71,14,0.5643564356435643,neutral
CCSFCFRR,44,27,8,6,71,14,0.5643564356435643,neutral
FIIFCYVV,44,27,6,8,71,14,0.5643564356435643,neutral
GCCCDLGL,76,57,18,23,133,41,0.5644171779141104,neutral
FCVCRFGF,64,53,15,19,117,34,0.564625850340136,neutral
CCGGICGC,67,50,15,19,117,34,0.564625850340136,neutral
NVYCVVVR,29,26,2,5,55,7,0.5647058823529412,neutral
CCYFCGNC,32,23,3,4,55,7,0.5647058823529412,neutral
LHLIRIIG,35,20,6,1,55,7,0.5647058823529412,neutral
CYVLVVCL,33,22,3,4,55,7,0.5647058823529412,neutral
VFRCCILC,34,21,4,3,55,7,0.5647058823529412,neutral
VVCVFGVF,36,19,6,1,55,7,0.5647058823529412,neutral
YYHISCHD,35,20,3,4,55,7,0.5647058823529412,neutral
LFVCFFIY,33,22,3,4,55,7,0.5647058823529412,neutral
FIILFVLG,31,24,2,5,55,7,0.5647058823529412,neutral
FHFYIFIC,31,24,5,2,55,7,0.5647058823529412,neutral
YVLIFYLL,37,18,3,4,55,7,0.5647058823529412,neutral
CSVVIIVN,35,20,3,4,55,7,0.5647058823529412,neutral
DFCCCYFI,47,31,12,5,78,17,0.5648148148148148,neutral
VCLHYIRL,48,30,12,5,78,17,0.5648148148148148,neutral
CNFFGYDY,47,31,8,9,78,17,0.5648148148148148,neutral
FCYCFSYL,42,36,8,9,78,17,0.5648148148148148,neutral
YVNCGYGH,46,32,8,9,78,17,0.5648148148148148,neutral
FGLYNRDL,48,30,5,12,78,17,0.5648148148148148,neutral
VVVGVYVC,58,43,12,15,101,27,0.5648854961832062,neutral
DFGYCNGY,58,43,9,18,101,27,0.5648854961832062,neutral
CIDVFCLL,82,65,27,20,147,47,0.5649717514124294,neutral
VSFCYIIC,18,21,0,0,39,0,0.5652173913043478,neutral
HSVCIISI,47,38,8,12,85,20,0.5652173913043478,neutral
LFFIHLFY,23,16,0,0,39,0,0.5652173913043478,neutral
FVYFYFSF,21,18,0,0,39,0,0.5652173913043478,neutral
FVFFRFFV,29,10,0,0,39,0,0.5652173913043478,neutral
VFDIFFVI,28,11,0,0,39,0,0.5652173913043478,neutral
FIFIRFFV,25,14,0,0,39,0,0.5652173913043478,neutral
VVGHYFDC,49,36,9,11,85,20,0.5652173913043478,neutral
VRYYGNFR,38,24,2,8,62,10,0.5652173913043478,neutral
YYLNYVRG,49,36,9,11,85,20,0.5652173913043478,neutral
LFFFCGYY,48,37,8,12,85,20,0.5652173913043478,neutral
FCFILLFG,24,15,0,0,39,0,0.5652173913043478,neutral
FYCYSRLL,49,36,6,14,85,20,0.5652173913043478,neutral
IVGICYVC,37,25,8,2,62,10,0.5652173913043478,neutral
FCFVICIN,27,12,0,0,39,0,0.5652173913043478,neutral
LDHFVLFF,25,14,0,0,39,0,0.5652173913043478,neutral
HFSYGYDY,40,22,5,5,62,10,0.5652173913043478,neutral
ICVFFCFC,35,27,7,3,62,10,0.5652173913043478,neutral
VVFYYILL,24,15,0,0,39,0,0.5652173913043478,neutral
FFFFGVFF,22,17,0,0,39,0,0.5652173913043478,neutral
YRFFNVGR,39,23,6,4,62,10,0.5652173913043478,neutral
NVILVFVC,56,52,13,17,108,30,0.5652173913043478,neutral
CFLISYYL,23,16,0,0,39,0,0.5652173913043478,neutral
FIGFDFVH,83,78,25,28,161,53,0.5654450261780105,neutral
VFLVGCCL,64,51,18,15,115,33,0.5655172413793104,neutral
VLVCIDVV,52,40,10,13,92,23,0.5655737704918032,neutral
CCCVDCLC,50,42,10,13,92,23,0.5655737704918032,neutral
FFCLFRVH,36,33,7,6,69,13,0.5656565656565656,neutral
FFFCDRRN,37,32,6,7,69,13,0.5656565656565656,neutral
YCCDGDVL,42,27,6,7,69,13,0.5656565656565656,neutral
VFFCFRGF,33,36,9,4,69,13,0.5656565656565656,neutral
ICLFVLHL,39,30,4,9,69,13,0.5656565656565656,neutral
FVCFRGCV,82,63,24,22,145,46,0.5657142857142857,neutral
FNVYVRFC,28,18,2,1,46,3,0.5657894736842105,neutral
VYIICLIS,26,20,2,1,46,3,0.5657894736842105,neutral
FCCIFGCF,26,20,1,2,46,3,0.5657894736842105,neutral
FCIRYLVF,30,16,0,3,46,3,0.5657894736842105,neutral
FIYVVIFR,25,21,1,2,46,3,0.5657894736842105,neutral
LIFCFFVV,32,14,0,3,46,3,0.5657894736842105,neutral
FYVFRCYF,31,15,1,2,46,3,0.5657894736842105,neutral
VIVFICSR,26,20,1,2,46,3,0.5657894736842105,neutral
LFCFIRSF,28,18,2,1,46,3,0.5657894736842105,neutral
IFVLFCLH,27,19,2,1,46,3,0.5657894736842105,neutral
FYICCGFC,32,14,3,0,46,3,0.5657894736842105,neutral
FLCIFFSS,24,22,1,2,46,3,0.5657894736842105,neutral
FIIHCFLR,25,21,1,2,46,3,0.5657894736842105,neutral
FSFICVLH,26,20,1,2,46,3,0.5657894736842105,neutral
LYFFFSDF,32,14,3,0,46,3,0.5657894736842105,neutral
YCFCLFCF,30,16,2,1,46,3,0.5657894736842105,neutral
VFCFVICL,30,16,2,1,46,3,0.5657894736842105,neutral
FCICFFVV,28,18,1,2,46,3,0.5657894736842105,neutral
RVYCFYFC,30,16,1,2,46,3,0.5657894736842105,neutral
VRVVIRLI,28,18,2,1,46,3,0.5657894736842105,neutral
CIVLYVIG,27,19,3,0,46,3,0.5657894736842105,neutral
IIFGFFYY,27,19,1,2,46,3,0.5657894736842105,neutral
CCVCDCLR,68,54,13,23,122,36,0.5657894736842105,neutral
FGFFVCVC,31,15,0,3,46,3,0.5657894736842105,neutral
VFILFVIY,32,14,0,3,46,3,0.5657894736842105,neutral
YVHFCFYF,27,19,0,3,46,3,0.5657894736842105,neutral
RCCLCFGR,56,43,9,17,99,26,0.5658914728682171,neutral
VRFCGCVH,59,40,12,14,99,26,0.5658914728682171,neutral
RCCCVSLV,45,31,10,6,76,16,0.5660377358490566,neutral
HYNCYSVL,43,33,10,6,76,16,0.5660377358490566,neutral
VYFIIVNG,45,31,4,12,76,16,0.5660377358490566,neutral
FVYIINSL,44,32,6,10,76,16,0.5660377358490566,neutral
FFLLIRDV,47,29,9,7,76,16,0.5660377358490566,neutral
FDDLNCHI,47,29,8,8,76,16,0.5660377358490566,neutral
FVFCLVCI,35,18,3,3,53,6,0.5662650602409639,neutral
FCIFYVFC,36,17,2,4,53,6,0.5662650602409639,neutral
FVYYRFNL,32,21,1,5,53,6,0.5662650602409639,neutral
ICFYLCRN,36,17,5,1,53,6,0.5662650602409639,neutral
GLVILCFL,31,22,2,4,53,6,0.5662650602409639,neutral
VCGCGCGH,72,64,21,21,136,42,0.5662650602409639,neutral
LHVVSYFF,22,31,4,2,53,6,0.5662650602409639,neutral
ICIFVFIC,33,20,2,4,53,6,0.5662650602409639,neutral
VCICFFVF,34,19,3,3,53,6,0.5662650602409639,neutral
YLIIHCRV,32,21,3,3,53,6,0.5662650602409639,neutral
VVVFIFVG,28,25,2,4,53,6,0.5662650602409639,neutral
YFCLVFYY,29,24,4,2,53,6,0.5662650602409639,neutral
FFCNIICL,32,21,3,3,53,6,0.5662650602409639,neutral
FFYLVGVC,36,17,3,3,53,6,0.5662650602409639,neutral
FYYVGLFC,30,23,4,2,53,6,0.5662650602409639,neutral
VVNYYDHV,47,36,11,8,83,19,0.5663716814159292,neutral
LRFVIFGD,50,33,10,9,83,19,0.5663716814159292,neutral
FSRFNHFV,48,35,12,7,83,19,0.5663716814159292,neutral
YRCFFDFL,48,35,8,11,83,19,0.5663716814159292,neutral
VSSFDYDY,63,50,17,15,113,32,0.5664335664335665,neutral
FLVGGIHF,66,47,18,14,113,32,0.5664335664335665,neutral
YYSDFRVR,65,48,14,18,113,32,0.5664335664335665,neutral
GLYYGDRD,64,49,18,14,113,32,0.5664335664335665,neutral
CRFFGCYC,35,25,5,4,60,9,0.5666666666666667,neutral
FGYFHRIY,53,37,8,14,90,22,0.5666666666666667,neutral
FICYFILC,35,25,4,5,60,9,0.5666666666666667,neutral
RIVGFFLY,37,23,5,4,60,9,0.5666666666666667,neutral
FCCCGFHL,53,37,9,13,90,22,0.5666666666666667,neutral
YCLSDSHL,35,25,3,6,60,9,0.5666666666666667,neutral
GFFIFYYD,54,36,12,10,90,22,0.5666666666666667,neutral
YCIFLFLC,39,21,6,3,60,9,0.5666666666666667,neutral
FCGCCYVY,35,25,7,2,60,9,0.5666666666666667,neutral
YCFLFFCN,37,23,4,5,60,9,0.5666666666666667,neutral
IFVYYFVS,37,23,3,6,60,9,0.5666666666666667,neutral
FYCYNVFC,39,21,4,5,60,9,0.5666666666666667,neutral
GFVLCIFG,38,22,4,5,60,9,0.5666666666666667,neutral
FHLVCVSY,33,27,3,6,60,9,0.5666666666666667,neutral
CCFDVCYI,39,21,3,6,60,9,0.5666666666666667,neutral
FIFCSCFC,51,39,10,12,90,22,0.5666666666666667,neutral
CICRYYHF,39,21,3,6,60,9,0.5666666666666667,neutral
CIYFVRDC,72,55,14,24,127,38,0.5668789808917197,neutral
HGFGLGLY,52,45,12,13,97,25,0.5669291338582677,neutral
YVCGCFVL,55,42,14,11,97,25,0.5669291338582677,neutral
FVCYLLCD,36,31,7,5,67,12,0.5670103092783505,neutral
CYVYLCGF,40,27,8,4,67,12,0.5670103092783505,neutral
CYCGYNYL,40,27,5,7,67,12,0.5670103092783505,neutral
CCGICRLH,38,29,4,8,67,12,0.5670103092783505,neutral
VVIHIIGS,40,27,6,6,67,12,0.5670103092783505,neutral
FCVGYFIL,36,31,5,7,67,12,0.5670103092783505,neutral
YCCLCYRF,39,28,6,6,67,12,0.5670103092783505,neutral
FLCFRDLS,42,25,4,8,67,12,0.5670103092783505,neutral
LCVCYSRY,73,61,18,23,134,41,0.5670731707317073,neutral
SIFFYSVL,76,58,21,20,134,41,0.5670731707317073,neutral
GVIVYYDC,60,44,9,19,104,28,0.5671641791044776,neutral
ICCNCSFF,57,47,17,11,104,28,0.5671641791044776,neutral
VYVFCHSG,41,33,8,7,74,15,0.5673076923076923,neutral
FFCGFCGY,39,35,9,6,74,15,0.5673076923076923,neutral
LVIFVLGC,46,28,4,11,74,15,0.5673076923076923,neutral
NFLLVVYV,42,32,7,8,74,15,0.5673076923076923,neutral
CCICVGYL,45,29,8,7,74,15,0.5673076923076923,neutral
CYCVGHIG,65,46,13,18,111,31,0.5673758865248227,neutral
LNFYHVYC,62,49,21,10,111,31,0.5673758865248227,neutral
FYGIGIVR,49,32,9,9,81,18,0.5675675675675675,neutral
YCGSIFVF,50,31,10,8,81,18,0.5675675675675675,neutral
CYCFIHVL,31,13,1,1,44,2,0.5675675675675675,neutral
FCCFFCLS,27,17,2,0,44,2,0.5675675675675675,neutral
YFFCIGIF,28,16,0,2,44,2,0.5675675675675675,neutral
LFNIYFCF,28,16,1,1,44,2,0.5675675675675675,neutral
LYCVRINC,46,35,10,8,81,18,0.5675675675675675,neutral
FRFLCFCH,28,16,0,2,44,2,0.5675675675675675,neutral
CVVLHHCC,50,31,3,15,81,18,0.5675675675675675,neutral
GCVFCYVC,46,35,10,8,81,18,0.5675675675675675,neutral
VRFFGYLF,87,68,26,24,155,50,0.5675675675675675,neutral
FISFLIRV,28,16,2,0,44,2,0.5675675675675675,neutral
VIVINYSY,50,31,9,9,81,18,0.5675675675675675,neutral
ICVCNVLY,50,31,10,8,81,18,0.5675675675675675,neutral
CVVICVFI,30,14,0,2,44,2,0.5675675675675675,neutral
YCVYRFRF,29,15,2,0,44,2,0.5675675675675675,neutral
FLYIYFFR,49,32,8,10,81,18,0.5675675675675675,neutral
FIFLFCSI,24,20,2,0,44,2,0.5675675675675675,neutral
FFVVRVCC,27,17,1,1,44,2,0.5675675675675675,neutral
IVIRCLYF,27,17,1,1,44,2,0.5675675675675675,neutral
FFLFCFGI,27,17,0,2,44,2,0.5675675675675675,neutral
FRFCCFYL,28,16,2,0,44,2,0.5675675675675675,neutral
FFGFRFLR,25,19,1,1,44,2,0.5675675675675675,neutral
FIFFCFDL,30,14,1,1,44,2,0.5675675675675675,neutral
CLVFCVGF,29,15,0,2,44,2,0.5675675675675675,neutral
GFVCYYDC,72,53,20,17,125,37,0.567741935483871,neutral
YYDICYDR,72,53,14,23,125,37,0.567741935483871,neutral
GCICLYCS,51,37,13,8,88,21,0.5677966101694916,neutral
VICCYCRY,53,35,9,12,88,21,0.5677966101694916,neutral
FCRGCFYY,49,39,8,13,88,21,0.5677966101694916,neutral
CFYGCFLN,51,37,11,10,88,21,0.5677966101694916,neutral
RICCLVGY,52,36,9,12,88,21,0.5677966101694916,neutral
HYCIIRVL,32,19,1,4,51,5,0.5679012345679012,neutral
FFVDFYLV,25,26,2,3,51,5,0.5679012345679012,neutral
FCFVIYDF,32,19,1,4,51,5,0.5679012345679012,neutral
FYCIVSCF,27,24,3,2,51,5,0.5679012345679012,neutral
FHYCIIYF,28,23,3,2,51,5,0.5679012345679012,neutral
VCFCFFCH,29,22,2,3,51,5,0.5679012345679012,neutral
FCCFICFC,31,20,3,2,51,5,0.5679012345679012,neutral
FYFFYFNI,30,21,1,4,51,5,0.5679012345679012,neutral
YGFCFCIL,34,17,2,3,51,5,0.5679012345679012,neutral
CCFLYFCI,31,20,1,4,51,5,0.5679012345679012,neutral
CFGIRILV,31,20,2,3,51,5,0.5679012345679012,neutral
YVCFCCCV,30,21,3,2,51,5,0.5679012345679012,neutral
GIGVYICF,27,24,1,4,51,5,0.5679012345679012,neutral
LHLYLFVL,35,16,2,3,51,5,0.5679012345679012,neutral
FVIVNVLR,30,21,1,4,51,5,0.5679012345679012,neutral
YCCVVIHL,33,18,3,2,51,5,0.5679012345679012,neutral
YCFFHVRY,32,19,3,2,51,5,0.5679012345679012,neutral
GVFYLIIC,29,22,4,1,51,5,0.5679012345679012,neutral
NYCFNFCH,34,17,2,3,51,5,0.5679012345679012,neutral
HVSFCCGC,56,39,18,6,95,24,0.568,neutral
CCCSYISL,37,21,4,4,58,8,0.5681818181818182,neutral
FFLFCCGC,32,26,2,6,58,8,0.5681818181818182,neutral
FVCCCGGV,35,23,5,3,58,8,0.5681818181818182,neutral
FFVCVICH,36,22,0,8,58,8,0.5681818181818182,neutral
FGFIVCLH,34,24,4,4,58,8,0.5681818181818182,neutral
INIYFVFD,59,43,10,17,102,27,0.5681818181818182,neutral
CHCIHCLI,38,20,1,7,58,8,0.5681818181818182,neutral
VLFCVLYV,38,20,1,7,58,8,0.5681818181818182,neutral
ICYFHCCC,34,24,4,4,58,8,0.5681818181818182,neutral
IIFNFNVF,29,29,6,2,58,8,0.5681818181818182,neutral
LYCFVLFL,36,22,3,5,58,8,0.5681818181818182,neutral
VCLCSCVF,59,43,12,15,102,27,0.5681818181818182,neutral
FCCCSFFN,35,23,2,6,58,8,0.5681818181818182,neutral
LYYLCIIS,33,25,4,4,58,8,0.5681818181818182,neutral
CRDFDCRF,37,21,6,2,58,8,0.5681818181818182,neutral
FDGYCSSC,60,49,13,17,109,30,0.5683453237410072,neutral
CCFVFSVV,61,48,12,18,109,30,0.5683453237410072,neutral
DHLIFICG,58,51,15,15,109,30,0.5683453237410072,neutral
ICCLFCHN,62,47,10,20,109,30,0.5683453237410072,neutral
CYYISFHV,40,25,3,8,65,11,0.5684210526315789,neutral
VCRYGCYC,37,28,5,6,65,11,0.5684210526315789,neutral
FFSCVLVY,40,25,4,7,65,11,0.5684210526315789,neutral
FFYSFFFR,36,29,3,8,65,11,0.5684210526315789,neutral
IVYCVCYR,35,30,9,2,65,11,0.5684210526315789,neutral
FYFHYVYV,37,28,7,4,65,11,0.5684210526315789,neutral
CHCILCIC,33,32,4,7,65,11,0.5684210526315789,neutral
FIICYDLR,41,24,7,4,65,11,0.5684210526315789,neutral
FCCFFCID,37,28,6,5,65,11,0.5684210526315789,neutral
FFIIICFR,39,26,5,6,65,11,0.5684210526315789,neutral
IFVCLRRV,30,35,6,5,65,11,0.5684210526315789,neutral
SFFCYYVG,40,25,7,4,65,11,0.5684210526315789,neutral
FFLCYSVC,42,23,8,3,65,11,0.5684210526315789,neutral
VYVVVDCY,40,32,7,7,72,14,0.5686274509803921,neutral
FRCRFCYI,42,30,9,5,72,14,0.5686274509803921,neutral
FCCFFRHY,45,27,5,9,72,14,0.5686274509803921,neutral
CHLCSLRF,43,29,9,5,72,14,0.5686274509803921,neutral
LCFYYGCC,38,34,5,9,72,14,0.5686274509803921,neutral
CFCCYLCN,43,29,9,5,72,14,0.5686274509803921,neutral
GFSFRYFF,39,33,5,9,72,14,0.5686274509803921,neutral
CVCFICRI,43,29,5,9,72,14,0.5686274509803921,neutral
IFIGYFIR,37,35,6,8,72,14,0.5686274509803921,neutral
GCCSRCFC,43,29,5,9,72,14,0.5686274509803921,neutral
FLCSFCVC,47,32,11,6,79,17,0.5688073394495413,neutral
YCCFHCYC,42,37,10,7,79,17,0.5688073394495413,neutral
FYCCYHVY,48,31,11,6,79,17,0.5688073394495413,neutral
RFVFYIRD,48,31,13,4,79,17,0.5688073394495413,neutral
VLFVHLHV,49,30,8,9,79,17,0.5688073394495413,neutral
GCCCVHFL,47,32,7,10,79,17,0.5688073394495413,neutral
CGSHVDFL,76,61,17,25,137,42,0.5688622754491018,neutral
FFYYDCGC,51,35,7,13,86,20,0.5689655172413793,neutral
VIICRFGC,49,37,9,11,86,20,0.5689655172413793,neutral
CCVVCGCR,50,36,10,10,86,20,0.5689655172413793,neutral
FYCSYYLC,52,34,12,8,86,20,0.5689655172413793,neutral
VFHFGVDV,52,41,7,16,93,23,0.5691056910569106,neutral
IYGNLFDN,56,37,6,17,93,23,0.5691056910569106,neutral
VSLFGGFH,88,70,18,33,158,51,0.5691489361702128,neutral
CFLGYIVC,55,45,16,10,100,26,0.5692307692307692,neutral
IYCGDYRD,59,41,9,17,100,26,0.5692307692307692,neutral
VCYDVFFL,50,50,11,15,100,26,0.5692307692307692,neutral
LGFRCCCG,58,42,18,8,100,26,0.5692307692307692,neutral
CICCCVSR,61,46,16,13,107,29,0.5693430656934306,neutral
LCLYIVLF,26,16,1,0,42,1,0.5694444444444444,neutral
YFRIHLFY,25,17,1,0,42,1,0.5694444444444444,neutral
IYFVHILR,25,17,0,1,42,1,0.5694444444444444,neutral
FFFIICLY,25,17,1,0,42,1,0.5694444444444444,neutral
FVFFFSFI,26,16,0,1,42,1,0.5694444444444444,neutral
FFFYVLLF,28,14,0,1,42,1,0.5694444444444444,neutral
VHFCCFII,22,20,0,1,42,1,0.5694444444444444,neutral
RYIVVFRI,25,17,0,1,42,1,0.5694444444444444,neutral
FLILGYFF,30,12,0,1,42,1,0.5694444444444444,neutral
LNYILCYV,27,15,1,0,42,1,0.5694444444444444,neutral
LRFIFYLL,27,15,1,0,42,1,0.5694444444444444,neutral
FLFVFFGI,25,17,1,0,42,1,0.5694444444444444,neutral
CFFYGILC,23,19,0,1,42,1,0.5694444444444444,neutral
CIFYGFYI,27,15,1,0,42,1,0.5694444444444444,neutral
CSVLYIYF,26,16,0,1,42,1,0.5694444444444444,neutral
FFICYCVL,29,13,0,1,42,1,0.5694444444444444,neutral
IRLVLLGF,22,20,1,0,42,1,0.5694444444444444,neutral
VFYYFYIF,27,15,0,1,42,1,0.5694444444444444,neutral
FFLGVFFY,27,15,0,1,42,1,0.5694444444444444,neutral
NNGHFYCF,26,23,2,2,49,4,0.569620253164557,neutral
FHVFHVYI,34,15,2,2,49,4,0.569620253164557,neutral
IVICCVCV,29,20,1,3,49,4,0.569620253164557,neutral
FYFFVLVF,33,16,2,2,49,4,0.569620253164557,neutral
LRFFIHCY,33,16,1,3,49,4,0.569620253164557,neutral
FVNLVCFF,32,17,1,3,49,4,0.569620253164557,neutral
VYCFVLVF,34,15,3,1,49,4,0.569620253164557,neutral
FCRCLYCC,30,19,3,1,49,4,0.569620253164557,neutral
CIRIYHCF,31,18,0,4,49,4,0.569620253164557,neutral
FYILYYVY,32,17,3,1,49,4,0.569620253164557,neutral
FGYHVFVF,32,17,3,1,49,4,0.569620253164557,neutral
FFYFHIGV,30,19,3,1,49,4,0.569620253164557,neutral
VHCICSCH,70,58,15,23,128,38,0.569620253164557,neutral
LSFHIILH,31,18,3,1,49,4,0.569620253164557,neutral
FYIVVCGV,33,16,0,4,49,4,0.569620253164557,neutral
CFLFCRCC,28,21,2,2,49,4,0.569620253164557,neutral
LFLCIFVI,30,19,1,3,49,4,0.569620253164557,neutral
CFGCFFCH,31,18,3,1,49,4,0.569620253164557,neutral
FYFYFLDV,26,23,3,1,49,4,0.569620253164557,neutral
YVVHYSDL,73,55,18,20,128,38,0.569620253164557,neutral
CIIIVLFV,28,21,1,3,49,4,0.569620253164557,neutral
FFVYCCCF,31,18,2,2,49,4,0.569620253164557,neutral
CIVICLVY,33,16,3,1,49,4,0.569620253164557,neutral
YHCYCLFH,74,61,20,21,135,41,0.5696969696969697,neutral
FHLFFVCH,36,20,4,3,56,7,0.5697674418604651,neutral
VISISICV,35,21,1,6,56,7,0.5697674418604651,neutral
CHFLCHFR,32,24,2,5,56,7,0.5697674418604651,neutral
FLCFILFY,36,20,4,3,56,7,0.5697674418604651,neutral
GFVLFRFI,30,26,2,5,56,7,0.5697674418604651,neutral
FCRFICCH,35,21,1,6,56,7,0.5697674418604651,neutral
CIVSVFFC,32,24,4,3,56,7,0.5697674418604651,neutral
RLILVFSF,34,22,0,7,56,7,0.5697674418604651,neutral
FIGCCYVF,36,20,3,4,56,7,0.5697674418604651,neutral
FFCCCLGV,37,19,3,4,56,7,0.5697674418604651,neutral
IYVCCFYS,36,20,2,5,56,7,0.5697674418604651,neutral
YSCCCLDR,76,73,24,23,149,47,0.5698324022346368,neutral
FCYCGCLR,38,25,6,4,63,10,0.5698924731182796,neutral
IVFCCRYF,36,27,5,5,63,10,0.5698924731182796,neutral
FNYNCIRF,36,27,2,8,63,10,0.5698924731182796,neutral
RILLHCFI,40,23,5,5,63,10,0.5698924731182796,neutral
FVCCIFLV,40,23,4,6,63,10,0.5698924731182796,neutral
FIVYHRCC,39,24,4,6,63,10,0.5698924731182796,neutral
CNYDHVLL,38,25,4,6,63,10,0.5698924731182796,neutral
LCIFYSVI,39,24,4,6,63,10,0.5698924731182796,neutral
HDFYCCGD,40,23,4,6,63,10,0.5698924731182796,neutral
CLFLGYNR,32,31,5,5,63,10,0.5698924731182796,neutral
VYLFCYVN,41,22,4,6,63,10,0.5698924731182796,neutral
CYCLVIFC,39,24,5,5,63,10,0.5698924731182796,neutral
FCCLCHIL,41,22,6,4,63,10,0.5698924731182796,neutral
VDILCYGD,38,25,3,7,63,10,0.5698924731182796,neutral
DVVFRFRC,91,72,23,30,163,53,0.5699481865284974,neutral
FRCCCNFN,42,28,7,6,70,13,0.57,neutral
INVVYFFG,42,28,3,10,70,13,0.57,neutral
VDFCCCCI,40,30,6,7,70,13,0.57,neutral
IRCCFRYC,43,27,4,9,70,13,0.57,neutral
GDYVSYCG,44,26,5,8,70,13,0.57,neutral
VFCIRVYD,43,27,7,6,70,13,0.57,neutral
CFVSCFVI,47,30,11,5,77,16,0.5700934579439252,neutral
VIIRVFRH,44,33,8,8,77,16,0.5700934579439252,neutral
FLYCCYVS,45,32,5,11,77,16,0.5700934579439252,neutral
CCIFVCHC,47,37,10,9,84,19,0.5701754385964912,neutral
SIGYICVF,46,38,8,11,84,19,0.5701754385964912,neutral
FNCCFFFG,48,36,8,11,84,19,0.5701754385964912,neutral
FFCCYLCV,51,33,7,12,84,19,0.5701754385964912,neutral
LFDCDSVR,50,34,8,11,84,19,0.5701754385964912,neutral
FGFCCVCG,54,37,7,15,91,22,0.5702479338842975,neutral
CYVYDVSR,54,37,8,14,91,22,0.5702479338842975,neutral
IIVCSCVF,52,39,9,13,91,22,0.5702479338842975,neutral
FFCCCCVR,50,48,13,12,98,25,0.5703125,neutral
FIFVHVNS,57,41,8,17,98,25,0.5703125,neutral
LLGCGVFN,57,48,16,12,105,28,0.5703703703703704,neutral
ICCCFYGL,65,47,16,15,112,31,0.5704225352112676,neutral
CHHFFYDF,67,52,20,14,119,34,0.5704697986577181,neutral
CCCNGGCC,67,52,18,16,119,34,0.5704697986577181,neutral
YHFGHYSG,74,66,20,23,140,43,0.5705882352941176,neutral
GVCCCGVC,107,89,31,36,196,67,0.5707964601769911,neutral
CHHFGFSY,52,44,14,10,96,24,0.5714285714285714,neutral
LINIICDV,51,38,8,13,89,21,0.5714285714285714,neutral
VLNYCCCF,35,33,6,6,68,12,0.5714285714285714,neutral
YIICGYVG,67,57,14,22,124,36,0.5714285714285714,neutral
YCGDGYGI,38,30,8,4,68,12,0.5714285714285714,neutral
FHCFVLVV,53,43,9,15,96,24,0.5714285714285714,neutral
YDCCCYRN,49,33,8,10,82,18,0.5714285714285714,neutral
FYFFVVFI,35,26,3,6,61,9,0.5714285714285714,neutral
GCFSVYGF,56,47,12,15,103,27,0.5714285714285714,neutral
IYLLFIIC,24,23,2,1,47,3,0.5714285714285714,neutral
FGYIYVFS,59,44,10,17,103,27,0.5714285714285714,neutral
FVCCFIVF,39,22,3,6,61,9,0.5714285714285714,neutral
FFICRCVV,43,32,4,11,75,15,0.5714285714285714,neutral
CFVLNCFF,31,23,1,5,54,6,0.5714285714285714,neutral
CLRICVDF,35,26,6,3,61,9,0.5714285714285714,neutral
RYVHYNSY,68,49,14,19,117,33,0.5714285714285714,neutral
GVYCHFGY,29,18,0,3,47,3,0.5714285714285714,neutral
FLLYCLGI,31,16,2,1,47,3,0.5714285714285714,neutral
DIHDCLHY,43,32,8,7,75,15,0.5714285714285714,neutral
VNVICDYI,45,37,7,11,82,18,0.5714285714285714,neutral
VCDFFRLF,30,17,2,1,47,3,0.5714285714285714,neutral
VRYVIFGI,32,15,0,3,47,3,0.5714285714285714,neutral
CFCIFIGG,26,21,1,2,47,3,0.5714285714285714,neutral
DLRCLFVL,47,28,10,5,75,15,0.5714285714285714,neutral
GVYVYVRL,24,16,0,0,40,0,0.5714285714285714,neutral
FYSFVFLC,32,15,1,2,47,3,0.5714285714285714,neutral
VCVVNFYY,38,37,7,8,75,15,0.5714285714285714,neutral
FCCLIFRG,26,21,1,2,47,3,0.5714285714285714,neutral
YFYFFFGC,29,18,2,1,47,3,0.5714285714285714,neutral
LFCFGYFL,23,17,0,0,40,0,0.5714285714285714,neutral
FFCCRCIL,36,18,4,2,54,6,0.5714285714285714,neutral
NLFVVFYY,30,17,2,1,47,3,0.5714285714285714,neutral
LCLVCSGC,43,25,3,9,68,12,0.5714285714285714,neutral
FCFGLRFF,24,16,0,0,40,0,0.5714285714285714,neutral
VFFVCCCF,33,14,3,0,47,3,0.5714285714285714,neutral
YCFCIRVS,29,18,1,2,47,3,0.5714285714285714,neutral
VDDFRYDI,52,37,11,10,89,21,0.5714285714285714,neutral
YVCYFLCH,36,18,2,4,54,6,0.5714285714285714,neutral
CCFRLRCV,75,56,15,24,131,39,0.5714285714285714,neutral
YVLCSVDV,43,25,8,4,68,12,0.5714285714285714,neutral
CGCCYCCV,42,26,6,6,68,12,0.5714285714285714,neutral
YCRCFVVV,46,29,7,8,75,15,0.5714285714285714,neutral
CIYYGLII,38,23,4,5,61,9,0.5714285714285714,neutral
YCFCLNYF,28,19,0,3,47,3,0.5714285714285714,neutral
CCYICNIV,43,32,8,7,75,15,0.5714285714285714,neutral
FCCICFIH,24,23,2,1,47,3,0.5714285714285714,neutral
GYVVCCIV,30,17,2,1,47,3,0.5714285714285714,neutral
RSVCILCI,32,15,1,2,47,3,0.5714285714285714,neutral
IFCFFIGV,31,23,3,3,54,6,0.5714285714285714,neutral
GSLCFFYV,50,32,7,11,82,18,0.5714285714285714,neutral
LIYVHCYR,104,90,33,33,194,66,0.5714285714285714,neutral
FRCFCVYV,28,19,2,1,47,3,0.5714285714285714,neutral
HCCVCCFI,52,37,10,11,89,21,0.5714285714285714,neutral
CFLFCVVV,31,23,4,2,54,6,0.5714285714285714,neutral
CILVYYHF,30,24,2,4,54,6,0.5714285714285714,neutral
CVCYVFRL,32,15,1,2,47,3,0.5714285714285714,neutral
CFFILRFL,26,14,0,0,40,0,0.5714285714285714,neutral
FHYCVVYG,77,61,20,22,138,42,0.5714285714285714,neutral
CSGLCCVL,37,31,5,7,68,12,0.5714285714285714,neutral
VYVIIRYG,61,42,12,15,103,27,0.5714285714285714,neutral
DFCIDVFY,52,37,12,9,89,21,0.5714285714285714,neutral
CFIVFFIH,32,15,1,2,47,3,0.5714285714285714,neutral
SCVIFFCN,40,21,3,6,61,9,0.5714285714285714,neutral
FFFVIFFF,26,14,0,0,40,0,0.5714285714285714,neutral
FYYCFYRY,29,18,2,1,47,3,0.5714285714285714,neutral
CVSIIFVS,35,19,1,5,54,6,0.5714285714285714,neutral
CYDRVFYG,75,56,21,18,131,39,0.5714285714285714,neutral
SLRIVYYV,32,15,1,2,47,3,0.5714285714285714,neutral
FSLYVNVG,79,66,14,31,145,45,0.5714285714285714,neutral
VDHILVIV,44,38,6,12,82,18,0.5714285714285714,neutral
NFVYGDRY,41,27,7,5,68,12,0.5714285714285714,neutral
LNLRLFVF,27,13,0,0,40,0,0.5714285714285714,neutral
CCLFGFFF,20,20,0,0,40,0,0.5714285714285714,neutral
FLLFLYGR,39,22,5,4,61,9,0.5714285714285714,neutral
FFYVYFGG,25,15,0,0,40,0,0.5714285714285714,neutral
GFLLFRLF,26,14,0,0,40,0,0.5714285714285714,neutral
FVGVCVCI,39,29,7,5,68,12,0.5714285714285714,neutral
VFCIIRIF,22,18,0,0,40,0,0.5714285714285714,neutral
VIIFSVLC,50,32,6,12,82,18,0.5714285714285714,neutral
CFHIVCYR,33,14,3,0,47,3,0.5714285714285714,neutral
GRIYYHCR,73,58,14,25,131,39,0.5714285714285714,neutral
CCCCYIIG,56,40,14,10,96,24,0.5714285714285714,neutral
CCVYFIFF,28,12,0,0,40,0,0.5714285714285714,neutral
LFCFFFCL,28,12,0,0,40,0,0.5714285714285714,neutral
FVLSIFLH,31,16,0,3,47,3,0.5714285714285714,neutral
LVIYFFFH,28,19,2,1,47,3,0.5714285714285714,neutral
FGVIIFRR,24,23,2,1,47,3,0.5714285714285714,neutral
FFVCHLRC,45,30,6,9,75,15,0.5714285714285714,neutral
CYCCCLLR,45,30,8,7,75,15,0.5714285714285714,neutral
FVCCVHLV,42,26,3,9,68,12,0.5714285714285714,neutral
FYFGNGCH,72,59,16,23,131,39,0.5714285714285714,neutral
FCCVCLCF,37,24,4,5,61,9,0.5714285714285714,neutral
RVCFFFII,33,14,1,2,47,3,0.5714285714285714,neutral
FFFIRCLL,26,14,0,0,40,0,0.5714285714285714,neutral
CFDYFFIC,45,30,8,7,75,15,0.5714285714285714,neutral
RRYFIVFF,30,17,2,1,47,3,0.5714285714285714,neutral
YCCCYIFL,36,25,1,8,61,9,0.5714285714285714,neutral
FFCDNYVG,67,50,15,18,117,33,0.5714285714285714,neutral
CFGDGCGF,48,34,10,8,82,18,0.5714285714285714,neutral
CFVSVFVF,33,14,2,1,47,3,0.5714285714285714,neutral
FFYFCFRF,23,24,0,3,47,3,0.5714285714285714,neutral
DIDRYSYL,59,44,9,18,103,27,0.5714285714285714,neutral
FNVIVLCY,28,19,2,1,47,3,0.5714285714285714,neutral
GLFFCFFV,35,19,1,5,54,6,0.5714285714285714,neutral
LFFNIFFF,25,15,0,0,40,0,0.5714285714285714,neutral
FFFSVFIS,30,17,0,3,47,3,0.5714285714285714,neutral
HVCCCGCV,44,31,9,6,75,15,0.5714285714285714,neutral
LFFLFNVR,33,14,1,2,47,3,0.5714285714285714,neutral
FFFCVFIF,28,19,0,3,47,3,0.5714285714285714,neutral
VICIVCLC,33,21,4,2,54,6,0.5714285714285714,neutral
YFCFRCRF,28,12,0,0,40,0,0.5714285714285714,neutral
FFCFFVDV,36,32,4,8,68,12,0.5714285714285714,neutral
FFCIFNDL,40,21,1,8,61,9,0.5714285714285714,neutral
CCCYVRNI,64,46,13,17,110,30,0.5714285714285714,neutral
RLVIVCLI,32,22,3,3,54,6,0.5714285714285714,neutral
LCHFFYCC,30,17,1,2,47,3,0.5714285714285714,neutral
ICVLISSH,41,27,6,6,68,12,0.5714285714285714,neutral
SDDHCYCV,76,67,25,19,143,44,0.5722543352601156,neutral
FLVFGFCD,70,52,17,18,122,35,0.5723684210526315,neutral
VVFLCHCR,63,45,9,20,108,29,0.572463768115942,neutral
IYVFVSSD,61,47,12,17,108,29,0.572463768115942,neutral
IFVYGYDI,60,41,13,13,101,26,0.5725190839694656,neutral
FYGCVYVG,60,41,13,13,101,26,0.5725190839694656,neutral
FHRGCVCY,55,46,15,11,101,26,0.5725190839694656,neutral
CFNCHYHC,47,47,9,14,94,23,0.5725806451612904,neutral
IRLHVYLD,55,39,10,13,94,23,0.5725806451612904,neutral
CLVYCLYD,53,34,8,12,87,20,0.5726495726495726,neutral
FRYCIVLD,51,36,11,9,87,20,0.5726495726495726,neutral
IRYLVCVD,49,31,7,10,80,17,0.5727272727272728,neutral
LNYSGVFC,45,35,6,11,80,17,0.5727272727272728,neutral
FCGYRVNF,43,30,6,8,73,14,0.5728155339805825,neutral
HSDCFVGC,46,27,8,6,73,14,0.5728155339805825,neutral
CCFCLLSH,45,28,5,9,73,14,0.5728155339805825,neutral
GCFDCGYF,45,28,5,9,73,14,0.5728155339805825,neutral
DCDFYDFY,43,30,4,10,73,14,0.5728155339805825,neutral
CGYRLIVF,42,31,7,7,73,14,0.5728155339805825,neutral
FFCCRYCS,46,27,9,5,73,14,0.5728155339805825,neutral
CRYHIVIG,38,28,9,2,66,11,0.5729166666666666,neutral
FCGFCCLN,39,27,5,6,66,11,0.5729166666666666,neutral
LVFFSVFG,42,24,4,7,66,11,0.5729166666666666,neutral
FRFVFHLS,41,25,6,5,66,11,0.5729166666666666,neutral
CCGDCVYR,40,26,3,8,66,11,0.5729166666666666,neutral
VLDICILV,39,27,5,6,66,11,0.5729166666666666,neutral
CCYLYLCR,34,32,5,6,66,11,0.5729166666666666,neutral
VIFGYCIF,34,32,8,3,66,11,0.5729166666666666,neutral
FFYFVCFR,38,28,8,3,66,11,0.5729166666666666,neutral
HFLIGCVY,38,28,7,4,66,11,0.5729166666666666,neutral
VHHYCICF,36,23,6,2,59,8,0.5730337078651685,neutral
LCFFGYIG,36,23,3,5,59,8,0.5730337078651685,neutral
LYIYFCYF,38,21,7,1,59,8,0.5730337078651685,neutral
HFCCIIIL,37,22,5,3,59,8,0.5730337078651685,neutral
FYGVIRVI,37,22,3,5,59,8,0.5730337078651685,neutral
VHVFFCVG,36,23,1,7,59,8,0.5730337078651685,neutral
FFFCFVFR,30,29,4,4,59,8,0.5730337078651685,neutral
FCVVVSYH,34,25,6,2,59,8,0.5730337078651685,neutral
FCFCCYCC,32,27,4,4,59,8,0.5730337078651685,neutral
IFGCCYRF,36,23,3,5,59,8,0.5730337078651685,neutral
FRVVYIFR,36,23,3,5,59,8,0.5730337078651685,neutral
YFCICGLF,37,22,3,5,59,8,0.5730337078651685,neutral
LRFCRVYY,32,27,5,3,59,8,0.5730337078651685,neutral
CVILFCHV,35,17,2,3,52,5,0.573170731707317,neutral
CCVYIFCH,30,22,1,4,52,5,0.573170731707317,neutral
FCFFCRHI,33,19,2,3,52,5,0.573170731707317,neutral
FYFIVFIG,31,21,4,1,52,5,0.573170731707317,neutral
CCCSYLLF,32,20,2,3,52,5,0.573170731707317,neutral
SYCICVIL,35,17,1,4,52,5,0.573170731707317,neutral
CCVRFFLV,34,18,1,4,52,5,0.573170731707317,neutral
GILICYYL,33,19,3,2,52,5,0.573170731707317,neutral
CRVVLVYF,30,22,3,2,52,5,0.573170731707317,neutral
CCLCFFVI,30,22,3,2,52,5,0.573170731707317,neutral
YSGYHVNF,35,17,2,3,52,5,0.573170731707317,neutral
LSIVRVHL,72,55,18,19,127,37,0.5732484076433121,neutral
NFLIRVGF,73,54,17,20,127,37,0.5732484076433121,neutral
HYFHVCVF,31,14,1,1,45,2,0.5733333333333334,neutral
FYFFICCI,26,19,0,2,45,2,0.5733333333333334,neutral
CCRIIFLL,32,13,0,2,45,2,0.5733333333333334,neutral
CFFFFYGF,27,18,0,2,45,2,0.5733333333333334,neutral
FFVCIFFY,31,14,0,2,45,2,0.5733333333333334,neutral
LLLYFYRF,26,19,1,1,45,2,0.5733333333333334,neutral
CYCCIIYI,27,18,1,1,45,2,0.5733333333333334,neutral
IIFNLFVY,30,15,1,1,45,2,0.5733333333333334,neutral
YYLCIVRC,28,17,0,2,45,2,0.5733333333333334,neutral
CFLLCDGC,63,57,15,19,120,34,0.5733333333333334,neutral
FFCFICNF,28,17,0,2,45,2,0.5733333333333334,neutral
VFFCCFIG,31,14,1,1,45,2,0.5733333333333334,neutral
FFRFCCFC,32,13,1,1,45,2,0.5733333333333334,neutral
YLFSIFCF,31,14,2,0,45,2,0.5733333333333334,neutral
HVRFFCVV,67,53,15,19,120,34,0.5733333333333334,neutral
FFLSFHCC,23,22,0,2,45,2,0.5733333333333334,neutral
HLDIFFFF,25,20,0,2,45,2,0.5733333333333334,neutral
FCVIRVHF,24,21,0,2,45,2,0.5733333333333334,neutral
GLIYFIFI,30,15,2,0,45,2,0.5733333333333334,neutral
FFFSLVSF,29,16,2,0,45,2,0.5733333333333334,neutral
CVGVLCDY,68,52,21,13,120,34,0.5733333333333334,neutral
VLFFYHCF,27,18,0,2,45,2,0.5733333333333334,neutral
RFIFFYRY,28,17,1,1,45,2,0.5733333333333334,neutral
FYVGIFVH,28,17,0,2,45,2,0.5733333333333334,neutral
FFHHCCDN,95,86,30,30,181,60,0.5734597156398105,neutral
NCCYIRCY,62,44,12,16,106,28,0.5735294117647058,neutral
DFCVYFDI,57,42,7,18,99,25,0.5736434108527132,neutral
LCIGCSFN,59,40,13,12,99,25,0.5736434108527132,neutral
FFCFGGDC,56,43,10,15,99,25,0.5736434108527132,neutral
VLCGDGGF,56,43,10,15,99,25,0.5736434108527132,neutral
IDCRFDRF,54,38,9,13,92,22,0.5737704918032787,neutral
FNFGYGNN,53,39,9,13,92,22,0.5737704918032787,neutral
FCFFCYDC,54,38,7,15,92,22,0.5737704918032787,neutral
YCLDCFDV,49,36,13,6,85,19,0.5739130434782609,neutral
CVVCGCRF,48,37,11,8,85,19,0.5739130434782609,neutral
CVVCSCFG,49,36,5,14,85,19,0.5739130434782609,neutral
CFVFCHLR,47,38,8,11,85,19,0.5739130434782609,neutral
HHFCVRDF,75,64,22,20,139,42,0.5739644970414202,neutral
CYVYDFYF,42,36,8,8,78,16,0.5740740740740741,neutral
RFCCCYGC,47,31,7,9,78,16,0.5740740740740741,neutral
CVFCRHYS,72,53,13,23,125,36,0.5741935483870968,neutral
GIRFICCR,71,54,18,18,125,36,0.5741935483870968,neutral
FCLLLGCR,43,28,6,7,71,13,0.5742574257425742,neutral
FLYSVFCH,40,31,8,5,71,13,0.5742574257425742,neutral
YCVCFCGD,43,28,7,6,71,13,0.5742574257425742,neutral
VCRVYCLC,42,29,8,5,71,13,0.5742574257425742,neutral
VFRFYHYV,41,30,5,8,71,13,0.5742574257425742,neutral
ILCVCFGC,42,29,5,8,71,13,0.5742574257425742,neutral
FCLRVSVG,65,53,17,16,118,33,0.5743243243243243,neutral
NFYCYVRY,62,56,19,14,118,33,0.5743243243243243,neutral
FHHYGCGN,68,50,15,18,118,33,0.5743243243243243,neutral
VDICISVY,39,25,5,5,64,10,0.574468085106383,neutral
CFVINISV,33,31,2,8,64,10,0.574468085106383,neutral
FCCIVCSH,41,23,5,5,64,10,0.574468085106383,neutral
RCCVVFNL,64,47,12,18,111,30,0.574468085106383,neutral
LIVNLFFH,38,26,2,8,64,10,0.574468085106383,neutral
YFCRRCCF,41,23,6,4,64,10,0.574468085106383,neutral
FFCYCRYD,59,45,14,13,104,27,0.5746268656716418,neutral
GCVCVCHC,60,44,12,15,104,27,0.5746268656716418,neutral
YCFGVIIF,38,19,6,1,57,7,0.5747126436781609,neutral
CFIHIIFI,38,19,2,5,57,7,0.5747126436781609,neutral
FFLCIFDC,34,23,2,5,57,7,0.5747126436781609,neutral
VCVLYVVN,35,22,6,1,57,7,0.5747126436781609,neutral
FCFFCCLC,37,20,4,3,57,7,0.5747126436781609,neutral
FCCSLYYV,31,26,0,7,57,7,0.5747126436781609,neutral
YFGCCGCL,31,26,6,1,57,7,0.5747126436781609,neutral
GGIVIIYI,36,21,2,5,57,7,0.5747126436781609,neutral
NCYYCCFG,35,22,3,4,57,7,0.5747126436781609,neutral
FYCRRRCC,33,24,5,2,57,7,0.5747126436781609,neutral
HFLCLYLS,32,25,3,4,57,7,0.5747126436781609,neutral
CGFYFVVL,36,21,1,6,57,7,0.5747126436781609,neutral
YDVRLFYY,34,23,3,4,57,7,0.5747126436781609,neutral
HCVYLFSV,38,19,2,5,57,7,0.5747126436781609,neutral
FIYCYCYF,38,19,2,5,57,7,0.5747126436781609,neutral
ICLRVNYL,35,22,4,3,57,7,0.5747126436781609,neutral
CLCLYCLI,37,20,4,3,57,7,0.5747126436781609,neutral
YYCCLFRI,34,23,4,3,57,7,0.5747126436781609,neutral
IFVSVYRG,77,60,13,28,137,41,0.5748502994011976,neutral
FRFIYFVR,32,18,0,4,50,4,0.575,neutral
FFILGFVF,30,20,2,2,50,4,0.575,neutral
FYIFIFVF,28,22,2,2,50,4,0.575,neutral
FFICFNYF,28,22,2,2,50,4,0.575,neutral
FYLCGCIF,34,16,3,1,50,4,0.575,neutral
FVILCSNF,54,36,8,13,90,21,0.575,neutral
FGFICILF,31,19,1,3,50,4,0.575,neutral
FRFFVCHL,24,26,0,4,50,4,0.575,neutral
FCISFFVV,33,17,2,2,50,4,0.575,neutral
VFYFFYFR,31,19,1,3,50,4,0.575,neutral
FCRVFVFC,32,18,2,2,50,4,0.575,neutral
CCLRYCCY,29,21,0,4,50,4,0.575,neutral
NIFCCIIV,27,23,1,3,50,4,0.575,neutral
FFVLFFFI,33,17,2,2,50,4,0.575,neutral
CVFVYFNI,26,24,3,1,50,4,0.575,neutral
CICLIVSH,27,23,2,2,50,4,0.575,neutral
VIVCDHGG,54,36,6,15,90,21,0.575,neutral
VFVFFFCG,34,16,1,3,50,4,0.575,neutral
CYCFYGRC,47,43,11,10,90,21,0.575,neutral
CGRCCYLF,34,16,2,2,50,4,0.575,neutral
GILCCCCN,29,21,0,4,50,4,0.575,neutral
FFVYVFFC,32,18,2,2,50,4,0.575,neutral
VVLRFIVY,31,19,3,1,50,4,0.575,neutral
VVNILIIY,31,19,3,1,50,4,0.575,neutral
LFVFFFYD,27,23,3,1,50,4,0.575,neutral
FFSVIVVV,33,17,2,2,50,4,0.575,neutral
FCCFNFFH,109,94,34,35,203,69,0.575107296137339,neutral
VYNVISGY,71,52,19,16,123,35,0.5751633986928104,neutral
FFCNCVLL,48,35,9,9,83,18,0.5752212389380531,neutral
YDFSVDYR,49,34,4,14,83,18,0.5752212389380531,neutral
LFCDICCL,49,34,11,7,83,18,0.5752212389380531,neutral
FFRVRFGR,50,33,5,13,83,18,0.5752212389380531,neutral
RFFGVFCF,23,20,1,0,43,1,0.5753424657534246,neutral
FVLVIHFC,23,20,1,0,43,1,0.5753424657534246,neutral
YLVDIIFI,27,16,0,1,43,1,0.5753424657534246,neutral
IYFYFCLC,29,14,1,0,43,1,0.5753424657534246,neutral
FYICCFYF,27,16,0,1,43,1,0.5753424657534246,neutral
FLVCRFIF,27,16,0,1,43,1,0.5753424657534246,neutral
CCSCVCNS,67,49,18,14,116,32,0.5753424657534246,neutral
VLLIVFFV,18,25,1,0,43,1,0.5753424657534246,neutral
GFRIVLFV,22,21,1,0,43,1,0.5753424657534246,neutral
VFYIVYYF,26,17,0,1,43,1,0.5753424657534246,neutral
CFIFSIYF,23,20,0,1,43,1,0.5753424657534246,neutral
CLLVFLSI,30,13,0,1,43,1,0.5753424657534246,neutral
FINYDICD,38,38,5,10,76,15,0.5754716981132075,neutral
FCFDLYYY,45,31,9,6,76,15,0.5754716981132075,neutral
VYFHGNLD,47,29,7,8,76,15,0.5754716981132075,neutral
YYGDCIVN,64,45,16,13,109,29,0.5755395683453237,neutral
FSNYYRCI,60,49,14,15,109,29,0.5755395683453237,neutral
LCCFRINY,41,28,3,9,69,12,0.5757575757575758,neutral
FFVIFHHV,44,25,3,9,69,12,0.5757575757575758,neutral
LYYVCCCD,42,27,6,6,69,12,0.5757575757575758,neutral
CFRYCYRL,43,26,6,6,69,12,0.5757575757575758,neutral
IFVCRCLG,39,30,7,5,69,12,0.5757575757575758,neutral
IFNGDCVF,64,71,13,27,135,40,0.5757575757575758,neutral
LCLHVYCH,40,29,7,5,69,12,0.5757575757575758,neutral
FYGVYLFH,44,25,5,7,69,12,0.5757575757575758,neutral
SCCLCCCV,41,28,3,9,69,12,0.5757575757575758,neutral
CLINVCCL,28,41,10,2,69,12,0.5757575757575758,neutral
VCYFHICG,57,38,13,10,95,23,0.576,neutral
FFNIHCFC,57,38,14,9,95,23,0.576,neutral
FFFGSNCD,56,39,12,11,95,23,0.576,neutral
FCYVNVVV,49,46,11,12,95,23,0.576,neutral
YCCCYCIR,57,38,15,8,95,23,0.576,neutral
CIFDCCCC,54,41,11,12,95,23,0.576,neutral
GCCYRVCL,48,47,6,17,95,23,0.576,neutral
FFIGCFCI,33,29,5,4,62,9,0.5760869565217391,neutral
CYDGYRFD,40,22,4,5,62,9,0.5760869565217391,neutral
GYIVCCIR,38,24,6,3,62,9,0.5760869565217391,neutral
FCRSCCCL,38,24,8,1,62,9,0.5760869565217391,neutral
HCILVYIL,36,26,3,6,62,9,0.5760869565217391,neutral
FIFFIFNY,34,28,5,4,62,9,0.5760869565217391,neutral
FVRCFVVC,40,22,2,7,62,9,0.5760869565217391,neutral
FVCCFCHH,34,28,3,6,62,9,0.5760869565217391,neutral
RCGIFCYS,99,81,30,29,180,59,0.5761904761904761,neutral
HIGCCICG,77,70,20,25,147,45,0.576271186440678,neutral
HFRLCRFY,50,38,14,6,88,20,0.576271186440678,neutral
FFDCVVFV,61,53,16,15,114,31,0.5763888888888888,neutral
YCFVCLSI,30,25,4,2,55,6,0.5764705882352941,neutral
FFVFFFSL,34,21,2,4,55,6,0.5764705882352941,neutral
SIYILCGL,36,19,2,4,55,6,0.5764705882352941,neutral
FVCGFIFL,32,23,3,3,55,6,0.5764705882352941,neutral
CGFVCFCY,35,20,5,1,55,6,0.5764705882352941,neutral
NFLHDLYC,31,24,1,5,55,6,0.5764705882352941,neutral
IFYICFCL,35,20,2,4,55,6,0.5764705882352941,neutral
FCYFCVVC,35,20,2,4,55,6,0.5764705882352941,neutral
YFVFFLGF,34,21,4,2,55,6,0.5764705882352941,neutral
FCLCCIFC,32,23,3,3,55,6,0.5764705882352941,neutral
CSCYFRLL,37,18,2,4,55,6,0.5764705882352941,neutral
VYRFVFFG,33,22,4,2,55,6,0.5764705882352941,neutral
FCIVLFGY,33,22,1,5,55,6,0.5764705882352941,neutral
RFGCLCFF,32,23,4,2,55,6,0.5764705882352941,neutral
FFISYGCY,30,25,2,4,55,6,0.5764705882352941,neutral
FIFLLCHC,32,23,4,2,55,6,0.5764705882352941,neutral
FCNFCGCC,32,23,6,0,55,6,0.5764705882352941,neutral
VHCYFFVY,36,19,3,3,55,6,0.5764705882352941,neutral
IFHLCLLD,50,31,7,10,81,17,0.5765765765765766,neutral
SICGLCFF,49,32,14,3,81,17,0.5765765765765766,neutral
DVCYRFSD,49,32,10,7,81,17,0.5765765765765766,neutral
FVYGYFGI,50,31,7,10,81,17,0.5765765765765766,neutral
LYVYFGRG,48,33,7,10,81,17,0.5765765765765766,neutral
VRCFGVYY,48,33,7,10,81,17,0.5765765765765766,neutral
CYHCVSFL,47,34,2,15,81,17,0.5765765765765766,neutral
CFVGRFCC,59,48,17,11,107,28,0.5766423357664233,neutral
CDICCCHR,61,46,17,11,107,28,0.5766423357664233,neutral
FFCCCNYF,58,49,15,13,107,28,0.5766423357664233,neutral
FVDFCYFR,46,28,9,5,74,14,0.5769230769230769,neutral
FFLFLVDL,31,17,1,2,48,3,0.5769230769230769,neutral
FCYNVFCF,25,23,0,3,48,3,0.5769230769230769,neutral
VYLFYYCC,29,19,1,2,48,3,0.5769230769230769,neutral
LIFCRICV,26,22,2,1,48,3,0.5769230769230769,neutral
FIYIHIFF,22,26,1,2,48,3,0.5769230769230769,neutral
VHFVFYII,30,18,2,1,48,3,0.5769230769230769,neutral
FCVFVFNV,31,17,2,1,48,3,0.5769230769230769,neutral
FYVIIVYF,30,18,1,2,48,3,0.5769230769230769,neutral
FVYCISIH,30,18,1,2,48,3,0.5769230769230769,neutral
YCYFRVFG,42,32,8,6,74,14,0.5769230769230769,neutral
SSVFIICF,33,15,2,1,48,3,0.5769230769230769,neutral
YVVVFFCF,32,16,1,2,48,3,0.5769230769230769,neutral
FDVFIFIC,44,30,6,8,74,14,0.5769230769230769,neutral
VFHFFCVV,30,18,1,2,48,3,0.5769230769230769,neutral
VRICSFIY,32,16,0,3,48,3,0.5769230769230769,neutral
FFCCYLVG,46,28,7,7,74,14,0.5769230769230769,neutral
YIFCVFRF,26,22,2,1,48,3,0.5769230769230769,neutral
FYIGISID,43,31,6,8,74,14,0.5769230769230769,neutral
IVYLFIFS,28,20,1,2,48,3,0.5769230769230769,neutral
FVYLCFFC,30,18,3,0,48,3,0.5769230769230769,neutral
LLFCIYGV,31,17,0,3,48,3,0.5769230769230769,neutral
SVYFIRVV,32,16,1,2,48,3,0.5769230769230769,neutral
FFCCFGYL,31,17,2,1,48,3,0.5769230769230769,neutral
DFYCFSFL,71,55,19,17,126,36,0.5769230769230769,neutral
CDYCHYRI,53,47,11,14,100,25,0.5769230769230769,neutral
FFILYRIF,30,18,1,2,48,3,0.5769230769230769,neutral
FCVYVCYN,30,18,0,3,48,3,0.5769230769230769,neutral
RCCFICCR,56,37,12,10,93,22,0.5772357723577236,neutral
VVLLLCVD,54,39,8,14,93,22,0.5772357723577236,neutral
DCDFNHCF,56,37,15,7,93,22,0.5772357723577236,neutral
IVIFFVHL,43,24,4,7,67,11,0.5773195876288659,neutral
VHLLIYCV,41,26,3,8,67,11,0.5773195876288659,neutral
LFRVYFFR,43,24,5,6,67,11,0.5773195876288659,neutral
HFLVFLLS,37,30,4,7,67,11,0.5773195876288659,neutral
CVCLVCFF,42,25,5,6,67,11,0.5773195876288659,neutral
YFGCIFLC,41,26,6,5,67,11,0.5773195876288659,neutral
IVCIICSY,36,31,5,6,67,11,0.5773195876288659,neutral
CSILFFCN,40,27,6,5,67,11,0.5773195876288659,neutral
CYNCIYLD,77,61,14,27,138,41,0.5773809523809523,neutral
VNCHFVLF,63,49,17,13,112,30,0.5774647887323944,toxic
CGFVFYIF,29,12,0,0,41,0,0.5774647887323944,toxic
YLYLRFLI,25,16,0,0,41,0,0.5774647887323944,toxic
FCIIYVYI,24,17,0,0,41,0,0.5774647887323944,toxic
NIYVFIRF,16,25,0,0,41,0,0.5774647887323944,toxic
FRCCFVFS,60,52,15,15,112,30,0.5774647887323944,toxic
FFHVILFR,29,12,0,0,41,0,0.5774647887323944,toxic
FLYLFFNF,26,15,0,0,41,0,0.5774647887323944,toxic
FFFFCCCF,23,18,0,0,41,0,0.5774647887323944,toxic
ICVFFCRY,26,15,0,0,41,0,0.5774647887323944,toxic
FHFFRFLG,27,14,0,0,41,0,0.5774647887323944,toxic
GDYYYCIF,52,34,6,13,86,19,0.5775862068965517,toxic
VCNCIRLY,51,35,10,9,86,19,0.5775862068965517,toxic
YYDIYNCC,67,64,14,24,131,38,0.577639751552795,toxic
VVFCCLLC,37,23,7,1,60,8,0.5777777777777777,toxic
LFCYCLCN,61,44,14,13,105,27,0.5777777777777777,toxic
CCYLIFGG,36,24,3,5,60,8,0.5777777777777777,toxic
FCVCFLFC,34,26,8,0,60,8,0.5777777777777777,toxic
HFFCCFVC,38,22,3,5,60,8,0.5777777777777777,toxic
YRFFYLHD,59,46,15,12,105,27,0.5777777777777777,toxic
CFFLSCVI,35,25,6,2,60,8,0.5777777777777777,toxic
IYVFVHFH,37,23,2,6,60,8,0.5777777777777777,toxic
FLVVNFSV,34,26,3,5,60,8,0.5777777777777777,toxic
FLNVGGFY,33,27,4,4,60,8,0.5777777777777777,toxic
IVFVVCCL,36,24,4,4,60,8,0.5777777777777777,toxic
NLVCFIFS,39,21,4,4,60,8,0.5777777777777777,toxic
VCFCLFYC,30,30,3,5,60,8,0.5777777777777777,toxic
FYFIHRVL,36,24,4,4,60,8,0.5777777777777777,toxic
FIYSVFIS,35,25,3,5,60,8,0.5777777777777777,toxic
SFRCCCDS,92,77,21,33,169,54,0.5778894472361809,toxic
ICGLFVCC,70,54,15,20,124,35,0.577922077922078,toxic
FLIFRFDD,47,32,12,4,79,16,0.5779816513761468,toxic
YYGHSLGS,49,30,6,10,79,16,0.5779816513761468,toxic
RDVFYDYR,48,31,10,6,79,16,0.5779816513761468,toxic
RYYCSDVY,45,34,5,11,79,16,0.5779816513761468,toxic
VHVYICCH,49,30,7,9,79,16,0.5779816513761468,toxic
FVVFLCFY,47,32,9,7,79,16,0.5779816513761468,toxic
FNYHLFGI,106,94,27,40,200,67,0.5782608695652174,toxic
FCFIGIIR,31,22,2,3,53,5,0.5783132530120482,toxic
LCLCFYFC,31,22,0,5,53,5,0.5783132530120482,toxic
SFYFCFFC,31,22,0,5,53,5,0.5783132530120482,toxic
LCGFVFVY,35,18,4,1,53,5,0.5783132530120482,toxic
LCYLRLGF,34,19,1,4,53,5,0.5783132530120482,toxic
FFVIVFFY,29,24,1,4,53,5,0.5783132530120482,toxic
CCYVYIYS,27,26,3,2,53,5,0.5783132530120482,toxic
FCLHVYSI,33,20,1,4,53,5,0.5783132530120482,toxic
FIIRFDII,34,19,2,3,53,5,0.5783132530120482,toxic
FFCCIYLH,32,21,3,2,53,5,0.5783132530120482,toxic
FYVVCGCY,31,22,1,4,53,5,0.5783132530120482,toxic
YLFILFYC,28,25,4,1,53,5,0.5783132530120482,toxic
ICFFVCCV,34,19,1,4,53,5,0.5783132530120482,toxic
VFLICYNL,34,19,3,2,53,5,0.5783132530120482,toxic
YLFFVCNL,35,18,3,2,53,5,0.5783132530120482,toxic
HLCFICCR,29,24,3,2,53,5,0.5783132530120482,toxic
FYVCFVFI,33,20,2,3,53,5,0.5783132530120482,toxic
LFLFCFCN,36,17,2,3,53,5,0.5783132530120482,toxic
IFLYVCVI,32,21,3,2,53,5,0.5783132530120482,toxic
FCCFFYYF,28,25,3,2,53,5,0.5783132530120482,toxic
VIVLYRGC,31,22,4,1,53,5,0.5783132530120482,toxic
CFSVYFVL,35,18,1,4,53,5,0.5783132530120482,toxic
FIVCCYCL,33,20,2,3,53,5,0.5783132530120482,toxic
FYFISHRF,34,19,2,3,53,5,0.5783132530120482,toxic
YIDIRIFF,36,36,4,9,72,13,0.5784313725490197,toxic
CVFCFISG,44,28,4,9,72,13,0.5784313725490197,toxic
SSLIVIGL,54,37,13,8,91,21,0.5785123966942148,toxic
FLVVYFVS,49,42,10,11,91,21,0.5785123966942148,toxic
FFVLSCVC,47,44,9,12,91,21,0.5785123966942148,toxic
IHGCNVLF,73,56,15,22,129,37,0.5786163522012578,toxic
ICCISYRV,74,55,11,26,129,37,0.5786163522012578,toxic
INIRRNFY,80,68,20,25,148,45,0.5786516853932584,toxic
VLGVYLLL,34,31,3,7,65,10,0.5789473684210527,toxic
LFFCVVIY,28,18,2,0,46,2,0.5789473684210527,toxic
FFIYLFRS,24,22,1,1,46,2,0.5789473684210527,toxic
IVCGFFII,36,29,5,5,65,10,0.5789473684210527,toxic
GFLCLLRG,33,32,7,3,65,10,0.5789473684210527,toxic
FYFFVGVC,42,23,2,8,65,10,0.5789473684210527,toxic
GRCYFFCI,28,18,0,2,46,2,0.5789473684210527,toxic
FCYLCYCY,27,19,0,2,46,2,0.5789473684210527,toxic
FFLILCLC,29,17,0,2,46,2,0.5789473684210527,toxic
FLFFCHRC,50,34,9,9,84,18,0.5789473684210527,toxic
LYVYCCCY,39,26,7,3,65,10,0.5789473684210527,toxic
VFGCYFSF,38,27,3,7,65,10,0.5789473684210527,toxic
FFRFILLV,30,16,1,1,46,2,0.5789473684210527,toxic
FFVLSFGI,28,18,0,2,46,2,0.5789473684210527,toxic
YFFLCLIY,30,16,1,1,46,2,0.5789473684210527,toxic
CCLYFFLS,27,19,1,1,46,2,0.5789473684210527,toxic
FVVYFLLC,29,17,2,0,46,2,0.5789473684210527,toxic
FVYYGDFR,40,25,7,3,65,10,0.5789473684210527,toxic
CYRFCFHI,41,24,5,5,65,10,0.5789473684210527,toxic
FFFCLICC,31,15,1,1,46,2,0.5789473684210527,toxic
HYVYFLVI,31,15,1,1,46,2,0.5789473684210527,toxic
DLCLSFFI,35,30,8,2,65,10,0.5789473684210527,toxic
IYLICSCG,36,29,9,1,65,10,0.5789473684210527,toxic
CRLFVFLF,25,21,2,0,46,2,0.5789473684210527,toxic
FRCFCLFC,30,16,1,1,46,2,0.5789473684210527,toxic
LVLGCFRF,38,27,4,6,65,10,0.5789473684210527,toxic
FCLIRGLL,47,37,9,9,84,18,0.5789473684210527,toxic
YVCFLCCS,39,26,4,6,65,10,0.5789473684210527,toxic
FLFVRVGF,29,17,1,1,46,2,0.5789473684210527,toxic
FIFDCFCG,48,36,10,8,84,18,0.5789473684210527,toxic
FCCGFCYR,36,29,7,3,65,10,0.5789473684210527,toxic
FCFGGLND,44,40,8,10,84,18,0.5789473684210527,toxic
LDSIRFDF,70,52,13,21,122,34,0.5789473684210527,toxic
FRILFFCF,32,14,1,1,46,2,0.5789473684210527,toxic
VYIIDILC,29,17,0,2,46,2,0.5789473684210527,toxic
FFIVFIFC,32,14,1,1,46,2,0.5789473684210527,toxic
SLDYCIGC,86,67,25,22,153,47,0.5792349726775956,toxic
LICYCDFC,76,58,23,16,134,39,0.5792682926829268,toxic
VVRDFFVY,53,43,8,15,96,23,0.5793650793650794,toxic
CSGRYFCC,57,39,15,8,96,23,0.5793650793650794,toxic
IVFNLVFY,44,33,8,7,77,15,0.5794392523364486,toxic
IGCCIVLF,44,33,6,9,77,15,0.5794392523364486,toxic
FVVICSHL,45,32,7,8,77,15,0.5794392523364486,toxic
VCDCRFCL,47,30,8,7,77,15,0.5794392523364486,toxic
RFCRCLCF,44,33,3,12,77,15,0.5794392523364486,toxic
CFFCCGLN,36,22,2,5,58,7,0.5795454545454546,toxic
HFFVIHVC,37,21,4,3,58,7,0.5795454545454546,toxic
IFCIVISG,37,21,3,4,58,7,0.5795454545454546,toxic
HFFVILFV,32,26,2,5,58,7,0.5795454545454546,toxic
HYCDYFGN,82,64,22,22,146,44,0.5795454545454546,toxic
FHILYRVL,35,23,3,4,58,7,0.5795454545454546,toxic
FNYHFFLV,38,20,2,5,58,7,0.5795454545454546,toxic
LVLCICFL,28,30,5,2,58,7,0.5795454545454546,toxic
FLCCFLFL,34,24,3,4,58,7,0.5795454545454546,toxic
CFRYFFLD,37,21,4,3,58,7,0.5795454545454546,toxic
CSFFFCYF,36,22,3,4,58,7,0.5795454545454546,toxic
CIGCCIIC,33,25,3,4,58,7,0.5795454545454546,toxic
VYCICCGS,37,21,4,3,58,7,0.5795454545454546,toxic
GYVFFLLV,34,24,3,4,58,7,0.5795454545454546,toxic
HFCCFRYI,35,23,2,5,58,7,0.5795454545454546,toxic
VIVIFHIV,31,27,6,1,58,7,0.5795454545454546,toxic
FLCLCFCY,34,24,4,3,58,7,0.5795454545454546,toxic
FCLRCYIH,37,21,2,5,58,7,0.5795454545454546,toxic
FFHYDHHC,57,51,13,15,108,28,0.5797101449275363,toxic
VYHCRCCV,61,47,12,16,108,28,0.5797101449275363,toxic
CIYSNVCC,62,46,16,12,108,28,0.5797101449275363,toxic
LFCFVFGV,57,51,11,17,108,28,0.5797101449275363,toxic
FFFFCGVS,59,49,13,15,108,28,0.5797101449275363,toxic
FCVCCLCC,53,36,8,12,89,20,0.5798319327731093,toxic
FCGLGRYV,52,37,10,10,89,20,0.5798319327731093,toxic
LNGILFLI,54,35,8,12,89,20,0.5798319327731093,toxic
YCFFCHVY,43,27,8,4,70,12,0.58,toxic
VFVIRCCR,41,29,7,5,70,12,0.58,toxic
CFVCNICC,42,28,7,5,70,12,0.58,toxic
FCGCCGIF,43,27,6,6,70,12,0.58,toxic
CCCLVGVC,43,27,2,10,70,12,0.58,toxic
FFYFCIDV,38,32,5,7,70,12,0.58,toxic
CVVCLVGI,43,27,4,8,70,12,0.58,toxic
RFGIFYVI,39,31,7,5,70,12,0.58,toxic
YFCFVFVR,41,29,6,6,70,12,0.58,toxic
RISVFRFI,42,28,6,6,70,12,0.58,toxic
FCVCCCDY,44,26,4,8,70,12,0.58,toxic
LSGYHRYD,44,26,4,8,70,12,0.58,toxic
YCYVGSHD,42,28,10,2,70,12,0.58,toxic
FCGVLVGF,57,44,10,15,101,25,0.5801526717557252,toxic
LLYYLGYV,27,24,3,1,51,4,0.5802469135802469,toxic
VIVLINFF,29,22,2,2,51,4,0.5802469135802469,toxic
YCIFVYLI,28,23,2,2,51,4,0.5802469135802469,toxic
LLHFHFFC,26,25,2,2,51,4,0.5802469135802469,toxic
IFHCFIFS,30,21,3,1,51,4,0.5802469135802469,toxic
FVIICNVI,33,18,1,3,51,4,0.5802469135802469,toxic
CYCLVLGY,33,18,2,2,51,4,0.5802469135802469,toxic
FRIDVFYC,26,25,2,2,51,4,0.5802469135802469,toxic
CCYFGYYC,28,23,3,1,51,4,0.5802469135802469,toxic
SLSCILLF,32,19,3,1,51,4,0.5802469135802469,toxic
FFRCFSCF,35,16,1,3,51,4,0.5802469135802469,toxic
FNVYFRVI,30,21,2,2,51,4,0.5802469135802469,toxic
FGFVCYLI,34,17,2,2,51,4,0.5802469135802469,toxic
FYFFVFCF,35,16,3,1,51,4,0.5802469135802469,toxic
RFVIVFSV,35,16,0,4,51,4,0.5802469135802469,toxic
CFVFCIFC,30,21,4,0,51,4,0.5802469135802469,toxic
FSCVLFVF,31,20,1,3,51,4,0.5802469135802469,toxic
FILCCFYS,32,19,3,1,51,4,0.5802469135802469,toxic
ICYCVCCF,47,35,8,9,82,17,0.5803571428571429,toxic
FFGICNSD,44,38,6,11,82,17,0.5803571428571429,toxic
FFYYHYGC,42,40,9,8,82,17,0.5803571428571429,toxic
FCCFCSLD,50,32,2,15,82,17,0.5803571428571429,toxic
CFGYFYFL,50,32,3,14,82,17,0.5803571428571429,toxic
HFCYDNNY,49,33,6,11,82,17,0.5803571428571429,toxic
GVVGIIVV,49,33,8,9,82,17,0.5803571428571429,toxic
CFVGDCDI,46,36,6,11,82,17,0.5803571428571429,toxic
CFLLCFSC,36,27,5,4,63,9,0.5806451612903226,toxic
LRGHIYLC,70,55,14,21,125,35,0.5806451612903226,toxic
FCLLSCGF,101,86,26,35,187,61,0.5806451612903226,toxic
VCICVYVL,40,23,6,3,63,9,0.5806451612903226,toxic
IICCGCHF,40,23,4,5,63,9,0.5806451612903226,toxic
CFCCCLYI,37,26,3,6,63,9,0.5806451612903226,toxic
FFIRRILG,38,25,5,4,63,9,0.5806451612903226,toxic
NGVVVFIR,56,38,12,10,94,22,0.5806451612903226,toxic
LYFVSFCR,39,24,5,4,63,9,0.5806451612903226,toxic
GIYVFCVI,41,22,1,8,63,9,0.5806451612903226,toxic
YICLCCCV,40,23,8,1,63,9,0.5806451612903226,toxic
FLFVIFFY,40,23,5,4,63,9,0.5806451612903226,toxic
LGYNCIRY,36,27,2,7,63,9,0.5806451612903226,toxic
CHVCCRIC,39,24,6,3,63,9,0.5806451612903226,toxic
VFVLFYVD,41,22,7,2,63,9,0.5806451612903226,toxic
LLCCVGLC,53,41,8,14,94,22,0.5806451612903226,toxic
YCFCCVCL,39,24,4,5,63,9,0.5806451612903226,toxic
RICGCFFD,56,38,9,13,94,22,0.5806451612903226,toxic
GFCCFVSF,39,24,3,6,63,9,0.5806451612903226,toxic
ILYCYGGY,75,62,20,20,137,40,0.5808383233532934,toxic
VCVFCDCR,46,29,4,10,75,14,0.580952380952381,toxic
IFCCFLCC,44,31,5,9,75,14,0.580952380952381,toxic
VCCFCFDC,39,36,9,5,75,14,0.580952380952381,toxic
CIVCCCHD,47,28,4,10,75,14,0.580952380952381,toxic
ICCFSVLY,47,28,4,10,75,14,0.580952380952381,toxic
FICCCCRV,45,30,5,9,75,14,0.580952380952381,toxic
YFICYCLR,39,36,4,10,75,14,0.580952380952381,toxic
DFLNHYVG,80,69,31,14,149,45,0.5810055865921788,toxic
CYCIIIFS,29,15,1,0,44,1,0.581081081081081,toxic
FFVFFLYL,27,17,0,1,44,1,0.581081081081081,toxic
FYFNIVFV,19,25,0,1,44,1,0.581081081081081,toxic
FFYGFLIH,31,13,0,1,44,1,0.581081081081081,toxic
FCYFYLSI,27,17,0,1,44,1,0.581081081081081,toxic
FLYFFYIV,28,16,0,1,44,1,0.581081081081081,toxic
FYCIGFCG,28,16,0,1,44,1,0.581081081081081,toxic
VYFGFYCY,31,13,0,1,44,1,0.581081081081081,toxic
RFYFCCLV,24,20,1,0,44,1,0.581081081081081,toxic
VVLCLRLV,31,13,0,1,44,1,0.581081081081081,toxic
VYVYVVIF,27,17,0,1,44,1,0.581081081081081,toxic
VVCSCFCY,64,54,11,21,118,32,0.581081081081081,toxic
VCCYVIGL,28,16,0,1,44,1,0.581081081081081,toxic
CFLVRFFF,25,19,0,1,44,1,0.581081081081081,toxic
ISFIFFCC,26,18,0,1,44,1,0.581081081081081,toxic
ICVIFIIR,28,16,0,1,44,1,0.581081081081081,toxic
FFIYSRHH,51,36,8,11,87,19,0.5811965811965812,toxic
FIIRCGCV,51,36,8,11,87,19,0.5811965811965812,toxic
IYVFRYDC,47,40,8,11,87,19,0.5811965811965812,toxic
IYVFVSYD,48,39,11,8,87,19,0.5811965811965812,toxic
HYVVRVCC,53,34,9,10,87,19,0.5811965811965812,toxic
FCICFVLF,47,40,8,11,87,19,0.5811965811965812,toxic
SCGYCCGC,47,40,9,10,87,19,0.5811965811965812,toxic
VLIYVVVY,51,36,8,11,87,19,0.5811965811965812,toxic
DCIGHDCF,74,56,18,19,130,37,0.58125,toxic
CFCLRDVY,93,80,23,32,173,55,0.5812807881773399,toxic
FSLLFSLF,32,24,4,2,56,6,0.5813953488372093,toxic
CLCLIICL,34,22,0,6,56,6,0.5813953488372093,toxic
VNRVVFVY,37,19,3,3,56,6,0.5813953488372093,toxic
GIFVVVFV,35,21,3,3,56,6,0.5813953488372093,toxic
FFRDYGGV,33,23,3,3,56,6,0.5813953488372093,toxic
IHVVYYFY,34,22,3,3,56,6,0.5813953488372093,toxic
CCLCFGYC,32,24,1,5,56,6,0.5813953488372093,toxic
FIIVCYFI,32,24,3,3,56,6,0.5813953488372093,toxic
FFVGFLSG,54,45,11,13,99,24,0.5813953488372093,toxic
YCIDFCFI,30,26,2,4,56,6,0.5813953488372093,toxic
CYNFRCCC,31,25,3,3,56,6,0.5813953488372093,toxic
IFVCVSCL,35,21,3,3,56,6,0.5813953488372093,toxic
VCGCFIYV,33,23,3,3,56,6,0.5813953488372093,toxic
FFCVCCYC,30,26,5,1,56,6,0.5813953488372093,toxic
LVFLVCCF,35,21,2,4,56,6,0.5813953488372093,toxic
CVSCYFCH,32,24,2,4,56,6,0.5813953488372093,toxic
FCCVDCIC,63,48,15,14,111,29,0.5815602836879432,toxic
FVFYCNFR,38,30,5,6,68,11,0.5816326530612245,toxic
SFGFVVYV,43,25,6,5,68,11,0.5816326530612245,toxic
CVFSFRCY,43,25,5,6,68,11,0.5816326530612245,toxic
RVGFCICL,39,29,5,6,68,11,0.5816326530612245,toxic
YFYVNCND,36,32,6,5,68,11,0.5816326530612245,toxic
YGGGDVFF,41,27,7,4,68,11,0.5816326530612245,toxic
IDLLVYVG,41,27,3,8,68,11,0.5816326530612245,toxic
IIYIVISG,38,30,6,5,68,11,0.5816326530612245,toxic
CSFCDCLF,42,26,4,7,68,11,0.5816326530612245,toxic
CVCFSFCH,41,27,4,7,68,11,0.5816326530612245,toxic
YSGCFVHL,42,38,8,8,80,16,0.5818181818181818,toxic
LCVLFHCR,48,32,6,10,80,16,0.5818181818181818,toxic
FFVCHSCI,46,34,8,8,80,16,0.5818181818181818,toxic
FFIYGFCG,45,35,9,7,80,16,0.5818181818181818,toxic
DRYVCSFV,47,33,8,8,80,16,0.5818181818181818,toxic
CVCYCLLF,44,36,4,12,80,16,0.5818181818181818,toxic
VLDDLCLF,83,64,22,22,147,44,0.5819209039548022,toxic
FCIFDCDL,83,64,23,21,147,44,0.5819209039548022,toxic
FFSVSLSD,54,38,11,10,92,21,0.5819672131147541,toxic
HCFCYGVF,121,105,33,44,226,77,0.58203125,toxic
CHCYCCLC,61,43,12,14,104,26,0.582089552238806,toxic
CYCVNFGC,59,45,15,11,104,26,0.582089552238806,toxic
YFCSGYFL,67,49,14,17,116,31,0.5821917808219178,toxic
LLSLFDIF,30,19,2,1,49,3,0.5822784810126582,toxic
CYLFVNFL,31,18,3,0,49,3,0.5822784810126582,toxic
VICVVCCV,30,19,1,2,49,3,0.5822784810126582,toxic
CFNLFFII,32,17,2,1,49,3,0.5822784810126582,toxic
FVIFSVRC,29,20,1,2,49,3,0.5822784810126582,toxic
CYLVHYLY,34,15,1,2,49,3,0.5822784810126582,toxic
FLYCVYRI,32,17,1,2,49,3,0.5822784810126582,toxic
VFHFCYIF,32,17,1,2,49,3,0.5822784810126582,toxic
NHFVFVCF,34,15,1,2,49,3,0.5822784810126582,toxic
FFVFCFIR,33,16,1,2,49,3,0.5822784810126582,toxic
FVFFFFIC,34,15,2,1,49,3,0.5822784810126582,toxic
FLVVIFGN,28,21,2,1,49,3,0.5822784810126582,toxic
LFVFLFFI,34,15,1,2,49,3,0.5822784810126582,toxic
FFCCYLLF,31,18,1,2,49,3,0.5822784810126582,toxic
YVLVVCFF,34,15,0,3,49,3,0.5822784810126582,toxic
FCCYICIL,34,15,0,3,49,3,0.5822784810126582,toxic
RVVIFVNS,31,18,0,3,49,3,0.5822784810126582,toxic
IFVFIFRF,27,22,3,0,49,3,0.5822784810126582,toxic
VYFFCIFL,34,15,1,2,49,3,0.5822784810126582,toxic
CVILYIGI,30,19,3,0,49,3,0.5822784810126582,toxic
VYCVCFCF,32,17,0,3,49,3,0.5822784810126582,toxic
IFIFRFFC,32,17,1,2,49,3,0.5822784810126582,toxic
FVICFFYY,32,17,2,1,49,3,0.5822784810126582,toxic
VVCIRLCC,29,20,1,2,49,3,0.5822784810126582,toxic
FCIVLFIV,34,15,0,3,49,3,0.5822784810126582,toxic
RIYVICSY,30,19,1,2,49,3,0.5822784810126582,toxic
FYIYFYVG,31,18,2,1,49,3,0.5822784810126582,toxic
RYSICIIC,27,22,2,1,49,3,0.5822784810126582,toxic
FCCRLRCC,37,24,3,5,61,8,0.5824175824175825,toxic
FIRCFYVC,40,21,3,5,61,8,0.5824175824175825,toxic
VVIVFSYC,36,25,4,4,61,8,0.5824175824175825,toxic
GFYVIYCC,39,22,3,5,61,8,0.5824175824175825,toxic
HYYFVFCC,36,25,4,4,61,8,0.5824175824175825,toxic
IDDFIDCV,39,22,3,5,61,8,0.5824175824175825,toxic
YVCLCFYG,36,25,7,1,61,8,0.5824175824175825,toxic
IVVFYHVV,35,26,5,3,61,8,0.5824175824175825,toxic
FLFCVGVV,37,24,4,4,61,8,0.5824175824175825,toxic
YFIFVIRG,40,21,3,5,61,8,0.5824175824175825,toxic
HSLYFLYG,33,28,5,3,61,8,0.5824175824175825,toxic
YFYICFYN,36,25,3,5,61,8,0.5824175824175825,toxic
FICFVYGL,37,24,3,5,61,8,0.5824175824175825,toxic
IHCICVFS,46,27,3,10,73,13,0.5825242718446602,toxic
CCSLCGYL,46,27,3,10,73,13,0.5825242718446602,toxic
FIIYCHIR,43,30,6,7,73,13,0.5825242718446602,toxic
FSYFCFCL,44,29,4,9,73,13,0.5825242718446602,toxic
LLCFYVHC,46,27,6,7,73,13,0.5825242718446602,toxic
CHCLCCGY,44,29,5,8,73,13,0.5825242718446602,toxic
FIGFVFNI,46,27,6,7,73,13,0.5825242718446602,toxic
FYFRFFFD,45,28,3,10,73,13,0.5825242718446602,toxic
GFFFVCSI,44,29,3,10,73,13,0.5825242718446602,toxic
CLHVCLVC,44,29,8,5,73,13,0.5825242718446602,toxic
ICCFCYGH,38,35,7,6,73,13,0.5825242718446602,toxic
YRVVFLLH,45,28,7,6,73,13,0.5825242718446602,toxic
CNFCLSGC,48,37,6,12,85,18,0.5826086956521739,toxic
ICNFLFRC,49,36,9,9,85,18,0.5826086956521739,toxic
VFYHCGSC,52,33,8,10,85,18,0.5826086956521739,toxic
CSFVCLCV,51,34,10,8,85,18,0.5826086956521739,toxic
CGFFGNNI,57,40,15,8,97,23,0.5826771653543307,toxic
FFVLYGNL,55,42,9,14,97,23,0.5826771653543307,toxic
LFVCHISC,50,47,6,17,97,23,0.5826771653543307,toxic
NFGVYGVC,64,45,14,14,109,28,0.5827338129496403,toxic
FHDLCYDC,66,55,16,17,121,33,0.5827814569536424,toxic
NCSVCCFG,99,82,27,31,181,58,0.5829383886255924,toxic
CCDCSRFI,68,58,14,21,126,35,0.5833333333333334,toxic
FLIYGICL,34,20,2,3,54,5,0.5833333333333334,toxic
IFVIFFFR,43,35,5,10,78,15,0.5833333333333334,toxic
VRYCFIIY,30,24,1,4,54,5,0.5833333333333334,toxic
FDLFFFFH,41,25,3,7,66,10,0.5833333333333334,toxic
VFFFNHGH,28,26,2,3,54,5,0.5833333333333334,toxic
DHFYRGLF,45,33,7,8,78,15,0.5833333333333334,toxic
FFVLFLFV,29,13,0,0,42,0,0.5833333333333334,toxic
NYYCFLRR,46,32,8,7,78,15,0.5833333333333334,toxic
FGLRVVFL,30,12,0,0,42,0,0.5833333333333334,toxic
FFFINVHF,26,28,2,3,54,5,0.5833333333333334,toxic
FVRGYFND,43,35,6,9,78,15,0.5833333333333334,toxic
CFCFRVVC,42,24,3,7,66,10,0.5833333333333334,toxic
IFFFVYYF,34,20,2,3,54,5,0.5833333333333334,toxic
YSVFYVVR,30,24,2,3,54,5,0.5833333333333334,toxic
IIYFLLVF,42,24,4,6,66,10,0.5833333333333334,toxic
HHFLFLRL,22,32,1,4,54,5,0.5833333333333334,toxic
CRCLRFYV,36,18,3,2,54,5,0.5833333333333334,toxic
FYLICCHN,41,25,4,6,66,10,0.5833333333333334,toxic
FFDYCRCF,52,38,9,11,90,20,0.5833333333333334,toxic
GLYCIFLC,48,42,11,9,90,20,0.5833333333333334,toxic
FHVGLFYI,35,19,2,3,54,5,0.5833333333333334,toxic
FCFFVHIL,35,19,2,3,54,5,0.5833333333333334,toxic
YSYFIVCC,31,23,4,1,54,5,0.5833333333333334,toxic
CCLGICLG,59,43,14,11,102,25,0.5833333333333334,toxic
VFICFVGY,42,24,7,3,66,10,0.5833333333333334,toxic
ICIFLYYF,31,23,1,4,54,5,0.5833333333333334,toxic
LIVCFCHS,32,22,3,2,54,5,0.5833333333333334,toxic
CIFFLVCF,28,14,0,0,42,0,0.5833333333333334,toxic
CIIRFLFC,27,15,0,0,42,0,0.5833333333333334,toxic
CLLCLCVC,40,26,5,5,66,10,0.5833333333333334,toxic
LFVLLFSD,35,19,4,1,54,5,0.5833333333333334,toxic
YGIVCFLR,33,21,2,3,54,5,0.5833333333333334,toxic
LCCYCVCV,37,29,3,7,66,10,0.5833333333333334,toxic
CGLFLFLI,40,26,4,6,66,10,0.5833333333333334,toxic
CYFCFIFV,27,15,0,0,42,0,0.5833333333333334,toxic
SFNYDYVN,58,44,12,13,102,25,0.5833333333333334,toxic
YFFCFFRN,25,17,0,0,42,0,0.5833333333333334,toxic
IYFYIIVC,24,18,0,0,42,0,0.5833333333333334,toxic
FSFVRLFF,27,15,0,0,42,0,0.5833333333333334,toxic
IVFGVHFR,60,42,10,15,102,25,0.5833333333333334,toxic
CIFHIYFF,30,24,1,4,54,5,0.5833333333333334,toxic
CCCVRCGF,46,32,7,8,78,15,0.5833333333333334,toxic
FVLVLYIL,28,14,0,0,42,0,0.5833333333333334,toxic
FCFCLLFR,23,19,0,0,42,0,0.5833333333333334,toxic
FYCVCFVL,35,19,2,3,54,5,0.5833333333333334,toxic
RYVFFCVC,28,26,1,4,54,5,0.5833333333333334,toxic
IYVNSHLC,74,57,15,22,131,37,0.5838509316770186,toxic
IYDYRFNY,65,54,16,16,119,32,0.5838926174496645,toxic
FGNVGDCY,68,51,13,19,119,32,0.5838926174496645,toxic
RYCIVRVR,61,46,15,12,107,27,0.583941605839416,toxic
CCNCRCVF,57,38,9,13,95,22,0.584,toxic
CCICFDIR,52,43,12,10,95,22,0.584,toxic
ICYYVNYV,57,38,8,14,95,22,0.584,toxic
CYDVGFVD,50,33,9,8,83,17,0.584070796460177,toxic
FFYVYCVY,50,33,4,13,83,17,0.584070796460177,toxic
FYLFGIYG,44,27,4,8,71,12,0.5841584158415841,toxic
CHGLLLCH,41,30,8,4,71,12,0.5841584158415841,toxic
CFHLCFLS,40,31,4,8,71,12,0.5841584158415841,toxic
ICLCCRCI,42,29,6,6,71,12,0.5841584158415841,toxic
VFCCFHCC,35,24,2,5,59,7,0.5842696629213483,toxic
VFIISVNL,37,22,1,6,59,7,0.5842696629213483,toxic
CYGSHLSY,35,24,3,4,59,7,0.5842696629213483,toxic
VFVCIGLV,37,22,4,3,59,7,0.5842696629213483,toxic
GCYYLCFY,39,20,5,2,59,7,0.5842696629213483,toxic
FFILRFRD,39,20,2,5,59,7,0.5842696629213483,toxic
VFGVVYYC,30,29,5,2,59,7,0.5842696629213483,toxic
FNCCLCYL,38,21,2,5,59,7,0.5842696629213483,toxic
VFVFICVR,35,24,3,4,59,7,0.5842696629213483,toxic
CDRCCFVF,34,25,5,2,59,7,0.5842696629213483,toxic
LRLFFVCC,38,21,2,5,59,7,0.5842696629213483,toxic
FVCILVCV,36,23,4,3,59,7,0.5842696629213483,toxic
VCCVFFLY,37,22,4,3,59,7,0.5842696629213483,toxic
FFVCYGDV,77,59,22,17,136,39,0.5843373493975904,toxic
FIFVVILR,25,22,1,1,47,2,0.5844155844155844,toxic
FFCFRFVN,30,17,1,1,47,2,0.5844155844155844,toxic
VFLFFFRH,26,21,1,1,47,2,0.5844155844155844,toxic
FCCGCIDL,71,53,17,17,124,34,0.5844155844155844,toxic
FFCFCYFF,33,14,0,2,47,2,0.5844155844155844,toxic
CIVLFCFR,32,15,2,0,47,2,0.5844155844155844,toxic
YCVCVIFC,28,19,1,1,47,2,0.5844155844155844,toxic
LFRFLFFC,31,16,1,1,47,2,0.5844155844155844,toxic
FFGLLFCY,30,17,0,2,47,2,0.5844155844155844,toxic
YSVFFVYV,29,18,2,0,47,2,0.5844155844155844,toxic
CFRIYFCD,30,17,1,1,47,2,0.5844155844155844,toxic
FVVVLVSF,31,16,1,1,47,2,0.5844155844155844,toxic
LCFHINFF,30,17,1,1,47,2,0.5844155844155844,toxic
IFVNVCLC,30,17,0,2,47,2,0.5844155844155844,toxic
FFCFIFCC,30,17,2,0,47,2,0.5844155844155844,toxic
IVVYVCGI,29,18,1,1,47,2,0.5844155844155844,toxic
FYIILVRI,22,25,1,1,47,2,0.5844155844155844,toxic
CLCCLFGV,25,22,2,0,47,2,0.5844155844155844,toxic
FICHCVRC,28,19,1,1,47,2,0.5844155844155844,toxic
CIIHVVCY,27,20,1,1,47,2,0.5844155844155844,toxic
FYFDVFIC,31,16,1,1,47,2,0.5844155844155844,toxic
IYFIRFCF,29,18,0,2,47,2,0.5844155844155844,toxic
FFCFYLFD,27,20,1,1,47,2,0.5844155844155844,toxic
SLHYFCHD,64,48,15,14,112,29,0.5845070422535211,toxic
CYLIYNHF,62,50,16,13,112,29,0.5845070422535211,toxic
RCLGCCFG,57,43,8,16,100,24,0.5846153846153846,toxic
FFDSYHYD,57,43,8,16,100,24,0.5846153846153846,toxic
CFGYYYYC,52,48,13,11,100,24,0.5846153846153846,toxic
FVIINCSV,84,69,19,27,153,46,0.5846994535519126,toxic
CRVCCGLC,51,37,7,12,88,19,0.5847457627118644,toxic
VFYSCNIG,46,42,12,7,88,19,0.5847457627118644,toxic
CGFFCVSY,50,38,9,10,88,19,0.5847457627118644,toxic
FFIVYGIF,51,37,12,7,88,19,0.5847457627118644,toxic
CNLICVHY,75,66,16,25,141,41,0.5847953216374269,toxic
VDFRSLRY,77,64,20,21,141,41,0.5847953216374269,toxic
VYFCCICG,46,30,5,9,76,14,0.5849056603773585,toxic
FLIFCGSY,47,29,6,8,76,14,0.5849056603773585,toxic
HICFFVLS,46,30,9,5,76,14,0.5849056603773585,toxic
FCVYCFFH,45,31,4,10,76,14,0.5849056603773585,toxic
CRCVCIIS,42,34,7,7,76,14,0.5849056603773585,toxic
FGCRCCNH,47,29,11,3,76,14,0.5849056603773585,toxic
LISVGFYR,67,50,18,13,117,31,0.5850340136054422,toxic
VYFHCVRI,64,53,15,16,117,31,0.5850340136054422,toxic
YLFCVVCS,36,28,3,6,64,9,0.5851063829787234,toxic
FSGFRYHD,39,25,4,5,64,9,0.5851063829787234,toxic
CISYCYLY,37,27,1,8,64,9,0.5851063829787234,toxic
VLYVFFFR,40,24,4,5,64,9,0.5851063829787234,toxic
LCFCDCGF,39,25,6,3,64,9,0.5851063829787234,toxic
VIHCLVLC,37,27,5,4,64,9,0.5851063829787234,toxic
VFRVYLNI,37,27,2,7,64,9,0.5851063829787234,toxic
HNFVFFCC,38,26,4,5,64,9,0.5851063829787234,toxic
CYYIVYCC,35,29,3,6,64,9,0.5851063829787234,toxic
HFFCLCGY,50,55,17,9,105,26,0.5851851851851851,toxic
DCVVFGVY,78,68,21,22,146,43,0.5852272727272727,toxic
FLIILCCC,33,19,3,1,52,4,0.5853658536585366,toxic
LCYIIVYF,31,21,2,2,52,4,0.5853658536585366,toxic
VCIGFYFR,31,21,2,2,52,4,0.5853658536585366,toxic
LLVCFRVY,33,19,3,1,52,4,0.5853658536585366,toxic
LCVIRFLV,26,26,2,2,52,4,0.5853658536585366,toxic
DHCYVIYC,49,44,10,11,93,21,0.5853658536585366,toxic
LLCVCFCG,35,17,2,2,52,4,0.5853658536585366,toxic
CVIYFFRL,33,19,3,1,52,4,0.5853658536585366,toxic
VYNYCSGL,56,37,11,10,93,21,0.5853658536585366,toxic
IVHVCIGN,29,23,1,3,52,4,0.5853658536585366,toxic
FIIICHFG,34,18,1,3,52,4,0.5853658536585366,toxic
YFNFLCCL,32,20,2,2,52,4,0.5853658536585366,toxic
CYYVVFCI,30,22,0,4,52,4,0.5853658536585366,toxic
FYVCFDYL,35,17,1,3,52,4,0.5853658536585366,toxic
SYCLCIYV,34,18,1,3,52,4,0.5853658536585366,toxic
YIFFFCGV,35,17,2,2,52,4,0.5853658536585366,toxic
FLYSGGCV,74,60,18,20,134,38,0.5853658536585366,toxic
FLCCCIFN,34,18,1,3,52,4,0.5853658536585366,toxic
CVHFFCFR,55,38,9,12,93,21,0.5853658536585366,toxic
LFHCVRYV,53,40,7,14,93,21,0.5853658536585366,toxic
LIYVFLHV,29,23,3,1,52,4,0.5853658536585366,toxic
CCYNIVCV,88,75,30,20,163,50,0.5854922279792746,toxic
HFFCRDDI,50,31,7,9,81,16,0.5855855855855856,toxic
CVCLCNRH,44,37,6,10,81,16,0.5855855855855856,toxic
FCLDHDVC,47,34,6,10,81,16,0.5855855855855856,toxic
IYVYCFGY,47,34,4,12,81,16,0.5855855855855856,toxic
FNCDCFGL,50,31,6,10,81,16,0.5855855855855856,toxic
LDYFLVRY,48,33,10,6,81,16,0.5855855855855856,toxic
LIGIYCRD,64,46,12,16,110,28,0.5857142857142857,toxic
FCRIYHGV,63,47,16,12,110,28,0.5857142857142857,toxic
LGLHCYRD,114,95,36,33,209,69,0.5857740585774058,toxic
FCCCFCFV,41,28,5,6,69,11,0.5858585858585859,toxic
CCCNIFYF,43,26,3,8,69,11,0.5858585858585859,toxic
IYVLCSFD,44,25,4,7,69,11,0.5858585858585859,toxic
CSCCGFYL,40,29,2,9,69,11,0.5858585858585859,toxic
FLVCCFFL,44,25,3,8,69,11,0.5858585858585859,toxic
YNGHFGCY,73,54,17,18,127,35,0.5859872611464968,toxic
FFLVFCVL,36,21,2,4,57,6,0.5862068965517241,toxic
YYGYVIFL,37,20,3,3,57,6,0.5862068965517241,toxic
FCVICIDL,37,20,0,6,57,6,0.5862068965517241,toxic
GFFFHDGC,52,34,10,8,86,18,0.5862068965517241,toxic
CLFYGFRI,48,38,12,6,86,18,0.5862068965517241,toxic
FVYRDGYC,64,51,14,16,115,30,0.5862068965517241,toxic
CYHCCCDV,51,35,6,12,86,18,0.5862068965517241,toxic
IIVLLCFV,37,20,2,4,57,6,0.5862068965517241,toxic
FCFCCFCI,36,21,4,2,57,6,0.5862068965517241,toxic
ISFFVVIG,37,20,5,1,57,6,0.5862068965517241,toxic
ICIFGVFC,33,24,2,4,57,6,0.5862068965517241,toxic
GFFIVCCI,33,24,4,2,57,6,0.5862068965517241,toxic
YVFLCVDI,50,36,7,11,86,18,0.5862068965517241,toxic
SCICCCRH,50,36,8,10,86,18,0.5862068965517241,toxic
FCLFDDVS,60,55,13,17,115,30,0.5862068965517241,toxic
FGFCFCVV,33,24,2,4,57,6,0.5862068965517241,toxic
LFCGCHYC,36,21,1,5,57,6,0.5862068965517241,toxic
FVCYRIHC,82,79,29,20,161,49,0.5863874345549738,toxic
FYLFFDCV,58,45,8,17,103,25,0.5864661654135338,toxic
LHYLCFCR,44,30,6,7,74,13,0.5865384615384616,toxic
SCVIFFVI,43,31,8,5,74,13,0.5865384615384616,toxic
CCCCFRCR,46,28,5,8,74,13,0.5865384615384616,toxic
FVNFCYVF,43,31,6,7,74,13,0.5865384615384616,toxic
FVCFCCHY,46,28,7,6,74,13,0.5865384615384616,toxic
CHCRCGNG,80,69,22,22,149,44,0.5865921787709497,toxic
FRIYLCIY,28,17,0,1,45,1,0.5866666666666667,toxic
VFFFLRII,32,13,0,1,45,1,0.5866666666666667,toxic
FFLFCFFF,27,18,0,1,45,1,0.5866666666666667,toxic
FCFFCCIR,25,20,0,1,45,1,0.5866666666666667,toxic
FNCCGCIY,67,53,18,14,120,32,0.5866666666666667,toxic
FGVFFFRF,27,18,0,1,45,1,0.5866666666666667,toxic
CFFCRLVF,25,20,0,1,45,1,0.5866666666666667,toxic
ILFDFIVF,22,23,0,1,45,1,0.5866666666666667,toxic
FHVCLVSF,27,18,1,0,45,1,0.5866666666666667,toxic
CCIIIVVY,28,17,1,0,45,1,0.5866666666666667,toxic
FFFCVYVG,31,14,0,1,45,1,0.5866666666666667,toxic
FFFCCILS,29,16,1,0,45,1,0.5866666666666667,toxic
CFGIVFRF,30,15,1,0,45,1,0.5866666666666667,toxic
RCIVFILR,31,14,0,1,45,1,0.5866666666666667,toxic
FFFDIFYV,26,19,0,1,45,1,0.5866666666666667,toxic
FFSLCCIF,28,17,1,0,45,1,0.5866666666666667,toxic
CFVLFCLF,26,19,0,1,45,1,0.5866666666666667,toxic
GFCYLYSF,55,36,9,11,91,20,0.5867768595041323,toxic
CVVCCVGF,55,36,5,15,91,20,0.5867768595041323,toxic
CCGVFYCI,113,99,36,34,212,70,0.5867768595041323,toxic
CLFGLVCF,53,38,7,13,91,20,0.5867768595041323,toxic
YFIYHFDG,50,41,8,12,91,20,0.5867768595041323,toxic
FYCCIVFD,55,36,8,12,91,20,0.5867768595041323,toxic
CCYHGCVS,74,63,20,19,137,39,0.5868263473053892,toxic
CHCGYGCY,35,27,6,2,62,8,0.5869565217391305,toxic
FRCCLRLC,37,25,5,3,62,8,0.5869565217391305,toxic
FFCIRYHC,34,28,5,3,62,8,0.5869565217391305,toxic
CYILLGIC,38,24,3,5,62,8,0.5869565217391305,toxic
VYVRYCRY,40,22,6,2,62,8,0.5869565217391305,toxic
DLINLFFI,39,23,3,5,62,8,0.5869565217391305,toxic
YCIHYICY,36,26,4,4,62,8,0.5869565217391305,toxic
CLFCICVV,35,27,5,3,62,8,0.5869565217391305,toxic
VYVFVFCC,40,22,5,3,62,8,0.5869565217391305,toxic
CICRICDH,116,101,40,32,217,72,0.5870445344129555,toxic
LCCVFGFL,47,32,6,9,79,15,0.5871559633027523,toxic
HNCCFCCF,48,31,6,9,79,15,0.5871559633027523,toxic
FCCHYHHC,46,33,9,6,79,15,0.5871559633027523,toxic
FFCVSDFR,48,31,9,6,79,15,0.5871559633027523,toxic
CYFINCCY,47,32,8,7,79,15,0.5871559633027523,toxic
DHLCCCCF,79,63,15,26,142,41,0.5872093023255814,toxic
FGVFIFGL,55,41,9,13,96,22,0.5873015873015873,toxic
GFCYGHRF,56,40,6,16,96,22,0.5873015873015873,toxic
CFFHFCFS,65,48,20,9,113,29,0.5874125874125874,toxic
FCVYHLSL,63,50,15,14,113,29,0.5874125874125874,toxic
YCCNYYCY,64,49,18,11,113,29,0.5874125874125874,toxic
CFVVRVDL,66,47,13,16,113,29,0.5874125874125874,toxic
LYCHVGGV,65,48,15,14,113,29,0.5874125874125874,toxic
YICYFCSC,33,17,1,2,50,3,0.5875,toxic
RYVFVISF,29,21,2,1,50,3,0.5875,toxic
VVICVRCL,33,17,0,3,50,3,0.5875,toxic
VFCNHGDF,73,57,21,15,130,36,0.5875,toxic
FCCLLSLI,29,21,2,1,50,3,0.5875,toxic
VSIIVRFG,27,23,0,3,50,3,0.5875,toxic
CNGFCFFF,30,20,2,1,50,3,0.5875,toxic
CFFCICLG,28,22,2,1,50,3,0.5875,toxic
CFIFIFIC,24,26,0,3,50,3,0.5875,toxic
FIFYCVCF,28,22,0,3,50,3,0.5875,toxic
FVFCRFIY,29,21,1,2,50,3,0.5875,toxic
CYCFHVVL,34,16,3,0,50,3,0.5875,toxic
FFFYCRFL,32,18,1,2,50,3,0.5875,toxic
DRILLYLF,26,24,1,2,50,3,0.5875,toxic
FFYVVFFF,30,20,1,2,50,3,0.5875,toxic
CCILRCFV,30,20,1,2,50,3,0.5875,toxic
FICNFYIF,33,17,2,1,50,3,0.5875,toxic
CCLRCSNC,71,59,15,21,130,36,0.5875,toxic
VYVVFFYF,33,17,1,2,50,3,0.5875,toxic
VIFFVRLD,30,20,1,2,50,3,0.5875,toxic
CCSYCRIC,31,19,1,2,50,3,0.5875,toxic
INGLCDVF,79,68,19,24,147,43,0.5875706214689266,toxic
YNLCVLLY,38,29,4,6,67,10,0.5876288659793815,toxic
FCDLCIVF,41,26,6,4,67,10,0.5876288659793815,toxic
LRVLILCY,43,24,5,5,67,10,0.5876288659793815,toxic
IYLCYGFF,36,31,5,5,67,10,0.5876288659793815,toxic
FYSSFVFF,42,25,5,5,67,10,0.5876288659793815,toxic
LYVCFIVC,40,27,5,5,67,10,0.5876288659793815,toxic
CLCVGRCY,43,24,5,5,67,10,0.5876288659793815,toxic
FSCYCFGF,34,33,4,6,67,10,0.5876288659793815,toxic
CGLCCYCS,33,34,6,4,67,10,0.5876288659793815,toxic
FHCGVFGG,42,25,3,7,67,10,0.5876288659793815,toxic
FYYVGNDV,51,33,5,12,84,17,0.5877192982456141,toxic
IRCYCSCC,51,33,6,11,84,17,0.5877192982456141,toxic
RYLVIFSV,51,33,8,9,84,17,0.5877192982456141,toxic
FFVVVLSI,51,33,12,5,84,17,0.5877192982456141,toxic
CFNDHCFG,48,36,7,10,84,17,0.5877192982456141,toxic
IFNVHHYH,59,42,10,14,101,24,0.5877862595419847,toxic
VCFCRLGC,59,42,10,14,101,24,0.5877862595419847,toxic
YCGVSIFR,66,52,11,20,118,31,0.5878378378378378,toxic
FCHCCCCR,83,69,21,24,152,45,0.5879120879120879,toxic
LCHCHLLL,93,76,27,25,169,52,0.5879396984924623,toxic
SFCVFILR,37,18,4,1,55,5,0.5882352941176471,toxic
FGYHGYCH,54,35,13,6,89,19,0.5882352941176471,toxic
SRVLVCVV,32,23,3,2,55,5,0.5882352941176471,toxic
FLYHCFIC,35,20,3,2,55,5,0.5882352941176471,toxic
FCCIVLVY,37,18,2,3,55,5,0.5882352941176471,toxic
CFVYFYVR,34,21,3,2,55,5,0.5882352941176471,toxic
FIILISVG,33,22,3,2,55,5,0.5882352941176471,toxic
IYDYFRYV,102,89,29,32,191,61,0.5882352941176471,toxic
CCLFYYIY,33,22,4,1,55,5,0.5882352941176471,toxic
FFYFFGIF,36,19,3,2,55,5,0.5882352941176471,toxic
YIILCFFS,36,19,1,4,55,5,0.5882352941176471,toxic
YHFCVCGF,48,41,6,13,89,19,0.5882352941176471,toxic
YHFCFFFY,48,41,7,12,89,19,0.5882352941176471,toxic
VYVSFYCC,34,21,2,3,55,5,0.5882352941176471,toxic
YYICIHHY,40,32,7,5,72,12,0.5882352941176471,toxic
CRFFVSFY,32,23,2,3,55,5,0.5882352941176471,toxic
CNNFDFHY,53,36,10,9,89,19,0.5882352941176471,toxic
YHVFVRVG,32,23,2,3,55,5,0.5882352941176471,toxic
IFVCRCCG,67,56,16,17,123,33,0.5882352941176471,toxic
LCFCRFFV,34,21,2,3,55,5,0.5882352941176471,toxic
FVLFFFSS,34,21,2,3,55,5,0.5882352941176471,toxic
HYDVGYCR,54,52,11,15,106,26,0.5882352941176471,toxic
FIVFGLVG,77,63,14,26,140,40,0.5882352941176471,toxic
LDFHFFIL,36,19,2,3,55,5,0.5882352941176471,toxic
VFFFFVFC,31,24,1,4,55,5,0.5882352941176471,toxic
FCDVLHGV,71,52,13,20,123,33,0.5882352941176471,toxic
FFCCCVCD,44,28,6,6,72,12,0.5882352941176471,toxic
VCCCGFFY,47,42,13,6,89,19,0.5882352941176471,toxic
CYCICCGY,36,19,2,3,55,5,0.5882352941176471,toxic
LRYGGCYC,70,58,19,16,128,35,0.5886075949367089,toxic
FRDYVSFN,62,49,14,14,111,28,0.5886524822695035,toxic
LSVDFFVF,62,49,18,10,111,28,0.5886524822695035,toxic
ICDFCSNC,65,46,11,17,111,28,0.5886524822695035,toxic
VHHCYCCC,56,38,12,9,94,21,0.5887096774193549,toxic
FFCSRYIF,55,39,10,11,94,21,0.5887096774193549,toxic
SHLFGHCI,56,38,9,12,94,21,0.5887096774193549,toxic
VFIYVYNF,43,34,8,6,77,14,0.5887850467289719,toxic
VYVYVIDV,48,29,4,10,77,14,0.5887850467289719,toxic
SCYVFFLN,47,30,6,8,77,14,0.5887850467289719,toxic
FVFLILVR,39,21,3,4,60,7,0.5888888888888889,toxic
LIIFLGDF,35,25,4,3,60,7,0.5888888888888889,toxic
CICYICDF,36,24,5,2,60,7,0.5888888888888889,toxic
FVCGFVFV,38,22,1,6,60,7,0.5888888888888889,toxic
HIFVLCIR,39,21,4,3,60,7,0.5888888888888889,toxic
FVVVFIIF,37,23,4,3,60,7,0.5888888888888889,toxic
CVFDSFGH,83,67,18,26,150,44,0.5888888888888889,toxic
LVCFNVFL,35,25,2,5,60,7,0.5888888888888889,toxic
FFFGCFCV,35,25,5,2,60,7,0.5888888888888889,toxic
FCCCVFFL,36,24,6,1,60,7,0.5888888888888889,toxic
GLYLFCLR,38,22,5,2,60,7,0.5888888888888889,toxic
FVCRYFIC,35,25,3,4,60,7,0.5888888888888889,toxic
LRICVCCN,34,26,3,4,60,7,0.5888888888888889,toxic
FCVHNVIF,76,57,19,18,133,37,0.588957055214724,toxic
FIFFFCFC,22,21,0,0,43,0,0.589041095890411,toxic
FFCCYIRY,22,21,0,0,43,0,0.589041095890411,toxic
YLRIRLFY,30,13,0,0,43,0,0.589041095890411,toxic
FFLFYLLF,26,17,0,0,43,0,0.589041095890411,toxic
FSFVIFLI,27,16,0,0,43,0,0.589041095890411,toxic
DYVFIFFF,29,14,0,0,43,0,0.589041095890411,toxic
FVCFYIYI,22,21,0,0,43,0,0.589041095890411,toxic
YFRCLYCF,28,15,0,0,43,0,0.589041095890411,toxic
ISDVVYSY,61,55,16,14,116,30,0.589041095890411,toxic
FGDFDFHV,67,49,18,12,116,30,0.589041095890411,toxic
FIHFFLCL,28,15,0,0,43,0,0.589041095890411,toxic
CFCFRIIC,24,19,0,0,43,0,0.589041095890411,toxic
IISYYYIC,22,21,0,0,43,0,0.589041095890411,toxic
RFFVSVLF,28,15,0,0,43,0,0.589041095890411,toxic
CDLYCCFR,57,42,11,12,99,23,0.5891472868217055,toxic
VVHLRDCF,58,41,9,14,99,23,0.5891472868217055,toxic
LLGFCCCF,56,43,9,14,99,23,0.5891472868217055,toxic
YDSSDFFV,58,41,11,12,99,23,0.5891472868217055,toxic
LFSIHSNY,44,38,8,8,82,16,0.5892857142857143,toxic
CCLCYLGD,50,32,9,7,82,16,0.5892857142857143,toxic
FNNRFHYC,43,39,8,8,82,16,0.5892857142857143,toxic
CCCFCHCS,63,58,15,17,121,32,0.5894039735099338,toxic
FLRIIHYS,70,51,13,19,121,32,0.5894039735099338,toxic
YGLIVFCD,39,26,5,4,65,9,0.5894736842105263,toxic
FFYYVYNY,35,30,5,4,65,9,0.5894736842105263,toxic
VLCFLFLF,38,27,4,5,65,9,0.5894736842105263,toxic
FYVVVLRS,40,25,6,3,65,9,0.5894736842105263,toxic
FNICYIVC,40,25,4,5,65,9,0.5894736842105263,toxic
CVVYFYFR,41,24,3,6,65,9,0.5894736842105263,toxic
SCLFCFRL,41,24,4,5,65,9,0.5894736842105263,toxic
IVCGLFFI,42,23,2,7,65,9,0.5894736842105263,toxic
FVICLCYL,36,29,6,3,65,9,0.5894736842105263,toxic
RYVYICVV,41,24,6,3,65,9,0.5894736842105263,toxic
GILLYVFR,40,25,5,4,65,9,0.5894736842105263,toxic
YFCCFVFV,40,25,4,5,65,9,0.5894736842105263,toxic
CFFVYYFR,39,26,4,5,65,9,0.5894736842105263,toxic
YNHILIVV,35,30,5,4,65,9,0.5894736842105263,toxic
VFCCLYVC,39,26,5,4,65,9,0.5894736842105263,toxic
FVIVLDLG,39,26,4,5,65,9,0.5894736842105263,toxic
FVFYGFFD,42,23,6,3,65,9,0.5894736842105263,toxic
LCICYCLV,42,23,3,6,65,9,0.5894736842105263,toxic
LYVIFYDY,58,46,16,9,104,25,0.5895522388059702,toxic
FVIVISHR,30,18,1,1,48,2,0.5897435897435898,toxic
HYSRHYVF,53,34,17,1,87,18,0.5897435897435898,toxic
GCHFHFCV,30,18,1,1,48,2,0.5897435897435898,toxic
FVGFFVCC,27,21,0,2,48,2,0.5897435897435898,toxic
IFVCVRCY,26,22,0,2,48,2,0.5897435897435898,toxic
VCCIFYIY,26,22,1,1,48,2,0.5897435897435898,toxic
FFYFIFLV,30,18,1,1,48,2,0.5897435897435898,toxic
GFCLYCCF,31,17,0,2,48,2,0.5897435897435898,toxic
FYCFVFFC,26,22,2,0,48,2,0.5897435897435898,toxic
FIIFYCLL,32,16,1,1,48,2,0.5897435897435898,toxic
FLFSIFVC,31,17,2,0,48,2,0.5897435897435898,toxic
CLRVCCLY,29,19,0,2,48,2,0.5897435897435898,toxic
LNHCCCFR,71,55,16,18,126,34,0.5897435897435898,toxic
CLISCCFC,53,34,10,8,87,18,0.5897435897435898,toxic
YFIGYLGF,33,15,2,0,48,2,0.5897435897435898,toxic
DIFVICVL,49,38,5,13,87,18,0.5897435897435898,toxic
YRFRLFLY,29,19,0,2,48,2,0.5897435897435898,toxic
FIFIFCVF,30,18,1,1,48,2,0.5897435897435898,toxic
CGYRCHCI,47,40,8,10,87,18,0.5897435897435898,toxic
FFGCLGIF,33,15,1,1,48,2,0.5897435897435898,toxic
YCFFHFYD,52,35,12,6,87,18,0.5897435897435898,toxic
SYFVYVIC,26,22,1,1,48,2,0.5897435897435898,toxic
VFCVFVYV,32,16,0,2,48,2,0.5897435897435898,toxic
LCFIFDFD,63,46,15,12,109,27,0.5899280575539568,toxic
LGIFYCIR,63,46,13,14,109,27,0.5899280575539568,toxic
FFNIIFYC,44,26,6,5,70,11,0.59,toxic
CVHVICCL,42,28,5,6,70,11,0.59,toxic
CILYCGCC,42,28,6,5,70,11,0.59,toxic
CFCIGFFS,42,28,5,6,70,11,0.59,toxic
CFGFVVCL,43,27,6,5,70,11,0.59,toxic
YFVDYCRR,43,27,5,6,70,11,0.59,toxic
FLLHFICY,44,26,8,3,70,11,0.59,toxic
IGGIFLCI,38,32,3,8,70,11,0.59,toxic
FVCCCVCC,35,35,3,8,70,11,0.59,toxic
CVYCYYYI,39,31,5,6,70,11,0.59,toxic
HICCGCRF,41,29,4,7,70,11,0.59,toxic
FRRVCVYV,43,27,4,7,70,11,0.59,toxic
CVCIHYFR,40,30,3,8,70,11,0.59,toxic
YRLRFFDV,69,62,13,23,131,36,0.5900621118012422,toxic
YFGYGVYD,75,56,19,17,131,36,0.5900621118012422,toxic
CYCIVCLG,49,43,11,9,92,20,0.5901639344262295,toxic
CLHFYFFR,54,38,11,9,92,20,0.5901639344262295,toxic
CHLRFGCC,51,41,8,12,92,20,0.5901639344262295,toxic
HSNLFFIL,54,38,11,9,92,20,0.5901639344262295,toxic
ICFIYLGV,48,44,8,12,92,20,0.5901639344262295,toxic
IYYFIGSF,58,56,17,12,114,29,0.5902777777777778,toxic
CHCVIYLC,33,20,3,1,53,4,0.5903614457831325,toxic
LFVCVVIG,34,19,2,2,53,4,0.5903614457831325,toxic
VSYFICVV,34,19,3,1,53,4,0.5903614457831325,toxic
FYLFINIG,35,18,3,1,53,4,0.5903614457831325,toxic
FCFVYIFG,35,18,2,2,53,4,0.5903614457831325,toxic
FCCCIFVG,35,18,3,1,53,4,0.5903614457831325,toxic
YFVIRCYL,34,19,4,0,53,4,0.5903614457831325,toxic
GYFICFRI,32,21,1,3,53,4,0.5903614457831325,toxic
FILYLNFC,32,21,1,3,53,4,0.5903614457831325,toxic
LFYVFVRS,36,17,2,2,53,4,0.5903614457831325,toxic
YICFLIID,34,19,4,0,53,4,0.5903614457831325,toxic
VIVCLLVF,36,17,1,3,53,4,0.5903614457831325,toxic
FFVFYCCR,33,20,3,1,53,4,0.5903614457831325,toxic
VYYLCFGL,33,20,2,2,53,4,0.5903614457831325,toxic
LVLSVVYL,32,21,3,1,53,4,0.5903614457831325,toxic
FVVFCFFI,33,20,4,0,53,4,0.5903614457831325,toxic
FFSFLFGN,27,26,3,1,53,4,0.5903614457831325,toxic
ICLSFYIS,32,21,1,3,53,4,0.5903614457831325,toxic
FYVCFILG,32,21,0,4,53,4,0.5903614457831325,toxic
GFDYHCDC,35,18,2,2,53,4,0.5903614457831325,toxic
VHIFVFVG,47,28,7,6,75,13,0.5904761904761905,toxic
YIIYSLSS,43,32,6,7,75,13,0.5904761904761905,toxic
FLSSLFLC,44,31,4,9,75,13,0.5904761904761905,toxic
CVCYYCIC,47,28,5,8,75,13,0.5904761904761905,toxic
HHCYRCYG,46,29,6,7,75,13,0.5904761904761905,toxic
FDYYGRVR,40,35,6,7,75,13,0.5904761904761905,toxic
FVVGYGIY,39,36,5,8,75,13,0.5904761904761905,toxic
FCYGCFDL,47,28,7,6,75,13,0.5904761904761905,toxic
CFSVCYFC,44,31,9,4,75,13,0.5904761904761905,toxic
FYSCFYYF,45,30,6,7,75,13,0.5904761904761905,toxic
FSFYSCLD,58,39,10,12,97,22,0.5905511811023622,toxic
CYSCFVVY,57,40,13,9,97,22,0.5905511811023622,toxic
LFDHCRGY,47,50,7,15,97,22,0.5905511811023622,toxic
SFSFFLSL,66,53,14,17,119,31,0.5906040268456376,toxic
FLVCRNLD,66,53,15,16,119,31,0.5906040268456376,toxic
YCFFGGGC,88,75,26,23,163,49,0.5906735751295337,toxic
FIGIVIHY,31,27,3,3,58,6,0.5909090909090909,toxic
VVFFCCLH,37,21,2,4,58,6,0.5909090909090909,toxic
RCVVCRYY,33,25,3,3,58,6,0.5909090909090909,toxic
SCNCCLYV,49,31,6,9,80,15,0.5909090909090909,toxic
FCLCCYHS,44,36,9,6,80,15,0.5909090909090909,toxic
FVHVSFFC,33,25,5,1,58,6,0.5909090909090909,toxic
FVIIIFCY,34,24,3,3,58,6,0.5909090909090909,toxic
IIYFHFFN,32,26,0,6,58,6,0.5909090909090909,toxic
CCVYNFVY,49,31,9,6,80,15,0.5909090909090909,toxic
ICHLYIIV,36,22,4,2,58,6,0.5909090909090909,toxic
FFLCFYNC,34,24,3,3,58,6,0.5909090909090909,toxic
CISICVRC,33,25,4,2,58,6,0.5909090909090909,toxic
SCFCGCFG,59,43,12,12,102,24,0.5909090909090909,toxic
FFIFVHLS,35,23,4,2,58,6,0.5909090909090909,toxic
LCVVINCD,60,42,9,15,102,24,0.5909090909090909,toxic
CVCYCLCY,60,42,13,11,102,24,0.5909090909090909,toxic
CRYCFYFR,63,44,8,18,107,26,0.5912408759124088,toxic
FCVCNFLV,47,38,5,12,85,17,0.591304347826087,toxic
YCSRCRCC,51,34,10,7,85,17,0.591304347826087,toxic
RGYFLRCF,50,35,6,11,85,17,0.591304347826087,toxic
FGFVYYLR,49,36,8,9,85,17,0.591304347826087,toxic
CSLCRFYC,42,43,9,8,85,17,0.591304347826087,toxic
FCFSCCLG,32,31,6,2,63,8,0.5913978494623656,toxic
CYGCHFLF,36,27,4,4,63,8,0.5913978494623656,toxic
VFCVHFVI,38,25,6,2,63,8,0.5913978494623656,toxic
FFVFHFLS,40,23,6,2,63,8,0.5913978494623656,toxic
VILIGRFG,41,22,4,4,63,8,0.5913978494623656,toxic
FVLCLYCC,37,26,3,5,63,8,0.5913978494623656,toxic
VDVRSFCY,61,51,16,12,112,28,0.5915492957746479,toxic
FHRIDYCL,61,51,7,21,112,28,0.5915492957746479,toxic
FCGDVYDY,52,38,11,8,90,19,0.5916666666666667,toxic
FCVVCYDI,53,37,6,13,90,19,0.5916666666666667,toxic
YRFDSVYD,50,40,9,10,90,19,0.5916666666666667,toxic
SFFCYNSI,50,40,10,9,90,19,0.5916666666666667,toxic
CDFLCYGR,53,37,6,13,90,19,0.5916666666666667,toxic
FCIDVCFL,53,37,7,12,90,19,0.5916666666666667,toxic
YGVNCYYD,79,60,16,23,139,39,0.591715976331361,toxic
CYYFCCGF,34,34,6,4,68,10,0.5918367346938775,toxic
DFIVLYCC,43,25,5,5,68,10,0.5918367346938775,toxic
LFLCCYGV,38,30,4,6,68,10,0.5918367346938775,toxic
LCVLFCCV,43,25,6,4,68,10,0.5918367346938775,toxic
YSYCGDIF,55,40,9,12,95,21,0.592,toxic
CYYVCFFN,70,52,15,17,122,32,0.5921052631578947,toxic
RGFICCFF,23,23,1,0,46,1,0.5921052631578947,toxic
SYGFFFYF,32,14,1,0,46,1,0.5921052631578947,toxic
FFVCFFSD,24,22,0,1,46,1,0.5921052631578947,toxic
VLVCIRVC,24,22,1,0,46,1,0.5921052631578947,toxic
CFRILCLF,28,18,0,1,46,1,0.5921052631578947,toxic
CLFLFFFF,29,17,0,1,46,1,0.5921052631578947,toxic
FVFCCCRF,30,16,0,1,46,1,0.5921052631578947,toxic
RYIFIYYN,61,61,10,22,122,32,0.5921052631578947,toxic
FCFYVCIH,22,24,1,0,46,1,0.5921052631578947,toxic
FFFYFVLC,27,19,0,1,46,1,0.5921052631578947,toxic
IYLHFICF,29,17,0,1,46,1,0.5921052631578947,toxic
CLDIFIVI,28,18,0,1,46,1,0.5921052631578947,toxic
FIHFIRGL,26,20,1,0,46,1,0.5921052631578947,toxic
CCFFGICL,25,21,1,0,46,1,0.5921052631578947,toxic
FFFVLCYV,28,18,1,0,46,1,0.5921052631578947,toxic
CGCGHFLC,108,90,26,37,198,63,0.5921052631578947,toxic
VFFFSIRC,26,20,1,0,46,1,0.5921052631578947,toxic
YVYVVCRN,30,16,0,1,46,1,0.5921052631578947,toxic
CRFVICFL,29,17,1,0,46,1,0.5921052631578947,toxic
LYLVISRV,46,27,8,4,73,12,0.5922330097087378,toxic
CLCFVRFH,46,27,7,5,73,12,0.5922330097087378,toxic
FCCIVIDC,41,32,7,5,73,12,0.5922330097087378,toxic
LLCVSYFL,44,29,3,9,73,12,0.5922330097087378,toxic
CFIICLCC,46,27,3,9,73,12,0.5922330097087378,toxic
SFYVCIHR,56,44,18,5,100,23,0.5923076923076923,toxic
HCCGFLCC,67,60,14,20,127,34,0.5923566878980892,toxic
FRYYCLGY,72,55,15,19,127,34,0.5923566878980892,toxic
FLFVFDCF,26,25,1,2,51,3,0.5925925925925926,toxic
YFCIFYDC,29,22,2,1,51,3,0.5925925925925926,toxic
LCFGVYVL,44,34,8,6,78,14,0.5925925925925926,toxic
CVLYLCVC,21,30,1,2,51,3,0.5925925925925926,toxic
CFFVVGRF,33,18,3,0,51,3,0.5925925925925926,toxic
SLFCVLVN,43,35,7,7,78,14,0.5925925925925926,toxic
FDYFCFFI,30,21,2,1,51,3,0.5925925925925926,toxic
FYSVLYFF,31,20,3,0,51,3,0.5925925925925926,toxic
YYSFDSRG,61,44,4,21,105,25,0.5925925925925926,toxic
ICFYFIIF,31,20,0,3,51,3,0.5925925925925926,toxic
ICVCCCGL,45,33,10,4,78,14,0.5925925925925926,toxic
FFCCHIYF,33,18,1,2,51,3,0.5925925925925926,toxic
FCCCFIFF,27,24,2,1,51,3,0.5925925925925926,toxic
VVYCHFIF,30,21,2,1,51,3,0.5925925925925926,toxic
VVYYYFHV,31,20,2,1,51,3,0.5925925925925926,toxic
YLVCHIIG,44,34,5,9,78,14,0.5925925925925926,toxic
YLCCIVLF,35,16,2,1,51,3,0.5925925925925926,toxic
VHFFFIVF,30,21,2,1,51,3,0.5925925925925926,toxic
FFFCFFDI,24,27,1,2,51,3,0.5925925925925926,toxic
NFCFCIFV,29,22,2,1,51,3,0.5925925925925926,toxic
FCFVFSCF,32,19,1,2,51,3,0.5925925925925926,toxic
VRLYYVFI,32,19,1,2,51,3,0.5925925925925926,toxic
FGCLYVCC,49,34,9,7,83,16,0.5929203539823009,toxic
IFVCYCGG,51,32,9,7,83,16,0.5929203539823009,toxic
FFLGFFDV,51,32,8,8,83,16,0.5929203539823009,toxic
CYFCVFCF,30,26,3,2,56,5,0.5930232558139535,toxic
YCYLFVII,37,19,3,2,56,5,0.5930232558139535,toxic
HYCYDFSD,36,20,4,1,56,5,0.5930232558139535,toxic
FCCRLFSL,32,24,2,3,56,5,0.5930232558139535,toxic
CLYCCIFN,32,24,3,2,56,5,0.5930232558139535,toxic
CVLVISCL,32,24,2,3,56,5,0.5930232558139535,toxic
CFIIFFGI,36,20,3,2,56,5,0.5930232558139535,toxic
VVVICYYR,35,21,0,5,56,5,0.5930232558139535,toxic
VHICFSIR,30,26,2,3,56,5,0.5930232558139535,toxic
CIYLGYCG,35,21,3,2,56,5,0.5930232558139535,toxic
FFYCCFNF,33,23,1,4,56,5,0.5930232558139535,toxic
FICHVFVC,34,22,2,3,56,5,0.5930232558139535,toxic
VFCCLYRY,35,21,3,2,56,5,0.5930232558139535,toxic
CLFIHIIG,30,26,3,2,56,5,0.5930232558139535,toxic
FSVFRVFG,49,39,9,9,88,18,0.5932203389830508,toxic
LCCYCGIR,48,40,10,8,88,18,0.5932203389830508,toxic
NLICCLHF,53,35,9,9,88,18,0.5932203389830508,toxic
CYSCSLGG,158,139,47,56,297,103,0.5932721712538226,toxic
DYYCDFHV,69,51,12,19,120,31,0.5933333333333334,toxic
CYIFYNVL,39,22,4,3,61,7,0.5934065934065934,toxic
VRYSFLLL,40,21,3,4,61,7,0.5934065934065934,toxic
CFCFVYLC,35,26,3,4,61,7,0.5934065934065934,toxic
GFHIFLCV,36,25,3,4,61,7,0.5934065934065934,toxic
ICVCCIRC,37,24,4,3,61,7,0.5934065934065934,toxic
VYVIYYVI,33,28,4,3,61,7,0.5934065934065934,toxic
IDFCIFFC,36,25,2,5,61,7,0.5934065934065934,toxic
VCHFFFIL,36,25,3,4,61,7,0.5934065934065934,toxic
VCFCCHCG,40,21,7,0,61,7,0.5934065934065934,toxic
GYFCLICL,39,22,4,3,61,7,0.5934065934065934,toxic
SIGIVLFL,37,24,3,4,61,7,0.5934065934065934,toxic
VCCVFLFD,40,21,1,6,61,7,0.5934065934065934,toxic
FSYFCIIV,39,22,4,3,61,7,0.5934065934065934,toxic
IFFVCNIC,39,22,2,5,61,7,0.5934065934065934,toxic
FFIDCCCF,38,23,5,2,61,7,0.5934065934065934,toxic
FIGYILLH,51,42,10,10,93,20,0.5934959349593496,toxic
YNFCCVCG,69,56,13,20,125,33,0.5935483870967742,toxic
HCHFNDFF,70,55,16,17,125,33,0.5935483870967742,toxic
VLLCCCIR,40,26,6,3,66,9,0.59375,toxic
FFIVSLLD,42,24,4,5,66,9,0.59375,toxic
LYCFIFIH,42,24,3,6,66,9,0.59375,toxic
LYCLILGC,40,26,5,4,66,9,0.59375,toxic
FDCIFVFL,42,24,2,7,66,9,0.59375,toxic
LFHIVIFG,39,27,3,6,66,9,0.59375,toxic
CIFCFCIF,39,27,3,6,66,9,0.59375,toxic
LVVVCYVF,41,25,0,9,66,9,0.59375,toxic
IFCFVVDC,53,45,13,9,98,22,0.59375,toxic
FFIFSIFH,40,26,4,5,66,9,0.59375,toxic
FFIIVFSC,41,25,5,4,66,9,0.59375,toxic
YGVFICIV,40,31,4,7,71,11,0.594059405940594,toxic
CVCYCYCG,41,30,6,5,71,11,0.594059405940594,toxic
CYCFICVF,40,31,5,6,71,11,0.594059405940594,toxic
CCFFVNVF,44,27,8,3,71,11,0.594059405940594,toxic
NCFLHDFV,39,32,3,8,71,11,0.594059405940594,toxic
VLILCIIG,44,27,7,4,71,11,0.594059405940594,toxic
ICHGYLDC,79,61,16,23,140,39,0.5941176470588235,toxic
LFCGCYHY,59,49,12,14,108,26,0.5942028985507246,toxic
IFVLYFFY,47,29,6,7,76,13,0.5943396226415094,toxic
YCICYFVC,43,33,4,9,76,13,0.5943396226415094,toxic
FCGLRYDY,45,31,8,5,76,13,0.5943396226415094,toxic
RGLDCYDY,46,30,1,12,76,13,0.5943396226415094,toxic
FYVGLVRI,66,47,9,19,113,28,0.5944055944055944,toxic
YVLYGHSR,46,35,11,4,81,15,0.5945945945945946,toxic
FSSCFCYL,67,51,14,16,118,30,0.5945945945945946,toxic
FYFCRICF,25,19,0,0,44,0,0.5945945945945946,toxic
FGNFFFLF,27,17,0,0,44,0,0.5945945945945946,toxic
IFFLYVSG,68,50,12,18,118,30,0.5945945945945946,toxic
CLYFGIFI,26,18,0,0,44,0,0.5945945945945946,toxic
FVYRIICF,24,20,0,0,44,0,0.5945945945945946,toxic
CCFGCICV,44,37,7,8,81,15,0.5945945945945946,toxic
FVFLFFCC,23,21,0,0,44,0,0.5945945945945946,toxic
FVRYGGVF,69,54,13,19,123,32,0.5947712418300654,toxic
FFVFYDHI,49,37,5,12,86,17,0.5948275862068966,toxic
CCVCFVSC,47,39,9,8,86,17,0.5948275862068966,toxic
FFIFCVFC,31,18,2,0,49,2,0.5949367088607594,toxic
CIFYCYFF,33,16,1,1,49,2,0.5949367088607594,toxic
FLLIVCCG,32,17,1,1,49,2,0.5949367088607594,toxic
IVFFIRVV,33,16,2,0,49,2,0.5949367088607594,toxic
RFCVLLLI,34,15,2,0,49,2,0.5949367088607594,toxic
CFFFVLFS,33,16,0,2,49,2,0.5949367088607594,toxic
FVICCVCS,31,18,0,2,49,2,0.5949367088607594,toxic
FRIYVVVG,34,15,1,1,49,2,0.5949367088607594,toxic
HYIVCFLF,34,15,1,1,49,2,0.5949367088607594,toxic
VYVLCVCR,33,16,1,1,49,2,0.5949367088607594,toxic
FYFYFYCV,34,15,1,1,49,2,0.5949367088607594,toxic
CLFFGFYV,27,22,1,1,49,2,0.5949367088607594,toxic
FCVNIFRY,31,18,1,1,49,2,0.5949367088607594,toxic
RLVYYVIC,34,15,1,1,49,2,0.5949367088607594,toxic
FFVYCIVG,30,19,2,0,49,2,0.5949367088607594,toxic
FLHLNIVF,29,20,2,0,49,2,0.5949367088607594,toxic
YSSLYVSY,73,55,14,20,128,34,0.5949367088607594,toxic
LFRVYLVY,34,15,1,1,49,2,0.5949367088607594,toxic
LYFFCRYC,34,15,2,0,49,2,0.5949367088607594,toxic
RILCLCIG,25,24,1,1,49,2,0.5949367088607594,toxic
FHFHLFLL,33,16,2,0,49,2,0.5949367088607594,toxic
CFFCSCVG,54,37,7,12,91,19,0.5950413223140496,toxic
CFVCVGFI,54,37,12,7,91,19,0.5950413223140496,toxic
HCGYRFYV,55,36,11,8,91,19,0.5950413223140496,toxic
HRLFGFFC,35,19,4,0,54,4,0.5952380952380952,toxic
CYVCCIFY,30,24,4,0,54,4,0.5952380952380952,toxic
FICCRGYC,34,20,3,1,54,4,0.5952380952380952,toxic
CLCVFCFN,27,27,2,2,54,4,0.5952380952380952,toxic
FNFCGLLI,56,40,10,11,96,21,0.5952380952380952,toxic
YFVSLICV,33,21,2,2,54,4,0.5952380952380952,toxic
FILYVCVG,30,24,0,4,54,4,0.5952380952380952,toxic
VVLRIICY,34,20,4,0,54,4,0.5952380952380952,toxic
IFFGVFLC,33,21,3,1,54,4,0.5952380952380952,toxic
FFCICVVY,36,18,0,4,54,4,0.5952380952380952,toxic
ICCFSHYF,36,18,0,4,54,4,0.5952380952380952,toxic
FCCLVYFC,35,19,1,3,54,4,0.5952380952380952,toxic
CVFCFVID,56,40,14,7,96,21,0.5952380952380952,toxic
SIYVYLDI,31,23,4,0,54,4,0.5952380952380952,toxic
LFFLRFHH,33,21,0,4,54,4,0.5952380952380952,toxic
LSDIFDYL,30,24,1,3,54,4,0.5952380952380952,toxic
FSFYVCFV,33,21,2,2,54,4,0.5952380952380952,toxic
CNCCVVVC,57,39,9,12,96,21,0.5952380952380952,toxic
FHFFGVFL,21,33,0,4,54,4,0.5952380952380952,toxic
YYVFLFGL,30,24,1,3,54,4,0.5952380952380952,toxic
FGICYYYV,35,19,1,3,54,4,0.5952380952380952,toxic
IIGCNNDF,57,39,9,12,96,21,0.5952380952380952,toxic
YFVIFFFL,34,20,2,2,54,4,0.5952380952380952,toxic
DYSCGINY,55,41,10,11,96,21,0.5952380952380952,toxic
FGFYLVVN,59,42,10,13,101,23,0.5954198473282443,toxic
CYFFLRSV,56,45,10,13,101,23,0.5954198473282443,toxic
FNVVFYDL,58,43,7,16,101,23,0.5954198473282443,toxic
FCGCLYCF,36,23,3,3,59,6,0.5955056179775281,toxic
CSCCGYCV,36,23,5,1,59,6,0.5955056179775281,toxic
VFVCFRIS,37,22,3,3,59,6,0.5955056179775281,toxic
FYGCVYCF,39,20,4,2,59,6,0.5955056179775281,toxic
VYCFIVCF,32,27,3,3,59,6,0.5955056179775281,toxic
FFGVFIRC,35,24,1,5,59,6,0.5955056179775281,toxic
FCVLVGRF,34,25,2,4,59,6,0.5955056179775281,toxic
FYVVIFYF,35,24,3,3,59,6,0.5955056179775281,toxic
ICVFYYVC,39,20,2,4,59,6,0.5955056179775281,toxic
FSFICYVG,32,27,2,4,59,6,0.5955056179775281,toxic
VYVRVLLV,39,20,1,5,59,6,0.5955056179775281,toxic
IYLFFIVV,36,23,2,4,59,6,0.5955056179775281,toxic
SVLFCIVR,38,21,2,4,59,6,0.5955056179775281,toxic
CCIFVRCI,37,22,2,4,59,6,0.5955056179775281,toxic
YFIHIIDV,38,21,4,2,59,6,0.5955056179775281,toxic
ISLSIFSF,35,24,3,3,59,6,0.5955056179775281,toxic
IFDGDVNY,84,69,19,25,153,44,0.5956284153005464,toxic
RYYCICFR,30,34,5,3,64,8,0.5957446808510638,toxic
FFSVCLSI,39,25,4,4,64,8,0.5957446808510638,toxic
IFCCYRFL,41,23,1,7,64,8,0.5957446808510638,toxic
FCGDGYSY,65,46,15,12,111,27,0.5957446808510638,toxic
CICCDYDL,61,50,10,17,111,27,0.5957446808510638,toxic
VYIDFCYI,63,48,13,14,111,27,0.5957446808510638,toxic
CHCFCLGF,63,48,11,16,111,27,0.5957446808510638,toxic
FIFFFDCC,39,25,5,3,64,8,0.5957446808510638,toxic
IHVCFYIR,33,31,4,4,64,8,0.5957446808510638,toxic
VYCVFYCD,64,47,12,15,111,27,0.5957446808510638,toxic
YSFVIRVH,41,23,0,8,64,8,0.5957446808510638,toxic
HCDRFSFC,39,25,4,4,64,8,0.5957446808510638,toxic
YYIGICVH,41,28,7,3,69,10,0.5959595959595959,toxic
FYIVYLFD,36,33,7,3,69,10,0.5959595959595959,toxic
FFRVCCCC,44,25,5,5,69,10,0.5959595959595959,toxic
LFVIVCHL,37,32,6,4,69,10,0.5959595959595959,toxic
VCLIFDYC,44,25,3,7,69,10,0.5959595959595959,toxic
VCFHVRIR,41,28,5,5,69,10,0.5959595959595959,toxic
VYCCFYYC,43,26,4,6,69,10,0.5959595959595959,toxic
FFVIGIFC,39,30,2,8,69,10,0.5959595959595959,toxic
FFVCCDCV,43,26,6,4,69,10,0.5959595959595959,toxic
FLLLLCRD,42,27,4,6,69,10,0.5959595959595959,toxic
FFVFVISC,44,25,3,7,69,10,0.5959595959595959,toxic
FRCCYFVV,43,26,4,6,69,10,0.5959595959595959,toxic
FVVYVNRD,44,25,5,5,69,10,0.5959595959595959,toxic
RLFVYCLN,66,55,11,20,121,31,0.5960264900662252,toxic
RFFGYSYD,38,36,4,8,74,12,0.5961538461538461,toxic
SSFFCFFH,70,56,14,19,126,33,0.5961538461538461,toxic
VVVLVVCD,39,35,7,5,74,12,0.5961538461538461,toxic
LCCCNFVG,98,80,26,28,178,54,0.5961538461538461,toxic
DSHRYDCF,46,28,7,5,74,12,0.5961538461538461,toxic
LCGCFFFF,43,31,5,7,74,12,0.5961538461538461,toxic
CDFFYFCV,41,33,4,8,74,12,0.5961538461538461,toxic
FCCFLCCS,67,59,16,17,126,33,0.5961538461538461,toxic
VIYVCNLR,40,34,7,5,74,12,0.5961538461538461,toxic
GVFGGFYG,72,59,18,17,131,35,0.5962732919254659,toxic
FCGCIFNY,47,32,5,9,79,14,0.5963302752293578,toxic
ICVVCSFV,40,39,6,8,79,14,0.5963302752293578,toxic
FIGYVFFV,46,33,10,4,79,14,0.5963302752293578,toxic
DVVVGYHY,48,31,8,6,79,14,0.5963302752293578,toxic
FLLRFHNF,47,32,6,8,79,14,0.5963302752293578,toxic
CHICFCVI,47,32,8,6,79,14,0.5963302752293578,toxic
CFIFFFGY,50,34,6,10,84,16,0.5964912280701754,toxic
LFCVCGCF,48,36,9,7,84,16,0.5964912280701754,toxic
DFFDFCDH,79,62,19,20,141,39,0.5964912280701754,toxic
ICGFFFYH,50,34,7,9,84,16,0.5964912280701754,toxic
FYRFVRLV,49,35,3,13,84,16,0.5964912280701754,toxic
LFVYFFDL,53,36,5,13,89,18,0.5966386554621849,toxic
VLLFVCCV,53,36,8,10,89,18,0.5966386554621849,toxic
YSVVCFCD,84,67,16,27,151,43,0.5966850828729282,toxic
DYSDIVYS,52,42,6,14,94,20,0.5967741935483871,toxic
FIVCFDVR,51,43,9,11,94,20,0.5967741935483871,toxic
CYFCCCVC,53,41,10,10,94,20,0.5967741935483871,toxic
CCFCCNLS,54,45,8,14,99,22,0.5968992248062015,toxic
LCRCSCCS,56,43,11,11,99,22,0.5968992248062015,toxic
CYFGGFVR,125,108,35,41,233,76,0.596958174904943,toxic
CVCVCYDI,59,45,7,17,104,24,0.5970149253731343,toxic
ISCCRFFG,58,46,11,13,104,24,0.5970149253731343,toxic
LFDGVRLF,59,45,9,15,104,24,0.5970149253731343,toxic
FYCCVFRS,64,45,10,16,109,26,0.5971223021582733,toxic
NCCRCFSF,58,51,14,12,109,26,0.5971223021582733,toxic
CCVCHLCV,63,51,15,13,114,28,0.5972222222222222,toxic
VFHCGCCC,105,86,26,33,191,59,0.5972850678733032,toxic
FVFHCCVF,28,19,0,1,47,1,0.5974025974025974,toxic
YRINIYIR,29,18,0,1,47,1,0.5974025974025974,toxic
FYVVCSLF,30,17,1,0,47,1,0.5974025974025974,toxic
FIVFRFFG,30,17,0,1,47,1,0.5974025974025974,toxic
HCCCDCCL,70,54,18,14,124,32,0.5974025974025974,toxic
CCYFVLRR,29,18,0,1,47,1,0.5974025974025974,toxic
YFIIVCFF,26,21,1,0,47,1,0.5974025974025974,toxic
FCVLFGCF,28,19,1,0,47,1,0.5974025974025974,toxic
RFFCFLYV,33,14,1,0,47,1,0.5974025974025974,toxic
FCCVICDL,70,54,15,17,124,32,0.5974025974025974,toxic
VYLYFIRG,26,21,1,0,47,1,0.5974025974025974,toxic
IVCCICLC,29,18,0,1,47,1,0.5974025974025974,toxic
RFFVCFFS,26,21,0,1,47,1,0.5974025974025974,toxic
HFCLYFGF,26,21,0,1,47,1,0.5974025974025974,toxic
FCVYYYVY,30,17,0,1,47,1,0.5974025974025974,toxic
VYINDGCY,73,56,13,21,129,34,0.5974842767295597,toxic
CIYLVFFC,33,19,1,2,52,3,0.5975609756097561,toxic
YFFFCCIR,30,22,1,2,52,3,0.5975609756097561,toxic
FFIHRFYV,31,21,2,1,52,3,0.5975609756097561,toxic
FLLVVCYV,32,20,2,1,52,3,0.5975609756097561,toxic
FFVCLCIV,24,28,0,3,52,3,0.5975609756097561,toxic
FCICFLIF,30,22,2,1,52,3,0.5975609756097561,toxic
YLCCVVCV,33,19,0,3,52,3,0.5975609756097561,toxic
IRVYYLFC,33,19,3,0,52,3,0.5975609756097561,toxic
CIVYLCIH,29,23,2,1,52,3,0.5975609756097561,toxic
LVVCRYFY,32,20,2,1,52,3,0.5975609756097561,toxic
FCIVILFG,29,23,2,1,52,3,0.5975609756097561,toxic
FCYVSILV,26,26,2,1,52,3,0.5975609756097561,toxic
YFFCDYLL,77,62,20,18,139,38,0.5976331360946746,toxic
FVFVIVCC,36,21,1,4,57,5,0.5977011494252874,toxic
FICIYYVI,36,21,4,1,57,5,0.5977011494252874,toxic
CYCGYFYI,34,23,3,2,57,5,0.5977011494252874,toxic
FFVYGIYV,35,22,0,5,57,5,0.5977011494252874,toxic
YRILLYCS,35,22,2,3,57,5,0.5977011494252874,toxic
LIVFIYFY,32,25,3,2,57,5,0.5977011494252874,toxic
IVYCCFGL,35,22,1,4,57,5,0.5977011494252874,toxic
YYFGVFII,36,21,3,2,57,5,0.5977011494252874,toxic
ICCVFCLN,30,27,2,3,57,5,0.5977011494252874,toxic
HRLVYVVC,35,22,1,4,57,5,0.5977011494252874,toxic
FFCYHYFC,36,21,3,2,57,5,0.5977011494252874,toxic
FSYCVCCY,35,22,2,3,57,5,0.5977011494252874,toxic
FFGICILR,35,22,2,3,57,5,0.5977011494252874,toxic
CFVVYLFC,37,20,4,1,57,5,0.5977011494252874,toxic
FFIDLYVC,29,28,5,0,57,5,0.5977011494252874,toxic
SFIVLVIC,32,25,0,5,57,5,0.5977011494252874,toxic
VICGFILY,32,30,2,5,62,7,0.5978260869565217,toxic
CCCVLVIC,40,22,3,4,62,7,0.5978260869565217,toxic
IYFGCFVR,32,30,2,5,62,7,0.5978260869565217,toxic
YCVRVRYI,37,30,3,6,67,9,0.5979381443298969,toxic
FIYCFCGC,43,24,1,8,67,9,0.5979381443298969,toxic
NFYFLIGR,42,25,3,6,67,9,0.5979381443298969,toxic
FLLVYVHF,41,26,6,3,67,9,0.5979381443298969,toxic
NCVVLVVF,41,26,5,4,67,9,0.5979381443298969,toxic
CCVLYVGF,42,25,3,6,67,9,0.5979381443298969,toxic
LCYFCCCY,41,26,4,5,67,9,0.5979381443298969,toxic
CFCCDYFC,39,28,5,4,67,9,0.5979381443298969,toxic
VVLIFYGC,43,24,5,4,67,9,0.5979381443298969,toxic
FFIICLVR,40,27,5,4,67,9,0.5979381443298969,toxic
YDSFCYNG,41,26,2,7,67,9,0.5979381443298969,toxic
FICCGFFC,40,32,4,7,72,11,0.5980392156862745,toxic
NFIFVHCC,42,30,9,2,72,11,0.5980392156862745,toxic
VCIVILGV,43,29,4,7,72,11,0.5980392156862745,toxic
FINVCSFR,37,35,5,6,72,11,0.5980392156862745,toxic
YVLCVNFD,41,31,4,7,72,11,0.5980392156862745,toxic
ICCDCFRY,45,27,4,7,72,11,0.5980392156862745,toxic
NCYFFFHF,39,33,6,5,72,11,0.5980392156862745,toxic
FNYIFFCC,43,29,6,5,72,11,0.5980392156862745,toxic
CFFVFSIN,43,29,7,4,72,11,0.5980392156862745,toxic
YLYVVFGF,38,34,5,6,72,11,0.5980392156862745,toxic
LHIHFYVV,45,27,8,3,72,11,0.5980392156862745,toxic
YCDGCYFS,96,83,23,31,179,54,0.5980861244019139,toxic
GCCCLYRL,41,36,5,8,77,13,0.5981308411214953,toxic
CFCCFVCN,46,31,6,7,77,13,0.5981308411214953,toxic
CIICVVIL,47,30,4,9,77,13,0.5981308411214953,toxic
FCCYFDCF,45,32,9,4,77,13,0.5981308411214953,toxic
HCNCCILR,47,30,5,8,77,13,0.5981308411214953,toxic
DILCCCCF,46,31,4,9,77,13,0.5981308411214953,toxic
VYCVSRVY,44,33,9,4,77,13,0.5981308411214953,toxic
FDLFIIDL,39,38,10,3,77,13,0.5981308411214953,toxic
VYVIVCYF,47,30,5,8,77,13,0.5981308411214953,toxic
ICSVFFCC,50,32,8,7,82,15,0.5982142857142857,toxic
SFSLIRLF,50,32,6,9,82,15,0.5982142857142857,toxic
IICFYCSN,46,36,8,7,82,15,0.5982142857142857,toxic
FFDCCIFG,43,39,8,7,82,15,0.5982142857142857,toxic
VYCCCGGL,50,37,11,6,87,17,0.5982905982905983,toxic
YFSFGSDC,53,34,8,9,87,17,0.5982905982905983,toxic
YVCYFCGC,51,36,12,5,87,17,0.5982905982905983,toxic
FIGHVILI,50,37,7,10,87,17,0.5982905982905983,toxic
FHFIIYGN,52,40,9,10,92,19,0.5983606557377049,toxic
VCRCDLCL,46,46,7,12,92,19,0.5983606557377049,toxic
VCYIRRFY,54,38,13,6,92,19,0.5983606557377049,toxic
FRFFCCSC,55,42,6,15,97,21,0.5984251968503937,toxic
FVLYNNHV,55,42,10,11,97,21,0.5984251968503937,toxic
HYVCLVRY,53,44,14,7,97,21,0.5984251968503937,toxic
YDVHSYGI,59,43,16,7,102,23,0.5984848484848485,toxic
GCGRCVHS,59,43,9,14,102,23,0.5984848484848485,toxic
FHLFCDFI,59,43,11,12,102,23,0.5984848484848485,toxic
YYVISYCD,61,46,14,11,107,25,0.5985401459854015,toxic
CFVICLNH,60,47,10,15,107,25,0.5985401459854015,toxic
FYYRGVNC,63,44,13,12,107,25,0.5985401459854015,toxic
FYGFRDYD,63,49,10,17,112,27,0.5985915492957746,toxic
VYCCFDIF,67,55,15,16,122,31,0.5986842105263158,toxic
CCFSCCGS,72,55,17,16,127,33,0.5987261146496815,toxic
YFFFCFCH,35,30,1,7,65,8,0.6,toxic
VIYYFCFG,34,21,2,2,55,4,0.6,toxic
FLFYFYSF,25,20,0,0,45,0,0.6,toxic
YLCFFLSF,34,21,2,2,55,4,0.6,toxic
FIFCYLVF,36,19,3,1,55,4,0.6,toxic
FFFCFIFY,27,23,0,2,50,2,0.6,toxic
VCNCNFCL,51,34,7,9,85,16,0.6,toxic
FVIVVFIR,39,21,4,2,60,6,0.6,toxic
YIVHLFCC,31,19,1,1,50,2,0.6,toxic
LGLCICFN,41,34,6,6,75,12,0.6,toxic
FFFLYYGC,40,30,5,5,70,10,0.6,toxic
CFCLFLFG,27,23,1,1,50,2,0.6,toxic
YCVFCLNC,42,23,4,4,65,8,0.6,toxic
FFFIRCGF,28,17,0,0,45,0,0.6,toxic
FVRILVFV,34,16,1,1,50,2,0.6,toxic
IFRFLFVL,31,14,0,0,45,0,0.6,toxic
IFFIVSFN,32,23,2,2,55,4,0.6,toxic
CCGCLCGC,52,33,6,10,85,16,0.6,toxic
FFFVGHIY,34,26,1,5,60,6,0.6,toxic
GIRYIILR,34,16,1,1,50,2,0.6,toxic
LSIFLCVS,35,25,4,2,60,6,0.6,toxic
FIYFISRI,36,19,4,0,55,4,0.6,toxic
CCGFCRCF,43,32,3,9,75,12,0.6,toxic
HHYLCLLY,28,22,1,1,50,2,0.6,toxic
FYSCIVFC,46,29,7,5,75,12,0.6,toxic
FRCFFDFC,35,20,2,2,55,4,0.6,toxic
VYCIHYYC,39,21,4,2,60,6,0.6,toxic
YLFCHSLR,36,19,3,1,55,4,0.6,toxic
FIFLLFIY,32,18,0,2,50,2,0.6,toxic
CLIFCVCS,37,18,1,3,55,4,0.6,toxic
SFCFVCHV,105,90,36,24,195,60,0.6,toxic
LLFFFFFD,34,16,1,1,50,2,0.6,toxic
FYGDFDHC,68,52,16,14,120,30,0.6,toxic
FVFCCFCF,36,19,2,2,55,4,0.6,toxic
IFISICCL,37,33,4,6,70,10,0.6,toxic
GIVCVLSV,67,53,11,19,120,30,0.6,toxic
CIFFYYCL,33,17,2,0,50,2,0.6,toxic
FCYICYVY,36,29,4,4,65,8,0.6,toxic
YCFFILGC,32,33,3,5,65,8,0.6,toxic
CCFCSYGI,37,28,5,3,65,8,0.6,toxic
FNFVFVCF,30,20,0,2,50,2,0.6,toxic
FLCFCFFH,41,39,6,8,80,14,0.6,toxic
CYVYVCCV,33,27,3,3,60,6,0.6,toxic
VCFCVVRV,34,21,2,2,55,4,0.6,toxic
INIFGFLI,26,19,0,0,45,0,0.6,toxic
VFGYCDGV,48,32,7,7,80,14,0.6,toxic
CVCFLVIL,33,22,2,2,55,4,0.6,toxic
CYRCSICC,37,38,6,6,75,12,0.6,toxic
IHFCLSLF,29,21,1,1,50,2,0.6,toxic
IFVYHLYC,35,20,1,3,55,4,0.6,toxic
FFFCYCCF,36,19,3,1,55,4,0.6,toxic
CVFYYLYC,21,24,0,0,45,0,0.6,toxic
LFLYLRFI,36,19,3,1,55,4,0.6,toxic
VIVVFYYH,23,32,2,2,55,4,0.6,toxic
IGLYCFFF,31,19,0,2,50,2,0.6,toxic
IGLICIVY,42,23,3,5,65,8,0.6,toxic
CGIVHLLY,66,54,18,12,120,30,0.6,toxic
YLHVCLCF,36,19,2,2,55,4,0.6,toxic
FFGYFHII,32,23,2,2,55,4,0.6,toxic
FFFRYFFV,24,21,0,0,45,0,0.6,toxic
CLCDGCCL,60,45,11,13,105,24,0.6,toxic
CIVLILLV,46,29,7,5,75,12,0.6,toxic
CVFCLSLV,41,29,3,7,70,10,0.6,toxic
FLSLGHDF,46,44,11,7,90,18,0.6,toxic
FFCVFIRH,36,19,1,3,55,4,0.6,toxic
FVHFFFRL,32,13,0,0,45,0,0.6,toxic
RDCNGCLF,76,59,16,20,135,36,0.6,toxic
CCVVVCCG,39,36,4,8,75,12,0.6,toxic
FCFRIFVY,32,18,0,2,50,2,0.6,toxic
NFDHCFGL,71,54,18,14,125,32,0.6,toxic
VYFYCVDL,55,50,12,12,105,24,0.6,toxic
HYVCCICV,35,25,1,5,60,6,0.6,toxic
VYVFIVFV,34,31,3,5,65,8,0.6,toxic
FVICFIGN,53,37,8,10,90,18,0.6,toxic
GFLFYVVV,26,19,0,0,45,0,0.6,toxic
VFLFFYDV,55,40,10,10,95,20,0.6,toxic
FVYLCLCI,37,23,2,4,60,6,0.6,toxic
IFVCYFVG,42,28,4,6,70,10,0.6,toxic
VGYVVIGY,37,28,5,3,65,8,0.6,toxic
CIFHGLCL,64,46,11,15,110,26,0.6,toxic
CVLCVIYR,35,25,3,3,60,6,0.6,toxic
FSLLLVIC,43,27,5,5,70,10,0.6,toxic
GYVVFRFR,55,40,8,12,95,20,0.6,toxic
LDDYGFDI,45,30,8,4,75,12,0.6,toxic
NHYCCFCC,59,41,15,7,100,22,0.6,toxic
CNFFGYGR,56,39,11,9,95,20,0.6,toxic
FFIDCVYV,65,50,16,12,115,28,0.6,toxic
VVCCVICF,35,20,2,2,55,4,0.6,toxic
GFLFCCFC,36,29,7,1,65,8,0.6,toxic
YIVYGICI,42,43,8,8,85,16,0.6,toxic
FFYFVCFI,35,20,0,4,55,4,0.6,toxic
VVVLVCCL,45,50,9,11,95,20,0.6,toxic
FVVNLVRL,59,41,10,12,100,22,0.6,toxic
VVSFVFLR,34,26,4,2,60,6,0.6,toxic
FCVIIIHG,36,24,4,2,60,6,0.6,toxic
YYGIIFYF,37,18,2,2,55,4,0.6,toxic
FCLRCCYC,54,41,12,8,95,20,0.6,toxic
VLILHCCY,34,26,2,4,60,6,0.6,toxic
FCRSHFLY,52,33,6,10,85,16,0.6,toxic
SHCIGFHY,107,96,34,29,203,63,0.6008583690987125,toxic
VFGVSFDV,77,76,20,23,153,43,0.6010928961748634,toxic
LIDDFFYF,69,54,12,19,123,31,0.6013071895424836,toxic
ICCCYFRN,69,54,17,14,123,31,0.6013071895424836,toxic
CCVGSCYF,67,51,18,11,118,29,0.6013513513513513,toxic
YCCRCFLL,66,47,14,13,113,27,0.6013986013986014,toxic
CCDLFSHG,58,50,11,14,108,25,0.6014492753623188,toxic
YFVVLRRD,60,43,8,15,103,23,0.6015037593984962,toxic
GDFYCYVD,54,49,12,11,103,23,0.6015037593984962,toxic
FHCCCYNV,61,42,14,9,103,23,0.6015037593984962,toxic
FGCCCNSV,54,44,9,12,98,21,0.6015625,toxic
CCYVLCCV,56,42,9,12,98,21,0.6015625,toxic
VDGICIFF,55,38,7,12,93,19,0.6016260162601627,toxic
YCCCIRHF,52,41,5,14,93,19,0.6016260162601627,toxic
FRLCLHCL,51,37,10,7,88,17,0.6016949152542372,toxic
VCVFLFGS,53,35,7,10,88,17,0.6016949152542372,toxic
CCCNIYLL,46,42,11,6,88,17,0.6016949152542372,toxic
CFDDVLSN,52,36,7,10,88,17,0.6016949152542372,toxic
ICNCCYVC,49,34,5,10,83,15,0.6017699115044248,toxic
YGIYFNLY,47,36,7,8,83,15,0.6017699115044248,toxic
VIICLLGS,49,34,8,7,83,15,0.6017699115044248,toxic
FYGDCDGL,106,90,33,27,196,60,0.6017699115044248,toxic
GLCDRYDI,51,32,10,5,83,15,0.6017699115044248,toxic
DFHVSFDC,50,33,7,8,83,15,0.6017699115044248,toxic
FFYIHFSG,48,30,7,6,78,13,0.6018518518518519,toxic
FYVFFIGF,43,35,9,4,78,13,0.6018518518518519,toxic
CYFFLIFH,48,30,6,7,78,13,0.6018518518518519,toxic
HGCVICLR,45,33,6,7,78,13,0.6018518518518519,toxic
FVSVHCRY,48,30,8,5,78,13,0.6018518518518519,toxic
ICVFYDIF,48,30,8,5,78,13,0.6018518518518519,toxic
CCGCVIIC,44,29,5,6,73,11,0.6019417475728155,toxic
LYIIIGHC,45,28,5,6,73,11,0.6019417475728155,toxic
FFILCCGN,43,30,6,5,73,11,0.6019417475728155,toxic
CLVYVYSC,39,34,4,7,73,11,0.6019417475728155,toxic
FCICCNYV,39,34,4,7,73,11,0.6019417475728155,toxic
LCFCFGYF,43,30,7,4,73,11,0.6019417475728155,toxic
YSYIGYHD,42,26,3,6,68,9,0.6020408163265306,toxic
YLCVVFYH,42,26,3,6,68,9,0.6020408163265306,toxic
CYVFFSCC,37,26,4,3,63,7,0.6021505376344086,toxic
FFGLYIDC,41,22,2,5,63,7,0.6021505376344086,toxic
FFRFLRCF,39,24,2,5,63,7,0.6021505376344086,toxic
GYIVFILY,37,26,3,4,63,7,0.6021505376344086,toxic
ILVCVIIF,38,25,5,2,63,7,0.6021505376344086,toxic
LICCCLGI,41,22,3,4,63,7,0.6021505376344086,toxic
FHCIVICH,38,25,4,3,63,7,0.6021505376344086,toxic
CRIHILFS,40,23,2,5,63,7,0.6021505376344086,toxic
FRFCFCVY,39,24,2,5,63,7,0.6021505376344086,toxic
IFIIFDSI,41,22,6,1,63,7,0.6021505376344086,toxic
NCFYYNVY,87,69,20,24,156,44,0.6021505376344086,toxic
IYVYFFDV,39,24,2,5,63,7,0.6021505376344086,toxic
FYFLFFRD,39,24,3,4,63,7,0.6021505376344086,toxic
GFCYCLSL,41,22,3,4,63,7,0.6021505376344086,toxic
FFGFCIDF,41,22,5,2,63,7,0.6021505376344086,toxic
FVVSYVFC,38,25,1,6,63,7,0.6021505376344086,toxic
VCYLFHIC,35,23,2,3,58,5,0.6022727272727273,toxic
FFFCCISI,29,29,3,2,58,5,0.6022727272727273,toxic
CYCIVCLF,28,30,2,3,58,5,0.6022727272727273,toxic
LLNFLVFF,35,23,3,2,58,5,0.6022727272727273,toxic
RFICVVSY,35,23,2,3,58,5,0.6022727272727273,toxic
YYFVIYRV,26,32,2,3,58,5,0.6022727272727273,toxic
FILFYSYH,30,28,3,2,58,5,0.6022727272727273,toxic
VCILFVFV,36,22,1,4,58,5,0.6022727272727273,toxic
CYIFVCLC,35,23,4,1,58,5,0.6022727272727273,toxic
YFGIGNHV,78,68,16,24,146,40,0.6022727272727273,toxic
FCFFIYCG,34,24,2,3,58,5,0.6022727272727273,toxic
FIVFCIDG,27,31,3,2,58,5,0.6022727272727273,toxic
GYCHVYVF,35,23,3,2,58,5,0.6022727272727273,toxic
RIFIGIGF,33,25,5,0,58,5,0.6022727272727273,toxic
FNFVFFFR,36,22,4,1,58,5,0.6022727272727273,toxic
FIVLVCNV,35,23,2,3,58,5,0.6022727272727273,toxic
CFVYHFFC,29,29,2,3,58,5,0.6022727272727273,toxic
CVVDIFVF,36,22,1,4,58,5,0.6022727272727273,toxic
IFFIFCIC,36,22,3,2,58,5,0.6022727272727273,toxic
FCICCLGF,35,23,2,3,58,5,0.6022727272727273,toxic
IHICIFGI,34,19,1,2,53,3,0.6024096385542169,toxic
LVCVVIFG,34,19,1,2,53,3,0.6024096385542169,toxic
IVLCILRN,29,24,0,3,53,3,0.6024096385542169,toxic
FFCYCFVY,34,19,1,2,53,3,0.6024096385542169,toxic
SIVYFCIF,35,18,1,2,53,3,0.6024096385542169,toxic
VYYHIFIG,36,17,1,2,53,3,0.6024096385542169,toxic
LLSRFFVC,28,25,1,2,53,3,0.6024096385542169,toxic
VVLVFHIR,33,20,1,2,53,3,0.6024096385542169,toxic
RCVFSFRF,36,17,2,1,53,3,0.6024096385542169,toxic
YFCRILFS,30,23,2,1,53,3,0.6024096385542169,toxic
YFFRVYVY,36,17,2,1,53,3,0.6024096385542169,toxic
VYICFFFI,31,22,1,2,53,3,0.6024096385542169,toxic
YFCVFNYF,31,22,2,1,53,3,0.6024096385542169,toxic
CVRIVFIL,31,22,0,3,53,3,0.6024096385542169,toxic
YDFVCLYF,30,23,2,1,53,3,0.6024096385542169,toxic
VCCGCGCF,35,18,2,1,53,3,0.6024096385542169,toxic
LFFLCILF,36,17,3,0,53,3,0.6024096385542169,toxic
NFFRFFRF,32,21,0,3,53,3,0.6024096385542169,toxic
FYFCCFCR,34,19,1,2,53,3,0.6024096385542169,toxic
CFVFYIHS,36,17,1,2,53,3,0.6024096385542169,toxic
RYFFCCFC,34,19,2,1,53,3,0.6024096385542169,toxic
VVFCYFCY,35,18,1,2,53,3,0.6024096385542169,toxic
CRCICCYY,75,56,16,18,131,34,0.6024844720496895,toxic
YVFRCYFI,26,22,0,1,48,1,0.6025641025641025,toxic
FYFCCHIG,30,18,1,0,48,1,0.6025641025641025,toxic
VLISLLLC,29,19,1,0,48,1,0.6025641025641025,toxic
GFHLLCLF,31,17,1,0,48,1,0.6025641025641025,toxic
HSIFYVSD,65,51,11,17,116,28,0.6027397260273972,toxic
FYIRYNNG,104,85,30,27,189,57,0.6027397260273972,toxic
RLDGLYYG,63,48,13,13,111,26,0.6028368794326241,toxic
FVICYVYS,59,42,11,11,101,22,0.6030534351145038,toxic
CCFCFIVG,57,44,12,10,101,22,0.6030534351145038,toxic
YCCCGCIF,51,50,12,10,101,22,0.6030534351145038,toxic
ICGFLRLC,54,47,11,11,101,22,0.6030534351145038,toxic
FCDDGFLG,54,42,9,11,96,20,0.6031746031746031,toxic
NCCVICCI,54,42,6,14,96,20,0.6031746031746031,toxic
FGCCCCLV,52,39,7,11,91,18,0.6033057851239669,toxic
FVFCFIGV,52,39,10,8,91,18,0.6033057851239669,toxic
YYHIIVFG,51,35,8,8,86,16,0.603448275862069,toxic
RCFIVGFC,49,37,5,11,86,16,0.603448275862069,toxic
FCILIGSI,49,32,8,6,81,14,0.6036036036036037,toxic
CCFCIRLS,48,33,7,7,81,14,0.6036036036036037,toxic
VFFCINCC,46,35,2,12,81,14,0.6036036036036037,toxic
RYCYICLV,46,35,8,6,81,14,0.6036036036036037,toxic
YCCYLGLV,43,38,3,11,81,14,0.6036036036036037,toxic
LRDLVCHY,71,58,11,22,129,33,0.6037735849056604,toxic
LCICCVGL,46,30,5,7,76,12,0.6037735849056604,toxic
FGVYGHLV,43,33,5,7,76,12,0.6037735849056604,toxic
IYHVVFSY,43,33,9,3,76,12,0.6037735849056604,toxic
VDIFLGFL,37,39,4,8,76,12,0.6037735849056604,toxic
YFFCFFCH,44,32,6,6,76,12,0.6037735849056604,toxic
CYGHGGCY,41,30,5,5,71,10,0.6039603960396039,toxic
FVFVYYCL,40,31,4,6,71,10,0.6039603960396039,toxic
CSVVLIVR,44,27,4,6,71,10,0.6039603960396039,toxic
VLLFIFGR,39,32,2,8,71,10,0.6039603960396039,toxic
FYCFCCFV,42,29,4,6,71,10,0.6039603960396039,toxic
CRYFVCFC,44,27,6,4,71,10,0.6039603960396039,toxic
HYYCIFVV,44,27,6,4,71,10,0.6039603960396039,toxic
LFFFFCVN,42,24,3,5,66,8,0.6041666666666666,toxic
VLICCRVY,41,25,3,5,66,8,0.6041666666666666,toxic
ICYFGVFV,88,74,23,23,162,46,0.6041666666666666,toxic
FIYCCFVR,39,27,5,3,66,8,0.6041666666666666,toxic
CYIVLIGD,37,29,4,4,66,8,0.6041666666666666,toxic
YCCVCLCL,41,25,3,5,66,8,0.6041666666666666,toxic
YLVLLCRS,40,26,8,0,66,8,0.6041666666666666,toxic
FCFCYCYL,38,28,5,3,66,8,0.6041666666666666,toxic
FCNFVCCF,37,29,3,5,66,8,0.6041666666666666,toxic
LSCFCCFF,41,25,3,5,66,8,0.6041666666666666,toxic
LLCDFLVF,64,45,13,12,109,25,0.60431654676259,toxic
HVYCFGCR,57,52,13,12,109,25,0.60431654676259,toxic
NCIICFCG,63,46,16,9,109,25,0.60431654676259,toxic
FCVCHFVY,36,25,2,4,61,6,0.6043956043956044,toxic
GISLSFYF,40,21,4,2,61,6,0.6043956043956044,toxic
ISCVCFVV,38,23,4,2,61,6,0.6043956043956044,toxic
GGYVVVYV,40,21,4,2,61,6,0.6043956043956044,toxic
FCFCVVVV,40,21,3,3,61,6,0.6043956043956044,toxic
CFSVCYIL,38,23,3,3,61,6,0.6043956043956044,toxic
CCRGCCYR,33,28,1,5,61,6,0.6043956043956044,toxic
LIFCFLFC,38,23,3,3,61,6,0.6043956043956044,toxic
YYYGFILV,35,26,5,1,61,6,0.6043956043956044,toxic
FVICGFCI,38,23,3,3,61,6,0.6043956043956044,toxic
FCRIGFFY,33,28,3,3,61,6,0.6043956043956044,toxic
DVIFCIFH,38,23,4,2,61,6,0.6043956043956044,toxic
FCFIFSYR,60,44,10,13,104,23,0.6044776119402985,toxic
IFFFHCGV,57,47,13,10,104,23,0.6044776119402985,toxic
LSYVCHCL,82,65,21,19,147,40,0.6045197740112994,toxic
IFFSFVCH,33,23,2,2,56,4,0.6046511627906976,toxic
YFSCCICF,35,21,2,2,56,4,0.6046511627906976,toxic
IYHFCYCI,32,24,0,4,56,4,0.6046511627906976,toxic
CVFFVFVI,28,28,3,1,56,4,0.6046511627906976,toxic
IFVFCFCS,35,21,1,3,56,4,0.6046511627906976,toxic
FFCCCHLF,59,40,14,7,99,21,0.6046511627906976,toxic
CFRINSYY,35,21,2,2,56,4,0.6046511627906976,toxic
IFFCVYVC,32,24,1,3,56,4,0.6046511627906976,toxic
IVRSFCHY,59,40,10,11,99,21,0.6046511627906976,toxic
DCCVFIFC,31,25,2,2,56,4,0.6046511627906976,toxic
CSLCVFRL,36,20,3,1,56,4,0.6046511627906976,toxic
CFRFIIIV,33,23,3,1,56,4,0.6046511627906976,toxic
YYCCYHFI,35,21,2,2,56,4,0.6046511627906976,toxic
FYVDCFFL,37,19,2,2,56,4,0.6046511627906976,toxic
VGLCIFRY,29,27,1,3,56,4,0.6046511627906976,toxic
FSYLIVFI,35,21,1,3,56,4,0.6046511627906976,toxic
CSFVIHIF,35,21,3,1,56,4,0.6046511627906976,toxic
IYCVYGVR,55,39,9,10,94,19,0.6048387096774194,toxic
LGFFCCYC,35,16,2,0,51,2,0.6049382716049383,toxic
FIFIDICF,26,25,2,0,51,2,0.6049382716049383,toxic
IILCFRGI,35,16,1,1,51,2,0.6049382716049383,toxic
VFLLFCRI,34,17,0,2,51,2,0.6049382716049383,toxic
HGVVIYLV,28,23,2,0,51,2,0.6049382716049383,toxic
DIFLCVVL,29,22,1,1,51,2,0.6049382716049383,toxic
FYLSIIVC,32,19,1,1,51,2,0.6049382716049383,toxic
LYDFYLYY,28,23,1,1,51,2,0.6049382716049383,toxic
CFICGFVF,35,16,1,1,51,2,0.6049382716049383,toxic
LLFVYLSC,28,23,1,1,51,2,0.6049382716049383,toxic
FFLVHRFV,30,21,1,1,51,2,0.6049382716049383,toxic
VRISFRFC,30,21,0,2,51,2,0.6049382716049383,toxic
FCVRLRIV,32,19,1,1,51,2,0.6049382716049383,toxic
FVFYICCC,29,22,2,0,51,2,0.6049382716049383,toxic
VFFFLCYF,35,16,2,0,51,2,0.6049382716049383,toxic
LYIFCVSR,34,17,1,1,51,2,0.6049382716049383,toxic
CLFVGVCY,33,18,1,1,51,2,0.6049382716049383,toxic
VVFYISIL,33,18,0,2,51,2,0.6049382716049383,toxic
VFFLYCYV,30,21,0,2,51,2,0.6049382716049383,toxic
YFFVCSFC,31,20,1,1,51,2,0.6049382716049383,toxic
FYIRRVLF,35,16,2,0,51,2,0.6049382716049383,toxic
VCCFRCYV,30,21,0,2,51,2,0.6049382716049383,toxic
IFRFYCIY,31,20,0,2,51,2,0.6049382716049383,toxic
FFYFFIIC,32,19,0,2,51,2,0.6049382716049383,toxic
VFVYCRIV,29,22,1,1,51,2,0.6049382716049383,toxic
FICVLFYL,34,17,0,2,51,2,0.6049382716049383,toxic
CYIIYFCC,53,36,9,8,89,17,0.6050420168067226,toxic
CYIYSCYI,54,35,6,11,89,17,0.6050420168067226,toxic
CVLVHFCH,52,37,5,12,89,17,0.6050420168067226,toxic
CCFLCVIH,53,36,11,6,89,17,0.6050420168067226,toxic
LILCVDIR,50,39,10,7,89,17,0.6050420168067226,toxic
VNNFDVCY,73,54,19,13,127,32,0.6050955414012739,toxic
FVYFFCRY,32,14,0,0,46,0,0.6052631578947368,toxic
ICCFCNFV,46,38,6,9,84,15,0.6052631578947368,toxic
FCFFVRVY,26,20,0,0,46,0,0.6052631578947368,toxic
CCFVGIFI,51,33,4,11,84,15,0.6052631578947368,toxic
CIFIIYFF,30,16,0,0,46,0,0.6052631578947368,toxic
FCLGCCCV,50,34,5,10,84,15,0.6052631578947368,toxic
FSLHILYH,29,17,0,0,46,0,0.6052631578947368,toxic
FCICFFYG,32,14,0,0,46,0,0.6052631578947368,toxic
FYCLCFRR,25,21,0,0,46,0,0.6052631578947368,toxic
FDFCNCCL,51,33,8,7,84,15,0.6052631578947368,toxic
NSCVFLFC,49,35,4,11,84,15,0.6052631578947368,toxic
CFIVICGC,45,39,8,7,84,15,0.6052631578947368,toxic
FFLCFFCC,28,18,0,0,46,0,0.6052631578947368,toxic
FYISFLLR,30,16,0,0,46,0,0.6052631578947368,toxic
ICLIRFVD,87,68,14,29,155,43,0.6054054054054054,toxic
GGFVIIVL,67,50,9,19,117,28,0.6054421768707483,toxic
FCCCDRCS,68,49,15,13,117,28,0.6054421768707483,toxic
YCVLFCCV,48,31,8,5,79,13,0.6055045871559633,toxic
HNIFFRYF,47,32,7,6,79,13,0.6055045871559633,toxic
VLLFFCGG,44,35,7,6,79,13,0.6055045871559633,toxic
NFRFIILG,47,32,7,6,79,13,0.6055045871559633,toxic
SIVCICVH,48,31,5,8,79,13,0.6055045871559633,toxic
CYCFFYFR,45,34,9,4,79,13,0.6055045871559633,toxic
FVFDLVYC,64,48,6,20,112,26,0.6056338028169014,toxic
LCVFCVFG,43,31,4,7,74,11,0.6057692307692307,toxic
GLCLCCNF,42,32,4,7,74,11,0.6057692307692307,toxic
CCCFIFCV,44,30,7,4,74,11,0.6057692307692307,toxic
IVIHVIYH,43,31,6,5,74,11,0.6057692307692307,toxic
LFVCLCNC,43,31,6,5,74,11,0.6057692307692307,toxic
HLHIRIRC,41,33,4,7,74,11,0.6057692307692307,toxic
SVFFGFFG,44,30,5,6,74,11,0.6057692307692307,toxic
ISVFCYNV,57,50,15,9,107,24,0.6058394160583942,toxic
VRYGCCCF,62,45,15,9,107,24,0.6058394160583942,toxic
GFGHYGSY,79,61,17,20,140,37,0.6058823529411764,toxic
FYSLDCVF,109,92,28,33,201,61,0.6060606060606061,toxic
CYCCVCVR,39,30,5,4,69,9,0.6060606060606061,toxic
FCICRIHV,41,28,3,6,69,9,0.6060606060606061,toxic
DLCCLVYV,60,42,11,11,102,22,0.6060606060606061,toxic
IIIYCLYY,44,25,3,6,69,9,0.6060606060606061,toxic
CGYCLLIS,73,57,20,13,130,33,0.60625,toxic
LFCCVYCC,56,41,5,15,97,20,0.6062992125984252,toxic
YFCSIFGI,51,46,11,9,97,20,0.6062992125984252,toxic
FHCLCFYY,56,41,8,12,97,20,0.6062992125984252,toxic
VFYFRIVG,41,23,2,5,64,7,0.6063829787234043,toxic
FHCVSFIF,35,29,1,6,64,7,0.6063829787234043,toxic
FYCRFCSF,36,28,4,3,64,7,0.6063829787234043,toxic
DFFCCYVC,41,23,2,5,64,7,0.6063829787234043,toxic
ICFLCYRV,35,29,2,5,64,7,0.6063829787234043,toxic
FFRFVIIG,37,27,5,2,64,7,0.6063829787234043,toxic
FSYFVICI,41,23,4,3,64,7,0.6063829787234043,toxic
SFSCVFFV,36,28,3,4,64,7,0.6063829787234043,toxic
CYVFFVHF,41,23,3,4,64,7,0.6063829787234043,toxic
FFLVVIGY,40,24,3,4,64,7,0.6063829787234043,toxic
FFDCDGGC,69,56,13,18,125,31,0.6064516129032258,toxic
HYYSDIYH,71,54,14,17,125,31,0.6064516129032258,toxic
LDCFVICC,55,37,10,8,92,18,0.6065573770491803,toxic
CFCCRYDG,55,37,6,12,92,18,0.6065573770491803,toxic
VCCFCIFG,53,39,7,11,92,18,0.6065573770491803,toxic
YYRDYFRH,55,37,10,8,92,18,0.6065573770491803,toxic
CFVDSDRF,52,40,7,11,92,18,0.6065573770491803,toxic
CFCLCCGC,53,39,7,11,92,18,0.6065573770491803,toxic
CCLFFVFV,36,23,3,2,59,5,0.6067415730337079,toxic
CIVYCLGC,38,21,2,3,59,5,0.6067415730337079,toxic
VFLFYGVI,38,21,3,2,59,5,0.6067415730337079,toxic
FFYFVIIY,28,31,3,2,59,5,0.6067415730337079,toxic
ICVIFLIR,35,24,4,1,59,5,0.6067415730337079,toxic
CYLFFSFL,34,25,1,4,59,5,0.6067415730337079,toxic
LCGCYFCV,39,20,2,3,59,5,0.6067415730337079,toxic
DFIIYLLV,30,29,2,3,59,5,0.6067415730337079,toxic
VCVFYLFS,36,23,3,2,59,5,0.6067415730337079,toxic
VICICCYV,38,21,3,2,59,5,0.6067415730337079,toxic
ICLGCRLV,33,26,1,4,59,5,0.6067415730337079,toxic
RYLLVCNI,36,23,3,2,59,5,0.6067415730337079,toxic
GFFFVYFR,39,20,5,0,59,5,0.6067415730337079,toxic
FFNFCCCC,31,28,1,4,59,5,0.6067415730337079,toxic
GCFFCYYG,50,37,7,9,87,16,0.6068376068376068,toxic
VFVFFDIY,51,36,5,11,87,16,0.6068376068376068,toxic
LLYCVCCF,50,37,6,10,87,16,0.6068376068376068,toxic
RCSVIFLC,51,36,8,8,87,16,0.6068376068376068,toxic
LHCVCFYV,52,35,7,9,87,16,0.6068376068376068,toxic
CCCVDRNG,65,50,12,15,115,27,0.6068965517241379,toxic
FFILHFCF,28,26,1,2,54,3,0.6071428571428571,toxic
FFLCIRHV,34,20,0,3,54,3,0.6071428571428571,toxic
CIVYVSRC,49,33,9,5,82,14,0.6071428571428571,toxic
GCCCFFIY,31,23,2,1,54,3,0.6071428571428571,toxic
FYFCICLS,31,23,2,1,54,3,0.6071428571428571,toxic
YGVICICC,36,18,3,0,54,3,0.6071428571428571,toxic
FFCVRCVL,35,19,2,1,54,3,0.6071428571428571,toxic
SCCFILCI,36,18,2,1,54,3,0.6071428571428571,toxic
CCFCIRRV,29,25,2,1,54,3,0.6071428571428571,toxic
IFCLYIVY,30,24,1,2,54,3,0.6071428571428571,toxic
VSYCCCCF,34,20,2,1,54,3,0.6071428571428571,toxic
FFFVICCC,33,21,3,0,54,3,0.6071428571428571,toxic
LIVYYYFV,35,19,0,3,54,3,0.6071428571428571,toxic
FDVYFRLF,33,21,0,3,54,3,0.6071428571428571,toxic
FIFGFLRC,33,21,2,1,54,3,0.6071428571428571,toxic
VCLFCYFV,30,24,2,1,54,3,0.6071428571428571,toxic
VVFCYFDH,64,46,17,8,110,25,0.6071428571428571,toxic
CFVVVVLI,36,18,0,3,54,3,0.6071428571428571,toxic
VYYVCRFI,25,29,1,2,54,3,0.6071428571428571,toxic
FRCYCCVC,64,46,14,11,110,25,0.6071428571428571,toxic
CLYISFIR,33,21,1,2,54,3,0.6071428571428571,toxic
VINFFLFN,29,25,3,0,54,3,0.6071428571428571,toxic
YYVSCFCF,31,23,1,2,54,3,0.6071428571428571,toxic
IDFRCCCF,34,20,2,1,54,3,0.6071428571428571,toxic
FFYYGYGC,49,33,4,10,82,14,0.6071428571428571,toxic
FFDVLVLF,30,24,2,1,54,3,0.6071428571428571,toxic
CFDVFFLF,31,23,0,3,54,3,0.6071428571428571,toxic
ISVYFRIV,32,22,0,3,54,3,0.6071428571428571,toxic
FCHCFHVR,75,58,9,25,133,34,0.6073619631901841,toxic
CCNYCGSI,96,88,29,25,184,54,0.6074766355140186,toxic
VLCFCCLD,44,33,5,7,77,12,0.6074766355140186,toxic
RYVCFCYL,41,36,5,7,77,12,0.6074766355140186,toxic
YLICSVLL,47,30,6,6,77,12,0.6074766355140186,toxic
FFLCRFLH,27,22,0,1,49,1,0.6075949367088608,toxic
FFHCLIGF,30,19,0,1,49,1,0.6075949367088608,toxic
FLCFYLGF,31,18,0,1,49,1,0.6075949367088608,toxic
CFFIFCGF,28,21,0,1,49,1,0.6075949367088608,toxic
CFYYICIF,31,18,1,0,49,1,0.6075949367088608,toxic
RLFFVLLF,30,19,1,0,49,1,0.6075949367088608,toxic
FFVFRVYG,28,21,1,0,49,1,0.6075949367088608,toxic
CCVCYRRV,33,16,1,0,49,1,0.6075949367088608,toxic
CCFIFYCC,33,16,0,1,49,1,0.6075949367088608,toxic
YVVCRVCI,26,23,1,0,49,1,0.6075949367088608,toxic
LYFYSLVS,72,56,15,17,128,32,0.6075949367088608,toxic
FYFFYICY,30,19,0,1,49,1,0.6075949367088608,toxic
FIVVIRIV,28,21,1,0,49,1,0.6075949367088608,toxic
ILYVFVCF,27,22,1,0,49,1,0.6075949367088608,toxic
FLILLGRD,57,43,10,11,100,21,0.6076923076923076,toxic
HVYIYICV,57,43,11,10,100,21,0.6076923076923076,toxic
YFFGVFNY,44,28,6,4,72,10,0.6078431372549019,toxic
LYVLFLFR,40,32,5,5,72,10,0.6078431372549019,toxic
FFFVDCFF,41,31,3,7,72,10,0.6078431372549019,toxic
YIIHCDLD,41,31,5,5,72,10,0.6078431372549019,toxic
FLYCFFSS,45,27,5,5,72,10,0.6078431372549019,toxic
CSCCGFCY,45,27,3,7,72,10,0.6078431372549019,toxic
HLYVLFFS,71,52,12,18,123,30,0.6078431372549019,toxic
FVCICHVN,69,54,11,19,123,30,0.6078431372549019,toxic
FFYYYFNG,70,53,15,15,123,30,0.6078431372549019,toxic
CHVVCCLI,39,33,4,6,72,10,0.6078431372549019,toxic
GNYYGLDC,44,28,5,5,72,10,0.6078431372549019,toxic
YFCFCVGV,41,31,2,8,72,10,0.6078431372549019,toxic
ICSCCVHF,56,39,6,13,95,19,0.608,toxic
GYVLSVCI,57,38,8,11,95,19,0.608,toxic
VSYGGYVY,57,38,6,13,95,19,0.608,toxic
FLSYLILF,57,38,8,11,95,19,0.608,toxic
FYLCLSDL,57,38,7,12,95,19,0.608,toxic
FFVCCCHR,56,39,11,8,95,19,0.608,toxic
IFHVCFFN,42,25,3,5,67,8,0.6082474226804123,toxic
FCCLHCII,40,27,2,6,67,8,0.6082474226804123,toxic
FLCCVVFF,33,34,3,5,67,8,0.6082474226804123,toxic
VLLLCYCS,42,25,5,3,67,8,0.6082474226804123,toxic
FCHVFYRY,38,29,3,5,67,8,0.6082474226804123,toxic
HRYYLCFC,38,29,5,3,67,8,0.6082474226804123,toxic
FFFYYFLC,43,24,5,3,67,8,0.6082474226804123,toxic
LCVVCCFG,36,31,5,3,67,8,0.6082474226804123,toxic
SCYLVLNF,36,31,2,6,67,8,0.6082474226804123,toxic
FYCVFCYF,34,33,5,3,67,8,0.6082474226804123,toxic
HLVLLFRV,35,32,3,5,67,8,0.6082474226804123,toxic
LYHCYLCC,39,28,2,6,67,8,0.6082474226804123,toxic
FCVFFDYF,53,37,10,7,90,17,0.6083333333333333,toxic
ICVIIGDY,64,49,11,15,113,26,0.6083916083916084,toxic
SVCFYCHC,76,60,14,21,136,35,0.608433734939759,toxic
NCFFVLLL,40,22,3,3,62,6,0.6086956521739131,toxic
SFYCCFCG,40,22,2,4,62,6,0.6086956521739131,toxic
FFYIIDFC,38,24,4,2,62,6,0.6086956521739131,toxic
FGLCVGFF,48,37,8,7,85,15,0.6086956521739131,toxic
CCYSGRCY,61,47,11,13,108,24,0.6086956521739131,toxic
YVVLYIIS,36,26,3,3,62,6,0.6086956521739131,toxic
VFVRYDLF,60,48,12,12,108,24,0.6086956521739131,toxic
HCYCCFFV,49,36,10,5,85,15,0.6086956521739131,toxic
IFCVCCNC,62,46,12,12,108,24,0.6086956521739131,toxic
FHFSVFFR,31,31,3,3,62,6,0.6086956521739131,toxic
VFVIFVYF,30,32,2,4,62,6,0.6086956521739131,toxic
GICVSFCL,54,54,14,10,108,24,0.6086956521739131,toxic
SFVSVLIR,51,34,10,5,85,15,0.6086956521739131,toxic
NFFLRLCL,36,26,3,3,62,6,0.6086956521739131,toxic
LFFYLCGV,36,26,2,4,62,6,0.6086956521739131,toxic
VDFCCCGY,52,33,8,7,85,15,0.6086956521739131,toxic
IYVCCRIL,38,24,2,4,62,6,0.6086956521739131,toxic
VCNVFVFC,51,34,7,8,85,15,0.6086956521739131,toxic
LFSILLNR,30,32,2,4,62,6,0.6086956521739131,toxic
FFVRHYHH,69,57,18,13,126,31,0.6089743589743589,toxic
VCHIIRFG,70,56,15,16,126,31,0.6089743589743589,toxic
IGVCCILC,61,42,9,13,103,22,0.6090225563909775,toxic
IGCFFCLS,54,49,12,10,103,22,0.6090225563909775,toxic
CCCFYLCI,42,38,3,10,80,13,0.6090909090909091,toxic
CFCICNYF,49,31,4,9,80,13,0.6090909090909091,toxic
CFHVRIYS,40,40,7,6,80,13,0.6090909090909091,toxic
FFYFVLCN,45,35,4,9,80,13,0.6090909090909091,toxic
CIFCDVFC,49,31,8,5,80,13,0.6090909090909091,toxic
FHVVLFRH,36,21,1,3,57,4,0.6091954022988506,toxic
FYYCCCRV,38,19,1,3,57,4,0.6091954022988506,toxic
VFFIFVCY,37,20,1,3,57,4,0.6091954022988506,toxic
FIFCCLYF,34,23,3,1,57,4,0.6091954022988506,toxic
DFVFCVLI,32,25,1,3,57,4,0.6091954022988506,toxic
IFCVVYGF,30,27,1,3,57,4,0.6091954022988506,toxic
FCIVFIIR,35,22,2,2,57,4,0.6091954022988506,toxic
FFCFFCDF,37,20,2,2,57,4,0.6091954022988506,toxic
ICLYFCGH,35,22,2,2,57,4,0.6091954022988506,toxic
FVYFFCLY,38,19,2,2,57,4,0.6091954022988506,toxic
FFFYGYII,38,19,4,0,57,4,0.6091954022988506,toxic
GFFVVGLI,34,23,2,2,57,4,0.6091954022988506,toxic
YFVLGIYN,37,20,2,2,57,4,0.6091954022988506,toxic
CNVCVFCL,30,27,2,2,57,4,0.6091954022988506,toxic
FNFFYVFF,31,26,3,1,57,4,0.6091954022988506,toxic
FHFVLYCC,34,23,2,2,57,4,0.6091954022988506,toxic
LVSFVCFI,37,20,1,3,57,4,0.6091954022988506,toxic
CFGLCIFY,32,25,3,1,57,4,0.6091954022988506,toxic
FFGIFIIR,32,25,3,1,57,4,0.6091954022988506,toxic
FFSCICYF,37,20,3,1,57,4,0.6091954022988506,toxic
RFFFFCLL,37,20,2,2,57,4,0.6091954022988506,toxic
YLLYIFCL,38,19,1,3,57,4,0.6091954022988506,toxic
CVCHLCIV,38,37,5,6,75,11,0.6095238095238096,toxic
FYNLLDHS,63,53,16,11,116,27,0.6095890410958904,toxic
VHICGYCY,63,53,12,15,116,27,0.6095890410958904,toxic
YVCYLGSF,83,74,19,24,157,43,0.6096256684491979,toxic
YFYFHFRC,28,24,1,1,52,2,0.6097560975609756,toxic
DFCLVIVV,29,23,0,2,52,2,0.6097560975609756,toxic
FYCCCIFV,32,20,0,2,52,2,0.6097560975609756,toxic
FFFNLCFC,34,18,2,0,52,2,0.6097560975609756,toxic
FFNFGFFF,28,24,1,1,52,2,0.6097560975609756,toxic
NCLYRFLC,76,58,14,20,134,34,0.6097560975609756,toxic
VVCVVSFR,34,18,2,0,52,2,0.6097560975609756,toxic
CGIFLFIY,34,18,0,2,52,2,0.6097560975609756,toxic
FCHYCRLV,33,19,2,0,52,2,0.6097560975609756,toxic
IYIFVIRV,32,20,0,2,52,2,0.6097560975609756,toxic
IFCFLFIC,34,18,1,1,52,2,0.6097560975609756,toxic
FFFFCFHF,31,21,0,2,52,2,0.6097560975609756,toxic
FFCHFVVS,56,37,7,11,93,18,0.6097560975609756,toxic
FSVFYVSY,35,17,0,2,52,2,0.6097560975609756,toxic
LVLILRLH,35,17,2,0,52,2,0.6097560975609756,toxic
FHVSLYLF,28,24,1,1,52,2,0.6097560975609756,toxic
VSYRCVIY,55,38,11,7,93,18,0.6097560975609756,toxic
FFLLCCFH,32,20,0,2,52,2,0.6097560975609756,toxic
YCIFSCVF,33,19,0,2,52,2,0.6097560975609756,toxic
LCVCDCRY,64,47,12,13,111,25,0.6099290780141844,toxic
CNDYIGGF,64,47,11,14,111,25,0.6099290780141844,toxic
CHSFVYRF,63,48,15,10,111,25,0.6099290780141844,toxic
FLCRCVIY,43,27,3,6,70,9,0.61,toxic
VFYCCFSC,43,27,3,6,70,9,0.61,toxic
CYVFLGFL,39,31,2,7,70,9,0.61,toxic
CDVVVIFF,42,28,3,6,70,9,0.61,toxic
FFCVNIFC,44,26,4,5,70,9,0.61,toxic
FCGFCNSV,44,26,4,5,70,9,0.61,toxic
VLCYYFCG,44,26,4,5,70,9,0.61,toxic
IVCFRCRF,44,26,7,2,70,9,0.61,toxic
FFGYDSRC,40,30,5,4,70,9,0.61,toxic
CRGFVLIY,44,26,2,7,70,9,0.61,toxic
YYCRYFFV,43,27,4,5,70,9,0.61,toxic
FICCFGGC,73,56,18,14,129,32,0.610062893081761,toxic
VFFVRGCN,100,88,21,34,188,55,0.6100917431192661,toxic
CLYCYCCY,52,36,9,7,88,16,0.6101694915254238,toxic
DIISVVVF,48,40,9,7,88,16,0.6101694915254238,toxic
FSVIFCYR,48,40,8,8,88,16,0.6101694915254238,toxic
VVGHYVVY,62,44,7,16,106,23,0.6102941176470589,toxic
CCVLIFLF,29,18,0,0,47,0,0.6103896103896104,toxic
SFYYYFIG,27,20,0,0,47,0,0.6103896103896104,toxic
IFCHIFFL,32,15,0,0,47,0,0.6103896103896104,toxic
YCYCYFGD,69,55,15,15,124,30,0.6103896103896104,toxic
VCRFFFFF,31,16,0,0,47,0,0.6103896103896104,toxic
FCCLLYCI,39,26,3,4,65,7,0.6105263157894737,toxic
RYVSIYLI,39,26,3,4,65,7,0.6105263157894737,toxic
FFFYFYLR,36,29,7,0,65,7,0.6105263157894737,toxic
LFYFISCN,40,25,1,6,65,7,0.6105263157894737,toxic
VFNCCFCC,39,26,1,6,65,7,0.6105263157894737,toxic
YVFVGVSF,42,23,6,1,65,7,0.6105263157894737,toxic
YHGFFICV,33,32,1,6,65,7,0.6105263157894737,toxic
FIIFFYCN,35,30,2,5,65,7,0.6105263157894737,toxic
IHFVFCCH,40,25,4,3,65,7,0.6105263157894737,toxic
FSVICLRL,35,30,5,2,65,7,0.6105263157894737,toxic
LILVGCYF,40,25,3,4,65,7,0.6105263157894737,toxic
IFFYLIVD,34,31,4,3,65,7,0.6105263157894737,toxic
LCYFCVGF,42,23,1,6,65,7,0.6105263157894737,toxic
CILVVNIR,39,26,3,4,65,7,0.6105263157894737,toxic
FCLIHFGV,50,33,4,10,83,14,0.6106194690265486,toxic
VFFYLCYF,45,38,5,9,83,14,0.6106194690265486,toxic
CLHYFVCV,50,33,4,10,83,14,0.6106194690265486,toxic
GFDVRVDY,46,37,7,7,83,14,0.6106194690265486,toxic
CIFSCFCV,45,38,5,9,83,14,0.6106194690265486,toxic
CYICVCCD,47,36,8,6,83,14,0.6106194690265486,toxic
LYVRICGV,60,41,10,11,101,21,0.6106870229007634,toxic
CFCFLCRC,56,45,10,11,101,21,0.6106870229007634,toxic
FVYFGFGL,57,44,11,10,101,21,0.6106870229007634,toxic
CIDISVRF,65,54,19,9,119,28,0.610738255033557,toxic
ICLVRLSY,32,28,2,3,60,5,0.6111111111111112,toxic
YSCCYFCY,39,21,4,1,60,5,0.6111111111111112,toxic
CCCYYNVV,43,35,5,7,78,12,0.6111111111111112,toxic
CFNYVFVI,48,30,6,6,78,12,0.6111111111111112,toxic
GFYIFYGV,53,43,8,11,96,19,0.6111111111111112,toxic
FYVFCFNL,44,34,7,5,78,12,0.6111111111111112,toxic
FVFFCDYV,48,30,5,7,78,12,0.6111111111111112,toxic
FRCCIFSY,30,30,2,3,60,5,0.6111111111111112,toxic
CLIFGYCC,55,41,10,9,96,19,0.6111111111111112,toxic
FFVFSCLV,37,23,5,0,60,5,0.6111111111111112,toxic
CVCGFCNF,38,22,2,3,60,5,0.6111111111111112,toxic
HVFFISVV,37,23,3,2,60,5,0.6111111111111112,toxic
VFLISRVY,57,39,9,10,96,19,0.6111111111111112,toxic
FYGFGIGG,66,48,10,16,114,26,0.6111111111111112,toxic
VRVNVFCF,48,30,6,6,78,12,0.6111111111111112,toxic
LCVHLFCC,55,41,11,8,96,19,0.6111111111111112,toxic
VVVVFRLL,38,22,2,3,60,5,0.6111111111111112,toxic
SIHYSFLI,102,84,25,29,186,54,0.6111111111111112,toxic
FCNSCCCV,77,68,17,21,145,38,0.6114285714285714,toxic
FCYGYFVV,63,46,12,12,109,24,0.6115107913669064,toxic
CIYFCSVF,63,46,10,14,109,24,0.6115107913669064,toxic
GYVIDIVL,61,48,10,14,109,24,0.6115107913669064,toxic
CGCCGFIF,55,36,7,10,91,17,0.6115702479338843,toxic
ISFCLVHL,54,37,7,10,91,17,0.6115702479338843,toxic
VSYFCFGF,55,36,10,7,91,17,0.6115702479338843,toxic
IYYHLSFV,53,38,10,7,91,17,0.6115702479338843,toxic
FFYCFFFF,46,27,6,4,73,10,0.6116504854368932,toxic
GVFFLLLH,45,28,5,5,73,10,0.6116504854368932,toxic
FFNCCLYI,42,31,4,6,73,10,0.6116504854368932,toxic
YFVVCVIC,40,33,5,5,73,10,0.6116504854368932,toxic
YLLYFLIC,45,28,8,2,73,10,0.6116504854368932,toxic
FCNFYDNN,40,33,5,5,73,10,0.6116504854368932,toxic
FFCLVFGF,38,35,5,5,73,10,0.6116504854368932,toxic
FYILRYLY,44,29,5,5,73,10,0.6116504854368932,toxic
CYYCIVLR,33,22,1,2,55,3,0.611764705882353,toxic
SFLHFFFC,36,19,2,1,55,3,0.611764705882353,toxic
YIFCCLYF,34,21,0,3,55,3,0.611764705882353,toxic
ICVCVLRV,36,19,3,0,55,3,0.611764705882353,toxic
VIYVVCIG,32,23,1,2,55,3,0.611764705882353,toxic
VISIFFCI,34,21,2,1,55,3,0.611764705882353,toxic
IVCFLRVC,30,25,2,1,55,3,0.611764705882353,toxic
GLIYVCVV,31,24,3,0,55,3,0.611764705882353,toxic
FIICVCRC,35,20,0,3,55,3,0.611764705882353,toxic
HVCYFVLG,36,19,3,0,55,3,0.611764705882353,toxic
FVIRFHCI,35,20,2,1,55,3,0.611764705882353,toxic
DGFIRFSY,68,54,11,18,122,29,0.6118421052631579,toxic
CFFCDICN,49,55,7,15,104,22,0.6119402985074627,toxic
CYVINLLL,52,34,7,8,86,15,0.6120689655172413,toxic
YIVCHVGF,52,34,8,7,86,15,0.6120689655172413,toxic
CFCYHHCC,48,38,7,8,86,15,0.6120689655172413,toxic
CYVCCFGY,75,60,12,22,135,34,0.6121212121212121,toxic
IFRRFCRC,43,25,4,4,68,8,0.6122448979591837,toxic
HRLYFRCF,37,31,6,2,68,8,0.6122448979591837,toxic
VIIFGCVC,41,27,3,5,68,8,0.6122448979591837,toxic
DGIVLIVI,37,31,3,5,68,8,0.6122448979591837,toxic
NVVIFGYF,39,29,3,5,68,8,0.6122448979591837,toxic
YFRFLILF,38,30,2,6,68,8,0.6122448979591837,toxic
YIVCRDSF,39,29,6,2,68,8,0.6122448979591837,toxic
CNGRCFLL,59,40,13,7,99,20,0.6124031007751938,toxic
FYFFGYGL,29,21,1,0,50,1,0.6125,toxic
NCIYVYVR,33,17,0,1,50,1,0.6125,toxic
NIYFYYVN,31,19,1,0,50,1,0.6125,toxic
IFFFLFGN,34,16,0,1,50,1,0.6125,toxic
YLIVFSRV,34,16,0,1,50,1,0.6125,toxic
YRSILFIV,26,24,1,0,50,1,0.6125,toxic
FFGFFLFI,32,18,0,1,50,1,0.6125,toxic
YVCFYHLL,30,20,1,0,50,1,0.6125,toxic
VIFYLFCY,28,22,0,1,50,1,0.6125,toxic
FFCLSVSF,34,16,1,0,50,1,0.6125,toxic
CIFFRIRV,28,22,0,1,50,1,0.6125,toxic
RLFGIFRV,33,17,0,1,50,1,0.6125,toxic
DGLFFFLF,20,30,0,1,50,1,0.6125,toxic
FSRFFFFS,29,21,1,0,50,1,0.6125,toxic
FFFLCVYC,26,24,0,1,50,1,0.6125,toxic
FDFFCIFI,34,16,1,0,50,1,0.6125,toxic
LFICIYDL,47,34,5,8,81,13,0.6126126126126126,toxic
CVCFFSYL,49,32,8,5,81,13,0.6126126126126126,toxic
VFFHRVHR,61,51,13,12,112,25,0.6126760563380281,toxic
CVCRLGIV,81,62,21,16,143,37,0.6127167630057804,toxic
VHFICLGR,37,26,2,4,63,6,0.6129032258064516,toxic
YLSFYLFY,40,23,1,5,63,6,0.6129032258064516,toxic
NFCCVICY,41,22,5,1,63,6,0.6129032258064516,toxic
FICFFLIN,38,25,5,1,63,6,0.6129032258064516,toxic
FVFCRIGF,39,24,1,5,63,6,0.6129032258064516,toxic
CILLCYCV,40,23,2,4,63,6,0.6129032258064516,toxic
FCFCVFLC,38,25,5,1,63,6,0.6129032258064516,toxic
FCICFYGS,39,24,1,5,63,6,0.6129032258064516,toxic
LFIIRSFC,35,28,2,4,63,6,0.6129032258064516,toxic
FYVYLYGL,35,28,2,4,63,6,0.6129032258064516,toxic
FHFSHNHI,54,40,11,7,94,18,0.6129032258064516,toxic
FYYVFNLC,40,23,2,4,63,6,0.6129032258064516,toxic
FFCIFVVG,55,39,11,7,94,18,0.6129032258064516,toxic
CVSCCFCV,38,25,5,1,63,6,0.6129032258064516,toxic
YCCCVFVF,41,22,4,2,63,6,0.6129032258064516,toxic
CFHVVIFH,41,22,4,2,63,6,0.6129032258064516,toxic
IIVSVCLS,36,27,3,3,63,6,0.6129032258064516,toxic
FVGCFFRC,35,28,3,3,63,6,0.6129032258064516,toxic
CICCYICF,41,22,3,3,63,6,0.6129032258064516,toxic
HLCYCLFC,37,26,2,4,63,6,0.6129032258064516,toxic
FFCVLYCG,32,31,5,1,63,6,0.6129032258064516,toxic
IFIRYLFH,40,23,2,4,63,6,0.6129032258064516,toxic
FHYSGCGC,70,68,16,19,138,35,0.6130952380952381,toxic
VCCGCFHC,61,46,8,15,107,23,0.6131386861313869,toxic
FCRVRIVC,58,49,8,15,107,23,0.6131386861313869,toxic
CHVFVISF,63,44,9,14,107,23,0.6131386861313869,toxic
CSCVFCVG,62,45,11,12,107,23,0.6131386861313869,toxic
NFVINFYL,63,44,10,13,107,23,0.6131386861313869,toxic
FVFFYFHH,44,32,5,6,76,11,0.6132075471698113,toxic
YVYCVFLC,42,34,8,3,76,11,0.6132075471698113,toxic
FIFVGCCY,47,29,4,7,76,11,0.6132075471698113,toxic
DLFCCYCS,46,30,4,7,76,11,0.6132075471698113,toxic
CDNGICYY,68,52,17,11,120,28,0.6133333333333333,toxic
GGNYNFHY,69,51,12,16,120,28,0.6133333333333333,toxic
FDICRLHY,67,53,13,15,120,28,0.6133333333333333,toxic
FCFVFLFG,53,36,10,6,89,16,0.6134453781512605,toxic
DGVDYFDC,50,39,7,9,89,16,0.6134453781512605,toxic
FCCVCCSF,45,44,4,12,89,16,0.6134453781512605,toxic
LCFCCGCL,54,35,6,10,89,16,0.6134453781512605,toxic
YVCSICFV,52,37,7,9,89,16,0.6134453781512605,toxic
FCVICDFD,69,64,18,15,133,33,0.6134969325153374,toxic
FCFRIYLR,28,30,1,3,58,4,0.6136363636363636,toxic
RFVFFVCG,35,23,2,2,58,4,0.6136363636363636,toxic
RYSCCCRI,58,44,10,11,102,21,0.6136363636363636,toxic
FLSICFVF,35,23,2,2,58,4,0.6136363636363636,toxic
YFCGIYFF,37,21,1,3,58,4,0.6136363636363636,toxic
GVFVVYRF,38,20,1,3,58,4,0.6136363636363636,toxic
IFVVLFCH,38,20,2,2,58,4,0.6136363636363636,toxic
RFLIVVSG,30,28,4,0,58,4,0.6136363636363636,toxic
IFIFVCLG,34,24,2,2,58,4,0.6136363636363636,toxic
FYNIVLLN,38,20,1,3,58,4,0.6136363636363636,toxic
CSLFYFGF,34,24,3,1,58,4,0.6136363636363636,toxic
FNHIFLFV,33,25,1,3,58,4,0.6136363636363636,toxic
LFIHFLVF,36,22,3,1,58,4,0.6136363636363636,toxic
LCHFFVVL,35,23,3,1,58,4,0.6136363636363636,toxic
VCCLRFCC,43,28,4,5,71,9,0.6138613861386139,toxic
HICIVFCV,45,26,7,2,71,9,0.6138613861386139,toxic
FVVCIVCC,42,29,4,5,71,9,0.6138613861386139,toxic
HFCVCVGF,43,28,4,5,71,9,0.6138613861386139,toxic
YYFGLILI,37,34,4,5,71,9,0.6138613861386139,toxic
IRFFFYVH,45,26,2,7,71,9,0.6138613861386139,toxic
VCYCVYVL,45,26,2,7,71,9,0.6138613861386139,toxic
FFVVYCVI,45,26,4,5,71,9,0.6138613861386139,toxic
FSYCFFCL,43,28,4,5,71,9,0.6138613861386139,toxic
HVCISIVL,44,27,5,4,71,9,0.6138613861386139,toxic
FCILRYIH,41,30,1,8,71,9,0.6138613861386139,toxic
YIFVDVCC,72,56,15,16,128,31,0.6139240506329114,toxic
VFIFDVFC,77,64,14,22,141,36,0.6140350877192983,toxic
VYVVRHYV,49,35,3,11,84,14,0.6140350877192983,toxic
CFYVSRFF,45,39,8,6,84,14,0.6140350877192983,toxic
CCFFSCCC,60,50,9,15,110,24,0.6142857142857143,toxic
YYIYFLCR,31,22,2,0,53,2,0.6144578313253012,toxic
VVYFRFFI,31,22,1,1,53,2,0.6144578313253012,toxic
FFVFYCSC,34,19,1,1,53,2,0.6144578313253012,toxic
CYCVYCRL,27,26,1,1,53,2,0.6144578313253012,toxic
FFIFFFGY,34,19,1,1,53,2,0.6144578313253012,toxic
FIVCFIRF,27,26,1,1,53,2,0.6144578313253012,toxic
LLLIFFGV,33,20,1,1,53,2,0.6144578313253012,toxic
ICIVYFVC,35,18,0,2,53,2,0.6144578313253012,toxic
LFIFLYFF,32,21,1,1,53,2,0.6144578313253012,toxic
YDGVYFFF,35,18,1,1,53,2,0.6144578313253012,toxic
CIISIILV,26,27,0,2,53,2,0.6144578313253012,toxic
VFCCRIYI,30,23,1,1,53,2,0.6144578313253012,toxic
FRIFVYVR,31,22,1,1,53,2,0.6144578313253012,toxic
RLFGCCCR,119,100,29,37,219,66,0.6144578313253012,toxic
FICFCFFI,33,20,0,2,53,2,0.6144578313253012,toxic
YCFFLIVF,35,18,1,1,53,2,0.6144578313253012,toxic
IIYLFIVI,32,21,1,1,53,2,0.6144578313253012,toxic
FFRCFCIR,24,29,1,1,53,2,0.6144578313253012,toxic
FYFVCCFL,31,22,2,0,53,2,0.6144578313253012,toxic
FFDFCIFV,34,19,0,2,53,2,0.6144578313253012,toxic
SLIVIVSI,37,29,3,4,66,7,0.6145833333333334,toxic
FLCFCICY,37,29,3,4,66,7,0.6145833333333334,toxic
FYIFVFLI,40,26,4,3,66,7,0.6145833333333334,toxic
FGFFCICY,42,24,4,3,66,7,0.6145833333333334,toxic
FRFIIFFS,41,25,4,3,66,7,0.6145833333333334,toxic
LHVVVFCV,37,29,4,3,66,7,0.6145833333333334,toxic
FNVFFLSC,36,30,1,6,66,7,0.6145833333333334,toxic
YYIIRLVY,40,26,1,6,66,7,0.6145833333333334,toxic
FCRICLFC,41,25,2,5,66,7,0.6145833333333334,toxic
FLCFIGYV,39,27,2,5,66,7,0.6145833333333334,toxic
DICLVYND,47,32,4,8,79,12,0.6146788990825688,toxic
FCCCFSFF,47,32,6,6,79,12,0.6146788990825688,toxic
CSCFDYII,46,33,5,7,79,12,0.6146788990825688,toxic
LDYIFCGF,45,34,2,10,79,12,0.6146788990825688,toxic
FYIIYCCC,48,31,7,5,79,12,0.6146788990825688,toxic
CICLSFLV,51,41,7,10,92,17,0.6147540983606558,toxic
FCCCFCVV,54,38,6,11,92,17,0.6147540983606558,toxic
LRCCGCYY,58,47,11,11,105,22,0.6148148148148148,toxic
DFVCDYDL,67,51,17,10,118,27,0.6148648648648649,toxic
YYGHYDLD,75,56,17,15,131,32,0.6149068322981367,toxic
FCIYVYVI,37,24,0,5,61,5,0.6153846153846154,toxic
FYDFFFGC,39,22,3,2,61,5,0.6153846153846154,toxic
SGCFCCSG,73,66,17,18,139,35,0.6153846153846154,toxic
NIVHVICV,44,30,9,1,74,10,0.6153846153846154,toxic
GDFLVILL,26,22,0,0,48,0,0.6153846153846154,toxic
FICIRVCH,28,20,0,0,48,0,0.6153846153846154,toxic
HCVYCVYV,48,39,9,6,87,15,0.6153846153846154,toxic
VHFLFLDV,63,63,17,13,126,30,0.6153846153846154,toxic
IFFLFVRV,32,16,0,0,48,0,0.6153846153846154,toxic
LFVFLCCC,40,21,2,3,61,5,0.6153846153846154,toxic
FCFCVRIR,29,19,0,0,48,0,0.6153846153846154,toxic
LYRVVYGD,61,52,11,14,113,25,0.6153846153846154,toxic
IFIYYYYV,37,24,3,2,61,5,0.6153846153846154,toxic
FFFCVSCF,28,20,0,0,48,0,0.6153846153846154,toxic
FFNVYCVF,39,22,2,3,61,5,0.6153846153846154,toxic
FFFLFFGI,27,21,0,0,48,0,0.6153846153846154,toxic
CCLYCCFV,45,29,6,4,74,10,0.6153846153846154,toxic
FFVLIICC,38,23,4,1,61,5,0.6153846153846154,toxic
FLCFRYFF,31,17,0,0,48,0,0.6153846153846154,toxic
FCVVFYCY,32,29,2,3,61,5,0.6153846153846154,toxic
ICYYVYVC,39,22,1,4,61,5,0.6153846153846154,toxic
CVYFFVHV,42,32,3,7,74,10,0.6153846153846154,toxic
YVNLIFVC,32,29,2,3,61,5,0.6153846153846154,toxic
CYIIFLRF,41,33,8,2,74,10,0.6153846153846154,toxic
CYVCYCDL,53,34,7,8,87,15,0.6153846153846154,toxic
CFNVLCLC,76,58,15,18,134,33,0.6158536585365854,toxic
IYCFCSRC,71,63,16,17,134,33,0.6158536585365854,toxic
LIYCCGFC,66,55,14,14,121,28,0.6158940397350994,toxic
YNNIFHDC,57,51,13,10,108,23,0.6159420289855072,toxic
LDYRLYRF,62,46,13,10,108,23,0.6159420289855072,toxic
CGLYYIRI,43,39,4,9,82,13,0.6160714285714286,toxic
VCGFLFCL,46,36,4,9,82,13,0.6160714285714286,toxic
FCCLYGLY,48,34,7,6,82,13,0.6160714285714286,toxic
ICGFVLLR,48,34,6,7,82,13,0.6160714285714286,toxic
FVVVSLFR,49,33,4,9,82,13,0.6160714285714286,toxic
FRFNGGYY,40,29,5,3,69,8,0.6161616161616161,toxic
VVCFHFIG,43,26,2,6,69,8,0.6161616161616161,toxic
CYVYVSIN,43,26,3,5,69,8,0.6161616161616161,toxic
FYRFCSFI,36,33,5,3,69,8,0.6161616161616161,toxic
IIFLGIRY,38,31,5,3,69,8,0.6161616161616161,toxic
GFFCIFYV,42,27,4,4,69,8,0.6161616161616161,toxic
CYSCFRIF,38,31,4,4,69,8,0.6161616161616161,toxic
FFFFFIYD,42,27,3,5,69,8,0.6161616161616161,toxic
FCIIFYCN,41,28,6,2,69,8,0.6161616161616161,toxic
VIIVCCIF,41,28,3,5,69,8,0.6161616161616161,toxic
FFYFLIDC,38,31,1,7,69,8,0.6161616161616161,toxic
HYFLVSYY,42,27,6,2,69,8,0.6161616161616161,toxic
FNCVIYYL,37,19,1,2,56,3,0.6162790697674418,toxic
FSLVIHVC,36,20,2,1,56,3,0.6162790697674418,toxic
FYLIVFIV,34,22,2,1,56,3,0.6162790697674418,toxic
IRICVCGF,35,21,2,1,56,3,0.6162790697674418,toxic
FCYFCSFV,33,23,3,0,56,3,0.6162790697674418,toxic
FFVYFFCF,36,20,0,3,56,3,0.6162790697674418,toxic
FCNYLIFV,36,20,0,3,56,3,0.6162790697674418,toxic
GCYYLIRF,34,22,1,2,56,3,0.6162790697674418,toxic
LVICCFFG,34,22,1,2,56,3,0.6162790697674418,toxic
YVVRLCFF,34,22,0,3,56,3,0.6162790697674418,toxic
FCFYFIVV,36,20,3,0,56,3,0.6162790697674418,toxic
FYFCLFVG,34,22,2,1,56,3,0.6162790697674418,toxic
FFCFNCCS,60,43,10,11,103,21,0.6165413533834586,toxic
CFICVNCL,61,42,13,8,103,21,0.6165413533834586,toxic
CVIFCSVC,61,42,10,11,103,21,0.6165413533834586,toxic
CFDLFICV,61,42,10,11,103,21,0.6165413533834586,toxic
VFLLYFGH,60,43,11,10,103,21,0.6165413533834586,toxic
FFYVFSFC,60,43,6,15,103,21,0.6165413533834586,toxic
HIHYIVSL,90,73,17,27,163,44,0.616580310880829,toxic
FGISVFLR,52,38,8,8,90,16,0.6166666666666667,toxic
FDFCSCCI,54,36,10,6,90,16,0.6166666666666667,toxic
IRVVYYHH,52,38,9,7,90,16,0.6166666666666667,toxic
LSCCVILR,54,36,7,9,90,16,0.6166666666666667,toxic
CCGCYRFY,49,41,9,7,90,16,0.6166666666666667,toxic
VIFCGGFC,40,37,4,7,77,11,0.616822429906542,toxic
YFVFVCSF,42,35,6,5,77,11,0.616822429906542,toxic
RRVLFIVG,42,35,6,5,77,11,0.616822429906542,toxic
VCVCFFVI,45,32,6,5,77,11,0.616822429906542,toxic
FFGHYIFF,47,30,3,8,77,11,0.616822429906542,toxic
FCIYFCIY,41,36,6,5,77,11,0.616822429906542,toxic
CYCFGSYF,47,30,8,3,77,11,0.616822429906542,toxic
FVGCFYIY,48,29,4,7,77,11,0.616822429906542,toxic
FCLCLYNY,41,23,4,2,64,6,0.6170212765957447,toxic
LCIFCVGC,41,23,3,3,64,6,0.6170212765957447,toxic
CFVCHYCF,40,24,1,5,64,6,0.6170212765957447,toxic
LCVRFVRY,37,27,1,5,64,6,0.6170212765957447,toxic
CDHLCSCY,110,95,28,32,205,60,0.6170212765957447,toxic
NVCYIIGL,40,24,4,2,64,6,0.6170212765957447,toxic
GFCVICSC,79,66,23,14,145,37,0.6171428571428571,toxic
YYVHYSIG,81,64,19,18,145,37,0.6171428571428571,toxic
FVRCLYGF,57,41,8,11,98,19,0.6171875,toxic
FYFFLLCD,34,17,1,0,51,1,0.6172839506172839,toxic
FRLFCFLH,33,18,0,1,51,1,0.6172839506172839,toxic
GFHFCFFF,32,19,1,0,51,1,0.6172839506172839,toxic
FFFIHIFG,34,17,0,1,51,1,0.6172839506172839,toxic
LFFFCSLI,33,18,0,1,51,1,0.6172839506172839,toxic
FCFLFLCL,30,21,0,1,51,1,0.6172839506172839,toxic
LCFLVDIH,75,57,15,17,132,32,0.6172839506172839,toxic
RFFFIYFL,32,19,1,0,51,1,0.6172839506172839,toxic
FYFFYVCI,32,19,0,1,51,1,0.6172839506172839,toxic
FYLRFFFV,29,22,1,0,51,1,0.6172839506172839,toxic
CRCVSFYL,74,58,15,17,132,32,0.6172839506172839,toxic
FFFNCFCL,34,17,1,0,51,1,0.6172839506172839,toxic
CFVCRRCH,33,18,0,1,51,1,0.6172839506172839,toxic
FFSFIVIN,30,21,0,1,51,1,0.6172839506172839,toxic
FHHIFLVF,35,16,1,0,51,1,0.6172839506172839,toxic
LIFCLYCG,27,24,0,1,51,1,0.6172839506172839,toxic
CSCCFLRH,52,33,6,8,85,14,0.6173913043478261,toxic
VVFFVVLG,44,41,7,7,85,14,0.6173913043478261,toxic
LCLFVSYC,48,37,9,5,85,14,0.6173913043478261,toxic
FYVFCVFF,52,33,5,9,85,14,0.6173913043478261,toxic
YLLISFII,43,29,1,8,72,9,0.6176470588235294,toxic
FRCCCIGC,61,45,10,12,106,22,0.6176470588235294,toxic
CIGCCSCF,43,29,3,6,72,9,0.6176470588235294,toxic
LVYIVICR,44,28,3,6,72,9,0.6176470588235294,toxic
FCYLYCCY,43,29,3,6,72,9,0.6176470588235294,toxic
CLIVVCLD,36,36,3,6,72,9,0.6176470588235294,toxic
YHVGFLVY,40,32,2,7,72,9,0.6176470588235294,toxic
CICCVRCG,41,31,2,7,72,9,0.6176470588235294,toxic
LCCFCGCN,90,71,20,23,161,43,0.6178010471204188,toxic
RVYCVVVC,33,26,1,3,59,4,0.6179775280898876,toxic
RYFCIFVV,35,24,1,3,59,4,0.6179775280898876,toxic
YFFCVVVY,31,28,0,4,59,4,0.6179775280898876,toxic
CFVFIFVY,39,20,1,3,59,4,0.6179775280898876,toxic
GYYCVLCV,34,25,1,3,59,4,0.6179775280898876,toxic
FLDVYVLF,34,25,1,3,59,4,0.6179775280898876,toxic
IDCVFYYF,31,28,4,0,59,4,0.6179775280898876,toxic
CYLICLIS,38,21,0,4,59,4,0.6179775280898876,toxic
YRLFHILV,38,21,1,3,59,4,0.6179775280898876,toxic
IFDCVFYC,82,66,14,24,148,38,0.6179775280898876,toxic
VIYIRFCD,36,23,1,3,59,4,0.6179775280898876,toxic
LRYIFCLR,30,29,3,1,59,4,0.6179775280898876,toxic
FVFCLVII,36,23,1,3,59,4,0.6179775280898876,toxic
FCFLICLV,36,23,1,3,59,4,0.6179775280898876,toxic
FVYFVCRG,37,22,1,3,59,4,0.6179775280898876,toxic
FCLLLYFI,28,31,3,1,59,4,0.6179775280898876,toxic
YIFNVIVL,35,24,2,2,59,4,0.6179775280898876,toxic
CFVCCYIY,36,23,1,3,59,4,0.6179775280898876,toxic
YHCRLCCF,60,54,13,12,114,25,0.6180555555555556,toxic
YCYHCCRV,43,37,5,7,80,12,0.6181818181818182,toxic
NLIFVSVL,47,33,9,3,80,12,0.6181818181818182,toxic
YSICCLYV,48,32,4,8,80,12,0.6181818181818182,toxic
CCFFFIVC,47,33,7,5,80,12,0.6181818181818182,toxic
GFSLIYVV,45,35,4,8,80,12,0.6181818181818182,toxic
HLYSCLIR,69,53,16,12,122,28,0.618421052631579,toxic
CFVVCYLC,43,24,4,3,67,7,0.6185567010309279,toxic
FLIVSRYL,37,30,3,4,67,7,0.6185567010309279,toxic
YFVFDYFI,36,31,1,6,67,7,0.6185567010309279,toxic
CSICVVFF,36,31,4,3,67,7,0.6185567010309279,toxic
FGFIYVCL,39,28,2,5,67,7,0.6185567010309279,toxic
YSCVCVFF,42,25,2,5,67,7,0.6185567010309279,toxic
FFVLGICL,43,24,4,3,67,7,0.6185567010309279,toxic
FLCVIFCC,39,28,4,3,67,7,0.6185567010309279,toxic
VCFILCRS,40,27,2,5,67,7,0.6185567010309279,toxic
FVVICNGF,37,30,2,5,67,7,0.6185567010309279,toxic
CDCCFHCC,51,37,5,10,88,15,0.6186440677966102,toxic
FFCVVCGL,53,35,8,7,88,15,0.6186440677966102,toxic
FFVIVCVV,53,35,7,8,88,15,0.6186440677966102,toxic
ICLILNNF,63,46,11,12,109,23,0.6187050359712231,toxic
YYYFCCGF,59,50,9,14,109,23,0.6187050359712231,toxic
YLCYCFVS,64,45,9,14,109,23,0.6187050359712231,toxic
SILLCINV,64,45,11,12,109,23,0.6187050359712231,toxic
VCCYGILI,82,69,20,19,151,39,0.6187845303867403,toxic
FCCVCILG,47,28,7,3,75,10,0.6190476190476191,toxic
FDFDVHGV,41,34,4,6,75,10,0.6190476190476191,toxic
GCNYFIRF,35,19,0,2,54,2,0.6190476190476191,toxic
LIFFFNRG,30,24,1,1,54,2,0.6190476190476191,toxic
CIFHFYVY,42,33,9,1,75,10,0.6190476190476191,toxic
SYIVFCSY,45,30,3,7,75,10,0.6190476190476191,toxic
CILFCCFD,46,29,4,6,75,10,0.6190476190476191,toxic
VFNVFCVF,46,29,7,3,75,10,0.6190476190476191,toxic
LSVCYSDV,66,51,10,16,117,26,0.6190476190476191,toxic
CLVYVRLI,30,24,2,0,54,2,0.6190476190476191,toxic
LFFCCCIF,35,19,1,1,54,2,0.6190476190476191,toxic
FDSINYGL,50,46,10,8,96,18,0.6190476190476191,toxic
CIHCYFLY,57,39,7,11,96,18,0.6190476190476191,toxic
FFFVCSIF,31,23,0,2,54,2,0.6190476190476191,toxic
YFFYFLYF,33,21,0,2,54,2,0.6190476190476191,toxic
YFCCHIVI,33,21,2,0,54,2,0.6190476190476191,toxic
FSVCCYVC,47,28,4,6,75,10,0.6190476190476191,toxic
FYVGYRFF,34,20,2,0,54,2,0.6190476190476191,toxic
GYYICFVF,34,20,1,1,54,2,0.6190476190476191,toxic
YCCCVIFC,36,18,0,2,54,2,0.6190476190476191,toxic
CFFFCIFG,30,24,0,2,54,2,0.6190476190476191,toxic
YCSHFYGR,82,64,18,19,146,37,0.6193181818181818,toxic
HGCGVYDL,61,43,13,8,104,21,0.6194029850746269,toxic
ICIRVIRH,61,43,15,6,104,21,0.6194029850746269,toxic
SCCRYRIF,59,45,12,9,104,21,0.6194029850746269,toxic
FLYCNCCH,51,32,8,5,83,13,0.6194690265486725,toxic
VFLFCVCV,45,38,5,8,83,13,0.6194690265486725,toxic
FLVYCYLC,51,32,7,6,83,13,0.6194690265486725,toxic
RCRLCYCC,44,39,4,9,83,13,0.6194690265486725,toxic
YIGLGVYF,48,35,4,9,83,13,0.6194690265486725,toxic
FCSVVYFI,48,35,7,6,83,13,0.6194690265486725,toxic
FYFLCIVR,32,30,0,5,62,5,0.6195652173913043,toxic
FVFVFVFI,40,22,2,3,62,5,0.6195652173913043,toxic
FCFVYFIV,36,26,1,4,62,5,0.6195652173913043,toxic
CFCCIICV,35,27,4,1,62,5,0.6195652173913043,toxic
FFYFCCFC,33,29,3,2,62,5,0.6195652173913043,toxic
CCCVFFFI,39,23,3,2,62,5,0.6195652173913043,toxic
LRVCCVFC,38,24,2,3,62,5,0.6195652173913043,toxic
YCCVYIYG,40,22,2,3,62,5,0.6195652173913043,toxic
CYLYFLII,36,26,2,3,62,5,0.6195652173913043,toxic
FCYFYVYL,34,28,2,3,62,5,0.6195652173913043,toxic
LCCFGCNY,38,24,1,4,62,5,0.6195652173913043,toxic
CCFFCLSF,40,22,4,1,62,5,0.6195652173913043,toxic
SIDVFYYL,63,49,10,14,112,24,0.6197183098591549,toxic
DFVLRHCF,101,82,26,25,183,51,0.6197183098591549,toxic
FCFGCCVG,53,38,9,7,91,16,0.6198347107438017,toxic
IYVRFSSC,55,36,6,10,91,16,0.6198347107438017,toxic
YFVVGIIG,52,39,8,8,91,16,0.6198347107438017,toxic
CCFFGFVC,54,37,7,9,91,16,0.6198347107438017,toxic
LCVFLCYG,103,88,28,26,191,54,0.6199095022624435,toxic
CLIFVFIH,43,27,5,3,70,8,0.62,toxic
ILVCVVLY,43,27,5,3,70,8,0.62,toxic
CGFCCCVL,40,30,4,4,70,8,0.62,toxic
FRILICGY,42,28,3,5,70,8,0.62,toxic
FIVICFLF,43,27,4,4,70,8,0.62,toxic
LYRCYCCV,43,27,5,3,70,8,0.62,toxic
SIVRFCCH,67,53,16,11,120,27,0.62,toxic
FHFCGCCV,67,53,10,17,120,27,0.62,toxic
YLYCVYRC,57,42,12,7,99,19,0.6201550387596899,toxic
VHYCFCIN,58,41,6,13,99,19,0.6201550387596899,toxic
VYNDSYYR,57,42,9,10,99,19,0.6201550387596899,toxic
FFVSYCFC,31,18,0,0,49,0,0.620253164556962,toxic
FRFFVCRF,32,17,0,0,49,0,0.620253164556962,toxic
FVFFHLFF,33,16,0,0,49,0,0.620253164556962,toxic
YFFRLFRC,26,23,0,0,49,0,0.620253164556962,toxic
LVFVGVII,30,19,0,0,49,0,0.620253164556962,toxic
FFLYFFLF,32,17,0,0,49,0,0.620253164556962,toxic
FFFFVFCF,30,19,0,0,49,0,0.620253164556962,toxic
FICILLSL,30,19,0,0,49,0,0.620253164556962,toxic
FVCCRICY,34,15,0,0,49,0,0.620253164556962,toxic
CCLCFLRL,34,15,0,0,49,0,0.620253164556962,toxic
VFVCFYFR,42,36,7,4,78,11,0.6203703703703703,toxic
VLNYDYDC,46,32,5,6,78,11,0.6203703703703703,toxic
FNCFRNHF,46,32,7,4,78,11,0.6203703703703703,toxic
FCFRSVVY,47,31,5,6,78,11,0.6203703703703703,toxic
GCLNCILI,61,46,11,11,107,22,0.6204379562043796,toxic
ICFCCVRV,62,45,9,13,107,22,0.6204379562043796,toxic
FVFYCDCC,62,45,12,10,107,22,0.6204379562043796,toxic
CVLGFCFL,31,26,1,2,57,3,0.6206896551724138,toxic
VGYVVLYR,50,36,4,10,86,14,0.6206896551724138,toxic
FFFVNFVC,36,21,2,1,57,3,0.6206896551724138,toxic
LICSCILL,50,36,4,10,86,14,0.6206896551724138,toxic
FRFCIIHY,33,24,1,2,57,3,0.6206896551724138,toxic
DLIFFCII,37,20,2,1,57,3,0.6206896551724138,toxic
SICVYFHL,36,21,1,2,57,3,0.6206896551724138,toxic
SVFFFRSF,66,49,13,12,115,25,0.6206896551724138,toxic
IFCFFIFG,35,22,1,2,57,3,0.6206896551724138,toxic
FCIHCGSC,65,50,14,11,115,25,0.6206896551724138,toxic
FVCCCYGI,50,36,2,12,86,14,0.6206896551724138,toxic
FFFCFLRC,33,24,1,2,57,3,0.6206896551724138,toxic
CYVHIYVF,37,20,1,2,57,3,0.6206896551724138,toxic
FFIVFFRC,37,20,1,2,57,3,0.6206896551724138,toxic
CFRLYLLH,40,25,2,4,65,6,0.6210526315789474,toxic
FFVCLCCI,41,24,2,4,65,6,0.6210526315789474,toxic
YVLYCCHF,39,26,4,2,65,6,0.6210526315789474,toxic
FFRCCLVC,37,28,4,2,65,6,0.6210526315789474,toxic
CYVCFYIY,36,29,1,5,65,6,0.6210526315789474,toxic
HFVVCIYL,38,27,3,3,65,6,0.6210526315789474,toxic
CSCSCCGC,87,73,20,22,160,42,0.6210526315789474,toxic
RVVVYYIF,41,24,2,4,65,6,0.6210526315789474,toxic
VFCLLFCF,38,27,1,5,65,6,0.6210526315789474,toxic
FDLCIFIC,37,28,2,4,65,6,0.6210526315789474,toxic
CFVVCRIV,41,24,3,3,65,6,0.6210526315789474,toxic
FFIGVCVC,40,25,2,4,65,6,0.6210526315789474,toxic
FVFCCVVC,32,33,3,3,65,6,0.6210526315789474,toxic
LCVCVYIV,42,23,4,2,65,6,0.6210526315789474,toxic
FFVYFFCH,42,23,3,3,65,6,0.6210526315789474,toxic
CIFYRVRC,60,42,16,4,102,20,0.6212121212121212,toxic
CFNYHCVR,67,72,18,16,139,34,0.621301775147929,toxic
CCIFVCGF,45,28,4,5,73,9,0.6213592233009708,toxic
FLFVFVLC,46,27,5,4,73,9,0.6213592233009708,toxic
YFICCCSH,43,30,7,2,73,9,0.6213592233009708,toxic
YVCLIICD,45,28,3,6,73,9,0.6213592233009708,toxic
VIIYCLHL,42,31,5,4,73,9,0.6213592233009708,toxic
SCCYCGIC,81,66,16,21,147,37,0.6214689265536724,toxic
FYGLVCFF,45,36,4,8,81,12,0.6216216216216216,toxic
VFICVIIY,48,33,4,8,81,12,0.6216216216216216,toxic
IIVCRYVG,42,39,3,9,81,12,0.6216216216216216,toxic
LHYLICHL,50,31,5,7,81,12,0.6216216216216216,toxic
IGYFFCIL,43,38,5,7,81,12,0.6216216216216216,toxic
VYYVCCCF,44,37,4,8,81,12,0.6216216216216216,toxic
FVLNCSNY,54,35,5,10,89,15,0.6218487394957983,toxic
FIFLFYGV,54,35,6,9,89,15,0.6218487394957983,toxic
ISCFVVCN,50,39,10,5,89,15,0.6218487394957983,toxic
NFVLSFFF,34,18,1,0,52,1,0.6219512195121951,toxic
FFCFNFFV,29,23,1,0,52,1,0.6219512195121951,toxic
LCIRVFLS,35,17,1,0,52,1,0.6219512195121951,toxic
FYLFVYGY,34,18,1,0,52,1,0.6219512195121951,toxic
IYFFIRSF,30,22,1,0,52,1,0.6219512195121951,toxic
CRFFFFRF,34,18,0,1,52,1,0.6219512195121951,toxic
FFCFVCIV,35,17,0,1,52,1,0.6219512195121951,toxic
IFFFFSGR,34,18,1,0,52,1,0.6219512195121951,toxic
FLYRVLIC,32,20,0,1,52,1,0.6219512195121951,toxic
LIVVHLVF,32,20,1,0,52,1,0.6219512195121951,toxic
VLIRYRCF,55,42,7,11,97,18,0.6220472440944882,toxic
NFIYVCVY,55,42,5,13,97,18,0.6220472440944882,toxic
ICFVIYGG,53,44,7,11,97,18,0.6220472440944882,toxic
YYCHSFGH,77,65,15,20,142,35,0.622093023255814,toxic
FFSLILDV,73,69,16,19,142,35,0.622093023255814,toxic
FVFYCVCV,39,21,3,1,60,4,0.6222222222222222,toxic
VLYVFCFR,33,27,0,4,60,4,0.6222222222222222,toxic
FCLCFVSV,35,25,2,2,60,4,0.6222222222222222,toxic
ICFLFLCH,36,24,2,2,60,4,0.6222222222222222,toxic
YFFLVFLV,35,25,3,1,60,4,0.6222222222222222,toxic
IVCVYRLY,37,23,1,3,60,4,0.6222222222222222,toxic
FFVIFIIC,35,25,1,3,60,4,0.6222222222222222,toxic
FYCICSVI,32,28,2,2,60,4,0.6222222222222222,toxic
CRFCFCFC,33,27,2,2,60,4,0.6222222222222222,toxic
CIFIVFRY,38,22,1,3,60,4,0.6222222222222222,toxic
GYFNVYFF,38,22,1,3,60,4,0.6222222222222222,toxic
YYCLYLSY,37,23,3,1,60,4,0.6222222222222222,toxic
CFCFLRYY,64,49,11,13,113,24,0.6223776223776224,toxic
FLCFVCDC,66,47,9,15,113,24,0.6223776223776224,toxic
VFVCRNCL,112,99,34,27,211,61,0.6224066390041494,toxic
LHCVCVHY,39,29,4,3,68,7,0.6224489795918368,toxic
VLVLVVFC,38,30,3,4,68,7,0.6224489795918368,toxic
CLFDIYLF,41,27,3,4,68,7,0.6224489795918368,toxic
CFCLSCIY,42,26,2,5,68,7,0.6224489795918368,toxic
FSFIGVII,42,26,4,3,68,7,0.6224489795918368,toxic
VCGYLIFV,41,27,2,5,68,7,0.6224489795918368,toxic
LCVYCFVC,36,32,1,6,68,7,0.6224489795918368,toxic
FCFVVYFC,40,28,1,6,68,7,0.6224489795918368,toxic
FVLRCDIY,47,29,4,6,76,10,0.6226415094339622,toxic
VRFYFGVY,44,32,4,6,76,10,0.6226415094339622,toxic
FFVLHFCG,41,35,8,2,76,10,0.6226415094339622,toxic
IVLIVLDF,47,29,4,6,76,10,0.6226415094339622,toxic
FLYLYVIC,48,36,5,8,84,13,0.6228070175438597,toxic
CRVCVVCC,47,37,7,6,84,13,0.6228070175438597,toxic
CGFFCSYF,51,33,6,7,84,13,0.6228070175438597,toxic
CDVFGYGG,50,34,6,7,84,13,0.6228070175438597,toxic
CCRCCDGL,54,38,8,8,92,16,0.6229508196721312,toxic
IFGRLICL,55,37,10,6,92,16,0.6229508196721312,toxic
LCIYYHLD,54,38,10,6,92,16,0.6229508196721312,toxic
IIFSCSVY,83,70,21,18,153,39,0.6229508196721312,toxic
CYCCLSVV,57,43,7,12,100,19,0.6230769230769231,toxic
ICCSCLFC,59,41,6,13,100,19,0.6230769230769231,toxic
VLYGYSVR,62,46,8,14,108,22,0.6231884057971014,toxic
CICCRGCY,63,45,9,13,108,22,0.6231884057971014,toxic
FFSGGNFH,64,52,10,15,116,25,0.6232876712328768,toxic
FHCCRSCC,62,54,13,12,116,25,0.6232876712328768,toxic
GCCCFRNC,71,53,19,9,124,28,0.6233766233766234,toxic
FVLCCGLC,68,56,9,19,124,28,0.6233766233766234,toxic
HCICHFCV,69,55,15,13,124,28,0.6233766233766234,toxic
IYVFFYHR,33,22,2,0,55,2,0.6235294117647059,toxic
YLCIFGGC,78,62,15,19,140,34,0.6235294117647059,toxic
FCVLFGLF,26,29,0,2,55,2,0.6235294117647059,toxic
FFFIFFRF,35,20,1,1,55,2,0.6235294117647059,toxic
GLISVFFF,37,18,0,2,55,2,0.6235294117647059,toxic
FVFHVFYV,35,20,0,2,55,2,0.6235294117647059,toxic
FNILFFVF,28,27,2,0,55,2,0.6235294117647059,toxic
IFFIRFYS,35,20,1,1,55,2,0.6235294117647059,toxic
VDIFFIGF,34,21,0,2,55,2,0.6235294117647059,toxic
FFFFSFFC,37,18,1,1,55,2,0.6235294117647059,toxic
CICFVRIC,34,21,2,0,55,2,0.6235294117647059,toxic
RFVGCVFF,39,24,2,3,63,5,0.6236559139784946,toxic
CRVCYRCI,38,25,3,2,63,5,0.6236559139784946,toxic
RFFFFSGF,36,27,2,3,63,5,0.6236559139784946,toxic
FCCFCFIF,33,30,3,2,63,5,0.6236559139784946,toxic
VLCCFVVC,40,23,4,1,63,5,0.6236559139784946,toxic
FFCIIYCN,32,31,2,3,63,5,0.6236559139784946,toxic
FFGSLFGY,38,25,1,4,63,5,0.6236559139784946,toxic
VVIYCLFH,37,26,3,2,63,5,0.6236559139784946,toxic
LHFFYIHI,38,25,2,3,63,5,0.6236559139784946,toxic
VIRVSVFV,45,26,3,5,71,8,0.6237623762376238,toxic
VCCFYIRV,36,35,5,3,71,8,0.6237623762376238,toxic
FFCFCCSH,44,27,5,3,71,8,0.6237623762376238,toxic
FCYVIRIC,43,28,5,3,71,8,0.6237623762376238,toxic
FCCVLCCF,43,28,3,5,71,8,0.6237623762376238,toxic
VLIICVCG,44,27,3,5,71,8,0.6237623762376238,toxic
VCFRFFFN,45,26,3,5,71,8,0.6237623762376238,toxic
GYCCSYYF,43,28,4,4,71,8,0.6237623762376238,toxic
CIVCVFGC,49,30,4,7,79,11,0.6238532110091743,toxic
FLIFCIDY,45,34,9,2,79,11,0.6238532110091743,toxic
CLCRFCFF,45,34,8,3,79,11,0.6238532110091743,toxic
FYYICIVG,46,33,8,3,79,11,0.6238532110091743,toxic
VIYFRIID,43,36,5,6,79,11,0.6238532110091743,toxic
CFFYLSFY,47,32,4,7,79,11,0.6238532110091743,toxic
IHVCICYC,48,39,8,6,87,14,0.6239316239316239,toxic
RSLFVRLY,53,34,9,5,87,14,0.6239316239316239,toxic
VCCSLVVI,49,38,7,7,87,14,0.6239316239316239,toxic
CCDCYCCR,52,35,9,5,87,14,0.6239316239316239,toxic
FCDGFNHV,55,40,7,10,95,17,0.624,toxic
CCSLVCIS,62,49,16,7,111,23,0.624113475177305,toxic
CLLDDYRC,69,58,16,13,127,29,0.6242038216560509,toxic
YFICFVIY,72,55,17,12,127,29,0.6242038216560509,toxic
YNLRLYDI,71,64,18,14,135,32,0.6242424242424243,toxic
VFFYFCFL,38,20,1,2,58,3,0.625,toxic
FFCSVFYF,39,35,4,5,74,9,0.625,toxic
ISFYFDYV,40,26,1,5,66,6,0.625,toxic
LFDFYFGY,46,36,5,7,82,12,0.625,toxic
FCIIIRVF,35,23,1,2,58,3,0.625,toxic
DCFYCLII,45,29,5,4,74,9,0.625,toxic
LIIVSVNI,38,20,3,0,58,3,0.625,toxic
YCCFHCVR,41,25,3,3,66,6,0.625,toxic
GVFRYYCF,41,25,5,1,66,6,0.625,toxic
VVYLSCFC,54,36,6,9,90,15,0.625,toxic
VCLCFCVC,45,29,4,5,74,9,0.625,toxic
CRCVGFIC,45,37,5,7,82,12,0.625,toxic
ILFCCGLF,41,25,3,3,66,6,0.625,toxic
CFYFHLCF,38,20,0,3,58,3,0.625,toxic
YLFIIDVI,34,16,0,0,50,0,0.625,toxic
VCFCCRYN,63,51,15,9,114,24,0.625,toxic
VGLICCVC,52,38,6,9,90,15,0.625,toxic
VFFVFVIC,39,27,2,4,66,6,0.625,toxic
VLVLLFVL,43,31,3,6,74,9,0.625,toxic
LFIVCRFH,35,23,0,3,58,3,0.625,toxic
CFVHIFCC,33,25,0,3,58,3,0.625,toxic
FFFYLFIY,33,25,1,2,58,3,0.625,toxic
GYFCDYCN,127,115,32,40,242,72,0.625,toxic
FFFCCLIV,32,18,0,0,50,0,0.625,toxic
FVCFVGLY,39,27,2,4,66,6,0.625,toxic
CCFCIYIR,38,28,2,4,66,6,0.625,toxic
FFIFVIVF,36,22,3,0,58,3,0.625,toxic
HCVVLFCG,50,48,10,8,98,18,0.625,toxic
FFYYCLIV,38,20,1,2,58,3,0.625,toxic
LCFFCFVG,57,49,4,17,106,21,0.625,toxic
CSCCCFFG,44,38,4,8,82,12,0.625,toxic
CFFGCFFI,42,24,1,5,66,6,0.625,toxic
YLGFLFYV,46,28,4,5,74,9,0.625,toxic
SFIGIFVC,52,38,9,6,90,15,0.625,toxic
FLCRFFFI,29,21,0,0,50,0,0.625,toxic
VCVFYSLY,37,29,4,2,66,6,0.625,toxic
YYCVFIGD,102,84,33,18,186,51,0.625,toxic
FCLSSYRF,55,43,8,10,98,18,0.625,toxic
YIDIVFIN,37,21,2,1,58,3,0.625,toxic
GNIIFIVV,42,24,2,4,66,6,0.625,toxic
CFCCICCY,79,67,14,22,146,36,0.625,toxic
VCYVCYVF,34,32,2,4,66,6,0.625,toxic
FCCVYFNY,56,42,11,7,98,18,0.625,toxic
VFFFCILF,34,16,0,0,50,0,0.625,toxic
CCVFVLLG,44,30,7,2,74,9,0.625,toxic
YHVFGFCY,50,32,5,7,82,12,0.625,toxic
VCCFNYFL,50,32,4,8,82,12,0.625,toxic
FVFCLRFV,29,21,0,0,50,0,0.625,toxic
VHDCDVFI,50,32,6,6,82,12,0.625,toxic
CVNYSFCF,27,23,0,0,50,0,0.625,toxic
CFFHCSVY,96,77,21,25,173,46,0.625615763546798,toxic
HDFHYCGV,84,65,18,19,149,37,0.6256983240223464,toxic
CLIFCCCD,76,65,15,19,141,34,0.6257309941520468,toxic
VICIGYFG,71,54,14,14,125,28,0.6258064516129033,toxic
GIFSGIDY,65,52,9,16,117,25,0.6258503401360545,toxic
LFCFYYFC,63,46,6,16,109,22,0.6258992805755396,toxic
CFCFFISC,63,46,8,14,109,22,0.6258992805755396,toxic
CLYSVRVF,58,43,11,8,101,19,0.6259541984732825,toxic
FCCCCFVL,59,42,9,10,101,19,0.6259541984732825,toxic
FSYYCVYC,54,39,10,6,93,16,0.6260162601626016,toxic
CDFICYLD,48,45,5,11,93,16,0.6260162601626016,toxic
CYCFNCHI,51,34,5,8,85,13,0.6260869565217392,toxic
GCLICLCS,48,37,4,9,85,13,0.6260869565217392,toxic
FGCVSVNY,52,33,7,6,85,13,0.6260869565217392,toxic
VIYCFFCC,45,32,3,7,77,10,0.6261682242990654,toxic
FIVCICYC,42,35,4,6,77,10,0.6261682242990654,toxic
FFCILFLL,45,32,3,7,77,10,0.6261682242990654,toxic
FCVDIFVR,44,33,5,5,77,10,0.6261682242990654,toxic
CYFCFLIF,47,30,5,5,77,10,0.6261682242990654,toxic
FYCICYCR,48,29,3,7,77,10,0.6261682242990654,toxic
YDLYLFFF,44,33,4,6,77,10,0.6261682242990654,toxic
LFNICSFF,40,29,2,5,69,7,0.6262626262626263,toxic
YVFYYLRV,38,31,2,5,69,7,0.6262626262626263,toxic
FFVVGFDF,39,30,2,5,69,7,0.6262626262626263,toxic
CCFRGCVF,41,28,1,6,69,7,0.6262626262626263,toxic
FNVFYFFV,43,26,3,4,69,7,0.6262626262626263,toxic
VFGIVIFH,43,26,4,3,69,7,0.6262626262626263,toxic
LCIYFVCF,37,24,1,3,61,4,0.6263736263736264,toxic
FCYFCDFI,33,28,2,2,61,4,0.6263736263736264,toxic
YVFYFILL,37,24,2,2,61,4,0.6263736263736264,toxic
CYFLIICI,40,21,3,1,61,4,0.6263736263736264,toxic
RFLFICCF,39,22,1,3,61,4,0.6263736263736264,toxic
GIIFFFFN,38,23,2,2,61,4,0.6263736263736264,toxic
CCRRFFLF,38,23,4,0,61,4,0.6263736263736264,toxic
CFFLVVRH,38,23,4,0,61,4,0.6263736263736264,toxic
FCIIHFCV,35,26,1,3,61,4,0.6263736263736264,toxic
FRCCICVI,40,21,1,3,61,4,0.6263736263736264,toxic
YYVIVFSC,40,21,3,1,61,4,0.6263736263736264,toxic
LFCCIICV,36,17,1,0,53,1,0.6265060240963856,toxic
LYICRVII,31,22,1,0,53,1,0.6265060240963856,toxic
GLVFIVSY,34,19,1,0,53,1,0.6265060240963856,toxic
CFFFCLCV,31,22,1,0,53,1,0.6265060240963856,toxic
YCFILFCF,32,21,1,0,53,1,0.6265060240963856,toxic
FCVVVLSF,36,17,1,0,53,1,0.6265060240963856,toxic
LNVVGVFF,114,97,34,26,211,60,0.6265560165975104,toxic
FIIFYCGY,67,53,13,13,120,26,0.6266666666666667,toxic
FGGVVCHY,64,48,12,11,112,23,0.6267605633802817,toxic
NIVYCFDY,123,115,28,42,238,70,0.6268656716417911,toxic
CSVLFCFG,56,48,6,14,104,20,0.6268656716417911,toxic
LFFLCVCN,57,47,8,12,104,20,0.6268656716417911,toxic
VLCVCCVC,57,39,10,7,96,17,0.626984126984127,toxic
FCYGLYVL,51,45,9,8,96,17,0.626984126984127,toxic
VVCIIVSV,50,46,5,12,96,17,0.626984126984127,toxic
FFLYNIRV,55,41,11,6,96,17,0.626984126984127,toxic
GLFYRDCV,53,43,10,7,96,17,0.626984126984127,toxic
CVVYFFDL,45,43,5,9,88,14,0.6271186440677966,toxic
FVRCCRLC,49,39,5,9,88,14,0.6271186440677966,toxic
SFCCCGFC,75,64,15,18,139,33,0.6272189349112426,toxic
VFFCCIYD,45,35,5,6,80,11,0.6272727272727273,toxic
YNFIFLSR,49,31,4,7,80,11,0.6272727272727273,toxic
YYGFIVFC,48,32,5,6,80,11,0.6272727272727273,toxic
LIFVCFVD,47,33,3,8,80,11,0.6272727272727273,toxic
FCCLGCIY,46,34,4,7,80,11,0.6272727272727273,toxic
ICCIVYIC,43,29,5,3,72,8,0.6274509803921569,toxic
CYFFVYLH,42,30,2,6,72,8,0.6274509803921569,toxic
IFVVFFSG,43,29,4,4,72,8,0.6274509803921569,toxic
FLNVFVFF,42,30,2,6,72,8,0.6274509803921569,toxic
IVFCFHCL,38,34,4,4,72,8,0.6274509803921569,toxic
SLLFCCLR,45,27,4,4,72,8,0.6274509803921569,toxic
CFFVLFCC,45,27,6,2,72,8,0.6274509803921569,toxic
CFIVCFFD,40,32,4,4,72,8,0.6274509803921569,toxic
FIYVVYRC,45,27,4,4,72,8,0.6274509803921569,toxic
FFCYFFIC,44,28,3,5,72,8,0.6274509803921569,toxic
VRHCLIVF,44,28,6,2,72,8,0.6274509803921569,toxic
LFLIVGSL,44,28,5,3,72,8,0.6274509803921569,toxic
FCFVSLLY,43,29,2,6,72,8,0.6274509803921569,toxic
FFYCFCCF,36,28,2,3,64,5,0.6276595744680851,toxic
YFDVFFSF,40,24,1,4,64,5,0.6276595744680851,toxic
FCFRVYIS,40,24,2,3,64,5,0.6276595744680851,toxic
LCVFIFCC,39,25,1,4,64,5,0.6276595744680851,toxic
FFVYRFCY,40,24,3,2,64,5,0.6276595744680851,toxic
VYSYRIFL,38,26,2,3,64,5,0.6276595744680851,toxic
YCIVCLIR,36,28,2,3,64,5,0.6276595744680851,toxic
ILVCRYIL,41,23,4,1,64,5,0.6276595744680851,toxic
VFVVGIFC,39,25,1,4,64,5,0.6276595744680851,toxic
VIFIFSDV,38,26,1,4,64,5,0.6276595744680851,toxic
FYIYLHGF,37,27,1,4,64,5,0.6276595744680851,toxic
FFIHLVVR,55,52,11,10,107,21,0.6277372262773723,toxic
CCSYYCRC,63,44,7,14,107,21,0.6277372262773723,toxic
LDDYVRLG,63,44,10,11,107,21,0.6277372262773723,toxic
VVCIHVVC,29,27,0,2,56,2,0.627906976744186,toxic
VFYVCFLR,37,19,2,0,56,2,0.627906976744186,toxic
FLIFFCYF,80,62,17,17,142,34,0.627906976744186,toxic
VVYFFFFR,37,19,1,1,56,2,0.627906976744186,toxic
FFCVCRFY,27,29,1,1,56,2,0.627906976744186,toxic
VLLLGYVY,31,25,0,2,56,2,0.627906976744186,toxic
CRLLYFYF,33,23,0,2,56,2,0.627906976744186,toxic
FVICFRCV,33,23,1,1,56,2,0.627906976744186,toxic
SYDFCVVI,36,20,2,0,56,2,0.627906976744186,toxic
YRYYCFLF,34,22,1,1,56,2,0.627906976744186,toxic
FFCFCSLF,36,20,1,1,56,2,0.627906976744186,toxic
FFYLGFFS,31,25,0,2,56,2,0.627906976744186,toxic
FYVFRCHF,37,19,1,1,56,2,0.627906976744186,toxic
FCFCVIRC,36,20,1,1,56,2,0.627906976744186,toxic
CFFHVLFR,31,25,1,1,56,2,0.627906976744186,toxic
VCCYVYYR,58,41,5,13,99,18,0.627906976744186,toxic
ILYGCLCF,50,41,7,8,91,15,0.628099173553719,toxic
FLFCVDFC,49,34,6,6,83,12,0.6283185840707964,toxic
CVCGYDYF,44,39,5,7,83,12,0.6283185840707964,toxic
CLNCRFVI,51,32,6,6,83,12,0.6283185840707964,toxic
NDIDYVYI,51,32,7,5,83,12,0.6283185840707964,toxic
FYFDYFYF,48,35,5,7,83,12,0.6283185840707964,toxic
FNDRLFSG,45,38,6,6,83,12,0.6283185840707964,toxic
CVYDGGGF,65,53,12,13,118,25,0.6283783783783784,toxic
CCGHSCCY,68,50,14,11,118,25,0.6283783783783784,toxic
YRDRYCYF,83,70,18,20,153,38,0.6284153005464481,toxic
YFCFGICV,43,32,3,6,75,9,0.6285714285714286,toxic
FCRYGFCG,44,31,4,5,75,9,0.6285714285714286,toxic
FFCFISCY,47,28,6,3,75,9,0.6285714285714286,toxic
CCFNCYYL,39,36,3,6,75,9,0.6285714285714286,toxic
FFFVHCFG,45,30,5,4,75,9,0.6285714285714286,toxic
GCCFSGGI,76,61,16,16,137,32,0.6287425149700598,toxic
GVFHIIYY,59,43,9,10,102,19,0.6287878787878788,toxic
VYVVFDLV,55,47,12,7,102,19,0.6287878787878788,toxic
VFVFIFCV,42,25,2,4,67,6,0.6288659793814433,toxic
FHVFYFLY,42,25,3,3,67,6,0.6288659793814433,toxic
FLFLVILS,37,30,4,2,67,6,0.6288659793814433,toxic
VLLCLYSL,43,24,1,5,67,6,0.6288659793814433,toxic
CVGIYVFF,39,28,5,1,67,6,0.6288659793814433,toxic
VLFCILCC,42,25,4,2,67,6,0.6288659793814433,toxic
CCLFIHFS,40,27,3,3,67,6,0.6288659793814433,toxic
FFLGYFLV,37,30,3,3,67,6,0.6288659793814433,toxic
VIRFCYVY,38,29,5,1,67,6,0.6288659793814433,toxic
IILCCRIR,39,28,4,2,67,6,0.6288659793814433,toxic
CVCCRVLI,34,33,1,5,67,6,0.6288659793814433,toxic
LYFVFGLL,43,24,2,4,67,6,0.6288659793814433,toxic
IFVCRFIG,41,26,2,4,67,6,0.6288659793814433,toxic
FYFFGIDY,71,58,19,10,129,29,0.6289308176100629,toxic
DGGYGCFC,67,54,10,16,121,26,0.6291390728476821,toxic
FVFFNCFY,63,58,10,16,121,26,0.6291390728476821,toxic
IDHDGYLC,70,51,11,15,121,26,0.6291390728476821,toxic
VFCFVSLY,28,31,3,0,59,3,0.6292134831460674,toxic
FFISVCFL,39,20,1,2,59,3,0.6292134831460674,toxic
VVFCFYRC,38,21,1,2,59,3,0.6292134831460674,toxic
ISYYFYVF,37,22,1,2,59,3,0.6292134831460674,toxic
VCFFFRIV,35,24,1,2,59,3,0.6292134831460674,toxic
VILRFLCC,39,20,2,1,59,3,0.6292134831460674,toxic
FFIFHYRN,36,23,3,0,59,3,0.6292134831460674,toxic
FVVISYRV,38,21,3,0,59,3,0.6292134831460674,toxic
CYFVCVYF,37,22,1,2,59,3,0.6292134831460674,toxic
VCFVIYVF,37,22,0,3,59,3,0.6292134831460674,toxic
VFINFYVC,51,35,8,5,86,13,0.6293103448275862,toxic
CYIVCLCC,52,34,4,9,86,13,0.6293103448275862,toxic
CYCFCSGR,59,46,13,7,105,20,0.6296296296296297,toxic
LIVRVILI,34,17,0,0,51,0,0.6296296296296297,toxic
CFCYFRHF,45,33,4,6,78,10,0.6296296296296297,toxic
FFFCCCRG,60,45,8,12,105,20,0.6296296296296297,toxic
FYCLRFFF,28,23,0,0,51,0,0.6296296296296297,toxic
FFIGLIRF,31,20,0,0,51,0,0.6296296296296297,toxic
CLVVVIGC,48,30,3,7,78,10,0.6296296296296297,toxic
LCFYCCDC,59,46,8,12,105,20,0.6296296296296297,toxic
YLCFLSFF,47,31,2,8,78,10,0.6296296296296297,toxic
NIVRFLFL,30,21,0,0,51,0,0.6296296296296297,toxic
FVFICFHH,47,31,4,6,78,10,0.6296296296296297,toxic
LVIIVGCC,48,30,5,5,78,10,0.6296296296296297,toxic
GCVFVVHV,35,16,0,0,51,0,0.6296296296296297,toxic
SIYFVFLC,44,34,5,5,78,10,0.6296296296296297,toxic
CFFFIYFV,43,27,2,5,70,7,0.63,toxic
FRVGFIYL,44,26,2,5,70,7,0.63,toxic
FFYGFRIV,35,35,5,2,70,7,0.63,toxic
FFVIGFVL,40,30,2,5,70,7,0.63,toxic
LNCHFFLF,40,30,3,4,70,7,0.63,toxic
FIISVLGY,43,27,3,4,70,7,0.63,toxic
YCFIVFYF,40,30,3,4,70,7,0.63,toxic
LFIFFCCD,43,27,4,3,70,7,0.63,toxic
CCRSCCVL,41,29,2,5,70,7,0.63,toxic
FISNRFDL,64,52,11,13,116,24,0.6301369863013698,toxic
CCCCFNCG,66,50,10,14,116,24,0.6301369863013698,toxic
FRLYVHGY,54,35,8,6,89,14,0.6302521008403361,toxic
VNFLVCVV,54,35,5,9,89,14,0.6302521008403361,toxic
FCHILIGY,48,41,8,6,89,14,0.6302521008403361,toxic
CFVCCFRI,36,26,2,2,62,4,0.6304347826086957,toxic
CCLDVFDV,61,47,14,7,108,21,0.6304347826086957,toxic
FFILFCCH,37,25,1,3,62,4,0.6304347826086957,toxic
VFFGVYIV,33,29,1,3,62,4,0.6304347826086957,toxic
CFFCVFVC,40,22,2,2,62,4,0.6304347826086957,toxic
FIFICYRL,40,22,1,3,62,4,0.6304347826086957,toxic
FVYCCCCV,61,47,6,15,108,21,0.6304347826086957,toxic
LCYCFFGL,62,46,5,16,108,21,0.6304347826086957,toxic
FYYCLFVV,39,23,3,1,62,4,0.6304347826086957,toxic
GYFFIVFV,38,24,2,2,62,4,0.6304347826086957,toxic
IFVFCFFC,36,26,1,3,62,4,0.6304347826086957,toxic
FDFVLCVF,38,24,3,1,62,4,0.6304347826086957,toxic
FCYCGCGL,63,45,9,12,108,21,0.6304347826086957,toxic
RCFVYFVF,38,24,1,3,62,4,0.6304347826086957,toxic
VIVRVIIL,40,22,0,4,62,4,0.6304347826086957,toxic
FYFFNFCY,40,22,2,2,62,4,0.6304347826086957,toxic
CYLFVLYH,61,47,10,11,108,21,0.6304347826086957,toxic
CLIFFYYS,62,46,11,10,108,21,0.6304347826086957,toxic
CCFCIVCN,73,54,9,19,127,28,0.6305732484076433,toxic
CYCRGCVR,72,55,11,17,127,28,0.6305732484076433,toxic
FCLLFVNV,44,37,5,6,81,11,0.6306306306306306,toxic
VFHFVYYV,47,34,3,8,81,11,0.6306306306306306,toxic
CCGCFYVV,45,36,8,3,81,11,0.6306306306306306,toxic
YCCFCCGS,50,31,6,5,81,11,0.6306306306306306,toxic
CNCLIIFV,48,33,7,4,81,11,0.6306306306306306,toxic
IYCFLVYC,40,41,6,5,81,11,0.6306306306306306,toxic
VIVCICFC,48,33,7,4,81,11,0.6306306306306306,toxic
FCFFSIIH,47,34,4,7,81,11,0.6306306306306306,toxic
VFCCHHCI,47,34,6,5,81,11,0.6306306306306306,toxic
CCCLFYVR,57,43,8,10,100,18,0.6307692307692307,toxic
FLHFISVI,55,45,11,7,100,18,0.6307692307692307,toxic
VFLILFCF,31,23,1,0,54,1,0.6309523809523809,toxic
RFCVCIYC,35,19,0,1,54,1,0.6309523809523809,toxic
VVSYRVYF,34,20,1,0,54,1,0.6309523809523809,toxic
FYFYHLSI,30,24,1,0,54,1,0.6309523809523809,toxic
IDYVVFCL,34,20,0,1,54,1,0.6309523809523809,toxic
FFSIYIIR,36,18,1,0,54,1,0.6309523809523809,toxic
FRFYVCIR,31,23,0,1,54,1,0.6309523809523809,toxic
IGCCIFCF,43,30,3,5,73,8,0.6310679611650486,toxic
CVYCCNIL,40,33,3,5,73,8,0.6310679611650486,toxic
IHLIYFCV,45,28,4,4,73,8,0.6310679611650486,toxic
VFVVICIG,38,35,4,4,73,8,0.6310679611650486,toxic
VHFCVYIS,44,29,2,6,73,8,0.6310679611650486,toxic
FDFIVIGL,41,32,3,5,73,8,0.6310679611650486,toxic
FINYFFVV,43,30,5,3,73,8,0.6310679611650486,toxic
IICCCFVI,52,40,9,6,92,15,0.6311475409836066,toxic
CRCGVCFF,50,42,8,7,92,15,0.6311475409836066,toxic
CFSCCFGL,51,41,10,5,92,15,0.6311475409836066,toxic
FIFLVDFY,54,38,8,7,92,15,0.6311475409836066,toxic
IFHCCVCC,55,37,7,8,92,15,0.6311475409836066,toxic
CCVVGFVI,58,53,10,12,111,22,0.6312056737588653,toxic
FYRDVGCC,62,49,10,12,111,22,0.6312056737588653,toxic
VYVGCFVI,74,56,13,16,130,29,0.63125,toxic
FCGIFLFC,58,45,6,13,103,19,0.631578947368421,toxic
DVVVFIHL,46,38,5,7,84,12,0.631578947368421,toxic
FYYDRDYF,68,54,10,16,122,26,0.631578947368421,toxic
CIIIFFCY,35,30,3,2,65,5,0.631578947368421,toxic
CVVFVCRV,51,33,7,5,84,12,0.631578947368421,toxic
YFILCVSC,39,26,2,3,65,5,0.631578947368421,toxic
FFCIHCYV,35,30,2,3,65,5,0.631578947368421,toxic
RFLILFYR,38,27,3,2,65,5,0.631578947368421,toxic
GFLCCIFC,35,30,2,3,65,5,0.631578947368421,toxic
YLCVCSCI,77,64,19,14,141,33,0.631578947368421,toxic
IIVFHIVF,39,26,5,0,65,5,0.631578947368421,toxic
IVIFCFGD,30,35,2,3,65,5,0.631578947368421,toxic
CCDCFCIR,69,53,8,18,122,26,0.631578947368421,toxic
LYFGVFRF,32,33,2,3,65,5,0.631578947368421,toxic
FLVDCDRL,85,67,16,21,152,37,0.6318681318681318,toxic
YDGCDFVV,64,50,11,12,114,23,0.6319444444444444,toxic
FICCCVCC,54,41,6,10,95,16,0.632,toxic
GRCLYLIC,56,39,11,5,95,16,0.632,toxic
YIVSIVLC,37,39,8,1,76,9,0.6320754716981132,toxic
GYYCFCCI,40,36,3,6,76,9,0.6320754716981132,toxic
CIYIGIVY,46,30,6,3,76,9,0.6320754716981132,toxic
IYLCCVIV,47,29,5,4,76,9,0.6320754716981132,toxic
CFCCLFSV,46,30,3,6,76,9,0.6320754716981132,toxic
FYFVHVVF,43,33,5,4,76,9,0.6320754716981132,toxic
VLFFVYCC,44,32,6,3,76,9,0.6320754716981132,toxic
FFCFCFHF,38,19,1,1,57,2,0.632183908045977,toxic
IGYYVYLI,35,22,2,0,57,2,0.632183908045977,toxic
LCYFILRF,37,20,0,2,57,2,0.632183908045977,toxic
FYVLRFGC,35,22,0,2,57,2,0.632183908045977,toxic
DYLYVIYF,32,25,1,1,57,2,0.632183908045977,toxic
FFFFFCIY,32,25,1,1,57,2,0.632183908045977,toxic
LFVGLFII,37,20,2,0,57,2,0.632183908045977,toxic
VSLLYVIC,38,19,1,1,57,2,0.632183908045977,toxic
FIHILLFF,34,23,1,1,57,2,0.632183908045977,toxic
VRFHFILV,27,30,0,2,57,2,0.632183908045977,toxic
YFGFFVLV,35,22,1,1,57,2,0.632183908045977,toxic
FFDFFCFV,36,21,0,2,57,2,0.632183908045977,toxic
FFRICSVF,33,24,1,1,57,2,0.632183908045977,toxic
FFVLFHRL,34,23,1,1,57,2,0.632183908045977,toxic
LCFYGFRF,34,23,2,0,57,2,0.632183908045977,toxic
FCVFRFCC,35,22,2,0,57,2,0.632183908045977,toxic
VRLLIILR,32,25,0,2,57,2,0.632183908045977,toxic
VFCCRGIF,86,69,22,16,155,38,0.6324324324324324,toxic
FRFGDYDV,49,38,7,6,87,13,0.6324786324786325,toxic
CCFFIFVI,52,35,7,6,87,13,0.6324786324786325,toxic
VVYYLFLH,44,43,6,7,87,13,0.6324786324786325,toxic
CHDVYFGS,44,43,6,7,87,13,0.6324786324786325,toxic
FCIIIFSH,49,38,3,10,87,13,0.6324786324786325,toxic
DYRCVHFG,53,34,4,9,87,13,0.6324786324786325,toxic
VSSLFRCY,64,53,10,14,117,24,0.6326530612244898,toxic
CVVCYFRF,38,30,3,3,68,6,0.6326530612244898,toxic
CFGVIFVR,42,26,2,4,68,6,0.6326530612244898,toxic
FFVHCILG,42,26,3,3,68,6,0.6326530612244898,toxic
ICLFCLIV,43,25,4,2,68,6,0.6326530612244898,toxic
LFFSCVFC,39,29,4,2,68,6,0.6326530612244898,toxic
LYGHVYGG,68,49,11,13,117,24,0.6326530612244898,toxic
LFYCFCHI,64,53,10,14,117,24,0.6326530612244898,toxic
LLRIILCD,36,32,2,4,68,6,0.6326530612244898,toxic
IFIICVSF,39,29,1,5,68,6,0.6326530612244898,toxic
VIHILLHC,57,41,8,9,98,17,0.6328125,toxic
GYRYDVRF,58,40,5,12,98,17,0.6328125,toxic
FFYFCDII,44,35,2,8,79,10,0.6330275229357798,toxic
NICVIVVF,43,36,5,5,79,10,0.6330275229357798,toxic
CHLVFLYN,49,30,4,6,79,10,0.6330275229357798,toxic
FYVGICVR,47,32,6,4,79,10,0.6330275229357798,toxic
SYIVVCVL,45,34,6,4,79,10,0.6330275229357798,toxic
SLYCNDVF,75,64,15,17,139,32,0.6331360946745562,toxic
CFFGCVLF,37,23,1,2,60,3,0.6333333333333333,toxic
YYFGVILC,36,24,2,1,60,3,0.6333333333333333,toxic
FFFGYVFF,27,33,1,2,60,3,0.6333333333333333,toxic
FCHFVRFL,36,24,1,2,60,3,0.6333333333333333,toxic
CYVVHISF,35,25,2,1,60,3,0.6333333333333333,toxic
FFVCCLYL,28,32,2,1,60,3,0.6333333333333333,toxic
FLICCCHV,52,38,5,9,90,14,0.6333333333333333,toxic
FFGCYVFL,35,25,2,1,60,3,0.6333333333333333,toxic
FCILRVCF,39,21,0,3,60,3,0.6333333333333333,toxic
VFIICIYY,35,25,1,2,60,3,0.6333333333333333,toxic
VRISLISF,38,22,0,3,60,3,0.6333333333333333,toxic
YFFCCFFD,54,36,5,9,90,14,0.6333333333333333,toxic
FNYYLFCY,45,26,5,2,71,7,0.6336633663366337,toxic
GYVFLVRC,36,35,2,5,71,7,0.6336633663366337,toxic
CSGYYFIF,44,27,3,4,71,7,0.6336633663366337,toxic
FGLFFVIY,45,26,1,6,71,7,0.6336633663366337,toxic
SLFIVVLC,45,26,4,3,71,7,0.6336633663366337,toxic
FFFCFDRF,43,28,3,4,71,7,0.6336633663366337,toxic
FIVCFSLV,43,28,5,2,71,7,0.6336633663366337,toxic
FLIFFYCL,42,29,5,2,71,7,0.6336633663366337,toxic
CLHCCGYC,47,35,7,4,82,11,0.6339285714285714,toxic
FIYINVNL,42,40,5,6,82,11,0.6339285714285714,toxic
CYVYVCYC,48,34,3,8,82,11,0.6339285714285714,toxic
FCCFGCGF,49,33,4,7,82,11,0.6339285714285714,toxic
CFYLLVCV,49,33,6,5,82,11,0.6339285714285714,toxic
GRFRVIFV,49,33,3,8,82,11,0.6339285714285714,toxic
FCGVCCCN,67,56,13,13,123,26,0.6339869281045751,toxic
VHFRSFIF,69,54,15,11,123,26,0.6339869281045751,toxic
LRSIFRRG,53,40,7,8,93,15,0.6341463414634146,toxic
FFFCFRVC,32,20,0,0,52,0,0.6341463414634146,toxic
IFFFCIHY,55,38,9,6,93,15,0.6341463414634146,toxic
FFCCVLRY,35,17,0,0,52,0,0.6341463414634146,toxic
LRIFFLFF,30,22,0,0,52,0,0.6341463414634146,toxic
YVVVIVRY,33,19,0,0,52,0,0.6341463414634146,toxic
NICFYLVC,37,26,1,3,63,4,0.6344086021505376,toxic
FLCYVRYF,40,23,2,2,63,4,0.6344086021505376,toxic
FVFCFYLG,35,28,2,2,63,4,0.6344086021505376,toxic
FLVLIFDC,40,23,1,3,63,4,0.6344086021505376,toxic
FFIVCHCI,39,24,4,0,63,4,0.6344086021505376,toxic
LIFCCFVC,40,23,1,3,63,4,0.6344086021505376,toxic
FFVCCVIY,38,25,1,3,63,4,0.6344086021505376,toxic
DIVIGFFF,40,23,2,2,63,4,0.6344086021505376,toxic
FRIRCIFC,39,24,2,2,63,4,0.6344086021505376,toxic
LYVCFCSF,38,25,2,2,63,4,0.6344086021505376,toxic
YVYLFYVV,41,22,2,2,63,4,0.6344086021505376,toxic
ISVYFICF,41,22,1,3,63,4,0.6344086021505376,toxic
FIYLCFVY,34,29,2,2,63,4,0.6344086021505376,toxic
FFDIIIFV,34,29,1,3,63,4,0.6344086021505376,toxic
FFDLFLRN,38,25,2,2,63,4,0.6344086021505376,toxic
CRCCSFNR,67,48,8,15,115,23,0.6344827586206897,toxic
FYCFYCRC,63,52,11,12,115,23,0.6344827586206897,toxic
VCCHLLCY,65,50,9,14,115,23,0.6344827586206897,toxic
YFLILVCY,43,31,2,6,74,8,0.6346153846153846,toxic
LFIHHFVY,44,30,0,8,74,8,0.6346153846153846,toxic
SDYFSYGR,72,54,13,14,126,27,0.6346153846153846,toxic
FFYCYVFV,40,34,4,4,74,8,0.6346153846153846,toxic
LSCYCVIY,69,57,10,17,126,27,0.6346153846153846,toxic
LNIYLIRL,43,31,1,7,74,8,0.6346153846153846,toxic
FRYGHFNR,76,61,14,17,137,31,0.6347305389221557,toxic
HINFYIIG,50,35,4,8,85,12,0.6347826086956522,toxic
LVILRVRG,51,34,7,5,85,12,0.6347826086956522,toxic
RYCCVCYV,47,38,8,4,85,12,0.6347826086956522,toxic
FYYIYLFG,83,65,17,18,148,35,0.6348314606741573,toxic
FIVFCVNH,57,39,8,8,96,16,0.6349206349206349,toxic
CFCSHLYY,57,39,9,7,96,16,0.6349206349206349,toxic
CFCCIFFG,55,41,8,8,96,16,0.6349206349206349,toxic
YCCVCINL,61,46,10,10,107,20,0.635036496350365,toxic
HYLCYCGF,59,48,10,10,107,20,0.635036496350365,toxic
NFDDCIYS,68,50,9,15,118,24,0.6351351351351351,toxic
FYHYGYDV,66,52,13,11,118,24,0.6351351351351351,toxic
YFCCNCSH,68,61,13,15,129,28,0.6352201257861635,toxic
RFCIRFVF,31,24,0,1,55,1,0.6352941176470588,toxic
FCSNSFYD,75,65,14,18,140,32,0.6352941176470588,toxic
FLFFYYFV,37,18,1,0,55,1,0.6352941176470588,toxic
ICFFVFRL,37,18,0,1,55,1,0.6352941176470588,toxic
FFCFRFYI,30,25,1,0,55,1,0.6352941176470588,toxic
FYLNYVIF,37,18,1,0,55,1,0.6352941176470588,toxic
FCYIRIFG,31,24,0,1,55,1,0.6352941176470588,toxic
GFFRFRFF,36,19,0,1,55,1,0.6352941176470588,toxic
VRIICCYL,30,25,1,0,55,1,0.6352941176470588,toxic
CFSFCFIL,36,19,0,1,55,1,0.6352941176470588,toxic
FCFSVFYF,30,25,1,0,55,1,0.6352941176470588,toxic
DYCVFDRV,82,69,12,24,151,36,0.6353591160220995,toxic
NCFYVYVI,40,26,2,3,66,5,0.6354166666666666,toxic
FILFCYCY,39,27,4,1,66,5,0.6354166666666666,toxic
FVLCVFFL,37,29,1,4,66,5,0.6354166666666666,toxic
GFNYVFIL,35,31,4,1,66,5,0.6354166666666666,toxic
LVICIVCV,34,32,4,1,66,5,0.6354166666666666,toxic
FIYVCYSF,40,26,2,3,66,5,0.6354166666666666,toxic
LYYCVCFL,42,24,1,4,66,5,0.6354166666666666,toxic
YLYFFCGR,40,26,0,5,66,5,0.6354166666666666,toxic
FIIYFLYN,44,33,4,5,77,9,0.6355140186915887,toxic
VRVVYYCL,40,37,4,5,77,9,0.6355140186915887,toxic
FSCFYYCL,48,29,4,5,77,9,0.6355140186915887,toxic
VFFCFFFV,45,32,5,4,77,9,0.6355140186915887,toxic
FIFICDIL,47,30,2,7,77,9,0.6355140186915887,toxic
RFVCVIII,53,35,7,6,88,13,0.635593220338983,toxic
FFYCVFIN,50,38,7,6,88,13,0.635593220338983,toxic
VIVCVYYG,49,39,4,9,88,13,0.635593220338983,toxic
GCCYCFRV,50,38,7,6,88,13,0.635593220338983,toxic
ICFGCFCL,58,41,10,7,99,17,0.6356589147286822,toxic
VFCVCFYG,52,47,9,8,99,17,0.6356589147286822,toxic
YVCVLCCI,58,41,6,11,99,17,0.6356589147286822,toxic
YCGFCVCC,63,47,9,12,110,21,0.6357142857142857,toxic
CVSYLVCY,69,52,14,11,121,25,0.6357615894039735,toxic
VRYFVCGY,70,51,11,14,121,25,0.6357615894039735,toxic
CVNLFVSF,73,59,12,17,132,29,0.6358024691358025,toxic
FCGFVCLV,79,67,16,18,146,34,0.6363636363636364,toxic
LCCVFIFD,43,26,3,3,69,6,0.6363636363636364,toxic
YGIYVFRY,37,21,1,1,58,2,0.6363636363636364,toxic
FFVVFLLI,38,20,0,2,58,2,0.6363636363636364,toxic
CILCYSFI,52,39,8,6,91,14,0.6363636363636364,toxic
FIVSCYFC,38,31,2,4,69,6,0.6363636363636364,toxic
YFCCSVYC,52,39,4,10,91,14,0.6363636363636364,toxic
VYSICVLF,44,25,6,0,69,6,0.6363636363636364,toxic
FIHCCSCV,81,65,16,18,146,34,0.6363636363636364,toxic
VLVNIILG,43,26,4,2,69,6,0.6363636363636364,toxic
LYYCLLGF,35,23,0,2,58,2,0.6363636363636364,toxic
FFYHFFFF,43,26,0,6,69,6,0.6363636363636364,toxic
FLNFYFFV,38,20,0,2,58,2,0.6363636363636364,toxic
FFCIVSRH,64,49,13,9,113,22,0.6363636363636364,toxic
FYILYRLV,36,22,1,1,58,2,0.6363636363636364,toxic
YSGFNVCD,72,63,16,14,135,30,0.6363636363636364,toxic
HYCLIGCC,59,43,12,6,102,18,0.6363636363636364,toxic
FCYYLFGF,32,26,1,1,58,2,0.6363636363636364,toxic
CFVLIGCF,37,21,1,1,58,2,0.6363636363636364,toxic
CHFYVHVI,45,35,4,6,80,10,0.6363636363636364,toxic
FFSVIFDF,32,26,1,1,58,2,0.6363636363636364,toxic
LFICLRHF,43,26,4,2,69,6,0.6363636363636364,toxic
IFVFFCVY,48,32,3,7,80,10,0.6363636363636364,toxic
LYCLYFFG,49,31,4,6,80,10,0.6363636363636364,toxic
FIGFCVFY,41,28,3,3,69,6,0.6363636363636364,toxic
FCSFCVFG,61,52,12,10,113,22,0.6363636363636364,toxic
FDVFFLLV,32,26,1,1,58,2,0.6363636363636364,toxic
SYFVCISL,49,31,6,4,80,10,0.6363636363636364,toxic
FLSLFIGF,36,22,2,0,58,2,0.6363636363636364,toxic
YYLFIDLL,46,34,6,4,80,10,0.6363636363636364,toxic
YFYHFFRD,72,55,20,7,127,27,0.6369426751592356,toxic
CVFCGDFF,54,40,7,8,94,15,0.6370967741935484,toxic
FYFVFFNF,56,38,8,7,94,15,0.6370967741935484,toxic
FVVFNFCV,51,32,3,8,83,11,0.6371681415929203,toxic
YCIFCICC,48,35,2,9,83,11,0.6371681415929203,toxic
FHFLVFGL,47,36,3,8,83,11,0.6371681415929203,toxic
CCCFYGNL,48,35,3,8,83,11,0.6371681415929203,toxic
FLSVCFIR,47,36,8,3,83,11,0.6371681415929203,toxic
HYLLCCIG,51,32,3,8,83,11,0.6371681415929203,toxic
YFCVSVYC,41,31,5,2,72,7,0.6372549019607843,toxic
FYFGFFVY,39,33,0,7,72,7,0.6372549019607843,toxic
HCCGYCIL,45,27,4,3,72,7,0.6372549019607843,toxic
IIVLCYIH,42,30,4,3,72,7,0.6372549019607843,toxic
HGFCYCYF,43,29,2,5,72,7,0.6372549019607843,toxic
YCFVIFIG,40,32,3,4,72,7,0.6372549019607843,toxic
FYVGCIIF,43,29,3,4,72,7,0.6372549019607843,toxic
CYCFFCGV,44,28,3,4,72,7,0.6372549019607843,toxic
HFFFFYVF,40,21,2,1,61,3,0.6373626373626373,toxic
FVIYYFCV,40,21,2,1,61,3,0.6373626373626373,toxic
FVLNVYCF,40,21,2,1,61,3,0.6373626373626373,toxic
FFRNLFCV,40,21,2,1,61,3,0.6373626373626373,toxic
FRCFFLIN,40,21,1,2,61,3,0.6373626373626373,toxic
FFLVHVFG,37,24,2,1,61,3,0.6373626373626373,toxic
LFLILFDF,39,22,1,2,61,3,0.6373626373626373,toxic
CIFYFIFI,39,22,2,1,61,3,0.6373626373626373,toxic
CFVICFGL,39,22,2,1,61,3,0.6373626373626373,toxic
FIFNCYYF,39,22,1,2,61,3,0.6373626373626373,toxic
FLIYLIRL,37,24,2,1,61,3,0.6373626373626373,toxic
NFFGVIVY,32,29,1,2,61,3,0.6373626373626373,toxic
FFILYVSD,64,66,14,14,130,28,0.6375,toxic
CCCNVCGI,66,53,10,14,119,24,0.6375838926174496,toxic
DFHFGFCR,52,56,7,13,108,20,0.6376811594202898,toxic
FCVCSCGY,56,41,4,12,97,16,0.6377952755905512,toxic
GVVCCICH,81,63,17,16,144,33,0.6379310344827587,toxic
CYYLCVGC,52,34,6,6,86,12,0.6379310344827587,toxic
CFVCVCCV,50,36,6,6,86,12,0.6379310344827587,toxic
LSCYICID,76,57,20,9,133,29,0.6380368098159509,toxic
NCIFHFYV,75,58,10,19,133,29,0.6380368098159509,toxic
VRYFVIRR,44,31,4,4,75,8,0.638095238095238,toxic
RCFCLVIR,45,30,4,4,75,8,0.638095238095238,toxic
CRLRLVFI,46,29,5,3,75,8,0.638095238095238,toxic
FICVRVCH,47,28,5,3,75,8,0.638095238095238,toxic
HLLYCFIL,35,40,2,6,75,8,0.638095238095238,toxic
FIYLFVGH,45,30,2,6,75,8,0.638095238095238,toxic
YYFFYGCC,44,31,4,4,75,8,0.638095238095238,toxic
IVCFFCRC,37,27,1,3,64,4,0.6382978723404256,toxic
FLVGFVVV,38,26,3,1,64,4,0.6382978723404256,toxic
VFCLICCC,34,30,1,3,64,4,0.6382978723404256,toxic
LFLVGIYV,38,26,2,2,64,4,0.6382978723404256,toxic
FLLVRFSV,36,28,2,2,64,4,0.6382978723404256,toxic
FIFICVRS,36,28,1,3,64,4,0.6382978723404256,toxic
VLIVICLN,40,24,3,1,64,4,0.6382978723404256,toxic
CCFYVCCI,41,23,2,2,64,4,0.6382978723404256,toxic
YFRSGCVY,40,24,4,0,64,4,0.6382978723404256,toxic
CCLRFYFL,35,29,3,1,64,4,0.6382978723404256,toxic
SCFFYVCC,36,28,1,3,64,4,0.6382978723404256,toxic
VFGFVVHF,38,26,2,2,64,4,0.6382978723404256,toxic
NGFYCIFI,36,28,2,2,64,4,0.6382978723404256,toxic
HSFGGFGY,62,49,11,10,111,21,0.6382978723404256,toxic
FFIFRLVG,38,26,0,4,64,4,0.6382978723404256,toxic
FFCCISFC,36,28,2,2,64,4,0.6382978723404256,toxic
FIFYYIYL,41,23,3,1,64,4,0.6382978723404256,toxic
DLVIVVGV,59,41,9,8,100,17,0.6384615384615384,toxic
CNYFCYIF,30,23,0,0,53,0,0.6385542168674698,toxic
FRLLRCFV,34,19,0,0,53,0,0.6385542168674698,toxic
CSVFFIRV,36,17,0,0,53,0,0.6385542168674698,toxic
FFRFVCLY,32,21,0,0,53,0,0.6385542168674698,toxic
CCVVFFGI,52,37,5,8,89,13,0.6386554621848739,toxic
FFCFICCC,45,44,5,8,89,13,0.6386554621848739,toxic
GIFYCCFV,51,38,8,5,89,13,0.6386554621848739,toxic
DIFGRFII,54,35,6,7,89,13,0.6386554621848739,toxic
YVILVCFL,48,30,8,1,78,9,0.6388888888888888,toxic
LIVYHFSV,46,32,5,4,78,9,0.6388888888888888,toxic
YYVVVVLD,46,32,4,5,78,9,0.6388888888888888,toxic
YIVFRYVF,46,32,7,2,78,9,0.6388888888888888,toxic
VYIFCVIS,58,45,8,10,103,18,0.6390977443609023,toxic
CCHSCLRF,61,42,14,4,103,18,0.6390977443609023,toxic
FIFFHVVG,41,26,4,1,67,5,0.6391752577319587,toxic
CYGFLLVF,41,26,2,3,67,5,0.6391752577319587,toxic
FFCGFVIC,37,30,1,4,67,5,0.6391752577319587,toxic
YCVLCVIV,41,26,0,5,67,5,0.6391752577319587,toxic
FCFVVCLR,43,24,4,1,67,5,0.6391752577319587,toxic
VFCFLCFL,39,28,3,2,67,5,0.6391752577319587,toxic
FYCYFYCY,37,30,3,2,67,5,0.6391752577319587,toxic
YCLFVYCF,35,32,1,4,67,5,0.6391752577319587,toxic
FIFIVVFR,40,27,3,2,67,5,0.6391752577319587,toxic
YLRVLIFI,35,32,2,3,67,5,0.6391752577319587,toxic
ICRCCRFL,39,28,3,2,67,5,0.6391752577319587,toxic
CISVCFCY,43,24,2,3,67,5,0.6391752577319587,toxic
FFIVDFCV,53,39,4,10,92,14,0.639344262295082,toxic
FFCCNDCY,48,44,7,7,92,14,0.639344262295082,toxic
IFIFFFNL,34,22,1,0,56,1,0.6395348837209303,toxic
FVFFFFHF,33,23,1,0,56,1,0.6395348837209303,toxic
FFRFFVSR,31,25,1,0,56,1,0.6395348837209303,toxic
IFVVYCVR,31,25,1,0,56,1,0.6395348837209303,toxic
SFNFFILF,35,21,0,1,56,1,0.6395348837209303,toxic
FFCVFRFL,36,20,0,1,56,1,0.6395348837209303,toxic
YFCCFFGR,48,33,6,4,81,10,0.6396396396396397,toxic
CCCFGCRD,46,35,2,8,81,10,0.6396396396396397,toxic
LCGLCFCC,49,32,8,2,81,10,0.6396396396396397,toxic
HLVSVILL,48,33,3,7,81,10,0.6396396396396397,toxic
FVVCCVFS,49,32,5,5,81,10,0.6396396396396397,toxic
CCRSCIHY,50,31,3,7,81,10,0.6396396396396397,toxic
CCFCVVFV,46,35,6,4,81,10,0.6396396396396397,toxic
CVFHFFLS,46,35,3,7,81,10,0.6396396396396397,toxic
FSYDCNYV,55,51,7,12,106,19,0.6397058823529411,toxic
FLVFFVFI,62,44,7,12,106,19,0.6397058823529411,toxic
VHYGSCDY,84,72,13,24,156,37,0.6397849462365591,toxic
RISYFFYY,39,31,4,2,70,6,0.64,toxic
RINFVCFL,42,28,4,2,70,6,0.64,toxic
FVCSCCLF,51,44,3,12,95,15,0.64,toxic
CYFYFFCY,44,26,3,3,70,6,0.64,toxic
GILCYIDL,37,33,2,4,70,6,0.64,toxic
HICILSIL,38,32,1,5,70,6,0.64,toxic
FFICFHLR,54,41,6,9,95,15,0.64,toxic
CDVCIFFL,42,28,2,4,70,6,0.64,toxic
CVCILLCC,56,39,7,8,95,15,0.64,toxic
FFFIYFDF,36,34,4,2,70,6,0.64,toxic
VYIFVIVG,67,53,10,14,120,24,0.64,toxic
VYICFFGC,43,27,5,1,70,6,0.64,toxic
YVFLVRGI,40,30,1,5,70,6,0.64,toxic
FFVVVVFF,42,28,5,1,70,6,0.64,toxic
VVCFVYYV,39,31,2,4,70,6,0.64,toxic
FRVDYYVF,75,59,16,13,134,29,0.6402439024390244,toxic
GLFGDYGY,62,47,11,9,109,20,0.6402877697841727,toxic
IFYHFLVS,51,33,6,5,84,11,0.6403508771929824,toxic
VFFCFCRN,49,35,3,8,84,11,0.6403508771929824,toxic
SYYVCLFG,49,35,1,10,84,11,0.6403508771929824,toxic
VCCVFCCF,51,33,7,4,84,11,0.6403508771929824,toxic
FVIYINVV,47,37,4,7,84,11,0.6403508771929824,toxic
SYFVVCVH,51,33,7,4,84,11,0.6403508771929824,toxic
CFFCVFIH,47,37,3,8,84,11,0.6403508771929824,toxic
LCFHYYYC,49,35,8,3,84,11,0.6403508771929824,toxic
FCGVSVYR,45,39,6,5,84,11,0.6403508771929824,toxic
FGFLFFFS,51,33,7,4,84,11,0.6403508771929824,toxic
LYVCYLCG,46,38,5,6,84,11,0.6403508771929824,toxic
SYYVFFYC,35,24,1,1,59,2,0.6404494382022472,toxic
VYFVHVFI,39,20,1,1,59,2,0.6404494382022472,toxic
CHIFIIFF,37,22,2,0,59,2,0.6404494382022472,toxic
FILIGIGF,38,21,2,0,59,2,0.6404494382022472,toxic
VVFFIRFF,38,21,1,1,59,2,0.6404494382022472,toxic
CVYIHFLC,39,20,2,0,59,2,0.6404494382022472,toxic
FFCVYYVY,36,23,1,1,59,2,0.6404494382022472,toxic
FRLCLIIV,38,21,1,1,59,2,0.6404494382022472,toxic
IGLFGFFR,39,20,1,1,59,2,0.6404494382022472,toxic
FVLFCCCI,39,20,1,1,59,2,0.6404494382022472,toxic
FLVVLCSS,39,20,1,1,59,2,0.6404494382022472,toxic
ISIRFHVI,38,21,1,1,59,2,0.6404494382022472,toxic
FFYCYVRV,31,28,1,1,59,2,0.6404494382022472,toxic
DVRYYLFI,36,23,1,1,59,2,0.6404494382022472,toxic
CYVCCVGH,71,52,11,14,123,25,0.6405228758169934,toxic
FICHIVCR,57,41,7,9,98,16,0.640625,toxic
HCCFFIVR,56,42,8,8,98,16,0.640625,toxic
FFVCCVLD,52,46,4,12,98,16,0.640625,toxic
CFIVICGN,57,41,6,10,98,16,0.640625,toxic
RFDCGVLY,74,63,13,17,137,30,0.6407185628742516,toxic
LYYCVYFV,45,28,3,4,73,7,0.6407766990291263,toxic
RHVYYFCF,46,27,3,4,73,7,0.6407766990291263,toxic
CFHLCVFC,46,27,5,2,73,7,0.6407766990291263,toxic
FCDCGFYC,46,27,4,3,73,7,0.6407766990291263,toxic
NIISVFVF,44,29,4,3,73,7,0.6407766990291263,toxic
FFFGLCYC,42,31,5,2,73,7,0.6407766990291263,toxic
CYFCIVCC,44,29,5,2,73,7,0.6407766990291263,toxic
VCFYFVCC,38,35,3,4,73,7,0.6407766990291263,toxic
CCFFFDFI,63,49,13,8,112,21,0.6408450704225352,toxic
FRRCCCFF,53,34,7,5,87,12,0.6410256410256411,toxic
VVVIYRNI,50,37,8,4,87,12,0.6410256410256411,toxic
RFGCCFYF,60,41,10,7,101,17,0.6412213740458015,toxic
GINCIYVF,56,45,7,10,101,17,0.6412213740458015,toxic
HVHFIINY,55,46,11,6,101,17,0.6412213740458015,toxic
YRCVVIYC,38,24,3,0,62,3,0.6413043478260869,toxic
LYNLYIYI,40,22,1,2,62,3,0.6413043478260869,toxic
FCYSVFIF,38,24,1,2,62,3,0.6413043478260869,toxic
CVILIICY,34,28,1,2,62,3,0.6413043478260869,toxic
IVVFYVSI,37,25,2,1,62,3,0.6413043478260869,toxic
LLIHIFVV,37,25,3,0,62,3,0.6413043478260869,toxic
FIIICVFC,36,26,1,2,62,3,0.6413043478260869,toxic
VFIVLLCC,37,25,2,1,62,3,0.6413043478260869,toxic
CCRIHIVY,37,25,1,2,62,3,0.6413043478260869,toxic
RYCCVYLF,37,25,1,2,62,3,0.6413043478260869,toxic
CIFYYHFC,39,23,1,2,62,3,0.6413043478260869,toxic
CCGLISLF,60,55,12,10,115,22,0.6413793103448275,toxic
FFVVLRCG,73,56,10,17,129,27,0.6415094339622641,toxic
FSIFLFVV,46,30,2,6,76,8,0.6415094339622641,toxic
CRIYNCCC,40,36,4,4,76,8,0.6415094339622641,toxic
YICFILRV,43,33,4,4,76,8,0.6415094339622641,toxic
FICCVCFS,42,34,2,6,76,8,0.6415094339622641,toxic
ILCVVILG,42,34,6,2,76,8,0.6415094339622641,toxic
IIFVVIIG,46,30,5,3,76,8,0.6415094339622641,toxic
FFIYCYVH,45,31,2,6,76,8,0.6415094339622641,toxic
VLIFCIHG,44,32,4,4,76,8,0.6415094339622641,toxic
VCVIYFVC,43,33,4,4,76,8,0.6415094339622641,toxic
CIFFGYLL,51,39,4,9,90,13,0.6416666666666667,toxic
LFFYVCRG,54,36,7,6,90,13,0.6416666666666667,toxic
YGVRYYCD,120,104,28,33,224,61,0.6417322834645669,toxic
CCYYIYRC,53,51,8,10,104,18,0.6417910447761194,toxic
VICCYHCS,57,47,8,10,104,18,0.6417910447761194,toxic
CFCVFLNF,41,24,1,3,65,4,0.6421052631578947,toxic
VIFVCVFC,40,25,0,4,65,4,0.6421052631578947,toxic
FNIIICNI,40,25,2,2,65,4,0.6421052631578947,toxic
FFFINLCV,36,29,1,3,65,4,0.6421052631578947,toxic
ILLFIRCC,38,27,1,3,65,4,0.6421052631578947,toxic
FFIFCFCD,40,25,1,3,65,4,0.6421052631578947,toxic
CIFFFDCF,42,23,3,1,65,4,0.6421052631578947,toxic
FFFCFSFV,41,24,1,3,65,4,0.6421052631578947,toxic
FFVCVCLF,39,26,1,3,65,4,0.6421052631578947,toxic
ICCLFLNF,40,25,3,1,65,4,0.6421052631578947,toxic
FCCYFHIV,48,31,5,4,79,9,0.6422018348623854,toxic
FYRICIHF,45,34,3,6,79,9,0.6422018348623854,toxic
FLFLVCYD,48,31,4,5,79,9,0.6422018348623854,toxic
FFGRIFNV,48,31,5,4,79,9,0.6422018348623854,toxic
FCICIVLG,44,35,4,5,79,9,0.6422018348623854,toxic
LVCLCIFC,48,31,6,3,79,9,0.6422018348623854,toxic
ICCFFLFD,43,36,6,3,79,9,0.6422018348623854,toxic
CYVFYCVI,47,32,4,5,79,9,0.6422018348623854,toxic
FLYSGYFF,48,31,4,5,79,9,0.6422018348623854,toxic
NDFFGYSV,52,41,6,8,93,14,0.6422764227642277,toxic
CFCYCGIY,53,40,9,5,93,14,0.6422764227642277,toxic
CYVFLYFC,53,40,9,5,93,14,0.6422764227642277,toxic
VFFFFCVV,56,37,8,6,93,14,0.6422764227642277,toxic
VRVRCIFC,55,38,7,7,93,14,0.6422764227642277,toxic
FGYSIVVY,69,52,6,18,121,24,0.6423841059602649,toxic
CCIYFGCC,78,60,13,17,138,30,0.6428571428571429,toxic
CFVLFVCD,41,27,2,3,68,5,0.6428571428571429,toxic
YSYVFYFL,37,31,3,2,68,5,0.6428571428571429,toxic
VNFVIFYF,28,26,0,0,54,0,0.6428571428571429,toxic
CIVVLFFN,48,34,4,6,82,10,0.6428571428571429,toxic
CFVFYCLR,38,30,1,4,68,5,0.6428571428571429,toxic
IGFLVYYC,38,30,1,4,68,5,0.6428571428571429,toxic
CCFYLIYS,56,40,4,11,96,15,0.6428571428571429,toxic
CIFVHVIS,42,26,3,2,68,5,0.6428571428571429,toxic
FSFFFVSF,31,23,0,0,54,0,0.6428571428571429,toxic
LDCCYCFI,49,33,5,5,82,10,0.6428571428571429,toxic
FLFYSYVF,41,27,2,3,68,5,0.6428571428571429,toxic
LYCFICFF,46,36,3,7,82,10,0.6428571428571429,toxic
FCLFVDLY,50,32,3,7,82,10,0.6428571428571429,toxic
FHYVRVGF,70,54,7,18,124,25,0.6428571428571429,toxic
CHIHYIFV,40,28,2,3,68,5,0.6428571428571429,toxic
FIFFCFLI,35,33,3,2,68,5,0.6428571428571429,toxic
IYFIVSFI,36,18,0,0,54,0,0.6428571428571429,toxic
YYLGGRCC,56,40,3,12,96,15,0.6428571428571429,toxic
VLICFRGC,69,55,9,16,124,25,0.6428571428571429,toxic
CFLISFCY,41,27,2,3,68,5,0.6428571428571429,toxic
FFFFFFVF,34,20,0,0,54,0,0.6428571428571429,toxic
IIVCLICH,42,26,3,2,68,5,0.6428571428571429,toxic
CICCDCYF,37,31,3,2,68,5,0.6428571428571429,toxic
FYFFVCFD,85,67,18,17,152,35,0.6428571428571429,toxic
VYGHSFRY,66,47,8,13,113,21,0.6433566433566433,toxic
YIFVVSVF,56,43,8,8,99,16,0.6434108527131783,toxic
CNVVYFRF,57,42,10,6,99,16,0.6434108527131783,toxic
FHNVIIII,59,40,8,8,99,16,0.6434108527131783,toxic
YFIDVFVC,59,40,7,9,99,16,0.6434108527131783,toxic
DLYVCFLG,48,37,7,4,85,11,0.6434782608695652,toxic
YCLYCIVG,52,33,7,4,85,11,0.6434782608695652,toxic
CFYVVSIR,48,37,5,6,85,11,0.6434782608695652,toxic
CHYFLLIV,52,33,5,6,85,11,0.6434782608695652,toxic
FFCFGYLY,51,34,5,6,85,11,0.6434782608695652,toxic
YVVVCYVF,44,27,2,4,71,6,0.6435643564356436,toxic
YYIFCIIS,40,31,3,3,71,6,0.6435643564356436,toxic
LICRYFVY,39,32,2,4,71,6,0.6435643564356436,toxic
FLFFHFFD,43,28,3,3,71,6,0.6435643564356436,toxic
FRLLCLCL,37,34,3,3,71,6,0.6435643564356436,toxic
FIFNFVYL,41,30,3,3,71,6,0.6435643564356436,toxic
ICIFFYVV,45,26,3,3,71,6,0.6435643564356436,toxic
FYRIGYNF,44,27,3,3,71,6,0.6435643564356436,toxic
LFCLRSYF,36,21,0,1,57,1,0.6436781609195402,toxic
FLSVHFRF,35,22,0,1,57,1,0.6436781609195402,toxic
FFLLSVCF,37,20,0,1,57,1,0.6436781609195402,toxic
CLCYLIVR,30,27,1,0,57,1,0.6436781609195402,toxic
CFCFNILF,36,21,0,1,57,1,0.6436781609195402,toxic
RLIYVVIF,33,24,0,1,57,1,0.6436781609195402,toxic
FFIGLCIG,31,26,1,0,57,1,0.6436781609195402,toxic
VCCLCNVL,54,48,8,9,102,17,0.6439393939393939,toxic
CCCIYLLV,51,37,7,5,88,12,0.6440677966101694,toxic
CCCRCCRG,73,60,16,12,133,28,0.6441717791411042,toxic
ICIFYYGF,46,28,3,4,74,7,0.6442307692307693,toxic
FSVCFIYL,41,33,4,3,74,7,0.6442307692307693,toxic
ILFICFCG,42,32,4,3,74,7,0.6442307692307693,toxic
FFVCYVYC,46,28,3,4,74,7,0.6442307692307693,toxic
YCFCFVHL,43,31,4,3,74,7,0.6442307692307693,toxic
FYFLLCVY,39,35,4,3,74,7,0.6442307692307693,toxic
RFCFVFIC,38,36,5,2,74,7,0.6442307692307693,toxic
FICIRVDC,45,29,2,5,74,7,0.6442307692307693,toxic
IIIVFVYV,45,29,5,2,74,7,0.6442307692307693,toxic
FYFFFGLY,40,34,1,6,74,7,0.6442307692307693,toxic
FIVYIGCF,36,24,0,2,60,2,0.6444444444444445,toxic
FIRLLGLC,37,23,2,0,60,2,0.6444444444444445,toxic
CSYCVGIC,83,67,20,14,150,34,0.6444444444444445,toxic
LRHFLRVF,38,22,2,0,60,2,0.6444444444444445,toxic
IFFFHDFF,36,24,1,1,60,2,0.6444444444444445,toxic
FSFIYILL,39,21,1,1,60,2,0.6444444444444445,toxic
FFCFYVHS,61,44,8,10,105,18,0.6444444444444445,toxic
FFCFHFFL,39,21,2,0,60,2,0.6444444444444445,toxic
VFSIFCRY,32,28,1,1,60,2,0.6444444444444445,toxic
FLIICLVC,36,24,2,0,60,2,0.6444444444444445,toxic
LCCFYYVL,60,45,8,10,105,18,0.6444444444444445,toxic
DFFFVVCL,62,43,9,9,105,18,0.6444444444444445,toxic
VYLFLCRV,38,22,1,1,60,2,0.6444444444444445,toxic
IVLYIYYC,38,22,2,0,60,2,0.6444444444444445,toxic
FFVFYVVC,55,36,8,5,91,13,0.6446280991735537,toxic
FVVCVYFI,50,41,6,7,91,13,0.6446280991735537,toxic
DIFCFFVC,53,38,5,8,91,13,0.6446280991735537,toxic
FVFYVDYV,69,53,8,16,122,24,0.6447368421052632,toxic
CFVCVILN,47,30,4,4,77,8,0.6448598130841121,toxic
RVVCVCVY,41,36,4,4,77,8,0.6448598130841121,toxic
FCVFISYC,45,32,3,5,77,8,0.6448598130841121,toxic
IIFFIFCC,39,38,2,6,77,8,0.6448598130841121,toxic
RCLFIFRG,47,30,4,4,77,8,0.6448598130841121,toxic
LYVICHCL,55,39,8,6,94,14,0.6451612903225806,toxic
FVVFLCLY,39,24,2,1,63,3,0.6451612903225806,toxic
GFIFFICG,41,22,2,1,63,3,0.6451612903225806,toxic
HYRFVFFF,41,22,1,2,63,3,0.6451612903225806,toxic
FYLCFYYF,39,24,2,1,63,3,0.6451612903225806,toxic
FFVHFCYY,29,34,1,2,63,3,0.6451612903225806,toxic
IFLCYVCF,35,28,1,2,63,3,0.6451612903225806,toxic
FFISVLRY,39,24,3,0,63,3,0.6451612903225806,toxic
FIIFRVIF,36,27,2,1,63,3,0.6451612903225806,toxic
VYDLHYRD,63,48,9,11,111,20,0.6453900709219859,toxic
FFIIRHCH,120,101,30,29,221,59,0.6454183266932271,toxic
CFCDVCYV,43,37,6,3,80,9,0.6454545454545455,toxic
YYVCVFSF,47,33,5,4,80,9,0.6454545454545455,toxic
LLFYVLGV,49,31,1,8,80,9,0.6454545454545455,toxic
CRIFVIHC,45,35,2,7,80,9,0.6454545454545455,toxic
DYYLIHLV,46,34,4,5,80,9,0.6454545454545455,toxic
FCLSFFCN,46,34,2,7,80,9,0.6454545454545455,toxic
NYLCRCCC,111,96,28,26,207,54,0.6455696202531646,toxic
CFRYRFLI,58,39,7,8,97,15,0.6456692913385826,toxic
CIFCVVNY,58,39,5,10,97,15,0.6456692913385826,toxic
LCCCHGVF,79,66,17,15,145,32,0.6457142857142857,toxic
VFFLYFVV,40,26,2,2,66,4,0.6458333333333334,toxic
VICVCRVF,42,24,0,4,66,4,0.6458333333333334,toxic
FFYLFFGH,42,24,2,2,66,4,0.6458333333333334,toxic
FVFICFIF,36,30,1,3,66,4,0.6458333333333334,toxic
FVVFSFIV,30,36,2,2,66,4,0.6458333333333334,toxic
HFVFCFLY,36,30,1,3,66,4,0.6458333333333334,toxic
CHYCYFYF,41,25,2,2,66,4,0.6458333333333334,toxic
CHFFVFIL,42,24,2,2,66,4,0.6458333333333334,toxic
FLLILIHY,66,48,7,14,114,21,0.6458333333333334,toxic
FFGFLLVC,38,28,2,2,66,4,0.6458333333333334,toxic
FFFYYFDL,37,29,2,2,66,4,0.6458333333333334,toxic
FSFYCVLL,42,24,2,2,66,4,0.6458333333333334,toxic
YYCFYLGV,29,37,2,2,66,4,0.6458333333333334,toxic
CCYRCGLF,47,36,5,5,83,10,0.6460176991150443,toxic
IVIFSFVC,51,32,7,3,83,10,0.6460176991150443,toxic
FCILVVRN,51,32,3,7,83,10,0.6460176991150443,toxic
CFCIVCCH,49,34,6,4,83,10,0.6460176991150443,toxic
GHIFFVIG,51,32,7,3,83,10,0.6460176991150443,toxic
LLFVFLCN,51,32,3,7,83,10,0.6460176991150443,toxic
YYHIFFDL,47,36,6,4,83,10,0.6460176991150443,toxic
RVICFVYC,50,33,4,6,83,10,0.6460176991150443,toxic
CYCLCLIL,46,37,6,4,83,10,0.6460176991150443,toxic
FCFCYCCS,80,68,14,19,148,33,0.6460674157303371,toxic
CHCFFRIC,55,45,7,9,100,16,0.6461538461538462,toxic
CHCSFFCR,56,44,10,6,100,16,0.6461538461538462,toxic
NFYCLCCI,40,29,1,4,69,5,0.6464646464646465,toxic
FCLFHICC,34,35,2,3,69,5,0.6464646464646465,toxic
FFVFFFFN,44,25,1,4,69,5,0.6464646464646465,toxic
FFDLCCYF,42,27,5,0,69,5,0.6464646464646465,toxic
RCIFVFSL,42,27,2,3,69,5,0.6464646464646465,toxic
LFIFICFD,39,30,3,2,69,5,0.6464646464646465,toxic
VHYVHFFL,43,26,1,4,69,5,0.6464646464646465,toxic
FIFYVLFY,44,25,1,4,69,5,0.6464646464646465,toxic
VFVVICVS,44,25,1,4,69,5,0.6464646464646465,toxic
VYILYRFY,43,26,2,3,69,5,0.6464646464646465,toxic
FVLFVFVV,40,29,3,2,69,5,0.6464646464646465,toxic
FIVYCCCY,43,26,0,5,69,5,0.6464646464646465,toxic
LFFVGYVF,37,32,4,1,69,5,0.6464646464646465,toxic
YYFCFFYC,43,26,1,4,69,5,0.6464646464646465,toxic
IYFIIHFS,52,34,7,4,86,11,0.646551724137931,toxic
ISFVRILC,51,35,7,4,86,11,0.646551724137931,toxic
IILFVLIH,52,34,4,7,86,11,0.646551724137931,toxic
VCGFRCCY,59,44,9,8,103,17,0.6466165413533834,toxic
HHFLVCIR,61,59,12,11,120,23,0.6466666666666666,toxic
CFVIFVCG,69,51,9,14,120,23,0.6466666666666666,toxic
VLFYIFYY,76,61,17,12,137,29,0.6467065868263473,toxic
LLYCLIHD,110,95,28,25,205,53,0.6468085106382979,toxic
FYFFCIRC,38,34,4,2,72,6,0.6470588235294118,toxic
DVVVIFIY,54,35,5,7,89,12,0.6470588235294118,toxic
FYFDFIFL,54,35,4,8,89,12,0.6470588235294118,toxic
LYVYLYSC,45,27,5,1,72,6,0.6470588235294118,toxic
FYDICFVF,43,29,4,2,72,6,0.6470588235294118,toxic
CFCLYLVG,42,30,4,2,72,6,0.6470588235294118,toxic
FLFLRIRV,27,28,0,0,55,0,0.6470588235294118,toxic
IVIFCFVF,33,22,0,0,55,0,0.6470588235294118,toxic
FVFCLLRI,28,27,0,0,55,0,0.6470588235294118,toxic
CCGCIYRC,45,27,2,4,72,6,0.6470588235294118,toxic
VLFHVSYY,51,38,6,6,89,12,0.6470588235294118,toxic
CYDCFFCF,39,33,3,3,72,6,0.6470588235294118,toxic
YYVCFRLC,38,34,4,2,72,6,0.6470588235294118,toxic
FCVCCRFL,43,29,5,1,72,6,0.6470588235294118,toxic
FHNFCCLC,55,51,12,6,106,18,0.6470588235294118,toxic
FFRFCFRF,35,20,0,0,55,0,0.6470588235294118,toxic
YCCFCLVV,43,29,3,3,72,6,0.6470588235294118,toxic
NLCLDLFY,62,44,12,6,106,18,0.6470588235294118,toxic
ICVVIYFR,40,32,3,3,72,6,0.6470588235294118,toxic
FISVLFVC,51,38,5,7,89,12,0.6470588235294118,toxic
RLIFYYVY,44,28,3,3,72,6,0.6470588235294118,toxic
YIFLVNVG,52,40,7,6,92,13,0.6475409836065574,toxic
VVRYILIL,52,40,5,8,92,13,0.6475409836065574,toxic
LCLLCLSF,47,28,3,4,75,7,0.6476190476190476,toxic
FCHILYVF,46,29,3,4,75,7,0.6476190476190476,toxic
FRLCVSFD,40,35,4,3,75,7,0.6476190476190476,toxic
CCYIYIRN,45,30,3,4,75,7,0.6476190476190476,toxic
FLVYCYVF,47,28,1,6,75,7,0.6476190476190476,toxic
NVYIICVF,43,32,3,4,75,7,0.6476190476190476,toxic
FYFVVGVV,45,30,3,4,75,7,0.6476190476190476,toxic
YFSFFCFF,32,26,1,0,58,1,0.6477272727272727,toxic
GFLCLCFL,36,22,0,1,58,1,0.6477272727272727,toxic
FFSFCFLI,36,22,1,0,58,1,0.6477272727272727,toxic
IIVCCFRV,35,23,0,1,58,1,0.6477272727272727,toxic
FIYYLFLI,38,20,0,1,58,1,0.6477272727272727,toxic
VIIFFSIF,35,23,0,1,58,1,0.6477272727272727,toxic
HCCRCVLC,65,47,8,12,112,20,0.647887323943662,toxic
VYLVICDC,65,47,9,11,112,20,0.647887323943662,toxic
RCCYCCNF,53,42,7,7,95,14,0.648,toxic
FFVCCCCC,57,38,10,4,95,14,0.648,toxic
VVCHIFVC,55,40,7,7,95,14,0.648,toxic
CVVCHFRY,53,42,3,11,95,14,0.648,toxic
CCCLRCCC,43,35,5,3,78,8,0.6481481481481481,toxic
ILLVYVSC,42,36,5,3,78,8,0.6481481481481481,toxic
FCVNVCFI,48,30,3,5,78,8,0.6481481481481481,toxic
VCFLFCCI,47,31,3,5,78,8,0.6481481481481481,toxic
FVVSFYFN,44,34,2,6,78,8,0.6481481481481481,toxic
FDYSFRCV,65,50,11,10,115,21,0.6482758620689655,toxic
LFFYLFDL,36,25,1,1,61,2,0.6483516483516484,toxic
RFIFCYCY,40,21,0,2,61,2,0.6483516483516484,toxic
FCVFLNLI,36,25,1,1,61,2,0.6483516483516484,toxic
CFRLRFFL,38,23,1,1,61,2,0.6483516483516484,toxic
LIRVCCVF,40,21,1,1,61,2,0.6483516483516484,toxic
VYIIRFGR,38,23,2,0,61,2,0.6483516483516484,toxic
VSFCIRLF,40,21,0,2,61,2,0.6483516483516484,toxic
VIRFFCIN,39,22,2,0,61,2,0.6483516483516484,toxic
RFLGIFIN,32,29,1,1,61,2,0.6483516483516484,toxic
LRRLIGCF,35,26,0,2,61,2,0.6483516483516484,toxic
ILFFCVLF,36,25,2,0,61,2,0.6483516483516484,toxic
FRFCLFVY,35,26,0,2,61,2,0.6483516483516484,toxic
LFFRICLC,33,28,1,1,61,2,0.6483516483516484,toxic
VFVVFFLL,50,31,3,6,81,9,0.6486486486486487,toxic
IFVISFCH,45,36,6,3,81,9,0.6486486486486487,toxic
SYFLCFIF,47,34,7,2,81,9,0.6486486486486487,toxic
IFCVCYYF,48,33,5,4,81,9,0.6486486486486487,toxic
CCFIIIYY,47,34,5,4,81,9,0.6486486486486487,toxic
CFCCVFNC,42,39,3,6,81,9,0.6486486486486487,toxic
FFCLFHCH,49,32,3,6,81,9,0.6486486486486487,toxic
YCGFLVLV,44,37,4,5,81,9,0.6486486486486487,toxic
ICFLCVHV,60,41,6,10,101,16,0.648854961832061,toxic
CFLLCYDY,60,41,8,8,101,16,0.648854961832061,toxic
CICSCRVC,52,49,7,9,101,16,0.648854961832061,toxic
FYFLFFFS,60,41,6,10,101,16,0.648854961832061,toxic
NYYFYFDF,60,41,8,8,101,16,0.648854961832061,toxic
GYFIICHF,57,44,5,11,101,16,0.648854961832061,toxic
VLFFVFRC,38,26,2,1,64,3,0.648936170212766,toxic
LVFYFILR,36,28,3,0,64,3,0.648936170212766,toxic
CFCLNICF,37,27,2,1,64,3,0.648936170212766,toxic
LCIIVVIV,36,28,1,2,64,3,0.648936170212766,toxic
FFVFYLHF,38,26,1,2,64,3,0.648936170212766,toxic
YCFLCFVL,41,23,2,1,64,3,0.648936170212766,toxic
FFCVGVFI,39,25,0,3,64,3,0.648936170212766,toxic
LIIIRYSN,41,23,2,1,64,3,0.648936170212766,toxic
CVLLRFYL,38,26,1,2,64,3,0.648936170212766,toxic
FLNRCHCY,68,53,7,16,121,23,0.6490066225165563,toxic
CGYYGYSG,49,35,5,5,84,10,0.6491228070175439,toxic
LYFVICVN,51,33,4,6,84,10,0.6491228070175439,toxic
CHCYCSVC,47,37,4,6,84,10,0.6491228070175439,toxic
LFNVIIVG,49,35,3,7,84,10,0.6491228070175439,toxic
FYVVIVNC,51,33,3,7,84,10,0.6491228070175439,toxic
CGYHVFFY,107,91,26,24,198,50,0.6491228070175439,toxic
CHYYGFFC,61,43,5,12,104,17,0.6492537313432836,toxic
LCICFHCV,61,43,10,7,104,17,0.6492537313432836,toxic
CSVFYFVC,42,25,2,2,67,4,0.6494845360824743,toxic
FCIYFFFC,42,25,3,1,67,4,0.6494845360824743,toxic
GIHIVLRV,41,26,1,3,67,4,0.6494845360824743,toxic
HSLRVFFI,41,26,2,2,67,4,0.6494845360824743,toxic
FFIFISLY,43,24,0,4,67,4,0.6494845360824743,toxic
CCYIFFRC,42,25,2,2,67,4,0.6494845360824743,toxic
YIFICFGR,38,29,2,2,67,4,0.6494845360824743,toxic
ICICIICY,43,24,1,3,67,4,0.6494845360824743,toxic
FFCLINVF,40,27,2,2,67,4,0.6494845360824743,toxic
NVCFIVCC,53,34,6,5,87,11,0.6495726495726496,toxic
FCLFVFHL,49,38,4,7,87,11,0.6495726495726496,toxic
YFVCCLRL,52,35,6,5,87,11,0.6495726495726496,toxic
FVVIVLCC,61,46,5,13,107,18,0.6496350364963503,toxic
DFCFCYRC,72,55,15,10,127,25,0.6496815286624203,toxic
LFLFVNLV,40,30,2,3,70,5,0.65,toxic
FFYVCING,41,29,3,2,70,5,0.65,toxic
ICLVFCRV,41,29,2,3,70,5,0.65,toxic
CFFCCYNG,51,39,0,12,90,12,0.65,toxic
LVVVFICL,44,26,2,3,70,5,0.65,toxic
DVRLLFIV,40,30,2,3,70,5,0.65,toxic
HCYLSIVL,44,26,2,3,70,5,0.65,toxic
IFVYFFFC,43,27,4,1,70,5,0.65,toxic
FFCFCICL,42,28,3,2,70,5,0.65,toxic
LFVCRGLC,70,63,11,16,133,27,0.6503067484662577,toxic
FFFCYRSC,63,50,6,14,113,20,0.6503496503496503,toxic
CFVVGYIC,59,54,9,11,113,20,0.6503496503496503,toxic
VYDFLSDV,52,41,8,5,93,13,0.6504065040650406,toxic
CCGHICYL,55,38,3,10,93,13,0.6504065040650406,toxic
CLLVFFGS,44,29,2,4,73,6,0.6504854368932039,toxic
CCVLLRVL,45,28,3,3,73,6,0.6504854368932039,toxic
YVCVFFLY,46,27,5,1,73,6,0.6504854368932039,toxic
CFFFVFFY,37,36,3,3,73,6,0.6504854368932039,toxic
FCFFFCCY,46,27,2,4,73,6,0.6504854368932039,toxic
FHLFFVLI,40,33,4,2,73,6,0.6504854368932039,toxic
CYFVCNII,44,29,2,4,73,6,0.6504854368932039,toxic
FCYLLSFF,42,31,3,3,73,6,0.6504854368932039,toxic
IVIFGIGF,41,32,3,3,73,6,0.6504854368932039,toxic
LRLVILFG,35,38,5,1,73,6,0.6504854368932039,toxic
IHYCRCCF,74,62,14,14,136,28,0.6506024096385542,toxic
IFRYCIYR,64,52,8,13,116,21,0.6506849315068494,toxic
FRYYLHVC,81,78,20,16,159,36,0.6507936507936508,toxic
RGHCCCFF,56,40,7,7,96,14,0.6507936507936508,toxic
FRVFSYGH,56,40,6,8,96,14,0.6507936507936508,toxic
YCFCVVVN,53,43,7,7,96,14,0.6507936507936508,toxic
FDLCCCLR,77,62,8,21,139,29,0.650887573964497,toxic
CFCLRCCN,43,33,2,5,76,7,0.6509433962264151,toxic
VIFICVCF,43,33,3,4,76,7,0.6509433962264151,toxic
IHYLCLCF,41,35,5,2,76,7,0.6509433962264151,toxic
FCYICFLC,47,29,3,4,76,7,0.6509433962264151,toxic
CVFVIYFG,45,31,4,3,76,7,0.6509433962264151,toxic
FCSFCVLF,47,29,4,3,76,7,0.6509433962264151,toxic
FFYVILFY,43,33,4,3,76,7,0.6509433962264151,toxic
FFFSIYGY,46,30,2,5,76,7,0.6509433962264151,toxic
FGIFCCFR,47,29,6,1,76,7,0.6509433962264151,toxic
FVYFFGCC,44,32,2,5,76,7,0.6509433962264151,toxic
GILDFYRD,80,62,15,15,142,30,0.6511627906976745,toxic
CFCICISF,35,21,0,0,56,0,0.6511627906976745,toxic
CFCIVVVC,55,44,7,8,99,15,0.6511627906976745,toxic
FLRIICCY,36,20,0,0,56,0,0.6511627906976745,toxic
FLVFFCYD,52,47,5,10,99,15,0.6511627906976745,toxic
FCFLRFSF,36,20,0,0,56,0,0.6511627906976745,toxic
FNCCCGYF,59,40,8,7,99,15,0.6511627906976745,toxic
ICVFVCHG,77,65,17,13,142,30,0.6511627906976745,toxic
FFIFCSVH,70,52,8,15,122,23,0.6513157894736842,toxic
CFCCVRRL,67,55,12,11,122,23,0.6513157894736842,toxic
CCVVFFSL,67,55,10,13,122,23,0.6513157894736842,toxic
IIFFVVHR,48,31,2,6,79,8,0.6513761467889908,toxic
FRCVVLYI,47,32,4,4,79,8,0.6513761467889908,toxic
NLSFLLVF,45,34,2,6,79,8,0.6513761467889908,toxic
RIVFFFNY,42,37,5,3,79,8,0.6513761467889908,toxic
SYCFVCCS,49,30,3,5,79,8,0.6513761467889908,toxic
VYFFFDYI,48,31,3,5,79,8,0.6513761467889908,toxic
FFVCSLYC,47,32,4,4,79,8,0.6513761467889908,toxic
CFSYYLYI,46,33,2,6,79,8,0.6513761467889908,toxic
YIYCCVCC,60,42,8,8,102,16,0.6515151515151515,toxic
FCFCCCSF,104,87,24,23,191,47,0.6515837104072398,toxic
HLIYFLLN,38,21,1,0,59,1,0.651685393258427,toxic
IFCYFGII,36,23,1,0,59,1,0.651685393258427,toxic
YVVVVIRI,35,24,0,1,59,1,0.651685393258427,toxic
FFYLCFRF,36,23,0,1,59,1,0.651685393258427,toxic
FFRIRFFG,34,25,1,0,59,1,0.651685393258427,toxic
YYIFYFFL,39,20,0,1,59,1,0.651685393258427,toxic
FFRCSFVF,37,22,1,0,59,1,0.651685393258427,toxic
LYLFVHFF,32,27,1,0,59,1,0.651685393258427,toxic
VIVFHFLF,34,25,0,1,59,1,0.651685393258427,toxic
YFGCFLRL,50,32,4,5,82,9,0.6517857142857143,toxic
CFVDRGYY,105,89,29,19,194,48,0.6517857142857143,toxic
YIGLFVYC,50,32,5,4,82,9,0.6517857142857143,toxic
CCGFVCCV,49,33,5,4,82,9,0.6517857142857143,toxic
FNIVCLCC,49,33,5,4,82,9,0.6517857142857143,toxic
YRIYIRYF,47,35,3,6,82,9,0.6517857142857143,toxic
CVFIYFDC,50,32,6,3,82,9,0.6517857142857143,toxic
VYSLFLYR,62,43,5,12,105,17,0.6518518518518519,toxic
LFFVLLNL,34,28,1,1,62,2,0.6521739130434783,toxic
CFCYYFVY,37,25,2,0,62,2,0.6521739130434783,toxic
GFCFVILI,52,33,4,6,85,10,0.6521739130434783,toxic
CFCFFVVI,39,23,1,1,62,2,0.6521739130434783,toxic
FRCIVCVV,32,30,2,0,62,2,0.6521739130434783,toxic
FGFFCFRY,39,23,1,1,62,2,0.6521739130434783,toxic
FCIYFFRC,37,25,2,0,62,2,0.6521739130434783,toxic
FCFVLFRI,35,27,0,2,62,2,0.6521739130434783,toxic
FVNFFFCC,52,33,7,3,85,10,0.6521739130434783,toxic
VLFVIFFR,50,35,4,6,85,10,0.6521739130434783,toxic
FSLSIVCY,40,22,1,1,62,2,0.6521739130434783,toxic
CFVCHLRF,39,23,1,1,62,2,0.6521739130434783,toxic
YCYYRIFF,37,25,0,2,62,2,0.6521739130434783,toxic
CIYCFCIV,51,34,2,8,85,10,0.6521739130434783,toxic
FGFIVHVC,52,33,6,4,85,10,0.6521739130434783,toxic
FRLCISLG,39,23,0,2,62,2,0.6521739130434783,toxic
HFFFLLNF,47,38,4,6,85,10,0.6521739130434783,toxic
VCFIFVRL,44,41,5,5,85,10,0.6521739130434783,toxic
IIGVISFF,61,50,8,11,111,19,0.6524822695035462,toxic
CFRIIIGH,48,40,5,6,88,11,0.652542372881356,toxic
HVHVFFIG,50,38,5,6,88,11,0.652542372881356,toxic
FCCGYCCS,53,35,5,6,88,11,0.652542372881356,toxic
IVFYRIGY,52,36,6,5,88,11,0.652542372881356,toxic
VHFCVCIL,52,36,2,9,88,11,0.652542372881356,toxic
RCLVLYCR,37,28,2,1,65,3,0.6526315789473685,toxic
FSISIFYL,39,26,0,3,65,3,0.6526315789473685,toxic
IIRIGFRY,42,23,0,3,65,3,0.6526315789473685,toxic
YFILSYSI,42,23,3,0,65,3,0.6526315789473685,toxic
VFGCFIYF,40,25,2,1,65,3,0.6526315789473685,toxic
YGVYFLRI,34,31,2,1,65,3,0.6526315789473685,toxic
FLGFCFCL,39,26,3,0,65,3,0.6526315789473685,toxic
CCFFHCSC,51,40,4,8,91,12,0.6528925619834711,toxic
CFFFSYYF,42,26,2,2,68,4,0.6530612244897959,toxic
YFCSILFY,40,28,2,2,68,4,0.6530612244897959,toxic
IICVCLFV,41,27,3,1,68,4,0.6530612244897959,toxic
IIVFHFGI,42,26,2,2,68,4,0.6530612244897959,toxic
FFCFFCDV,43,25,4,0,68,4,0.6530612244897959,toxic
CILVHIRC,40,28,2,2,68,4,0.6530612244897959,toxic
NCVRCYFG,68,49,12,9,117,21,0.6530612244897959,toxic
FCCCYYVY,41,27,2,2,68,4,0.6530612244897959,toxic
FIVHFVFL,40,28,2,2,68,4,0.6530612244897959,toxic
IYYFSYLC,38,30,3,1,68,4,0.6530612244897959,toxic
CFVSYILY,41,27,2,2,68,4,0.6530612244897959,toxic
FFYNCVCF,62,55,13,8,117,21,0.6530612244897959,toxic
IVVCLCSD,141,126,33,40,267,73,0.6531986531986532,toxic
CCLLIGVI,55,39,7,6,94,13,0.6532258064516129,toxic
CVYFCFIR,43,28,1,4,71,5,0.6534653465346535,toxic
VCLVFHVF,41,30,5,0,71,5,0.6534653465346535,toxic
FFVFHIFY,45,26,1,4,71,5,0.6534653465346535,toxic
VCCCFIID,94,78,16,24,172,40,0.6534653465346535,toxic
FCYVYYRL,45,26,3,2,71,5,0.6534653465346535,toxic
ICFCVCVF,43,28,5,0,71,5,0.6534653465346535,toxic
FFSIVYIN,33,38,3,2,71,5,0.6534653465346535,toxic
FCFYVCFC,43,28,3,2,71,5,0.6534653465346535,toxic
VVFHYFFC,42,29,2,3,71,5,0.6534653465346535,toxic
VFVRYFIL,45,26,1,4,71,5,0.6534653465346535,toxic
VFYHLYVG,58,39,8,6,97,14,0.6535433070866141,toxic
CYGVILFV,57,40,9,5,97,14,0.6535433070866141,toxic
FYCCCLFL,57,40,7,7,97,14,0.6535433070866141,toxic
NVVLICCL,57,40,5,9,97,14,0.6535433070866141,toxic
VVVYLLFC,56,41,8,6,97,14,0.6535433070866141,toxic
YFGFCSGN,70,53,11,12,123,23,0.6535947712418301,toxic
LFVVYSRF,45,29,3,3,74,6,0.6538461538461539,toxic
NFFFLFDF,44,30,4,2,74,6,0.6538461538461539,toxic
SYLYLFFC,46,28,4,2,74,6,0.6538461538461539,toxic
CFILYYVL,44,30,2,4,74,6,0.6538461538461539,toxic
CYLFGLFV,43,31,1,5,74,6,0.6538461538461539,toxic
LYHFYCFI,44,30,3,3,74,6,0.6538461538461539,toxic
ICVVCCYI,45,29,5,1,74,6,0.6538461538461539,toxic
CVYGCCCL,72,54,10,14,126,24,0.6538461538461539,toxic
VLYCFFSF,44,30,5,1,74,6,0.6538461538461539,toxic
NFVVFCLL,44,30,4,2,74,6,0.6538461538461539,toxic
FVIFVCLL,46,28,3,3,74,6,0.6538461538461539,toxic
NCGGCYCR,83,69,12,21,152,33,0.6538461538461539,toxic
FIYVFLRC,43,31,3,3,74,6,0.6538461538461539,toxic
LHHVCCLC,70,59,13,12,129,25,0.6540880503144654,toxic
SYYVYLLD,58,45,8,8,103,16,0.6541353383458647,toxic
RFFFFIFD,43,34,6,1,77,7,0.6542056074766355,toxic
FYYIVNCV,46,31,4,3,77,7,0.6542056074766355,toxic
ICVYFVFC,47,30,2,5,77,7,0.6542056074766355,toxic
CHLIFVIR,43,34,5,2,77,7,0.6542056074766355,toxic
YFIIGIHL,42,35,4,3,77,7,0.6542056074766355,toxic
FLYYCFCI,48,29,1,6,77,7,0.6542056074766355,toxic
VIVSVIFR,45,32,4,3,77,7,0.6542056074766355,toxic
YIVSVRCF,42,35,4,3,77,7,0.6542056074766355,toxic
VRYNYYGC,66,66,11,15,132,26,0.654320987654321,toxic
VCYFSYYF,47,33,5,3,80,8,0.6545454545454545,toxic
FIFIFVRS,47,33,5,3,80,8,0.6545454545454545,toxic
HGFDYFRD,75,60,17,10,135,27,0.6545454545454545,toxic
CFFCICVI,49,31,5,3,80,8,0.6545454545454545,toxic
GLYIHVVC,49,34,6,3,83,9,0.6548672566371682,toxic
YYFLFCVV,47,36,4,5,83,9,0.6548672566371682,toxic
FFYDLIVC,49,34,6,3,83,9,0.6548672566371682,toxic
VLVFYVYS,65,47,5,14,112,19,0.6549295774647887,toxic
FCCLYYYL,61,51,9,10,112,19,0.6549295774647887,toxic
FYVCFVYC,77,64,14,15,141,29,0.6549707602339181,toxic
FYHDGFDG,79,62,13,16,141,29,0.6549707602339181,toxic
YCVVIGIS,66,49,6,14,115,20,0.6551724137931034,toxic
FFFCVFFG,33,24,0,0,57,0,0.6551724137931034,toxic
FLYHLFLF,34,23,0,0,57,0,0.6551724137931034,toxic
LVCVFIIG,52,34,2,8,86,10,0.6551724137931034,toxic
YIVFRFYV,29,28,0,0,57,0,0.6551724137931034,toxic
VIFCIFVC,66,49,7,13,115,20,0.6551724137931034,toxic
CCFCFYLC,51,38,7,4,89,11,0.6554621848739496,toxic
FDVFFIDF,53,36,4,7,89,11,0.6554621848739496,toxic
VICLIFNN,51,38,1,10,89,11,0.6554621848739496,toxic
FFHFRLRL,37,23,0,1,60,1,0.6555555555555556,toxic
NFLYVCYL,38,22,0,1,60,1,0.6555555555555556,toxic
FFFFFCVV,36,24,1,0,60,1,0.6555555555555556,toxic
YFVLCVVR,39,21,0,1,60,1,0.6555555555555556,toxic
CFCVCFYF,34,26,0,1,60,1,0.6555555555555556,toxic
LFSYLFCF,38,22,1,0,60,1,0.6555555555555556,toxic
LRIFFGCC,35,25,1,0,60,1,0.6555555555555556,toxic
GVFIHFHC,69,52,9,13,121,22,0.6556291390728477,toxic
CFFLLNLR,68,53,13,9,121,22,0.6556291390728477,toxic
VCVLICVN,52,40,8,4,92,12,0.6557377049180327,toxic
CCYIVYFN,54,38,6,6,92,12,0.6557377049180327,toxic
CVFHCVLY,53,39,6,6,92,12,0.6557377049180327,toxic
FVIFCHHL,86,67,12,21,153,33,0.6557377049180327,toxic
FIYVLFFL,48,44,5,7,92,12,0.6557377049180327,toxic
YFLLYFSC,55,37,4,8,92,12,0.6557377049180327,toxic
FYCFGSCC,85,68,14,19,153,33,0.6557377049180327,toxic
NFFDYSSL,118,99,23,32,217,55,0.6558704453441295,toxic
YGFRVVLF,34,29,1,1,63,2,0.6559139784946236,toxic
VVVRFSVF,37,26,2,0,63,2,0.6559139784946236,toxic
YFYFFLSR,35,28,1,1,63,2,0.6559139784946236,toxic
FFLCYFGL,37,26,0,2,63,2,0.6559139784946236,toxic
DFFCIIVH,57,38,4,9,95,13,0.656,toxic
GFCCYFCG,57,41,8,6,98,14,0.65625,toxic
LGRVILFY,40,26,1,2,66,3,0.65625,toxic
NFFFLVCF,32,34,2,1,66,3,0.65625,toxic
FLVLCRCI,39,27,1,2,66,3,0.65625,toxic
DFVCCFVY,39,27,2,1,66,3,0.65625,toxic
FCCSYCLC,54,44,8,6,98,14,0.65625,toxic
FVCFLCLI,42,24,1,2,66,3,0.65625,toxic
CCGCYVRY,74,56,11,14,130,25,0.65625,toxic
FFCDICCF,40,26,2,1,66,3,0.65625,toxic
CVFCCVCF,42,24,0,3,66,3,0.65625,toxic
LFNYCIFI,42,24,0,3,66,3,0.65625,toxic
INCCIVFL,52,49,6,9,101,15,0.6564885496183206,toxic
YYVLVYYY,59,42,10,5,101,15,0.6564885496183206,toxic
CIVIVSFF,52,49,10,5,101,15,0.6564885496183206,toxic
DFIIIRVC,54,47,7,8,101,15,0.6564885496183206,toxic
FCLYFFCR,42,27,1,3,69,4,0.6565656565656566,toxic
HYGYCFVF,37,32,1,3,69,4,0.6565656565656566,toxic
FVYLILFI,39,30,1,3,69,4,0.6565656565656566,toxic
YFVCCFCY,42,27,4,0,69,4,0.6565656565656566,toxic
FCIHCCFG,37,32,1,3,69,4,0.6565656565656566,toxic
FYFCFCFF,43,26,2,2,69,4,0.6565656565656566,toxic
VIFLHYCC,39,30,0,4,69,4,0.6565656565656566,toxic
CGFYIIVL,37,32,3,1,69,4,0.6565656565656566,toxic
FCVYRIII,42,27,3,1,69,4,0.6565656565656566,toxic
CCCGFFYN,74,62,12,15,136,27,0.6566265060240963,toxic
IIVVGHFF,61,43,6,10,104,16,0.6567164179104478,toxic
IFRLFSCH,37,35,3,2,72,5,0.6568627450980392,toxic
CFRCYYFF,43,29,2,3,72,5,0.6568627450980392,toxic
IILFLYVH,43,29,1,4,72,5,0.6568627450980392,toxic
FRVFILSC,39,33,2,3,72,5,0.6568627450980392,toxic
CFCIHCFF,44,28,4,1,72,5,0.6568627450980392,toxic
YCVIGFRC,60,47,7,10,107,17,0.656934306569343,toxic
CFVFYVCC,44,31,1,5,75,6,0.6571428571428571,toxic
FLCLFFVS,45,30,3,3,75,6,0.6571428571428571,toxic
LFVLLVFF,61,49,12,6,110,18,0.6571428571428571,toxic
HIFCFCCL,61,49,9,9,110,18,0.6571428571428571,toxic
LNFVIIFF,43,32,3,3,75,6,0.6571428571428571,toxic
FVFNFYII,44,31,4,2,75,6,0.6571428571428571,toxic
LFGIFVYV,45,30,2,4,75,6,0.6571428571428571,toxic
LYFFILRL,46,29,5,1,75,6,0.6571428571428571,toxic
CFCSILFL,39,36,2,4,75,6,0.6571428571428571,toxic
NCVLIVRC,63,50,12,7,113,19,0.6573426573426573,toxic
LISVCCCY,64,49,7,12,113,19,0.6573426573426573,toxic
YFICLIIY,46,32,1,6,78,7,0.6574074074074074,toxic
FIIGCYCI,47,31,2,5,78,7,0.6574074074074074,toxic
FYIFSCYL,43,35,4,3,78,7,0.6574074074074074,toxic
VLYILYLG,49,32,3,5,81,8,0.6576576576576577,toxic
LLIIHVGV,48,33,4,4,81,8,0.6576576576576577,toxic
FFLFIGCV,42,39,3,5,81,8,0.6576576576576577,toxic
VSCLIFVS,65,54,10,11,119,21,0.6577181208053692,toxic
CCFCFSSR,145,126,31,42,271,73,0.6578073089700996,toxic
FLFYSVIF,46,38,7,2,84,9,0.6578947368421053,toxic
CFYFYCHI,49,35,5,4,84,9,0.6578947368421053,toxic
FCIHIVYG,51,33,4,5,84,9,0.6578947368421053,toxic
VFVFICVC,48,36,3,6,84,9,0.6578947368421053,toxic
FYCVIFVF,51,33,4,5,84,9,0.6578947368421053,toxic
GCNIICFV,88,72,11,24,160,35,0.6578947368421053,toxic
IILVYYLV,68,54,11,11,122,22,0.6578947368421053,toxic
FVCFYCYY,50,34,5,4,84,9,0.6578947368421053,toxic
CYFYVYIH,52,35,4,6,87,10,0.6581196581196581,toxic
CFYCVFFD,49,38,4,6,87,10,0.6581196581196581,toxic
FYIIFFDI,52,35,4,6,87,10,0.6581196581196581,toxic
VYYVFLFV,49,38,7,3,87,10,0.6581196581196581,toxic
YIYCVFGL,53,34,7,3,87,10,0.6581196581196581,toxic
GCGCVFCR,73,55,11,13,128,24,0.6582278481012658,toxic
YCFVFCSV,53,37,5,6,90,11,0.6583333333333333,toxic
VVFLILLV,51,39,7,4,90,11,0.6583333333333333,toxic
VFCICGFF,54,36,5,6,90,11,0.6583333333333333,toxic
GFLIIFVR,50,40,4,7,90,11,0.6583333333333333,toxic
FYCLFFGD,50,40,4,7,90,11,0.6583333333333333,toxic
LFIIFIVY,53,40,8,4,93,12,0.6585365853658537,toxic
IRICCHFV,55,38,3,9,93,12,0.6585365853658537,toxic
YCFVCFVG,54,39,8,4,93,12,0.6585365853658537,toxic
CYIFLDIL,76,61,16,11,137,27,0.6586826347305389,toxic
CGFCVFCI,57,39,7,6,96,13,0.6587301587301587,toxic
YRYVYVIY,59,40,4,10,99,14,0.6589147286821705,toxic
LVSILFLL,38,20,0,0,58,0,0.6590909090909091,toxic
FVLVLFVY,37,21,0,0,58,0,0.6590909090909091,toxic
NVFLVCYL,60,42,5,10,102,15,0.6590909090909091,toxic
LFFLYYFF,37,21,0,0,58,0,0.6590909090909091,toxic
FSLVVCLG,36,22,0,0,58,0,0.6590909090909091,toxic
ICVCCVVF,62,43,9,7,105,16,0.6592592592592592,toxic
LFFFLCVR,35,26,1,0,61,1,0.6593406593406593,toxic
ILCFSLFF,32,29,0,1,61,1,0.6593406593406593,toxic
FFFFVCRC,36,25,0,1,61,1,0.6593406593406593,toxic
CFLFFIFF,33,28,0,1,61,1,0.6593406593406593,toxic
LVYLFYCV,30,31,0,1,61,1,0.6593406593406593,toxic
GIYIFVRL,35,26,0,1,61,1,0.6593406593406593,toxic
FCVLRIIL,40,21,0,1,61,1,0.6593406593406593,toxic
RIRIVFIY,39,22,1,0,61,1,0.6593406593406593,toxic
YLLFIYYF,39,22,1,0,61,1,0.6593406593406593,toxic
YLFVRIVV,34,27,1,0,61,1,0.6593406593406593,toxic
FFFCYYFF,36,25,1,0,61,1,0.6593406593406593,toxic
FIVCGLFF,36,28,1,1,64,2,0.6595744680851063,toxic
YIFCCNFC,63,48,9,9,111,18,0.6595744680851063,toxic
FFVFFYRF,37,27,2,0,64,2,0.6595744680851063,toxic
FIFSLVLF,39,25,1,1,64,2,0.6595744680851063,toxic
YCFCGLCG,64,47,4,14,111,18,0.6595744680851063,toxic
GGFCVVLL,38,26,1,1,64,2,0.6595744680851063,toxic
FHFRVYVV,36,28,0,2,64,2,0.6595744680851063,toxic
VRIVFSLC,41,23,1,1,64,2,0.6595744680851063,toxic
FFYFFCNV,41,23,2,0,64,2,0.6595744680851063,toxic
IFCLSIYL,41,23,2,0,64,2,0.6595744680851063,toxic
HYIYYLLI,38,26,1,1,64,2,0.6595744680851063,toxic
LIFLRFYG,35,29,0,2,64,2,0.6595744680851063,toxic
ICHIYLCI,38,26,2,0,64,2,0.6595744680851063,toxic
IFFICFHL,42,25,1,2,67,3,0.6597938144329897,toxic
VGICLIFY,40,27,0,3,67,3,0.6597938144329897,toxic
CVFFVIHI,40,27,2,1,67,3,0.6597938144329897,toxic
FFCSFVCC,37,30,3,0,67,3,0.6597938144329897,toxic
FIYVVFFF,31,36,1,2,67,3,0.6597938144329897,toxic
FVIVIRYV,42,25,3,0,67,3,0.6597938144329897,toxic
FFYCCVRF,43,24,1,2,67,3,0.6597938144329897,toxic
LLLFFIIH,38,29,0,3,67,3,0.6597938144329897,toxic
YICYFIGD,69,51,11,10,120,21,0.66,toxic
CLYVFHIF,35,35,3,1,70,4,0.66,toxic
VFFFLFSF,42,28,1,3,70,4,0.66,toxic
FGYFFIRL,41,29,1,3,70,4,0.66,toxic
CYVVLYHV,38,32,1,3,70,4,0.66,toxic
FFCVCFRG,44,26,1,3,70,4,0.66,toxic
YYCIYCFF,43,27,1,3,70,4,0.66,toxic
FIYFIYCC,46,27,0,5,73,5,0.6601941747572816,toxic
FLFVLSCL,42,31,4,1,73,5,0.6601941747572816,toxic
CFCFCICL,46,27,2,3,73,5,0.6601941747572816,toxic
FFFVCFLI,43,30,5,0,73,5,0.6601941747572816,toxic
FFVCLVIG,43,30,3,2,73,5,0.6601941747572816,toxic
IVLLIFIR,42,31,4,1,73,5,0.6601941747572816,toxic
YFVFFCCR,44,29,2,3,73,5,0.6601941747572816,toxic
VVFCVIVC,42,31,2,3,73,5,0.6601941747572816,toxic
CFYVFRCV,44,29,5,0,73,5,0.6601941747572816,toxic
LLYVHFRV,42,31,3,2,73,5,0.6601941747572816,toxic
CGFVIILN,44,29,0,5,73,5,0.6601941747572816,toxic
VFIFIFNF,39,34,2,3,73,5,0.6601941747572816,toxic
FIIYCRCV,37,36,1,4,73,5,0.6601941747572816,toxic
IVYSIYFG,40,33,3,2,73,5,0.6601941747572816,toxic
CRICVVSI,69,57,12,11,126,23,0.6602564102564102,toxic
CFYCIHCC,46,30,4,2,76,6,0.660377358490566,toxic
LHFFCLVC,47,29,0,6,76,6,0.660377358490566,toxic
GIYIFVLI,45,31,3,3,76,6,0.660377358490566,toxic
FCSLIHFV,46,33,4,3,79,7,0.6605504587155964,toxic
GRHRCCFV,47,32,5,2,79,7,0.6605504587155964,toxic
YIVFCFRC,46,33,5,2,79,7,0.6605504587155964,toxic
LFISFLCI,47,32,3,4,79,7,0.6605504587155964,toxic
CFICCNYC,47,32,4,3,79,7,0.6605504587155964,toxic
FYFCVFCY,47,35,4,4,82,8,0.6607142857142857,toxic
RHFHVYFY,48,34,3,5,82,8,0.6607142857142857,toxic
FVVFCVRG,50,32,4,4,82,8,0.6607142857142857,toxic
ICICIRCG,44,38,2,6,82,8,0.6607142857142857,toxic
FVVRIYSY,50,32,6,2,82,8,0.6607142857142857,toxic
YVFCYLYF,50,35,4,5,85,9,0.6608695652173913,toxic
IYCCCYGH,52,33,4,5,85,9,0.6608695652173913,toxic
FYVCCFVV,48,37,5,4,85,9,0.6608695652173913,toxic
CFCCIYVV,49,36,5,4,85,9,0.6608695652173913,toxic
IYFYFYCL,51,34,5,4,85,9,0.6608695652173913,toxic
FLCVCVHC,48,40,2,8,88,10,0.6610169491525424,toxic
FYLIFRHI,50,38,5,5,88,10,0.6610169491525424,toxic
FYVYRYLL,49,39,4,6,88,10,0.6610169491525424,toxic
YHVDIYIC,44,44,6,4,88,10,0.6610169491525424,toxic
FCFIYYGL,53,38,6,5,91,11,0.6611570247933884,toxic
FYCYGFCF,54,37,2,9,91,11,0.6611570247933884,toxic
YNLCVIFC,53,38,5,6,91,11,0.6611570247933884,toxic
FRLDFHNF,83,70,16,16,153,32,0.6612021857923497,toxic
CCCFVLGL,56,38,2,10,94,12,0.6612903225806451,toxic
LFSCCVFV,53,44,9,4,97,13,0.6614173228346457,toxic
LCFFFFCH,57,40,5,8,97,13,0.6614173228346457,toxic
LCCYVVFY,55,42,5,8,97,13,0.6614173228346457,toxic
GCSFICYI,90,72,14,21,162,35,0.6614583333333334,toxic
CIILVSCG,57,43,7,7,100,14,0.6615384615384615,toxic
GYDRYCYY,55,48,9,6,103,15,0.6616541353383458,toxic
CVIILCDG,54,52,8,8,106,16,0.6617647058823529,toxic
CCFSCRIR,62,44,11,5,106,16,0.6617647058823529,toxic
FCVCFDCL,58,48,9,7,106,16,0.6617647058823529,toxic
LCCFLISC,66,49,10,9,115,19,0.6620689655172414,toxic
SGCFCLII,64,51,13,6,115,19,0.6620689655172414,toxic
VISCCYFY,66,49,10,9,115,19,0.6620689655172414,toxic
GYLLFFLD,67,54,12,9,121,21,0.6622516556291391,toxic
CVCFFFYI,66,55,6,15,121,21,0.6622516556291391,toxic
YSICVCVH,69,52,10,11,121,21,0.6622516556291391,toxic
CNVCFRFD,72,55,11,12,127,23,0.6624203821656051,toxic
VFSCYIFL,34,25,0,0,59,0,0.6629213483146067,toxic
LLRIFYGI,38,21,0,0,59,0,0.6629213483146067,toxic
FFCCVHFF,36,23,0,0,59,0,0.6629213483146067,toxic
FFGFIFHF,39,20,0,0,59,0,0.6629213483146067,toxic
CCFFSIFF,39,20,0,0,59,0,0.6629213483146067,toxic
FHCFRIIF,39,20,0,0,59,0,0.6629213483146067,toxic
SFIFRILF,33,26,0,0,59,0,0.6629213483146067,toxic
FCICFFGF,38,24,0,1,62,1,0.6630434782608695,toxic
VVFIYFIF,40,22,1,0,62,1,0.6630434782608695,toxic
DFVYLYCF,35,27,1,0,62,1,0.6630434782608695,toxic
FCIIFCGF,41,24,0,2,65,2,0.6631578947368421,toxic
FFFLFCGV,40,25,1,1,65,2,0.6631578947368421,toxic
FDFLIVLF,36,29,1,1,65,2,0.6631578947368421,toxic
ICFCFFRI,39,26,1,1,65,2,0.6631578947368421,toxic
DYIIFRYV,41,24,0,2,65,2,0.6631578947368421,toxic
VYICVIDC,84,76,14,20,160,34,0.6631578947368421,toxic
YVYIYIFF,40,25,1,1,65,2,0.6631578947368421,toxic
YYRIIVCN,41,27,3,0,68,3,0.6632653061224489,toxic
FIFLYGRF,43,25,2,1,68,3,0.6632653061224489,toxic
LFCLFNLY,40,28,1,2,68,3,0.6632653061224489,toxic
VLLCFIRR,42,26,2,1,68,3,0.6632653061224489,toxic
VCLCVLLR,37,31,0,3,68,3,0.6632653061224489,toxic
LCVYIRIH,42,26,0,3,68,3,0.6632653061224489,toxic
LFFGVFFL,40,28,2,1,68,3,0.6632653061224489,toxic
FRIYVFCG,39,29,2,1,68,3,0.6632653061224489,toxic
GYDFIVYF,40,31,2,2,71,4,0.6633663366336634,toxic
FLFCIIVY,41,30,3,1,71,4,0.6633663366336634,toxic
VCFVISCF,45,26,3,1,71,4,0.6633663366336634,toxic
VYINVCLL,39,32,1,3,71,4,0.6633663366336634,toxic
VLCLGYLY,45,26,2,2,71,4,0.6633663366336634,toxic
FHYFFYFL,44,30,2,3,74,5,0.6634615384615384,toxic
FCSCSYYF,41,33,3,2,74,5,0.6634615384615384,toxic
ILVYIYVR,45,29,1,4,74,5,0.6634615384615384,toxic
VFIRRFFI,41,33,1,4,74,5,0.6634615384615384,toxic
CSVCVLIR,43,31,2,3,74,5,0.6634615384615384,toxic
FFCVFVCF,46,28,4,1,74,5,0.6634615384615384,toxic
FCNFCCHF,43,31,2,3,74,5,0.6634615384615384,toxic
FRIFIGYY,46,28,3,2,74,5,0.6634615384615384,toxic
VCLVFVSV,36,41,1,5,77,6,0.6635514018691588,toxic
CLLLVCRS,42,35,1,5,77,6,0.6635514018691588,toxic
YLVFVFCH,47,30,3,3,77,6,0.6635514018691588,toxic
YYLSYIRL,45,32,3,3,77,6,0.6635514018691588,toxic
SVVVFCIR,48,29,4,2,77,6,0.6635514018691588,toxic
LFGFLINC,47,30,5,1,77,6,0.6635514018691588,toxic
LVCYLVIG,46,31,4,2,77,6,0.6635514018691588,toxic
YFVYNVFI,46,31,5,1,77,6,0.6635514018691588,toxic
FVIVFCIR,42,35,3,3,77,6,0.6635514018691588,toxic
FFCFGFVC,46,31,3,3,77,6,0.6635514018691588,toxic
FHFFLYCY,43,37,0,7,80,7,0.6636363636363637,toxic
FCSFYFSF,43,37,2,5,80,7,0.6636363636363637,toxic
RFVISVFC,41,39,2,5,80,7,0.6636363636363637,toxic
LCVLFIIG,50,33,0,8,83,8,0.6637168141592921,toxic
FFCYCYNV,45,38,3,5,83,8,0.6637168141592921,toxic
LCLCCFFG,42,41,5,3,83,8,0.6637168141592921,toxic
LHCIVFSI,49,34,5,3,83,8,0.6637168141592921,toxic
FIVFFCCF,51,32,3,5,83,8,0.6637168141592921,toxic
FCFFCCHF,47,36,5,3,83,8,0.6637168141592921,toxic
FYFCVFRL,48,38,2,7,86,9,0.6637931034482759,toxic
LCVYVFIG,51,35,6,3,86,9,0.6637931034482759,toxic
FCICLLIF,52,34,7,2,86,9,0.6637931034482759,toxic
CYVCFRIV,49,37,5,4,86,9,0.6637931034482759,toxic
VVIIIFVC,48,38,5,4,86,9,0.6637931034482759,toxic
FYCSFVCF,49,37,2,7,86,9,0.6637931034482759,toxic
YFYHICCL,52,34,8,1,86,9,0.6637931034482759,toxic
FVYFIVFC,52,34,2,7,86,9,0.6637931034482759,toxic
IHFRCVIV,46,43,6,4,89,10,0.6638655462184874,toxic
GRRIIVYV,53,36,8,2,89,10,0.6638655462184874,toxic
LFCCFCLS,45,47,4,7,92,11,0.6639344262295082,toxic
CCCFHCVF,55,37,6,5,92,11,0.6639344262295082,toxic
CCYYLCFF,51,41,4,7,92,11,0.6639344262295082,toxic
FCCCFCYY,54,38,3,8,92,11,0.6639344262295082,toxic
CHVCGRFR,49,43,2,9,92,11,0.6639344262295082,toxic
GYGDFCRY,55,37,8,3,92,11,0.6639344262295082,toxic
CGFVIFFF,53,42,7,5,95,12,0.664,toxic
FVCFVCHY,54,47,6,8,101,14,0.6641221374045801,toxic
YYCFHCYI,60,41,5,9,101,14,0.6641221374045801,toxic
FCDLCFCL,62,45,7,9,107,16,0.6642335766423357,toxic
FVFVSIFY,61,46,9,7,107,16,0.6642335766423357,toxic
VYHFFVCC,61,49,9,8,110,17,0.6642857142857143,toxic
CIGYCFRF,62,48,11,6,110,17,0.6642857142857143,toxic
CCVLISLG,66,47,5,13,113,18,0.6643356643356644,toxic
FHYFLGVI,64,55,11,9,119,20,0.6644295302013423,toxic
FFFCGCLV,69,53,12,9,122,21,0.6644736842105263,toxic
FCIVYCNC,71,54,9,13,125,22,0.6645161290322581,toxic
FIDNFRVF,147,133,44,30,280,74,0.6645161290322581,toxic
IFICYCSC,75,56,12,12,131,24,0.6645962732919255,toxic
CCYCFDVS,84,65,13,17,149,30,0.664804469273743,toxic
FLVLVCCL,83,66,15,15,149,30,0.664804469273743,toxic
FCFFYCLF,39,27,0,2,66,2,0.6666666666666666,toxic
GLCFVFNY,76,59,11,14,135,25,0.6666666666666666,toxic
CCFCSVLY,46,35,5,2,81,7,0.6666666666666666,toxic
LISFHILY,48,33,3,4,81,7,0.6666666666666666,toxic
FGHSYYYG,83,88,17,20,171,37,0.6666666666666666,toxic
NCCCVYFL,55,41,5,7,96,12,0.6666666666666666,toxic
VVIFCFGG,57,48,10,5,105,15,0.6666666666666666,toxic
FCCYFRIV,39,30,1,2,69,3,0.6666666666666666,toxic
SVFVFYLV,41,28,3,0,69,3,0.6666666666666666,toxic
RRCIFVLC,41,25,2,0,66,2,0.6666666666666666,toxic
FFSRFFFV,41,22,0,1,63,1,0.6666666666666666,toxic
GLYCCVCC,52,47,8,5,99,13,0.6666666666666666,toxic
YFFFHFFV,40,26,1,1,66,2,0.6666666666666666,toxic
FFVFCCCV,52,35,2,7,87,9,0.6666666666666666,toxic
IYVCVVVV,43,26,0,3,69,3,0.6666666666666666,toxic
GYVCVYCV,39,39,3,3,78,6,0.6666666666666666,toxic
RYIVLGVC,77,67,13,15,144,28,0.6666666666666666,toxic
RFLVVYSF,50,34,6,2,84,8,0.6666666666666666,toxic
RFLYYVFV,43,29,2,2,72,4,0.6666666666666666,toxic
FISFFRCY,33,33,0,2,66,2,0.6666666666666666,toxic
RFCFLLLS,44,28,1,3,72,4,0.6666666666666666,toxic
CFCCCLYF,57,39,6,6,96,12,0.6666666666666666,toxic
LFLISVFG,39,30,2,1,69,3,0.6666666666666666,toxic
SCLILRVL,42,24,2,0,66,2,0.6666666666666666,toxic
CHCLVCSG,89,82,13,24,171,37,0.6666666666666666,toxic
VYYFYYCV,41,25,1,1,66,2,0.6666666666666666,toxic
FNVFFFCI,46,35,4,3,81,7,0.6666666666666666,toxic
FFVVDILF,42,24,1,1,66,2,0.6666666666666666,toxic
VCFRVILG,51,33,4,4,84,8,0.6666666666666666,toxic
YLVCIYDV,63,45,11,5,108,16,0.6666666666666666,toxic
VIVFIYLV,45,30,2,3,75,5,0.6666666666666666,toxic
VCRDGFHY,61,47,9,7,108,16,0.6666666666666666,toxic
FIHFVFCL,50,31,5,2,81,7,0.6666666666666666,toxic
YYVFFLLF,46,32,3,3,78,6,0.6666666666666666,toxic
FYFYLFDI,47,34,3,4,81,7,0.6666666666666666,toxic
CYISFFYI,43,26,2,1,69,3,0.6666666666666666,toxic
CFCVFFFF,45,30,1,4,75,5,0.6666666666666666,toxic
CGFCYCCI,48,30,3,3,78,6,0.6666666666666666,toxic
FIFCCFCH,53,34,5,4,87,9,0.6666666666666666,toxic
CCLRYYCC,46,32,3,3,78,6,0.6666666666666666,toxic
FFSIRIIY,41,25,1,1,66,2,0.6666666666666666,toxic
CYCFFIRY,50,37,4,5,87,9,0.6666666666666666,toxic
ICFCLVCG,49,32,5,2,81,7,0.6666666666666666,toxic
FFFYYCCC,46,29,2,3,75,5,0.6666666666666666,toxic
FYLLRCVF,34,26,0,0,60,0,0.6666666666666666,toxic
ICCIRVIL,39,30,2,1,69,3,0.6666666666666666,toxic
FFNFFHFF,46,41,3,6,87,9,0.6666666666666666,toxic
FFCILFFC,44,34,3,3,78,6,0.6666666666666666,toxic
VLCFCYFR,45,36,4,3,81,7,0.6666666666666666,toxic
LLVFVCCH,51,42,6,5,93,11,0.6666666666666666,toxic
YYCVRRYG,48,36,2,6,84,8,0.6666666666666666,toxic
HFCYICCL,43,29,0,4,72,4,0.6666666666666666,toxic
VVFFICYC,48,30,3,3,78,6,0.6666666666666666,toxic
FYVYGRFF,34,26,0,0,60,0,0.6666666666666666,toxic
LLSFFCIY,43,32,1,4,75,5,0.6666666666666666,toxic
FFFFYFCC,39,27,1,1,66,2,0.6666666666666666,toxic
DVFFIVCG,39,30,2,1,69,3,0.6666666666666666,toxic
IFFCCIGF,36,33,2,1,69,3,0.6666666666666666,toxic
VICYIVRY,40,26,0,2,66,2,0.6666666666666666,toxic
NYGYSVFR,89,73,21,13,162,34,0.6666666666666666,toxic
LFIHVVFF,35,28,0,1,63,1,0.6666666666666666,toxic
FVLFHVRL,47,31,2,4,78,6,0.6666666666666666,toxic
LVVCFCFV,48,33,3,4,81,7,0.6666666666666666,toxic
VNVFFIHV,40,35,1,4,75,5,0.6666666666666666,toxic
YVVCRLFF,37,23,0,0,60,0,0.6666666666666666,toxic
VVFVILDY,42,39,4,3,81,7,0.6666666666666666,toxic
FCVGLFFC,49,44,5,6,93,11,0.6666666666666666,toxic
YYVSIFHF,48,30,5,1,78,6,0.6666666666666666,toxic
FCYHHYYC,39,30,3,0,69,3,0.6666666666666666,toxic
FCYVIFCI,46,29,2,3,75,5,0.6666666666666666,toxic
FVFVCCVC,42,36,1,5,78,6,0.6666666666666666,toxic
FFHLCFVR,39,27,0,2,66,2,0.6666666666666666,toxic
FCINVFII,40,29,2,1,69,3,0.6666666666666666,toxic
IRYCVCIL,49,32,7,0,81,7,0.6666666666666666,toxic
FSFFCSIL,46,32,4,2,78,6,0.6666666666666666,toxic
VFFCIFCC,45,36,2,5,81,7,0.6666666666666666,toxic
FYLVYCYY,54,42,6,6,96,12,0.6666666666666666,toxic
CHFYCVLV,47,34,5,2,81,7,0.6666666666666666,toxic
VFFFCYYY,42,30,1,3,72,4,0.6666666666666666,toxic
GIRCCICF,47,28,2,3,75,5,0.6666666666666666,toxic
GLCLLCSL,64,50,8,10,114,18,0.6666666666666666,toxic
VFHLVLLF,35,28,0,1,63,1,0.6666666666666666,toxic
FYVCCCFH,48,39,7,2,87,9,0.6666666666666666,toxic
NYCLNFGI,37,26,1,0,63,1,0.6666666666666666,toxic
VYFRLVLG,38,31,1,2,69,3,0.6666666666666666,toxic
FFLRCIIG,40,23,1,0,63,1,0.6666666666666666,toxic
FSYYGFCL,82,63,15,13,145,28,0.6685714285714286,toxic
CFIFCYSS,78,64,13,14,142,27,0.6686046511627907,toxic
FYCFSICV,71,62,9,15,133,24,0.6687116564417178,toxic
FYGCCLFY,67,63,12,11,130,23,0.66875,toxic
CCFRFRFC,73,54,13,9,127,22,0.6687898089171974,toxic
CFGLVVRI,70,54,9,12,124,21,0.6688311688311688,toxic
CVDCYLCR,62,47,5,11,109,16,0.6690647482014388,toxic
LVIYCFHD,59,47,6,9,106,15,0.6691176470588235,toxic
CLYRIHRY,60,43,9,5,103,14,0.6691729323308271,toxic
FCIIGFCY,58,42,5,8,100,13,0.6692307692307692,toxic
FLCGVIVL,55,45,6,7,100,13,0.6692307692307692,toxic
FFVYFCGC,57,43,6,7,100,13,0.6692307692307692,toxic
CFCYVFSV,58,39,5,7,97,12,0.6692913385826772,toxic
GHVRYILI,57,40,8,4,97,12,0.6692913385826772,toxic
IICFYFFC,56,38,5,6,94,11,0.6693548387096774,toxic
YFVRHFFV,54,37,2,8,91,10,0.6694214876033058,toxic
HRYVFLHF,52,36,3,6,88,9,0.6694915254237288,toxic
LFYCGCYY,45,43,4,5,88,9,0.6694915254237288,toxic
YLYFDFSF,48,40,3,6,88,9,0.6694915254237288,toxic
YIIVVCHS,52,33,2,6,85,8,0.6695652173913044,toxic
YHIILLNC,48,37,3,5,85,8,0.6695652173913044,toxic
FLILFSCF,49,36,3,5,85,8,0.6695652173913044,toxic
FIFCFYVH,52,33,4,4,85,8,0.6695652173913044,toxic
GFIFCIGC,52,33,4,4,85,8,0.6695652173913044,toxic
FLVLFCVI,48,37,4,4,85,8,0.6695652173913044,toxic
LLIGLFLR,50,32,1,6,82,7,0.6696428571428571,toxic
IFCFSYLL,49,33,6,1,82,7,0.6696428571428571,toxic
FCIVYYVV,49,33,3,4,82,7,0.6696428571428571,toxic
CIHIVFIY,50,32,4,3,82,7,0.6696428571428571,toxic
FYFCSFFS,49,33,2,5,82,7,0.6696428571428571,toxic
RIFVFVSC,48,34,5,2,82,7,0.6696428571428571,toxic
FFYLCCGF,47,35,2,5,82,7,0.6696428571428571,toxic
VLIYVFCC,43,36,0,6,79,6,0.6697247706422018,toxic
FLVFLYRF,47,32,2,4,79,6,0.6697247706422018,toxic
IFVSFFCY,47,32,2,4,79,6,0.6697247706422018,toxic
VRYFVCRI,49,30,4,2,79,6,0.6697247706422018,toxic
NIFCLYVF,48,31,0,6,79,6,0.6697247706422018,toxic
VFLIFYGI,47,32,1,5,79,6,0.6697247706422018,toxic
LRVCVYYF,45,34,2,4,79,6,0.6697247706422018,toxic
YCFFVFLY,46,33,3,3,79,6,0.6697247706422018,toxic
SLIVYVRG,46,33,3,3,79,6,0.6697247706422018,toxic
CYGGCHHY,100,85,25,16,185,41,0.6697674418604651,toxic
LFVFCCVV,45,31,2,3,76,5,0.6698113207547169,toxic
YCVRICFH,40,36,2,3,76,5,0.6698113207547169,toxic
FHFIRLCL,40,36,3,2,76,5,0.6698113207547169,toxic
CFGVFYCF,47,29,2,3,76,5,0.6698113207547169,toxic
FFVICCCF,40,33,2,2,73,4,0.6699029126213593,toxic
FHCYRFIF,46,27,2,2,73,4,0.6699029126213593,toxic
FFLCFSSF,45,28,3,1,73,4,0.6699029126213593,toxic
SCFYFIIY,45,28,2,2,73,4,0.6699029126213593,toxic
VYLSYFFF,40,33,3,1,73,4,0.6699029126213593,toxic
FYFIYVFF,45,28,0,4,73,4,0.6699029126213593,toxic
YIFCYLGV,33,40,2,2,73,4,0.6699029126213593,toxic
FFGCLFVI,40,33,2,2,73,4,0.6699029126213593,toxic
CYCYLYYF,43,30,2,2,73,4,0.6699029126213593,toxic
FFCGLVYF,45,28,3,1,73,4,0.6699029126213593,toxic
FNCCFYCG,96,77,17,20,173,37,0.6699507389162561,toxic
YFGFSIVF,40,30,2,1,70,3,0.67,toxic
FVLCYLRR,38,32,2,1,70,3,0.67,toxic
LFYFFCYY,42,28,2,1,70,3,0.67,toxic
FSICCVIV,38,32,0,3,70,3,0.67,toxic
RVYVVVYC,39,31,2,1,70,3,0.67,toxic
FFFCVGFC,41,26,2,0,67,2,0.6701030927835051,toxic
CFFYLYGF,40,27,2,0,67,2,0.6701030927835051,toxic
FGLRILYF,39,28,1,1,67,2,0.6701030927835051,toxic
FFHFIGCI,43,24,2,0,67,2,0.6701030927835051,toxic
IYFCCCIY,38,29,1,1,67,2,0.6701030927835051,toxic
IIVCRIYG,38,29,1,1,67,2,0.6701030927835051,toxic
ICFHFYCF,40,27,1,1,67,2,0.6701030927835051,toxic
GICGYFFF,40,27,1,1,67,2,0.6701030927835051,toxic
LLCFRFRV,43,24,0,2,67,2,0.6701030927835051,toxic
IRFFVVIR,33,34,2,0,67,2,0.6701030927835051,toxic
CFFVVICC,42,25,2,0,67,2,0.6701030927835051,toxic
YIVRFVFF,36,31,0,2,67,2,0.6701030927835051,toxic
GICRIVFI,38,26,0,1,64,1,0.6702127659574468,toxic
FFFYRFCL,38,26,1,0,64,1,0.6702127659574468,toxic
VVVCLFFC,37,27,0,1,64,1,0.6702127659574468,toxic
YVRLSFLY,41,23,0,1,64,1,0.6702127659574468,toxic
FFYVIFRG,36,28,0,1,64,1,0.6702127659574468,toxic
RCILYVYF,40,24,0,1,64,1,0.6702127659574468,toxic
FLLFSIVC,40,24,1,0,64,1,0.6702127659574468,toxic
FYFFVLVN,36,28,1,0,64,1,0.6702127659574468,toxic
LIILFYCY,40,21,0,0,61,0,0.6703296703296703,toxic
FFFGCCFF,36,25,0,0,61,0,0.6703296703296703,toxic
FCVLRLFV,34,27,0,0,61,0,0.6703296703296703,toxic
LFSFVVIC,37,24,0,0,61,0,0.6703296703296703,toxic
LCCYNLFL,84,68,11,19,152,30,0.6703296703296703,toxic
CGGRCCFG,39,22,0,0,61,0,0.6703296703296703,toxic
VRVRVFCF,35,26,0,0,61,0,0.6703296703296703,toxic
GRFRYDFY,79,61,9,17,140,26,0.6705882352941176,toxic
FCVCCGVI,77,63,12,14,140,26,0.6705882352941176,toxic
CCLIVVGN,71,54,15,6,125,21,0.6709677419354839,toxic
VSICYVCL,63,53,10,8,116,18,0.6712328767123288,toxic
FCFVVVIN,62,51,5,12,113,17,0.6713286713286714,toxic
GYDLVVFV,65,48,8,9,113,17,0.6713286713286714,toxic
FYCIYCHC,64,46,3,13,110,16,0.6714285714285714,toxic
VNFFVYVF,59,48,9,6,107,15,0.6715328467153284,toxic
VCCICDCY,57,50,5,10,107,15,0.6715328467153284,toxic
CGCFVYLL,56,51,5,10,107,15,0.6715328467153284,toxic
DYRVVIVV,52,52,9,5,104,14,0.6716417910447762,toxic
FYDSFILF,56,48,8,6,104,14,0.6716417910447762,toxic
FFVLVGSL,60,44,6,8,104,14,0.6716417910447762,toxic
CYLYYVRH,87,81,18,17,168,35,0.6717171717171717,toxic
VYIIRVYC,59,42,6,7,101,13,0.6717557251908397,toxic
FYISYYHF,58,43,4,9,101,13,0.6717557251908397,toxic
YIFFFCFC,57,44,3,10,101,13,0.6717557251908397,toxic
YHFRGLFY,88,77,18,16,165,34,0.6717948717948717,toxic
CVIICYFH,52,43,3,8,95,11,0.672,toxic
FICLICVH,57,38,3,8,95,11,0.672,toxic
FLVLRCCI,56,39,6,5,95,11,0.672,toxic
LYFVIFCI,57,38,5,6,95,11,0.672,toxic
ILRLCRFV,56,39,5,6,95,11,0.672,toxic
CLFVCYRV,54,41,5,6,95,11,0.672,toxic
FVVLISFC,49,43,5,5,92,10,0.6721311475409836,toxic
FHCYILVV,50,39,3,6,89,9,0.6722689075630253,toxic
RYRIVVFN,50,39,6,3,89,9,0.6722689075630253,toxic
FYFFCHFG,52,37,4,5,89,9,0.6722689075630253,toxic
VFVLFICV,50,39,4,5,89,9,0.6722689075630253,toxic
SIFIVYRC,52,34,5,3,86,8,0.6724137931034483,toxic
VHCVIYSF,80,64,16,11,144,27,0.6724137931034483,toxic
CLFLIYIF,47,36,4,3,83,7,0.672566371681416,toxic
YLFLCVCC,50,33,2,5,83,7,0.672566371681416,toxic
CFYYVIYG,51,32,1,6,83,7,0.672566371681416,toxic
FLICCCIG,50,33,6,1,83,7,0.672566371681416,toxic
YRFFCVFR,49,34,2,5,83,7,0.672566371681416,toxic
CCVFYLCG,45,38,2,5,83,7,0.672566371681416,toxic
YFVIRVVD,76,62,15,10,138,25,0.6726190476190477,toxic
FVSFVLCF,42,38,2,4,80,6,0.6727272727272727,toxic
RIVIVNFI,48,32,4,2,80,6,0.6727272727272727,toxic
CFVFVYVF,45,35,5,1,80,6,0.6727272727272727,toxic
SCCYIFVV,49,31,2,4,80,6,0.6727272727272727,toxic
IISYCFYV,44,36,3,3,80,6,0.6727272727272727,toxic
FCYVCIIY,47,33,4,2,80,6,0.6727272727272727,toxic
YYFCFFRG,47,33,2,4,80,6,0.6727272727272727,toxic
VVCVFICV,48,29,3,2,77,5,0.6728971962616822,toxic
YYCFCVHI,43,34,1,4,77,5,0.6728971962616822,toxic
FFVIFCLC,46,31,3,2,77,5,0.6728971962616822,toxic
YCCFCIRI,46,31,3,2,77,5,0.6728971962616822,toxic
FFYFSFIG,48,29,2,3,77,5,0.6728971962616822,toxic
FDIFVFCF,44,33,2,3,77,5,0.6728971962616822,toxic
FYFCICFR,47,30,2,3,77,5,0.6728971962616822,toxic
IINICVCF,42,35,3,2,77,5,0.6728971962616822,toxic
RYVFCFCC,43,34,2,3,77,5,0.6728971962616822,toxic
FYLNVCCF,42,32,0,4,74,4,0.6730769230769231,toxic
YFYSICFV,40,34,1,3,74,4,0.6730769230769231,toxic
CLVCFRFV,45,29,3,1,74,4,0.6730769230769231,toxic
FCVCLFGC,44,30,3,1,74,4,0.6730769230769231,toxic
FYLLLCCC,45,29,2,2,74,4,0.6730769230769231,toxic
FNLCVHFV,46,28,2,2,74,4,0.6730769230769231,toxic
VVVYFCFG,40,31,1,2,71,3,0.6732673267326733,toxic
VSIRIVCC,45,26,1,2,71,3,0.6732673267326733,toxic
FFLCCVSY,41,30,1,2,71,3,0.6732673267326733,toxic
VYYVLLCV,40,31,1,2,71,3,0.6732673267326733,toxic
YLCFHCFF,41,30,2,1,71,3,0.6732673267326733,toxic
IVCVIFRN,42,29,2,1,71,3,0.6732673267326733,toxic
YRFYVVCV,42,29,1,2,71,3,0.6732673267326733,toxic
ICFVYFFG,40,31,3,0,71,3,0.6732673267326733,toxic
VFGFLVVG,69,51,10,9,120,19,0.6733333333333333,toxic
HYNLVYVI,69,51,10,9,120,19,0.6733333333333333,toxic
FICIFCRG,42,26,1,1,68,2,0.673469387755102,toxic
YFFFFLCF,43,25,0,2,68,2,0.673469387755102,toxic
YFVVVICY,40,28,2,0,68,2,0.673469387755102,toxic
FSLFLIGF,41,27,0,2,68,2,0.673469387755102,toxic
LIYYVFSF,39,29,2,0,68,2,0.673469387755102,toxic
FFFGISFC,43,25,2,0,68,2,0.673469387755102,toxic
CVFHIVCF,39,29,1,1,68,2,0.673469387755102,toxic
HICFGIYF,42,26,0,2,68,2,0.673469387755102,toxic
CICLCFRL,42,26,0,2,68,2,0.673469387755102,toxic
ICYIVFHY,41,27,1,1,68,2,0.673469387755102,toxic
VFFLFFRC,41,27,0,2,68,2,0.673469387755102,toxic
IVVYCRVS,62,52,5,12,114,17,0.6736111111111112,toxic
CFVVVSFY,37,28,1,0,65,1,0.6736842105263158,toxic
VIFFVRFF,40,25,1,0,65,1,0.6736842105263158,toxic
ILCFLRGF,42,23,1,0,65,1,0.6736842105263158,toxic
CIVIVIVV,41,24,0,1,65,1,0.6736842105263158,toxic
LIYCVLDL,58,53,6,10,111,16,0.6737588652482269,toxic
YYFCHCLF,62,49,7,9,111,16,0.6737588652482269,toxic
FVCCFIRV,35,27,0,0,62,0,0.6739130434782609,toxic
FVFFRVLF,36,26,0,0,62,0,0.6739130434782609,toxic
FFRFCLFV,31,31,0,0,62,0,0.6739130434782609,toxic
FRYVFLFF,40,22,0,0,62,0,0.6739130434782609,toxic
CCVVLVGL,63,45,6,9,108,15,0.6739130434782609,toxic
RFLIFFFV,36,26,0,0,62,0,0.6739130434782609,toxic
FFFFSFLV,38,24,0,0,62,0,0.6739130434782609,toxic
CYFCFYRI,38,24,0,0,62,0,0.6739130434782609,toxic
CYLVFYYF,60,45,8,6,105,14,0.674074074074074,toxic
YYFYRSYV,58,47,9,5,105,14,0.674074074074074,toxic
YYIRYFVV,57,48,6,8,105,14,0.674074074074074,toxic
VCYFGCFF,81,67,18,10,148,28,0.6741573033707865,toxic
NCSSYSYF,59,43,4,9,102,13,0.6742424242424242,toxic
NCICLFCL,49,53,7,6,102,13,0.6742424242424242,toxic
CFYHCVYF,101,87,18,23,188,41,0.6743119266055045,toxic
YGNFVVFL,54,45,5,7,99,12,0.6744186046511628,toxic
CYFNFVFV,57,42,6,6,99,12,0.6744186046511628,toxic
CICCVLFY,46,53,8,4,99,12,0.6744186046511628,toxic
CIVLLSVL,77,62,14,11,139,25,0.6745562130177515,toxic
FIVIIFFV,56,40,6,5,96,11,0.6746031746031746,toxic
CYVCICDF,54,42,3,8,96,11,0.6746031746031746,toxic
IICVCFIR,57,39,5,6,96,11,0.6746031746031746,toxic
RVFFLYFS,51,42,7,3,93,10,0.6747967479674797,toxic
RVVGVVIL,56,37,9,1,93,10,0.6747967479674797,toxic
GFIFVYVH,50,43,6,4,93,10,0.6747967479674797,toxic
LRRCIICY,51,42,3,7,93,10,0.6747967479674797,toxic
FCYYIFHL,47,46,5,5,93,10,0.6747967479674797,toxic
CIVLCLRC,52,38,6,3,90,9,0.675,toxic
IICYYIVS,54,36,2,7,90,9,0.675,toxic
IFICCFRG,54,36,8,1,90,9,0.675,toxic
FYDCFFFI,54,36,6,3,90,9,0.675,toxic
FLYIILGV,49,38,5,3,87,8,0.6752136752136753,toxic
CCYLFLLG,48,39,4,4,87,8,0.6752136752136753,toxic
FFNCRFFS,50,34,4,3,84,7,0.6754385964912281,toxic
FCFVYLVV,46,38,3,4,84,7,0.6754385964912281,toxic
GFFCFYFC,51,33,2,5,84,7,0.6754385964912281,toxic
LCVCFCVC,49,35,2,5,84,7,0.6754385964912281,toxic
VIFVFNVV,50,34,5,2,84,7,0.6754385964912281,toxic
FFGFVVIF,46,38,5,2,84,7,0.6754385964912281,toxic
YVCLCCVR,67,54,7,12,121,19,0.6754966887417219,toxic
CSCFVFHV,64,57,8,11,121,19,0.6754966887417219,toxic
FFFCLFNS,48,33,3,3,81,6,0.6756756756756757,toxic
CCHYFLGF,67,51,4,14,118,18,0.6756756756756757,toxic
YIILHFSI,46,35,1,5,81,6,0.6756756756756757,toxic
ICCCIFVY,50,31,1,5,81,6,0.6756756756756757,toxic
FICCIHIG,50,31,3,3,81,6,0.6756756756756757,toxic
CDICVFIF,44,37,0,6,81,6,0.6756756756756757,toxic
CYICIRCG,47,34,4,2,81,6,0.6756756756756757,toxic
GCVCFYVL,64,51,7,10,115,17,0.6758620689655173,toxic
CIHFCGGI,66,49,9,8,115,17,0.6758620689655173,toxic
CVFFFIYD,46,32,2,3,78,5,0.6759259259259259,toxic
SVFFLIFC,47,31,3,2,78,5,0.6759259259259259,toxic
NHLLFFFL,40,38,2,3,78,5,0.6759259259259259,toxic
LFVYIFGI,47,31,2,3,78,5,0.6759259259259259,toxic
FRVSLLVY,45,33,1,4,78,5,0.6759259259259259,toxic
FLIIVYGY,46,32,2,3,78,5,0.6759259259259259,toxic
FLVVFICL,48,30,5,0,78,5,0.6759259259259259,toxic
ICVCVFVC,45,33,2,3,78,5,0.6759259259259259,toxic
FCFCFFGL,46,32,4,1,78,5,0.6759259259259259,toxic
SCVVCFVC,61,51,6,10,112,16,0.676056338028169,toxic
CVLCCYCV,82,64,16,11,146,27,0.6761363636363636,toxic
CFFFRFCY,42,33,2,2,75,4,0.6761904761904762,toxic
ILIIYLYI,44,31,3,1,75,4,0.6761904761904762,toxic
IFRIHLVC,46,29,2,2,75,4,0.6761904761904762,toxic
VILFRIVY,44,31,2,2,75,4,0.6761904761904762,toxic
FCCIYCFF,47,28,2,2,75,4,0.6761904761904762,toxic
VIGFVIYC,64,45,7,8,109,15,0.6762589928057554,toxic
CIFVYFCR,43,29,2,1,72,3,0.6764705882352942,toxic
IFIFVYFL,44,28,2,1,72,3,0.6764705882352942,toxic
FLICLRYL,58,45,8,5,103,13,0.6766917293233082,toxic
CNIVCIYN,61,42,6,7,103,13,0.6766917293233082,toxic
FFFFCFRL,41,28,1,1,69,2,0.6767676767676768,toxic
RCRLIFCY,33,36,1,1,69,2,0.6767676767676768,toxic
LSFCCIFI,38,31,0,2,69,2,0.6767676767676768,toxic
LLVRFYFH,40,29,2,0,69,2,0.6767676767676768,toxic
CLYRVIVL,41,28,0,2,69,2,0.6767676767676768,toxic
FYSISIIF,43,26,1,1,69,2,0.6767676767676768,toxic
LYLICCVF,37,32,1,1,69,2,0.6767676767676768,toxic
FYFGIYFR,44,25,0,2,69,2,0.6767676767676768,toxic
VFFIIDCF,39,30,0,2,69,2,0.6767676767676768,toxic
LVYYYVVC,41,28,1,1,69,2,0.6767676767676768,toxic
LYFCFHCF,35,34,1,1,69,2,0.6767676767676768,toxic
LVFLRVLL,43,26,0,2,69,2,0.6767676767676768,toxic
FFFHFCGY,72,62,14,9,134,23,0.676829268292683,toxic
CLGCYLSV,75,59,14,9,134,23,0.676829268292683,toxic
FDCNYHLY,90,75,14,19,165,33,0.676923076923077,toxic
ISFVVVFN,53,47,3,9,100,12,0.676923076923077,toxic
FNGFIFLF,58,42,8,4,100,12,0.676923076923077,toxic
YVFLVIYY,41,25,1,0,66,1,0.6770833333333334,toxic
GFHVFHFV,41,25,0,1,66,1,0.6770833333333334,toxic
FYCFFRVC,39,27,0,1,66,1,0.6770833333333334,toxic
HCFFYFYG,55,42,4,7,97,11,0.6771653543307087,toxic
FFVHILGV,50,47,4,7,97,11,0.6771653543307087,toxic
FFNFFCFC,32,31,0,0,63,0,0.6774193548387096,toxic
LRRLFRCF,40,23,0,0,63,0,0.6774193548387096,toxic
FFCIVCSV,50,44,3,7,94,10,0.6774193548387096,toxic
FCFFHCFF,37,26,0,0,63,0,0.6774193548387096,toxic
IVRHFFFC,31,32,0,0,63,0,0.6774193548387096,toxic
VIVIFCCS,64,58,8,11,122,19,0.6776315789473685,toxic
FCIFFYFV,54,37,7,2,91,9,0.6776859504132231,toxic
SCVYVYCY,54,37,1,8,91,9,0.6776859504132231,toxic
LSCVCVII,55,36,6,3,91,9,0.6776859504132231,toxic
YFSLCVHL,52,36,4,4,88,8,0.6779661016949152,toxic
YLLFCGIF,51,37,4,4,88,8,0.6779661016949152,toxic
NCVFVVYC,51,37,2,6,88,8,0.6779661016949152,toxic
FVVCRVCI,52,36,2,6,88,8,0.6779661016949152,toxic
FYVCVFSF,66,50,9,8,116,17,0.678082191780822,toxic
FVCVGNLC,109,91,20,24,200,44,0.6782608695652174,toxic
CCYYVLVC,52,33,2,5,85,7,0.6782608695652174,toxic
VFLYVCYH,51,34,5,2,85,7,0.6782608695652174,toxic
LCFGFICC,75,66,15,10,141,25,0.6783625730994152,toxic
SCHILLVV,45,37,3,3,82,6,0.6785714285714286,toxic
LCIVIIFF,44,38,3,3,82,6,0.6785714285714286,toxic
ICCSIVFC,46,36,3,3,82,6,0.6785714285714286,toxic
CVFFGLVC,48,34,4,2,82,6,0.6785714285714286,toxic
CFYCRCDC,89,74,14,18,163,32,0.6787564766839378,toxic
FCVFFYFS,55,52,6,8,107,14,0.6788321167883211,toxic
CICYFVCF,46,33,2,3,79,5,0.6788990825688074,toxic
FFCVFRCH,57,47,3,10,104,13,0.6791044776119403,toxic
FCCIFGCY,61,43,4,9,104,13,0.6791044776119403,toxic
NIYCICFL,61,43,8,5,104,13,0.6791044776119403,toxic
GLLVFFVC,72,57,11,10,129,21,0.6792452830188679,toxic
FIFVIVLC,44,32,1,3,76,4,0.6792452830188679,toxic
LYYFRFIC,44,32,1,3,76,4,0.6792452830188679,toxic
FCCFFHIL,45,31,0,4,76,4,0.6792452830188679,toxic
FCCYHGCC,74,55,10,11,129,21,0.6792452830188679,toxic
CYCIYVFF,44,32,4,0,76,4,0.6792452830188679,toxic
FCCFFFVL,46,30,3,1,76,4,0.6792452830188679,toxic
VGCFYIVC,83,71,13,16,154,29,0.6793478260869565,toxic
CFCIFCCC,60,41,6,6,101,12,0.6793893129770993,toxic
CHFCGIVY,93,86,19,18,179,37,0.6794258373205742,toxic
GSIFVFID,85,66,20,8,151,28,0.6795580110497238,toxic
FFLGYFVF,46,27,2,1,73,3,0.6796116504854369,toxic
RCYFFVGF,39,34,2,1,73,3,0.6796116504854369,toxic
GHCYFLVI,40,33,2,1,73,3,0.6796116504854369,toxic
FYCFYLLV,46,27,2,1,73,3,0.6796116504854369,toxic
FYIVRFFG,39,34,0,3,73,3,0.6796116504854369,toxic
FLVFFFCC,44,29,0,3,73,3,0.6796116504854369,toxic
VFVFCLGF,41,32,1,2,73,3,0.6796116504854369,toxic
YYFFSFLC,41,32,2,1,73,3,0.6796116504854369,toxic
LIFCVYCG,42,31,2,1,73,3,0.6796116504854369,toxic
YFICLCGI,69,54,8,11,123,19,0.6797385620915033,toxic
ILFYYCGF,41,29,0,2,70,2,0.68,toxic
YCVFFYGS,55,40,4,6,95,10,0.68,toxic
FFVCCCYF,42,28,1,1,70,2,0.68,toxic
VVLIIVVF,41,29,1,1,70,2,0.68,toxic
ILLYFIVI,57,38,6,4,95,10,0.68,toxic
FNCLCRCF,68,49,9,8,117,17,0.6802721088435374,toxic
CICHRCVF,68,49,6,11,117,17,0.6802721088435374,toxic
HYGVIVVF,54,38,4,5,92,9,0.680327868852459,toxic
ICVLVNVF,54,38,3,6,92,9,0.680327868852459,toxic
FFFCYFFR,55,37,5,4,92,9,0.680327868852459,toxic
SCCLICIF,55,37,4,5,92,9,0.680327868852459,toxic
CIVVFYCC,49,43,4,5,92,9,0.680327868852459,toxic
CYVIIVIY,41,26,0,1,67,1,0.6804123711340206,toxic
LVISFHCV,38,29,0,1,67,1,0.6804123711340206,toxic
LYFRIGIV,54,35,3,5,89,8,0.680672268907563,toxic
YCFFCCDV,64,47,6,9,111,15,0.6808510638297872,toxic
HFIICLFY,40,24,0,0,64,0,0.6808510638297872,toxic
FYLLDFFG,41,23,0,0,64,0,0.6808510638297872,toxic
FCFFLNIF,38,26,0,0,64,0,0.6808510638297872,toxic
CFYYVRIG,51,35,5,2,86,7,0.6810344827586207,toxic
VSFCIFRL,50,36,2,5,86,7,0.6810344827586207,toxic
CFLCFNYI,47,39,4,3,86,7,0.6810344827586207,toxic
FFILNLCC,43,43,4,3,86,7,0.6810344827586207,toxic
FVFHICVH,50,36,2,5,86,7,0.6810344827586207,toxic
CVYYCFCC,51,35,2,5,86,7,0.6810344827586207,toxic
VDISVLFY,60,48,7,7,108,14,0.6811594202898551,toxic
IFLLNHLF,59,49,10,4,108,14,0.6811594202898551,toxic
LYVYLLNL,62,46,4,10,108,14,0.6811594202898551,toxic
FFLCVICC,49,34,4,2,83,6,0.6814159292035398,toxic
FRCFILHL,45,38,3,3,83,6,0.6814159292035398,toxic
LFCYFFVC,50,33,1,5,83,6,0.6814159292035398,toxic
CVFCVICC,48,35,2,4,83,6,0.6814159292035398,toxic
VFFVVIVG,51,32,1,5,83,6,0.6814159292035398,toxic
FGVFVVIV,45,38,1,5,83,6,0.6814159292035398,toxic
VFVFCFRF,48,35,3,3,83,6,0.6814159292035398,toxic
DVILLVSV,49,34,4,2,83,6,0.6814159292035398,toxic
GFFYIIHI,48,35,5,1,83,6,0.6814159292035398,toxic
FGLCCYCL,61,44,5,8,105,13,0.6814814814814815,toxic
ILGFVCCL,106,87,16,25,193,41,0.6816143497757847,toxic
FFCCLYVF,48,32,2,3,80,5,0.6818181818181818,toxic
FLCCYFLD,47,33,3,2,80,5,0.6818181818181818,toxic
FRCCCFIF,41,39,1,4,80,5,0.6818181818181818,toxic
IVLCIVRF,47,33,3,2,80,5,0.6818181818181818,toxic
YRICLLSL,45,35,2,3,80,5,0.6818181818181818,toxic
FCCFFFYN,80,63,8,17,143,25,0.6820809248554913,toxic
FCYIRVIH,69,52,8,10,121,18,0.6821192052980133,toxic
FFIISCNI,58,41,5,6,99,11,0.6821705426356589,toxic
FLFFLCVS,58,41,4,7,99,11,0.6821705426356589,toxic
GLCFLYVY,58,41,8,3,99,11,0.6821705426356589,toxic
ICYFCLNF,40,37,1,3,77,4,0.6822429906542056,toxic
LCFHLLFI,46,31,1,3,77,4,0.6822429906542056,toxic
HYFVRFVL,47,30,1,3,77,4,0.6822429906542056,toxic
SFISLVIL,46,31,2,2,77,4,0.6822429906542056,toxic
FCILFFYF,42,35,1,3,77,4,0.6822429906542056,toxic
FVFCVCFV,47,30,1,3,77,4,0.6822429906542056,toxic
FFFGYYCY,43,34,1,3,77,4,0.6822429906542056,toxic
FFLFFDIR,48,29,3,1,77,4,0.6822429906542056,toxic
LFGFFFFF,48,29,2,2,77,4,0.6822429906542056,toxic
LYLVSIIR,67,51,11,6,118,17,0.6824324324324325,toxic
VFCVFFDV,59,59,9,8,118,17,0.6824324324324325,toxic
VCLFVGLL,68,50,5,12,118,17,0.6824324324324325,toxic
CLCIHICC,46,28,0,3,74,3,0.6826923076923077,toxic
YVYYCFFI,44,30,0,3,74,3,0.6826923076923077,toxic
YYCIIVHR,45,29,0,3,74,3,0.6826923076923077,toxic
LLCLFYVG,44,30,2,1,74,3,0.6826923076923077,toxic
YCCFFFLY,42,32,0,3,74,3,0.6826923076923077,toxic
GFYVIHHF,66,49,10,6,115,16,0.6827586206896552,toxic
LCCGFCIR,55,38,5,4,93,9,0.6829268292682927,toxic
HIILSVLI,52,41,6,3,93,9,0.6829268292682927,toxic
FCCGRCCR,54,39,4,5,93,9,0.6829268292682927,toxic
IDVHCCDY,71,63,10,12,134,22,0.6829268292682927,toxic
FVYVCYLG,51,42,7,2,93,9,0.6829268292682927,toxic
FFYCFLFH,85,68,17,11,153,28,0.6830601092896175,toxic
FVFVCDIF,61,51,9,6,112,15,0.6830985915492958,toxic
VLILFCGD,39,32,2,0,71,2,0.6831683168316832,toxic
LVRVLCFI,38,33,1,1,71,2,0.6831683168316832,toxic
YFFRVVFI,35,36,1,1,71,2,0.6831683168316832,toxic
ICYFGYLI,42,29,0,2,71,2,0.6831683168316832,toxic
LFVVLFYI,45,26,0,2,71,2,0.6831683168316832,toxic
FFYCYICL,45,26,2,0,71,2,0.6831683168316832,toxic
YIICVGCG,44,27,0,2,71,2,0.6831683168316832,toxic
VVCILNFC,41,30,1,1,71,2,0.6831683168316832,toxic
FYFFYYNF,41,30,1,1,71,2,0.6831683168316832,toxic
FIFNFFFF,45,26,1,1,71,2,0.6831683168316832,toxic
FYLRVHIL,38,33,1,1,71,2,0.6831683168316832,toxic
LFFCFIIL,51,39,3,5,90,8,0.6833333333333333,toxic
YCLYYVSC,54,36,4,4,90,8,0.6833333333333333,toxic
FSVCCFIC,60,49,10,4,109,14,0.6834532374100719,toxic
SYICCNCC,60,49,7,7,109,14,0.6834532374100719,toxic
RIYCCHFF,69,59,12,8,128,20,0.6835443037974683,toxic
YVNCDYVG,137,127,32,31,264,63,0.6836734693877551,toxic
ILFVVRCS,40,28,0,1,68,1,0.6836734693877551,toxic
FCYFFGCH,102,83,15,23,185,38,0.6837209302325581,toxic
LLHYSIFI,52,35,3,4,87,7,0.6837606837606838,toxic
FCVYLSYY,44,43,3,4,87,7,0.6837606837606838,toxic
FDICLFYC,50,37,3,4,87,7,0.6837606837606838,toxic
LLCYCCLV,56,50,7,6,106,13,0.6838235294117647,toxic
CFVFCVNF,72,53,8,11,125,19,0.6838709677419355,toxic
CYIFVYFG,70,55,13,6,125,19,0.6838709677419355,toxic
RICFYVSI,50,34,3,3,84,6,0.6842105263157895,toxic
VYCYVVVR,59,44,8,4,103,12,0.6842105263157895,toxic
FVFCVYID,61,42,5,7,103,12,0.6842105263157895,toxic
FIYVCFFD,55,48,6,6,103,12,0.6842105263157895,toxic
RVFILIGS,51,33,4,2,84,6,0.6842105263157895,toxic
FRFICCCR,49,35,3,3,84,6,0.6842105263157895,toxic
VVLVGIFC,62,60,9,9,122,18,0.6842105263157895,toxic
FSFLYCVV,49,35,1,5,84,6,0.6842105263157895,toxic
HFYRFFCI,47,37,1,5,84,6,0.6842105263157895,toxic
FYLRCCLV,69,53,6,12,122,18,0.6842105263157895,toxic
CVYIFYFV,56,47,6,6,103,12,0.6842105263157895,toxic
HVCFIVRV,47,37,2,4,84,6,0.6842105263157895,toxic
FFGFIFVL,61,42,8,4,103,12,0.6842105263157895,toxic
LRGILNFF,41,24,0,0,65,0,0.6842105263157895,toxic
GVVLRLYF,49,35,3,3,84,6,0.6842105263157895,toxic
CYFFFFSS,75,63,16,7,138,23,0.6845238095238095,toxic
HFFYFYVC,54,46,9,2,100,11,0.6846153846153846,toxic
FCFLCFLF,50,31,2,3,81,5,0.6846846846846847,toxic
LCFFLFNF,48,33,3,2,81,5,0.6846846846846847,toxic
VYLLFVSF,45,36,3,2,81,5,0.6846846846846847,toxic
VVVCYVVF,44,37,5,0,81,5,0.6846846846846847,toxic
LYFHFFRC,50,31,2,3,81,5,0.6846846846846847,toxic
SVVVIYSV,64,52,7,9,116,16,0.684931506849315,toxic
FCLFLNLV,44,34,4,0,78,4,0.6851851851851852,toxic
FFHCIIRL,45,33,3,1,78,4,0.6851851851851852,toxic
VRYFFRSF,48,30,3,1,78,4,0.6851851851851852,toxic
CFFCCYVF,40,38,1,3,78,4,0.6851851851851852,toxic
VVCVYYVG,44,34,2,2,78,4,0.6851851851851852,toxic
FYFIFYGV,48,30,1,3,78,4,0.6851851851851852,toxic
VYFFLCLF,40,38,4,0,78,4,0.6851851851851852,toxic
FFLINYRG,63,50,5,10,113,15,0.6853146853146853,toxic
FCYIYFID,65,48,5,10,113,15,0.6853146853146853,toxic
LGFVLIFL,66,47,10,5,113,15,0.6853146853146853,toxic
NFVCLFLC,57,56,7,8,113,15,0.6853146853146853,toxic
VILYLCNG,51,43,5,4,94,9,0.6854838709677419,toxic
FHSVYIIL,55,39,7,2,94,9,0.6854838709677419,toxic
GCVVVVFI,54,40,4,5,94,9,0.6854838709677419,toxic
LFVYHLCV,64,46,5,9,110,14,0.6857142857142857,toxic
YCFFCVSF,46,29,2,1,75,3,0.6857142857142857,toxic
FILFSFCI,42,33,2,1,75,3,0.6857142857142857,toxic
FYLCVIVN,46,29,1,2,75,3,0.6857142857142857,toxic
CIRIFYCF,42,33,3,0,75,3,0.6857142857142857,toxic
FCHFRCFF,46,29,0,3,75,3,0.6857142857142857,toxic
FVVFFFYC,47,28,1,2,75,3,0.6857142857142857,toxic
YYFVGFRC,40,35,1,2,75,3,0.6857142857142857,toxic
FICYHFCL,71,55,11,8,126,19,0.6858974358974359,toxic
FILFCRVN,50,41,4,4,91,8,0.6859504132231405,toxic
LDIVFFSF,52,39,5,3,91,8,0.6859504132231405,toxic
FFLLICYL,49,42,2,6,91,8,0.6859504132231405,toxic
FLVCLHCC,60,47,7,6,107,13,0.6861313868613139,toxic
CYYLVCHG,70,53,12,6,123,18,0.6862745098039216,toxic
VFVCLRYV,45,27,0,2,72,2,0.6862745098039216,toxic
VRVIYLCL,44,28,0,2,72,2,0.6862745098039216,toxic
FVVGVIIC,70,53,7,11,123,18,0.6862745098039216,toxic
IIRLCVCI,43,29,1,1,72,2,0.6862745098039216,toxic
CLIVFIIF,45,27,1,1,72,2,0.6862745098039216,toxic
FNVCIVRF,44,28,1,1,72,2,0.6862745098039216,toxic
YFVCHCGF,45,43,0,7,88,7,0.6864406779661016,toxic
FVLYFFSC,51,37,3,4,88,7,0.6864406779661016,toxic
FYLIISRY,52,36,4,3,88,7,0.6864406779661016,toxic
YSVVIIRF,58,46,5,7,104,12,0.6865671641791045,toxic
YSIFLCYL,60,44,4,8,104,12,0.6865671641791045,toxic
IFIIGNFI,67,53,7,10,120,17,0.6866666666666666,toxic
LVCVLCLF,69,51,9,8,120,17,0.6866666666666666,toxic
FYYCYFCV,68,52,9,8,120,17,0.6866666666666666,toxic
FVVCRIHY,81,71,12,15,152,27,0.6868131868131868,toxic
FLRFLDRL,42,27,0,1,69,1,0.6868686868686869,toxic
VFFCFGCF,33,36,1,0,69,1,0.6868686868686869,toxic
VSYVCLCF,51,34,3,3,85,6,0.6869565217391305,toxic
CRISLLFL,52,33,0,6,85,6,0.6869565217391305,toxic
LCCVVCIR,51,34,1,5,85,6,0.6869565217391305,toxic
FRCIFVIC,58,43,9,2,101,11,0.6870229007633588,toxic
RYGFCFFV,58,43,6,5,101,11,0.6870229007633588,toxic
YYLFFVSY,60,41,4,7,101,11,0.6870229007633588,toxic
FIVRFFCL,39,27,0,0,66,0,0.6875,toxic
FFFGLLHC,58,40,4,6,98,10,0.6875,toxic
RCHIFFCF,49,33,3,2,82,5,0.6875,toxic
RLIIDVRI,65,49,8,7,114,15,0.6875,toxic
FLFFHYIL,50,32,0,5,82,5,0.6875,toxic
YLLRYVFI,39,27,0,0,66,0,0.6875,toxic
CHFLFCCI,73,54,8,11,127,19,0.6878980891719745,toxic
CCFVILCY,70,57,10,9,127,19,0.6878980891719745,toxic
RVYVCFFD,64,47,5,9,111,14,0.6879432624113475,toxic
CIFIIVYY,54,41,4,5,95,9,0.688,toxic
LFYCCRVF,53,42,6,3,95,9,0.688,toxic
CVLGVYLF,56,39,3,6,95,9,0.688,toxic
LYVIVGIV,43,36,1,3,79,4,0.6880733944954128,toxic
GYVRVYLC,48,31,1,3,79,4,0.6880733944954128,toxic
FLVFFFVC,46,33,2,2,79,4,0.6880733944954128,toxic
GVVCCIVY,48,31,1,3,79,4,0.6880733944954128,toxic
FLICISCR,46,33,4,0,79,4,0.6880733944954128,toxic
VVFYCFRG,47,32,1,3,79,4,0.6880733944954128,toxic
CICYIFFI,63,45,6,7,108,13,0.6884057971014492,toxic
YFVFVFCC,62,46,6,7,108,13,0.6884057971014492,toxic
HRICIFCH,49,43,1,7,92,8,0.6885245901639344,toxic
CDCHVCIL,75,62,10,12,137,22,0.688622754491018,toxic
LFLNVCFY,47,29,1,2,76,3,0.6886792452830188,toxic
CCFFIFGF,43,33,0,3,76,3,0.6886792452830188,toxic
FFFYLFFF,41,35,0,3,76,3,0.6886792452830188,toxic
FCVCIFIG,70,51,3,14,121,17,0.6887417218543046,toxic
IFRYSFDV,83,67,12,14,150,26,0.6888888888888889,toxic
VCVHIVIC,51,38,2,5,89,7,0.6890756302521008,toxic
VFFYVHFC,53,36,2,5,89,7,0.6890756302521008,toxic
FCFCVFCL,52,37,3,4,89,7,0.6890756302521008,toxic
FYCIVCCG,52,37,3,4,89,7,0.6890756302521008,toxic
FCFCFFLC,40,33,1,1,73,2,0.6893203883495146,toxic
FYVCVYIL,44,29,0,2,73,2,0.6893203883495146,toxic
RRFYVICI,46,27,0,2,73,2,0.6893203883495146,toxic
FRFLFCFC,46,27,0,2,73,2,0.6893203883495146,toxic
FFFFFLFI,45,28,1,1,73,2,0.6893203883495146,toxic
VRFFVYFG,44,29,1,1,73,2,0.6893203883495146,toxic
FIFIDFLF,40,33,2,0,73,2,0.6893203883495146,toxic
RIFHVLVV,46,27,1,1,73,2,0.6893203883495146,toxic
YFGVVISI,52,34,1,5,86,6,0.6896551724137931,toxic
CGIVFRIL,67,48,6,9,115,15,0.6896551724137931,toxic
FFLFHYCG,67,48,6,9,115,15,0.6896551724137931,toxic
LCGYFICF,48,38,0,6,86,6,0.6896551724137931,toxic
VLFLRVCR,52,34,1,5,86,6,0.6896551724137931,toxic
FYVVYVCL,72,56,5,14,128,19,0.689873417721519,toxic
VFIYHVFC,54,45,6,4,99,10,0.689922480620155,toxic
FYCLYYGI,58,41,5,5,99,10,0.689922480620155,toxic
IFIVFRHI,41,29,1,0,70,1,0.69,toxic
FFFLLIII,34,36,1,0,70,1,0.69,toxic
FFLFFCNF,44,26,1,0,70,1,0.69,toxic
LFFLGFYL,62,50,7,7,112,14,0.6901408450704225,toxic
LIIYRIVS,47,36,3,2,83,5,0.6902654867256637,toxic
FFFVLFCY,49,34,3,2,83,5,0.6902654867256637,toxic
FFFINVVC,45,38,4,1,83,5,0.6902654867256637,toxic
CFYFFVII,47,36,2,3,83,5,0.6902654867256637,toxic
CICLSIHV,72,53,8,10,125,18,0.6903225806451613,toxic
CHYIVCCL,71,54,7,11,125,18,0.6903225806451613,toxic
FHYVGFFF,55,41,5,4,96,9,0.6904761904761905,toxic
YVVYCVYY,57,39,4,5,96,9,0.6904761904761905,toxic
CFVFVCYG,56,40,5,4,96,9,0.6904761904761905,toxic
YVFRVLIY,59,50,7,6,109,13,0.6906474820143885,toxic
IFHVRCYV,64,45,5,8,109,13,0.6906474820143885,toxic
CCIDVFFY,60,49,7,6,109,13,0.6906474820143885,toxic
LFLCYVGG,59,50,4,9,109,13,0.6906474820143885,toxic
FFLVCCCG,61,48,7,6,109,13,0.6906474820143885,toxic
CCDRCYSF,41,26,0,0,67,0,0.6907216494845361,toxic
FCIVRCFF,35,32,0,0,67,0,0.6907216494845361,toxic
FYCFFCFN,66,56,11,6,122,17,0.6907894736842105,toxic
FFFGVYIV,42,38,1,3,80,4,0.6909090909090909,toxic
FLVYCLFF,48,32,1,3,80,4,0.6909090909090909,toxic
FFYGFFGI,49,31,1,3,80,4,0.6909090909090909,toxic
FICLVFVC,48,32,1,3,80,4,0.6909090909090909,toxic
FFRVYFFI,47,33,3,1,80,4,0.6909090909090909,toxic
VCFFCFFF,47,33,2,2,80,4,0.6909090909090909,toxic
FFYFSCSI,46,34,3,1,80,4,0.6909090909090909,toxic
VFIVVNYC,45,35,2,2,80,4,0.6909090909090909,toxic
SVVIVICL,52,41,3,5,93,8,0.6910569105691057,toxic
FCFFLGFI,53,40,3,5,93,8,0.6910569105691057,toxic
FLFFHCYI,55,38,3,5,93,8,0.6910569105691057,toxic
CVYICHLV,62,44,4,8,106,12,0.6911764705882353,toxic
YLFVIICG,69,50,10,6,119,16,0.6912751677852349,toxic
DLLILCFG,69,50,6,10,119,16,0.6912751677852349,toxic
CFRYLILG,43,34,0,3,77,3,0.6915887850467289,toxic
NFIYLYVF,48,29,1,2,77,3,0.6915887850467289,toxic
FCRGCCCF,48,29,2,1,77,3,0.6915887850467289,toxic
LVRFVCCF,46,31,1,2,77,3,0.6915887850467289,toxic
VLDFIVLY,52,38,4,3,90,7,0.6916666666666667,toxic
ILVLRVCL,47,43,2,5,90,7,0.6916666666666667,toxic
VFIVCHRY,49,41,3,4,90,7,0.6916666666666667,toxic
CLILFCVC,60,43,4,7,103,11,0.6917293233082706,toxic
VCCILFIR,64,52,6,9,116,15,0.6917808219178082,toxic
FFFRVCGY,80,62,7,16,142,23,0.6918604651162791,toxic
LFGYFLFI,66,47,4,10,113,14,0.6923076923076923,toxic
VYIYIVRF,53,34,1,5,87,6,0.6923076923076923,toxic
LIYLNVRL,53,34,3,3,87,6,0.6923076923076923,toxic
LCVLICCI,56,44,5,5,100,10,0.6923076923076923,toxic
FYVFFIRF,45,29,1,1,74,2,0.6923076923076923,toxic
RCCFCYCN,71,55,7,11,126,18,0.6923076923076923,toxic
VIFYFCGL,56,44,4,6,100,10,0.6923076923076923,toxic
CCVICFRY,52,35,2,4,87,6,0.6923076923076923,toxic
YYCFVIIN,75,61,9,12,136,21,0.6927710843373494,toxic
FFYCYYFC,62,48,7,6,110,13,0.6928571428571428,toxic
CLVCLYHN,61,49,7,6,110,13,0.6928571428571428,toxic
IYCVYIGC,57,40,6,3,97,9,0.6929133858267716,toxic
FYVFFIFI,56,41,2,7,97,9,0.6929133858267716,toxic
CCIFVSIR,57,40,5,4,97,9,0.6929133858267716,toxic
FYFFCFCV,58,39,5,4,97,9,0.6929133858267716,toxic
YIVFVCLH,49,35,3,2,84,5,0.6929824561403509,toxic
FRVLCLFC,48,36,3,2,84,5,0.6929824561403509,toxic
IRYFLYYC,51,33,4,1,84,5,0.6929824561403509,toxic
CFRILCFV,46,38,1,4,84,5,0.6929824561403509,toxic
VFRYICFV,47,37,2,3,84,5,0.6929824561403509,toxic
FCFGLCFF,50,34,4,1,84,5,0.6929824561403509,toxic
FCVHLIFC,50,34,2,3,84,5,0.6929824561403509,toxic
FFILIIYF,49,35,0,5,84,5,0.6929824561403509,toxic
FCLFNFLC,43,28,1,0,71,1,0.693069306930693,toxic
FFHFVIRC,44,27,0,1,71,1,0.693069306930693,toxic
FYVIVYIF,35,36,1,0,71,1,0.693069306930693,toxic
YFFLFCRI,42,29,1,0,71,1,0.693069306930693,toxic
YVHCVICI,69,51,6,10,120,16,0.6933333333333334,toxic
RIFFFDLY,63,44,4,8,107,12,0.6934306569343066,toxic
VRVCVLFD,56,51,7,5,107,12,0.6934306569343066,toxic
FYFHYFHF,54,40,1,7,94,8,0.6935483870967742,toxic
FFFSIVYS,54,40,5,3,94,8,0.6935483870967742,toxic
ICLYCLVL,56,38,5,3,94,8,0.6935483870967742,toxic
FFFFYVCS,43,51,4,4,94,8,0.6935483870967742,toxic
VYVNLHVF,48,46,6,2,94,8,0.6935483870967742,toxic
FRCFIINV,52,42,5,3,94,8,0.6935483870967742,toxic
VLHVLCVV,54,40,6,2,94,8,0.6935483870967742,toxic
FCDYVYFI,80,63,13,10,143,23,0.6936416184971098,toxic
FFFCYVCF,50,31,1,3,81,4,0.6936936936936937,toxic
FFIIHYYY,49,32,1,3,81,4,0.6936936936936937,toxic
CFFCFHLF,44,37,2,2,81,4,0.6936936936936937,toxic
FYYIRIRL,50,31,2,2,81,4,0.6936936936936937,toxic
CIFIFSIY,49,32,3,1,81,4,0.6936936936936937,toxic
ICICYFRG,69,61,8,11,130,19,0.69375,toxic
CYFLLLDY,74,56,6,13,130,19,0.69375,toxic
FHFCICCY,38,30,0,0,68,0,0.6938775510204082,toxic
FRLLFFRY,43,25,0,0,68,0,0.6938775510204082,toxic
FFHIFVIC,60,44,6,5,104,11,0.6940298507462687,toxic
NIYIIIIL,54,37,4,3,91,7,0.6942148760330579,toxic
YYFHVILS,53,38,5,2,91,7,0.6942148760330579,toxic
CGYFVIVC,53,38,3,4,91,7,0.6942148760330579,toxic
CYVILVGL,73,54,9,9,127,18,0.6942675159235668,toxic
FFFGRFLN,46,32,1,2,78,3,0.6944444444444444,toxic
FFLCCFSI,45,33,0,3,78,3,0.6944444444444444,toxic
FICCCIRY,93,80,12,20,173,32,0.6945812807881774,toxic
INFLCLYF,60,41,2,8,101,10,0.6946564885496184,toxic
CFVCRVSF,56,45,10,0,101,10,0.6946564885496184,toxic
IFFFCLFC,70,54,7,10,124,17,0.6948051948051948,toxic
FFIIYYCC,52,36,4,2,88,6,0.6949152542372882,toxic
CLYFVLCY,53,35,4,2,88,6,0.6949152542372882,toxic
VFFCYICV,42,46,2,4,88,6,0.6949152542372882,toxic
FCFCFVLV,51,37,4,2,88,6,0.6949152542372882,toxic
FGLIILDY,64,47,7,6,111,13,0.6950354609929078,toxic
IVVLCICD,64,47,4,9,111,13,0.6950354609929078,toxic
VFYYLIFC,65,46,4,9,111,13,0.6950354609929078,toxic
FCFVYLYN,75,59,8,12,134,20,0.6951219512195121,toxic
YLCHCFFF,46,29,1,1,75,2,0.6952380952380952,toxic
LIFVFHSI,45,30,1,1,75,2,0.6952380952380952,toxic
FCIYVLLR,46,29,2,0,75,2,0.6952380952380952,toxic
LICSIFFN,55,43,6,3,98,9,0.6953125,toxic
FCYVFYYY,69,52,7,9,121,16,0.695364238410596,toxic
VFCFLCFC,70,51,10,6,121,16,0.695364238410596,toxic
YGICLYIC,77,67,12,11,144,23,0.6954022988505747,toxic
FLCFILFV,51,34,5,0,85,5,0.6956521739130435,toxic
HDFNFGDY,83,71,15,11,154,26,0.6956521739130435,toxic
ICCICISV,83,71,16,10,154,26,0.6956521739130435,toxic
FFVCIRFG,52,33,2,3,85,5,0.6956521739130435,toxic
YLLIHLCF,46,39,1,4,85,5,0.6956521739130435,toxic
VVYILRSL,50,35,2,3,85,5,0.6956521739130435,toxic
GDLYFIIC,102,85,13,23,187,36,0.695852534562212,toxic
IRYVLFLY,64,54,7,8,118,15,0.6959459459459459,toxic
IYILLNDL,65,53,9,6,118,15,0.6959459459459459,toxic
FCGIIVRY,56,39,1,7,95,8,0.696,toxic
FFFVNFYI,55,40,2,6,95,8,0.696,toxic
FFCYFNFG,56,39,3,5,95,8,0.696,toxic
YVFFLFVL,54,41,7,1,95,8,0.696,toxic
CIFCRYFG,44,28,0,1,72,1,0.696078431372549,toxic
CIFSFFFC,40,32,0,1,72,1,0.696078431372549,toxic
CYYRVIYF,44,28,0,1,72,1,0.696078431372549,toxic
CFLLDLFC,43,29,0,1,72,1,0.696078431372549,toxic
HNDCGYVY,112,95,22,20,207,42,0.6962025316455697,toxic
GYCCCVIF,62,43,6,5,105,11,0.6962962962962963,toxic
FFILFSNN,54,51,7,4,105,11,0.6962962962962963,toxic
YDLVCVLF,61,44,6,5,105,11,0.6962962962962963,toxic
FDYYFYLY,62,43,4,7,105,11,0.6962962962962963,toxic
NFVFYYLC,48,34,4,0,82,4,0.6964285714285714,toxic
FVLFYSLR,50,32,1,3,82,4,0.6964285714285714,toxic
IFLIVFVC,47,35,0,4,82,4,0.6964285714285714,toxic
IIFLVCFH,49,33,1,3,82,4,0.6964285714285714,toxic
SRLIIYVG,49,33,2,2,82,4,0.6964285714285714,toxic
YIVCHFFR,66,49,5,9,115,14,0.696551724137931,toxic
CGFGYDYN,67,48,6,8,115,14,0.696551724137931,toxic
YFHIFCLC,48,44,2,5,92,7,0.6967213114754098,toxic
FFSFCSFF,55,37,4,3,92,7,0.6967213114754098,toxic
FYVCFRLR,51,41,2,5,92,7,0.6967213114754098,toxic
RCYCVIHF,54,38,5,2,92,7,0.6967213114754098,toxic
HCVIYLLF,46,46,4,3,92,7,0.6967213114754098,toxic
FFFRIFFR,44,25,0,0,69,0,0.696969696969697,toxic
FCCFIFVN,39,30,0,0,69,0,0.696969696969697,toxic
FFVRLIFC,38,31,0,0,69,0,0.696969696969697,toxic
CHYIILCF,65,47,6,7,112,13,0.6971830985915493,toxic
FVFFFHFF,48,31,1,2,79,3,0.6972477064220184,toxic
FVFLINFL,44,35,2,1,79,3,0.6972477064220184,toxic
YSIFFLLY,49,30,2,1,79,3,0.6972477064220184,toxic
FYYLRCFF,47,32,1,2,79,3,0.6972477064220184,toxic
FYFSFFLV,48,31,2,1,79,3,0.6972477064220184,toxic
FFFFFCCF,47,32,2,1,79,3,0.6972477064220184,toxic
YFFVVVIC,68,54,5,11,122,16,0.6973684210526315,toxic
LVIICGVL,69,53,8,8,122,16,0.6973684210526315,toxic
FCLVILHR,54,35,3,3,89,6,0.6974789915966386,toxic
SFVISVFV,54,35,2,4,89,6,0.6974789915966386,toxic
CVIFVLRV,51,38,3,3,89,6,0.6974789915966386,toxic
FCFYRLYF,56,43,5,4,99,9,0.6976744186046512,toxic
NCVICIIV,61,48,6,6,109,12,0.697841726618705,toxic
YGCCYRCC,65,54,9,6,119,15,0.697986577181208,toxic
IRCFCIFY,42,34,0,2,76,2,0.6981132075471698,toxic
FCFHFVCI,42,34,1,1,76,2,0.6981132075471698,toxic
FCVVRICY,44,32,0,2,76,2,0.6981132075471698,toxic
FDIFFYLY,34,42,0,2,76,2,0.6981132075471698,toxic
IFCFFGIV,51,35,3,2,86,5,0.6982758620689655,toxic
LRCLCVFI,42,44,3,2,86,5,0.6982758620689655,toxic
RIVYVLLG,84,65,15,9,149,24,0.6983240223463687,toxic
VCLIYHLY,57,39,3,5,96,8,0.6984126984126984,toxic
FFFILCYL,53,43,5,3,96,8,0.6984126984126984,toxic
FLICCVYC,57,39,2,6,96,8,0.6984126984126984,toxic
LVFSLFVL,55,41,5,3,96,8,0.6984126984126984,toxic
IFCCFIVC,62,44,3,8,106,11,0.6985294117647058,toxic
VYICFFSI,62,44,5,6,106,11,0.6985294117647058,toxic
VVVCCCYY,77,59,9,11,136,20,0.6987951807228916,toxic
FFFFVFVF,44,29,1,0,73,1,0.6990291262135923,toxic
FFVFCCFC,43,30,0,1,73,1,0.6990291262135923,toxic
LVVICGDL,43,30,0,1,73,1,0.6990291262135923,toxic
YYYCVCVF,46,27,0,1,73,1,0.6990291262135923,toxic
FCFCFYCY,46,27,0,1,73,1,0.6990291262135923,toxic
FICYFHRF,42,31,1,0,73,1,0.6990291262135923,toxic
LYSYYVII,40,33,0,1,73,1,0.6990291262135923,toxic
YFYCYFCF,51,32,2,2,83,4,0.6991150442477876,toxic
FCLLSISF,47,36,2,2,83,4,0.6991150442477876,toxic
FCFCVFFI,50,33,2,2,83,4,0.6991150442477876,toxic
CRILYLCY,49,34,2,2,83,4,0.6991150442477876,toxic
YFVSVFRY,56,37,4,3,93,7,0.6991869918699187,toxic
CNRCYVFL,51,42,4,3,93,7,0.6991869918699187,toxic
RGFILCLV,51,42,6,1,93,7,0.6991869918699187,toxic
IVFFVFCN,61,42,6,4,103,10,0.6992481203007519,toxic
VFFFVHFY,59,44,5,5,103,10,0.6992481203007519,toxic
YFLVFVCF,59,44,5,5,103,10,0.6992481203007519,toxic
ICFYGFCV,60,43,4,6,103,10,0.6992481203007519,toxic
VFYNFVIC,61,42,2,8,103,10,0.6992481203007519,toxic
FFYVVCVN,60,43,2,8,103,10,0.6992481203007519,toxic
FFVLVFVR,61,52,9,4,113,13,0.6993006993006993,toxic
RICCVLII,66,47,5,8,113,13,0.6993006993006993,toxic
VLFCYFCC,55,45,3,6,100,9,0.7,toxic
YVFCYYFC,49,41,1,5,90,6,0.7,toxic
ICFRFCVL,53,47,3,6,100,9,0.7,toxic
FYFNFILF,43,37,1,2,80,3,0.7,toxic
RCCFLYFI,54,36,3,3,90,6,0.7,toxic
FLFCHFFC,48,42,4,2,90,6,0.7,toxic
YIICVFCS,64,46,4,8,110,12,0.7,toxic
LVYFFVRV,42,28,0,0,70,0,0.7,toxic
VVIVFIVI,59,41,4,5,100,9,0.7,toxic
FLFYLLGL,41,39,1,2,80,3,0.7,toxic
FHYCLLRY,78,72,12,12,150,24,0.7,toxic
LRYFLRFF,39,31,0,0,70,0,0.7,toxic
FYFVCCVI,61,49,5,7,110,12,0.7,toxic
FYYFFIFC,59,41,6,3,100,9,0.7,toxic
CFSYLIVI,62,45,6,5,107,11,0.7007299270072993,toxic
LICCRCIF,62,45,6,5,107,11,0.7007299270072993,toxic
FHVYFCRC,49,48,3,5,97,8,0.7007874015748031,toxic
VFSIFLLI,57,40,2,6,97,8,0.7007874015748031,toxic
FCLFIVRC,55,42,3,5,97,8,0.7007874015748031,toxic
CGVFLRIY,53,44,2,6,97,8,0.7007874015748031,toxic
FFLCVNVL,47,40,2,3,87,5,0.7008547008547008,toxic
FFIIVGCV,46,41,4,1,87,5,0.7008547008547008,toxic
VCYYFSIL,52,35,2,3,87,5,0.7008547008547008,toxic
LIHIFFIR,45,32,0,2,77,2,0.7009345794392523,toxic
FLCFCLFC,47,30,1,1,77,2,0.7009345794392523,toxic
FFVCLYLC,47,30,1,1,77,2,0.7009345794392523,toxic
FFFFFISF,48,29,1,1,77,2,0.7009345794392523,toxic
VLILLSNF,71,53,9,7,124,16,0.7012987012987013,toxic
VVFFCYCV,60,54,9,4,114,13,0.7013888888888888,toxic
YYLCLSFV,56,38,2,5,94,7,0.7016129032258065,toxic
LFCFVVFF,56,38,1,6,94,7,0.7016129032258065,toxic
GYLCIYIR,78,63,12,9,141,21,0.7017543859649122,toxic
CFVHVLFI,50,34,2,2,84,4,0.7017543859649122,toxic
CYVYIIVC,70,61,10,8,131,18,0.7018633540372671,toxic
FIVCFVLR,36,38,1,0,74,1,0.7019230769230769,toxic
FYFNVFVF,39,35,1,0,74,1,0.7019230769230769,toxic
LIVVIRRD,46,28,0,1,74,1,0.7019230769230769,toxic
FFNYFFYL,42,32,1,0,74,1,0.7019230769230769,toxic
FFLRFHRF,42,32,0,1,74,1,0.7019230769230769,toxic
CCFCIVIG,43,31,0,1,74,1,0.7019230769230769,toxic
CFVYFCFR,69,52,6,9,121,15,0.7019867549668874,toxic
CCCFYIGV,69,52,7,8,121,15,0.7019867549668874,toxic
FDFCFCLI,65,46,2,10,111,12,0.7021276595744681,toxic
FYYGLILL,53,48,5,4,101,9,0.7022900763358778,toxic
CCSVIICV,57,44,3,6,101,9,0.7022900763358778,toxic
FGIYFYVF,60,41,3,6,101,9,0.7022900763358778,toxic
CRRFGLSG,78,60,8,12,138,20,0.7023809523809523,toxic
FSYVICVG,53,38,3,3,91,6,0.7024793388429752,toxic
CVLFVCCV,54,37,4,2,91,6,0.7024793388429752,toxic
FCGIYVIC,51,40,4,2,91,6,0.7024793388429752,toxic
FLVFICSH,52,39,1,5,91,6,0.7024793388429752,toxic
FFFVCCVF,54,37,3,3,91,6,0.7024793388429752,toxic
VGVFVIRL,71,57,8,9,128,17,0.7025316455696202,toxic
FYFFFFVL,41,40,2,1,81,3,0.7027027027027027,toxic
LFRVIFGY,43,38,1,2,81,3,0.7027027027027027,toxic
FFDFFSCF,50,31,2,1,81,3,0.7027027027027027,toxic
VYYVHFFY,45,36,1,2,81,3,0.7027027027027027,toxic
VIIYINLF,45,36,1,2,81,3,0.7027027027027027,toxic
FLCGFLGF,50,31,2,1,81,3,0.7027027027027027,toxic
CIICCSNY,87,68,14,11,155,25,0.7027027027027027,toxic
FFRCFFCC,47,34,2,1,81,3,0.7027027027027027,toxic
YHLSCCHY,46,35,1,2,81,3,0.7027027027027027,toxic
VFICVRFG,46,35,2,1,81,3,0.7027027027027027,toxic
YLVLFHVG,82,63,12,10,145,22,0.7028571428571428,toxic
FLYYVRVC,76,69,9,13,145,22,0.7028571428571428,toxic
FFCYNFRF,63,45,2,9,108,11,0.7028985507246377,toxic
CISVCVCI,62,46,3,8,108,11,0.7028985507246377,toxic
FSVFYLVC,63,45,6,5,108,11,0.7028985507246377,toxic
FFCCLFID,58,40,1,7,98,8,0.703125,toxic
VIYFFFDI,55,43,5,3,98,8,0.703125,toxic
HLVLIILH,64,51,4,9,115,13,0.7034482758620689,toxic
FIIFCCFN,77,65,7,14,142,21,0.7034883720930233,toxic
VFSLYVYV,40,38,1,1,78,2,0.7037037037037037,toxic
IVFIVGCY,44,34,1,1,78,2,0.7037037037037037,toxic
FFLSCFCY,46,32,2,0,78,2,0.7037037037037037,toxic
YVVFYYVR,59,46,5,5,105,10,0.7037037037037037,toxic
HVCCIYVY,45,33,1,1,78,2,0.7037037037037037,toxic
CRLCFRIL,41,37,1,1,78,2,0.7037037037037037,toxic
GCFVCIYR,69,53,10,5,122,15,0.7039473684210527,toxic
GYVIIRSF,53,42,2,5,95,7,0.704,toxic
FSVICYVC,54,41,2,5,95,7,0.704,toxic
VSYVFFYG,53,42,4,3,95,7,0.704,toxic
DYVVCYFI,57,38,5,2,95,7,0.704,toxic
YFFCLYHI,90,76,13,15,166,28,0.7040816326530612,toxic
IFCCHFVY,79,60,8,12,139,20,0.7041420118343196,toxic
FCFFHYIV,64,48,8,4,112,12,0.704225352112676,toxic
RGVFVCCF,80,76,12,13,156,25,0.7043010752688172,toxic
YVLICRLL,52,33,0,4,85,4,0.7043478260869566,toxic
FFFFVIRF,49,36,0,4,85,4,0.7043478260869566,toxic
YFVCCYCF,73,56,7,10,129,17,0.7044025157232704,toxic
FYHYFFVY,57,45,6,3,102,9,0.7045454545454546,toxic
NIYVIRFF,41,34,0,1,75,1,0.7047619047619048,toxic
YGFVYIVF,40,35,1,0,75,1,0.7047619047619048,toxic
LLRRYYFF,40,35,1,0,75,1,0.7047619047619048,toxic
VVICRVYI,42,33,0,1,75,1,0.7047619047619048,toxic
LFFLFNFC,47,28,0,1,75,1,0.7047619047619048,toxic
GRYFYVLL,47,28,0,1,75,1,0.7047619047619048,toxic
FFFRIVSC,52,40,3,3,92,6,0.7049180327868853,toxic
LFLIVIRL,47,35,3,0,82,3,0.7053571428571429,toxic
FRFCHIFF,48,34,1,2,82,3,0.7053571428571429,toxic
YFVSCIYL,54,45,7,1,99,8,0.7054263565891473,toxic
VFCFRFHY,56,43,3,5,99,8,0.7054263565891473,toxic
YFRCCIIC,59,40,6,2,99,8,0.7054263565891473,toxic
CFFYICYV,54,35,3,2,89,5,0.7058823529411765,toxic
YRLRVILN,45,27,0,0,72,0,0.7058823529411765,toxic
GFCLDCFY,43,29,0,0,72,0,0.7058823529411765,toxic
CLCIVCLY,51,38,1,4,89,5,0.7058823529411765,toxic
SFCFSFFF,41,31,0,0,72,0,0.7058823529411765,toxic
FCCFCFIC,54,35,2,3,89,5,0.7058823529411765,toxic
VYDFIIVL,54,35,3,2,89,5,0.7058823529411765,toxic
IHICFNVY,65,58,8,7,123,15,0.7058823529411765,toxic
FYRFFLRY,45,27,0,0,72,0,0.7058823529411765,toxic
CYCRYYVF,76,64,15,5,140,20,0.7058823529411765,toxic
CCGCCSRY,87,70,11,14,157,25,0.7058823529411765,toxic
FCFFLFIL,52,37,1,4,89,5,0.7058823529411765,toxic
CFLVICDF,66,47,4,8,113,12,0.7062937062937062,toxic
CYFFVFRC,66,47,6,6,113,12,0.7062937062937062,toxic
LVCCYVRL,62,51,6,6,113,12,0.7062937062937062,toxic
FFYVFRYI,53,43,5,2,96,7,0.7063492063492064,toxic
YIVCLRVR,53,43,3,4,96,7,0.7063492063492064,toxic
YFCCLIFC,46,33,1,1,79,2,0.7064220183486238,toxic
VYLFCVIL,61,42,5,4,103,9,0.706766917293233,toxic
FFLFCCVY,58,45,4,5,103,9,0.706766917293233,toxic
CFICIHVS,59,44,2,7,103,9,0.706766917293233,toxic
FCFCRFFC,61,42,6,3,103,9,0.706766917293233,toxic
FYSFFSYF,58,45,5,4,103,9,0.706766917293233,toxic
FFVHFCSF,49,37,1,3,86,4,0.7068965517241379,toxic
FFFSFICV,47,39,2,2,86,4,0.7068965517241379,toxic
FLCIYCYL,52,34,2,2,86,4,0.7068965517241379,toxic
LFVCCCFV,52,34,2,2,86,4,0.7068965517241379,toxic
VYGIYYIV,71,56,1,15,127,16,0.7070063694267515,toxic
CFCRYGYF,63,47,5,6,110,11,0.7071428571428572,toxic
FFYNFCIL,64,46,6,5,110,11,0.7071428571428572,toxic
CVFYCFCY,56,37,1,5,93,6,0.7073170731707317,toxic
LRGIYVVV,66,51,4,9,117,13,0.7074829931972789,toxic
RYVSLYVF,45,31,0,1,76,1,0.7075471698113207,toxic
ILFHLLVI,47,29,0,1,76,1,0.7075471698113207,toxic
CVFHCCII,47,29,1,0,76,1,0.7075471698113207,toxic
FCLRFCCF,45,31,1,0,76,1,0.7075471698113207,toxic
LRCFCLFR,47,29,1,0,76,1,0.7075471698113207,toxic
IYYVSYLF,47,29,0,1,76,1,0.7075471698113207,toxic
GFVCVVLI,78,63,9,11,141,20,0.7076023391812866,toxic
FDHYGSGF,79,62,12,8,141,20,0.7076023391812866,toxic
LLCCGVCC,80,61,7,13,141,20,0.7076023391812866,toxic
FRFFGCIC,54,46,3,5,100,8,0.7076923076923077,toxic
LILFICVD,58,42,3,5,100,8,0.7076923076923077,toxic
CIFCCFLC,58,42,4,4,100,8,0.7076923076923077,toxic
CCFYVFCL,70,54,9,6,124,15,0.7077922077922078,toxic
VHHCVFYF,69,55,8,7,124,15,0.7077922077922078,toxic
FLVVRVIC,51,32,1,2,83,3,0.7079646017699115,toxic
YVRFVCLF,44,39,2,1,83,3,0.7079646017699115,toxic
ILSLCFCF,50,33,3,0,83,3,0.7079646017699115,toxic
HCLFIYIY,48,35,2,1,83,3,0.7079646017699115,toxic
LCIFCCLI,61,46,7,3,107,10,0.708029197080292,toxic
VRRIIVRC,59,48,5,5,107,10,0.708029197080292,toxic
CYIICIVN,62,45,2,8,107,10,0.708029197080292,toxic
VLCYVFFF,63,44,2,8,107,10,0.708029197080292,toxic
FLVYVHCI,63,44,4,6,107,10,0.708029197080292,toxic
LIFFVFFR,75,56,5,12,131,17,0.7080745341614907,toxic
LHFRFFVC,48,42,3,2,90,5,0.7083333333333334,toxic
VRLIFLYF,51,39,2,3,90,5,0.7083333333333334,toxic
YYVIRCIG,53,37,2,3,90,5,0.7083333333333334,toxic
IYFCVIGF,60,54,8,4,114,12,0.7083333333333334,toxic
YCVIIISF,53,37,1,4,90,5,0.7083333333333334,toxic
VRVFYFCH,67,54,5,9,121,14,0.7086092715231788,toxic
LIVFRIGR,58,39,5,2,97,7,0.7086614173228346,toxic
VFYHCFIC,57,40,6,1,97,7,0.7086614173228346,toxic
FFVCSFIF,43,30,0,0,73,0,0.7087378640776699,toxic
LFFFGCLI,46,27,0,0,73,0,0.7087378640776699,toxic
FSYLVFLV,43,30,0,0,73,0,0.7087378640776699,toxic
FFHSLLVF,47,33,1,1,80,2,0.7090909090909091,toxic
FILYFCFC,45,35,1,1,80,2,0.7090909090909091,toxic
CFFLCHFV,52,35,1,3,87,4,0.7094017094017094,toxic
LVIFCVFG,65,53,7,6,118,13,0.7094594594594594,toxic
YYRLVICY,55,39,3,3,94,6,0.7096774193548387,toxic
INLFVRIC,49,45,4,2,94,6,0.7096774193548387,toxic
CFVYSILY,55,39,1,5,94,6,0.7096774193548387,toxic
YCYVIFLY,52,42,4,2,94,6,0.7096774193548387,toxic
FFFLFNCI,60,41,4,4,101,8,0.7099236641221374,toxic
VVVICVLC,55,46,4,4,101,8,0.7099236641221374,toxic
FCFFVSLL,60,41,4,4,101,8,0.7099236641221374,toxic
RVVLHVSF,57,44,5,3,101,8,0.7099236641221374,toxic
YVVLVCRV,56,45,4,4,101,8,0.7099236641221374,toxic
VCCYCNFL,77,62,13,6,139,19,0.7100591715976331,toxic
GIIRIIYF,47,30,1,0,77,1,0.7102803738317757,toxic
FFLFCFCF,46,31,0,1,77,1,0.7102803738317757,toxic
FRILVFFC,47,30,0,1,77,1,0.7102803738317757,toxic
CFFVRLCF,48,29,1,0,77,1,0.7102803738317757,toxic
SFFICFGI,53,62,6,6,115,12,0.7103448275862069,toxic
IRCYFYCF,47,37,2,1,84,3,0.7105263157894737,toxic
CIICRVVV,70,52,9,5,122,14,0.7105263157894737,toxic
CYFFFYLN,51,33,2,1,84,3,0.7105263157894737,toxic
FLSIVFSI,51,33,1,2,84,3,0.7105263157894737,toxic
FVVFFICY,49,35,0,3,84,3,0.7105263157894737,toxic
FFVHFCNF,50,34,2,1,84,3,0.7105263157894737,toxic
FRVYYGLI,54,37,2,3,91,5,0.7107438016528925,toxic
VYVVFYFD,53,38,4,1,91,5,0.7107438016528925,toxic
VFVLFRLS,50,41,5,0,91,5,0.7107438016528925,toxic
VCLYVRIC,52,39,0,5,91,5,0.7107438016528925,toxic
VFVCCLFL,75,61,11,7,136,18,0.7108433734939759,toxic
LGLVLCII,77,59,13,5,136,18,0.7108433734939759,toxic
FCFSIICR,58,40,4,3,98,7,0.7109375,toxic
DIIVCVVY,61,44,2,7,105,9,0.7111111111111111,toxic
YICCFFGI,63,49,4,7,112,11,0.7112676056338029,toxic
FIVRCRLI,64,48,6,5,112,11,0.7112676056338029,toxic
CCCVFFYF,62,50,4,7,112,11,0.7112676056338029,toxic
HYLLYRIG,69,50,7,6,119,13,0.7114093959731543,toxic
FICIVSCL,118,105,20,23,223,43,0.7114624505928854,toxic
FGFFCGFC,71,55,6,9,126,15,0.7115384615384616,toxic
VYRLVCLV,47,34,2,0,81,2,0.7117117117117117,toxic
FFSCFLFF,48,33,2,0,81,2,0.7117117117117117,toxic
CFSFFIVF,50,31,1,1,81,2,0.7117117117117117,toxic
FFFCLYLC,48,33,2,0,81,2,0.7117117117117117,toxic
RLRRFFCF,50,31,0,2,81,2,0.7117117117117117,toxic
FIIFFCRF,52,36,2,2,88,4,0.711864406779661,toxic
CFRFCFYV,53,42,2,4,95,6,0.712,toxic
RDICVYYL,59,43,2,6,102,8,0.7121212121212122,toxic
DYVCSCYF,54,48,6,2,102,8,0.7121212121212122,toxic
CFSICCLL,85,66,9,13,151,22,0.712707182320442,toxic
CFIRICFC,40,38,1,0,78,1,0.7129629629629629,toxic
HVLRFFCF,44,34,1,0,78,1,0.7129629629629629,toxic
RLFFVRCI,41,37,0,1,78,1,0.7129629629629629,toxic
FCLRYLFF,47,31,0,1,78,1,0.7129629629629629,toxic
VFILYFCC,51,34,2,1,85,3,0.7130434782608696,toxic
CYLLRYLV,44,41,1,2,85,3,0.7130434782608696,toxic
FILFYLFV,51,34,2,1,85,3,0.7130434782608696,toxic
FYFCFVFV,52,33,0,3,85,3,0.7130434782608696,toxic
LFFFLNVF,48,37,2,1,85,3,0.7130434782608696,toxic
LFVFFYLR,51,34,3,0,85,3,0.7130434782608696,toxic
CVFLRFVL,55,37,2,3,92,5,0.7131147540983607,toxic
FCLRVFVS,52,40,3,2,92,5,0.7131147540983607,toxic
LLCFLFDL,55,37,2,3,92,5,0.7131147540983607,toxic
FLFCCFNR,59,40,4,3,99,7,0.7131782945736435,toxic
LFCIGLYI,58,41,4,3,99,7,0.7131782945736435,toxic
CLVIGVFF,60,46,6,3,106,9,0.7132352941176471,toxic
IFCFCYVG,61,45,4,5,106,9,0.7132352941176471,toxic
CYIIFYRV,59,47,3,6,106,9,0.7132352941176471,toxic
ICCFRCLC,64,49,4,7,113,11,0.7132867132867133,toxic
FFYHCIHF,60,53,5,6,113,11,0.7132867132867133,toxic
SIYCFVRY,60,53,4,7,113,11,0.7132867132867133,toxic
IFVCHVRI,65,48,4,7,113,11,0.7132867132867133,toxic
FCFVFFIL,59,54,7,4,113,11,0.7132867132867133,toxic
FLVVIRHI,66,47,7,4,113,11,0.7132867132867133,toxic
FNVCYIYL,67,53,11,2,120,13,0.7133333333333334,toxic
YFDLVFIC,55,41,1,5,96,6,0.7142857142857143,toxic
FRDFFRCF,60,43,6,2,103,8,0.7142857142857143,toxic
FYFCVFLH,53,43,2,4,96,6,0.7142857142857143,toxic
ICFLRYLC,52,37,3,1,89,4,0.7142857142857143,toxic
LLLLGVIV,71,53,2,12,124,14,0.7142857142857143,toxic
LLVCYFVC,99,88,13,19,187,32,0.7142857142857143,toxic
VFYVIFFV,49,40,2,2,89,4,0.7142857142857143,toxic
VLCCFCYC,103,84,17,15,187,32,0.7142857142857143,toxic
CLVVYYVI,68,49,5,7,117,12,0.7142857142857143,toxic
CYCVRVVC,82,67,12,9,149,21,0.7150837988826816,toxic
VFFCVVVC,73,55,8,7,128,15,0.7151898734177216,toxic
IVLVLCDR,70,51,6,7,121,13,0.7152317880794702,toxic
CCHIIFGF,66,48,6,5,114,11,0.7152777777777778,toxic
CLVCCLSF,63,51,5,6,114,11,0.7152777777777778,toxic
HFICICRF,62,45,6,3,107,9,0.7153284671532847,toxic
FVCILYNV,61,46,3,6,107,9,0.7153284671532847,toxic
VFHVVCLL,62,45,5,4,107,9,0.7153284671532847,toxic
RYFVYFIY,62,45,3,6,107,9,0.7153284671532847,toxic
FRLYGVLI,53,47,4,3,100,7,0.7153846153846154,toxic
FSLSFILS,59,41,3,4,100,7,0.7153846153846154,toxic
FVHFFLCL,53,40,4,1,93,5,0.7154471544715447,toxic
FIILRLCS,55,38,2,3,93,5,0.7154471544715447,toxic
FFCLCIYC,51,42,2,3,93,5,0.7154471544715447,toxic
CCFYFFRF,54,39,3,2,93,5,0.7154471544715447,toxic
HFFYYLFV,40,39,1,0,79,1,0.7155963302752294,toxic
FSFIVCVG,46,33,1,0,79,1,0.7155963302752294,toxic
FNVSVLFI,46,33,0,1,79,1,0.7155963302752294,toxic
VFYVCVRF,49,30,0,1,79,1,0.7155963302752294,toxic
FSVYFIRF,43,36,1,0,79,1,0.7155963302752294,toxic
CFFFSLRI,47,32,0,1,79,1,0.7155963302752294,toxic
VCFFICLS,72,53,5,9,125,14,0.7161290322580646,toxic
VFVCGFVF,65,53,6,6,118,12,0.7162162162162162,toxic
VLFSIFLN,51,46,1,5,97,6,0.7165354330708661,toxic
FRIFVCHV,46,44,1,3,90,4,0.7166666666666667,toxic
YLYIDVSF,54,36,0,4,90,4,0.7166666666666667,toxic
VFCICCFV,54,36,0,4,90,4,0.7166666666666667,toxic
ICVIFYYY,52,38,2,2,90,4,0.7166666666666667,toxic
FDVCFICF,54,36,3,1,90,4,0.7166666666666667,toxic
ISYFFINF,47,43,1,3,90,4,0.7166666666666667,toxic
FCCFCRLF,51,32,0,2,83,2,0.7168141592920354,toxic
FIHFLGVI,103,86,14,18,189,32,0.7168949771689498,toxic
ILFRLCRI,45,31,0,0,76,0,0.71698113207547165,toxic
NIFLFFVI,67,55,5,8,122,13,0.7171052631578947,toxic
VHLILIIH,70,52,7,6,122,13,0.7171052631578947,toxic
LYCIYFID,63,45,2,7,108,9,0.717391304347826,toxic
FILVGRFV,56,45,2,5,101,7,0.7175572519083969,toxic
FYCVIVGC,60,41,3,4,101,7,0.7175572519083969,toxic
YCICVRVY,52,35,3,0,87,3,0.717948717948718,toxic
FFLYILCC,53,34,3,0,87,3,0.717948717948718,toxic
FFISCIRY,71,55,10,4,126,14,0.717948717948718,toxic
LFIYHCFC,69,50,6,6,119,12,0.7181208053691275,toxic
CFLDVFFF,46,34,0,1,80,1,0.7181818181818181,toxic
FFFFCFFF,49,31,0,1,80,1,0.7181818181818181,toxic
GIVFCYLV,62,50,2,8,112,10,0.7183098591549296,toxic
LFYYCCFC,60,52,3,7,112,10,0.7183098591549296,toxic
CFYINYCV,96,80,16,12,176,28,0.7184466019417476,toxic
VYFFFFFV,61,44,3,5,105,8,0.7185185185185186,toxic
VVRILFYC,61,44,2,6,105,8,0.7185185185185186,toxic
RYLCFIIG,58,40,4,2,98,6,0.71875,toxic
GFRVYLCV,58,40,2,4,98,6,0.71875,toxic
CYGCVYCV,51,47,2,4,98,6,0.71875,toxic
YLLCCILR,71,52,6,7,123,13,0.7189542483660131,toxic
FICVCYIV,52,39,2,2,91,4,0.71900826446281,toxic
YIIFGFRY,49,42,0,4,91,4,0.71900826446281,toxic
FCFFFNHF,55,36,1,3,91,4,0.71900826446281,toxic
FRFCCCCY,115,97,23,15,212,38,0.71900826446281,toxic
FCVILCVC,55,36,3,1,91,4,0.71900826446281,toxic
FSVLICVV,62,54,6,5,116,11,0.7191780821917808,toxic
FFRCCIVC,49,35,1,1,84,2,0.7192982456140351,toxic
DFRIIYCF,41,43,1,1,84,2,0.7192982456140351,toxic
CFNFFFRC,75,66,8,10,141,18,0.7192982456140351,toxic
IIVCRFIS,49,35,2,0,84,2,0.7192982456140351,toxic
CFFHFLLL,49,35,1,1,84,2,0.7192982456140351,toxic
IYVVHIFC,62,47,5,4,109,9,0.7194244604316546,toxic
NCVFRVCF,75,59,7,9,134,16,0.7195121951219512,toxic
VLIIRYCC,60,42,5,2,102,7,0.7196969696969697,toxic
FYVSFCHF,52,50,3,4,102,7,0.7196969696969697,toxic
IFFYRLVV,59,43,3,4,102,7,0.7196969696969697,toxic
FIFYFVCF,58,44,3,4,102,7,0.7196969696969697,toxic
FFRFVCVV,59,43,3,4,102,7,0.7196969696969697,toxic
FYLLVRVH,80,72,11,10,152,21,0.7197802197802198,toxic
FFISCHFY,94,83,13,15,177,28,0.7198067632850241,toxic
FFVCVGFC,57,38,2,3,95,5,0.72,toxic
FIVSIFSF,55,40,3,2,95,5,0.72,toxic
FRIYCSLF,57,38,0,5,95,5,0.72,toxic
NFCCLYIV,65,48,4,6,113,10,0.7202797202797203,toxic
YCCFLRVF,52,36,1,2,88,3,0.7203389830508474,toxic
FCGVYIFF,51,37,2,1,88,3,0.7203389830508474,toxic
HIICIYLF,53,35,1,2,88,3,0.7203389830508474,toxic
FDFLIFVF,72,59,10,5,131,15,0.7204968944099379,toxic
FVVSLHVV,74,57,7,8,131,15,0.7204968944099379,toxic
ICLCGLVF,55,51,4,4,106,8,0.7205882352941176,toxic
IRFSCFFV,60,46,1,7,106,8,0.7205882352941176,toxic
DGYNLCLF,48,33,1,0,81,1,0.7207207207207207,toxic
FFGDYVND,93,74,12,13,167,25,0.7208121827411168,toxic
FISFVVIR,56,43,3,3,99,6,0.7209302325581395,toxic
DLSIIVFF,59,40,3,3,99,6,0.7209302325581395,toxic
YLVIVVCH,62,55,8,3,117,11,0.7210884353741497,toxic
CFLFRVCV,54,38,2,2,92,4,0.7213114754098361,toxic
FFFFNCYF,52,40,2,2,92,4,0.7213114754098361,toxic
FFVLFYLY,52,40,4,0,92,4,0.7213114754098361,toxic
RFRIYYFH,94,77,13,13,171,26,0.7213930348258707,toxic
YVFNDSRY,112,95,14,22,207,36,0.7215189873417721,toxic
FFRLFCGI,49,36,1,1,85,2,0.7217391304347827,toxic
FFLLFHFF,52,33,1,1,85,2,0.7217391304347827,toxic
LIIFCRFC,56,47,6,1,103,7,0.7218045112781954,toxic
ICCYYIIV,59,44,3,4,103,7,0.7218045112781954,toxic
VFCYVRFV,69,52,6,6,121,12,0.7218543046357616,toxic
FCVCCDCI,72,60,6,9,132,15,0.7222222222222222,toxic
YLYYVINI,52,44,0,5,96,5,0.7222222222222222,toxic
VFFICHIS,74,58,3,12,132,15,0.7222222222222222,toxic
FFCGFCFC,57,39,1,4,96,5,0.7222222222222222,toxic
FHNFCLFF,42,36,0,0,78,0,0.7222222222222222,toxic
IVIVYFRI,56,40,0,5,96,5,0.7222222222222222,toxic
CFCCYYIR,48,30,0,0,78,0,0.7222222222222222,toxic
FIVDIFYC,72,53,10,3,125,13,0.7225806451612903,toxic
ICCVLCCF,71,54,7,6,125,13,0.7225806451612903,toxic
VYDIFIFV,60,47,4,4,107,8,0.7226277372262774,toxic
CLIYFILF,62,45,4,4,107,8,0.7226277372262774,toxic
FFFFFDLC,63,44,4,4,107,8,0.7226277372262774,toxic
CYFLCFII,53,36,1,2,89,3,0.7226890756302521,toxic
ILVIGCFG,48,41,2,1,89,3,0.7226890756302521,toxic
FVLSIYYV,52,37,1,2,89,3,0.7226890756302521,toxic
FRFRVCFC,52,37,2,1,89,3,0.7226890756302521,toxic
YFFFFVFF,83,71,12,9,154,21,0.7228260869565217,toxic
FFIGFFYI,59,59,5,6,118,11,0.722972972972973,toxic
FFFFCCCY,59,41,4,2,100,6,0.7230769230769231,toxic
VCFYFIGF,58,42,4,2,100,6,0.7230769230769231,toxic
VLCLFRGF,45,37,0,1,82,1,0.7232142857142857,toxic
FVFFLGVV,47,35,0,1,82,1,0.7232142857142857,toxic
CFCCIIGV,79,61,9,8,140,17,0.7235294117647059,toxic
FLFCCLYL,53,40,3,1,93,4,0.7235772357723578,toxic
VVFYCLFR,49,44,1,3,93,4,0.7235772357723578,toxic
HVLFRIYG,56,37,1,3,93,4,0.7235772357723578,toxic
VLYFRLRV,51,42,2,2,93,4,0.7235772357723578,toxic
RIYVCFVS,52,41,2,2,93,4,0.7235772357723578,toxic
LCFFYFIV,62,60,4,8,122,12,0.7236842105263158,toxic
FCCCCFVY,60,44,5,2,104,7,0.7238805970149254,toxic
DRYIVCIL,61,43,3,4,104,7,0.7238805970149254,toxic
YICCCFFF,58,46,2,5,104,7,0.7238805970149254,toxic
YSFFFVYC,61,43,5,2,104,7,0.7238805970149254,toxic
FHFIFCCV,60,44,3,4,104,7,0.7238805970149254,toxic
IFCCFFFF,66,49,5,5,115,10,0.7241379310344828,toxic
IFFIYIII,48,38,2,0,86,2,0.7241379310344828,toxic
FVCFFGCF,67,48,5,5,115,10,0.7241379310344828,toxic
CFCFFIGI,67,48,4,6,115,10,0.7241379310344828,toxic
FFCNFFNC,67,48,6,4,115,10,0.7241379310344828,toxic
IGCCLCIF,67,59,2,11,126,13,0.7243589743589743,toxic
CFLCVCFG,58,39,3,2,97,5,0.7244094488188977,toxic
CFVLCVGV,74,63,7,9,137,16,0.7245508982035929,toxic
IIVIYISF,61,47,4,4,108,8,0.7246376811594203,toxic
FIIYFVIL,57,51,3,5,108,8,0.7246376811594203,toxic
FYVRVCHF,63,45,4,4,108,8,0.7246376811594203,toxic
RILFFIFL,54,36,2,1,90,3,0.725,toxic
CCFFYVCI,60,41,0,6,101,6,0.7251908396946565,toxic
VVFFCFFR,54,47,1,5,101,6,0.7251908396946565,toxic
YCVIYFRV,52,49,3,3,101,6,0.7251908396946565,toxic
FCICFFYF,64,48,6,3,112,9,0.7253521126760564,toxic
LRLLFVFR,60,52,6,3,112,9,0.7253521126760564,toxic
YCLLIFVY,63,49,4,5,112,9,0.7253521126760564,toxic
FLVVICIF,50,33,0,1,83,1,0.7256637168141593,toxic
RFSCFIRF,46,37,0,1,83,1,0.7256637168141593,toxic
YCFVSICF,56,38,3,1,94,4,0.7258064516129032,toxic
LFRLCRIL,55,39,0,4,94,4,0.7258064516129032,toxic
FIIDFFFC,55,39,1,3,94,4,0.7258064516129032,toxic
RLCILFHV,64,52,4,6,116,10,0.726027397260274,toxic
GYYCCYIY,66,50,3,7,116,10,0.726027397260274,toxic
FCFFFSCF,47,40,0,2,87,2,0.7264957264957265,toxic
CYRCFFRV,49,38,1,1,87,2,0.7264957264957265,toxic
VRLRFLRF,53,34,1,1,87,2,0.7264957264957265,toxic
FVYIICFF,49,38,1,1,87,2,0.7264957264957265,toxic
NLSYIYIF,51,36,1,1,87,2,0.7264957264957265,toxic
RFYCIYCF,56,42,2,3,98,5,0.7265625,toxic
FFRLLCSF,49,31,0,0,80,0,0.7272727272727273,toxic
FYFCVIIV,56,46,2,4,102,6,0.7272727272727273,toxic
LYCVFFVI,60,42,2,4,102,6,0.7272727272727273,toxic
ILRICFHF,47,33,0,0,80,0,0.7272727272727273,toxic
CIVILLLC,103,87,11,19,190,30,0.7272727272727273,toxic
LLFICLIR,59,43,4,2,102,6,0.7272727272727273,toxic
FCCFFVSF,67,50,5,5,117,10,0.7278911564625851,toxic
YCIYYSFI,54,41,0,4,95,4,0.728,toxic
LRVYIVCH,56,39,1,3,95,4,0.728,toxic
VYCGRRIC,49,35,0,1,84,1,0.7280701754385965,toxic
LLFFYVRL,70,51,4,7,121,11,0.7284768211920529,toxic
CFCVRLCV,65,56,4,7,121,11,0.7284768211920529,toxic
FCHFYCVF,89,80,11,13,169,24,0.7286432160804021,toxic
VYFFFVYS,89,80,16,8,169,24,0.7286432160804021,toxic
FFIYIYYF,59,40,1,4,99,5,0.7286821705426356,toxic
DLVVLSFF,58,41,2,3,99,5,0.7286821705426356,toxic
IVFYCFGL,58,41,4,1,99,5,0.7286821705426356,toxic
FFCFLGYF,50,38,0,2,88,2,0.7288135593220338,toxic
CICCFFFV,77,59,8,7,136,15,0.7289156626506024,toxic
CIVCGFFR,66,59,3,9,125,12,0.7290322580645161,toxic
VYRCYVFL,72,53,9,3,125,12,0.7290322580645161,toxic
VFFIHFCN,61,53,2,7,114,9,0.7291666666666666,toxic
VFVFVNFI,62,52,4,5,114,9,0.7291666666666666,toxic
FCVYFSYC,56,47,3,3,103,6,0.7293233082706767,toxic
VVIRIVCY,58,45,1,5,103,6,0.7293233082706767,toxic
FFVGFFGI,61,42,2,4,103,6,0.7293233082706767,toxic
YGFIGFIF,58,45,4,2,103,6,0.7293233082706767,toxic
HYVHIICF,61,42,2,4,103,6,0.7293233082706767,toxic
FFGFLLHY,45,36,0,0,81,0,0.7297297297297297,toxic
YVICGYYL,86,69,11,9,155,20,0.7297297297297297,toxic
SFCVVCFL,62,56,4,6,118,10,0.7297297297297297,toxic
CVYYVFRI,55,52,2,5,107,7,0.7299270072992701,toxic
IFHIHVRF,59,48,2,5,107,7,0.7299270072992701,toxic
CSVLRIYV,63,44,2,5,107,7,0.7299270072992701,toxic
FVCFVCRY,48,48,3,1,96,4,0.7301587301587301,toxic
GICFFYIL,56,40,2,2,96,4,0.7301587301587301,toxic
FICFYFGH,82,66,11,7,148,18,0.7303370786516854,toxic
YLCYGVIF,50,35,0,1,85,1,0.7304347826086957,toxic
NFLILRCI,45,40,0,1,85,1,0.7304347826086957,toxic
IVYVYRVF,65,46,1,7,111,8,0.7304964539007093,toxic
CHLCYFFI,69,57,4,8,126,12,0.7307692307692307,toxic
VFVFCYLL,78,63,9,7,141,16,0.7309941520467836,toxic
LNIFFHVF,61,54,3,6,115,9,0.7310344827586207,toxic
FNCFVCCL,67,48,5,4,115,9,0.7310344827586207,toxic
FIFRVYYV,49,40,0,2,89,2,0.7310924369747899,toxic
FFVSICIC,46,43,2,0,89,2,0.7310924369747899,toxic
VIFFRVCS,95,87,7,20,182,27,0.7311320754716981,toxic
VFYIFYCV,61,43,2,4,104,6,0.7313432835820896,toxic
FLVVLFGY,57,47,2,4,104,6,0.7313432835820896,toxic
CVLCLCIV,56,48,0,6,104,6,0.7313432835820896,toxic
VYGFFFFL,59,45,4,2,104,6,0.7313432835820896,toxic
IRVCVVFC,50,43,0,3,93,3,0.7317073170731707,toxic
VFFVGCCF,96,79,15,10,175,25,0.7317073170731707,toxic
LFVVCFGI,62,46,5,2,108,7,0.7318840579710145,toxic
LVCRLICF,58,50,4,3,108,7,0.7318840579710145,toxic
HHYRFYFI,60,48,6,1,108,7,0.7318840579710145,toxic
ICIHVISY,63,45,5,2,108,7,0.7318840579710145,toxic
IYGIICLC,53,44,2,2,97,4,0.7322834645669292,toxic
FYCFFNYF,61,51,2,6,112,8,0.7323943661971831,toxic
FILHVYYC,65,47,2,6,112,8,0.7323943661971831,toxic
CHIFVIVF,64,48,4,4,112,8,0.7323943661971831,toxic
CCFYSFIF,65,47,5,3,112,8,0.7323943661971831,toxic
VHYFCVIR,71,56,5,7,127,12,0.732484076433121,toxic
FFCFSFCF,46,40,1,0,86,1,0.7327586206896551,toxic
CRFCLIVF,57,44,2,3,101,5,0.732824427480916,toxic
LFLLYVLI,60,41,2,3,101,5,0.732824427480916,toxic
FLFFGFCC,66,50,7,2,116,9,0.7328767123287672,toxic
YCYVFRCF,66,50,5,4,116,9,0.7328767123287672,toxic
FNYFYIFF,75,56,9,4,131,13,0.7329192546583851,toxic
RCVLVYYI,54,36,0,2,90,2,0.7333333333333333,toxic
RGYFIFIG,73,62,5,9,135,14,0.7333333333333333,toxic
FCFYRCFC,61,44,4,2,105,6,0.7333333333333333,toxic
YCGLIVCF,68,52,6,4,120,10,0.7333333333333333,toxic
SCFIFLLL,75,64,10,5,139,15,0.7337278106508875,toxic
FHSCFFYL,69,55,2,9,124,11,0.7337662337662337,toxic
FFFYVDFI,63,46,3,4,109,7,0.7338129496402878,toxic
VCCFFCSF,127,121,24,20,248,44,0.7338129496402878,toxic
FFHCYLVV,63,46,5,2,109,7,0.7338129496402878,toxic
FVDFIILY,54,40,1,2,94,3,0.7338709677419355,toxic
VIRVRVCL,55,43,2,2,98,4,0.734375,toxic
CCLLYVCF,46,52,1,3,98,4,0.734375,toxic
VRGYYCFF,82,65,10,7,147,17,0.7344632768361582,toxic
LFIFGIRV,56,46,2,3,102,5,0.7348484848484849,toxic
ICVYGIFI,60,42,3,2,102,5,0.7348484848484849,toxic
VDYFYVIY,59,43,2,3,102,5,0.7348484848484849,toxic
YFSVYFVC,52,50,3,2,102,5,0.7348484848484849,toxic
LYCICYFI,60,42,1,4,102,5,0.7348484848484849,toxic
FSFCFYVF,49,38,0,1,87,1,0.7350427350427351,toxic
YYVCFRCC,53,34,1,0,87,1,0.7350427350427351,toxic
FHHLVVCF,59,47,3,3,106,6,0.7352941176470589,toxic
FLFYLLHV,60,46,3,3,106,6,0.7352941176470589,toxic
IHIHFCIN,72,53,7,4,125,11,0.7354838709677419,toxic
RFGVRIYF,55,36,0,2,91,2,0.7355371900826446,toxic
VLFFVICS,56,54,5,2,110,7,0.7357142857142858,toxic
ICYVYVRF,57,53,2,5,110,7,0.7357142857142858,toxic
IYFCFFRF,54,41,2,1,95,3,0.736,toxic
IFCFFHFI,44,51,1,2,95,3,0.736,toxic
SFRCFLVF,57,38,2,1,95,3,0.736,toxic
FYIFFLSL,53,42,2,1,95,3,0.736,toxic
GCFVFCLV,63,51,5,3,114,8,0.7361111111111112,toxic
FVFVCYYS,59,40,1,3,99,4,0.7364341085271318,toxic
IFICVVFY,59,40,2,2,99,4,0.7364341085271318,toxic
IDFYVCVV,64,54,6,3,118,9,0.7364864864864865,toxic
CSYFLLFR,60,43,1,4,103,5,0.7368421052631579,toxic
IFYLFRCN,66,56,5,5,122,10,0.7368421052631579,toxic
YFCFFRYL,48,36,0,0,84,0,0.7368421052631579,toxic
FLFSFIIF,49,35,0,0,84,0,0.7368421052631579,toxic
RVHICVFH,70,52,6,4,122,10,0.7368421052631579,toxic
LFVICIGF,59,48,3,3,107,6,0.7372262773722628,toxic
FFFFFFSC,50,38,1,0,88,1,0.7372881355932204,toxic
FYCSLVCF,60,51,5,2,111,7,0.7375886524822695,toxic
FCCLVRFV,62,49,4,3,111,7,0.7375886524822695,toxic
FFIFCVCV,65,46,6,1,111,7,0.7375886524822695,toxic
FCVCFFFF,68,51,5,4,119,9,0.738255033557047,toxic
FYFIIRLY,59,41,2,2,100,4,0.7384615384615385,toxic
ICFVVVVF,70,53,3,7,123,10,0.738562091503268,toxic
FFVFVFFL,70,53,4,6,123,10,0.738562091503268,toxic
RVVVIVFI,75,56,6,6,131,12,0.7391304347826086,toxic
INFFFILY,43,42,0,0,85,0,0.7391304347826086,toxic
FFVICFCY,75,60,5,8,135,13,0.7393939393939394,toxic
CIFLFLLC,65,47,2,5,112,7,0.7394366197183099,toxic
VCYFCFFC,59,53,5,2,112,7,0.7394366197183099,toxic
FLVIRFVL,54,35,0,1,89,1,0.7394957983193278,toxic
FLFSVLFS,53,36,0,1,89,1,0.7394957983193278,toxic
FSIICFFG,87,75,9,11,162,20,0.7395833333333334,toxic
CIFCCRYL,79,60,10,4,139,14,0.7396449704142012,toxic
FFLYCLCS,76,67,5,10,143,15,0.7398843930635838,toxic
VYLCVCCF,63,57,7,2,120,9,0.74,toxic
CCLYYFYL,57,40,1,2,97,3,0.7401574803149606,toxic
FRFFVFVG,51,46,3,0,97,3,0.7401574803149606,toxic
FLICRCYY,66,58,1,9,124,10,0.7402597402597403,toxic
IFSCIFGH,71,61,7,5,132,12,0.7407407407407407,toxic
GFVVVGIY,78,62,8,6,140,14,0.7411764705882353,toxic
FFVVFVFC,62,51,2,5,113,7,0.7412587412587412,toxic
GLCVCCYC,75,69,5,10,144,15,0.7413793103448276,toxic
FHSIRICF,70,51,3,6,121,9,0.7417218543046358,toxic
VICFCVYC,74,55,5,6,129,11,0.7421383647798742,toxic
FFLLDFLI,55,43,2,1,98,3,0.7421875,toxic
FFFFCVFV,58,44,2,2,102,4,0.7424242424242424,toxic
GLYIGFLL,60,42,1,3,102,4,0.7424242424242424,toxic
DFCFVLFV,56,46,2,2,102,4,0.7424242424242424,toxic
FVFFVVFV,77,60,6,7,137,13,0.7425149700598802,toxic
GFFCVIHV,64,46,4,2,110,6,0.7428571428571429,toxic
YFFCVGVF,58,56,3,4,114,7,0.7430555555555556,toxic
CLFIFRSV,86,67,8,9,153,17,0.7431693989071039,toxic
FIIFYFIR,66,52,5,3,118,8,0.7432432432432432,toxic
IRIYLSVN,63,63,4,6,126,10,0.7435897435897436,toxic
FILCRLFV,51,36,0,0,87,0,0.7435897435897436,toxic
CCILIYFR,71,59,5,6,130,11,0.74375,toxic
VYFIHVRF,51,40,1,0,91,1,0.743801652892562,toxic
FFCYFFRY,55,36,0,1,91,1,0.743801652892562,toxic
CVVCCVVF,52,39,0,1,91,1,0.743801652892562,toxic
RFCGFFRF,54,41,0,2,95,2,0.744,toxic
YFYVRICG,61,46,1,4,107,5,0.7445255474452555,toxic
IFLLVFVI,62,45,2,3,107,5,0.7445255474452555,toxic
FFCVLYCY,85,69,7,10,154,17,0.7445652173913043,toxic
CFDLVILF,62,49,4,2,111,6,0.7446808510638298,toxic
HYICVHVF,64,47,4,2,111,6,0.7446808510638298,toxic
FIHCFYRF,66,49,4,3,115,7,0.7448275862068966,toxic
IFVCYVCV,69,50,4,4,119,8,0.7449664429530202,toxic
FDFFCLCI,65,54,6,2,119,8,0.7449664429530202,toxic
IYGIFLIF,67,56,4,5,123,9,0.7450980392156863,toxic
FVIFCVFC,68,55,3,6,123,9,0.7450980392156863,toxic
CFFYCYFF,71,56,4,6,127,10,0.7452229299363057,toxic
VVGFRFIY,79,84,7,12,163,19,0.7461139896373057,toxic
YFSVYVYI,59,41,1,2,100,3,0.7461538461538462,toxic
FLVRFFGG,55,45,0,3,100,3,0.7461538461538462,toxic
CIHYCCFF,57,43,1,2,100,3,0.7461538461538462,toxic
GYLVVCYR,56,48,3,1,104,4,0.746268656716418,toxic
FCGFLFFF,67,49,3,4,116,7,0.7465753424657534,toxic
FVFDILLI,71,53,5,4,124,9,0.7467532467532467,toxic
YFHIFIHG,71,57,3,7,128,10,0.7468354430379747,toxic
RVYFVLLY,74,58,4,7,132,11,0.7469135802469136,toxic
VSFFYYYI,55,38,1,0,93,1,0.7479674796747967,toxic
ICLRIFRC,54,39,0,1,93,1,0.7479674796747967,toxic
FVFSFRCV,54,43,1,1,97,2,0.7480314960629921,toxic
FCLYFVCC,60,45,3,1,105,4,0.7481481481481481,toxic
FVVSLIVY,59,46,2,2,105,4,0.7481481481481481,toxic
FLIFVCCF,60,45,0,4,105,4,0.7481481481481481,toxic
RRCYIFCF,60,49,3,2,109,5,0.7482014388489209,toxic
IFFGFFNV,63,46,2,3,109,5,0.7482014388489209,toxic
FIFRYFHY,66,47,3,3,113,6,0.7482517482517482,toxic
CYLRYFVI,66,51,4,3,117,7,0.7482993197278912,toxic
SFFSRFRI,72,53,5,4,125,9,0.7483870967741936,toxic
FYGIICLR,69,56,5,4,125,9,0.7483870967741936,toxic
YCYHCLCC,82,63,6,8,145,14,0.7485714285714286,toxic
GVDVFFVF,94,79,9,12,173,21,0.7487684729064039,toxic
FFVCLLHL,103,86,10,15,189,25,0.7488584474885844,toxic
NHVYLYLY,54,36,0,0,90,0,0.75,toxic
LICLCIFG,74,56,4,6,130,10,0.75,toxic
IFFYFICG,86,68,7,9,154,16,0.75,toxic
CHIFCVIF,70,56,3,6,126,9,0.75,toxic
FCISIIVR,60,50,4,1,110,5,0.75,toxic
YFVLRCCF,57,45,2,1,102,3,0.75,toxic
FFLYFFYF,67,51,4,3,118,7,0.75,toxic
YHCRFGCD,47,47,0,1,94,1,0.75,toxic
LFFCIFHG,88,71,8,9,159,17,0.7513227513227513,toxic
FGVIVYFL,71,52,5,3,123,8,0.7516339869281046,toxic
FFLCRVCI,64,51,3,3,115,6,0.7517241379310344,toxic
NLFCVLYY,61,54,2,4,115,6,0.7517241379310344,toxic
FIFNLFVG,56,55,0,5,111,5,0.75177304964539,toxic
GVIILFGV,65,46,2,3,111,5,0.75177304964539,toxic
RFIIFFVI,62,49,2,3,111,5,0.75177304964539,toxic
VYVFRIIC,63,44,3,1,107,4,0.7518248175182481,toxic
FCFICIVV,60,43,0,3,103,3,0.7518796992481203,toxic
FVIRFGRF,57,42,1,1,99,2,0.751937984496124,toxic
FIFYYLLI,57,38,0,1,95,1,0.752,toxic
FLRHIFVF,55,36,0,0,91,0,0.7520661157024794,toxic
LFSFFYDF,89,71,8,9,160,17,0.7526315789473684,toxic
FCCFCVVC,87,73,10,7,160,17,0.7526315789473684,toxic
FCFVSFIC,80,68,4,10,148,14,0.7528089887640449,toxic
FYFGYYLF,76,68,8,5,144,13,0.7528735632183908,toxic
VVIYVRCV,73,63,4,7,136,11,0.7530120481927711,toxic
LYVFYIIF,75,61,6,5,136,11,0.7530120481927711,toxic
LFVSVIVF,99,82,9,13,181,22,0.7535545023696683,toxic
ICVYYLCG,58,50,1,3,108,4,0.7536231884057971,toxic
IFCFVIVC,72,57,4,5,129,9,0.7547169811320755,toxic
SFCVVFGF,70,55,5,3,125,8,0.7548387096774194,toxic
IRYVRIVY,68,49,4,2,117,6,0.7551020408163265,toxic
LSIVCIFF,65,48,2,3,113,5,0.7552447552447552,toxic
YYFCVLLF,64,45,1,3,109,4,0.7553956834532374,toxic
IFIHFFCC,59,46,1,2,105,3,0.7555555555555555,toxic
YYVFLYGF,83,67,6,8,150,14,0.7555555555555555,toxic
FLIGLFIF,60,45,2,1,105,3,0.7555555555555555,toxic
GFFILLGF,60,45,1,2,105,3,0.7555555555555555,toxic
LFRIRYCF,58,39,0,1,97,1,0.7559055118110236,toxic
YCYFCFII,91,72,4,13,163,17,0.7564766839378239,toxic
VIIVLLLF,80,63,9,3,143,12,0.7572254335260116,toxic
LCIIVVCD,62,44,1,2,106,3,0.7573529411764706,toxic
VFLLFSRF,60,42,1,1,102,2,0.7575757575757576,toxic
CFLFGIRF,60,42,1,1,102,2,0.7575757575757576,toxic
LYVLIFCG,86,70,5,10,156,15,0.7580645161290323,toxic
VYCIRFFC,69,54,3,4,123,7,0.7581699346405228,toxic
VIVRFVFL,69,50,2,4,119,6,0.7583892617449665,toxic
NCVSIYLF,68,51,2,4,119,6,0.7583892617449665,toxic
FYLFCFCL,81,67,10,3,148,13,0.7584269662921348,toxic
YVFLISIF,78,66,5,7,144,12,0.7586206896551724,toxic
CYHYCLCF,94,75,11,7,169,18,0.7587939698492462,toxic
FFVCCFFF,60,51,2,2,111,4,0.7588652482269503,toxic
ICFFVCRR,75,57,4,5,132,9,0.7592592592592593,toxic
FFCYDIFF,87,70,7,8,157,15,0.7593582887700535,toxic
FCFFVSLF,60,43,1,1,103,2,0.7593984962406015,toxic
LIFILFYC,80,69,6,7,149,13,0.7597765363128491,toxic
GFFFRIYG,80,65,5,7,145,12,0.76,toxic
FFVISVFF,65,51,2,3,116,5,0.7602739726027398,toxic
VYCVFVRF,64,52,3,2,116,5,0.7602739726027398,toxic
VIVICYGY,89,73,8,8,162,16,0.7604166666666666,toxic
YFGLICVV,63,49,2,2,112,4,0.7605633802816901,toxic
SFLFLYCF,64,48,2,2,112,4,0.7605633802816901,toxic
FFHCCFFI,65,47,2,2,112,4,0.7605633802816901,toxic
FCVIRFRC,61,47,1,2,108,3,0.7608695652173914,toxic
FGNLGYDY,125,113,14,20,238,34,0.7611940298507462,toxic
VGCGFFSH,55,49,1,1,104,2,0.7611940298507462,toxic
CIFLYVCF,81,65,7,5,146,12,0.7613636363636364,toxic
FVCCVVCY,66,55,0,6,121,6,0.7615894039735099,toxic
VFYFLRIR,55,41,0,0,96,0,0.7619047619047619,toxic
FFNIIYVI,65,48,0,4,113,4,0.7622377622377622,toxic
IVSIVLSF,73,57,1,7,130,8,0.7625,toxic
FFFCVFVS,72,58,1,7,130,8,0.7625,toxic
FFVHILIC,58,47,1,1,105,2,0.762962962962963,toxic
FYCIYLSL,85,71,8,6,156,14,0.7634408602150538,toxic
VLVFVFCV,114,97,13,14,211,27,0.7634854771784232,toxic
FCYLCIVL,75,60,3,6,135,9,0.7636363636363637,toxic
FFVSIVIN,74,57,4,4,131,8,0.7639751552795031,toxic
ICVIFVVC,82,66,6,6,148,12,0.7640449438202247,toxic
FYFCCYIC,63,47,1,2,110,3,0.7642857142857142,toxic
FFVGLFRF,64,46,1,2,110,3,0.7642857142857142,toxic
FLFFFNCH,81,63,5,6,144,11,0.764367816091954,toxic
CFIVGLFL,69,54,3,3,123,6,0.7647058823529411,toxic
FFFVYYFV,61,45,1,1,106,2,0.7647058823529411,toxic
FVFYFIFC,71,52,4,2,123,6,0.7647058823529411,toxic
FGFFLCIR,62,44,2,0,106,2,0.7647058823529411,toxic
CFCCRFIF,60,46,1,1,106,2,0.7647058823529411,toxic
CCFFHIVL,69,50,2,3,119,5,0.7651006711409396,toxic
VLVVFGCF,81,68,3,9,149,12,0.7653631284916201,toxic
YCLVVFYI,74,58,2,6,132,8,0.7654320987654321,toxic
LFSFIVCV,73,55,4,3,128,7,0.7658227848101266,toxic
FIVHFNFV,71,70,7,3,141,10,0.7660818713450293,toxic
VFVCCLFV,83,71,6,7,154,13,0.7663043478260869,toxic
CYVVSFIF,73,64,6,3,137,9,0.7664670658682635,toxic
FVLLGCLF,66,50,1,3,116,4,0.7671232876712328,toxic
CFCFRFRV,71,58,5,2,129,7,0.7672955974842768,toxic
FHCCYFGG,58,41,0,0,99,0,0.7674418604651163,toxic
FFVCVILC,85,70,5,8,155,13,0.7675675675675676,toxic
CFFFVDFF,57,55,0,3,112,3,0.7676056338028169,toxic
VFRRFIRF,62,50,2,1,112,3,0.7676056338028169,toxic
HYVVSFVF,76,58,6,2,134,8,0.7682926829268293,toxic
FFVSIHIC,67,50,2,2,117,4,0.7687074829931972,toxic
FCIINVVF,63,54,2,2,117,4,0.7687074829931972,toxic
FHVRIFGF,66,64,6,1,130,7,0.76875,toxic
FCFFFFVR,76,67,7,3,143,10,0.7687861271676301,toxic
ICVLFGLV,81,62,3,7,143,10,0.7687861271676301,toxic
VFHFLFVR,72,54,0,6,126,6,0.7692307692307693,toxic
CYFCRVFL,52,48,0,0,100,0,0.7692307692307693,toxic
VDVIFIGF,70,56,2,4,126,6,0.7692307692307693,toxic
HLFFVCRC,93,81,8,9,174,17,0.7696078431372549,toxic
IFYCNFLL,64,45,2,0,109,2,0.7697841726618705,toxic
FIVFIYSD,87,70,3,10,157,13,0.7700534759358288,toxic
RFVIHVYF,87,70,7,6,157,13,0.7700534759358288,toxic
VFRRFFVC,72,59,6,1,131,7,0.7701863354037267,toxic
YFVFRVRF,75,56,4,3,131,7,0.7701863354037267,toxic
VFLVYVCF,65,53,2,2,118,4,0.7702702702702703,toxic
FGIFVVLR,70,53,4,1,123,5,0.7712418300653595,toxic
IFCFFCYF,96,89,10,9,185,19,0.772093023255814,toxic
FCLYFRCF,65,50,0,3,115,3,0.7724137931034483,toxic
VRVCLFFN,89,70,7,6,159,13,0.7724867724867724,toxic
FYFFFYRG,65,46,0,2,111,2,0.7730496453900709,toxic
VVCIIFLF,80,62,4,5,142,9,0.7732558139534884,toxic
IYHIVFCN,74,55,2,4,129,6,0.7735849056603774,toxic
ICCIVCRI,72,57,3,3,129,6,0.7735849056603774,toxic
VFVFNLFI,72,53,1,4,125,5,0.7741935483870968,toxic
RIFYVSFY,81,62,5,4,143,9,0.7745664739884393,toxic
DIYFFVIF,78,74,5,6,152,11,0.7747252747252747,toxic
FYFGFIYF,86,75,10,3,161,13,0.774869109947644,toxic
FCFLVCRS,118,101,14,12,219,26,0.7751004016064257,toxic
FCFICVVF,78,61,4,4,139,8,0.7751479289940828,toxic
FYNIVVYR,60,48,0,1,108,1,0.7753623188405797,toxic
LYVFCCIR,88,69,4,8,157,12,0.7754010695187166,toxic
LYIIVIFF,65,52,1,2,117,3,0.7755102040816326,toxic
CLYVIRCI,74,61,3,4,135,7,0.7757575757575758,toxic
VFFGFFFR,77,58,3,4,135,7,0.7757575757575758,toxic
CIFCCFFD,77,58,2,5,135,7,0.7757575757575758,toxic
VCFCFYRF,61,52,1,1,113,2,0.7762237762237763,toxic
CILVRYII,69,53,1,3,122,4,0.7763157894736842,toxic
VYFVNICL,105,93,14,7,198,21,0.7763157894736842,toxic
FCIGCRFL,65,57,1,3,122,4,0.7763157894736842,toxic
FFVCVSLL,67,64,4,2,131,6,0.7763975155279503,toxic
YFRCRFGV,80,69,3,7,149,10,0.776536312849162,toxic
FIDFRCGF,62,47,1,0,109,1,0.7769784172661871,toxic
ICIIVIFV,72,55,3,2,127,5,0.7770700636942676,toxic
CLYFRCLL,86,68,5,6,154,11,0.7771739130434783,toxic
RHFIFSFI,96,81,9,7,177,16,0.7777777777777778,toxic
VCFVVCRL,95,78,8,7,173,15,0.7783251231527094,toxic
FIVRLRFG,81,74,7,4,155,11,0.7783783783783784,toxic
YCYRFLIL,71,57,3,2,128,5,0.7784810126582279,toxic
RFCFLVRI,63,56,2,1,119,3,0.7785234899328859,toxic
RIFFIRLD,74,59,2,4,133,6,0.7791411042944786,toxic
RCRFCVLR,90,75,7,6,165,13,0.7794871794871795,toxic
RFYYVCCV,74,55,1,4,129,5,0.779874213836478,toxic
FFCLFVLF,76,58,2,4,134,6,0.7804878048780488,toxic
FYCVRFIY,60,65,1,3,125,4,0.7806451612903226,toxic
FFGFFYIR,61,46,0,0,107,0,0.781021897810219,toxic
YGLLFICI,84,65,3,6,149,9,0.7821229050279329,toxic
FFSFLCIC,68,49,0,2,117,2,0.782312925170068,toxic
LYFYIRCC,79,61,4,3,140,7,0.7823529411764706,toxic
YICYCVDF,69,62,2,3,131,5,0.782608695652174,toxic
LFFYLLVD,60,48,0,0,108,0,0.782608695652174,toxic
YLYILFSI,79,66,6,2,145,8,0.7828571428571428,toxic
ICLVVSLS,79,62,3,4,141,7,0.783625730994152,toxic
FFCFNICI,64,54,1,1,118,2,0.7837837837837838,toxic
NYYICICC,85,70,4,6,155,10,0.7837837837837838,toxic
FLFVRFFF,64,45,0,0,109,0,0.7841726618705036,toxic
FLYVRVVI,73,55,1,3,128,4,0.7848101265822784,toxic
HCLCRIIF,83,69,3,6,152,9,0.7857142857142857,toxic
LFFFVNCF,78,60,5,1,138,6,0.7857142857142857,toxic
LYCLRFFY,75,63,2,4,138,6,0.7857142857142857,toxic
GCLILIRC,93,78,5,8,171,13,0.7860696517412935,toxic
GYFLLGVH,80,63,4,3,143,7,0.7861271676300579,toxic
CCLFVYFF,113,101,12,10,214,22,0.7868852459016393,toxic
FLFFSLFF,63,48,0,0,111,0,0.7872340425531915,toxic
FCFCFNRF,84,65,6,2,149,8,0.7877094972067039,toxic
FCFLLSFV,92,74,6,5,166,11,0.7908163265306123,toxic
GFFCLVHF,93,78,4,8,171,12,0.7910447761194029,toxic
ILVCVYCR,101,85,8,7,186,15,0.7916666666666666,toxic
LIRFVRLF,57,57,0,0,114,0,0.7916666666666666,toxic
RFVICFGY,74,69,4,2,143,6,0.791907514450867,toxic
DLVFSIVF,64,55,0,1,119,1,0.7919463087248322,toxic
RYVCYIFS,75,59,4,0,134,4,0.7926829268292683,toxic
VFGLIYFR,97,78,6,6,175,12,0.7951219512195122,toxic
NLVLYLFI,81,65,2,4,146,6,0.7954545454545454,toxic
VVCCCVIF,114,96,9,10,210,19,0.7958333333333333,toxic
SCVFLFRY,110,102,6,13,212,19,0.7975206611570248,toxic
FFLSIILC,81,62,4,1,143,5,0.7976878612716763,toxic
VFCVYRIF,96,78,6,5,174,11,0.7990196078431373,toxic
FVVRFRIS,93,78,3,7,171,10,0.8009950248756219,toxic
YRFIFIRG,95,76,2,8,171,10,0.8009950248756219,toxic
ILVIRYIV,86,71,3,4,157,7,0.8021390374331551,toxic
CFCLHFII,80,62,2,2,142,4,0.8023255813953488,toxic
IYVFGFRF,75,62,2,1,137,3,0.8023952095808383,toxic
RFRLFIIV,103,85,6,7,188,13,0.8027522935779816,toxic
LSLFLYLY,88,70,1,6,158,7,0.8031914893617021,toxic
GCCYVYII,86,72,3,4,158,7,0.8031914893617021,toxic
FFVHHVYF,74,60,1,1,134,2,0.8048780487804879,toxic
CCLYSYCF,86,69,2,4,155,6,0.8054054054054054,toxic
GCVYFVCI,91,81,4,5,172,9,0.806930693069307,toxic
FFGLHVLF,87,70,3,3,157,6,0.8074866310160428,toxic
FNFFRCFR,88,69,2,4,157,6,0.8074866310160428,toxic
IRFRYLVL,75,57,1,0,132,1,0.808641975308642,toxic
LYRFYVLF,80,63,0,3,143,3,0.8092485549132948,toxic
FFSLFFRF,76,58,0,1,134,1,0.8109756097560976,toxic
YHCLYVCL,92,74,5,2,166,7,0.8112244897959183,toxic
VIFYFRIG,79,63,0,1,142,1,0.8197674418604651,toxic
IFFVLCIV,100,81,5,3,181,8,0.8199052132701422,toxic
RYVCYVVC,91,74,2,3,165,5,0.8205128205128205,toxic
IDYFLYII,101,84,4,3,185,7,0.827906976744186,toxic
NDIVSRHR,93,84,3,2,177,5,0.8309178743961353,toxic
VLCRFIIL,102,86,3,3,188,6,0.8348623853211009,toxic
FFFRLCVG,109,101,4,5,210,9,0.8375,toxic
VFCFFFLY,107,89,1,4,196,5,0.8451327433628318,toxic
FRIFFRIY,95,78,0,1,173,1,0.8472906403940886,toxic
