RDIIGGCV,41,49,416,425,90,841,-6.258333333333334,anti-toxic
CYDICNIG,46,27,349,362,73,711,-6.194174757281553,anti-toxic
FVVDYDRN,12,15,187,193,27,380,-6.192982456140351,anti-toxic
HLGGVYVR,22,11,201,213,33,414,-6.0476190476190474,anti-toxic
GFDLFSGC,43,28,329,320,71,649,-5.7227722772277225,anti-toxic
ISVNGSGF,37,28,299,306,65,605,-5.684210526315789,anti-toxic
CCLSSRFV,17,20,192,208,37,400,-5.417910447761194,anti-toxic
VCDSVGRH,29,27,264,255,56,519,-5.383720930232558,anti-toxic
YISFYFSD,55,45,393,403,100,796,-5.3538461538461535,anti-toxic
CDGRHHGF,10,9,131,147,19,278,-5.285714285714286,anti-toxic
CFHDRVDV,35,19,239,249,54,488,-5.166666666666667,anti-toxic
CDLLYDVL,53,35,335,344,88,679,-5.008474576271187,anti-toxic
CHVDVFRN,21,12,167,176,33,343,-4.920634920634921,anti-toxic
CINNGCDV,20,18,176,195,38,371,-4.897058823529412,anti-toxic
GSCSISFG,25,16,194,192,41,386,-4.859154929577465,anti-toxic
FCFVDIHC,27,18,198,204,45,402,-4.76,anti-toxic
CDVFDVVL,12,8,122,136,20,258,-4.76,anti-toxic
SIRYSIHV,18,18,165,182,36,347,-4.712121212121212,anti-toxic
FFNCCGRY,33,20,213,229,53,442,-4.686746987951807,anti-toxic
IRVNDCLI,20,9,148,152,29,300,-4.593220338983051,anti-toxic
LINVGCRF,45,26,252,271,71,523,-4.475247524752476,anti-toxic
RVDRGICI,31,35,252,243,66,495,-4.46875,anti-toxic
CFDVCNGR,35,21,217,217,56,434,-4.395348837209302,anti-toxic
LGCDCSRF,17,9,136,136,26,272,-4.392857142857143,anti-toxic
GCNVRLCD,38,20,225,219,58,444,-4.386363636363637,anti-toxic
FCGNFFRF,15,17,149,154,32,303,-4.370967741935484,anti-toxic
NYICGCSF,35,17,198,211,52,409,-4.353658536585366,anti-toxic
CVNVDVGG,24,9,151,155,33,306,-4.333333333333333,anti-toxic
SSCCHGVV,18,12,147,139,30,286,-4.266666666666667,anti-toxic
CGYHSDDI,19,15,147,160,34,307,-4.265625,anti-toxic
RGHGRFRG,23,15,158,169,38,327,-4.25,anti-toxic
NDYDVGVR,15,7,114,129,22,243,-4.25,anti-toxic
RNRFYSGR,24,13,151,169,37,320,-4.223880597014926,anti-toxic
SNGHGGVI,32,19,187,206,51,393,-4.222222222222222,anti-toxic
RSCIFHNV,23,17,172,159,40,331,-4.1571428571428575,anti-toxic
VDVVCLNY,52,36,284,294,88,578,-4.1525423728813555,anti-toxic
SCYFIHDY,24,6,133,146,30,279,-4.15,anti-toxic
DYGILFSL,19,16,157,144,35,301,-4.092307692307692,anti-toxic
DGDYVICC,9,9,98,116,18,214,-4.083333333333333,anti-toxic
FINGCVVG,29,26,198,202,55,400,-4.0588235294117645,anti-toxic
RFDGCLVC,32,23,205,195,55,400,-4.0588235294117645,anti-toxic
NNNGHGDL,18,13,133,145,31,278,-4.049180327868853,anti-toxic
CLSCGVGC,24,15,157,159,39,316,-4.0144927536231885,anti-toxic
CCCDVNIS,10,4,96,93,14,189,-3.977272727272727,anti-toxic
FCCGICVY,50,33,257,273,83,530,-3.9557522123893807,anti-toxic
RCVNGIGV,18,8,115,131,26,246,-3.9285714285714284,anti-toxic
LFDCRIVC,36,32,218,234,68,452,-3.9183673469387754,anti-toxic
CINVIING,34,16,187,176,50,363,-3.9125,anti-toxic
FISSSYGD,26,20,166,176,46,342,-3.8947368421052633,anti-toxic
GDRSYLGF,23,21,160,172,44,332,-3.891891891891892,anti-toxic
FHNVRDGF,29,20,178,175,49,353,-3.848101265822785,anti-toxic
VCLDCVDI,21,7,126,125,28,251,-3.8448275862068964,anti-toxic
IGHLDYGD,23,19,150,167,42,317,-3.8194444444444446,anti-toxic
RCRRGVYC,34,45,249,246,79,495,-3.81651376146789,anti-toxic
FHNFCRIY,13,12,108,126,25,234,-3.8,anti-toxic
LVDCFCGG,12,4,96,92,16,188,-3.739130434782609,anti-toxic
HFRFDDCR,20,16,137,145,36,282,-3.727272727272727,anti-toxic
GFDDGDNC,14,13,111,128,27,239,-3.719298245614035,anti-toxic
FDYVVGSN,21,14,136,140,35,276,-3.707692307692308,anti-toxic
RVRDVVYC,25,13,136,152,38,288,-3.676470588235294,anti-toxic
LGVFCHRF,16,5,111,97,21,208,-3.6666666666666665,anti-toxic
HCVGVVGY,16,10,111,120,26,231,-3.6607142857142856,anti-toxic
FSRYVCGH,13,10,102,115,23,217,-3.660377358490566,anti-toxic
FFYCSVGG,18,8,115,115,26,230,-3.642857142857143,anti-toxic
LLGYSDGV,19,14,123,138,33,261,-3.619047619047619,anti-toxic
HVLDFCSR,21,25,160,161,46,321,-3.6184210526315788,anti-toxic
DDVIFDRY,43,30,213,232,73,445,-3.6116504854368934,anti-toxic
CLFNFVSD,8,6,78,94,14,172,-3.590909090909091,anti-toxic
CHFFNFCG,26,19,153,161,45,314,-3.5866666666666664,anti-toxic
RRFHVCCG,16,13,124,116,29,240,-3.5762711864406778,anti-toxic
FGDGYIVY,16,16,132,121,32,253,-3.564516129032258,anti-toxic
GSHCCSCV,25,22,153,168,47,321,-3.5584415584415585,anti-toxic
YLLYDNRF,24,13,137,138,37,275,-3.5522388059701493,anti-toxic
CIGGRSCR,32,19,164,174,51,338,-3.54320987654321,anti-toxic
FCCICVDN,21,15,130,138,36,268,-3.515151515151515,anti-toxic
YYVSSIVR,9,4,87,77,13,164,-3.511627906976744,anti-toxic
LSRFDDCC,12,7,101,90,19,191,-3.510204081632653,anti-toxic
HHYYNFGN,29,13,141,153,42,294,-3.5,anti-toxic
CNRFGNCG,27,18,151,156,45,307,-3.493333333333333,anti-toxic
FIDLGYCC,23,14,129,142,37,271,-3.4925373134328357,anti-toxic
RFRFFDCL,29,14,142,154,43,296,-3.4657534246575343,anti-toxic
CVSDCLSL,24,9,135,116,33,251,-3.4603174603174605,anti-toxic
CVHNCFRD,13,5,86,98,18,184,-3.4583333333333335,anti-toxic
CDVNCICI,22,8,122,115,30,237,-3.45,anti-toxic
CIDGLFLG,23,9,121,124,32,245,-3.435483870967742,anti-toxic
DFGSDFRL,13,9,100,100,22,200,-3.423076923076923,anti-toxic
NCSCIFFG,9,13,91,108,22,199,-3.4038461538461537,anti-toxic
ISGVCDGG,20,7,109,112,27,221,-3.4035087719298245,anti-toxic
LYGSHFVG,16,5,97,97,21,194,-3.392156862745098,anti-toxic
VVRNRSYV,19,8,105,115,27,220,-3.3859649122807016,anti-toxic
FHSVSRFV,12,4,77,94,16,171,-3.369565217391304,anti-toxic
CNCCSYGG,21,22,142,146,43,288,-3.356164383561644,anti-toxic
GYRCDSHC,30,18,158,150,48,308,-3.3333333333333335,anti-toxic
SICYGVDH,24,19,136,150,43,286,-3.328767123287671,anti-toxic
RCDLFLNF,11,8,96,86,19,182,-3.326530612244898,anti-toxic
NVHHDRIL,3,2,65,56,5,121,-3.3142857142857145,anti-toxic
GYGNHDDS,22,16,136,127,38,263,-3.3088235294117645,anti-toxic
FGRVICHV,21,8,113,111,29,224,-3.305084745762712,anti-toxic
CNVRDCGG,44,25,191,205,69,396,-3.303030303030303,anti-toxic
NHRCCDYN,6,2,58,75,8,133,-3.289473684210526,anti-toxic
GCVLVDRY,13,13,98,112,26,210,-3.2857142857142856,anti-toxic
CVCCIISC,28,14,148,130,42,278,-3.2777777777777777,anti-toxic
YVLCNSHV,13,3,76,89,16,165,-3.239130434782609,anti-toxic
SYVGLCYG,13,9,93,97,22,190,-3.230769230769231,anti-toxic
CILCGVGV,25,20,147,140,45,287,-3.2266666666666666,anti-toxic
YLSCSINL,15,13,98,117,28,215,-3.2241379310344827,anti-toxic
ISLGFDVG,16,13,115,104,29,219,-3.2203389830508473,anti-toxic
GNSIYSFR,5,6,72,71,11,143,-3.2195121951219514,anti-toxic
GSFCCVCL,10,7,82,86,17,168,-3.2127659574468086,anti-toxic
SGLGGFYH,13,9,95,94,22,189,-3.2115384615384617,anti-toxic
CHCCGVYG,25,16,131,138,41,269,-3.211267605633803,anti-toxic
GNLSHCFC,6,8,69,85,14,154,-3.1818181818181817,anti-toxic
CYVNFIVR,7,6,67,82,13,149,-3.1627906976744184,anti-toxic
RHDFIRLF,18,9,97,110,27,207,-3.1578947368421053,anti-toxic
LYRSFDLG,26,20,138,148,46,286,-3.1578947368421053,anti-toxic
IDGHCHLH,30,15,132,147,45,279,-3.12,anti-toxic
FRRGDCVR,21,15,113,128,36,241,-3.106060606060606,anti-toxic
CYNVDNGI,31,18,146,148,49,294,-3.1012658227848102,anti-toxic
RDNSVCLR,2,8,63,71,10,134,-3.1,anti-toxic
CGCSDCSG,6,4,65,69,10,134,-3.1,anti-toxic
GRFINNSH,15,7,92,90,22,182,-3.076923076923077,anti-toxic
CVGCFVCL,35,27,180,165,62,345,-3.0760869565217392,anti-toxic
FDFYNCHS,18,14,107,115,32,222,-3.064516129032258,anti-toxic
GCGVVSNF,8,7,71,81,15,152,-3.0444444444444443,anti-toxic
VCGIRFDH,30,15,131,141,45,272,-3.026666666666667,anti-toxic
CLCSDYHR,11,2,63,80,13,143,-3.0232558139534884,anti-toxic
VCGVFGGC,13,6,78,89,19,167,-3.020408163265306,anti-toxic
FGNGVFYF,12,9,83,92,21,175,-3.019607843137255,anti-toxic
GISDFVCC,2,0,45,53,2,98,-3,anti-toxic
GYLGGCVV,11,4,72,78,15,150,-3,anti-toxic
HVIFGIDV,11,3,78,68,14,146,-3,anti-toxic
SRRNVILH,14,13,95,103,27,198,-3,anti-toxic
CFLRGCRF,41,24,182,168,65,350,-3,anti-toxic
FHRHVIDF,9,10,84,82,19,166,-3,anti-toxic
RDFVICCI,20,16,119,114,36,233,-2.984848484848485,anti-toxic
FIDNGLGC,7,5,67,70,12,137,-2.9761904761904763,anti-toxic
SYCVFCDY,21,13,109,115,34,224,-2.96875,anti-toxic
CLFLFNVF,26,24,142,144,50,286,-2.95,anti-toxic
YIDDCCVC,14,10,96,87,24,183,-2.9444444444444446,anti-toxic
SVHFHGCV,18,19,124,110,37,234,-2.9402985074626864,anti-toxic
LCCCHGVV,15,2,79,76,17,155,-2.9361702127659575,anti-toxic
VCCHISVN,69,63,307,300,132,607,-2.932098765432099,anti-toxic
HFIGGGGD,20,11,103,106,31,209,-2.918032786885246,anti-toxic
VCIVHGLY,13,5,79,79,18,158,-2.9166666666666665,anti-toxic
YSYDGHHF,21,9,95,110,30,205,-2.9166666666666665,anti-toxic
FYDFVFCG,11,4,71,75,15,146,-2.911111111111111,anti-toxic
NFCYHCFL,22,24,125,142,46,267,-2.9078947368421053,anti-toxic
HYRGVLVD,11,0,60,70,11,130,-2.902439024390244,anti-toxic
LNFGCFGI,11,6,74,79,17,153,-2.893617021276596,anti-toxic
HDVCFDHD,21,3,93,87,24,180,-2.888888888888889,anti-toxic
DCCCDNHV,6,8,73,68,14,141,-2.8863636363636362,anti-toxic
HIICHDHL,33,30,162,167,63,329,-2.860215053763441,anti-toxic
YRCSYCGD,25,16,115,129,41,244,-2.859154929577465,anti-toxic
FIVDGYFG,5,4,57,63,9,120,-2.8461538461538463,anti-toxic
FYGVSHRC,26,15,121,122,41,243,-2.8450704225352115,anti-toxic
LYVSNFVI,8,5,62,73,13,135,-2.8372093023255816,anti-toxic
GLFCDLGV,10,14,87,90,24,177,-2.8333333333333335,anti-toxic
CFFYVCCG,29,18,135,130,47,265,-2.831168831168831,anti-toxic
IFGDVVLR,8,9,75,75,17,150,-2.8297872340425534,anti-toxic
VCRGNCCG,19,14,109,102,33,211,-2.8253968253968256,anti-toxic
FIGFGDFF,22,20,116,129,42,245,-2.8194444444444446,anti-toxic
SNHLVVCY,6,3,58,60,9,118,-2.7948717948717947,anti-toxic
FVHVCYHD,12,9,76,87,21,163,-2.784313725490196,anti-toxic
FCFICGYS,17,19,111,107,36,218,-2.757575757575758,anti-toxic
CYFYSGVN,26,18,128,120,44,248,-2.7567567567567566,anti-toxic
FYCHDYGD,42,29,172,177,71,349,-2.7524752475247523,anti-toxic
ISGRGCGR,19,11,99,96,30,195,-2.75,anti-toxic
FGSCYCLC,37,23,153,154,60,307,-2.7444444444444445,anti-toxic
VHRSDIDH,6,6,64,63,12,127,-2.738095238095238,anti-toxic
SRDVGIFC,17,7,79,91,24,170,-2.7037037037037037,anti-toxic
HNVIFGVY,6,4,61,57,10,118,-2.7,anti-toxic
GFVGCIVC,5,4,56,58,9,114,-2.6923076923076925,anti-toxic
HIYFYRCD,22,9,95,100,31,195,-2.6885245901639343,anti-toxic
FLNVGIVL,19,11,92,99,30,191,-2.683333333333333,anti-toxic
YVFSLRSL,16,14,89,100,30,189,-2.65,anti-toxic
LDCYDVLL,7,3,52,64,10,116,-2.65,anti-toxic
HLSIGVGG,21,11,93,103,32,196,-2.6451612903225805,anti-toxic
CFSCVCGY,12,2,61,69,14,130,-2.6363636363636362,anti-toxic
DGRFRCGG,13,9,82,77,22,159,-2.6346153846153846,anti-toxic
FYVGHFHF,34,28,150,154,62,304,-2.630434782608696,anti-toxic
CGCRVFLG,1,3,40,53,4,93,-2.6176470588235294,anti-toxic
RRINNNYF,13,10,72,89,23,161,-2.6037735849056602,anti-toxic
VCVCVHLS,24,10,98,102,34,200,-2.59375,anti-toxic
GSSCRYFH,31,19,129,128,50,257,-2.5875,anti-toxic
CVHGSGVS,16,17,106,90,33,196,-2.5873015873015874,anti-toxic
LICRGDNG,8,5,64,60,13,124,-2.5813953488372094,anti-toxic
VGVFIDYL,7,3,51,62,10,113,-2.575,anti-toxic
LCDCSSLF,25,15,107,113,40,220,-2.5714285714285716,anti-toxic
SGHNHHSG,4,1,45,50,5,95,-2.5714285714285716,anti-toxic
HCIFDNLR,20,10,88,96,30,184,-2.566666666666667,anti-toxic
GCCCDGFF,5,4,52,57,9,109,-2.5641025641025643,anti-toxic
CILGRGRS,58,46,224,223,104,447,-2.5597014925373136,anti-toxic
HVFLHVGF,18,15,89,105,33,194,-2.5555555555555554,anti-toxic
FYDVRDFG,20,24,111,122,44,233,-2.554054054054054,anti-toxic
ICYFDFSV,17,6,75,83,23,158,-2.547169811320755,anti-toxic
VCYCGVGY,31,16,113,130,47,243,-2.5454545454545454,anti-toxic
CFVCYDHF,28,14,113,112,42,225,-2.5416666666666665,anti-toxic
FFHVRNGC,9,11,65,82,20,147,-2.54,anti-toxic
FYSVGIGC,24,13,98,109,37,207,-2.537313432835821,anti-toxic
VHGCFNVY,22,19,112,109,41,221,-2.535211267605634,anti-toxic
LDLVNIFI,16,5,69,81,21,150,-2.5294117647058822,anti-toxic
CFGCDDYL,3,3,39,58,6,97,-2.5277777777777777,anti-toxic
INVGCSGG,20,7,77,94,27,171,-2.526315789473684,anti-toxic
LRVHSFSG,10,3,59,62,13,121,-2.511627906976744,anti-toxic
VFFFHDFC,46,27,156,175,73,331,-2.504854368932039,anti-toxic
VCRGRICC,12,14,76,90,26,166,-2.5,anti-toxic
YFCCCCGI,12,7,69,72,19,141,-2.489795918367347,anti-toxic
NIVLSSGG,14,6,70,74,20,144,-2.48,anti-toxic
CYSFRGVG,42,26,156,155,68,311,-2.479591836734694,anti-toxic
VYCLRDHH,42,32,157,174,74,331,-2.4711538461538463,anti-toxic
CCNYHDVC,46,30,172,165,76,337,-2.4622641509433962,anti-toxic
LRRCHFFS,41,25,147,155,66,302,-2.4583333333333335,anti-toxic
LCISCHLG,15,10,74,86,25,160,-2.4545454545454546,anti-toxic
VNNDCVRH,13,2,59,66,15,125,-2.4444444444444446,anti-toxic
GSHNFDCG,35,19,128,131,54,259,-2.4404761904761907,anti-toxic
IYHDVSGR,10,6,64,64,16,128,-2.4347826086956523,anti-toxic
FVGVFGLS,29,28,137,131,57,268,-2.425287356321839,anti-toxic
FGVNFGCL,5,5,49,58,10,107,-2.425,anti-toxic
YCRHRYGV,5,3,50,50,8,100,-2.4210526315789473,anti-toxic
LRFCCCSG,48,30,168,171,78,339,-2.4166666666666665,anti-toxic
GCRGNGCN,46,35,168,179,81,347,-2.3963963963963963,anti-toxic
DCSVSGVF,10,3,60,56,13,116,-2.395348837209302,anti-toxic
HFGRCCLL,13,6,70,65,19,135,-2.36734693877551,anti-toxic
FLHRCNCI,20,13,88,94,33,182,-2.365079365079365,anti-toxic
CVYSVLCC,22,15,106,89,37,195,-2.3582089552238807,anti-toxic
SSFSGGGD,21,4,74,80,25,154,-2.3454545454545452,anti-toxic
VCNFFLFC,20,9,77,90,29,167,-2.3389830508474576,anti-toxic
RDSVNRCS,40,21,133,140,61,273,-2.32967032967033,anti-toxic
VINNCCLV,33,22,125,128,55,253,-2.3294117647058825,anti-toxic
NCCFGVRR,14,2,60,63,16,123,-2.3260869565217392,anti-toxic
CSFYNCRN,15,8,68,78,23,146,-2.3207547169811322,anti-toxic
RYDIRICV,11,3,56,60,14,116,-2.3181818181818183,anti-toxic
GCHCRSLR,18,15,86,93,33,179,-2.3174603174603177,anti-toxic
SGFLLGYY,7,4,48,58,11,106,-2.317073170731707,anti-toxic
DIVGDGGL,12,10,69,73,22,142,-2.3076923076923075,anti-toxic
GRRCCDDF,37,21,122,139,58,261,-2.3068181818181817,anti-toxic
VDSCRDIS,56,50,204,215,106,419,-2.301470588235294,anti-toxic
CFRSGRLR,21,15,87,100,36,187,-2.287878787878788,anti-toxic
GGVLDICR,8,4,54,54,12,108,-2.2857142857142856,anti-toxic
FLYYGVCN,5,4,56,42,9,98,-2.282051282051282,anti-toxic
FHVLGRCV,15,6,63,74,21,137,-2.2745098039215685,anti-toxic
YCSCVVHS,18,14,80,93,32,173,-2.274193548387097,anti-toxic
LRGICSCS,27,13,96,103,40,199,-2.2714285714285714,anti-toxic
VCFSVGGY,25,16,95,107,41,202,-2.267605633802817,anti-toxic
VSSFVYVC,29,16,101,114,45,215,-2.2666666666666666,anti-toxic
GNFIRRNI,44,28,155,148,72,303,-2.264705882352941,anti-toxic
FDHGFVNF,12,11,73,70,23,143,-2.2641509433962264,anti-toxic
LLCGIILC,70,51,222,240,121,462,-2.2582781456953644,anti-toxic
CDHCGIGG,6,3,43,54,9,97,-2.2564102564102564,anti-toxic
HIHNFYCF,15,10,66,83,25,149,-2.2545454545454544,anti-toxic
LGRCGVGS,5,5,47,53,10,100,-2.25,anti-toxic
VCGCVRYF,39,27,133,149,66,282,-2.25,anti-toxic
YCDCFRYF,16,14,82,83,30,165,-2.25,anti-toxic
CGFGCLCC,15,9,71,74,24,145,-2.240740740740741,anti-toxic
YRLGGSVD,8,9,59,63,17,122,-2.234042553191489,anti-toxic
FHFCHGCF,24,9,77,96,33,173,-2.2222222222222223,anti-toxic
RGVFVRYC,20,16,83,99,36,182,-2.212121212121212,anti-toxic
NFDIHDGH,1,4,33,49,5,82,-2.2,anti-toxic
CNDRHYGR,11,5,58,59,16,117,-2.1956521739130435,anti-toxic
FNNSYLCL,6,10,57,60,16,117,-2.1956521739130435,anti-toxic
FHCVHIRG,8,12,67,62,20,129,-2.18,anti-toxic
CVDLSCCL,15,6,61,71,21,132,-2.176470588235294,anti-toxic
VCSIILCH,21,16,82,100,37,182,-2.1641791044776117,anti-toxic
CDFFVGNG,13,7,68,60,20,128,-2.16,anti-toxic
CIYCVCRD,24,15,102,85,39,187,-2.1449275362318843,anti-toxic
IGGHVFGS,34,20,114,120,54,234,-2.142857142857143,anti-toxic
VCIFGSVN,4,4,38,51,8,89,-2.1315789473684212,anti-toxic
CCGLCGRS,17,15,74,90,32,164,-2.129032258064516,anti-toxic
CCNVCVYL,21,20,92,100,41,192,-2.1267605633802815,anti-toxic
GGILRYVC,0,2,30,40,2,70,-2.125,anti-toxic
IGGYVCFV,10,8,52,68,18,120,-2.125,anti-toxic
VFYFLDIS,39,30,138,140,69,278,-2.111111111111111,anti-toxic
VIRVCGSC,15,11,67,77,26,144,-2.107142857142857,anti-toxic
VFRCIIGV,16,12,68,82,28,150,-2.103448275862069,anti-toxic
FGVSRHHG,7,3,48,46,10,94,-2.1,anti-toxic
IRGGCVRN,33,17,113,105,50,218,-2.1,anti-toxic
LRGGRDLR,38,26,135,126,64,261,-2.095744680851064,anti-toxic
GCGCFHFS,5,7,42,58,12,100,-2.0952380952380953,anti-toxic
GCCYCDDF,15,8,60,74,23,134,-2.0943396226415096,anti-toxic
GVRCVCCV,1,1,26,43,2,69,-2.09375,anti-toxic
LGYFGFCR,38,19,110,129,57,239,-2.0919540229885056,anti-toxic
FCVYSSCV,10,5,50,59,15,109,-2.088888888888889,anti-toxic
YFFDHVGH,20,7,74,72,27,146,-2.087719298245614,anti-toxic
CFDFCHYF,17,10,72,74,27,146,-2.087719298245614,anti-toxic
HVICDLDF,13,3,55,57,16,112,-2.0869565217391304,anti-toxic
FCRFDGRC,3,3,41,40,6,81,-2.0833333333333335,anti-toxic
FCYDCYGR,13,9,59,71,22,130,-2.076923076923077,anti-toxic
RNHCRIHG,26,10,85,88,36,173,-2.0757575757575757,anti-toxic
SFHFNFLL,5,8,47,55,13,102,-2.0697674418604652,anti-toxic
HCFIYGSS,27,30,120,117,57,237,-2.0689655172413794,anti-toxic
YVVNCCDL,5,9,52,53,14,105,-2.0681818181818183,anti-toxic
FVRCCYGG,20,9,77,74,29,151,-2.0677966101694913,anti-toxic
VNLGHGFN,9,11,53,70,20,123,-2.06,anti-toxic
CCHGDCLH,12,11,67,65,23,132,-2.056603773584906,anti-toxic
VRLNRLSV,29,16,107,92,45,199,-2.0533333333333332,anti-toxic
SYDFCFYL,20,8,70,77,28,147,-2.0517241379310347,anti-toxic
LCGCVFGH,8,3,44,51,11,95,-2.048780487804878,anti-toxic
DCLCDGNV,9,2,48,47,11,95,-2.048780487804878,anti-toxic
SHRRRYRL,45,28,142,142,73,284,-2.0485436893203883,anti-toxic
FIHCCDSD,6,6,51,47,12,98,-2.0476190476190474,anti-toxic
IGGYSRFY,20,14,83,82,34,165,-2.046875,anti-toxic
RLHVCRGS,22,13,83,85,35,168,-2.046153846153846,anti-toxic
FSNLVRVF,28,9,79,95,37,174,-2.044776119402985,anti-toxic
CCDCDHVS,9,6,50,57,15,107,-2.0444444444444443,anti-toxic
HLGYYDCC,9,8,52,61,17,113,-2.0425531914893615,anti-toxic
CYFGICVD,14,10,64,70,24,134,-2.037037037037037,anti-toxic
CFNRVCVF,18,11,84,65,29,149,-2.0338983050847457,anti-toxic
DYGLSLCN,27,10,82,91,37,173,-2.029850746268657,anti-toxic
DCGIRGLF,3,2,37,39,5,76,-2.0285714285714285,anti-toxic
HNVGNYVS,103,87,317,319,190,636,-2.0272727272727273,anti-toxic
SSRCGRHC,5,5,38,53,10,91,-2.025,anti-toxic
GYLVNLYD,18,8,71,68,26,139,-2.017857142857143,anti-toxic
DRSFRSRG,49,34,161,150,83,311,-2.017699115044248,anti-toxic
VRSRCIHN,84,67,258,257,151,515,-2.0110497237569063,anti-toxic
RNHGDSRR,6,2,44,40,8,84,-2,anti-toxic
VCFVNYVF,21,8,72,75,29,147,-2,anti-toxic
SFVHCDCR,39,26,121,133,65,254,-1.9894736842105263,anti-toxic
CFGHGFRF,19,10,67,79,29,146,-1.9830508474576272,anti-toxic
YCYCFSGI,13,8,58,64,21,122,-1.9803921568627452,anti-toxic
SYDLSSCG,88,71,264,269,159,533,-1.9788359788359788,anti-toxic
GLCFDRSC,10,5,54,50,15,104,-1.9777777777777779,anti-toxic
RIVRLHGF,11,2,43,55,13,98,-1.9767441860465116,anti-toxic
VHRLDGIR,9,4,43,55,13,98,-1.9767441860465116,anti-toxic
SLRGDCVY,6,5,53,39,11,92,-1.975609756097561,anti-toxic
GYFSYILG,5,5,49,40,10,89,-1.975,anti-toxic
YDYFDFGL,6,4,40,49,10,89,-1.975,anti-toxic
RICVGIFC,16,12,68,74,28,142,-1.9655172413793103,anti-toxic
DRSRVRIS,20,5,60,73,25,133,-1.9636363636363636,anti-toxic
SHYRVFCC,15,4,61,54,19,115,-1.9591836734693877,anti-toxic
VYFCHVSG,9,5,46,54,14,100,-1.9545454545454546,anti-toxic
FHGYGNGV,9,3,38,56,12,94,-1.9523809523809523,anti-toxic
RCCSGGRV,4,5,44,41,9,85,-1.9487179487179487,anti-toxic
VYGGVFCY,19,8,63,75,27,138,-1.9473684210526316,anti-toxic
YHVRHSRV,2,3,37,36,5,73,-1.9428571428571428,anti-toxic
RNRLGNSV,23,10,74,81,33,155,-1.9365079365079365,anti-toxic
HGGIRSIR,58,50,187,188,108,375,-1.934782608695652,anti-toxic
GRYCGLRS,47,41,149,167,88,316,-1.9322033898305084,anti-toxic
LLGVLGLN,8,4,39,54,12,93,-1.9285714285714286,anti-toxic
FNRLFIVR,22,18,80,95,40,175,-1.9285714285714286,anti-toxic
FYVIDSCL,23,16,84,88,39,172,-1.9275362318840579,anti-toxic
FGFVVCNH,6,4,38,49,10,87,-1.925,anti-toxic
CSGFFDCG,6,1,33,45,7,78,-1.9189189189189189,anti-toxic
CCNGLIFN,10,5,56,45,15,101,-1.9111111111111112,anti-toxic
IVVDHDYS,26,11,75,90,37,165,-1.9104477611940298,anti-toxic
RVGSFYCL,16,7,54,70,23,124,-1.9056603773584906,anti-toxic
IHGHRICS,25,18,94,88,43,182,-1.904109589041096,anti-toxic
DIDRRRYS,56,39,157,176,95,333,-1.904,anti-toxic
CRGDRVGG,33,20,100,111,53,211,-1.9036144578313252,anti-toxic
GFNSSIVR,6,4,39,47,10,86,-1.9,anti-toxic
CIYVGSLL,14,4,54,55,18,109,-1.8958333333333333,anti-toxic
VLGVSFDY,2,3,28,43,5,71,-1.8857142857142857,anti-toxic
FFCGCLDF,7,6,46,48,13,94,-1.8837209302325582,anti-toxic
IHVRSDDY,13,14,69,65,27,134,-1.8771929824561404,anti-toxic
IYVCGDVN,18,17,82,75,35,157,-1.876923076923077,anti-toxic
FCCLNYNH,17,18,70,87,35,157,-1.876923076923077,anti-toxic
LFLGFGVF,8,2,33,52,10,85,-1.875,anti-toxic
VDCYSLYC,29,11,86,85,40,171,-1.8714285714285714,anti-toxic
GFCISSRS,18,4,60,59,22,119,-1.8653846153846154,anti-toxic
FNDRCVIY,9,5,49,47,14,96,-1.8636363636363635,anti-toxic
HNNCFHSV,40,24,121,118,64,239,-1.8617021276595744,anti-toxic
DSICYCFR,4,2,42,31,6,73,-1.8611111111111112,anti-toxic
INSVCFGI,3,3,32,41,6,73,-1.8611111111111112,anti-toxic
VNSLYYYV,18,8,61,69,26,130,-1.8571428571428572,anti-toxic
RCGRVVSI,41,30,125,133,71,258,-1.8514851485148516,anti-toxic
CVVFNVVN,10,3,48,44,13,92,-1.8372093023255813,anti-toxic
VFDDCYFF,31,18,101,93,49,194,-1.8354430379746836,anti-toxic
IFCCHYYF,29,19,88,103,48,191,-1.8333333333333333,anti-toxic
ICVSFCRV,8,4,39,50,12,89,-1.8333333333333333,anti-toxic
GISGVVCC,0,4,30,36,4,66,-1.8235294117647058,anti-toxic
CHGRRISG,58,42,164,173,100,337,-1.823076923076923,anti-toxic
CDGHLVGH,6,3,39,41,9,80,-1.8205128205128205,anti-toxic
LHSCVYVC,10,8,55,50,18,105,-1.8125,anti-toxic
LFYVFDSF,5,7,38,50,12,88,-1.8095238095238095,anti-toxic
IFHRCGGY,51,38,145,158,89,303,-1.7983193277310925,anti-toxic
GFLDFGYD,15,14,68,67,29,135,-1.7966101694915255,anti-toxic
YHLCSVRC,15,9,63,58,24,121,-1.7962962962962963,anti-toxic
DGDRVHLV,24,13,83,74,37,157,-1.791044776119403,anti-toxic
SVGGSRSV,40,49,149,153,89,302,-1.7899159663865547,anti-toxic
GLGRHGYL,16,11,62,67,27,129,-1.7894736842105263,anti-toxic
NDSVRYVI,52,35,144,151,87,295,-1.7777777777777777,anti-toxic
YGGRRSVC,4,2,29,41,6,70,-1.7777777777777777,anti-toxic
CCVYSVDH,17,5,56,58,22,114,-1.7692307692307692,anti-toxic
GFCNYVSF,7,2,39,39,9,78,-1.7692307692307692,anti-toxic
RSGHNLCS,22,16,70,88,38,158,-1.7647058823529411,anti-toxic
VFYLCFSD,37,22,105,111,59,216,-1.7640449438202248,anti-toxic
NVCCNLSC,6,2,34,41,8,75,-1.763157894736842,anti-toxic
YDHHCGGS,9,3,39,47,12,86,-1.7619047619047619,anti-toxic
CCLRFCVS,52,35,138,154,87,292,-1.7521367521367521,anti-toxic
VHGIVGRS,59,43,161,172,102,333,-1.75,anti-toxic
CCDVCSNG,8,5,45,43,13,88,-1.744186046511628,anti-toxic
CFFRLDSV,8,1,31,46,9,77,-1.7435897435897436,anti-toxic
LVCYFGVN,5,3,39,35,8,74,-1.736842105263158,anti-toxic
HRFIRFYL,17,6,51,64,23,115,-1.7358490566037736,anti-toxic
IHCRNIRG,36,21,102,106,57,208,-1.735632183908046,anti-toxic
LCFCFGRR,13,6,44,60,19,104,-1.7346938775510203,anti-toxic
RNDGCRRI,58,42,170,155,100,325,-1.7307692307692308,anti-toxic
CFYNVLHI,7,7,36,54,14,90,-1.7272727272727273,anti-toxic
GHCGVSVR,33,16,84,101,49,185,-1.7215189873417722,anti-toxic
FSGFGVHD,8,5,39,48,13,87,-1.7209302325581395,anti-toxic
FFFYGSCG,19,7,54,68,26,122,-1.7142857142857142,anti-toxic
GDRIRNIR,49,33,132,142,82,274,-1.7142857142857142,anti-toxic
YCCFLDRD,12,3,42,50,15,92,-1.711111111111111,anti-toxic
VGCVDYGG,12,16,66,61,28,127,-1.706896551724138,anti-toxic
VGVVYCIN,27,17,86,84,44,170,-1.7027027027027026,anti-toxic
FCGCRFVC,3,4,40,30,7,70,-1.7027027027027026,anti-toxic
DCGHHHGS,32,14,78,97,46,175,-1.6973684210526316,anti-toxic
CHVDFHYH,22,7,57,72,29,129,-1.694915254237288,anti-toxic
CYSSLCFH,21,17,71,82,38,153,-1.6911764705882353,anti-toxic
GFGSGISL,2,0,27,29,2,56,-1.6875,anti-toxic
CHRHIRNS,54,36,143,149,90,292,-1.6833333333333333,anti-toxic
VCGILGVY,13,4,52,44,17,96,-1.6808510638297873,anti-toxic
RGRFCSSV,51,38,148,141,89,289,-1.680672268907563,anti-toxic
GGVSGLVS,71,52,184,196,123,380,-1.6797385620915033,anti-toxic
SFVFVGNY,6,1,29,40,7,69,-1.6756756756756757,anti-toxic
FSSRNCDG,4,3,25,44,7,69,-1.6756756756756757,anti-toxic
YYRGGLRR,7,3,42,35,10,77,-1.675,anti-toxic
DFSCGVDH,7,3,38,39,10,77,-1.675,anti-toxic
DGRRVVIS,25,9,61,80,34,141,-1.671875,anti-toxic
NIGCFRYI,23,16,69,85,39,154,-1.6666666666666667,anti-toxic
FCYVRFDN,3,3,28,38,6,66,-1.6666666666666667,anti-toxic
CHGGSGRV,10,11,59,47,21,106,-1.6666666666666667,anti-toxic
DYFHYRVD,24,11,68,75,35,143,-1.6615384615384616,anti-toxic
IVVSFCIC,39,36,126,122,75,248,-1.6476190476190475,anti-toxic
CSGSIFVH,23,17,68,87,40,155,-1.6428571428571428,anti-toxic
CFHIYYCV,19,7,51,67,26,118,-1.6428571428571428,anti-toxic
FCGFVFRS,6,3,34,39,9,73,-1.641025641025641,anti-toxic
GYRCVGRS,35,18,94,95,53,189,-1.6385542168674698,anti-toxic
HNVGGRRL,79,68,226,210,147,436,-1.6327683615819208,anti-toxic
IIVGGFDR,12,7,41,58,19,99,-1.6326530612244898,anti-toxic
VCHGRLVH,62,44,161,167,106,328,-1.6323529411764706,anti-toxic
YVDRCDRS,35,22,105,94,57,199,-1.632183908045977,anti-toxic
VRNSRSVV,22,10,57,76,32,133,-1.6290322580645162,anti-toxic
GSVRCLHS,41,26,105,120,67,225,-1.6288659793814433,anti-toxic
IRVHCNHS,29,30,101,102,59,203,-1.6179775280898876,anti-toxic
GCGNRRSF,65,46,160,179,111,339,-1.6170212765957446,anti-toxic
DCYFFFVH,32,26,93,107,58,200,-1.6136363636363635,anti-toxic
GIVGGVRC,43,30,129,110,73,239,-1.6116504854368932,anti-toxic
VCGDVCRD,1,2,26,30,3,56,-1.606060606060606,anti-toxic
CYNRVYSS,5,3,33,36,8,69,-1.605263157894737,anti-toxic
HRNFGVSC,4,9,42,40,13,82,-1.6046511627906976,anti-toxic
YVDFCFFV,8,5,35,47,13,82,-1.6046511627906976,anti-toxic
CSRNFVCV,7,5,37,42,12,79,-1.5952380952380953,anti-toxic
VGDCRFCY,27,9,68,73,36,141,-1.5909090909090908,anti-toxic
DVLDGFCF,36,17,84,101,53,185,-1.5903614457831325,anti-toxic
RNCGSIGR,16,10,54,61,26,115,-1.5892857142857142,anti-toxic
GLFCVSGN,8,3,35,41,11,76,-1.5853658536585367,anti-toxic
ISNRDIVS,40,24,106,107,64,213,-1.5851063829787233,anti-toxic
RGVCGIGS,48,29,117,129,77,246,-1.5794392523364487,anti-toxic
CFCFDDCV,5,5,31,42,10,73,-1.575,anti-toxic
RLCGILRS,14,5,51,45,19,96,-1.5714285714285714,anti-toxic
GSISVDLS,32,24,91,100,56,191,-1.569767441860465,anti-toxic
RCVGNCGD,5,9,42,41,14,83,-1.5681818181818181,anti-toxic
HYCYYFCY,8,6,37,46,14,83,-1.5681818181818181,anti-toxic
GNVNYCIG,8,1,27,43,9,70,-1.564102564102564,anti-toxic
RGNCVLRG,58,44,148,160,102,308,-1.5606060606060606,anti-toxic
FYVVGNCY,10,5,36,49,15,85,-1.5555555555555556,anti-toxic
LYFYRYRN,13,13,55,58,26,113,-1.5535714285714286,anti-toxic
SFGVRSCS,24,13,66,75,37,141,-1.5522388059701493,anti-toxic
HFLCCCGV,7,3,33,39,10,72,-1.55,anti-toxic
YCFFFFDS,10,11,42,58,21,100,-1.5490196078431373,anti-toxic
HGVVVDCS,49,49,152,144,98,296,-1.546875,anti-toxic
DHDVLDSL,2,1,26,28,3,54,-1.5454545454545454,anti-toxic
GYCRGSCL,3,0,24,30,3,54,-1.5454545454545454,anti-toxic
YDCILSYS,10,6,44,43,16,87,-1.5434782608695652,anti-toxic
NYICGLRS,52,36,132,138,88,270,-1.5423728813559323,anti-toxic
GVNVNVLC,22,9,62,63,31,125,-1.540983606557377,anti-toxic
GGVLVGGG,4,3,26,38,7,64,-1.5405405405405406,anti-toxic
RNLRCYRY,9,2,44,30,11,74,-1.5365853658536586,anti-toxic
YICCCCCS,56,39,134,153,95,287,-1.536,anti-toxic
RGNLRHGG,42,27,109,112,69,221,-1.5353535353535352,anti-toxic
VDGGRLRG,81,69,212,214,150,426,-1.5333333333333334,anti-toxic
ICSRVRNL,38,19,97,93,57,190,-1.528735632183908,anti-toxic
FFGSLFRG,19,8,55,59,27,114,-1.5263157894736843,anti-toxic
SNNFGVRS,30,18,83,84,48,167,-1.5256410256410255,anti-toxic
RNGRLSSC,22,11,55,74,33,129,-1.5238095238095237,anti-toxic
FCVSCCGG,9,5,39,42,14,81,-1.5227272727272727,anti-toxic
HRVGCDCS,13,3,38,48,16,86,-1.5217391304347827,anti-toxic
FLVCGCSL,19,7,55,56,26,111,-1.5178571428571428,anti-toxic
GDVVDDRC,0,3,23,30,3,53,-1.5151515151515151,anti-toxic
NCVHDRLC,4,1,25,33,5,58,-1.5142857142857142,anti-toxic
VDDLRSRS,32,14,79,82,46,161,-1.513157894736842,anti-toxic
LHGRNVCS,8,7,33,50,15,83,-1.511111111111111,anti-toxic
ILCGRRSC,16,11,51,62,27,113,-1.5087719298245614,anti-toxic
RFNSVRVG,20,11,54,69,31,123,-1.5081967213114753,anti-toxic
RYLGHSNG,47,42,131,137,89,268,-1.504201680672269,anti-toxic
GVLININN,8,2,33,37,10,70,-1.5,anti-toxic
VSFGHGRS,27,23,87,83,50,170,-1.5,anti-toxic
FDIRGLRR,6,2,27,38,8,65,-1.5,anti-toxic
IVVYHVLV,56,37,142,135,93,277,-1.4959349593495934,anti-toxic
VNRFHNFS,97,82,241,249,179,490,-1.4880382775119618,anti-toxic
VFGILGCL,5,6,35,37,11,72,-1.4878048780487805,anti-toxic
VCLSLFNV,4,3,31,31,7,62,-1.4864864864864864,anti-toxic
FSNVCYYV,4,3,29,33,7,62,-1.4864864864864864,anti-toxic
FGYGCING,3,2,31,26,5,57,-1.4857142857142858,anti-toxic
VLVVRVRN,2,3,27,30,5,57,-1.4857142857142858,anti-toxic
IGYRRFIG,3,0,20,32,3,52,-1.4848484848484849,anti-toxic
VNDSFVCS,3,0,21,31,3,52,-1.4848484848484849,anti-toxic
SNRGDFCS,36,21,93,93,57,186,-1.4827586206896552,anti-toxic
CYFHYHVC,56,37,134,141,93,275,-1.4796747967479675,anti-toxic
RFLHCNRG,13,16,61,55,29,116,-1.4745762711864407,anti-toxic
GHNGRNRC,28,18,73,85,46,158,-1.4736842105263157,anti-toxic
CHNFRIGS,52,39,138,131,91,269,-1.4710743801652892,anti-toxic
YVCVYNRH,3,1,24,30,4,54,-1.4705882352941178,anti-toxic
RFIYNLVF,3,1,29,25,4,54,-1.4705882352941178,anti-toxic
LDCHLCNY,23,11,56,72,34,128,-1.46875,anti-toxic
DCRRVRIR,22,10,58,65,32,123,-1.467741935483871,anti-toxic
GCFFDCVN,5,6,40,31,11,71,-1.4634146341463414,anti-toxic
SCNDHVRV,29,11,73,69,40,142,-1.457142857142857,anti-toxic
GDNYSNGR,6,2,29,34,8,63,-1.4473684210526316,anti-toxic
CCGIVCRV,4,4,22,41,8,63,-1.4473684210526316,anti-toxic
VNRVRSSL,34,21,82,96,55,178,-1.4470588235294117,anti-toxic
GDCGGRRG,44,34,111,123,78,234,-1.4444444444444444,anti-toxic
YGLYGLLS,4,2,28,30,6,58,-1.4444444444444444,anti-toxic
FFSCGLRY,4,2,24,34,6,58,-1.4444444444444444,anti-toxic
LFGVDGRN,4,2,23,35,6,58,-1.4444444444444444,anti-toxic
FDVVYGLV,8,3,34,36,11,70,-1.4390243902439024,anti-toxic
LFICSFCF,5,4,33,32,9,65,-1.435897435897436,anti-toxic
YCGLRYGC,5,18,42,57,23,99,-1.4339622641509433,anti-toxic
RHGHYCRI,59,41,146,140,100,286,-1.4307692307692308,anti-toxic
SRRGCSIV,40,26,102,101,66,203,-1.4270833333333333,anti-toxic
SVYCCGSN,15,9,44,57,24,101,-1.4259259259259258,anti-toxic
HDSGDIRG,25,18,70,77,43,147,-1.4246575342465753,anti-toxic
GCLCFRRF,5,3,26,36,8,62,-1.4210526315789473,anti-toxic
VCYYHVRF,25,12,60,72,37,132,-1.4179104477611941,anti-toxic
SGGNIRSS,45,33,120,111,78,231,-1.4166666666666667,anti-toxic
RNLHSCRV,38,28,95,107,66,202,-1.4166666666666667,anti-toxic
CICSVIRC,10,8,44,42,18,86,-1.4166666666666667,anti-toxic
YFDDIICG,3,3,21,36,6,57,-1.4166666666666667,anti-toxic
VVSCCVYH,22,13,58,69,35,127,-1.4153846153846155,anti-toxic
SHRGIDVC,45,29,102,119,74,221,-1.4134615384615385,anti-toxic
SHCGHFRS,51,38,120,137,89,257,-1.411764705882353,anti-toxic
RDNRLLNS,32,23,83,92,55,175,-1.411764705882353,anti-toxic
FCFRVCVC,13,13,49,56,26,105,-1.4107142857142858,anti-toxic
FCCIFNIG,17,14,64,53,31,117,-1.4098360655737705,anti-toxic
HGVNLLGV,24,12,63,66,36,129,-1.4090909090909092,anti-toxic
ICFGRSRG,11,8,49,39,19,88,-1.4081632653061225,anti-toxic
HSVLGRSC,92,73,211,228,165,439,-1.405128205128205,anti-toxic
VSRIICGY,53,48,134,151,101,285,-1.4045801526717556,anti-toxic
YCLGRVLG,10,7,36,47,17,83,-1.4042553191489362,anti-toxic
DSCVSRGS,27,15,69,74,42,143,-1.4027777777777777,anti-toxic
VIRGCYRG,33,19,77,90,52,167,-1.4024390243902438,anti-toxic
IVVSGIGV,58,44,151,136,102,287,-1.4015151515151516,anti-toxic
IHCCGVCS,35,25,92,94,60,186,-1.4,anti-toxic
RRGSNRDH,5,0,28,26,5,54,-1.4,anti-toxic
RGRVHICG,11,9,45,45,20,90,-1.4,anti-toxic
LYGCVLRF,5,8,32,41,13,73,-1.3953488372093024,anti-toxic
FGLCHIRD,5,8,38,35,13,73,-1.3953488372093024,anti-toxic
IFCLVGNV,5,3,29,32,8,61,-1.394736842105263,anti-toxic
YVRCGNRG,45,34,115,116,79,231,-1.3944954128440368,anti-toxic
YCVIFCYN,10,11,52,40,21,92,-1.392156862745098,anti-toxic
VHSGVRLS,28,16,75,72,44,147,-1.3918918918918919,anti-toxic
FCFDYFSD,9,2,30,38,11,68,-1.3902439024390243,anti-toxic
LSGNRCVI,53,40,134,130,93,264,-1.3902439024390243,anti-toxic
FGGLYGID,33,14,77,77,47,154,-1.3896103896103895,anti-toxic
GIGVRGRV,32,23,84,89,55,173,-1.388235294117647,anti-toxic
LCDIVRFL,1,0,19,25,1,44,-1.3870967741935485,anti-toxic
VGYGVYCL,5,4,36,27,9,63,-1.3846153846153846,anti-toxic
VIRCDDSC,44,38,114,123,82,237,-1.3839285714285714,anti-toxic
VVYCDICF,20,10,47,66,30,113,-1.3833333333333333,anti-toxic
CDVNGLLR,3,1,20,31,4,51,-1.3823529411764706,anti-toxic
HRRYRGGG,27,14,67,72,41,139,-1.380281690140845,anti-toxic
RSVFRSLS,49,32,111,123,81,234,-1.3783783783783783,anti-toxic
DFGGVGHY,5,2,23,35,7,58,-1.3783783783783783,anti-toxic
CIGDHRCG,5,2,26,32,7,58,-1.3783783783783783,anti-toxic
NFVRCLHG,12,11,40,56,23,96,-1.3773584905660377,anti-toxic
CNSHGRRG,43,28,101,109,71,210,-1.3762376237623761,anti-toxic
VCVSCYRL,7,3,38,27,10,65,-1.375,anti-toxic
FCCLRVYS,1,1,21,25,2,46,-1.375,anti-toxic
RYVGIHCC,1,1,22,24,2,46,-1.375,anti-toxic
NSSDDLRS,50,46,138,131,96,269,-1.373015873015873,anti-toxic
GLFLFRCL,1,4,21,32,5,53,-1.3714285714285714,anti-toxic
VRRGHVSC,16,11,46,59,27,105,-1.368421052631579,anti-toxic
LSRHHIHG,87,73,218,202,160,420,-1.368421052631579,anti-toxic
VVLGNIIS,48,42,122,132,90,254,-1.3666666666666667,anti-toxic
CGVRHLRG,17,8,48,52,25,100,-1.3636363636363635,anti-toxic
VFSRIVSS,25,22,72,80,47,152,-1.3636363636363635,anti-toxic
CDVVDIGS,21,10,58,56,31,114,-1.360655737704918,anti-toxic
VRCSFSYR,38,21,88,92,59,180,-1.3595505617977528,anti-toxic
SYCNVRVS,51,36,127,119,87,246,-1.358974358974359,anti-toxic
CLGSRRVC,41,24,98,96,65,194,-1.3578947368421053,anti-toxic
CSYSCLNY,14,4,38,45,18,83,-1.3541666666666667,anti-toxic
RGLGRCGC,51,32,125,111,83,236,-1.3539823008849559,anti-toxic
FCRVRVGV,34,24,98,79,58,177,-1.3522727272727273,anti-toxic
YLHYIVSY,16,8,45,52,24,97,-1.3518518518518519,anti-toxic
IHFFGFVD,8,5,37,34,13,71,-1.3488372093023255,anti-toxic
VVSGVDHV,16,9,51,48,25,99,-1.3454545454545455,anti-toxic
LCVVLCSI,22,12,61,59,34,120,-1.34375,anti-toxic
IGRIRNGS,20,17,71,56,37,127,-1.3432835820895523,anti-toxic
YLHYCYFF,12,5,32,48,17,80,-1.3404255319148937,anti-toxic
GVCRFGRG,46,31,111,109,77,220,-1.3364485981308412,anti-toxic
DVSGRVYC,25,14,57,74,39,131,-1.3333333333333333,anti-toxic
RHISVLCS,9,6,40,35,15,75,-1.3333333333333333,anti-toxic
ISGGCVRS,45,30,109,106,75,215,-1.3333333333333333,anti-toxic
VIRCRGRG,83,65,187,198,148,385,-1.3314606741573034,anti-toxic
FIICCFDF,47,35,116,115,82,231,-1.3303571428571428,anti-toxic
VRRLCFDF,14,8,46,45,22,91,-1.3269230769230769,anti-toxic
GDHIVRVI,34,28,89,95,62,184,-1.326086956521739,anti-toxic
LRVRIFRH,10,6,35,42,16,77,-1.326086956521739,anti-toxic
FFFSCYHL,3,4,31,25,7,56,-1.3243243243243243,anti-toxic
GRIGLSCV,44,34,112,109,78,221,-1.3240740740740742,anti-toxic
YFCLCVCD,16,10,53,47,26,100,-1.3214285714285714,anti-toxic
IRDGVHRC,24,12,67,56,36,123,-1.3181818181818181,anti-toxic
IIVGRRRG,54,52,134,151,106,285,-1.3161764705882353,anti-toxic
CNHNGDGG,5,3,27,31,8,58,-1.3157894736842106,anti-toxic
LLGYHICY,11,7,40,41,18,81,-1.3125,anti-toxic
FVFRCGNV,1,1,18,26,2,44,-1.3125,anti-toxic
CFGGVVGS,28,13,68,66,41,134,-1.3098591549295775,anti-toxic
FVHCFYFR,24,17,68,66,41,134,-1.3098591549295775,anti-toxic
VCVCCFCD,10,2,29,38,12,67,-1.3095238095238095,anti-toxic
CCDNFGCC,18,20,61,66,38,127,-1.3088235294117647,anti-toxic
CLCYCLRC,34,30,95,92,64,187,-1.3085106382978724,anti-toxic
FCVDCDSR,7,2,33,27,9,60,-1.3076923076923077,anti-toxic
CGYGRVRC,38,20,86,87,58,173,-1.3068181818181819,anti-toxic
IHCGLYLC,12,7,37,46,19,83,-1.3061224489795917,anti-toxic
GIRFVHGL,23,19,62,74,42,136,-1.3055555555555556,anti-toxic
FSRIGRCS,21,19,66,65,40,131,-1.3,anti-toxic
HLRNGRCV,69,50,158,154,119,312,-1.2953020134228188,anti-toxic
FGRSCNRS,27,11,58,68,38,126,-1.2941176470588236,anti-toxic
RGFRYIFN,33,19,72,86,52,158,-1.2926829268292683,anti-toxic
RCRSFRCL,6,2,26,31,8,57,-1.2894736842105263,anti-toxic
ICHSRGLL,28,18,74,70,46,144,-1.2894736842105263,anti-toxic
CCFCCFGF,10,5,29,44,15,73,-1.288888888888889,anti-toxic
SRVCRVGI,28,15,66,71,43,137,-1.2876712328767124,anti-toxic
VHGSVGSV,43,28,108,93,71,201,-1.2871287128712872,anti-toxic
HGDHHGSL,52,35,111,126,87,237,-1.2820512820512822,anti-toxic
GHLGDSVV,71,52,159,160,123,319,-1.2810457516339868,anti-toxic
RVGGFVRC,31,14,68,73,45,141,-1.28,anti-toxic
VDCRRLGH,34,26,83,92,60,175,-1.2777777777777777,anti-toxic
RSSLRHCN,21,21,59,75,42,134,-1.2777777777777777,anti-toxic
GRNSVRVH,45,27,96,106,72,202,-1.2745098039215685,anti-toxic
LRSGRSCH,33,21,78,83,54,161,-1.2738095238095237,anti-toxic
FRNCVVGS,30,28,92,78,58,170,-1.2727272727272727,anti-toxic
IVCGCLVL,46,34,107,113,80,220,-1.2727272727272727,anti-toxic
DHGSHCVV,46,27,96,108,73,204,-1.2718446601941749,anti-toxic
VSVRGDRG,12,10,45,43,22,88,-1.2692307692307692,anti-toxic
IGVNRCGR,41,26,86,104,67,190,-1.268041237113402,anti-toxic
VFCLGCVC,29,16,63,77,45,140,-1.2666666666666666,anti-toxic
SRVGGLSS,38,41,100,117,79,217,-1.2660550458715596,anti-toxic
DSCFIVSG,6,2,25,31,8,56,-1.263157894736842,anti-toxic
GLDVSRRG,28,19,66,78,47,144,-1.2597402597402598,anti-toxic
YCFLSCRG,3,2,20,29,5,49,-1.2571428571428571,anti-toxic
CDGHGHRY,3,2,24,25,5,49,-1.2571428571428571,anti-toxic
LRHRGGRG,30,14,65,72,44,137,-1.2567567567567568,anti-toxic
VVIFHVIS,5,4,27,31,9,58,-1.2564102564102564,anti-toxic
IFNICFHL,12,5,44,32,17,76,-1.2553191489361701,anti-toxic
VLISGRDV,40,25,87,97,65,184,-1.2526315789473683,anti-toxic
DGRVCSVC,44,29,92,110,73,202,-1.2524271844660195,anti-toxic
FFGVCFCD,2,4,22,29,6,51,-1.25,anti-toxic
IFCCLVFC,52,42,126,123,94,249,-1.25,anti-toxic
VGDFDNND,11,3,30,39,14,69,-1.25,anti-toxic
RGNGRFVI,63,44,144,134,107,278,-1.2481751824817517,anti-toxic
VVNRICSR,33,19,73,81,52,154,-1.2439024390243902,anti-toxic
FCSRRVSL,48,45,132,114,93,246,-1.2439024390243902,anti-toxic
FVHLVCYD,4,3,24,29,7,53,-1.2432432432432432,anti-toxic
FRGGLFVY,58,48,132,143,106,275,-1.2426470588235294,anti-toxic
SCFCGYCF,1,2,26,18,3,44,-1.2424242424242424,anti-toxic
NSLIISVC,41,28,92,100,69,192,-1.2424242424242424,anti-toxic
SIVRGDVC,30,19,72,75,49,147,-1.240506329113924,anti-toxic
LGNIRGRG,27,14,65,64,41,129,-1.2394366197183098,anti-toxic
SVGRILCN,32,30,88,88,62,176,-1.2391304347826086,anti-toxic
NIGCVGRS,34,16,77,72,50,149,-1.2375,anti-toxic
GCVRSVYD,6,2,28,27,8,55,-1.236842105263158,anti-toxic
VDVIVIGF,13,8,36,48,21,84,-1.2352941176470589,anti-toxic
SLIVCRGD,2,2,26,20,4,46,-1.2352941176470589,anti-toxic
CDCHLSVH,25,9,55,58,34,113,-1.234375,anti-toxic
YIYGHNCL,58,41,126,132,99,258,-1.2325581395348837,anti-toxic
CCCCDYCL,9,4,38,28,13,66,-1.2325581395348837,anti-toxic
DVIGGCDS,48,34,102,118,82,220,-1.2321428571428572,anti-toxic
FCYHCILN,25,19,69,66,44,135,-1.2297297297297298,anti-toxic
DCDGRVSL,28,21,75,71,49,146,-1.2278481012658229,anti-toxic
GIRVGGRG,69,52,145,161,121,306,-1.2251655629139073,anti-toxic
CSVVRDRG,27,10,55,64,37,119,-1.2238805970149254,anti-toxic
GFVYGRRS,20,13,56,54,33,110,-1.2222222222222223,anti-toxic
GDVVLSHS,23,10,55,55,33,110,-1.2222222222222223,anti-toxic
RRVDIVGS,8,7,31,39,15,70,-1.2222222222222223,anti-toxic
IVCLCGIN,17,16,51,59,33,110,-1.2222222222222223,anti-toxic
SVVGIVSR,22,16,53,68,38,121,-1.2205882352941178,anti-toxic
YRGGVRLI,46,33,97,115,79,212,-1.2201834862385321,anti-toxic
SDHHCFHC,5,6,28,33,11,61,-1.2195121951219512,anti-toxic
DSSSDYVC,1,1,18,23,2,41,-1.21875,anti-toxic
VGSSNIVS,15,6,39,44,21,83,-1.2156862745098038,anti-toxic
FVGGCHRS,41,31,92,104,72,196,-1.2156862745098038,anti-toxic
FGNGVVRR,29,20,67,78,49,145,-1.2151898734177216,anti-toxic
VYLFVYDF,21,10,44,61,31,105,-1.2131147540983607,anti-toxic
CNCGCIDY,35,20,74,84,55,158,-1.2117647058823529,anti-toxic
VGRISIRG,68,49,145,150,117,295,-1.2108843537414966,anti-toxic
NIGDCHDC,6,2,21,33,8,54,-1.2105263157894737,anti-toxic
FFFDFFDI,9,4,35,30,13,65,-1.2093023255813953,anti-toxic
SVGNRIGV,59,41,126,131,100,257,-1.2076923076923076,anti-toxic
RFDGCVRG,50,31,116,99,81,215,-1.2072072072072073,anti-toxic
RNHFYNHS,43,39,106,111,82,217,-1.2053571428571428,anti-toxic
LFRHHNRC,9,0,33,23,9,56,-1.205128205128205,anti-toxic
HHSVRVGI,9,5,36,31,14,67,-1.2045454545454546,anti-toxic
VVVVNGFL,14,5,42,36,19,78,-1.2040816326530612,anti-toxic
FGVHRRSC,21,9,53,49,30,102,-1.2,anti-toxic
CYCICNNF,44,41,102,121,85,223,-1.2,anti-toxic
YCCIRRSC,10,5,30,39,15,69,-1.2,anti-toxic
SHSLSHSC,47,34,101,113,81,214,-1.1981981981981982,anti-toxic
DCDSFNRS,60,57,155,138,117,293,-1.1972789115646258,anti-toxic
YYNSVIGG,47,40,110,117,87,227,-1.1965811965811965,anti-toxic
VLHNRYCS,23,14,49,68,37,117,-1.1940298507462686,anti-toxic
VSLLRCRS,51,49,120,135,100,255,-1.1923076923076923,anti-toxic
VHRHNSVC,60,41,132,125,101,257,-1.1908396946564885,anti-toxic
SVILYCCC,15,13,40,57,28,97,-1.1896551724137931,anti-toxic
CHLFDGCI,6,1,21,30,7,51,-1.1891891891891893,anti-toxic
CCCGIVHY,8,6,27,39,14,66,-1.1818181818181819,anti-toxic
VCGDVVRS,13,7,39,40,20,79,-1.18,anti-toxic
VDGDGRRV,33,16,72,70,49,142,-1.1772151898734178,anti-toxic
DSVSHVVV,54,35,109,120,89,229,-1.1764705882352942,anti-toxic
FFDHVCNI,3,1,20,24,4,44,-1.1764705882352942,anti-toxic
CSGRVVRG,9,12,41,40,21,81,-1.1764705882352942,anti-toxic
IRSGSLVR,55,40,123,119,95,242,-1.176,anti-toxic
GIGLNIIS,54,36,111,120,90,231,-1.175,anti-toxic
GCVRSVRC,24,9,50,57,33,107,-1.1746031746031746,anti-toxic
FHSHYGGY,13,3,33,37,16,70,-1.173913043478261,anti-toxic
ICSDINNG,32,30,86,84,62,170,-1.173913043478261,anti-toxic
HNLIDSGC,18,10,45,51,28,96,-1.1724137931034482,anti-toxic
DSVSHHNS,6,5,37,22,11,59,-1.170731707317073,anti-toxic
GVRVGSDC,61,44,129,134,105,263,-1.1703703703703703,anti-toxic
IFGHRCGG,10,7,35,37,17,72,-1.1702127659574468,anti-toxic
GVGFGGLV,32,21,71,79,53,150,-1.1686746987951808,anti-toxic
HCDCLYCF,29,24,72,78,53,150,-1.1686746987951808,anti-toxic
RHGFCRGV,33,21,78,74,54,152,-1.1666666666666667,anti-toxic
IYLGINGY,14,10,35,52,24,87,-1.1666666666666667,anti-toxic
FGGCCDYV,5,1,20,28,6,48,-1.1666666666666667,anti-toxic
FFCSFCFF,43,30,92,101,73,193,-1.1650485436893203,anti-toxic
RVFNIYSS,25,14,63,56,39,119,-1.1594202898550725,anti-toxic
FCGCCGVL,6,8,38,27,14,65,-1.1590909090909092,anti-toxic
SVVSSCGV,45,26,94,94,71,188,-1.1584158415841583,anti-toxic
LFFDNHGY,5,3,23,29,8,52,-1.1578947368421053,anti-toxic
VCGVRYYC,6,2,29,23,8,52,-1.1578947368421053,anti-toxic
DGRIDVVL,57,42,122,126,99,248,-1.1550387596899225,anti-toxic
SDGRGNRG,31,18,62,78,49,140,-1.1518987341772151,anti-toxic
FGCGDDRL,1,2,25,16,3,41,-1.1515151515151516,anti-toxic
DGYFYRCI,16,7,36,48,23,84,-1.150943396226415,anti-toxic
GSSFDGDG,18,12,55,44,30,99,-1.15,anti-toxic
DVGRVIVG,50,47,124,119,97,243,-1.1496062992125984,anti-toxic
LVSGSSRI,51,34,111,106,85,217,-1.1478260869565218,anti-toxic
VFVDGVRY,3,1,27,16,4,43,-1.1470588235294117,anti-toxic
SYGDLVRG,72,55,156,151,127,307,-1.1464968152866242,anti-toxic
SVRNHSGC,22,24,58,75,46,133,-1.144736842105263,anti-toxic
IRGVSLIG,39,21,86,77,60,163,-1.1444444444444444,anti-toxic
CCGVCFCF,17,9,47,43,26,90,-1.1428571428571428,anti-toxic
HHIVSRSI,38,23,87,78,61,165,-1.1428571428571428,anti-toxic
FCSRVINR,56,41,114,128,97,242,-1.141732283464567,anti-toxic
RCNGVRNV,30,11,53,69,41,122,-1.1408450704225352,anti-toxic
RHRFGCGV,62,43,129,130,105,259,-1.1407407407407408,anti-toxic
LVFYFHFN,17,10,49,43,27,92,-1.1403508771929824,anti-toxic
LDYISHGL,4,2,17,30,6,47,-1.1388888888888888,anti-toxic
HRDRLVCG,4,2,22,25,6,47,-1.1388888888888888,anti-toxic
GICRRLVS,17,11,43,51,28,94,-1.1379310344827587,anti-toxic
CVVHCCGH,40,25,85,88,65,173,-1.1368421052631579,anti-toxic
GVRRGRCC,63,47,127,142,110,269,-1.1357142857142857,anti-toxic
FDDCCYGI,12,3,25,41,15,66,-1.1333333333333333,anti-toxic
GRHVSVRN,39,22,79,85,61,164,-1.1318681318681318,anti-toxic
NIRRVLVG,22,9,42,58,31,100,-1.1311475409836065,anti-toxic
VIDSFCRG,25,14,61,56,39,117,-1.1304347826086956,anti-toxic
RRISRCIS,53,49,116,135,102,251,-1.128787878787879,anti-toxic
FIRSVCRS,21,27,74,62,48,136,-1.1282051282051282,anti-toxic
IYGFFHVV,5,4,29,24,9,53,-1.1282051282051282,anti-toxic
DCLGSSRV,57,40,113,127,97,240,-1.125984251968504,anti-toxic
FLSYSYCF,16,2,33,39,18,72,-1.125,anti-toxic
NGSVRNYR,35,24,71,88,59,159,-1.1235955056179776,anti-toxic
FGGIHSRG,34,25,84,75,59,159,-1.1235955056179776,anti-toxic
VNSYRVRC,55,47,124,126,102,250,-1.121212121212121,anti-toxic
VIVYGSHG,10,10,41,35,20,76,-1.12,anti-toxic
IGCRRGNV,48,31,97,104,79,201,-1.1192660550458715,anti-toxic
YFYCILGV,15,14,38,57,29,95,-1.11864406779661,anti-toxic
HCHLSCRL,3,1,26,16,4,42,-1.1176470588235294,anti-toxic
FGHRVCVV,3,1,17,25,4,42,-1.1176470588235294,anti-toxic
LRHYVSCH,5,8,32,29,13,61,-1.1162790697674418,anti-toxic
SVISHHVS,29,28,77,77,57,154,-1.1149425287356323,anti-toxic
FDSGLGRS,35,23,73,83,58,156,-1.1136363636363635,anti-toxic
VDVHVLGL,28,23,63,78,51,141,-1.1111111111111112,anti-toxic
INVSSIIC,5,1,20,26,6,46,-1.1111111111111112,anti-toxic
VFFCNLVS,26,8,50,55,34,105,-1.109375,anti-toxic
VRCCGYCY,13,13,41,47,26,88,-1.1071428571428572,anti-toxic
VHRGFLRS,19,7,37,51,26,88,-1.1071428571428572,anti-toxic
YNRCIFRL,4,4,26,24,8,50,-1.105263157894737,anti-toxic
GRCGHSRH,16,11,40,50,27,90,-1.105263157894737,anti-toxic
FCVNIIVY,11,7,31,40,18,71,-1.1041666666666667,anti-toxic
NFCHVYVS,38,28,78,94,66,172,-1.1041666666666667,anti-toxic
NCGSRVDC,27,22,65,71,49,136,-1.1012658227848102,anti-toxic
FCSGRDCD,23,17,52,65,40,117,-1.1,anti-toxic
FNGSNYRG,21,11,44,56,32,100,-1.096774193548387,anti-toxic
FCDRRRHV,25,28,65,79,53,144,-1.0963855421686748,anti-toxic
SGVGVVGV,27,16,52,71,43,123,-1.095890410958904,anti-toxic
DVGCHSGV,47,42,106,113,89,219,-1.0924369747899159,anti-toxic
FYCNGVCN,6,8,24,38,14,62,-1.0909090909090908,anti-toxic
GRLCVLID,37,22,77,79,59,156,-1.0898876404494382,anti-toxic
LCFCDGFD,15,11,39,48,26,87,-1.0892857142857142,anti-toxic
FSHDRRIG,28,22,63,74,50,137,-1.0875,anti-toxic
LFCLDFLV,4,1,17,26,5,43,-1.0857142857142856,anti-toxic
IGCISYVY,4,1,23,20,5,43,-1.0857142857142856,anti-toxic
CFIHFHCD,14,3,28,40,17,68,-1.0851063829787233,anti-toxic
GYCGNCDD,2,4,26,19,6,45,-1.0833333333333333,anti-toxic
GRFDGDNV,18,12,40,55,30,95,-1.0833333333333333,anti-toxic
CVHVSYRD,3,4,22,25,7,47,-1.0810810810810811,anti-toxic
SLIDGSRG,22,23,56,70,45,126,-1.08,anti-toxic
YSRYYRVY,6,2,25,24,8,49,-1.0789473684210527,anti-toxic
VRGNCVRG,16,7,44,36,23,80,-1.0754716981132075,anti-toxic
FFGIVIFD,14,14,40,50,28,90,-1.0689655172413792,anti-toxic
CIDSRHSH,59,43,116,127,102,243,-1.0681818181818181,anti-toxic
SSLHGHYG,5,9,25,36,14,61,-1.0681818181818181,anti-toxic
SSRLSHDC,18,12,50,44,30,94,-1.0666666666666667,anti-toxic
SCNRILVR,39,22,74,84,61,158,-1.065934065934066,anti-toxic
IYNRCRSC,45,32,99,92,77,191,-1.0654205607476634,anti-toxic
GFGGRYVV,41,25,77,91,66,168,-1.0625,anti-toxic
CIGFCCCY,10,8,32,37,18,69,-1.0625,anti-toxic
HDSLVDRS,33,17,73,62,50,135,-1.0625,anti-toxic
RRCGSFRV,41,26,83,87,67,170,-1.0618556701030928,anti-toxic
VRGGVYGS,30,21,63,74,51,137,-1.0617283950617284,anti-toxic
RNNGYCIH,11,8,35,36,19,71,-1.0612244897959184,anti-toxic
INCGVRGV,52,36,100,113,88,213,-1.0593220338983051,anti-toxic
HCYRRLHG,49,39,111,102,88,213,-1.0593220338983051,anti-toxic
CDGIVSGD,61,44,116,132,105,248,-1.0592592592592593,anti-toxic
FCFDGFVC,3,1,17,23,4,40,-1.0588235294117647,anti-toxic
LNVYCVVH,15,6,45,30,21,75,-1.0588235294117647,anti-toxic
IHGIGVRS,45,29,86,98,74,184,-1.0576923076923077,anti-toxic
GGRLYFRS,52,40,102,119,92,221,-1.0573770491803278,anti-toxic
LNGFIDGN,5,0,18,24,5,42,-1.0571428571428572,anti-toxic
FVLIFSFS,29,13,56,62,42,118,-1.0555555555555556,anti-toxic
CIGSDCSD,52,47,113,122,99,235,-1.054263565891473,anti-toxic
FLCGFIVR,5,2,23,23,7,46,-1.054054054054054,anti-toxic
FFGYGGVC,5,3,22,26,8,48,-1.0526315789473684,anti-toxic
ICNGIGNG,18,9,38,49,27,87,-1.0526315789473684,anti-toxic
LDLGRSRV,52,34,106,102,86,208,-1.0517241379310345,anti-toxic
GGLCYCLC,20,11,48,47,31,95,-1.0491803278688525,anti-toxic
GSHIGNVS,49,46,111,115,95,226,-1.048,anti-toxic
FYRVVNRD,6,6,28,28,12,56,-1.0476190476190477,anti-toxic
HGNCDIGS,75,56,152,147,131,299,-1.0434782608695652,anti-toxic
SDGRDGVI,22,17,51,60,39,111,-1.0434782608695652,anti-toxic
GHNRCYRS,25,22,65,62,47,127,-1.0389610389610389,anti-toxic
VDGDSVGL,45,30,98,86,75,184,-1.0380952380952382,anti-toxic
CCGGNRVS,31,18,66,65,49,131,-1.0379746835443038,anti-toxic
GNVISVHH,47,32,90,102,79,192,-1.036697247706422,anti-toxic
LRHGRVCS,17,9,47,37,26,84,-1.0357142857142858,anti-toxic
CRDFVRGL,19,7,40,44,26,84,-1.0357142857142858,anti-toxic
SGVSDVSI,33,25,65,84,58,149,-1.0340909090909092,anti-toxic
CSGRGLRR,35,23,76,73,58,149,-1.0340909090909092,anti-toxic
IHFYNVHL,3,1,18,21,4,39,-1.0294117647058822,anti-toxic
LDVRGLSI,3,1,19,20,4,39,-1.0294117647058822,anti-toxic
FYRFCGCR,3,3,19,24,6,43,-1.0277777777777777,anti-toxic
IHVNSCRV,87,68,178,167,155,345,-1.027027027027027,anti-toxic
RYICHCCS,5,3,19,28,8,47,-1.0263157894736843,anti-toxic
FFCRFHSI,5,4,22,27,9,49,-1.0256410256410255,anti-toxic
CIICFCDD,7,4,23,30,11,53,-1.024390243902439,anti-toxic
LRDSGSRG,35,17,65,71,52,136,-1.024390243902439,anti-toxic
YCCNIGYD,9,3,22,33,12,55,-1.0238095238095237,anti-toxic
DYGSRRIR,33,22,71,71,55,142,-1.0235294117647058,anti-toxic
GCDRVRVC,40,33,90,88,73,178,-1.0194174757281553,anti-toxic
SVSVVSSC,17,10,37,48,27,85,-1.0175438596491229,anti-toxic
VDLRVDLS,17,10,44,41,27,85,-1.0175438596491229,anti-toxic
FCLFVIFL,22,7,40,49,29,89,-1.0169491525423728,anti-toxic
HIVSCFVV,53,39,108,108,92,216,-1.0163934426229508,anti-toxic
FIGRHHRG,89,74,173,186,163,359,-1.0155440414507773,anti-toxic
HNVCSIRH,27,17,63,56,44,119,-1.0135135135135136,anti-toxic
ICRGHDSG,31,23,69,70,54,139,-1.0119047619047619,anti-toxic
HGGFRRIC,38,33,82,91,71,173,-1.00990099009901,anti-toxic
FGLFYCNC,8,1,28,20,9,48,-1,anti-toxic
CFFRRGRG,38,26,85,73,64,158,-1,anti-toxic
FCIRGLFG,12,6,37,29,18,66,-1,anti-toxic
RIFDRVRC,5,3,15,31,8,46,-1,anti-toxic
VCDVSVRD,38,31,78,90,69,168,-1,anti-toxic
LVFLCVRV,17,16,41,55,33,96,-1,anti-toxic
VYDYYGRD,2,2,17,21,4,38,-1,anti-toxic
SILGSNRV,10,12,39,35,22,74,-1,anti-toxic
SSHVIGIL,31,26,67,77,57,144,-1,anti-toxic
SFIFCVLY,28,9,56,48,37,104,-1,anti-toxic
FGHSFIVR,12,4,33,29,16,62,-1,anti-toxic
LGHDLNGR,6,2,16,30,8,46,-1,anti-toxic
FFYCNHFI,4,1,17,23,5,40,-1,anti-toxic
LRGRHIGG,34,18,67,67,52,134,-1,anti-toxic
GYLYSGRR,9,5,27,31,14,58,-1,anti-toxic
FFVCHVGY,3,2,15,25,5,40,-1,anti-toxic
LNGNDCVG,4,1,17,23,5,40,-1,anti-toxic
VGGRVSVI,26,15,51,61,41,112,-1,anti-toxic
VCSSVVSG,46,44,100,110,90,210,-1,anti-toxic
VYILGCVG,29,18,58,66,47,124,-1,anti-toxic
HRDDSVSC,30,17,53,71,47,124,-1,anti-toxic
GGRGSGLH,6,7,34,22,13,56,-1,anti-toxic
IYRGRLVN,28,23,62,70,51,132,-1,anti-toxic
CNGHHRLI,53,42,102,117,95,219,-0.992,anti-toxic
IGVDCRNS,36,29,83,76,65,159,-0.9894736842105263,anti-toxic
DFLRRNHG,77,62,157,149,139,306,-0.9881656804733728,anti-toxic
VSYRGGRC,27,15,51,62,42,113,-0.9861111111111112,anti-toxic
LVVVGFVF,21,19,56,53,40,109,-0.9857142857142858,anti-toxic
CVIDYVRH,25,12,48,55,37,103,-0.9850746268656716,anti-toxic
VDGDLIVS,18,12,45,44,30,89,-0.9833333333333333,anti-toxic
FCGVCLGF,17,9,41,40,26,81,-0.9821428571428571,anti-toxic
DDVGILSH,49,32,93,97,81,190,-0.9819819819819819,anti-toxic
LSRNVCGN,18,6,39,38,24,77,-0.9814814814814815,anti-toxic
HRSVVSGL,45,31,83,97,76,180,-0.9811320754716981,anti-toxic
RHYNVCSR,10,10,36,33,20,69,-0.98,anti-toxic
LDHLRCGI,66,54,125,142,120,267,-0.98,anti-toxic
ISFRCVRR,12,7,33,34,19,67,-0.9795918367346939,anti-toxic
GCVVGGVL,42,26,75,89,68,164,-0.9795918367346939,anti-toxic
SVGCGVHV,32,25,74,68,57,142,-0.9770114942528736,anti-toxic
CGRGGNRL,36,20,64,76,56,140,-0.9767441860465116,anti-toxic
VFFYHSCG,4,6,22,27,10,49,-0.975,anti-toxic
LFGRFDHH,5,5,21,28,10,49,-0.975,anti-toxic
GDDSIIVG,53,37,96,111,90,207,-0.975,anti-toxic
NGLRIRRD,25,23,55,69,48,124,-0.9743589743589743,anti-toxic
FCVCCFRV,25,21,59,61,46,120,-0.9736842105263158,anti-toxic
DDLRCVRG,46,36,94,97,82,191,-0.9732142857142857,anti-toxic
FCIDDGLS,1,6,20,23,7,43,-0.972972972972973,anti-toxic
CGVLDNRG,48,32,94,93,80,187,-0.9727272727272728,anti-toxic
VSRSCFIH,19,23,55,57,42,112,-0.9722222222222222,anti-toxic
DSRCDRVC,45,33,83,100,78,183,-0.9722222222222222,anti-toxic
HLGGGLVH,26,10,47,53,36,100,-0.9696969696969697,anti-toxic
SVCLGFNV,1,0,15,16,1,31,-0.967741935483871,anti-toxic
VDFRHDVN,38,22,64,83,60,147,-0.9666666666666667,anti-toxic
SFNRRRLC,34,22,61,78,56,139,-0.9651162790697675,anti-toxic
FGCYNFCS,34,15,59,66,49,125,-0.9620253164556962,anti-toxic
DYGSRRIC,30,18,59,64,48,123,-0.9615384615384616,anti-toxic
HSGVRSCI,28,20,69,54,48,123,-0.9615384615384616,anti-toxic
LSFYHYCS,30,16,56,63,46,119,-0.9605263157894737,anti-toxic
RNVGVYCV,41,28,86,78,69,164,-0.9595959595959596,anti-toxic
LVGHRIGR,43,24,78,82,67,160,-0.9587628865979382,anti-toxic
RINDLGNV,39,28,77,83,67,160,-0.9587628865979382,anti-toxic
HICSNISS,29,13,59,52,42,111,-0.9583333333333334,anti-toxic
GHHCRNVH,15,26,54,55,41,109,-0.9577464788732394,anti-toxic
SVRRSCHC,51,32,96,95,83,191,-0.9557522123893806,anti-toxic
DRVGDYSC,35,21,65,73,56,138,-0.9534883720930233,anti-toxic
GRFSCIGN,30,26,67,71,56,138,-0.9534883720930233,anti-toxic
SFVGGNSC,69,50,132,129,119,261,-0.9530201342281879,anti-toxic
VLGSVRVR,66,51,133,124,117,257,-0.9523809523809523,anti-toxic
GSLDGLIN,77,60,140,156,137,296,-0.9520958083832335,anti-toxic
FYNGHYSY,6,5,22,28,11,50,-0.9512195121951219,anti-toxic
FFSYCHRF,9,2,27,23,11,50,-0.9512195121951219,anti-toxic
GSDIGYRG,20,10,38,49,30,87,-0.95,anti-toxic
CVSRVIIS,62,48,114,129,110,243,-0.95,anti-toxic
YSGYVYRF,47,43,100,104,90,204,-0.95,anti-toxic
VNSVGLCI,42,23,76,79,65,155,-0.9473684210526315,anti-toxic
DVLVYYVY,15,12,34,47,27,81,-0.9473684210526315,anti-toxic
CVGNIDRS,32,31,69,82,63,151,-0.946236559139785,anti-toxic
SYSDCIRS,32,29,71,76,61,147,-0.945054945054945,anti-toxic
FFCRGRGL,2,4,25,15,6,40,-0.9444444444444444,anti-toxic
HYDRCRCR,4,2,17,23,6,40,-0.9444444444444444,anti-toxic
CRLRNRCV,4,2,20,20,6,40,-0.9444444444444444,anti-toxic
DIHCCRRG,6,0,18,22,6,40,-0.9444444444444444,anti-toxic
FHSRRLCL,24,17,49,59,41,108,-0.9436619718309859,anti-toxic
SCDCFVVG,1,4,17,21,5,38,-0.9428571428571428,anti-toxic
DVCDGSRY,3,2,13,25,5,38,-0.9428571428571428,anti-toxic
HCGVRRVH,29,10,45,59,39,104,-0.9420289855072463,anti-toxic
SYNGIFVC,27,12,50,54,39,104,-0.9420289855072463,anti-toxic
HRGNVRIG,42,29,81,85,71,166,-0.9405940594059405,anti-toxic
VSDSICRH,24,13,48,52,37,100,-0.9402985074626866,anti-toxic
NRDVVFVC,44,26,77,87,70,164,-0.94,anti-toxic
YCHRRDVR,32,20,56,73,52,129,-0.9390243902439024,anti-toxic
LRDCLVGF,1,1,10,22,2,32,-0.9375,anti-toxic
GVLGNFLC,2,0,17,15,2,32,-0.9375,anti-toxic
CVNVDHSC,19,14,45,47,33,92,-0.9365079365079365,anti-toxic
HVHHDVRH,22,11,44,48,33,92,-0.9365079365079365,anti-toxic
RLLRFRGC,47,31,98,81,78,179,-0.9351851851851852,anti-toxic
HLCSRRSI,47,30,89,88,77,177,-0.9345794392523364,anti-toxic
FYCLCLHF,22,8,42,44,30,86,-0.9333333333333333,anti-toxic
SISSLVRG,60,43,119,108,103,227,-0.9323308270676691,anti-toxic
FVCCHCGY,14,15,38,46,29,84,-0.9322033898305084,anti-toxic
FNSFHRVS,16,13,40,44,29,84,-0.9322033898305084,anti-toxic
DFGSCHRS,19,9,33,49,28,82,-0.9310344827586207,anti-toxic
GNRFRSVL,33,24,70,68,57,138,-0.9310344827586207,anti-toxic
IRDIRSHC,41,30,87,78,71,165,-0.9306930693069307,anti-toxic
CHSNDSVI,60,54,117,131,114,248,-0.9305555555555556,anti-toxic
FGCFVFHF,17,9,37,41,26,78,-0.9285714285714286,anti-toxic
SNCFGRLI,27,13,49,56,40,105,-0.9285714285714286,anti-toxic
CNVGSVRD,35,19,63,69,54,132,-0.9285714285714286,anti-toxic
GGHGCVRL,30,24,72,60,54,132,-0.9285714285714286,anti-toxic
IHVSGFVG,9,2,28,21,11,49,-0.926829268292683,anti-toxic
SRHVHIGR,40,38,88,90,78,178,-0.9259259259259259,anti-toxic
YRFRVCNG,24,13,43,56,37,99,-0.9253731343283582,anti-toxic
SGSLVYGH,61,43,111,117,104,228,-0.9253731343283582,anti-toxic
GIRGNHSC,24,13,44,55,37,99,-0.9253731343283582,anti-toxic
IRGGHCCS,38,25,71,78,63,149,-0.9247311827956989,anti-toxic
LHLCVDHV,6,3,22,23,9,45,-0.9230769230769231,anti-toxic
VRCYNRGV,45,27,79,87,72,166,-0.9215686274509803,anti-toxic
VGVNVVDS,8,0,15,28,8,43,-0.9210526315789473,anti-toxic
FLRHISCV,23,21,56,56,44,112,-0.918918918918919,anti-toxic
CRGFRLIS,64,51,120,128,115,248,-0.9172413793103448,anti-toxic
FIGCRLRG,53,37,95,105,90,200,-0.9166666666666666,anti-toxic
DNGIDNYS,28,25,66,63,53,129,-0.9156626506024096,anti-toxic
SRVSRFGC,36,28,67,83,64,150,-0.9148936170212766,anti-toxic
FRCGHDGS,74,59,132,150,133,282,-0.9141104294478528,anti-toxic
LGVVNFVC,3,1,23,12,4,35,-0.9117647058823529,anti-toxic
GYCCVCLC,2,2,12,23,4,35,-0.9117647058823529,anti-toxic
FGSRGDHN,16,10,42,35,26,77,-0.9107142857142857,anti-toxic
CSSFVFRS,19,6,37,38,25,75,-0.9090909090909091,anti-toxic
FLDFGGGG,8,6,26,28,14,54,-0.9090909090909091,anti-toxic
HSRVCVVG,47,32,92,86,79,178,-0.908256880733945,anti-toxic
VDRDVCSL,52,37,105,92,89,197,-0.907563025210084,anti-toxic
SDSGHLCV,36,20,58,76,56,134,-0.9069767441860465,anti-toxic
CRVGNFRG,83,69,150,167,152,317,-0.9065934065934066,anti-toxic
GVHSGLCD,47,30,85,89,77,174,-0.9065420560747663,anti-toxic
CGCVFHFL,2,0,16,15,2,31,-0.90625,anti-toxic
CICLDFRS,1,1,15,16,2,31,-0.90625,anti-toxic
LCVCDSLG,2,0,19,12,2,31,-0.90625,anti-toxic
VVDRIVSH,43,33,85,87,76,172,-0.9056603773584906,anti-toxic
YSGGRIRC,17,16,48,42,33,90,-0.9047619047619048,anti-toxic
LVDVRVSG,57,39,96,114,96,210,-0.9047619047619048,anti-toxic
VRRGCLVC,61,44,108,119,105,227,-0.9037037037037037,anti-toxic
FIGNHHLS,33,17,58,64,50,122,-0.9,anti-toxic
GVGVNFVV,25,15,55,48,40,103,-0.9,anti-toxic
SRDSVIRH,4,5,20,24,9,44,-0.8974358974358975,anti-toxic
RNVDSVRR,27,11,49,50,38,99,-0.8970588235294118,anti-toxic
GCGSRHVI,22,16,49,50,38,99,-0.8970588235294118,anti-toxic
CLDIDRVS,25,22,56,60,47,116,-0.8961038961038961,anti-toxic
SILCRRGG,76,57,130,149,133,279,-0.8957055214723927,anti-toxic
GLISDCGR,33,23,69,64,56,133,-0.8953488372093024,anti-toxic
LCLVLGCH,5,3,21,21,8,42,-0.8947368421052632,anti-toxic
CVVSGDGV,22,14,47,48,36,95,-0.8939393939393939,anti-toxic
NVIGVDSL,42,29,77,84,71,161,-0.8910891089108911,anti-toxic
DCDVGLRG,44,26,77,82,70,159,-0.89,anti-toxic
SGHFYLVD,2,4,13,25,6,38,-0.8888888888888888,anti-toxic
GFGFHRGS,45,32,84,88,77,172,-0.8878504672897196,anti-toxic
YNFYRDGS,2,3,14,22,5,36,-0.8857142857142857,anti-toxic
GCLGDCGC,2,3,13,23,5,36,-0.8857142857142857,anti-toxic
DVYFDFVC,3,2,22,14,5,36,-0.8857142857142857,anti-toxic
VGGCRVRR,4,1,12,24,5,36,-0.8857142857142857,anti-toxic
VCYCFYGV,3,2,13,23,5,36,-0.8857142857142857,anti-toxic
HHSIRCIG,11,11,28,40,22,68,-0.8846153846153846,anti-toxic
CVHGSVGR,26,13,50,50,39,100,-0.8840579710144928,anti-toxic
RHCRSVGC,53,37,94,102,90,196,-0.8833333333333333,anti-toxic
FYLFSVGL,17,4,30,36,21,66,-0.8823529411764706,anti-toxic
FGDGRCGG,39,33,80,82,72,162,-0.8823529411764706,anti-toxic
LHYSGYCF,3,1,19,15,4,34,-0.8823529411764706,anti-toxic
SVGVGVGL,10,2,23,26,12,49,-0.8809523809523809,anti-toxic
NHRSCSGL,23,14,49,47,37,96,-0.8805970149253731,anti-toxic
GLRHHIRG,41,29,83,75,70,158,-0.88,anti-toxic
IFFILCIV,2,18,25,39,20,64,-0.88,anti-toxic
RCHVSRDC,29,16,50,61,45,111,-0.88,anti-toxic
VIVRNYNR,2,1,13,19,3,32,-0.8787878787878788,anti-toxic
FFVGCLNN,2,1,13,19,3,32,-0.8787878787878788,anti-toxic
HRCRHIVV,81,62,142,153,143,295,-0.8786127167630058,anti-toxic
IHVSHGGV,46,31,86,85,77,171,-0.8785046728971962,anti-toxic
IIGGCHRV,10,8,26,34,18,60,-0.875,anti-toxic
VLGYRCYC,14,12,31,44,26,75,-0.875,anti-toxic
RHGVVCVG,19,14,41,47,33,88,-0.873015873015873,anti-toxic
CFSGGVRS,22,11,36,52,33,88,-0.873015873015873,anti-toxic
FVIGICCC,10,7,26,32,17,58,-0.8723404255319149,anti-toxic
VDICVRSS,22,18,50,51,40,101,-0.8714285714285714,anti-toxic
VVNYHGGV,1,0,11,17,1,28,-0.8709677419354839,anti-toxic
VGVSVSHD,43,27,75,82,70,157,-0.87,anti-toxic
CRVRRIGN,42,28,84,73,70,157,-0.87,anti-toxic
CCFSGYIC,8,8,27,29,16,56,-0.8695652173913043,anti-toxic
HRHCGRGL,46,30,79,89,76,168,-0.8679245283018868,anti-toxic
VRGVNNDS,53,38,96,100,91,196,-0.8677685950413223,anti-toxic
VVHNGSRC,19,11,41,41,30,82,-0.8666666666666667,anti-toxic
FLRCRDRH,36,31,66,85,67,151,-0.865979381443299,anti-toxic
VDVCNRSV,39,28,69,82,67,151,-0.865979381443299,anti-toxic
VGGVLRLV,35,17,56,67,52,123,-0.8658536585365854,anti-toxic
LYCCFLVH,12,10,37,30,22,67,-0.8653846153846154,anti-toxic
DIRVSGSL,89,72,160,166,161,326,-0.8638743455497382,anti-toxic
VVGSGSHS,18,10,36,42,28,78,-0.8620689655172413,anti-toxic
FCFLLCVG,33,31,74,71,64,145,-0.8617021276595744,anti-toxic
GCGSYVYG,6,0,21,16,6,37,-0.8611111111111112,anti-toxic
IHGNRFGS,28,14,43,61,42,104,-0.8611111111111112,anti-toxic
CHVGVVGC,32,17,58,59,49,117,-0.8607594936708861,anti-toxic
RCVIDSGS,50,42,97,100,92,197,-0.860655737704918,anti-toxic
VFGSCRGI,38,25,79,64,63,143,-0.8602150537634409,anti-toxic
VGRHYRIC,28,13,44,58,41,102,-0.8591549295774648,anti-toxic
FCVIHFCV,10,9,34,27,19,61,-0.8571428571428571,anti-toxic
GNGRGRSL,36,32,74,78,68,152,-0.8571428571428571,anti-toxic
GVHFLDFV,3,2,20,15,5,35,-0.8571428571428571,anti-toxic
VLRHLGSC,53,35,96,93,88,189,-0.8559322033898306,anti-toxic
VSVDHCCS,23,9,37,48,32,85,-0.8548387096774194,anti-toxic
LDICSVRG,54,40,92,108,94,200,-0.8548387096774194,anti-toxic
LFYFGLNL,22,10,34,51,32,85,-0.8548387096774194,anti-toxic
VGCYCLVG,8,3,27,19,11,46,-0.8536585365853658,anti-toxic
RCVNRFFN,69,50,117,129,119,246,-0.8523489932885906,anti-toxic
DIICNDDD,14,10,34,36,24,70,-0.8518518518518519,anti-toxic
GLRSRLGF,45,26,78,79,71,157,-0.8514851485148515,anti-toxic
GNDDHVIV,25,19,46,61,44,107,-0.8513513513513513,anti-toxic
GCIVGVNC,48,36,89,92,84,181,-0.8508771929824561,anti-toxic
FCYFCFRF,7,3,14,30,10,44,-0.85,anti-toxic
RDRVDCLS,46,30,75,91,76,166,-0.8490566037735849,anti-toxic
CCVVRVHD,3,0,14,17,3,31,-0.8484848484848485,anti-toxic
NCNDNVYL,1,2,14,17,3,31,-0.8484848484848485,anti-toxic
FFRRRVSN,38,31,74,79,69,153,-0.8484848484848485,anti-toxic
CHSHCIRV,2,1,12,19,3,31,-0.8484848484848485,anti-toxic
HHRISGSC,59,49,112,113,108,225,-0.8478260869565217,anti-toxic
VIDRDSSV,43,32,74,90,75,164,-0.8476190476190476,anti-toxic
FRYSRSSC,49,39,102,86,88,188,-0.847457627118644,anti-toxic
IISSIVRH,10,12,25,41,22,66,-0.8461538461538461,anti-toxic
GGYGVDVS,22,13,45,45,35,90,-0.8461538461538461,anti-toxic
LGGSRDGC,47,33,78,95,80,173,-0.8454545454545455,anti-toxic
RSGRCLRD,24,17,48,53,41,101,-0.8450704225352113,anti-toxic
SNHDRCCG,57,42,99,109,99,208,-0.8449612403100775,anti-toxic
SSHNVRRD,24,16,53,46,40,99,-0.8428571428571429,anti-toxic
GDNVSVRR,38,21,68,66,59,134,-0.8426966292134831,anti-toxic
IRYCRSLV,15,12,42,33,27,75,-0.8421052631578947,anti-toxic
RCGHFRGC,53,43,105,97,96,202,-0.8412698412698413,anti-toxic
VIGGHFVN,92,78,165,173,170,338,-0.84,anti-toxic
RINDVCDS,18,14,36,48,32,84,-0.8387096774193549,anti-toxic
FRFCFDYI,1,0,7,20,1,27,-0.8387096774193549,anti-toxic
DHSNCVLS,28,16,51,55,44,106,-0.8378378378378378,anti-toxic
VSGRFVSL,77,59,130,145,136,275,-0.8373493975903614,anti-toxic
GCYVGFII,26,23,54,61,49,115,-0.8354430379746836,anti-toxic
YSGYVFVG,33,16,57,58,49,115,-0.8354430379746836,anti-toxic
VVGSVRCI,48,37,90,91,85,181,-0.8347826086956521,anti-toxic
CGRHVNRL,51,34,87,94,85,181,-0.8347826086956521,anti-toxic
SRDGICCN,45,40,89,92,85,181,-0.8347826086956521,anti-toxic
SLVGRCGG,14,16,39,41,30,80,-0.8333333333333334,anti-toxic
NRFGVLVR,34,26,69,66,60,135,-0.8333333333333334,anti-toxic
GVGSHVFH,18,6,33,36,24,69,-0.8333333333333334,anti-toxic
FSFYCSDN,12,12,37,32,24,69,-0.8333333333333334,anti-toxic
LYYYLIFF,6,6,19,28,12,47,-0.8333333333333334,anti-toxic
IYHFYSCH,21,9,34,46,30,80,-0.8333333333333334,anti-toxic
VDVNGVDC,30,18,54,59,48,113,-0.8333333333333334,anti-toxic
SGHRVCLG,31,16,61,50,47,111,-0.8311688311688312,anti-toxic
VHRGIRRD,26,21,51,60,47,111,-0.8311688311688312,anti-toxic
ILSSNSHS,17,12,36,42,29,78,-0.8305084745762712,anti-toxic
VGGLGNRI,70,59,125,136,129,261,-0.8301886792452831,anti-toxic
FFLNYSVL,7,10,23,33,17,56,-0.8297872340425532,anti-toxic
CSIVGGGL,8,9,23,33,17,56,-0.8297872340425532,anti-toxic
SVVRGVRL,33,25,58,73,58,131,-0.8295454545454546,anti-toxic
VSCNRRHD,37,21,59,72,58,131,-0.8295454545454546,anti-toxic
CGCVGNRG,2,3,14,20,5,34,-0.8285714285714286,anti-toxic
NFGIGRLS,3,2,17,17,5,34,-0.8285714285714286,anti-toxic
IHHVHCGS,63,51,118,115,114,233,-0.8263888888888888,anti-toxic
DGVRGLVC,52,33,86,94,85,180,-0.8260869565217391,anti-toxic
NLRHDSRC,44,29,80,78,73,158,-0.8252427184466019,anti-toxic
FCVDRVNG,16,16,34,49,32,83,-0.8225806451612904,anti-toxic
IFSGRGSV,20,12,45,38,32,83,-0.8225806451612904,anti-toxic
HVSVVGIV,12,3,32,20,15,52,-0.8222222222222222,anti-toxic
GGCVHNRS,21,16,48,44,37,92,-0.8208955223880597,anti-toxic
FNILCSGV,6,3,15,26,9,41,-0.8205128205128205,anti-toxic
CSRVNHVG,86,67,149,154,153,303,-0.819672131147541,anti-toxic
HINGSLSR,50,36,85,96,86,181,-0.8189655172413793,anti-toxic
GFGGGDYY,1,2,10,20,3,30,-0.8181818181818182,anti-toxic
GIDHIVHH,38,20,62,68,58,130,-0.8181818181818182,anti-toxic
ICRLRRII,66,47,109,121,113,230,-0.8181818181818182,anti-toxic
GCGVSDVI,51,44,104,93,95,197,-0.816,anti-toxic
IVSGHSCC,6,2,20,19,8,39,-0.8157894736842105,anti-toxic
CFRINRGC,59,45,112,101,104,213,-0.8134328358208955,anti-toxic
FGDDGSRV,28,22,58,57,50,115,-0.8125,anti-toxic
NIGVLFYS,51,36,92,90,87,182,-0.811965811965812,anti-toxic
GRNVSGNV,53,44,103,97,97,200,-0.8110236220472441,anti-toxic
LIVRYYGC,4,3,21,16,7,37,-0.8108108108108109,anti-toxic
YICCYDVH,5,2,19,18,7,37,-0.8108108108108109,anti-toxic
SCIHILDF,42,28,72,79,70,151,-0.81,anti-toxic
GFRLSGRI,51,45,90,108,96,198,-0.8095238095238095,anti-toxic
VNCRRYVC,61,45,102,114,106,216,-0.8088235294117647,anti-toxic
LHVNGLVH,27,21,50,61,48,111,-0.8076923076923077,anti-toxic
VGIGCVRS,19,8,38,35,27,73,-0.8070175438596491,anti-toxic
CRVSFIRG,40,23,67,71,63,138,-0.8064516129032258,anti-toxic
YVDIYYRR,2,4,18,17,6,35,-0.8055555555555556,anti-toxic
FRFCYCCH,35,17,58,60,52,118,-0.8048780487804879,anti-toxic
VFSGGSIR,11,10,31,31,21,62,-0.803921568627451,anti-toxic
FDGVVIRG,14,7,36,26,21,62,-0.803921568627451,anti-toxic
GGGLCRRI,46,41,85,96,87,181,-0.8034188034188035,anti-toxic
FLYHVCYH,16,15,35,45,31,80,-0.8032786885245902,anti-toxic
VNGLSLSH,27,19,51,56,46,107,-0.8026315789473685,anti-toxic
NGRLDSCS,17,13,40,38,30,78,-0.8,anti-toxic
IRFDCLVH,7,3,15,27,10,42,-0.8,anti-toxic
IDNRVCRG,31,19,60,54,50,114,-0.8,anti-toxic
DGVGGGLV,48,32,81,87,80,168,-0.8,anti-toxic
SNICDVRH,34,21,58,65,55,123,-0.8,anti-toxic
LGHLRHSV,43,31,72,85,74,157,-0.7980769230769231,anti-toxic
YSVIVNGS,34,15,47,65,49,112,-0.7974683544303798,anti-toxic
DCRIISIS,16,13,30,46,29,76,-0.7966101694915254,anti-toxic
LIGFDGRG,34,24,67,61,58,128,-0.7954545454545454,anti-toxic
NYINVRRV,56,41,99,99,97,198,-0.7952755905511811,anti-toxic
VCVGRSFS,29,24,54,65,53,119,-0.7951807228915663,anti-toxic
RSFRGSHH,28,20,49,61,48,110,-0.7948717948717948,anti-toxic
GRSGNFFR,3,1,12,19,4,31,-0.7941176470588235,anti-toxic
IYVIVCNL,1,3,11,20,4,31,-0.7941176470588235,anti-toxic
VGNGFIRG,18,10,36,38,28,74,-0.7931034482758621,anti-toxic
RDRSDHIS,41,35,82,78,76,160,-0.7924528301886793,anti-toxic
CSVDGIVS,12,6,28,28,18,56,-0.7916666666666666,anti-toxic
HVRGCDHH,26,16,47,52,42,99,-0.7916666666666666,anti-toxic
IIRCSRVS,33,23,56,68,56,124,-0.7906976744186046,anti-toxic
YSHCNNIS,12,15,37,35,27,72,-0.7894736842105263,anti-toxic
CSSFSVGR,56,37,86,104,93,190,-0.7886178861788617,anti-toxic
VLGFRCRG,3,0,11,18,3,29,-0.7878787878787878,anti-toxic
RYSFRDLV,2,1,13,16,3,29,-0.7878787878787878,anti-toxic
LVFHYILS,3,0,16,13,3,29,-0.7878787878787878,anti-toxic
CFYDRNRS,67,49,111,120,116,231,-0.7876712328767124,anti-toxic
CGRHGRLV,11,6,23,31,17,54,-0.7872340425531915,anti-toxic
GVHCRIGG,37,22,74,55,59,129,-0.7865168539325843,anti-toxic
GCVGVSHC,15,11,36,34,26,70,-0.7857142857142857,anti-toxic
HNLRRFSC,36,32,76,69,68,145,-0.7857142857142857,anti-toxic
SNSNHIVC,34,20,55,65,54,120,-0.7857142857142857,anti-toxic
YDYVCFVI,9,3,21,24,12,45,-0.7857142857142857,anti-toxic
FGNDNVRG,26,23,47,64,49,111,-0.7848101265822784,anti-toxic
FCSGHNIS,26,9,37,49,35,86,-0.7846153846153846,anti-toxic
RVYGRSCS,19,16,42,44,35,86,-0.7846153846153846,anti-toxic
VNVGGYSS,19,16,45,41,35,86,-0.7846153846153846,anti-toxic
ICDHLSRV,52,43,98,95,95,193,-0.784,anti-toxic
VDDRRVLS,3,4,15,21,7,36,-0.7837837837837838,anti-toxic
INHSIYIR,50,31,75,93,81,168,-0.7837837837837838,anti-toxic
LGDVSSLF,2,5,19,17,7,36,-0.7837837837837838,anti-toxic
DGGIVVSG,52,38,97,87,90,184,-0.7833333333333333,anti-toxic
GRRFISLL,7,4,25,18,11,43,-0.7804878048780488,anti-toxic
FHRCVLCL,10,1,15,28,11,43,-0.7804878048780488,anti-toxic
YGGSRRVG,39,35,74,81,74,155,-0.7788461538461539,anti-toxic
VVGLGLGR,51,32,85,86,83,171,-0.7787610619469026,anti-toxic
YGDGNCRC,50,33,87,84,83,171,-0.7787610619469026,anti-toxic
LDNSHCRR,38,22,64,66,60,130,-0.7777777777777778,anti-toxic
DRSVGGGG,3,3,20,14,6,34,-0.7777777777777778,anti-toxic
CCYCGFVH,15,9,25,41,24,66,-0.7777777777777778,anti-toxic
GNDSIIVR,27,15,52,46,42,98,-0.7777777777777778,anti-toxic
IYGCVRHS,55,45,93,108,100,201,-0.7769230769230769,anti-toxic
CSRGDGRI,26,11,42,47,37,89,-0.7761194029850746,anti-toxic
FHIRCSSI,26,11,51,38,37,89,-0.7761194029850746,anti-toxic
SDINDFHS,65,52,113,118,117,231,-0.7755102040816326,anti-toxic
VLSGRLHV,38,21,61,67,59,128,-0.7752808988764045,anti-toxic
GDHDSDGL,32,27,66,62,59,128,-0.7752808988764045,anti-toxic
GGCISIVG,54,45,102,97,99,199,-0.7751937984496124,anti-toxic
VHRDGYCV,44,28,72,79,72,151,-0.7745098039215687,anti-toxic
FVCYYCGV,20,12,36,44,32,80,-0.7741935483870968,anti-toxic
YLSHGHRS,58,49,106,107,107,213,-0.7737226277372263,anti-toxic
VRVGVLGN,13,10,25,39,23,64,-0.7735849056603774,anti-toxic
SFRSRFRL,27,18,48,55,45,103,-0.7733333333333333,anti-toxic
VGNCVVSD,31,18,49,61,49,110,-0.7721518987341772,anti-toxic
SVGCGFVS,26,14,51,43,40,94,-0.7714285714285715,anti-toxic
SNGDDYVN,4,1,9,23,5,32,-0.7714285714285715,anti-toxic
SCFNDRGV,24,16,42,52,40,94,-0.7714285714285715,anti-toxic
IGFCNGRS,49,30,80,83,79,163,-0.7706422018348624,anti-toxic
VCNDDRNC,37,20,56,68,57,124,-0.7701149425287356,anti-toxic
CHSIRRRD,62,47,113,103,109,216,-0.7697841726618705,anti-toxic
VSLGSRIC,45,29,77,77,74,154,-0.7692307692307693,anti-toxic
SSFVSNDV,42,23,60,78,65,138,-0.7684210526315789,anti-toxic
HHSNVFLC,25,14,42,50,39,92,-0.7681159420289855,anti-toxic
YRRSVLRC,17,9,27,42,26,69,-0.7678571428571429,anti-toxic
FDDSGVNV,32,19,61,52,51,113,-0.7654320987654321,anti-toxic
VFVFVICV,15,6,24,36,21,60,-0.7647058823529411,anti-toxic
FDIHCGGD,3,1,15,15,4,30,-0.7647058823529411,anti-toxic
VSILDFYC,3,1,12,18,4,30,-0.7647058823529411,anti-toxic
ICCFCYGC,3,1,12,18,4,30,-0.7647058823529411,anti-toxic
GVSVDSDS,11,10,31,29,21,60,-0.7647058823529411,anti-toxic
DRHGIYLS,23,15,43,47,38,90,-0.7647058823529411,anti-toxic
LIRGSLRG,40,36,71,86,76,157,-0.7641509433962265,anti-toxic
FFDYVYVY,4,4,19,18,8,37,-0.7631578947368421,anti-toxic
FDDFYCII,21,25,57,47,46,104,-0.7631578947368421,anti-toxic
ICCGRGDN,6,2,17,20,8,37,-0.7631578947368421,anti-toxic
VGCVGVVS,15,14,34,40,29,74,-0.7627118644067796,anti-toxic
YNGRGRSH,45,30,71,84,75,155,-0.7619047619047619,anti-toxic
SYVDCHRS,22,19,46,49,41,95,-0.7605633802816901,anti-toxic
CGGVSRCR,43,27,71,75,70,146,-0.76,anti-toxic
GGIHRVRI,29,20,53,56,49,109,-0.759493670886076,anti-toxic
YNFYNFCL,36,17,52,64,53,116,-0.7590361445783133,anti-toxic
RGIGSCGC,37,20,58,65,57,123,-0.7586206896551724,anti-toxic
LGSRRSRV,39,26,70,67,65,137,-0.7578947368421053,anti-toxic
IVDLGGVV,44,25,64,80,69,144,-0.7575757575757576,anti-toxic
DRCVVYCS,39,30,69,75,69,144,-0.7575757575757576,anti-toxic
IGYGICGG,6,1,10,25,7,35,-0.7567567567567568,anti-toxic
HHLGVHSL,33,19,63,51,52,114,-0.7560975609756098,anti-toxic
DSGVGHVC,57,40,93,100,97,193,-0.7559055118110236,anti-toxic
DVCSVVHR,11,4,24,25,15,49,-0.7555555555555555,anti-toxic
SNNRRLLR,32,28,62,66,60,128,-0.7555555555555555,anti-toxic
VSDNIYHG,12,3,20,29,15,49,-0.7555555555555555,anti-toxic
FYYIGVVC,16,7,36,27,23,63,-0.7547169811320755,anti-toxic
RSGSGLSG,49,31,88,75,80,163,-0.7545454545454545,anti-toxic
CVSCCIYY,21,10,29,48,31,77,-0.7540983606557377,anti-toxic
NSGVFSRS,24,19,41,57,43,98,-0.7534246575342466,anti-toxic
VSLVHSRG,33,18,57,55,51,112,-0.7530864197530864,anti-toxic
DIGGCSHH,31,24,54,65,55,119,-0.7529411764705882,anti-toxic
YCVRGDHS,34,21,50,69,55,119,-0.7529411764705882,anti-toxic
YGNNIISR,46,28,76,76,74,152,-0.75,anti-toxic
NSHCVVGI,16,18,35,47,34,82,-0.75,anti-toxic
CGYIGFFR,3,3,11,22,6,33,-0.75,anti-toxic
GNHCVNVD,39,31,69,76,70,145,-0.75,anti-toxic
SSHCVNHD,72,65,132,130,137,262,-0.7485029940119761,anti-toxic
FCSGRING,31,30,70,59,61,129,-0.7472527472527473,anti-toxic
CDLRLHHV,37,20,55,67,57,122,-0.7471264367816092,anti-toxic
DGSRLLGL,25,16,51,43,41,94,-0.7464788732394366,anti-toxic
VRCCILVY,26,11,45,42,37,87,-0.746268656716418,anti-toxic
FDRSRIDS,23,10,35,45,33,80,-0.746031746031746,anti-toxic
DGIFRVCS,57,39,88,102,96,190,-0.746031746031746,anti-toxic
GRDVRRRI,21,12,35,45,33,80,-0.746031746031746,anti-toxic
NFSCRIGG,16,9,28,38,25,66,-0.7454545454545455,anti-toxic
IHDLSGSL,72,55,124,120,127,244,-0.7452229299363057,anti-toxic
LSCGRRLN,42,30,82,66,72,148,-0.7450980392156863,anti-toxic
FRLRCRHN,8,13,26,33,21,59,-0.7450980392156863,anti-toxic
GGLGVGRC,39,25,75,59,64,134,-0.7446808510638298,anti-toxic
VRDCSLGD,38,22,64,63,60,127,-0.7444444444444445,anti-toxic
DYSVRRHD,37,19,54,66,56,120,-0.7441860465116279,anti-toxic
GNVSHYIS,29,23,54,59,52,113,-0.7439024390243902,anti-toxic
CLNGRLVR,2,3,15,16,5,31,-0.7428571428571429,anti-toxic
VCDGVNVD,29,11,49,43,40,92,-0.7428571428571429,anti-toxic
HSRCGHGG,22,18,40,52,40,92,-0.7428571428571429,anti-toxic
LNDGLICS,79,62,138,130,141,268,-0.7426900584795322,anti-toxic
RHVNHIII,38,33,66,80,71,146,-0.7425742574257426,anti-toxic
HRSIVVGN,76,57,118,136,133,254,-0.7423312883435583,anti-toxic
YHNCLYDV,1,0,8,16,1,24,-0.7419354838709677,anti-toxic
LRGRVRID,1,0,9,15,1,24,-0.7419354838709677,anti-toxic
FGLCYVRV,1,0,11,13,1,24,-0.7419354838709677,anti-toxic
DSLSIRSL,38,25,59,73,63,132,-0.7419354838709677,anti-toxic
FGVSHSGV,41,22,62,70,63,132,-0.7419354838709677,anti-toxic
NGRRHCLV,32,19,57,54,51,111,-0.7407407407407407,anti-toxic
DFDCGGNV,71,61,120,132,132,252,-0.7407407407407407,anti-toxic
FGNGRIGV,30,17,51,53,47,104,-0.7402597402597403,anti-toxic
RVCGDGVV,38,32,81,63,70,144,-0.74,anti-toxic
GCGVDRRC,35,31,67,70,66,137,-0.7395833333333334,anti-toxic
GRVHGFRC,26,13,44,46,39,90,-0.7391304347826086,anti-toxic
CGDDIGNV,33,29,62,68,62,130,-0.7391304347826086,anti-toxic
GSFVRLVH,39,23,58,72,62,130,-0.7391304347826086,anti-toxic
FRNCGIRV,36,18,53,63,54,116,-0.7380952380952381,anti-toxic
CGNGGVGC,19,8,32,37,27,69,-0.7368421052631579,anti-toxic
GNVFRVSV,32,14,48,54,46,102,-0.7368421052631579,anti-toxic
RVCHNGRL,45,31,76,78,76,154,-0.7358490566037735,anti-toxic
RHDHCDSH,25,13,42,46,38,88,-0.7352941176470589,anti-toxic
FDYFDYGI,1,3,12,17,4,29,-0.7352941176470589,anti-toxic
DGHCSVDC,45,42,86,87,87,173,-0.7350427350427351,anti-toxic
RGCLGRGV,35,18,66,48,53,114,-0.7349397590361446,anti-toxic
RSSGSICN,21,9,34,40,30,74,-0.7333333333333333,anti-toxic
CRCFCSYN,11,4,20,28,15,48,-0.7333333333333333,anti-toxic
LRHRGCYF,7,4,20,21,11,41,-0.7317073170731707,anti-toxic
RSGCISGC,48,30,73,84,78,157,-0.7314814814814815,anti-toxic
CGNGYIRG,28,20,51,54,48,105,-0.7307692307692307,anti-toxic
GCFGLHFR,5,2,17,17,7,34,-0.7297297297297297,anti-toxic
CRGNVRNC,4,3,18,16,7,34,-0.7297297297297297,anti-toxic
IHHHSCLV,11,7,26,27,18,53,-0.7291666666666666,anti-toxic
LCGRVVSL,14,4,26,27,18,53,-0.7291666666666666,anti-toxic
FVINGLSN,17,12,43,29,29,72,-0.7288135593220338,anti-toxic
DLDCSSGH,36,26,64,65,62,129,-0.7282608695652174,anti-toxic
HRDGRVGS,2,1,13,14,3,27,-0.7272727272727273,anti-toxic
RDVSGILG,44,25,62,79,69,141,-0.7272727272727273,anti-toxic
SGLNCGRD,19,6,38,27,25,65,-0.7272727272727273,anti-toxic
VCFDLIVI,2,1,6,21,3,27,-0.7272727272727273,anti-toxic
FNSRLFRC,25,7,37,40,32,77,-0.7258064516129032,anti-toxic
DVGNRCSC,39,22,54,73,61,127,-0.7252747252747253,anti-toxic
RDSIVGNI,31,19,55,53,50,108,-0.725,anti-toxic
GSSLGSNV,47,35,88,75,82,163,-0.7232142857142857,anti-toxic
DCGSVSGD,58,42,97,97,100,194,-0.7230769230769231,anti-toxic
GLISSSSI,77,59,132,124,136,256,-0.7228915662650602,anti-toxic
VSSLDVNL,12,12,30,33,24,63,-0.7222222222222222,anti-toxic
VFIVSRSC,14,10,31,32,24,63,-0.7222222222222222,anti-toxic
RGVCGVDG,39,28,73,64,67,137,-0.7216494845360825,anti-toxic
RDSCGVRL,34,22,60,58,56,118,-0.7209302325581395,anti-toxic
HHGNCNDS,50,31,79,82,81,161,-0.7207207207207207,anti-toxic
GGFSCIRH,13,7,28,28,20,56,-0.72,anti-toxic
HGCGRIFH,32,13,44,55,45,99,-0.72,anti-toxic
SYCSGDSV,20,7,29,39,27,68,-0.7192982456140351,anti-toxic
LCVNFFGI,17,10,34,34,27,68,-0.7192982456140351,anti-toxic
HFCFRRIC,22,12,42,38,34,80,-0.71875,anti-toxic
FVFGHIVV,2,0,9,16,2,25,-0.71875,anti-toxic
HVRGGNNC,27,14,44,48,41,92,-0.7183098591549296,anti-toxic
HGNCDSRD,7,2,17,20,9,37,-0.717948717948718,anti-toxic
SFISNGSL,33,22,56,60,55,116,-0.7176470588235294,anti-toxic
SFSVSVSH,19,4,28,33,23,61,-0.71698113207547165,anti-toxic
VCDGGVGS,42,23,62,71,65,133,-0.7157894736842105,anti-toxic
DSYRININ,31,23,55,59,54,114,-0.7142857142857143,anti-toxic
DVSHGRNH,40,21,61,65,61,126,-0.7142857142857143,anti-toxic
VGIRVFGV,27,34,58,68,61,126,-0.7142857142857143,anti-toxic
VCCCYGSS,7,5,20,22,12,42,-0.7142857142857143,anti-toxic
DDCGGVRL,44,27,76,67,71,143,-0.7128712871287128,anti-toxic
SVRGSDCV,37,34,71,72,71,143,-0.7128712871287128,anti-toxic
GGSGILCS,36,21,57,62,57,119,-0.7126436781609196,anti-toxic
LNDGNNSI,32,18,54,53,50,107,-0.7125,anti-toxic
SYGDRNCR,32,18,49,58,50,107,-0.7125,anti-toxic
VDRIIRCG,27,9,41,42,36,83,-0.7121212121212122,anti-toxic
HVCGSNCD,21,8,37,34,29,71,-0.711864406779661,anti-toxic
VRFRFVRG,12,17,32,39,29,71,-0.711864406779661,anti-toxic
LGRRCLDS,21,8,39,32,29,71,-0.711864406779661,anti-toxic
CCVLHVVV,16,6,30,29,22,59,-0.7115384615384616,anti-toxic
NHRCSRVV,36,17,54,58,53,112,-0.7108433734939759,anti-toxic
VVCHHVYG,3,5,9,26,8,35,-0.7105263157894737,anti-toxic
VNCGINRS,5,3,11,24,8,35,-0.7105263157894737,anti-toxic
FFVISCVS,6,2,15,20,8,35,-0.7105263157894737,anti-toxic
HCGRIGRN,47,30,71,82,77,153,-0.7102803738317757,anti-toxic
VDDLGNSH,25,14,42,46,39,88,-0.7101449275362319,anti-toxic
FRRSSVRV,23,16,38,50,39,88,-0.7101449275362319,anti-toxic
RSGSSGRG,36,34,70,71,70,141,-0.71,anti-toxic
IFVSSYRL,1,0,11,12,1,23,-0.7096774193548387,anti-toxic
SCGDVSLN,30,26,55,62,56,117,-0.7093023255813954,anti-toxic
HNDCVSRS,28,21,44,61,49,105,-0.7088607594936709,anti-toxic
SFVNDIFD,85,67,142,139,152,281,-0.7087912087912088,anti-toxic
SCHVGSCD,88,74,141,157,162,298,-0.7083333333333334,anti-toxic
VYVDRHDD,37,22,54,68,59,122,-0.7078651685393258,anti-toxic
CIGGVRHI,21,14,37,44,35,81,-0.7076923076923077,anti-toxic
GFVDGRRV,44,25,63,76,69,139,-0.7070707070707071,anti-toxic
DGYGRRNH,24,21,52,46,45,98,-0.7066666666666667,anti-toxic
DCSVNCDN,64,49,100,114,113,214,-0.7062937062937062,anti-toxic
CHRGLGSL,37,35,80,64,72,144,-0.7058823529411765,anti-toxic
NGYVRFVG,21,17,45,41,38,86,-0.7058823529411765,anti-toxic
VIGSVVGV,15,6,27,30,21,57,-0.7058823529411765,anti-toxic
ICLFLDYF,2,2,17,11,4,28,-0.7058823529411765,anti-toxic
CLFSLRFD,4,0,17,11,4,28,-0.7058823529411765,anti-toxic
RIVNCRGV,18,13,28,46,31,74,-0.7049180327868853,anti-toxic
FCLYCLFC,8,6,20,25,14,45,-0.7045454545454546,anti-toxic
FCYYGFLR,32,26,57,63,58,120,-0.7045454545454546,anti-toxic
IHHDSSHD,48,30,77,77,78,154,-0.7037037037037037,anti-toxic
FNFVLVFF,35,16,61,47,51,108,-0.7037037037037037,anti-toxic
GFDRGISV,37,27,64,66,64,130,-0.7021276595744681,anti-toxic
SFNSRYVG,18,9,31,36,27,67,-0.7017543859649122,anti-toxic
VCHSRFRN,17,10,41,26,27,67,-0.7017543859649122,anti-toxic
SNRDVRIH,33,27,60,63,60,123,-0.7,anti-toxic
RHNRICGC,33,17,58,48,50,106,-0.7,anti-toxic
IGHNRICN,29,21,52,54,50,106,-0.7,anti-toxic
RCVRHICN,23,17,39,50,40,89,-0.7,anti-toxic
YCNICGLL,7,3,16,22,10,38,-0.7,anti-toxic
ICVSSDGV,51,32,79,83,83,162,-0.6991150442477876,anti-toxic
GCDVNHVC,50,33,84,78,83,162,-0.6991150442477876,anti-toxic
VSRCGSSG,35,18,46,65,53,111,-0.6987951807228916,anti-toxic
CNVCFVDL,24,9,32,45,33,77,-0.6984126984126984,anti-toxic
YRRCDSRS,14,9,34,26,23,60,-0.6981132075471698,anti-toxic
VRDVSLYV,45,31,70,80,76,150,-0.6981132075471698,anti-toxic
CGLCLLSH,8,5,16,27,13,43,-0.6976744186046512,anti-toxic
VHRNVCSF,36,20,57,59,56,116,-0.6976744186046512,anti-toxic
RFCIGLNH,32,14,47,52,46,99,-0.6973684210526315,anti-toxic
HNSCRIHG,49,30,73,82,79,155,-0.6972477064220184,anti-toxic
GFVRRHRG,45,34,71,84,79,155,-0.6972477064220184,anti-toxic
DRDNVGSI,1,2,15,11,3,26,-0.696969696969697,anti-toxic
FLSIHYCI,2,1,13,13,3,26,-0.696969696969697,anti-toxic
RVNVCHRC,44,25,68,70,69,138,-0.696969696969697,anti-toxic
CDVSNSSV,38,21,51,70,59,121,-0.6966292134831461,anti-toxic
VRGFGSNC,43,29,73,70,72,143,-0.696078431372549,anti-toxic
SYNSHIGR,31,41,65,78,72,143,-0.696078431372549,anti-toxic
RLRCNVRH,12,4,21,27,16,48,-0.6956521739130435,anti-toxic
HNSGDIVG,38,24,54,72,62,126,-0.6956521739130435,anti-toxic
CVLRFDFH,6,10,23,25,16,48,-0.6956521739130435,anti-toxic
CVRDRHIR,52,36,88,82,88,170,-0.6949152542372882,anti-toxic
GGFICRCG,4,2,18,13,6,31,-0.6944444444444444,anti-toxic
VVDNVVRG,30,12,42,50,42,92,-0.6944444444444444,anti-toxic
GSFCRVRG,22,10,38,37,32,75,-0.6935483870967742,anti-toxic
IGCFNHSS,56,38,84,96,94,180,-0.6935483870967742,anti-toxic
LCVRVSGS,16,6,29,29,22,58,-0.6923076923076923,anti-toxic
GCGRDFRG,31,17,55,47,48,102,-0.6923076923076923,anti-toxic
RRFVFGNC,15,7,28,30,22,58,-0.6923076923076923,anti-toxic
DGGFRDGS,44,30,70,76,74,146,-0.6923076923076923,anti-toxic
FGILGFHL,4,5,21,15,9,36,-0.6923076923076923,anti-toxic
CRVRRCNG,38,29,68,66,67,134,-0.6907216494845361,anti-toxic
GLVCCLRG,8,4,21,20,12,41,-0.6904761904761905,anti-toxic
DNCVRCID,28,26,51,61,54,112,-0.6904761904761905,anti-toxic
DRVLRVRH,36,18,61,51,54,112,-0.6904761904761905,anti-toxic
VDRIFRRG,49,34,80,81,83,161,-0.6902654867256637,anti-toxic
FHGVGNRC,19,9,34,34,28,68,-0.6896551724137931,anti-toxic
VSNVVIGG,46,27,70,74,73,144,-0.6893203883495146,anti-toxic
RHCFVHHI,17,14,38,35,31,73,-0.6885245901639344,anti-toxic
SDGLCNHC,24,23,46,54,47,100,-0.6883116883116883,anti-toxic
VSGVGGGC,12,6,25,26,18,51,-0.6875,anti-toxic
DCLVHRSV,64,50,102,111,114,213,-0.6875,anti-toxic
IFSGVSVR,0,2,10,14,2,24,-0.6875,anti-toxic
SFNRVVHV,20,14,37,41,34,78,-0.6875,anti-toxic
FLVCFSNF,27,26,59,51,53,110,-0.6867469879518072,anti-toxic
DHRYVVSR,25,15,50,38,40,88,-0.6857142857142857,anti-toxic
NCNVSVGV,41,34,78,69,75,147,-0.6857142857142857,anti-toxic
SDVSVRCG,83,68,128,147,151,275,-0.6850828729281768,anti-toxic
ISDVDGGH,57,40,95,89,97,184,-0.6850393700787402,anti-toxic
VSSGNGLI,57,40,87,97,97,184,-0.6850393700787402,anti-toxic
GDVINSDC,32,30,56,69,62,125,-0.6847826086956522,anti-toxic
RSVSCNIR,2,6,21,13,8,34,-0.6842105263157895,anti-toxic
RGLCNGSL,17,10,35,31,27,66,-0.6842105263157895,anti-toxic
SDSHINVD,18,9,26,40,27,66,-0.6842105263157895,anti-toxic
YGVSSCSR,28,21,43,60,49,103,-0.6835443037974683,anti-toxic
VHCSHIRS,6,5,18,21,11,39,-0.6829268292682927,anti-toxic
CVGDSCRI,17,16,33,43,33,76,-0.6825396825396826,anti-toxic
HCGDRVYS,36,19,61,52,55,113,-0.6823529411764706,anti-toxic
GDIISRVI,27,28,48,65,55,113,-0.6823529411764706,anti-toxic
HNRCVNVH,36,19,61,52,55,113,-0.6823529411764706,anti-toxic
CVDSDVCC,66,55,110,114,121,224,-0.6821192052980133,anti-toxic
YRHHRVSS,60,45,93,104,105,197,-0.6814814814814815,anti-toxic
RIGRCYIV,29,10,40,46,39,86,-0.6811594202898551,anti-toxic
SGHVDINR,75,61,122,127,136,249,-0.6807228915662651,anti-toxic
SYNVHSRS,23,19,38,53,42,91,-0.6805555555555556,anti-toxic
CLSLLYGF,15,5,29,25,20,54,-0.68,anti-toxic
DRLCVIGV,29,16,52,44,45,96,-0.68,anti-toxic
DRYDRIHS,46,27,67,76,73,143,-0.6796116504854369,anti-toxic
SNGGSCGV,44,32,72,76,76,148,-0.6792452830188679,anti-toxic
CGDGLSRI,45,31,68,80,76,148,-0.6792452830188679,anti-toxic
GGSVDCCD,31,23,50,61,54,111,-0.6785714285714286,anti-toxic
FNVVNRVV,33,27,55,66,60,121,-0.6777777777777778,anti-toxic
CGNFCDVL,1,0,9,13,1,22,-0.6774193548387096,anti-toxic
FFVCLGGF,19,13,28,46,32,74,-0.6774193548387096,anti-toxic
HIGLYDGF,0,1,11,11,1,22,-0.6774193548387096,anti-toxic
IVCSRRVL,19,13,34,40,32,74,-0.6774193548387096,anti-toxic
CFRGHGVV,23,12,42,37,35,79,-0.676923076923077,anti-toxic
IDCSLIRG,21,14,41,38,35,79,-0.676923076923077,anti-toxic
GSHRVSLG,44,31,78,68,75,146,-0.6761904761904762,anti-toxic
RCSLRGRL,38,37,67,79,75,146,-0.6761904761904762,anti-toxic
GDFCGISS,53,34,78,88,87,166,-0.6752136752136753,anti-toxic
LCRVRGHH,50,37,77,89,87,166,-0.6752136752136753,anti-toxic
FCRCGFRH,2,8,13,24,10,37,-0.675,anti-toxic
CNFGFCVF,7,3,21,16,10,37,-0.675,anti-toxic
GIDHNGVI,50,40,90,81,90,171,-0.675,anti-toxic
DVCGVRHV,10,3,22,20,13,42,-0.6744186046511628,anti-toxic
LDCVSNRG,8,5,24,18,13,42,-0.6744186046511628,anti-toxic
RFVSSNLN,39,26,64,65,65,129,-0.6736842105263158,anti-toxic
IGFHRYSC,43,31,74,70,74,144,-0.6730769230769231,anti-toxic
GLGHRCGC,50,33,77,82,83,159,-0.672566371681416,anti-toxic
CHHIRNDS,18,10,32,35,28,67,-0.6724137931034483,anti-toxic
SILGGISN,20,8,28,39,28,67,-0.6724137931034483,anti-toxic
GDRDDDID,25,15,39,48,40,87,-0.6714285714285714,anti-toxic
DCCLSSRG,37,18,50,62,55,112,-0.6705882352941176,anti-toxic
ISVRHSNV,37,21,50,67,58,117,-0.6704545454545454,anti-toxic
GDSHHVGS,37,27,61,66,64,127,-0.6702127659574468,anti-toxic
CHRRGNRV,38,26,69,58,64,127,-0.6702127659574468,anti-toxic
LICRVRNC,38,32,76,61,70,137,-0.67,anti-toxic
HFDSVNCS,43,30,70,72,73,142,-0.6699029126213593,anti-toxic
RYHIVNNS,85,66,143,129,151,272,-0.6685082872928176,anti-toxic
LGYDVRRS,6,0,16,14,6,30,-0.6666666666666666,anti-toxic
DGVNNLCH,19,11,34,36,30,70,-0.6666666666666666,anti-toxic
RSVGRNRG,14,10,30,30,24,60,-0.6666666666666666,anti-toxic
FRRNCGRY,2,7,16,19,9,35,-0.6666666666666666,anti-toxic
SFHIGGRC,27,12,41,44,39,85,-0.6666666666666666,anti-toxic
GVHCRGVL,27,21,44,56,48,100,-0.6666666666666666,anti-toxic
RDVGCGDC,20,10,29,41,30,70,-0.6666666666666666,anti-toxic
FIFDIFGR,4,2,14,16,6,30,-0.6666666666666666,anti-toxic
CCGHSSRG,46,29,64,81,75,145,-0.6666666666666666,anti-toxic
YRSYCHVV,27,21,59,41,48,100,-0.6666666666666666,anti-toxic
GSYFRSRV,30,18,50,50,48,100,-0.6666666666666666,anti-toxic
DNGIRVIV,57,38,90,88,95,178,-0.664,anti-toxic
DHVRNHRG,42,29,60,78,71,138,-0.6633663366336634,anti-toxic
CVGGSDGR,43,28,65,73,71,138,-0.6633663366336634,anti-toxic
DNIRVCSS,37,22,56,62,59,118,-0.6629213483146067,anti-toxic
DVVDNLRG,34,16,50,53,50,103,-0.6625,anti-toxic
FVHGGSLS,31,13,49,44,44,93,-0.6621621621621622,anti-toxic
DRCVRRFH,28,16,46,47,44,93,-0.6621621621621622,anti-toxic
NYVNSVGS,55,54,107,94,109,201,-0.6618705035971223,anti-toxic
IRVLGLGS,23,9,34,39,32,73,-0.6612903225806451,anti-toxic
CDVSCVRS,24,8,35,38,32,73,-0.6612903225806451,anti-toxic
SCCDGCGD,17,9,24,39,26,63,-0.6607142857142857,anti-toxic
ICVRNIVG,46,33,77,74,79,151,-0.6605504587155964,anti-toxic
FIYSNYVV,15,5,25,28,20,53,-0.66,anti-toxic
RLGSFCSR,9,8,20,28,17,48,-0.6595744680851063,anti-toxic
FRYVCFVF,7,4,25,13,11,38,-0.6585365853658537,anti-toxic
HFNRSGRG,5,6,12,26,11,38,-0.6585365853658537,anti-toxic
CCVGCVHC,9,2,14,24,11,38,-0.6585365853658537,anti-toxic
VYIRCGRS,47,43,89,80,90,169,-0.6583333333333333,anti-toxic
HRRHHVFC,29,17,44,52,46,96,-0.6578947368421053,anti-toxic
CRRRVLCH,26,20,41,55,46,96,-0.6578947368421053,anti-toxic
FYHIDLHL,5,3,14,19,8,33,-0.6578947368421053,anti-toxic
IHVRGIRH,58,43,87,100,101,187,-0.6564885496183206,anti-toxic
ICGVSGRL,1,1,11,12,2,23,-0.65625,anti-toxic
GFGNYFVV,1,1,13,10,2,23,-0.65625,anti-toxic
HRRIVSVN,58,57,98,112,115,210,-0.6551724137931034,anti-toxic
GDSHLSCV,19,9,34,32,28,66,-0.6551724137931034,anti-toxic
VGRVVLGN,48,35,83,74,83,157,-0.6548672566371682,anti-toxic
VYIIGFGG,30,21,47,57,51,104,-0.654320987654321,anti-toxic
CSGCDLDD,41,36,74,73,77,147,-0.6542056074766355,anti-toxic
GCSFVGSH,60,43,86,104,103,190,-0.6541353383458647,anti-toxic
IRCGNNCS,27,21,50,49,48,99,-0.6538461538461539,anti-toxic
SRIGSFIV,40,31,70,67,71,137,-0.6534653465346535,anti-toxic
RDVGNVNL,41,30,62,75,71,137,-0.6534653465346535,anti-toxic
VGHVCRVI,65,46,94,109,111,203,-0.6524822695035462,anti-toxic
FCGSVSNG,25,14,45,39,39,84,-0.6521739130434783,anti-toxic
SFGDGIIR,11,5,23,23,16,46,-0.6521739130434783,anti-toxic
CHIRGDRC,44,32,72,73,76,145,-0.6509433962264151,anti-toxic
FSHVRCGV,32,21,50,57,53,107,-0.6506024096385542,anti-toxic
GNCHVGRD,48,42,79,89,90,168,-0.65,anti-toxic
SCGSGSGC,4,6,19,17,10,36,-0.65,anti-toxic
LCVRGDSR,53,34,81,82,87,163,-0.6495726495726496,anti-toxic
IHVIGDHC,39,25,54,71,64,125,-0.648936170212766,anti-toxic
RGGRGGNG,25,19,41,51,44,92,-0.6486486486486487,anti-toxic
GCFDGDRR,21,23,44,48,44,92,-0.6486486486486487,anti-toxic
YVVNRRIG,33,28,58,62,61,120,-0.6483516483516484,anti-toxic
VSGGDNHL,28,13,45,42,41,87,-0.647887323943662,anti-toxic
VGRCRVRI,28,13,41,46,41,87,-0.647887323943662,anti-toxic
SDSVCNIR,10,11,24,30,21,54,-0.6470588235294118,anti-toxic
FSHCRCFF,3,1,6,20,4,26,-0.6470588235294118,anti-toxic
CCYNHFGV,3,1,13,13,4,26,-0.6470588235294118,anti-toxic
CVHHVRSC,14,7,26,28,21,54,-0.6470588235294118,anti-toxic
DCDVGGNI,53,36,82,84,89,166,-0.6470588235294118,anti-toxic
LSDSLISS,23,15,37,45,38,82,-0.6470588235294118,anti-toxic
HHVHVHVV,14,7,26,28,21,54,-0.6470588235294118,anti-toxic
RFCCDISS,25,13,34,48,38,82,-0.6470588235294118,anti-toxic
SFLGCDVC,41,28,75,58,69,133,-0.6464646464646465,anti-toxic
CVLRGIRR,11,7,22,27,18,49,-0.6458333333333334,anti-toxic
VLSNILGS,27,19,46,49,46,95,-0.6447368421052632,anti-toxic
RCVYDNIS,46,28,80,61,74,141,-0.6442307692307693,anti-toxic
VVSLLCRG,19,10,32,35,29,67,-0.6440677966101694,anti-toxic
VRFCGNRL,90,71,135,149,161,284,-0.643979057591623,anti-toxic
FDVVVGRS,31,12,40,50,43,90,-0.6438356164383562,anti-toxic
CGDDCRVN,57,42,94,88,99,182,-0.6434108527131783,anti-toxic
CNRRDSSC,25,15,48,37,40,85,-0.6428571428571429,anti-toxic
NHSGLRVC,33,18,52,51,51,103,-0.6419753086419753,anti-toxic
VVVSGGLN,44,29,68,71,73,139,-0.6407766990291263,anti-toxic
VCGVRSNV,21,13,34,41,34,75,-0.640625,anti-toxic
HLDVRCVR,36,23,61,55,59,116,-0.6404494382022472,anti-toxic
CLCCISLY,29,27,63,48,56,111,-0.6395348837209303,anti-toxic
SIGGVCCG,54,38,86,84,92,170,-0.639344262295082,anti-toxic
VCVSSSSC,60,43,100,88,103,188,-0.6390977443609023,anti-toxic
GGGDVLVC,24,18,40,48,42,88,-0.6388888888888888,anti-toxic
VVGRRCSC,40,35,68,74,75,142,-0.638095238095238,anti-toxic
GSRRDSNH,51,35,76,84,86,160,-0.6379310344827587,anti-toxic
CRGGSSRC,57,40,88,90,97,178,-0.6377952755905512,anti-toxic
SVIGSCDH,59,43,85,101,102,186,-0.6363636363636364,anti-toxic
RCHIYVRS,45,35,77,73,80,150,-0.6363636363636364,anti-toxic
NFFHYFVD,2,1,13,11,3,24,-0.6363636363636364,anti-toxic
IICISDGI,1,2,10,14,3,24,-0.6363636363636364,anti-toxic
HHIDYFGI,2,1,9,15,3,24,-0.6363636363636364,anti-toxic
VFIYDCLR,1,2,7,17,3,24,-0.6363636363636364,anti-toxic
RDRVYRSS,23,13,33,45,36,78,-0.6363636363636364,anti-toxic
GISIGSGH,26,21,48,48,47,96,-0.6363636363636364,anti-toxic
DHDVGRRF,59,51,106,93,110,199,-0.6357142857142857,anti-toxic
VCSGIGGI,53,35,75,88,88,163,-0.635593220338983,anti-toxic
SHCVHIVH,40,26,63,64,66,127,-0.6354166666666666,anti-toxic
RNFFRCVR,36,19,51,58,55,109,-0.6352941176470588,anti-toxic
GHRVLNIV,94,76,150,147,170,297,-0.635,anti-toxic
DRGVSYRG,11,11,32,23,22,55,-0.6346153846153846,anti-toxic
LCGSNCVS,64,51,96,111,115,207,-0.6344827586206897,anti-toxic
SGDGRGNN,61,43,97,92,104,189,-0.6343283582089553,anti-toxic
YYDSGNRI,7,4,17,20,11,37,-0.6341463414634146,anti-toxic
NYRSGNVS,7,4,16,21,11,37,-0.6341463414634146,anti-toxic
DYDCNRIG,37,23,54,63,60,117,-0.6333333333333333,anti-toxic
SSGSCGRL,63,46,101,96,109,197,-0.6330935251798561,anti-toxic
CVSNRCHH,30,19,47,52,49,99,-0.6329113924050633,anti-toxic
FVRHYNRG,55,43,84,95,98,179,-0.6328125,anti-toxic
SDRCCGRI,13,6,32,18,19,50,-0.6326530612244898,anti-toxic
RDRNSSID,37,31,68,62,68,130,-0.6326530612244898,anti-toxic
HVRFDGRC,38,30,60,70,68,130,-0.6326530612244898,anti-toxic
FFYNVGCS,3,5,15,17,8,32,-0.631578947368421,anti-toxic
GSRIHSVL,4,4,15,17,8,32,-0.631578947368421,anti-toxic
FGDRIGRG,30,24,45,62,54,107,-0.6309523809523809,anti-toxic
CVGVNSVL,63,53,107,101,116,208,-0.6301369863013698,anti-toxic
LVNGDSRG,57,40,83,94,97,177,-0.6299212598425197,anti-toxic
FCGGVSSV,29,22,48,54,51,102,-0.6296296296296297,anti-toxic
FNCIVLGS,36,23,56,59,59,115,-0.6292134831460674,anti-toxic
FYGRGVRV,30,18,40,57,48,97,-0.6282051282051282,anti-toxic
RFCYYCCC,7,6,18,22,13,40,-0.627906976744186,anti-toxic
CYSSHCRS,7,6,20,20,13,40,-0.627906976744186,anti-toxic
IHHNGRSV,35,21,55,55,56,110,-0.627906976744186,anti-toxic
VSVGSDVV,16,5,23,30,21,53,-0.6274509803921569,anti-toxic
NDDVSCVR,54,50,85,103,104,188,-0.6268656716417911,anti-toxic
CYCFVVVC,24,13,35,44,37,79,-0.6268656716417911,anti-toxic
SDRYRRYC,24,21,49,43,45,92,-0.6266666666666667,anti-toxic
VVGCVNGG,44,30,75,64,74,139,-0.625,anti-toxic
DVIRGYSH,9,1,13,22,10,35,-0.625,anti-toxic
GIGHGNCS,29,21,51,49,50,100,-0.625,anti-toxic
RGFIRIGV,38,20,59,54,58,113,-0.625,anti-toxic
SGSFVRVG,20,14,33,41,34,74,-0.625,anti-toxic
FHHRSSDG,2,0,9,13,2,22,-0.625,anti-toxic
VCGIDSVR,53,34,76,84,87,160,-0.6239316239316239,anti-toxic
IRYGSCRG,25,6,38,31,31,69,-0.6229508196721312,anti-toxic
DSLNCGGI,58,55,101,101,113,202,-0.6223776223776224,anti-toxic
SCGVSGRL,38,22,56,60,60,116,-0.6222222222222222,anti-toxic
VCIDRDHH,17,19,32,45,36,77,-0.6212121212121212,anti-toxic
IRGCNYGS,65,58,103,115,123,218,-0.6209150326797386,anti-toxic
DLVSRRLD,36,21,49,62,57,111,-0.6206896551724138,anti-toxic
DYIRSRLH,13,15,28,36,28,64,-0.6206896551724138,anti-toxic
SIGIGFGN,15,13,24,40,28,64,-0.6206896551724138,anti-toxic
RSSNVIGL,36,21,47,64,57,111,-0.6206896551724138,anti-toxic
HILCRHHS,28,29,54,57,57,111,-0.6206896551724138,anti-toxic
DNILILRS,14,14,33,31,28,64,-0.6206896551724138,anti-toxic
SGFDRSHV,26,23,52,46,49,98,-0.620253164556962,anti-toxic
FCLNRSRG,25,16,38,47,41,85,-0.6197183098591549,anti-toxic
GGIGVRGL,27,14,40,45,41,85,-0.6197183098591549,anti-toxic
CSGSDSVL,26,15,41,44,41,85,-0.6197183098591549,anti-toxic
GIGSIRNV,68,49,105,103,117,208,-0.6190476190476191,anti-toxic
VCGLGLRG,89,70,142,134,159,276,-0.6190476190476191,anti-toxic
VRGCRNGI,40,27,68,59,67,127,-0.6185567010309279,anti-toxic
SNGSDVHL,40,27,59,68,67,127,-0.6185567010309279,anti-toxic
IICDCGYC,3,1,12,13,4,25,-0.6176470588235294,anti-toxic
SICYNFRY,1,3,12,13,4,25,-0.6176470588235294,anti-toxic
HCYGGHGN,2,2,13,12,4,25,-0.6176470588235294,anti-toxic
SSRVCRDL,11,6,20,26,17,46,-0.6170212765957447,anti-toxic
SHLSDIVV,33,31,65,57,64,122,-0.6170212765957447,anti-toxic
DGCVIVIC,10,7,19,27,17,46,-0.6170212765957447,anti-toxic
SSNCHGIS,69,55,107,112,124,219,-0.6168831168831169,anti-toxic
RDGLGSVL,54,36,77,87,90,164,-0.6166666666666667,anti-toxic
VVVGRRNC,51,39,78,86,90,164,-0.6166666666666667,anti-toxic
FNGFVFGC,31,25,47,62,56,109,-0.6162790697674418,anti-toxic
SRRGLDSV,52,35,74,85,87,159,-0.6153846153846154,anti-toxic
LCDNRIRD,23,12,38,37,35,75,-0.6153846153846154,anti-toxic
LGCSGDDC,20,15,40,35,35,75,-0.6153846153846154,anti-toxic
VVCRGVDS,20,15,34,41,35,75,-0.6153846153846154,anti-toxic
VCRDVDHL,15,20,40,35,35,75,-0.6153846153846154,anti-toxic
VCIVSGRH,51,41,82,85,92,167,-0.6147540983606558,anti-toxic
LVHSSVGL,22,18,48,35,40,83,-0.6142857142857143,anti-toxic
VSHCHDSR,26,14,41,42,40,83,-0.6142857142857143,anti-toxic
GHGVGGGD,30,28,57,55,58,112,-0.6136363636363636,anti-toxic
GRCGVVSI,6,8,19,22,14,41,-0.6136363636363636,anti-toxic
NVDDVCVS,38,20,49,63,58,112,-0.6136363636363636,anti-toxic
LYFCGRHI,1,0,8,12,1,20,-0.6129032258064516,anti-toxic
GGNHCSGV,41,22,57,63,63,120,-0.6129032258064516,anti-toxic
NYDCSSGS,33,17,45,54,50,99,-0.6125,anti-toxic
FGGRHVVC,32,18,40,59,50,99,-0.6125,anti-toxic
YCFIIFCL,16,3,20,29,19,49,-0.6122448979591837,anti-toxic
GHYVSSSV,42,26,66,62,68,128,-0.6122448979591837,anti-toxic
IFRNILIS,18,6,24,33,24,57,-0.6111111111111112,anti-toxic
SNVCCGGG,2,4,8,20,6,28,-0.6111111111111112,anti-toxic
VLNVGVHL,28,14,39,47,42,86,-0.6111111111111112,anti-toxic
DRVRVHVV,12,12,33,24,24,57,-0.6111111111111112,anti-toxic
FRHGVRSH,27,20,47,47,47,94,-0.6103896103896104,anti-toxic
FGNRFGRC,52,36,81,79,88,160,-0.6101694915254238,anti-toxic
CHDNGFRG,44,26,57,74,70,131,-0.61,anti-toxic
RGHDCHCS,38,32,62,69,70,131,-0.61,anti-toxic
IIGCRIVG,33,19,51,51,52,102,-0.6097560975609756,anti-toxic
CFSNRRGD,34,18,46,56,52,102,-0.6097560975609756,anti-toxic
FHNRCGNI,5,6,18,18,11,36,-0.6097560975609756,anti-toxic
GFDGSGRV,45,30,66,73,75,139,-0.6095238095238096,anti-toxic
SRRVIVGC,18,16,36,37,34,73,-0.609375,anti-toxic
VVSRGYRC,35,22,47,63,57,110,-0.6091954022988506,anti-toxic
NSSCDNLC,18,21,45,36,39,81,-0.6086956521739131,anti-toxic
SRSYLHCC,39,28,62,64,67,126,-0.6082474226804123,anti-toxic
DGSRLFCI,28,16,38,51,44,89,-0.6081081081081081,anti-toxic
VNCISNCG,41,31,62,72,72,134,-0.6078431372549019,anti-toxic
RLDVGIRD,44,33,78,64,77,142,-0.6074766355140186,anti-toxic
DRCDLSCG,43,34,70,72,77,142,-0.6074766355140186,anti-toxic
RIGVNGRL,18,8,28,32,26,60,-0.6071428571428571,anti-toxic
RVNRGHVV,40,29,61,68,69,129,-0.6060606060606061,anti-toxic
YGGGRCCY,2,1,11,12,3,23,-0.6060606060606061,anti-toxic
SNFRVCRN,4,4,11,20,8,31,-0.6052631578947368,anti-toxic
CRGNIVSD,53,36,84,77,89,161,-0.6050420168067226,anti-toxic
RSRRVSHL,54,40,86,83,94,169,-0.6048387096774194,anti-toxic
DSISCSRH,31,25,53,55,56,108,-0.6046511627906976,anti-toxic
GSGIGIIC,59,40,82,95,99,177,-0.6046511627906976,anti-toxic
FRRGRNDV,63,46,91,102,109,193,-0.60431654676259,anti-toxic
GGSGVLCV,8,10,26,21,18,47,-0.6041666666666666,anti-toxic
DCGGRGCD,51,35,75,81,86,156,-0.603448275862069,anti-toxic
NCSGRVNV,23,10,28,43,33,71,-0.6031746031746031,anti-toxic
ISGFVVCG,45,33,66,77,78,143,-0.6018518518518519,anti-toxic
HGGVIRVG,41,37,62,81,78,143,-0.6018518518518519,anti-toxic
SDVSGLNV,46,37,71,80,83,151,-0.6017699115044248,anti-toxic
VLSGGLSG,47,41,72,87,88,159,-0.6016949152542372,anti-toxic
YCHGHVRV,81,62,115,132,143,247,-0.6011560693641619,anti-toxic
FNGGVVCR,24,11,32,42,35,74,-0.6,anti-toxic
NISGDSDR,23,7,34,32,30,66,-0.6,anti-toxic
SSNLHYCS,25,15,37,45,40,82,-0.6,anti-toxic
GRLYYSRG,29,21,41,57,50,98,-0.6,anti-toxic
DGSDHGRL,32,18,43,55,50,98,-0.6,anti-toxic
LFCGRSDS,42,33,68,70,75,138,-0.6,anti-toxic
FGCRVRSC,18,7,33,25,25,58,-0.6,anti-toxic
CRGVDIVR,49,36,74,80,85,154,-0.6,anti-toxic
YRFRRDSV,6,4,18,16,10,34,-0.6,anti-toxic
NVGDVVVV,58,39,80,93,97,173,-0.5984251968503937,anti-toxic
VNIVGLCG,51,36,69,88,87,157,-0.5982905982905983,anti-toxic
LRRSDGGC,41,31,61,72,72,133,-0.5980392156862745,anti-toxic
LCHSGGRL,31,21,49,52,52,101,-0.5975609756097561,anti-toxic
RFINRVHI,29,23,44,57,52,101,-0.5975609756097561,anti-toxic
CGHRSSCI,26,16,48,37,42,85,-0.5972222222222222,anti-toxic
LRSDSGVC,24,13,36,41,37,77,-0.5970149253731343,anti-toxic
GGYGGIRV,26,11,40,37,37,77,-0.5970149253731343,anti-toxic
RCRFGLGI,22,10,32,37,32,69,-0.5967741935483871,anti-toxic
YGCYVHSL,24,8,28,41,32,69,-0.5967741935483871,anti-toxic
NGVVRCCR,17,10,26,35,27,61,-0.5964912280701754,anti-toxic
GNICRDCS,34,20,47,57,54,104,-0.5952380952380952,anti-toxic
ISSNVSSD,9,3,20,17,12,37,-0.5952380952380952,anti-toxic
CSGDGSDV,7,5,18,19,12,37,-0.5952380952380952,anti-toxic
FIVRFSCG,6,1,16,13,7,29,-0.5945945945945946,anti-toxic
SSSSNVCV,23,16,32,48,39,80,-0.5942028985507246,anti-toxic
VSDGGCCV,41,30,60,71,71,131,-0.594059405940594,anti-toxic
IDVCVVRN,73,57,105,120,130,225,-0.59375,anti-toxic
CRHGGHNG,23,11,32,40,34,72,-0.59375,anti-toxic
GNCISNRV,39,27,66,57,66,123,-0.59375,anti-toxic
GNIRINRV,20,14,38,34,34,72,-0.59375,anti-toxic
DYGCGDRV,52,36,88,70,88,158,-0.5932203389830508,anti-toxic
DLNSHVGC,44,44,76,82,88,158,-0.5932203389830508,anti-toxic
VGVLHNHC,65,50,92,109,115,201,-0.593103448275862,anti-toxic
CFNDHRRV,33,23,44,63,56,107,-0.5930232558139535,anti-toxic
GSHRVFVV,17,7,23,33,24,56,-0.5925925925925926,anti-toxic
SISGRDRD,34,17,42,57,51,99,-0.5925925925925926,anti-toxic
SDGDHDLG,67,60,114,106,127,220,-0.5923566878980892,anti-toxic
DRSGNCGV,24,17,37,46,41,83,-0.5915492957746479,anti-toxic
IVNVDVDG,20,16,31,44,36,75,-0.5909090909090909,anti-toxic
IFGRNRSL,25,11,35,40,36,75,-0.5909090909090909,anti-toxic
HVVLNRGC,34,24,52,58,58,110,-0.5909090909090909,anti-toxic
HHCGYSRR,21,15,37,38,36,75,-0.5909090909090909,anti-toxic
SVLHGGSV,34,24,54,56,58,110,-0.5909090909090909,anti-toxic
LLGCGGRG,22,14,34,41,36,75,-0.5909090909090909,anti-toxic
FVDGRSCC,58,39,85,87,97,172,-0.5905511811023622,anti-toxic
LNFRSFVI,56,41,87,85,97,172,-0.5905511811023622,anti-toxic
INNCVNVL,35,18,52,50,53,102,-0.5903614457831325,anti-toxic
LGGNGFGS,17,14,27,40,31,67,-0.5901639344262295,anti-toxic
NGIHIGNS,41,29,61,68,70,129,-0.59,anti-toxic
RIVDLRSI,8,1,16,16,9,32,-0.5897435897435898,anti-toxic
SCGISVGH,48,29,65,75,77,140,-0.5887850467289719,anti-toxic
IFSGRRDI,26,12,37,41,38,78,-0.5882352941176471,anti-toxic
VHVVNGGI,36,19,51,54,55,105,-0.5882352941176471,anti-toxic
RRVDRVIL,26,12,35,43,38,78,-0.5882352941176471,anti-toxic
FSVGRVVL,26,12,39,39,38,78,-0.5882352941176471,anti-toxic
VIGGLSSL,35,20,52,53,55,105,-0.5882352941176471,anti-toxic
IIGFCGVG,15,6,25,26,21,51,-0.5882352941176471,anti-toxic
VNGNIYVV,21,12,28,42,33,70,-0.5873015873015873,anti-toxic
SGFVGDRC,24,21,43,46,45,89,-0.5866666666666667,anti-toxic
NFGVGVRC,57,41,87,86,98,173,-0.5859375,anti-toxic
FSSGCVGN,44,25,60,67,69,127,-0.5858585858585859,anti-toxic
GVGVRIDL,23,17,47,34,40,81,-0.5857142857142857,anti-toxic
YVCSRNRC,49,32,69,77,81,146,-0.5855855855855856,anti-toxic
GNRHGDLC,32,20,46,54,52,100,-0.5853658536585366,anti-toxic
RSHRICRL,7,4,20,15,11,35,-0.5853658536585366,anti-toxic
FFYYSIFD,7,4,18,17,11,35,-0.5853658536585366,anti-toxic
RISCVLNR,39,25,62,57,64,119,-0.5851063829787234,anti-toxic
DFDSSSDV,39,25,65,54,64,119,-0.5851063829787234,anti-toxic
NVGIGDVR,43,33,63,75,76,138,-0.5849056603773585,anti-toxic
HGNDCNCS,25,10,33,40,35,73,-0.5846153846153846,anti-toxic
CVDNHVSD,24,11,35,38,35,73,-0.5846153846153846,anti-toxic
LGVGGCVV,39,20,61,50,59,111,-0.5842696629213483,anti-toxic
GLCFSDRG,41,30,62,68,71,130,-0.5841584158415841,anti-toxic
DSFINGSC,44,27,64,66,71,130,-0.5841584158415841,anti-toxic
DRVCVSGL,12,6,27,19,18,46,-0.5833333333333334,anti-toxic
VDIFVYIV,3,3,13,14,6,27,-0.5833333333333334,anti-toxic
FRVCGLHV,48,30,69,72,78,141,-0.5833333333333334,anti-toxic
IVCGRFSS,51,34,75,77,85,152,-0.5826086956521739,anti-toxic
CGSNYVGR,26,23,41,54,49,95,-0.5822784810126582,anti-toxic
CSNSGCRS,40,28,61,64,68,125,-0.5816326530612245,anti-toxic
GVHFYGRS,40,28,59,66,68,125,-0.5816326530612245,anti-toxic
FVSGSSSL,6,7,16,22,13,38,-0.5813953488372093,anti-toxic
SDSGNIGC,49,38,73,82,87,155,-0.5811965811965812,anti-toxic
SLGVSDGS,27,17,48,39,44,87,-0.581081081081081,anti-toxic
FRSDNCVI,1,0,8,11,1,19,-0.5806451612903226,anti-toxic
FGVVNGIF,1,0,11,8,1,19,-0.5806451612903226,anti-toxic
SYNDVLIG,1,0,8,11,1,19,-0.5806451612903226,anti-toxic
VFGNGRCH,35,16,47,51,51,98,-0.5802469135802469,anti-toxic
CSRYSHRI,34,17,42,56,51,98,-0.5802469135802469,anti-toxic
CRLGGHSG,24,15,31,48,39,79,-0.5797101449275363,anti-toxic
FCSSHVNG,26,13,40,39,39,79,-0.5797101449275363,anti-toxic
SSVYSRIV,55,41,83,86,96,169,-0.5793650793650794,anti-toxic
RDIGCGIV,18,9,28,32,27,60,-0.5789473684210527,anti-toxic
IDRHSVGL,16,11,31,29,27,60,-0.5789473684210527,anti-toxic
CDSSSLIH,25,16,39,43,41,82,-0.5774647887323944,anti-toxic
RSDSFGHC,64,48,97,97,112,194,-0.5774647887323944,anti-toxic
SYDSDNHG,41,26,55,68,67,123,-0.5773195876288659,anti-toxic
YSGSIISH,21,15,29,45,36,74,-0.5757575757575758,anti-toxic
VGGLCDGD,38,31,59,67,69,126,-0.5757575757575758,anti-toxic
SCVFYYGC,3,0,14,8,3,22,-0.5757575757575758,anti-toxic
YVRSGLRL,22,21,43,42,43,85,-0.5753424657534246,anti-toxic
SSRGGSFL,49,34,71,77,83,148,-0.5752212389380531,anti-toxic
GVSDRGVL,51,32,71,77,83,148,-0.5752212389380531,anti-toxic
VDCSSSGN,50,47,77,93,97,170,-0.5748031496062992,anti-toxic
GGFDHVSS,33,24,54,53,57,107,-0.5747126436781609,anti-toxic
GVHRHVRH,13,4,22,22,17,44,-0.574468085106383,anti-toxic
GRFSRFGF,16,15,29,37,31,66,-0.5737704918032787,anti-toxic
GYVRRISV,28,17,48,40,45,88,-0.5733333333333334,anti-toxic
RIVGDGLI,47,33,79,64,80,143,-0.5727272727272728,anti-toxic
IDGSRVGL,52,35,74,80,87,154,-0.5726495726495726,anti-toxic
SLIRCLRR,70,52,114,95,122,209,-0.5723684210526315,anti-toxic
FFCNDFSV,3,9,13,23,12,36,-0.5714285714285714,anti-toxic
GHGNDHSV,15,18,28,41,33,69,-0.5714285714285714,anti-toxic
IDRHHRDC,20,6,21,37,26,58,-0.5714285714285714,anti-toxic
HVNGCFVR,38,23,54,59,61,113,-0.5714285714285714,anti-toxic
LCGGSVFG,4,1,10,15,5,25,-0.5714285714285714,anti-toxic
FRCGRNLV,25,8,34,35,33,69,-0.5714285714285714,anti-toxic
SNRCSDIV,18,15,36,33,33,69,-0.5714285714285714,anti-toxic
CVDSDCGG,40,23,66,50,63,116,-0.5698924731182796,anti-toxic
DCVVSSDD,37,26,50,66,63,116,-0.5698924731182796,anti-toxic
SCSVVHVG,33,16,47,47,49,94,-0.569620253164557,anti-toxic
GDDSDLHH,55,38,85,78,93,163,-0.5691056910569106,anti-toxic
IGFSIRRS,8,13,22,28,21,50,-0.5686274509803921,anti-toxic
IVCVIIVF,11,3,15,24,14,39,-0.5681818181818182,anti-toxic
ICSGNGGD,36,22,55,53,58,108,-0.5681818181818182,anti-toxic
IFYCYSCI,6,1,16,12,7,28,-0.5675675675675675,anti-toxic
RSDDNIGV,11,12,23,30,23,53,-0.5660377358490566,anti-toxic
GGYFHHIR,19,4,23,30,23,53,-0.5660377358490566,anti-toxic
VNDSSGNS,27,19,41,48,46,89,-0.5657894736842105,anti-toxic
IHVRRSRI,24,15,38,40,39,78,-0.5652173913043478,anti-toxic
SHGIIFLI,25,14,36,42,39,78,-0.5652173913043478,anti-toxic
RIFCGNII,26,13,35,43,39,78,-0.5652173913043478,anti-toxic
GGVGYDGV,34,21,42,61,55,103,-0.5647058823529412,anti-toxic
FSGVVSCS,37,18,45,58,55,103,-0.5647058823529412,anti-toxic
HYGRRCRI,72,54,109,105,126,214,-0.5641025641025641,anti-toxic
YVSCRIRD,49,38,71,82,87,153,-0.5641025641025641,anti-toxic
DSNVRGNR,59,44,83,95,103,178,-0.5639097744360902,anti-toxic
SCRNYVSV,60,43,80,98,103,178,-0.5639097744360902,anti-toxic
GLGCHGNG,84,74,124,140,158,264,-0.5638297872340425,anti-toxic
FVDVDNDG,42,38,70,72,80,142,-0.5636363636363636,anti-toxic
HHYDGCDS,44,36,67,75,80,142,-0.5636363636363636,anti-toxic
VDNGIRCH,39,27,63,57,66,120,-0.5625,anti-toxic
VDNGRVHV,39,27,65,55,66,120,-0.5625,anti-toxic
CHVLSGCS,2,0,13,7,2,20,-0.5625,anti-toxic
FVSGCVGR,19,15,31,39,34,70,-0.5625,anti-toxic
CLDGGSCV,21,13,41,29,34,70,-0.5625,anti-toxic
GDDFVLNS,70,53,101,108,123,209,-0.5620915032679739,anti-toxic
HFRDVNVS,40,35,64,70,75,134,-0.5619047619047619,anti-toxic
RRFSCFVR,32,27,52,57,59,109,-0.5617977528089888,anti-toxic
SGLGGICI,32,27,57,52,59,109,-0.5617977528089888,anti-toxic
RLGCHRHV,28,15,42,42,43,84,-0.5616438356164384,anti-toxic
IFSSGYVC,25,18,50,34,43,84,-0.5616438356164384,anti-toxic
SCFGRGSR,24,19,37,47,43,84,-0.5616438356164384,anti-toxic
DCSNFHGS,16,11,26,33,27,59,-0.5614035087719298,anti-toxic
CVFRDSNG,26,26,42,56,52,98,-0.5609756097560976,anti-toxic
RCDNRVIH,39,38,59,78,77,137,-0.5607476635514018,anti-toxic
ICYSRHRV,24,12,29,44,36,73,-0.5606060606060606,anti-toxic
NCGIIVGS,38,23,59,53,61,112,-0.5604395604395604,anti-toxic
SGRLHDHC,31,30,53,59,61,112,-0.5604395604395604,anti-toxic
CILGDRSV,72,57,104,114,129,218,-0.559748427672956,anti-toxic
YCVSVRRG,35,19,42,59,54,101,-0.5595238095238095,anti-toxic
RFHSVHLI,40,23,59,56,63,115,-0.5591397849462365,anti-toxic
LLRRVCRV,51,39,74,83,90,157,-0.5583333333333333,anti-toxic
RDRDRFHV,41,24,64,54,65,118,-0.5578947368421052,anti-toxic
GFCRRVVV,42,23,54,64,65,118,-0.5578947368421052,anti-toxic
DIGFRDRG,19,12,30,35,31,65,-0.5573770491803278,anti-toxic
FGVGGNIV,19,12,28,37,31,65,-0.5573770491803278,anti-toxic
VVCSSRIR,31,18,51,42,49,93,-0.5569620253164557,anti-toxic
GSHLHSGI,37,30,64,57,67,121,-0.5567010309278351,anti-toxic
RCGSRGLL,59,44,91,86,103,177,-0.556390977443609,anti-toxic
CSDGNGCD,56,40,83,83,96,166,-0.5555555555555556,anti-toxic
ICSVDSHS,26,16,40,42,42,82,-0.5555555555555556,anti-toxic
SGNCSLGR,43,35,68,70,78,138,-0.5555555555555556,anti-toxic
CCSCHGGD,3,3,13,13,6,26,-0.5555555555555556,anti-toxic
YVCSVGRV,56,40,86,80,96,166,-0.5555555555555556,anti-toxic
IFSRNVRG,3,3,10,16,6,26,-0.5555555555555556,anti-toxic
LFRDSVGS,14,10,26,28,24,54,-0.5555555555555556,anti-toxic
VFFFGHCV,1,5,9,17,6,26,-0.5555555555555556,anti-toxic
LHCLCSIL,3,3,15,11,6,26,-0.5555555555555556,anti-toxic
DVDGGCRR,91,79,133,148,170,281,-0.555,anti-toxic
GLLGGFRG,51,47,86,83,98,169,-0.5546875,anti-toxic
GYSVGNRG,42,29,62,65,71,127,-0.5544554455445545,anti-toxic
GNVHHVGC,76,60,109,119,136,228,-0.5542168674698795,anti-toxic
GICNRVDC,51,40,74,84,91,158,-0.5537190082644629,anti-toxic
YDLFDSSF,17,9,26,31,26,57,-0.5535714285714286,anti-toxic
SRCSDNIH,15,11,33,24,26,57,-0.5535714285714286,anti-toxic
NNRYRFSG,29,17,46,42,46,88,-0.5526315789473685,anti-toxic
IVVGRGSV,45,32,65,71,77,136,-0.5514018691588785,anti-toxic
HSSSISSD,40,37,71,65,77,136,-0.5514018691588785,anti-toxic
CRVDYISS,23,25,45,46,48,91,-0.5512820512820513,anti-toxic
VGSFSNCS,46,33,70,69,79,139,-0.5504587155963303,anti-toxic
NCGGLVRV,59,40,76,94,99,170,-0.5503875968992248,anti-toxic
VNVIGINL,18,12,25,38,30,63,-0.55,anti-toxic
SRYGCRSV,33,17,42,52,50,94,-0.55,anti-toxic
IGNGSRCH,42,28,70,55,70,125,-0.55,anti-toxic
NVVDLHHV,40,30,60,65,70,125,-0.55,anti-toxic
ISCIGRDC,41,31,65,63,72,128,-0.5490196078431373,anti-toxic
GRIGVHIG,22,10,33,33,32,66,-0.5483870967741935,anti-toxic
GLINCIRV,38,25,61,53,63,114,-0.5483870967741935,anti-toxic
VLRDCLVV,62,43,84,95,105,179,-0.5481481481481482,anti-toxic
RDRRSNLC,34,31,50,67,65,117,-0.5473684210526316,anti-toxic
SHGIRGIC,10,13,30,22,23,52,-0.5471698113207547,anti-toxic
ISLVNNVD,52,35,79,72,87,151,-0.5470085470085471,anti-toxic
FSDCGNRR,49,38,70,81,87,151,-0.5470085470085471,anti-toxic
ILGVGVRS,22,12,31,38,34,69,-0.546875,anti-toxic
GHFCDHNS,35,21,44,59,56,103,-0.5465116279069767,anti-toxic
HGVHYCRI,36,22,49,57,58,106,-0.5454545454545454,anti-toxic
SYFDFIVG,2,1,10,11,3,21,-0.5454545454545454,anti-toxic
NSGGFVRR,43,39,62,81,82,143,-0.5446428571428571,anti-toxic
RDVLHDSH,43,28,62,64,71,126,-0.5445544554455446,anti-toxic
CYRVNRRC,38,33,63,63,71,126,-0.5445544554455446,anti-toxic
LCGVSSNV,31,18,45,47,49,92,-0.5443037974683544,anti-toxic
RSSNIYSC,22,16,33,42,38,75,-0.5441176470588235,anti-toxic
HFISISSS,23,15,30,45,38,75,-0.5441176470588235,anti-toxic
RLVCSVRC,21,17,29,46,38,75,-0.5441176470588235,anti-toxic
LDRLFVSF,34,28,58,54,62,112,-0.5434782608695652,anti-toxic
SFNSVLGH,30,21,40,55,51,95,-0.5432098765432098,anti-toxic
RGNFGYSV,51,35,68,81,86,149,-0.5431034482758621,anti-toxic
RCGFGRNF,51,35,81,68,86,149,-0.5431034482758621,anti-toxic
VYCVGIFR,17,12,29,32,29,61,-0.5423728813559322,anti-toxic
NRCSGFVC,18,11,31,30,29,61,-0.5423728813559322,anti-toxic
VGDGVVGH,46,31,64,71,77,135,-0.5420560747663551,anti-toxic
SNSGDFSS,10,8,19,25,18,44,-0.5416666666666666,anti-toxic
CNFSVVRD,42,28,53,71,70,124,-0.54,anti-toxic
YRHYVFSC,48,35,66,78,83,144,-0.5398230088495575,anti-toxic
SNSGLVHC,56,42,82,85,98,167,-0.5390625,anti-toxic
YINGRYVN,72,65,110,117,137,227,-0.5389221556886228,anti-toxic
GRDFRVVL,27,21,43,47,48,90,-0.5384615384615384,anti-toxic
CSNGGYCD,4,5,14,16,9,30,-0.5384615384615384,anti-toxic
CRHIHVNH,20,15,34,36,35,70,-0.5384615384615384,anti-toxic
VSCHSVGI,15,7,23,27,22,50,-0.5384615384615384,anti-toxic
INRCRHSS,5,4,16,14,9,30,-0.5384615384615384,anti-toxic
DCGGGDVD,60,42,96,77,102,173,-0.5378787878787878,anti-toxic
LSDHVIVR,27,23,45,48,50,93,-0.5375,anti-toxic
GSNGGNVR,33,17,48,45,50,93,-0.5375,anti-toxic
IGDGVGVI,52,39,77,79,91,156,-0.5371900826446281,anti-toxic
VSDGVCNH,41,24,49,67,65,116,-0.5368421052631579,anti-toxic
HRGDCLHN,40,25,58,58,65,116,-0.5368421052631579,anti-toxic
DSHNNVLI,82,65,117,125,147,242,-0.536723163841808,anti-toxic
CSVRFDRS,6,5,12,21,11,33,-0.5365853658536586,anti-toxic
SLGFFVCF,7,4,18,15,11,33,-0.5365853658536586,anti-toxic
LYGRGVRC,63,45,95,87,108,182,-0.5362318840579711,anti-toxic
SCSSDGVC,58,50,89,93,108,182,-0.5362318840579711,anti-toxic
HDVINHVG,84,67,128,120,151,248,-0.5359116022099447,anti-toxic
LCDRSVRN,17,9,26,30,26,56,-0.5357142857142857,anti-toxic
SLGNLGNC,72,53,103,105,125,208,-0.535483870967742,anti-toxic
GSVGCYVN,40,29,70,52,69,122,-0.5353535353535354,anti-toxic
GIGCSHHD,41,28,57,65,69,122,-0.5353535353535354,anti-toxic
GVGISHSH,25,16,47,32,41,79,-0.5352112676056338,anti-toxic
SGNCLLVH,35,21,53,49,56,102,-0.5348837209302325,anti-toxic
VDSRVSLH,7,6,20,16,13,36,-0.5348837209302325,anti-toxic
GCGRVHNH,44,27,56,69,71,125,-0.5346534653465347,anti-toxic
RNCVDCGS,23,5,32,27,28,59,-0.5344827586206896,anti-toxic
DSFVCDGS,46,42,66,85,88,151,-0.5338983050847458,anti-toxic
DVRGNDCV,35,25,55,53,60,108,-0.5333333333333333,anti-toxic
IVRSGLGV,29,16,40,45,45,85,-0.5333333333333333,anti-toxic
ICVRHVRS,24,21,35,50,45,85,-0.5333333333333333,anti-toxic
YGHGRGNR,70,67,111,115,137,226,-0.5329341317365269,anti-toxic
VHVGNFSC,63,44,83,97,107,180,-0.5328467153284672,anti-toxic
VGNSISLL,35,27,48,63,62,111,-0.532608695652174,anti-toxic
GSFVSNCH,20,12,25,40,32,65,-0.532258064516129,anti-toxic
CRSRGRHD,19,13,24,41,32,65,-0.532258064516129,anti-toxic
SHSCVHCD,15,17,29,36,32,65,-0.532258064516129,anti-toxic
IRIGRFGC,36,28,52,62,64,114,-0.5319148936170213,anti-toxic
CGRGRFLN,48,33,65,75,81,140,-0.5315315315315315,anti-toxic
FCVICVGR,2,0,13,6,2,19,-0.53125,anti-toxic
DLFLIGYG,2,0,10,9,2,19,-0.53125,anti-toxic
RSGFVYRS,1,1,6,13,2,19,-0.53125,anti-toxic
LRNSHVGI,22,12,35,33,34,68,-0.53125,anti-toxic
SRVHGVRL,20,14,38,30,34,68,-0.53125,anti-toxic
HSGGDLIF,34,17,38,56,51,94,-0.5308641975308642,anti-toxic
DRRGGVGV,3,1,13,9,4,22,-0.5294117647058824,anti-toxic
SGYSSIRH,15,6,21,27,21,48,-0.5294117647058824,anti-toxic
FVDSYDDS,2,2,10,12,4,22,-0.5294117647058824,anti-toxic
RRHYCRIN,35,20,49,51,55,100,-0.5294117647058824,anti-toxic
RFVHYRRS,54,37,69,86,91,155,-0.5289256198347108,anti-toxic
FCVGVVSS,44,30,65,64,74,129,-0.5288461538461539,anti-toxic
RDRIISHL,29,11,37,40,40,77,-0.5285714285714286,anti-toxic
VSYVGNRD,10,13,23,28,23,51,-0.5283018867924528,anti-toxic
YINVRRCV,13,10,25,26,23,51,-0.5283018867924528,anti-toxic
VIGVSRRV,3,3,14,11,6,25,-0.5277777777777778,anti-toxic
SSVCGVDG,32,29,48,61,61,109,-0.5274725274725275,anti-toxic
GIIGRRNS,14,11,26,28,25,54,-0.5272727272727272,anti-toxic
IICGVNGR,35,28,53,59,63,112,-0.5268817204301075,anti-toxic
GLDSYVRG,30,16,40,46,46,86,-0.5263157894736842,anti-toxic
CRNVDFGS,42,23,54,61,65,115,-0.5263157894736842,anti-toxic
VYVDGGGH,57,46,88,85,103,173,-0.5263157894736842,anti-toxic
FIRHRGRC,29,19,43,46,48,89,-0.5256410256410257,anti-toxic
FVNCRVRC,32,16,43,46,48,89,-0.5256410256410257,anti-toxic
CLIRGIRR,14,15,26,34,29,60,-0.5254237288135594,anti-toxic
CSGDGCGV,25,25,38,54,50,92,-0.525,anti-toxic
ISCIRRRN,22,9,28,35,31,63,-0.5245901639344263,anti-toxic
SCRINVSG,29,23,50,45,52,95,-0.524390243902439,anti-toxic
VDVSGSCL,25,10,31,38,35,69,-0.5230769230769231,anti-toxic
RLRGRSVI,68,55,98,105,123,203,-0.5228758169934641,anti-toxic
VSGRHSLN,12,2,17,20,14,37,-0.5227272727272727,anti-toxic
CGSIDRNC,10,4,20,17,14,37,-0.5227272727272727,anti-toxic
GVYHRVGC,36,22,52,52,58,104,-0.5227272727272727,anti-toxic
YYVVVYVY,46,35,69,70,81,139,-0.5225225225225225,anti-toxic
SSGGDSSC,59,45,84,90,104,174,-0.5223880597014925,anti-toxic
GLVDRVCG,34,26,54,53,60,107,-0.5222222222222223,anti-toxic
RYRFNYVC,50,33,66,76,83,142,-0.5221238938053098,anti-toxic
CYDGYVGF,22,17,30,45,39,75,-0.5217391304347826,anti-toxic
SIVRNLVC,45,40,72,73,85,145,-0.5217391304347826,anti-toxic
CSVRHCRD,28,11,42,33,39,75,-0.5217391304347826,anti-toxic
GVGHCLND,49,38,70,78,87,148,-0.5213675213675214,anti-toxic
VVRGLVSV,24,17,36,42,41,78,-0.5211267605633803,anti-toxic
SNVRRSGL,29,12,40,38,41,78,-0.5211267605633803,anti-toxic
LRGDDYHG,26,17,42,39,43,81,-0.5205479452054794,anti-toxic
GNHGRHHD,56,37,72,85,93,157,-0.5203252032520326,anti-toxic
CSDVCHSN,40,30,65,57,70,122,-0.52,anti-toxic
GDGVVVSI,15,5,19,27,20,46,-0.52,anti-toxic
LCGLRFRS,27,20,36,51,47,87,-0.5194805194805194,anti-toxic
CVGVRRGG,23,24,45,42,47,87,-0.5194805194805194,anti-toxic
SRRGRCSG,10,12,15,34,22,49,-0.5192307692307693,anti-toxic
NVCDGVDG,31,20,42,51,51,93,-0.5185185185185185,anti-toxic
VFDVDLLL,16,8,19,33,24,52,-0.5185185185185185,anti-toxic
VDGYRIGG,16,10,34,21,26,55,-0.5178571428571429,anti-toxic
FGFRRCRV,15,11,24,31,26,55,-0.5178571428571429,anti-toxic
YVRGVVSV,19,7,23,32,26,55,-0.5178571428571429,anti-toxic
GGHSNGCL,35,20,54,45,55,99,-0.5176470588235295,anti-toxic
FVNGRFCG,16,12,31,27,28,58,-0.5172413793103449,anti-toxic
IDLRRCHN,37,20,55,47,57,102,-0.5172413793103449,anti-toxic
GNGVCDDI,20,8,28,30,28,58,-0.5172413793103449,anti-toxic
VLRGVGCL,36,23,55,50,59,105,-0.5168539325842697,anti-toxic
VHSCYGRG,38,23,49,59,61,108,-0.5164835164835165,anti-toxic
RILSGSGL,39,24,50,61,63,111,-0.5161290322580645,anti-toxic
FVFFFCYL,0,1,6,11,1,17,-0.5161290322580645,anti-toxic
CDVHDHHD,40,25,50,64,65,114,-0.5157894736842106,anti-toxic
YGIGVLYI,20,14,25,42,34,67,-0.515625,anti-toxic
YGDNRDCS,39,28,58,59,67,117,-0.5154639175257731,anti-toxic
CICSSCGI,2,1,7,13,3,20,-0.5151515151515151,anti-toxic
INGSCVSS,25,11,26,44,36,70,-0.5151515151515151,anti-toxic
SGVGSLLD,21,15,29,41,36,70,-0.5151515151515151,anti-toxic
CSVCDNRG,3,0,9,11,3,20,-0.5151515151515151,anti-toxic
FLLGHGIV,1,2,9,11,3,20,-0.5151515151515151,anti-toxic
RIGCGRIL,27,11,35,38,38,73,-0.5147058823529411,anti-toxic
HNGVFGRV,23,15,40,33,38,73,-0.5147058823529411,anti-toxic
RGIDDDHL,28,10,36,37,38,73,-0.5147058823529411,anti-toxic
CYVGRVGV,24,16,40,36,40,76,-0.5142857142857142,anti-toxic
LFFIHRGF,3,2,11,12,5,23,-0.5142857142857142,anti-toxic
VHCSGSRY,63,49,97,88,112,185,-0.5140845070422535,anti-toxic
VSDCNVGV,64,48,83,102,112,185,-0.5140845070422535,anti-toxic
HVLCNHSC,47,30,60,72,77,132,-0.514018691588785,anti-toxic
SGVCFSIV,26,16,39,40,42,79,-0.5138888888888888,anti-toxic
DGSSSCLD,30,12,44,35,42,79,-0.5138888888888888,anti-toxic
VRHVVRVG,48,31,65,70,79,135,-0.5137614678899083,anti-toxic
CFRFINRH,21,23,34,48,44,82,-0.5135135135135135,anti-toxic
SSGVLYVV,27,19,34,51,46,85,-0.5131578947368421,anti-toxic
VYVCSGYD,25,21,36,49,46,85,-0.5131578947368421,anti-toxic
RFGCRVCS,90,71,123,136,161,259,-0.5130890052356021,anti-toxic
LLVRLHCG,4,5,13,16,9,29,-0.5128205128205128,anti-toxic
FRRGVVSR,50,37,76,71,87,147,-0.5128205128205128,anti-toxic
RNFIYLSS,3,8,13,19,11,32,-0.5121951219512195,anti-toxic
DCFCDLCL,32,20,53,41,52,94,-0.5121951219512195,anti-toxic
IHRRRIND,23,29,51,43,52,94,-0.5121951219512195,anti-toxic
GRRIINVV,29,25,49,48,54,97,-0.5119047619047619,anti-toxic
GIDSDLIV,31,25,52,48,56,100,-0.5116279069767442,anti-toxic
LGNCYRRC,9,4,22,13,13,35,-0.5116279069767442,anti-toxic
VGGCDVGG,26,32,47,56,58,103,-0.5113636363636364,anti-toxic
RDFDRIDG,34,24,52,51,58,103,-0.5113636363636364,anti-toxic
RHVICGNV,7,10,21,20,17,41,-0.5106382978723404,anti-toxic
VDHGVLCS,65,48,85,101,113,186,-0.5104895104895105,anti-toxic
LRVDHVDC,41,25,55,60,66,115,-0.5104166666666666,anti-toxic
IGHDGGNV,35,31,48,67,66,115,-0.5104166666666666,anti-toxic
LGHVDIRH,72,53,107,97,125,204,-0.5096774193548387,anti-toxic
ISDCRNIG,44,30,59,68,74,127,-0.5096153846153846,anti-toxic
DSLRVRHG,43,31,67,60,74,127,-0.5096153846153846,anti-toxic
LIYNLGCC,15,12,31,25,27,56,-0.5087719298245614,anti-toxic
YGDGHDLN,19,12,29,33,31,62,-0.5081967213114754,anti-toxic
IVNRIDSI,20,13,26,39,33,65,-0.5079365079365079,anti-toxic
DNVLGLVR,23,14,37,34,37,71,-0.5074626865671642,anti-toxic
GFRRSDNR,23,14,33,38,37,71,-0.5074626865671642,anti-toxic
LDHVGFSS,26,13,38,36,39,74,-0.5072463768115942,anti-toxic
GSDIGSSI,26,15,35,42,41,77,-0.5070422535211268,anti-toxic
FVSNSSID,24,17,41,36,41,77,-0.5070422535211268,anti-toxic
GRGCCISL,31,16,45,41,47,86,-0.5064935064935064,anti-toxic
FHNVIHLH,33,18,42,50,51,92,-0.5061728395061729,anti-toxic
ISCVGVNG,33,18,41,51,51,92,-0.5061728395061729,anti-toxic
RVSDNCRC,81,67,125,113,148,238,-0.5056179775280899,anti-toxic
ISCDGSGR,37,24,54,53,61,107,-0.5054945054945055,anti-toxic
RSSICSSV,38,25,56,54,63,110,-0.5053763440860215,anti-toxic
NFCRRHLN,44,27,68,54,71,122,-0.504950495049505,anti-toxic
DFCSVDGR,46,29,58,70,75,128,-0.5047619047619047,anti-toxic
LHDCRGGV,46,35,66,71,81,137,-0.5045045045045045,anti-toxic
DYRGDSGV,48,35,62,78,83,140,-0.504424778761062,anti-toxic
YRGLRLIG,48,41,70,79,89,149,-0.5042016806722689,anti-toxic
DGVGRCFG,58,41,84,80,99,164,-0.5038759689922481,anti-toxic
DIVGLRIS,85,66,125,117,151,242,-0.5027624309392266,anti-toxic
HLVVCHGV,80,73,123,122,153,245,-0.5027322404371585,anti-toxic
VIDHRCCR,15,11,25,29,26,54,-0.5,anti-toxic
SSDVGRDL,20,16,28,41,36,69,-0.5,anti-toxic
CLNGVGRL,64,50,100,86,114,186,-0.5,anti-toxic
IRYGIVRH,16,12,28,29,28,57,-0.5,anti-toxic
GNFGNFCS,20,10,29,31,30,60,-0.5,anti-toxic
DGCGVLGS,22,10,32,31,32,63,-0.5,anti-toxic
FCLRHCLD,1,1,11,7,2,18,-0.5,anti-toxic
DYVVDDGD,30,22,41,52,52,93,-0.5,anti-toxic
CIFNFCRV,10,4,14,22,14,36,-0.5,anti-toxic
FSDSVVSR,27,9,33,36,36,69,-0.5,anti-toxic
FSGRVISC,3,3,11,13,6,24,-0.5,anti-toxic
CNYNRYRS,31,17,41,46,48,87,-0.5,anti-toxic
YILFDLYV,1,3,7,14,4,21,-0.5,anti-toxic
IDFFCSHR,2,2,11,10,4,21,-0.5,anti-toxic
INGIGYLV,41,31,59,64,72,123,-0.5,anti-toxic
CGFRRGRF,23,17,34,41,40,75,-0.5,anti-toxic
FYGYCFGN,1,5,11,13,6,24,-0.5,anti-toxic
CCSSVVRS,39,21,61,44,60,105,-0.5,anti-toxic
GNILRYVG,37,21,42,60,58,102,-0.5,anti-toxic
VNVSGVIC,7,3,14,16,10,30,-0.5,anti-toxic
LRLNGSLS,32,22,40,56,54,96,-0.5,anti-toxic
SFRDVHGN,34,22,51,48,56,99,-0.5,anti-toxic
FCSLISVC,8,4,16,17,12,33,-0.5,anti-toxic
NSHRSRLF,32,20,54,39,52,93,-0.5,anti-toxic
CFVDGRGC,14,12,29,25,26,54,-0.5,anti-toxic
DVGIRILH,13,9,22,26,22,48,-0.5,anti-toxic
VNCGGFRV,23,7,25,35,30,60,-0.5,anti-toxic
NSCGLGCD,44,30,56,70,74,126,-0.5,anti-toxic
VSGSHYSG,6,8,10,26,14,36,-0.5,anti-toxic
GGDVGRVL,20,20,42,33,40,75,-0.5,anti-toxic
VHGGGISR,23,9,32,31,32,63,-0.5,anti-toxic
RFLHRFYF,14,2,13,26,16,39,-0.5,anti-toxic
GINSRIIV,37,27,54,57,64,111,-0.5,anti-toxic
CSCDCFRC,25,11,40,29,36,69,-0.5,anti-toxic
FYYCCVCF,0,2,10,8,2,18,-0.5,anti-toxic
VCRHSGRN,5,3,12,15,8,27,-0.5,anti-toxic
GCRGIYVR,38,28,64,50,66,114,-0.5,anti-toxic
NDDVDRCD,65,47,98,85,112,183,-0.5,anti-toxic
GVHIDVSI,139,123,201,206,262,407,-0.4965753424657534,anti-toxic
IDGRDGGH,62,49,85,96,111,181,-0.49645390070921985,anti-toxic
DGVDNGDR,54,35,72,76,89,148,-0.4957983193277311,anti-toxic
IDVGVCRL,50,39,79,69,89,148,-0.4957983193277311,anti-toxic
FGCFVRSV,49,38,73,72,87,145,-0.49572649572649574,anti-toxic
HFDCVGNS,51,34,70,72,85,142,-0.4956521739130435,anti-toxic
NFGVSGGL,35,32,54,61,67,115,-0.4948453608247423,anti-toxic
VCRSGDNC,90,72,129,128,162,257,-0.4947916666666667,anti-toxic
NRNLGCVS,38,21,44,59,59,103,-0.4943820224719101,anti-toxic
IRGRGVSV,35,20,50,47,55,97,-0.49411764705882355,anti-toxic
CGSLRDVH,34,21,47,50,55,97,-0.49411764705882355,anti-toxic
VRHDDHSV,37,18,44,53,55,97,-0.49411764705882355,anti-toxic
VDVGLCDR,33,14,47,38,47,85,-0.4935064935064935,anti-toxic
FDRRFICS,27,20,48,37,47,85,-0.4935064935064935,anti-toxic
SRLDGRII,27,20,38,47,47,85,-0.4935064935064935,anti-toxic
GFRCRSDG,31,12,40,39,43,79,-0.4931506849315068,anti-toxic
SSVLLDRD,28,15,42,37,43,79,-0.4931506849315068,anti-toxic
VRCGRFRC,55,57,91,91,112,182,-0.49295774647887325,anti-toxic
FGGVGISN,27,14,35,41,41,76,-0.49295774647887325,anti-toxic
YVRNVCGG,57,47,78,92,104,170,-0.4925373134328358,anti-toxic
VCVDVIGH,19,16,28,39,35,67,-0.49230769230769234,anti-toxic
GNDGVLRN,26,9,32,35,35,67,-0.49230769230769234,anti-toxic
FVHSSIRH,23,8,25,36,31,61,-0.4918032786885246,anti-toxic
FSNNHVLS,53,37,76,73,90,149,-0.49166666666666664,anti-toxic
VIIGHSIN,18,9,26,29,27,55,-0.49122807017543857,anti-toxic
FDGVSDDD,17,10,28,27,27,55,-0.49122807017543857,anti-toxic
LDLVDLGS,45,37,59,78,82,137,-0.49107142857142855,anti-toxic
VNNSSRCV,15,10,17,35,25,52,-0.4909090909090909,anti-toxic
GISVCHNL,16,9,28,24,25,52,-0.4909090909090909,anti-toxic
VRGRRHSV,19,6,26,26,25,52,-0.4909090909090909,anti-toxic
GLRHGRGV,45,31,67,61,76,128,-0.49056603773584906,anti-toxic
HGIGGVIV,46,30,69,59,76,128,-0.49056603773584906,anti-toxic
NSICGIVG,46,30,64,64,76,128,-0.49056603773584906,anti-toxic
FVVGHRCG,69,54,103,95,123,198,-0.49019607843137253,anti-toxic
YCGIRVSV,67,52,92,100,119,192,-0.4899328859060403,anti-toxic
FCICRVHC,11,8,19,24,19,43,-0.4897959183673469,anti-toxic
FHGCGYRG,9,10,18,25,19,43,-0.4897959183673469,anti-toxic
SDVDILRH,36,26,54,53,62,107,-0.4891304347826087,anti-toxic
FCCVCFYG,9,6,15,22,15,37,-0.4888888888888889,anti-toxic
LCSGRSSG,30,28,53,48,58,101,-0.48863636363636365,anti-toxic
NIRSHRRN,59,42,73,92,101,165,-0.48854961832061067,anti-toxic
DGDCNVVD,28,24,42,50,52,92,-0.4878048780487805,anti-toxic
DVRCGHVV,5,6,16,15,11,31,-0.4878048780487805,anti-toxic
NLYGNCRR,32,18,44,45,50,89,-0.4875,anti-toxic
RVRYCHGC,52,37,79,68,89,147,-0.48739495798319327,anti-toxic
SGHFVDVV,31,17,39,47,48,86,-0.48717948717948717,anti-toxic
VVYHSIFC,7,2,14,14,9,28,-0.48717948717948717,anti-toxic
FFVYLNCL,6,3,13,15,9,28,-0.48717948717948717,anti-toxic
SDVCVHGC,27,21,40,46,48,86,-0.48717948717948717,anti-toxic
GGSLVYIH,30,18,39,47,48,86,-0.48717948717948717,anti-toxic
SSNSVRHN,3,4,11,14,7,25,-0.4864864864864865,anti-toxic
LIIGCDRG,47,30,61,68,77,129,-0.48598130841121495,anti-toxic
VGGDCGDV,43,34,66,63,77,129,-0.48598130841121495,anti-toxic
FYFCFFCR,19,21,37,37,40,74,-0.4857142857142857,anti-toxic
SHNFVCRR,2,3,13,9,5,22,-0.4857142857142857,anti-toxic
GFFHFGYG,5,0,11,11,5,22,-0.4857142857142857,anti-toxic
FDSIVRVR,23,17,38,36,40,74,-0.4857142857142857,anti-toxic
DVDGHGSH,24,14,37,34,38,71,-0.4852941176470588,anti-toxic
RGVCRLRG,0,3,10,9,3,19,-0.48484848484848486,anti-toxic
RDHSGVNH,25,11,33,35,36,68,-0.48484848484848486,anti-toxic
DLFCVNVC,0,3,11,8,3,19,-0.48484848484848486,anti-toxic
CVYRSLHC,22,12,32,33,34,65,-0.484375,anti-toxic
FYHRVIGL,1,0,8,8,1,16,-0.4838709677419355,anti-toxic
CCGGRSGH,56,38,68,86,94,154,-0.4838709677419355,anti-toxic
CGHFCGVV,1,0,7,9,1,16,-0.4838709677419355,anti-toxic
NLFFVFGL,1,0,8,8,1,16,-0.4838709677419355,anti-toxic
CFVGDSCL,1,0,7,9,1,16,-0.4838709677419355,anti-toxic
CVGGVVSC,19,13,29,33,32,62,-0.4838709677419355,anti-toxic
ICGGRGSI,15,15,29,30,30,59,-0.48333333333333334,anti-toxic
VCGRVDLS,39,20,60,42,59,102,-0.48314606741573035,anti-toxic
IHRCDSVC,20,8,28,28,28,56,-0.4827586206896552,anti-toxic
DYGLHGGD,15,11,19,34,26,53,-0.48214285714285715,anti-toxic
FCDLHLVS,17,9,26,27,26,53,-0.48214285714285715,anti-toxic
VVFGGLRG,15,9,34,16,24,50,-0.48148148148148145,anti-toxic
RLSCCDHG,12,12,28,22,24,50,-0.48148148148148145,anti-toxic
IGFSDDRR,32,19,41,49,51,90,-0.48148148148148145,anti-toxic
RNGCIIGC,53,48,76,88,101,164,-0.48091603053435117,anti-toxic
INSGDLGG,56,43,76,85,99,161,-0.4806201550387597,anti-toxic
SHYSHIVR,57,38,77,78,95,155,-0.48,anti-toxic
GSFDCLGS,42,26,62,53,68,115,-0.47959183673469385,anti-toxic
IRVGGNVI,25,18,35,43,43,78,-0.4794520547945205,anti-toxic
IRRYSLRG,54,37,68,81,91,149,-0.4793388429752066,anti-toxic
VCSLGNLS,51,38,77,69,89,146,-0.4789915966386555,anti-toxic
VHVCNSVV,22,19,34,41,41,75,-0.4788732394366197,anti-toxic
SIDCVNNG,9,7,16,22,16,38,-0.4782608695652174,anti-toxic
VFLDGRVD,52,33,63,77,85,140,-0.4782608695652174,anti-toxic
GGILNVSC,72,59,97,111,131,208,-0.4782608695652174,anti-toxic
CNGGIIVG,8,8,18,20,16,38,-0.4782608695652174,anti-toxic
SVDFRVCG,51,34,77,63,85,140,-0.4782608695652174,anti-toxic
FVHNRSVL,11,5,21,17,16,38,-0.4782608695652174,anti-toxic
FCCDRVGS,49,36,67,73,85,140,-0.4782608695652174,anti-toxic
GRRVVRFV,34,26,54,49,60,103,-0.4777777777777778,anti-toxic
RGCFCLSF,25,12,29,40,37,69,-0.47761194029850745,anti-toxic
FIFYYFFC,9,5,16,19,14,35,-0.4772727272727273,anti-toxic
GGNGRGGI,36,22,43,57,58,100,-0.4772727272727273,anti-toxic
SISVDVSR,33,23,45,52,56,97,-0.47674418604651164,anti-toxic
CLGVVGHN,44,33,63,65,77,128,-0.4766355140186916,anti-toxic
RRHSCYHG,44,33,63,65,77,128,-0.4766355140186916,anti-toxic
LIYSCYCC,7,5,16,16,12,32,-0.47619047619047616,anti-toxic
RIGSYYRN,8,4,14,18,12,32,-0.47619047619047616,anti-toxic
IVRGRILL,23,10,27,36,33,63,-0.47619047619047616,anti-toxic
IGSRHCGV,54,40,68,85,94,153,-0.47580645161290325,anti-toxic
YIRGRNCL,36,37,63,59,73,122,-0.47572815533980584,anti-toxic
RINGCVDR,34,18,41,50,52,91,-0.47560975609756095,anti-toxic
VDLHNCRS,34,18,42,49,52,91,-0.47560975609756095,anti-toxic
GVVSIHCS,31,21,49,42,52,91,-0.47560975609756095,anti-toxic
CVHRVVSV,21,10,25,35,31,60,-0.47540983606557374,anti-toxic
ICNVGIGV,21,10,28,32,31,60,-0.47540983606557374,anti-toxic
GLDVGHRG,16,15,24,36,31,60,-0.47540983606557374,anti-toxic
LGDSDVVS,15,16,32,28,31,60,-0.47540983606557374,anti-toxic
RFHRGIRC,19,12,23,37,31,60,-0.47540983606557374,anti-toxic
SGCFVFSH,39,32,54,65,71,119,-0.4752475247524752,anti-toxic
SNDLSCNL,49,41,77,70,90,147,-0.475,anti-toxic
DDHCSNGS,39,30,49,67,69,116,-0.47474747474747475,anti-toxic
FCDVVSGS,11,18,23,34,29,57,-0.4745762711864407,anti-toxic
CGGSGVDC,14,15,29,28,29,57,-0.4745762711864407,anti-toxic
LFSRRNCV,17,12,27,30,29,57,-0.4745762711864407,anti-toxic
IVFCCRVF,33,15,37,48,48,85,-0.47435897435897434,anti-toxic
IFVDRGSV,29,19,41,44,48,85,-0.47435897435897434,anti-toxic
RYDLRGNC,40,27,51,62,67,113,-0.4742268041237113,anti-toxic
SDVIVRCG,33,32,56,54,65,110,-0.47368421052631576,anti-toxic
GIRVCSVR,44,40,68,70,84,138,-0.47368421052631576,anti-toxic
FHIDGSGV,49,35,68,70,84,138,-0.47368421052631576,anti-toxic
HCGVRVSN,36,29,47,63,65,110,-0.47368421052631576,anti-toxic
HRGDHGCI,36,29,50,60,65,110,-0.47368421052631576,anti-toxic
FRISVVRL,40,23,47,60,63,107,-0.4731182795698925,anti-toxic
VSHCNGHI,11,14,22,29,25,51,-0.4727272727272727,anti-toxic
GSCDRGCR,76,57,101,109,133,210,-0.4723926380368098,anti-toxic
GDLDVIID,94,75,123,140,169,263,-0.4723618090452261,anti-toxic
RHDRDCRR,65,49,89,93,114,182,-0.4722222222222222,anti-toxic
VHNRGSLI,3,3,10,13,6,23,-0.4722222222222222,anti-toxic
LHGSNCGL,22,20,31,45,42,76,-0.4722222222222222,anti-toxic
VDGVSVIH,12,11,21,27,23,48,-0.4716981132075472,anti-toxic
IRNRVYHC,23,17,43,30,40,73,-0.4714285714285714,anti-toxic
SSGDHGRV,35,22,49,49,57,98,-0.47126436781609193,anti-toxic
CCRVRCCR,1,3,7,13,4,20,-0.47058823529411764,anti-toxic
FISRFLRD,22,16,36,34,38,70,-0.47058823529411764,anti-toxic
FRDDCVSI,37,18,39,56,55,95,-0.47058823529411764,anti-toxic
VVGCGDHC,20,18,31,39,38,70,-0.47058823529411764,anti-toxic
DLDFSISV,36,19,45,50,55,95,-0.47058823529411764,anti-toxic
IVNSHSLG,12,9,24,21,21,45,-0.47058823529411764,anti-toxic
LVNRCGCV,41,31,58,62,72,120,-0.47058823529411764,anti-toxic
YISCCCVH,2,2,7,13,4,20,-0.47058823529411764,anti-toxic
IHGLGSVV,11,10,22,23,21,45,-0.47058823529411764,anti-toxic
SLSDSNVG,60,42,73,91,102,164,-0.4696969696969697,anti-toxic
HFYSLFCH,22,14,36,31,36,67,-0.4696969696969697,anti-toxic
LNGDRYRF,1,1,8,9,2,17,-0.46875,anti-toxic
CGVFVYYD,1,1,10,7,2,17,-0.46875,anti-toxic
YYFFVNSN,2,0,4,13,2,17,-0.46875,anti-toxic
CFRCFYFL,1,1,13,4,2,17,-0.46875,anti-toxic
HICGRIVR,10,7,23,16,17,39,-0.46808510638297873,anti-toxic
HNVSVFRV,41,23,51,57,64,108,-0.46808510638297873,anti-toxic
SGNLDCVI,52,42,72,80,94,152,-0.46774193548387094,anti-toxic
CDRVNRVL,29,33,47,58,62,105,-0.4673913043478261,anti-toxic
CSGGRGSC,48,29,54,73,77,127,-0.4672897196261682,anti-toxic
NRSCDCGD,36,24,51,51,60,102,-0.4666666666666667,anti-toxic
DISGRCDD,10,5,15,21,15,36,-0.4666666666666667,anti-toxic
IDDVCRGV,67,53,86,104,120,190,-0.4666666666666667,anti-toxic
FRVVSFFC,6,9,15,21,15,36,-0.4666666666666667,anti-toxic
RIDGCRSN,19,11,27,31,30,58,-0.4666666666666667,anti-toxic
VFGRRDNI,39,21,59,43,60,102,-0.4666666666666667,anti-toxic
GFCGSIIV,46,29,61,63,75,124,-0.4666666666666667,anti-toxic
DCVGGGII,11,4,17,19,15,36,-0.4666666666666667,anti-toxic
GLVGFNVR,35,23,51,48,58,99,-0.4659090909090909,anti-toxic
FRHSGLCV,27,16,41,36,43,77,-0.4657534246575342,anti-toxic
CHGSNDIR,18,10,23,32,28,55,-0.46551724137931033,anti-toxic
GCVDSLHV,120,110,183,168,230,351,-0.4653846153846154,anti-toxic
VGCCSSGR,44,27,52,66,71,118,-0.46534653465346537,anti-toxic
YFSFCCRG,26,15,36,38,41,74,-0.4647887323943662,anti-toxic
VYHVCCVV,39,30,52,63,69,115,-0.46464646464646464,anti-toxic
VDVDCLRN,49,33,66,68,82,134,-0.4642857142857143,anti-toxic
IGCDLRHV,49,33,67,67,82,134,-0.4642857142857143,anti-toxic
GYHCIGRS,42,36,72,56,78,128,-0.46296296296296297,anti-toxic
VVSDNCVR,23,27,44,43,50,87,-0.4625,anti-toxic
HVNVCGNI,46,28,57,65,74,122,-0.46153846153846156,anti-toxic
SYRCVRRI,11,11,17,29,22,46,-0.46153846153846156,anti-toxic
LLIYCDCC,4,5,13,14,9,27,-0.46153846153846156,anti-toxic
RVSCSSLV,37,24,42,61,61,103,-0.46153846153846156,anti-toxic
DGFSSCGV,50,35,67,71,85,138,-0.4608695652173913,anti-toxic
GDNGRIHD,51,34,70,68,85,138,-0.4608695652173913,anti-toxic
VRLRVVNR,42,30,53,66,72,119,-0.46078431372549017,anti-toxic
RLIGSIIV,30,16,31,50,46,81,-0.4605263157894737,anti-toxic
HSGSSRHY,26,20,34,47,46,81,-0.4605263157894737,anti-toxic
DIRCGGRG,18,15,34,28,33,62,-0.4603174603174603,anti-toxic
FISFVVYY,14,6,16,27,20,43,-0.46,anti-toxic
NCDLSYRV,13,7,15,28,20,43,-0.46,anti-toxic
YCVCLGRY,4,3,11,13,7,24,-0.4594594594594595,anti-toxic
VYSGRRGR,29,15,42,36,44,78,-0.4594594594594595,anti-toxic
SNSVHVIR,30,14,36,42,44,78,-0.4594594594594595,anti-toxic
CISLRSNR,22,9,21,38,31,59,-0.45901639344262296,anti-toxic
YGSSRGGV,20,11,24,35,31,59,-0.45901639344262296,anti-toxic
LSSRCLSD,36,19,52,42,55,94,-0.4588235294117647,anti-toxic
RCRIYYRR,13,5,17,23,18,40,-0.4583333333333333,anti-toxic
RGVHCNRI,11,7,19,21,18,40,-0.4583333333333333,anti-toxic
SSSIHRIH,20,22,40,35,42,75,-0.4583333333333333,anti-toxic
VGVGHDCV,18,11,26,30,29,56,-0.4576271186440678,anti-toxic
GVDRVGGL,40,24,49,58,64,107,-0.4574468085106383,anti-toxic
LRCFGVYH,4,1,11,10,5,21,-0.45714285714285713,anti-toxic
NCCVISVG,25,15,33,39,40,72,-0.45714285714285713,anti-toxic
RFRFIVGS,5,0,9,12,5,21,-0.45714285714285713,anti-toxic
VHIRGIRV,3,2,14,7,5,21,-0.45714285714285713,anti-toxic
YHCRHIVS,27,13,31,41,40,72,-0.45714285714285713,anti-toxic
SDRIDCRC,63,58,86,104,121,190,-0.45695364238410596,anti-toxic
SHVFGIRV,31,20,38,50,51,88,-0.4567901234567901,anti-toxic
RIGRSFVC,29,22,45,43,51,88,-0.4567901234567901,anti-toxic
DNYGSDCD,8,8,17,20,16,37,-0.45652173913043476,anti-toxic
RFRRVVCC,9,7,17,20,16,37,-0.45652173913043476,anti-toxic
DNVNNLYS,9,7,18,19,16,37,-0.45652173913043476,anti-toxic
CDRIRYGV,42,31,55,65,73,120,-0.4563106796116505,anti-toxic
ILGGGHDV,41,32,54,66,73,120,-0.4563106796116505,anti-toxic
CGYCFYLH,17,10,26,27,27,53,-0.45614035087719296,anti-toxic
CNHLNRIG,19,8,24,29,27,53,-0.45614035087719296,anti-toxic
CSFGRDLR,43,28,60,57,71,117,-0.45544554455445546,anti-toxic
DRRIIVRC,56,37,80,69,93,149,-0.45528455284552843,anti-toxic
FRYVNCRS,11,3,15,19,14,34,-0.45454545454545453,anti-toxic
IVSGVGVL,0,3,9,9,3,18,-0.45454545454545453,anti-toxic
GGNIIIGV,27,20,39,43,47,82,-0.45454545454545453,anti-toxic
VFGCDDCS,3,0,10,8,3,18,-0.45454545454545453,anti-toxic
CSHNVVGV,53,36,73,70,89,143,-0.453781512605042,anti-toxic
RCGRDGLV,44,34,69,58,78,127,-0.4537037037037037,anti-toxic
GGRHVVCG,25,20,38,41,45,79,-0.4533333333333333,anti-toxic
VGVCLGSR,62,47,80,92,109,172,-0.45323741007194246,anti-toxic
RDRFRVLG,41,35,57,67,76,124,-0.4528301886792453,anti-toxic
LSGYGDGD,46,50,78,75,96,153,-0.4523809523809524,anti-toxic
RFRDRIGH,25,18,41,35,43,76,-0.4520547945205479,anti-toxic
SNCNGVGS,67,58,100,95,125,195,-0.45161290322580644,anti-toxic
SIDFIRGV,30,22,43,46,52,89,-0.45121951219512196,anti-toxic
RLIGICRG,15,6,27,17,21,44,-0.45098039215686275,anti-toxic
SDRCGVHG,41,31,59,59,72,118,-0.45098039215686275,anti-toxic
VINFGSSC,13,8,21,23,21,44,-0.45098039215686275,anti-toxic
FVDGNSRG,39,22,51,51,61,102,-0.45054945054945056,anti-toxic
VCVDRFGS,42,39,68,63,81,131,-0.45045045045045046,anti-toxic
VDCCSSGD,19,11,22,35,30,57,-0.45,anti-toxic
CRFGRYFH,32,18,35,51,50,86,-0.45,anti-toxic
VCRVRCRI,34,25,48,51,59,99,-0.449438202247191,anti-toxic
VRRCVHRF,43,45,67,74,88,141,-0.4491525423728814,anti-toxic
IGHLSDRG,41,27,53,59,68,112,-0.4489795918367347,anti-toxic
GSLVRSVR,32,16,33,50,48,83,-0.44871794871794873,anti-toxic
IDHGLIYC,29,19,38,45,48,83,-0.44871794871794873,anti-toxic
VDSHLVSV,30,18,34,49,48,83,-0.44871794871794873,anti-toxic
DIRCFRRG,32,25,47,49,57,96,-0.4482758620689655,anti-toxic
FICYCILR,17,11,25,29,28,54,-0.4482758620689655,anti-toxic
RFSYRHSS,31,26,42,54,57,96,-0.4482758620689655,anti-toxic
NGSVRDCN,35,31,56,53,66,109,-0.4479166666666667,anti-toxic
NCGGLIGR,20,17,35,32,37,67,-0.44776119402985076,anti-toxic
NDSDGGCV,65,48,82,95,113,177,-0.44755244755244755,anti-toxic
GIDSRIGI,49,35,61,74,84,135,-0.4473684210526316,anti-toxic
VICVCSCN,4,4,11,14,8,25,-0.4473684210526316,anti-toxic
VGVNRRRS,3,5,12,13,8,25,-0.4473684210526316,anti-toxic
DLRLIFDF,1,16,18,20,17,38,-0.44680851063829785,anti-toxic
DVCSGRSR,10,7,18,20,17,38,-0.44680851063829785,anti-toxic
IHRRSCDR,20,6,27,24,26,51,-0.44642857142857145,anti-toxic
GRRIINSI,35,18,40,50,53,90,-0.4457831325301205,anti-toxic
GGGVLSYV,27,26,42,48,53,90,-0.4457831325301205,anti-toxic
GDVYGRVC,37,25,52,51,62,103,-0.44565217391304346,anti-toxic
LNGCFIRV,37,25,56,47,62,103,-0.44565217391304346,anti-toxic
FDCSCVHL,47,33,61,68,80,129,-0.44545454545454544,anti-toxic
VDFSGDLS,16,8,21,27,24,48,-0.4444444444444444,anti-toxic
RHRFCVRI,8,7,22,13,15,35,-0.4444444444444444,anti-toxic
YRHNVNCS,11,4,16,19,15,35,-0.4444444444444444,anti-toxic
DRGLRGGC,12,3,17,18,15,35,-0.4444444444444444,anti-toxic
VSRVSRSG,10,5,17,18,15,35,-0.4444444444444444,anti-toxic
GSISSRVC,11,4,19,16,15,35,-0.4444444444444444,anti-toxic
NCGVGHHG,21,12,25,36,33,61,-0.4444444444444444,anti-toxic
SFGGRYCL,16,8,26,22,24,48,-0.4444444444444444,anti-toxic
RSNSVDGH,39,21,51,49,60,100,-0.4444444444444444,anti-toxic
CRLGRGDV,43,33,59,64,76,123,-0.44339622641509435,anti-toxic
CGGHFILS,42,25,56,54,67,110,-0.44329896907216493,anti-toxic
GDVGDGRY,30,19,36,48,49,84,-0.4430379746835443,anti-toxic
GVCRGLHD,31,18,44,40,49,84,-0.4430379746835443,anti-toxic
GYISSNVS,15,16,26,32,31,58,-0.4426229508196721,anti-toxic
FCFFCCFF,21,10,32,26,31,58,-0.4426229508196721,anti-toxic
DFYRRLLH,13,9,26,19,22,45,-0.4423076923076923,anti-toxic
RNRVIINC,38,27,56,51,65,107,-0.4421052631578947,anti-toxic
RYGSVRCL,8,5,18,14,13,32,-0.4418604651162791,anti-toxic
CHYVVVVV,10,3,17,15,13,32,-0.4418604651162791,anti-toxic
LSISGFRS,7,6,13,19,13,32,-0.4418604651162791,anti-toxic
VLRRDGIV,24,14,31,37,38,68,-0.4411764705882353,anti-toxic
CGYVGISG,23,15,34,34,38,68,-0.4411764705882353,anti-toxic
NCCRNDGS,58,39,73,80,97,153,-0.4409448818897638,anti-toxic
RSCGNVNV,52,45,78,75,97,153,-0.4409448818897638,anti-toxic
FYRCRHRG,39,24,56,48,63,104,-0.44086021505376344,anti-toxic
GSYRGCSL,31,23,54,37,54,91,-0.44047619047619047,anti-toxic
FCHRRRIV,33,21,41,50,54,91,-0.44047619047619047,anti-toxic
GHGNLCNL,31,23,49,42,54,91,-0.44047619047619047,anti-toxic
VFCVFRNH,33,21,37,54,54,91,-0.44047619047619047,anti-toxic
LHSDHRSG,49,30,58,69,79,127,-0.44036697247706424,anti-toxic
DHGLIVVG,57,38,71,79,95,150,-0.44,anti-toxic
NVIGIVGL,32,13,43,35,45,78,-0.44,anti-toxic
GNNGDDIG,34,27,49,52,61,101,-0.43956043956043955,anti-toxic
NRSVVSVH,38,23,58,43,61,101,-0.43956043956043955,anti-toxic
YFDGVCHI,60,42,75,85,102,160,-0.4393939393939394,anti-toxic
GCDFRRGF,22,14,30,35,36,65,-0.4393939393939394,anti-toxic
NVVGVLNV,26,10,27,38,36,65,-0.4393939393939394,anti-toxic
RFCGINRC,6,5,15,14,11,29,-0.43902439024390244,anti-toxic
SHSSGGVV,33,19,47,41,52,88,-0.43902439024390244,anti-toxic
GICGSNNL,53,40,69,78,93,147,-0.43902439024390244,anti-toxic
SSDNGCSC,41,27,49,62,68,111,-0.4387755102040816,anti-toxic
RLFNGVNV,46,38,65,69,84,134,-0.43859649122807015,anti-toxic
NCHDHDCD,47,37,68,66,84,134,-0.43859649122807015,anti-toxic
SGIRHNSL,48,36,66,68,84,134,-0.43859649122807015,anti-toxic
RLVNVLCD,57,43,80,77,100,157,-0.43846153846153846,anti-toxic
ICDGDGNG,21,22,29,46,43,75,-0.4383561643835616,anti-toxic
DRVVVYDN,30,13,38,37,43,75,-0.4383561643835616,anti-toxic
CGRLHHNI,35,24,43,55,59,98,-0.43820224719101125,anti-toxic
FRRSGCGV,48,34,62,69,82,131,-0.4375,anti-toxic
LFDSNRCD,2,0,7,9,2,16,-0.4375,anti-toxic
SFDRVIRL,50,32,67,64,82,131,-0.4375,anti-toxic
GCFVVSVC,2,0,6,10,2,16,-0.4375,anti-toxic
DYCHGRFI,2,0,7,9,2,16,-0.4375,anti-toxic
RCVIDCGD,61,44,77,87,105,164,-0.43703703703703706,anti-toxic
ISVCRDGL,44,29,51,67,73,118,-0.4368932038834951,anti-toxic
FVDSDCDH,49,31,71,57,80,128,-0.43636363636363634,anti-toxic
SDGFGSVR,7,2,16,10,9,26,-0.4358974358974359,anti-toxic
CVVGGVVV,53,34,64,74,87,138,-0.4358974358974359,anti-toxic
DFDCHRRD,48,30,59,66,78,125,-0.4351851851851852,anti-toxic
INGVVRYL,44,34,60,65,78,125,-0.4351851851851852,anti-toxic
GHDVSLDG,24,15,35,34,39,69,-0.43478260869565216,anti-toxic
RVVDCCDR,21,18,29,40,39,69,-0.43478260869565216,anti-toxic
GLLGSVSC,9,7,16,20,16,36,-0.43478260869565216,anti-toxic
HCGDDIGC,38,24,47,55,62,102,-0.43478260869565216,anti-toxic
DCHDSIRN,36,33,48,64,69,112,-0.43434343434343436,anti-toxic
YCGGDRVV,42,34,61,61,76,122,-0.4339622641509434,anti-toxic
CFHSHSSN,15,15,23,33,30,56,-0.43333333333333335,anti-toxic
RYYGRVCL,52,38,77,65,90,142,-0.43333333333333335,anti-toxic
CYDDDRVS,48,42,65,77,90,142,-0.43333333333333335,anti-toxic
FVVSVRGN,40,27,54,55,67,109,-0.4329896907216495,anti-toxic
GVGVRDLG,45,29,65,54,74,119,-0.4326923076923077,anti-toxic
SGRDGFGH,26,18,37,39,44,76,-0.43243243243243246,anti-toxic
FFYCLFIG,25,19,32,44,44,76,-0.43243243243243246,anti-toxic
LCGIISHS,46,35,66,63,81,129,-0.43243243243243246,anti-toxic
SFCGRRLL,4,3,10,13,7,23,-0.43243243243243246,anti-toxic
FDRSVFIR,10,4,11,22,14,33,-0.4318181818181818,anti-toxic
GVGCYVLV,9,5,14,19,14,33,-0.4318181818181818,anti-toxic
LNNGVCGR,45,27,53,63,72,116,-0.43137254901960786,anti-toxic
IVVGRCSD,14,7,22,21,21,43,-0.43137254901960786,anti-toxic
CLDLVRSH,45,27,56,60,72,116,-0.43137254901960786,anti-toxic
NYDDVVRD,44,28,53,63,72,116,-0.43137254901960786,anti-toxic
GNVYYRRG,46,33,61,65,79,126,-0.43119266055045874,anti-toxic
SYHRILSV,52,34,66,70,86,136,-0.43103448275862066,anti-toxic
IFDFLYLV,21,7,26,27,28,53,-0.43103448275862066,anti-toxic
VFRVDCGV,17,11,30,23,28,53,-0.43103448275862066,anti-toxic
DISVVRHV,56,37,65,81,93,146,-0.43089430894308944,anti-toxic
LSSSSGDC,27,15,30,43,42,73,-0.4305555555555556,anti-toxic
FCRDRVNH,34,15,48,35,49,83,-0.43037974683544306,anti-toxic
LRGGGFCS,33,16,45,38,49,83,-0.43037974683544306,anti-toxic
DCFDRVSD,33,23,39,54,56,93,-0.43023255813953487,anti-toxic
YCRRRGNF,32,24,41,52,56,93,-0.43023255813953487,anti-toxic
CSVSSGSV,41,22,47,56,63,103,-0.43010752688172044,anti-toxic
GHVDLNVC,48,29,58,65,77,123,-0.42990654205607476,anti-toxic
GICNRGRN,13,13,26,24,26,50,-0.42857142857142855,anti-toxic
SGYRVVSC,20,13,25,35,33,60,-0.42857142857142855,anti-toxic
CGYNLVCG,15,18,29,31,33,60,-0.42857142857142855,anti-toxic
RGGNVSFC,53,43,74,76,96,150,-0.42857142857142855,anti-toxic
SNDHVCNI,34,20,37,53,54,90,-0.42857142857142855,anti-toxic
VCNSHGSH,47,28,62,58,75,120,-0.42857142857142855,anti-toxic
GRCLDGGV,28,19,35,45,47,80,-0.42857142857142855,anti-toxic
YGCSRNDS,30,17,42,38,47,80,-0.42857142857142855,anti-toxic
HDNSLGNH,15,11,27,23,26,50,-0.42857142857142855,anti-toxic
CNSDNRYS,61,42,89,71,103,160,-0.42857142857142855,anti-toxic
VVGNVLSL,37,24,44,56,61,100,-0.42857142857142855,anti-toxic
CNGVIHSV,32,15,47,33,47,80,-0.42857142857142855,anti-toxic
VLHNNVRC,14,12,17,33,26,50,-0.42857142857142855,anti-toxic
SGRCRHGF,24,16,33,37,40,70,-0.42857142857142855,anti-toxic
VCVGSDIV,74,55,107,90,129,197,-0.4276729559748428,anti-toxic
FHSSGGLV,63,45,83,84,108,167,-0.427536231884058,anti-toxic
GFRCVLRH,42,38,64,63,80,127,-0.42727272727272725,anti-toxic
CCSGNSVG,87,68,117,117,155,234,-0.42702702702702705,anti-toxic
GNSFHVFS,37,22,50,47,59,97,-0.42696629213483145,anti-toxic
ILHRLCSV,46,32,53,71,78,124,-0.42592592592592593,anti-toxic
FYFCCCFY,17,7,22,25,24,47,-0.42592592592592593,anti-toxic
FNDGSSGV,46,32,57,67,78,124,-0.42592592592592593,anti-toxic
SSDSVDFV,32,32,45,59,64,104,-0.425531914893617,anti-toxic
CDHGHDVD,32,32,44,60,64,104,-0.425531914893617,anti-toxic
CHVSHSHH,33,31,53,51,64,104,-0.425531914893617,anti-toxic
FLGFCRNR,34,23,55,39,57,94,-0.42528735632183906,anti-toxic
CVDRSIDG,37,20,39,55,57,94,-0.42528735632183906,anti-toxic
FSVFLHCY,8,2,11,16,10,27,-0.425,anti-toxic
VCGIVNCG,5,5,11,16,10,27,-0.425,anti-toxic
GRLRCFGL,30,20,34,50,50,84,-0.425,anti-toxic
VSRNIFRR,52,38,78,63,90,141,-0.425,anti-toxic
IVGRVISD,40,36,64,57,76,121,-0.42452830188679247,anti-toxic
LDCVISNS,63,46,80,88,109,168,-0.4244604316546763,anti-toxic
YCCRNLCF,2,1,8,9,3,17,-0.42424242424242425,anti-toxic
NVLVLDRR,3,0,5,12,3,17,-0.42424242424242425,anti-toxic
CFDDVRRC,56,46,71,87,102,158,-0.42424242424242425,anti-toxic
DGICGIGV,17,12,26,28,29,54,-0.423728813559322,anti-toxic
RFGYRSCV,74,59,98,104,133,202,-0.4233128834355828,anti-toxic
ISVNSCNC,16,6,21,23,22,44,-0.4230769230769231,anti-toxic
VGDRFRSI,42,32,52,66,74,118,-0.4230769230769231,anti-toxic
CNSVGNHD,24,24,46,35,48,81,-0.4230769230769231,anti-toxic
RYDCHDCS,29,19,42,39,48,81,-0.4230769230769231,anti-toxic
HSSYRINL,32,16,31,50,48,81,-0.4230769230769231,anti-toxic
FSRVRLSV,22,19,33,38,41,71,-0.4225352112676056,anti-toxic
YFFFLFIC,21,20,27,44,41,71,-0.4225352112676056,anti-toxic
IISHVSDD,34,26,43,55,60,98,-0.4222222222222222,anti-toxic
NVRGGIGI,11,4,14,20,15,34,-0.4222222222222222,anti-toxic
GNGGVLLL,31,22,46,42,53,88,-0.42168674698795183,anti-toxic
DSYHDVRH,44,28,60,55,72,115,-0.4215686274509804,anti-toxic
NFNGVVCG,49,42,67,75,91,142,-0.4214876033057851,anti-toxic
IGFRCLSS,48,36,66,66,84,132,-0.42105263157894735,anti-toxic
YCYVCVHD,15,12,24,27,27,51,-0.42105263157894735,anti-toxic
IYILCDNV,6,2,14,10,8,24,-0.42105263157894735,anti-toxic
CCLVCFIN,17,10,19,32,27,51,-0.42105263157894735,anti-toxic
NNHDGHGG,15,12,28,23,27,51,-0.42105263157894735,anti-toxic
SGHVNHCS,5,3,13,11,8,24,-0.42105263157894735,anti-toxic
FNRVCRGV,3,5,14,10,8,24,-0.42105263157894735,anti-toxic
GDGDNILD,53,43,72,77,96,149,-0.42063492063492064,anti-toxic
FNSISNSD,25,14,33,35,39,68,-0.42028985507246375,anti-toxic
DHRCGNHN,44,26,52,60,70,112,-0.42,anti-toxic
YRHFCYRL,43,27,57,55,70,112,-0.42,anti-toxic
FIHNGVVV,44,38,62,67,82,129,-0.41964285714285715,anti-toxic
SRCHLIGG,46,36,58,71,82,129,-0.41964285714285715,anti-toxic
GVIVDSGS,38,25,42,60,63,102,-0.41935483870967744,anti-toxic
FCVRHVCI,20,12,21,37,32,58,-0.41935483870967744,anti-toxic
RISCGVRL,35,28,51,51,63,102,-0.41935483870967744,anti-toxic
NFDVGDGG,34,29,46,56,63,102,-0.41935483870967744,anti-toxic
RSRCSRIL,0,1,6,8,1,14,-0.41935483870967744,anti-toxic
CFNIDVIC,1,0,7,7,1,14,-0.41935483870967744,anti-toxic
RNRGNCLV,1,0,5,9,1,14,-0.41935483870967744,anti-toxic
DYVRCFHR,1,0,6,8,1,14,-0.41935483870967744,anti-toxic
RGGVLRDL,47,28,50,69,75,119,-0.41904761904761906,anti-toxic
CSSGSGDY,67,51,87,93,118,180,-0.4189189189189189,anti-toxic
DLGGHGVC,30,14,38,37,44,75,-0.4189189189189189,anti-toxic
VHSSCVRL,8,5,12,19,13,31,-0.4186046511627907,anti-toxic
GLDVGVRN,34,22,43,49,56,92,-0.4186046511627907,anti-toxic
FSSVGSVS,9,4,12,19,13,31,-0.4186046511627907,anti-toxic
SCRGVNVS,8,5,12,19,13,31,-0.4186046511627907,anti-toxic
FCVSRLGN,41,27,46,63,68,109,-0.41836734693877553,anti-toxic
VYVHRDNR,41,27,53,56,68,109,-0.41836734693877553,anti-toxic
CSSFVRGR,81,66,112,109,147,221,-0.4180790960451977,anti-toxic
RNFCGGRC,55,37,65,78,92,143,-0.4180327868852459,anti-toxic
HDIRVRDC,22,15,26,39,37,65,-0.417910447761194,anti-toxic
VDVGSSIV,25,12,35,30,37,65,-0.417910447761194,anti-toxic
RFCSVSCI,30,19,44,38,49,82,-0.4177215189873418,anti-toxic
LDVGHCGD,37,24,47,52,61,99,-0.4175824175824176,anti-toxic
CRNLHGSL,39,22,51,48,61,99,-0.4175824175824176,anti-toxic
RCDLGSDL,45,28,52,64,73,116,-0.4174757281553398,anti-toxic
RHSVRSRI,38,35,59,57,73,116,-0.4174757281553398,anti-toxic
SFVNGNGD,57,40,67,83,97,150,-0.41732283464566927,anti-toxic
DSLDNGLV,11,7,21,17,18,38,-0.4166666666666667,anti-toxic
FICYYDRH,5,1,9,12,6,21,-0.4166666666666667,anti-toxic
VGHVFISV,21,9,27,28,30,55,-0.4166666666666667,anti-toxic
CSSSHRSG,19,11,20,35,30,55,-0.4166666666666667,anti-toxic
NRGCVCYF,4,2,12,9,6,21,-0.4166666666666667,anti-toxic
GFCVVGGV,18,12,20,35,30,55,-0.4166666666666667,anti-toxic
INGVSYVV,13,5,12,26,18,38,-0.4166666666666667,anti-toxic
GSGIGFVC,51,44,69,78,95,147,-0.416,anti-toxic
VGSHGIDL,31,28,48,48,59,96,-0.4157303370786517,anti-toxic
NVDGIDVR,65,52,91,87,117,178,-0.41496598639455784,anti-toxic
FFRLGIGV,37,27,50,53,64,103,-0.4148936170212766,anti-toxic
NYSGCSRS,7,4,16,12,11,28,-0.4146341463414634,anti-toxic
GGHRCGHV,7,4,17,11,11,28,-0.4146341463414634,anti-toxic
FSRNRGSN,21,19,40,29,40,69,-0.4142857142857143,anti-toxic
RIRIGCSC,28,12,29,40,40,69,-0.4142857142857143,anti-toxic
CGFSIGRG,19,9,20,32,28,52,-0.41379310344827586,anti-toxic
GDVRVGHV,32,25,44,49,57,93,-0.41379310344827586,anti-toxic
GNGLVVVG,43,31,53,64,74,117,-0.41346153846153844,anti-toxic
SGRFGRLF,19,26,47,29,45,76,-0.41333333333333333,anti-toxic
VCRDSGLV,40,22,49,51,62,100,-0.41304347826086957,anti-toxic
VRDDLGHI,37,25,55,45,62,100,-0.41304347826086957,anti-toxic
CGDVSVRF,48,31,62,62,79,124,-0.41284403669724773,anti-toxic
DCDDNYGG,45,34,62,62,79,124,-0.41284403669724773,anti-toxic
DNCCNSGH,80,62,105,108,142,213,-0.4127906976744186,anti-toxic
SIGRDGRF,21,12,29,30,33,59,-0.4126984126984127,anti-toxic
IFYVIGGF,21,12,29,30,33,59,-0.4126984126984127,anti-toxic
FYDCLRCF,17,16,24,35,33,59,-0.4126984126984127,anti-toxic
VGCNSHDI,31,19,44,39,50,83,-0.4125,anti-toxic
CVNVGLHV,28,27,45,45,55,90,-0.4117647058823529,anti-toxic
YCIFCSCI,3,1,8,10,4,18,-0.4117647058823529,anti-toxic
NNDVIYVV,13,8,23,19,21,42,-0.4117647058823529,anti-toxic
SVIDSVGI,28,10,30,36,38,66,-0.4117647058823529,anti-toxic
SDCDNVRV,3,1,10,8,4,18,-0.4117647058823529,anti-toxic
FNCDGRVD,28,15,37,36,43,73,-0.410958904109589,anti-toxic
GIDISVDC,59,40,68,84,99,152,-0.4108527131782946,anti-toxic
VNSFVVGC,27,21,46,34,48,80,-0.41025641025641024,anti-toxic
DNVGYCVD,4,5,9,16,9,25,-0.41025641025641024,anti-toxic
CRVRHCIG,71,55,104,86,126,190,-0.41025641025641024,anti-toxic
LGYIRRRV,39,31,48,63,70,111,-0.41,anti-toxic
GSHNCVGV,90,80,127,125,170,252,-0.41,anti-toxic
GFGSVHNV,42,28,47,64,70,111,-0.41,anti-toxic
CFSSLVRV,40,30,54,57,70,111,-0.41,anti-toxic
FLDGVGRG,21,10,30,26,31,56,-0.4098360655737705,anti-toxic
GGDFIRSV,22,9,30,26,31,56,-0.4098360655737705,anti-toxic
CICCYFVY,35,18,41,46,53,87,-0.40963855421686746,anti-toxic
YDGCDGSH,33,20,39,48,53,87,-0.40963855421686746,anti-toxic
RLFGRGCC,39,41,53,72,80,125,-0.4090909090909091,anti-toxic
VHNGCDHG,49,31,59,66,80,125,-0.4090909090909091,anti-toxic
FDSIGVSG,52,33,59,73,85,132,-0.40869565217391307,anti-toxic
LSHCGDNH,43,25,60,48,68,108,-0.40816326530612246,anti-toxic
GGGFSSLV,56,39,68,78,95,146,-0.408,anti-toxic
RCFSHVSR,26,20,36,41,46,77,-0.40789473684210525,anti-toxic
DHVISDGN,20,26,39,38,46,77,-0.40789473684210525,anti-toxic
CRSDLDFS,25,26,51,33,51,84,-0.4074074074074074,anti-toxic
VGYINRII,12,12,24,22,24,46,-0.4074074074074074,anti-toxic
IIGRHGGC,11,13,27,19,24,46,-0.4074074074074074,anti-toxic
SFDHHCDN,19,5,24,22,24,46,-0.4074074074074074,anti-toxic
RCNDYVVL,45,38,64,65,83,129,-0.40707964601769914,anti-toxic
GHVRGNHD,32,24,49,42,56,91,-0.4069767441860465,anti-toxic
VNINFVRG,21,8,20,33,29,53,-0.4067796610169492,anti-toxic
GGHRRIYC,16,13,27,26,29,53,-0.4067796610169492,anti-toxic
SCDGCDLD,48,40,62,74,88,136,-0.4067796610169492,anti-toxic
SHSRSLGS,69,51,85,96,120,181,-0.4066666666666667,anti-toxic
GNDGSIGG,34,27,50,48,61,98,-0.4065934065934066,anti-toxic
NVNVSGRD,88,69,126,107,157,233,-0.40641711229946526,anti-toxic
CGSCYCDF,2,0,11,4,2,15,-0.40625,anti-toxic
FCGGVLRY,2,0,5,10,2,15,-0.40625,anti-toxic
GDCLDDCG,23,11,27,33,34,60,-0.40625,anti-toxic
RFHCGVRR,22,17,29,38,39,67,-0.4057971014492754,anti-toxic
INDGHGCD,40,36,58,61,76,119,-0.4056603773584906,anti-toxic
DCNVSNGI,47,34,58,68,81,126,-0.40540540540540543,anti-toxic
RRGFRLCI,3,4,6,16,7,22,-0.40540540540540543,anti-toxic
RHNVCRGG,4,3,10,12,7,22,-0.40540540540540543,anti-toxic
CIFCFSLH,6,1,7,15,7,22,-0.40540540540540543,anti-toxic
LCGCSDRS,5,2,6,16,7,22,-0.40540540540540543,anti-toxic
LVRGDCNV,48,33,66,60,81,126,-0.40540540540540543,anti-toxic
SDHCHHRC,34,15,35,46,49,81,-0.4050632911392405,anti-toxic
DYCGGSRC,50,41,70,70,91,140,-0.4049586776859504,anti-toxic
SGFGNLVH,3,9,15,14,12,29,-0.40476190476190477,anti-toxic
RDVGCICS,32,22,40,48,54,88,-0.40476190476190477,anti-toxic
CVRVGVHG,28,26,41,47,54,88,-0.40476190476190477,anti-toxic
SLGVVFHS,5,7,12,17,12,29,-0.40476190476190477,anti-toxic
HDGRIVCD,30,24,42,46,54,88,-0.40476190476190477,anti-toxic
CYVSRVVS,11,6,17,19,17,36,-0.40425531914893614,anti-toxic
ISDGGHII,46,28,67,49,74,116,-0.40384615384615385,anti-toxic
DGVGHLDI,42,37,59,64,79,123,-0.4036697247706422,anti-toxic
GSVNGSLF,18,9,24,26,27,50,-0.40350877192982454,anti-toxic
GSVRICLG,16,11,29,21,27,50,-0.40350877192982454,anti-toxic
FIVRYHFC,18,9,22,28,27,50,-0.40350877192982454,anti-toxic
CSSDSYVG,55,44,73,78,99,151,-0.40310077519379844,anti-toxic
RSCFNFVS,25,12,32,32,37,64,-0.40298507462686567,anti-toxic
VVVNGRRN,23,19,27,44,42,71,-0.4027777777777778,anti-toxic
DRGFRCRL,30,12,31,40,42,71,-0.4027777777777778,anti-toxic
CIHSGRRN,32,15,35,43,47,78,-0.4025974025974026,anti-toxic
VVVRRVGC,30,22,40,45,52,85,-0.4024390243902439,anti-toxic
FVHRSGNC,33,19,43,42,52,85,-0.4024390243902439,anti-toxic
RRCGVCVV,31,26,45,47,57,92,-0.40229885057471265,anti-toxic
FLHRDSSC,36,21,38,54,57,92,-0.40229885057471265,anti-toxic
GDLFNRVV,40,32,52,61,72,113,-0.4019607843137255,anti-toxic
CISVNHNS,43,39,61,66,82,127,-0.4017857142857143,anti-toxic
NHFNLSLH,29,26,44,45,55,89,-0.4,anti-toxic
VGRVGLSD,7,3,13,13,10,26,-0.4,anti-toxic
HGIGCNFS,15,5,16,24,20,40,-0.4,anti-toxic
SDGICVDD,42,28,54,56,70,110,-0.4,anti-toxic
LDLFDGGF,12,18,26,28,30,54,-0.4,anti-toxic
IVRCCCNS,24,11,27,34,35,61,-0.4,anti-toxic
SCRCRFVV,0,5,5,14,5,19,-0.4,anti-toxic
NLCSIRLH,46,34,55,69,80,124,-0.4,anti-toxic
NCGDRVGD,28,17,31,44,45,75,-0.4,anti-toxic
IHGRNVVC,13,12,26,21,25,47,-0.4,anti-toxic
NYVNSGRV,23,22,32,43,45,75,-0.4,anti-toxic
GYSYVCFC,4,1,8,11,5,19,-0.4,anti-toxic
NRGSRVVH,19,6,22,25,25,47,-0.4,anti-toxic
YGSVGNND,7,3,11,15,10,26,-0.4,anti-toxic
ISGCRLGI,25,15,30,38,40,68,-0.4,anti-toxic
VCDSDRVC,18,7,24,23,25,47,-0.4,anti-toxic
FGLGCLGS,71,57,98,93,128,191,-0.3987341772151899,anti-toxic
NGGVIGCL,41,27,51,56,68,107,-0.3979591836734694,anti-toxic
DRYRCNNR,31,27,44,49,58,93,-0.3977272727272727,anti-toxic
FCCNVRNS,36,17,45,41,53,86,-0.39759036144578314,anti-toxic
INGHRCRF,34,19,44,42,53,86,-0.39759036144578314,anti-toxic
HDRVINCG,29,19,31,48,48,79,-0.3974358974358974,anti-toxic
FNGIRRRL,25,18,30,42,43,72,-0.3972602739726027,anti-toxic
VGIHCNDV,64,47,82,85,111,167,-0.3971631205673759,anti-toxic
HVCRHIHV,27,11,31,34,38,65,-0.39705882352941174,anti-toxic
FVYLRILH,11,27,30,35,38,65,-0.39705882352941174,anti-toxic
LIGVGLRS,28,10,31,34,38,65,-0.39705882352941174,anti-toxic
GCGGSDGG,19,19,42,23,38,65,-0.39705882352941174,anti-toxic
GVCRRILL,25,13,25,40,38,65,-0.39705882352941174,anti-toxic
SSVCRNLV,23,15,36,29,38,65,-0.39705882352941174,anti-toxic
FHFCCDRS,25,13,35,30,38,65,-0.39705882352941174,anti-toxic
SHLNGNRV,22,11,25,33,33,58,-0.3968253968253968,anti-toxic
SGGHRRVY,20,13,25,33,33,58,-0.3968253968253968,anti-toxic
RSCSIFGC,55,36,65,74,91,139,-0.39669421487603307,anti-toxic
SVNIRSCV,21,7,27,24,28,51,-0.39655172413793105,anti-toxic
DVSCFRRG,51,35,58,74,86,132,-0.39655172413793105,anti-toxic
SSDDSFIG,15,8,24,20,23,44,-0.39622641509433965,anti-toxic
HGLSGHVV,68,51,91,87,119,178,-0.3959731543624161,anti-toxic
NIDHSSSI,35,31,48,56,66,104,-0.3958333333333333,anti-toxic
RRDVNVCH,59,45,81,76,104,157,-0.39552238805970147,anti-toxic
RNCHSFVI,56,48,72,85,104,157,-0.39552238805970147,anti-toxic
NVGCGLGL,35,21,43,47,56,90,-0.3953488372093023,anti-toxic
YSHDRILN,9,4,15,15,13,30,-0.3953488372093023,anti-toxic
GDSYGRNG,31,20,39,44,51,83,-0.3950617283950617,anti-toxic
SVHVSSVV,3,5,15,8,8,23,-0.39473684210526316,anti-toxic
VCNRNRYC,26,15,31,38,41,69,-0.39436619718309857,anti-toxic
SDHGLSCL,24,17,34,35,41,69,-0.39436619718309857,anti-toxic
VIDHSVND,28,13,35,34,41,69,-0.39436619718309857,anti-toxic
HYRFGCLH,2,1,8,8,3,16,-0.3939393939393939,anti-toxic
YICRGDRI,1,2,9,7,3,16,-0.3939393939393939,anti-toxic
FLGFRRCR,36,33,50,58,69,108,-0.3939393939393939,anti-toxic
NFGVGCVC,2,1,3,13,3,16,-0.3939393939393939,anti-toxic
GYGNGVGI,3,0,7,9,3,16,-0.3939393939393939,anti-toxic
DNHVVIDC,26,10,30,32,36,62,-0.3939393939393939,anti-toxic
VNGCIVGV,40,24,51,50,64,101,-0.39361702127659576,anti-toxic
INICNGRV,17,14,27,28,31,55,-0.39344262295081966,anti-toxic
DVFRGDVV,17,14,28,27,31,55,-0.39344262295081966,anti-toxic
IYCGIRSS,49,38,59,74,87,133,-0.39316239316239315,anti-toxic
NVCRNCRV,19,7,23,25,26,48,-0.39285714285714285,anti-toxic
SSDGHHGI,49,33,68,58,82,126,-0.39285714285714285,anti-toxic
GCYRVDSV,29,20,41,39,49,80,-0.3924050632911392,anti-toxic
CVGSGVGC,30,19,43,37,49,80,-0.3924050632911392,anti-toxic
GHVVSGCL,11,10,14,27,21,41,-0.39215686274509803,anti-toxic
HSCGVVNG,14,7,19,22,21,41,-0.39215686274509803,anti-toxic
IYFICLDL,16,5,15,26,21,41,-0.39215686274509803,anti-toxic
VGGCVVHF,26,18,32,41,44,73,-0.3918918918918919,anti-toxic
FYFIFCRF,28,16,37,36,44,73,-0.3918918918918919,anti-toxic
INLGVSNL,54,36,71,66,90,137,-0.39166666666666666,anti-toxic
CCHDNIGS,28,11,38,28,39,66,-0.391304347826087,anti-toxic
DDLVCRGV,34,23,43,48,57,91,-0.39080459770114945,anti-toxic
YVRCGGVL,22,12,34,25,34,59,-0.390625,anti-toxic
RIRCNGDC,44,26,48,61,70,109,-0.39,anti-toxic
NGGGYISR,51,37,69,65,88,134,-0.3898305084745763,anti-toxic
LRDDVFVS,15,14,17,35,29,52,-0.3898305084745763,anti-toxic
FLFRGFCG,32,15,33,44,47,77,-0.38961038961038963,anti-toxic
GDCVRIRV,20,4,21,24,24,45,-0.3888888888888889,anti-toxic
CRRFISSL,4,2,9,11,6,20,-0.3888888888888889,anti-toxic
DLNVSCRV,39,21,42,53,60,95,-0.3888888888888889,anti-toxic
NSNNDLSG,26,16,32,38,42,70,-0.3888888888888889,anti-toxic
LCGIVRSH,60,49,78,85,109,163,-0.38848920863309355,anti-toxic
FFYVVNNG,45,28,55,58,73,113,-0.3883495145631068,anti-toxic
FCDHVSRG,31,24,47,41,55,88,-0.38823529411764707,anti-toxic
SHGFRVLN,22,15,30,33,37,63,-0.3880597014925373,anti-toxic
CDNDFIGS,52,34,69,62,86,131,-0.3879310344827586,anti-toxic
CVHSSGRR,32,18,36,45,50,81,-0.3875,anti-toxic
HINHRYVR,30,20,45,36,50,81,-0.3875,anti-toxic
FVDGDYIG,0,1,3,10,1,13,-0.3870967741935484,anti-toxic
GLFGRGCL,1,0,5,8,1,13,-0.3870967741935484,anti-toxic
GRRSIGRL,1,0,10,3,1,13,-0.3870967741935484,anti-toxic
IFGCGGRH,100,87,143,128,187,271,-0.3870967741935484,anti-toxic
GSLIGFGH,39,24,50,49,63,99,-0.3870967741935484,anti-toxic
SCYDRVGG,1,0,7,6,1,13,-0.3870967741935484,anti-toxic
SCSYRGRH,42,34,56,61,76,117,-0.3867924528301887,anti-toxic
CCDVRLRD,99,83,129,135,182,264,-0.3867924528301887,anti-toxic
LLCGVFRS,28,17,39,35,45,74,-0.38666666666666666,anti-toxic
GVCGNYGG,47,37,69,59,84,128,-0.38596491228070173,anti-toxic
CIYGFDCV,15,12,26,23,27,49,-0.38596491228070173,anti-toxic
IRNGVCNI,26,14,29,38,40,67,-0.38571428571428573,anti-toxic
FGGHVSRD,27,13,32,35,40,67,-0.38571428571428573,anti-toxic
LSNSSFRL,36,17,35,50,53,85,-0.3855421686746988,anti-toxic
VHDCVVSN,34,19,45,40,53,85,-0.3855421686746988,anti-toxic
SSHVVGVN,59,46,70,87,105,157,-0.3851851851851852,anti-toxic
NDLIGNNC,16,19,35,25,35,60,-0.38461538461538464,anti-toxic
CVVCCDCD,8,1,10,14,9,24,-0.38461538461538464,anti-toxic
GNRGICSH,11,11,21,21,22,42,-0.38461538461538464,anti-toxic
LIGRVVIR,38,23,46,50,61,96,-0.38461538461538464,anti-toxic
NCGVSRNR,17,5,19,23,22,42,-0.38461538461538464,anti-toxic
VHRGRDDC,63,45,71,90,108,161,-0.38405797101449274,anti-toxic
RDVRGCGI,57,38,76,67,95,143,-0.384,anti-toxic
ICNGNVHV,50,45,69,74,95,143,-0.384,anti-toxic
FCVSSVRH,50,32,57,68,82,125,-0.38392857142857145,anti-toxic
GSLLYRIG,34,22,35,54,56,89,-0.38372093023255816,anti-toxic
VNDDSVVH,33,23,48,41,56,89,-0.38372093023255816,anti-toxic
IIHGRGCL,27,16,37,34,43,71,-0.3835616438356164,anti-toxic
GCHHHSIG,67,49,84,88,116,172,-0.3835616438356164,anti-toxic
RVIGLIHS,26,17,36,35,43,71,-0.3835616438356164,anti-toxic
SNIVHVHS,52,38,64,72,90,136,-0.38333333333333336,anti-toxic
RGNLVICG,41,23,46,54,64,100,-0.3829787234042553,anti-toxic
HSGVHGSC,32,19,35,47,51,82,-0.38271604938271603,anti-toxic
CCDSVNSV,34,17,36,46,51,82,-0.38271604938271603,anti-toxic
IGYLRCFG,2,2,10,7,4,17,-0.38235294117647056,anti-toxic
RNIGYCIV,22,16,27,37,38,64,-0.38235294117647056,anti-toxic
FCFCVLGL,2,2,12,5,4,17,-0.38235294117647056,anti-toxic
RFYFSIDH,3,1,6,11,4,17,-0.38235294117647056,anti-toxic
CYDLHNRG,27,11,31,33,38,64,-0.38235294117647056,anti-toxic
LFDCSNVR,3,1,9,8,4,17,-0.38235294117647056,anti-toxic
SCILHGNG,26,12,28,36,38,64,-0.38235294117647056,anti-toxic
DFGGIDVN,73,54,96,91,127,187,-0.3821656050955414,anti-toxic
GRCCRSGL,49,31,57,65,80,122,-0.38181818181818183,anti-toxic
VHSVSHHV,59,42,82,69,101,151,-0.3816793893129771,anti-toxic
FNVIYHHG,39,28,58,46,67,104,-0.38144329896907214,anti-toxic
RRFHLYCH,21,12,26,31,33,57,-0.38095238095238093,anti-toxic
CNVRCLRN,22,11,27,30,33,57,-0.38095238095238093,anti-toxic
SNCCSINV,52,44,72,72,96,144,-0.38095238095238093,anti-toxic
HFCHGVRN,20,13,20,37,33,57,-0.38095238095238093,anti-toxic
CSHSGHGI,37,25,48,49,62,97,-0.3804347826086957,anti-toxic
VDHDDICV,27,14,34,34,41,68,-0.38028169014084506,anti-toxic
HVRSNVGC,25,16,36,32,41,68,-0.38028169014084506,anti-toxic
SCLVVGGV,10,10,19,20,20,39,-0.38,anti-toxic
NGDVCGRV,10,10,20,19,20,39,-0.38,anti-toxic
GVSFHSVH,42,28,57,51,70,108,-0.38,anti-toxic
IRVDYGRV,34,15,38,41,49,79,-0.379746835443038,anti-toxic
IIGNLCNS,27,30,42,48,57,90,-0.3793103448275862,anti-toxic
DDIVHIVD,64,51,82,88,115,170,-0.3793103448275862,anti-toxic
SFVVGVDG,37,20,44,46,57,90,-0.3793103448275862,anti-toxic
VRFGNNIL,34,31,49,52,65,101,-0.37894736842105264,anti-toxic
LNIVGDRG,27,9,27,34,36,61,-0.3787878787878788,anti-toxic
RSRHLHRD,21,15,29,32,36,61,-0.3787878787878788,anti-toxic
HHLCLNGS,68,50,88,86,118,174,-0.3783783783783784,anti-toxic
GRCISYHS,20,24,29,43,44,72,-0.3783783783783784,anti-toxic
DYGHDDGV,49,40,68,66,89,134,-0.37815126050420167,anti-toxic
VGVDYSND,10,5,16,16,15,32,-0.37777777777777777,anti-toxic
RGGICGRG,8,7,16,16,15,32,-0.37777777777777777,anti-toxic
CVGRNYCS,38,22,44,50,60,94,-0.37777777777777777,anti-toxic
GFIRDVSL,38,22,42,52,60,94,-0.37777777777777777,anti-toxic
YRGIVRRG,10,5,16,16,15,32,-0.37777777777777777,anti-toxic
ICCRDSSS,17,6,21,22,23,43,-0.37735849056603776,anti-toxic
LDLGGNVG,16,15,29,25,31,54,-0.3770491803278688,anti-toxic
RFGRHSDV,17,14,23,31,31,54,-0.3770491803278688,anti-toxic
CVFSISRG,82,71,111,111,153,222,-0.3770491803278688,anti-toxic
LRDDNVRH,22,9,29,25,31,54,-0.3770491803278688,anti-toxic
CSSVDISI,21,10,25,29,31,54,-0.3770491803278688,anti-toxic
YGVDRRVD,24,15,31,34,39,65,-0.37681159420289856,anti-toxic
SFRRIRGF,28,19,36,40,47,76,-0.37662337662337664,anti-toxic
VGLDVGVN,36,19,45,42,55,87,-0.3764705882352941,anti-toxic
GFDDCRHD,36,19,35,52,55,87,-0.3764705882352941,anti-toxic
GDNNVGDV,31,24,39,48,55,87,-0.3764705882352941,anti-toxic
GHRNGDHN,36,19,36,51,55,87,-0.3764705882352941,anti-toxic
GGNYRCLS,36,27,50,48,63,98,-0.3763440860215054,anti-toxic
VCCSSVNS,46,33,53,67,79,120,-0.3761467889908257,anti-toxic
SLSHSCGG,42,37,57,63,79,120,-0.3761467889908257,anti-toxic
YCSGSNIR,52,35,65,66,87,131,-0.37606837606837606,anti-toxic
HVVYSRGL,42,40,53,71,82,124,-0.375,anti-toxic
FFCCCSCF,0,2,5,9,2,14,-0.375,anti-toxic
FGVLFVRL,19,15,27,31,34,58,-0.375,anti-toxic
GFGGRIIV,19,7,26,21,26,47,-0.375,anti-toxic
HGRDGGVN,37,21,38,53,58,91,-0.375,anti-toxic
NSDIFDDS,29,13,34,35,42,69,-0.375,anti-toxic
VRGSCVHD,30,20,41,39,50,80,-0.375,anti-toxic
GCGSSDDG,7,3,12,13,10,25,-0.375,anti-toxic
GRVCGHRI,2,0,6,8,2,14,-0.375,anti-toxic
GRGILSYG,2,0,9,5,2,14,-0.375,anti-toxic
LIGVSGRS,2,0,6,8,2,14,-0.375,anti-toxic
CVHGCVYV,2,0,6,8,2,14,-0.375,anti-toxic
DGRFVLHV,41,25,44,58,66,102,-0.375,anti-toxic
CIGNSHGC,36,22,48,43,58,91,-0.375,anti-toxic
CGSVGDGH,48,29,53,64,77,117,-0.37383177570093457,anti-toxic
IDCCDCGD,39,22,46,49,61,95,-0.37362637362637363,anti-toxic
NNVGRVVR,30,23,43,41,53,84,-0.37349397590361444,anti-toxic
HFLSGLRV,26,19,35,38,45,73,-0.37333333333333335,anti-toxic
RFHSCHGL,43,29,48,62,72,110,-0.37254901960784315,anti-toxic
FHRVGHSH,11,10,25,15,21,40,-0.37254901960784315,anti-toxic
LVRGGIDC,31,25,42,46,56,88,-0.37209302325581395,anti-toxic
VGNVGNVH,34,22,37,51,56,88,-0.37209302325581395,anti-toxic
GGRCLSRC,29,27,43,45,56,88,-0.37209302325581395,anti-toxic
DIDVGLLL,35,21,52,36,56,88,-0.37209302325581395,anti-toxic
VSGFYSRV,54,37,73,63,91,136,-0.371900826446281,anti-toxic
RDCYRVRH,29,19,41,36,48,77,-0.3717948717948718,anti-toxic
IRSISVGN,50,33,56,69,83,125,-0.37168141592920356,anti-toxic
SYGVRICS,23,17,34,32,40,66,-0.37142857142857144,anti-toxic
CFSRVVSL,25,15,34,32,40,66,-0.37142857142857144,anti-toxic
CSDGRCGG,35,24,39,53,59,92,-0.3707865168539326,anti-toxic
CVSVGCSI,14,10,26,18,24,44,-0.37037037037037035,anti-toxic
RFSFLNFS,34,17,43,38,51,81,-0.37037037037037035,anti-toxic
GVHGSICD,27,16,40,30,43,70,-0.3698630136986301,anti-toxic
DGHSYIGH,26,17,35,35,43,70,-0.3698630136986301,anti-toxic
SCSGDGGI,29,14,35,35,43,70,-0.3698630136986301,anti-toxic
FSGHVSDG,57,43,70,78,100,148,-0.36923076923076925,anti-toxic
RFGCRGGC,33,21,42,43,54,85,-0.36904761904761907,anti-toxic
NHDGHSGI,32,22,48,37,54,85,-0.36904761904761907,anti-toxic
VSGSFRVI,43,49,76,61,92,137,-0.36885245901639346,anti-toxic
HFVHVCRV,62,49,77,86,111,163,-0.36879432624113473,anti-toxic
GHFVDSSV,16,11,25,23,27,48,-0.3684210526315789,anti-toxic
GIGLVCCG,14,13,22,26,27,48,-0.3684210526315789,anti-toxic
NDIVSSHI,4,4,8,14,8,22,-0.3684210526315789,anti-toxic
GSGGHSLR,46,38,65,61,84,126,-0.3684210526315789,anti-toxic
LVSGRHVF,48,36,70,56,84,126,-0.3684210526315789,anti-toxic
YGGVVVCH,30,16,35,39,46,74,-0.3684210526315789,anti-toxic
NGFSCNRV,41,24,43,57,65,100,-0.3684210526315789,anti-toxic
SLCNIGRG,23,23,32,42,46,74,-0.3684210526315789,anti-toxic
SILDLVIV,26,20,31,43,46,74,-0.3684210526315789,anti-toxic
CRDSCVND,14,13,26,22,27,48,-0.3684210526315789,anti-toxic
CDVRHNVI,44,32,52,63,76,115,-0.36792452830188677,anti-toxic
CHHFSCYY,40,36,59,56,76,115,-0.36792452830188677,anti-toxic
FDHNNRRC,46,30,61,54,76,115,-0.36792452830188677,anti-toxic
VRVCHLRR,78,66,98,110,144,208,-0.367816091954023,anti-toxic
GVHCVLIF,25,13,32,31,38,63,-0.36764705882352944,anti-toxic
GILNHLGR,43,25,55,49,68,104,-0.3673469387755102,anti-toxic
LGSGGGLR,16,3,15,22,19,37,-0.3673469387755102,anti-toxic
YINRGCRC,34,15,34,44,49,78,-0.3670886075949367,anti-toxic
LLGDFSNS,15,15,25,27,30,52,-0.36666666666666664,anti-toxic
CRSDGHHG,24,6,25,27,30,52,-0.36666666666666664,anti-toxic
NHIGRCGG,26,15,29,38,41,67,-0.36619718309859156,anti-toxic
FRFVSHRS,28,13,29,38,41,67,-0.36619718309859156,anti-toxic
SYGNIVHG,42,40,60,63,82,123,-0.36607142857142855,anti-toxic
DLHVVYRS,15,7,23,18,22,41,-0.36538461538461536,anti-toxic
VGCSIRDV,13,9,20,21,22,41,-0.36538461538461536,anti-toxic
NDSVCLSV,57,39,69,73,96,142,-0.36507936507936506,anti-toxic
GYVCDRNG,20,13,28,28,33,56,-0.36507936507936506,anti-toxic
NCVHGIRV,32,23,41,45,55,86,-0.36470588235294116,anti-toxic
FGNGRSGD,36,19,36,50,55,86,-0.36470588235294116,anti-toxic
GRRVDGHR,35,20,44,42,55,86,-0.36470588235294116,anti-toxic
VCDVIGLR,3,0,5,10,3,15,-0.36363636363636365,anti-toxic
RSVVGIVI,3,0,8,7,3,15,-0.36363636363636365,anti-toxic
VDFHGDDR,14,11,25,20,25,45,-0.36363636363636365,anti-toxic
GSVNIRLD,54,37,70,65,91,135,-0.36363636363636365,anti-toxic
NCSHGLSL,1,2,10,5,3,15,-0.36363636363636365,anti-toxic
FDRCGVRC,43,29,55,54,72,109,-0.3627450980392157,anti-toxic
FNCGVFVV,29,10,28,36,39,64,-0.36231884057971014,anti-toxic
FDRRVRND,23,16,31,33,39,64,-0.36231884057971014,anti-toxic
GGVRRCDC,35,29,48,50,64,98,-0.3617021276595745,anti-toxic
DIDDGYSD,39,25,49,49,64,98,-0.3617021276595745,anti-toxic
DSVSCDSR,51,38,63,69,89,132,-0.36134453781512604,anti-toxic
VRRCDLHC,27,15,36,32,42,68,-0.3611111111111111,anti-toxic
YVGLGGCD,5,1,9,10,6,19,-0.3611111111111111,anti-toxic
CFDNRDDG,5,1,8,11,6,19,-0.3611111111111111,anti-toxic
SRFFSYVC,3,3,9,10,6,19,-0.3611111111111111,anti-toxic
VCDDVVVR,29,13,36,32,42,68,-0.3611111111111111,anti-toxic
GNIVRCCG,3,3,12,7,6,19,-0.3611111111111111,anti-toxic
VNGIVCSI,58,45,79,72,103,151,-0.3609022556390977,anti-toxic
YHVRRYIS,22,9,19,34,31,53,-0.36065573770491804,anti-toxic
IGCFRRII,21,10,24,29,31,53,-0.36065573770491804,anti-toxic
SSVSDDIH,32,24,41,46,56,87,-0.36046511627906974,anti-toxic
RVYGYRGV,35,21,39,48,56,87,-0.36046511627906974,anti-toxic
CVRDHNDR,45,36,51,70,81,121,-0.36036036036036034,anti-toxic
NYGNYVRC,20,14,26,31,34,57,-0.359375,anti-toxic
SHICRLGG,24,10,33,24,34,57,-0.359375,anti-toxic
GNVRDVIC,24,10,24,33,34,57,-0.359375,anti-toxic
NCIDDNRH,46,27,53,57,73,110,-0.3592233009708738,anti-toxic
CDVSGICH,24,24,40,36,48,76,-0.358974358974359,anti-toxic
DCCDGVRC,51,36,65,64,87,129,-0.358974358974359,anti-toxic
FRHSCNVG,6,3,8,15,9,23,-0.358974358974359,anti-toxic
HGYCRNRH,59,42,75,73,101,148,-0.35877862595419846,anti-toxic
CIGIDFCG,36,26,48,47,62,95,-0.358695652173913,anti-toxic
NIGHHICG,31,31,52,43,62,95,-0.358695652173913,anti-toxic
YNRRSDSV,33,29,49,46,62,95,-0.358695652173913,anti-toxic
FGGNCSRN,38,38,52,62,76,114,-0.3584905660377358,anti-toxic
GCHLGHGV,17,6,25,17,23,42,-0.3584905660377358,anti-toxic
DISCHGVL,23,14,37,24,37,61,-0.3582089552238806,anti-toxic
VCVSHGNV,33,18,38,42,51,80,-0.35802469135802467,anti-toxic
CSIGVLGC,42,23,41,58,65,99,-0.35789473684210527,anti-toxic
DCCVRDVG,37,28,43,56,65,99,-0.35789473684210527,anti-toxic
LYVNRSCV,17,9,16,30,26,46,-0.35714285714285715,anti-toxic
VCGDGRNR,24,16,29,36,40,65,-0.35714285714285715,anti-toxic
GSIDNGRV,48,34,53,69,82,122,-0.35714285714285715,anti-toxic
HDCCISGR,26,14,32,33,40,65,-0.35714285714285715,anti-toxic
SFGCVRGV,15,11,21,25,26,46,-0.35714285714285715,anti-toxic
CNDDLVSS,59,40,69,76,99,145,-0.35658914728682173,anti-toxic
RIRNHSRG,47,38,59,67,85,126,-0.3565217391304348,anti-toxic
VSHDCNIN,16,13,23,27,29,50,-0.3559322033898305,anti-toxic
HYSVGSRD,18,11,30,20,29,50,-0.3559322033898305,anti-toxic
VFRCRSFS,18,11,20,30,29,50,-0.3559322033898305,anti-toxic
SFNDGVLS,73,60,90,101,133,191,-0.3558282208588957,anti-toxic
FSGFVFVS,9,6,13,18,15,31,-0.35555555555555557,anti-toxic
GDNFGLRS,11,4,11,20,15,31,-0.35555555555555557,anti-toxic
DSFNSGSD,55,36,65,69,91,134,-0.35537190082644626,anti-toxic
GFGIFRRV,61,47,79,78,108,157,-0.35507246376811596,anti-toxic
CNRCDCCV,1,0,3,9,1,12,-0.3548387096774194,anti-toxic
CLRCSYVV,0,1,5,7,1,12,-0.3548387096774194,anti-toxic
VIVHDDVS,52,42,62,76,94,138,-0.3548387096774194,anti-toxic
FSSRRLSS,40,23,47,49,63,96,-0.3548387096774194,anti-toxic
CLSFCCCY,0,1,3,9,1,12,-0.3548387096774194,anti-toxic
CHHDRRVD,1,0,9,3,1,12,-0.3548387096774194,anti-toxic
SLNIRCSV,18,14,18,36,32,54,-0.3548387096774194,anti-toxic
CNSDLVGD,24,8,23,31,32,54,-0.3548387096774194,anti-toxic
VGGSGHCF,20,12,26,28,32,54,-0.3548387096774194,anti-toxic
LYCDDVCG,1,0,3,9,1,12,-0.3548387096774194,anti-toxic
VVCGGLNI,28,21,36,41,49,77,-0.35443037974683544,anti-toxic
FLHRRHLC,58,39,66,76,97,142,-0.3543307086614173,anti-toxic
IHDNGVGL,80,65,95,112,145,207,-0.35428571428571426,anti-toxic
YCRGIVRC,36,30,55,45,66,100,-0.3541666666666667,anti-toxic
GDLGHDSH,9,9,20,15,18,35,-0.3541666666666667,anti-toxic
RHLHDRVL,47,36,56,67,83,123,-0.35398230088495575,anti-toxic
DVHFGCHS,28,24,41,40,52,81,-0.35365853658536583,anti-toxic
NCHDRGSD,50,39,66,65,89,131,-0.35294117647058826,anti-toxic
FRCNHYRV,22,16,27,35,38,62,-0.35294117647058826,anti-toxic
RRRSCGCI,16,5,20,19,21,39,-0.35294117647058826,anti-toxic
VICCCCRG,2,2,6,10,4,16,-0.35294117647058826,anti-toxic
GIGYSGVR,4,0,4,12,4,16,-0.35294117647058826,anti-toxic
LLYCRVFG,2,2,8,8,4,16,-0.35294117647058826,anti-toxic
NISGDNLV,28,10,28,34,38,62,-0.35294117647058826,anti-toxic
DCVSVRCL,37,18,43,42,55,85,-0.35294117647058826,anti-toxic
VIYVGHCC,2,2,10,6,4,16,-0.35294117647058826,anti-toxic
YNGVGIRV,43,29,55,53,72,108,-0.35294117647058826,anti-toxic
RFGGNCGC,55,37,65,70,92,135,-0.3524590163934426,anti-toxic
IGDFSRVR,50,42,68,67,92,135,-0.3524590163934426,anti-toxic
GVHCDCRG,33,25,48,41,58,89,-0.3522727272727273,anti-toxic
VSDVRCSL,26,15,31,35,41,66,-0.352112676056338,anti-toxic
FGGVRVGH,65,47,75,87,112,162,-0.352112676056338,anti-toxic
RGRYSRIF,74,58,87,102,132,189,-0.35185185185185186,anti-toxic
VRGHDHVG,25,19,40,30,44,70,-0.35135135135135137,anti-toxic
CGVGNLCV,60,41,75,72,101,147,-0.3511450381679389,anti-toxic
VFHGGRNG,19,8,16,31,27,47,-0.3508771929824561,anti-toxic
VCDIHHSH,45,39,66,58,84,124,-0.3508771929824561,anti-toxic
IGCGSCDG,51,33,65,59,84,124,-0.3508771929824561,anti-toxic
DFGCNVSG,23,24,35,39,47,74,-0.35064935064935066,anti-toxic
ICVVRRSV,31,36,44,57,67,101,-0.35051546391752575,anti-toxic
DIRGCGSL,16,14,32,19,30,51,-0.35,anti-toxic
GHRGSYHC,41,29,46,59,70,105,-0.35,anti-toxic
RHCHGISY,6,4,9,15,10,24,-0.35,anti-toxic
DRSGNCCV,38,32,57,48,70,105,-0.35,anti-toxic
DCHRDVDS,48,42,75,57,90,132,-0.35,anti-toxic
VVRFVCFF,16,14,23,28,30,51,-0.35,anti-toxic
HIDGHRNL,41,29,53,52,70,105,-0.35,anti-toxic
VFILVNVH,19,11,26,25,30,51,-0.35,anti-toxic
RCDDSGNR,50,46,70,70,96,140,-0.3492063492063492,anti-toxic
DCRVYNNC,42,34,49,64,76,113,-0.3490566037735849,anti-toxic
DDNRIGIR,57,42,67,77,99,144,-0.3488372093023256,anti-toxic
NCINVLSV,57,42,75,69,99,144,-0.3488372093023256,anti-toxic
RCGYVSCS,25,11,29,30,36,59,-0.3484848484848485,anti-toxic
SGFYDVVC,24,12,20,39,36,59,-0.3484848484848485,anti-toxic
VHVDGGCI,25,34,42,48,59,90,-0.34831460674157305,anti-toxic
FRFRYRIS,23,16,29,34,39,63,-0.34782608695652173,anti-toxic
VNVRRCGR,28,11,32,31,39,63,-0.34782608695652173,anti-toxic
INRFVNNS,37,25,56,38,62,94,-0.34782608695652173,anti-toxic
SHHFSVHG,30,12,24,43,42,67,-0.3472222222222222,anti-toxic
LVSNRLCN,22,20,29,38,42,67,-0.3472222222222222,anti-toxic
LGVRDDVC,11,8,21,15,19,36,-0.3469387755102041,anti-toxic
NRVIGYVV,42,26,51,51,68,102,-0.3469387755102041,anti-toxic
NFRCGINS,23,22,39,32,45,71,-0.3466666666666667,anti-toxic
GSDGDSRR,27,18,32,39,45,71,-0.3466666666666667,anti-toxic
DHLINCDN,31,14,32,39,45,71,-0.3466666666666667,anti-toxic
GSYRRSNH,32,13,32,39,45,71,-0.3466666666666667,anti-toxic
VCSHVIVR,69,54,96,80,123,176,-0.3464052287581699,anti-toxic
IRCSYVHV,15,7,19,21,22,40,-0.34615384615384615,anti-toxic
HFNVRYCV,30,18,45,30,48,75,-0.34615384615384615,anti-toxic
DSNGGVSL,10,12,28,12,22,40,-0.34615384615384615,anti-toxic
YRNCIIGC,62,44,76,77,106,153,-0.34558823529411764,anti-toxic
VGGCIVGR,18,7,22,22,25,44,-0.34545454545454546,anti-toxic
CVSYGLRS,18,10,23,25,28,48,-0.3448275862068966,anti-toxic
INGGGVSL,53,36,71,59,89,130,-0.3445378151260504,anti-toxic
CFHRRGRS,29,31,43,48,60,91,-0.34444444444444444,anti-toxic
RGSDIVLY,35,25,44,47,60,91,-0.34444444444444444,anti-toxic
GFRVGGRF,35,28,43,52,63,95,-0.34408602150537637,anti-toxic
CVIVVSYH,1,1,7,6,2,13,-0.34375,anti-toxic
VRCVSHHL,38,28,50,49,66,99,-0.34375,anti-toxic
LHLLRCGI,0,2,10,3,2,13,-0.34375,anti-toxic
CCDRIRGV,33,33,53,46,66,99,-0.34375,anti-toxic
DCLSVHRR,22,15,28,32,37,60,-0.34328358208955223,anti-toxic
VSGYGRGL,28,9,26,34,37,60,-0.34328358208955223,anti-toxic
CCDSGNDL,45,30,57,54,75,111,-0.34285714285714286,anti-toxic
CCCLVCYG,0,5,3,14,5,17,-0.34285714285714286,anti-toxic
SVCVDNLG,45,36,61,58,81,119,-0.34234234234234234,anti-toxic
VHGSVDVD,7,1,10,11,8,21,-0.34210526315789475,anti-toxic
GRRIIGGC,5,3,8,13,8,21,-0.34210526315789475,anti-toxic
RDRCGGGC,25,21,38,34,46,72,-0.34210526315789475,anti-toxic
GDVDCGDG,46,38,57,66,84,123,-0.34210526315789475,anti-toxic
GNHDGLRI,28,18,30,42,46,72,-0.34210526315789475,anti-toxic
SGVRDCIG,46,41,69,58,87,127,-0.3418803418803419,anti-toxic
FGVVRFGV,29,20,35,41,49,76,-0.34177215189873417,anti-toxic
GYIINGNV,35,17,41,39,52,80,-0.34146341463414637,anti-toxic
NVDVRSGR,30,22,43,37,52,80,-0.34146341463414637,anti-toxic
FNVGNVCH,5,6,15,10,11,25,-0.34146341463414637,anti-toxic
NYNDSRVV,76,61,99,95,137,194,-0.3413173652694611,anti-toxic
NSICSSIV,32,23,40,44,55,84,-0.3411764705882353,anti-toxic
RCDVDCDV,37,21,37,51,58,88,-0.3409090909090909,anti-toxic
FRRHCCNN,9,5,11,18,14,29,-0.3409090909090909,anti-toxic
GLRHDGRD,35,26,46,46,61,92,-0.34065934065934067,anti-toxic
IGSSDLRC,39,25,45,51,64,96,-0.3404255319148936,anti-toxic
FHLFLSCF,12,5,16,17,17,33,-0.3404255319148936,anti-toxic
FSRGCCIV,42,25,53,47,67,100,-0.3402061855670103,anti-toxic
GLCNGVGL,39,31,46,58,70,104,-0.34,anti-toxic
HNHVGRVV,12,8,18,19,20,37,-0.34,anti-toxic
DYRCVFSI,42,31,52,56,73,108,-0.33980582524271846,anti-toxic
VSNVGCDI,16,7,19,22,23,41,-0.33962264150943394,anti-toxic
RDDHRVRF,39,37,50,62,76,112,-0.33962264150943394,anti-toxic
HIYCYVSI,47,32,57,59,79,116,-0.3394495412844037,anti-toxic
HSRYSLSH,49,33,61,59,82,120,-0.3392857142857143,anti-toxic
FSGHVRLC,20,6,18,27,26,45,-0.3392857142857143,anti-toxic
LCGFNDRG,79,62,106,93,141,199,-0.3391812865497076,anti-toxic
DVSDGCVG,23,6,23,26,29,49,-0.3389830508474576,anti-toxic
GCHVDRDG,23,9,24,29,32,53,-0.3387096774193548,anti-toxic
RNGVSCNG,22,13,31,26,35,57,-0.3384615384615385,anti-toxic
FVRVGNDC,59,41,70,74,100,144,-0.3384615384615385,anti-toxic
VSNGFIHG,21,14,25,32,35,57,-0.3384615384615385,anti-toxic
RCIHGGSR,60,43,71,77,103,148,-0.3383458646616541,anti-toxic
YGLRRLRG,58,45,69,79,103,148,-0.3383458646616541,anti-toxic
SNGHFCIV,22,16,33,28,38,61,-0.3382352941176471,anti-toxic
LDLLVNRS,56,53,74,82,109,156,-0.3381294964028777,anti-toxic
DRFGSVCH,28,13,28,37,41,65,-0.3380281690140845,anti-toxic
YNVNGSGS,30,14,28,41,44,69,-0.33783783783783783,anti-toxic
NRDICVGR,34,16,37,40,50,77,-0.3375,anti-toxic
VNSLDCGG,34,22,38,47,56,85,-0.3372093023255814,anti-toxic
DGSGGGCY,77,65,109,91,142,200,-0.3372093023255814,anti-toxic
IDVHGGVV,30,26,40,45,56,85,-0.3372093023255814,anti-toxic
GIFNLGSI,36,20,40,45,56,85,-0.3372093023255814,anti-toxic
VNYIRGRV,36,23,45,44,59,89,-0.33707865168539325,anti-toxic
VNGCDFRH,31,28,42,47,59,89,-0.33707865168539325,anti-toxic
GCGFRFYS,39,26,46,51,65,97,-0.3368421052631579,anti-toxic
RLVHGCHV,44,30,48,61,74,109,-0.33653846153846156,anti-toxic
LNGRVDRV,47,30,64,49,77,113,-0.3364485981308411,anti-toxic
GHGCGLIR,40,40,53,64,80,117,-0.33636363636363636,anti-toxic
NLGDCRSG,47,36,58,63,83,121,-0.336283185840708,anti-toxic
FSNNRVFS,2,1,7,7,3,14,-0.3333333333333333,anti-toxic
VNIDSISV,8,7,13,17,15,30,-0.3333333333333333,anti-toxic
VVNNVSCD,26,13,28,34,39,62,-0.3333333333333333,anti-toxic
ISCSDIIR,6,3,9,13,9,22,-0.3333333333333333,anti-toxic
VGGVRSCG,27,15,25,41,42,66,-0.3333333333333333,anti-toxic
CSGRHVGD,41,28,52,50,69,102,-0.3333333333333333,anti-toxic
FDSGVLCR,34,20,38,44,54,82,-0.3333333333333333,anti-toxic
SLDRGCCN,60,42,78,68,102,146,-0.3333333333333333,anti-toxic
DIGGFGID,2,4,2,16,6,18,-0.3333333333333333,anti-toxic
YDILIIGC,10,2,13,13,12,26,-0.3333333333333333,anti-toxic
ICNSGGVC,12,3,16,14,15,30,-0.3333333333333333,anti-toxic
ICDRRVVF,12,12,24,18,24,42,-0.3333333333333333,anti-toxic
GYVNDLVV,31,17,34,40,48,74,-0.3333333333333333,anti-toxic
VDSSHFRI,23,10,23,31,33,54,-0.3333333333333333,anti-toxic
FHFNGRRC,5,1,9,9,6,18,-0.3333333333333333,anti-toxic
GDHNGVVL,50,31,52,66,81,118,-0.3333333333333333,anti-toxic
NIGGRFGG,61,47,77,77,108,154,-0.3333333333333333,anti-toxic
GFFNHILR,43,32,56,54,75,110,-0.3333333333333333,anti-toxic
ICHNDRDS,33,21,41,41,54,82,-0.3333333333333333,anti-toxic
NDRVCFRD,50,34,60,62,84,122,-0.3333333333333333,anti-toxic
GFVNGSIN,39,39,59,55,78,114,-0.3333333333333333,anti-toxic
GSNYGSSV,13,8,18,20,21,38,-0.3333333333333333,anti-toxic
LVSDGVDV,35,31,51,47,66,98,-0.3333333333333333,anti-toxic
NSVVHVNI,36,24,41,49,60,90,-0.3333333333333333,anti-toxic
GDSSYGCH,10,8,16,18,18,34,-0.3333333333333333,anti-toxic
FNRSCYRI,36,21,38,48,57,86,-0.3333333333333333,anti-toxic
RGIRGFCV,54,36,64,66,90,130,-0.3333333333333333,anti-toxic
CDVHSVYR,0,3,3,11,3,14,-0.3333333333333333,anti-toxic
RCGVGGDV,32,16,42,32,48,74,-0.3333333333333333,anti-toxic
DGIVYNCR,23,10,26,28,33,54,-0.3333333333333333,anti-toxic
VGLDICGV,22,11,24,30,33,54,-0.3333333333333333,anti-toxic
DFNGGDVC,4,2,5,13,6,18,-0.3333333333333333,anti-toxic
INGCFGRV,38,22,38,52,60,90,-0.3333333333333333,anti-toxic
IVYCDGFG,10,8,15,19,18,34,-0.3333333333333333,anti-toxic
GINFVSNH,17,7,17,25,24,42,-0.3333333333333333,anti-toxic
LVRSHGSL,17,7,18,24,24,42,-0.3333333333333333,anti-toxic
SGSGCRNL,11,7,13,21,18,34,-0.3333333333333333,anti-toxic
RNDGGFCG,12,6,19,15,18,34,-0.3333333333333333,anti-toxic
LNDSNCVG,91,72,108,119,163,227,-0.3316062176165803,anti-toxic
NDHVIGGR,65,47,75,84,112,159,-0.33098591549295775,anti-toxic
SGDGFVVL,40,30,54,49,70,103,-0.33,anti-toxic
VINHVSRC,40,21,48,43,61,91,-0.32967032967032966,anti-toxic
CDRSLCGS,33,19,33,46,52,79,-0.32926829268292684,anti-toxic
GVFRGRCI,29,23,43,36,52,79,-0.32926829268292684,anti-toxic
RCHDYDRG,30,13,30,37,43,67,-0.3287671232876712,anti-toxic
DHCCDSGG,66,47,76,84,113,160,-0.32867132867132864,anti-toxic
LCGDINRH,25,12,30,29,37,59,-0.3283582089552239,anti-toxic
RVCGNRCV,27,10,23,36,37,59,-0.3283582089552239,anti-toxic
YVSHRCRD,90,75,105,124,165,229,-0.3282051282051282,anti-toxic
DYGCRGNH,24,10,28,27,34,55,-0.328125,anti-toxic
RCVLRDYS,22,9,26,25,31,51,-0.32786885245901637,anti-toxic
GRDFHVYG,55,37,59,73,92,132,-0.32786885245901637,anti-toxic
NRGVGSGN,16,15,19,32,31,51,-0.32786885245901637,anti-toxic
RYGNGVRL,21,10,31,20,31,51,-0.32786885245901637,anti-toxic
NFFCGRRH,16,12,18,29,28,47,-0.3275862068965517,anti-toxic
DIVCVHRC,51,35,62,62,86,124,-0.3275862068965517,anti-toxic
RYRFINCL,15,13,22,25,28,47,-0.3275862068965517,anti-toxic
CDGVSLVV,51,32,64,56,83,120,-0.3274336283185841,anti-toxic
GFRCVHRN,19,6,24,19,25,43,-0.32727272727272727,anti-toxic
GSCRHRFN,49,31,57,59,80,116,-0.32727272727272727,anti-toxic
VVCYGNRG,46,31,48,64,77,112,-0.32710280373831774,anti-toxic
VIIGRHLL,40,34,54,54,74,108,-0.3269230769230769,anti-toxic
LCDDVGCR,17,5,21,18,22,39,-0.3269230769230769,anti-toxic
NYLGCVRS,46,28,50,58,74,108,-0.3269230769230769,anti-toxic
FFGVRDRD,12,10,17,22,22,39,-0.3269230769230769,anti-toxic
GSVVDIIH,46,28,48,60,74,108,-0.3269230769230769,anti-toxic
LCCGSDRG,14,8,23,16,22,39,-0.3269230769230769,anti-toxic
CFFRYGRV,71,52,85,88,123,173,-0.32679738562091504,anti-toxic
CDRNDCGI,39,32,49,55,71,104,-0.32673267326732675,anti-toxic
RYRNLYGV,41,30,54,50,71,104,-0.32673267326732675,anti-toxic
GDVIDVCD,42,29,44,60,71,104,-0.32673267326732675,anti-toxic
CSIGHIGI,43,25,46,54,68,100,-0.32653061224489793,anti-toxic
CLFYYNVI,11,8,17,18,19,35,-0.32653061224489793,anti-toxic
RFHNVRCL,65,46,72,85,111,157,-0.3262411347517731,anti-toxic
ISLRVVGL,37,25,45,47,62,92,-0.32608695652173914,anti-toxic
VNSVYGSL,8,8,12,19,16,31,-0.32608695652173914,anti-toxic
VCGRVRSY,37,19,49,35,56,84,-0.32558139534883723,anti-toxic
CGGNHCGV,35,18,35,45,53,80,-0.3253012048192771,anti-toxic
VLHGGDLN,32,21,31,49,53,80,-0.3253012048192771,anti-toxic
CYSVGGGV,10,0,10,13,10,23,-0.325,anti-toxic
HDDHHCRR,7,3,10,13,10,23,-0.325,anti-toxic
NFRVRSLS,8,2,9,14,10,23,-0.325,anti-toxic
YCGFIFGV,7,3,12,11,10,23,-0.325,anti-toxic
FVYFFCVF,8,2,12,11,10,23,-0.325,anti-toxic
IVVRDGNV,7,3,17,6,10,23,-0.325,anti-toxic
HGIVCNGR,48,39,66,59,87,125,-0.3247863247863248,anti-toxic
DRGLNDHV,28,19,34,38,47,72,-0.3246753246753247,anti-toxic
VLSCGRHH,5,2,7,12,7,19,-0.32432432432432434,anti-toxic
VCDIGVGC,27,17,26,42,44,68,-0.32432432432432434,anti-toxic
FVRHVLRG,5,2,14,5,7,19,-0.32432432432432434,anti-toxic
LRDVGSVV,26,15,30,34,41,64,-0.323943661971831,anti-toxic
LSVCDSRI,22,19,34,30,41,64,-0.323943661971831,anti-toxic
CRVLDNIN,42,33,51,58,75,109,-0.3238095238095238,anti-toxic
VYRVGVGY,4,0,8,7,4,15,-0.3235294117647059,anti-toxic
GFYRYLIH,2,2,7,8,4,15,-0.3235294117647059,anti-toxic
RCRHINCV,62,44,77,73,106,150,-0.3235294117647059,anti-toxic
LRSVLFRC,22,16,32,28,38,60,-0.3235294117647059,anti-toxic
SYGGIHRD,38,34,49,56,72,105,-0.3235294117647059,anti-toxic
NVVRCCRS,41,28,48,53,69,101,-0.32323232323232326,anti-toxic
RIIGHFCV,37,29,41,56,66,97,-0.3229166666666667,anti-toxic
GNLYDSCG,40,26,45,52,66,97,-0.3229166666666667,anti-toxic
GFRCGRGV,25,7,24,28,32,52,-0.3225806451612903,anti-toxic
VGGRIRHL,1,0,5,6,1,11,-0.3225806451612903,anti-toxic
IFGRYIGC,37,26,49,44,63,93,-0.3225806451612903,anti-toxic
LIYRDDVL,1,0,6,5,1,11,-0.3225806451612903,anti-toxic
GISSYDSV,18,14,27,25,32,52,-0.3225806451612903,anti-toxic
LSNCIHVH,39,24,52,41,63,93,-0.3225806451612903,anti-toxic
CYCCFFRL,1,0,6,5,1,11,-0.3225806451612903,anti-toxic
FVYCVNGF,19,13,29,23,32,52,-0.3225806451612903,anti-toxic
GIDCNRIC,67,55,76,95,122,171,-0.3223684210526316,anti-toxic
CVGISICH,37,23,39,50,60,89,-0.32222222222222224,anti-toxic
VSRSHDDV,48,37,53,69,85,122,-0.3217391304347826,anti-toxic
FSVGDRGI,49,33,64,54,82,118,-0.32142857142857145,anti-toxic
GRSLGVCS,48,31,48,66,79,114,-0.3211009174311927,anti-toxic
SIGCGHCD,32,19,34,43,51,77,-0.32098765432098764,anti-toxic
SSLRVLGF,86,71,111,106,157,217,-0.32085561497326204,anti-toxic
SLFGRHGV,14,9,15,25,23,40,-0.32075471698113206,anti-toxic
VHRDIYRG,15,8,23,17,23,40,-0.32075471698113206,anti-toxic
RVGNGHCC,26,22,32,41,48,73,-0.32051282051282054,anti-toxic
VIGGCGSC,69,54,82,90,123,172,-0.3202614379084967,anti-toxic
VRRVHNVG,15,5,15,21,20,36,-0.32,anti-toxic
FRVGGVCL,12,8,20,16,20,36,-0.32,anti-toxic
HDGNGCGR,53,39,62,69,92,131,-0.319672131147541,anti-toxic
RGCFSNIG,53,39,57,74,92,131,-0.319672131147541,anti-toxic
SGVVGCDL,34,33,55,43,67,98,-0.31958762886597936,anti-toxic
HHDVSLDV,24,18,29,36,42,65,-0.3194444444444444,anti-toxic
NGSGVRCG,50,39,61,66,89,127,-0.31932773109243695,anti-toxic
HVRFVVSG,86,72,103,115,158,218,-0.3191489361702128,anti-toxic
RVNCVCVD,34,30,42,52,64,94,-0.3191489361702128,anti-toxic
HFRSVIFV,13,4,14,18,17,32,-0.3191489361702128,anti-toxic
SNGINHRC,25,14,27,34,39,61,-0.3188405797101449,anti-toxic
CSVCVIVC,37,24,40,50,61,90,-0.31868131868131866,anti-toxic
CRINSFVI,38,23,39,51,61,90,-0.31868131868131866,anti-toxic
SICGHRHD,33,25,40,46,58,86,-0.3181818181818182,anti-toxic
VCGHIIFG,8,6,6,22,14,28,-0.3181818181818182,anti-toxic
RVDGSRVD,8,6,16,12,14,28,-0.3181818181818182,anti-toxic
SGVSSISH,8,6,14,14,14,28,-0.3181818181818182,anti-toxic
DLILICDS,12,2,12,16,14,28,-0.3181818181818182,anti-toxic
GGSCDLLR,24,12,25,32,36,57,-0.3181818181818182,anti-toxic
FGSIINVS,27,9,19,38,36,57,-0.3181818181818182,anti-toxic
SCIGNIRC,31,24,35,47,55,82,-0.3176470588235294,anti-toxic
GNSCCIGD,34,21,42,40,55,82,-0.3176470588235294,anti-toxic
DSVSSSGS,36,19,38,44,55,82,-0.3176470588235294,anti-toxic
GIIFGSRL,21,12,20,33,33,53,-0.31746031746031744,anti-toxic
GILRVISG,40,34,52,55,74,107,-0.3173076923076923,anti-toxic
FGHNDGIR,44,30,63,44,74,107,-0.3173076923076923,anti-toxic
LHVVGGSV,7,4,12,12,11,24,-0.3170731707317073,anti-toxic
SRNLNGGC,31,21,32,46,52,78,-0.3170731707317073,anti-toxic
CLNLNRGV,5,6,9,15,11,24,-0.3170731707317073,anti-toxic
GHLFRYCV,35,17,40,38,52,78,-0.3170731707317073,anti-toxic
RYDSSCRC,7,4,12,12,11,24,-0.3170731707317073,anti-toxic
FYCHYLVS,7,4,13,11,11,24,-0.3170731707317073,anti-toxic
ISVDGCHH,42,29,56,47,71,103,-0.31683168316831684,anti-toxic
HNSSCRGC,23,7,25,24,30,49,-0.31666666666666665,anti-toxic
DHGDCCDC,52,38,65,63,90,128,-0.31666666666666665,anti-toxic
CSNVSLIV,13,17,20,29,30,49,-0.31666666666666665,anti-toxic
SGGCYSGG,26,23,36,38,49,74,-0.31645569620253167,anti-toxic
VGFGDHRV,17,10,26,19,27,45,-0.3157894736842105,anti-toxic
CIVSDGIV,38,27,48,47,65,95,-0.3157894736842105,anti-toxic
VRNFGSGR,32,14,35,35,46,70,-0.3157894736842105,anti-toxic
FCVLGRSN,24,22,35,35,46,70,-0.3157894736842105,anti-toxic
RYDGVDVL,39,26,48,47,65,95,-0.3157894736842105,anti-toxic
GCCGSFFH,8,0,12,8,8,20,-0.3157894736842105,anti-toxic
RSGSNLGL,5,3,8,12,8,20,-0.3157894736842105,anti-toxic
VVDGIDVC,57,46,71,74,103,145,-0.3157894736842105,anti-toxic
GGGRYGHI,14,13,18,27,27,45,-0.3157894736842105,anti-toxic
RYGDDVGG,37,25,49,42,62,91,-0.31521739130434784,anti-toxic
GCVCCNFY,39,23,36,55,62,91,-0.31521739130434784,anti-toxic
VRDGHRGD,24,19,36,30,43,66,-0.3150684931506849,anti-toxic
DDIGGCNG,29,14,27,39,43,66,-0.3150684931506849,anti-toxic
DDNIRVFH,67,49,74,88,116,162,-0.3150684931506849,anti-toxic
NNLVGSVG,18,6,24,17,24,41,-0.3148148148148148,anti-toxic
LDGDCGRI,14,10,24,17,24,41,-0.3148148148148148,anti-toxic
RINYSISI,17,7,23,18,24,41,-0.3148148148148148,anti-toxic
GCSSNCSR,39,20,37,50,59,87,-0.3146067415730337,anti-toxic
IISGRFVD,34,25,48,39,59,87,-0.3146067415730337,anti-toxic
DDVRLRLC,61,49,72,82,110,154,-0.3142857142857143,anti-toxic
GHNHSCVI,4,1,7,9,5,16,-0.3142857142857143,anti-toxic
INDCFVHS,3,2,9,7,5,16,-0.3142857142857143,anti-toxic
VIDFVRVR,2,3,8,8,5,16,-0.3142857142857143,anti-toxic
VRHIRVSV,2,3,8,8,5,16,-0.3142857142857143,anti-toxic
SYVGSSNC,37,19,34,49,56,83,-0.313953488372093,anti-toxic
CGNRGFRL,34,22,38,45,56,83,-0.313953488372093,anti-toxic
CYFCCGRC,7,14,11,26,21,37,-0.3137254901960784,anti-toxic
IGSDLVGD,44,28,54,50,72,104,-0.3137254901960784,anti-toxic
IYCIFDLC,13,8,18,19,21,37,-0.3137254901960784,anti-toxic
FGNVSGHC,18,3,20,17,21,37,-0.3137254901960784,anti-toxic
LVRLRHSV,49,39,56,69,88,125,-0.3135593220338983,anti-toxic
RSCLLGGI,24,13,30,28,37,58,-0.31343283582089554,anti-toxic
GVVNDCRL,32,21,33,46,53,79,-0.3132530120481928,anti-toxic
CNLGGVHL,29,24,34,45,53,79,-0.3132530120481928,anti-toxic
GVRDIRRF,30,23,41,38,53,79,-0.3132530120481928,anti-toxic
NCGLVYIR,51,50,66,76,101,142,-0.31297709923664124,anti-toxic
LIFCVLHC,9,9,15,18,18,33,-0.3125,anti-toxic
VNDCDGLV,24,10,25,29,34,54,-0.3125,anti-toxic
DGGSGISS,11,7,10,23,18,33,-0.3125,anti-toxic
FGVGHSGD,12,6,12,21,18,33,-0.3125,anti-toxic
FHGCDRSL,47,35,52,65,82,117,-0.3125,anti-toxic
INCGIHVI,31,19,34,41,50,75,-0.3125,anti-toxic
VNGYVCVC,28,22,31,44,50,75,-0.3125,anti-toxic
NGIGGLCL,22,12,24,30,34,54,-0.3125,anti-toxic
DIGDCVGL,25,9,26,28,34,54,-0.3125,anti-toxic
DSCCFNHR,2,0,5,7,2,12,-0.3125,anti-toxic
FLSHCCYH,45,34,60,53,79,113,-0.3119266055045872,anti-toxic
IFIFGLDS,30,17,37,34,47,71,-0.3116883116883117,anti-toxic
FYDDRCRR,17,14,25,25,31,50,-0.3114754098360656,anti-toxic
YSGLCVGS,39,21,45,43,60,88,-0.3111111111111111,anti-toxic
HVGIGDLH,39,21,36,52,60,88,-0.3111111111111111,anti-toxic
RSRHYCCI,33,27,39,49,60,88,-0.3111111111111111,anti-toxic
LGGGDYGS,50,39,63,63,89,126,-0.31092436974789917,anti-toxic
IFSSHFGG,26,18,30,37,44,67,-0.3108108108108108,anti-toxic
YRLRGGCL,26,18,30,37,44,67,-0.3108108108108108,anti-toxic
FRRGCVGC,44,29,44,61,73,105,-0.3106796116504854,anti-toxic
GSFSHIFS,34,23,43,41,57,84,-0.3103448275862069,anti-toxic
NFHCVHGV,38,19,46,38,57,84,-0.3103448275862069,anti-toxic
NSGNDYRR,19,9,21,25,28,46,-0.3103448275862069,anti-toxic
SHGSSVFC,15,13,17,29,28,46,-0.3103448275862069,anti-toxic
RDCIINHR,15,13,22,24,28,46,-0.3103448275862069,anti-toxic
YLRDLHVS,36,21,38,46,57,84,-0.3103448275862069,anti-toxic
SYVSRSLC,37,20,39,45,57,84,-0.3103448275862069,anti-toxic
NCDGSVIH,38,19,36,48,57,84,-0.3103448275862069,anti-toxic
HCVRIRSF,57,42,71,68,99,139,-0.31007751937984496,anti-toxic
GDNCNCVI,25,16,33,30,41,63,-0.30985915492957744,anti-toxic
GYSDGIRC,64,45,80,72,109,152,-0.30935251798561153,anti-toxic
INCVRYRC,42,25,52,45,67,97,-0.30927835051546393,anti-toxic
DVNCGYVS,42,25,45,52,67,97,-0.30927835051546393,anti-toxic
LCVDRSVI,37,30,50,47,67,97,-0.30927835051546393,anti-toxic
SGFGGVLS,13,12,22,20,25,42,-0.3090909090909091,anti-toxic
DGGCLSDD,56,37,67,64,93,131,-0.3089430894308943,anti-toxic
CSRVVSFL,90,71,104,116,161,220,-0.3089005235602094,anti-toxic
FSSVVCSG,24,14,32,27,38,59,-0.3088235294117647,anti-toxic
RSFGDGGV,26,12,31,28,38,59,-0.3088235294117647,anti-toxic
RDRCCYVG,31,20,35,41,51,76,-0.30864197530864196,anti-toxic
VHGRFHLV,26,25,38,38,51,76,-0.30864197530864196,anti-toxic
RCLDDCVH,40,24,37,56,64,93,-0.30851063829787234,anti-toxic
GDSVLVGC,39,25,50,43,64,93,-0.30851063829787234,anti-toxic
NGGVNHDG,53,37,71,56,90,127,-0.30833333333333335,anti-toxic
SNVGYCGR,35,26,43,46,61,89,-0.3076923076923077,anti-toxic
CLNGCNVR,6,3,8,13,9,21,-0.3076923076923077,anti-toxic
YFSVRRNI,42,32,52,54,74,106,-0.3076923076923077,anti-toxic
DCDGSVGI,25,10,24,31,35,55,-0.3076923076923077,anti-toxic
NCSGSRDF,18,4,19,19,22,38,-0.3076923076923077,anti-toxic
YFGRHRNI,18,17,28,27,35,55,-0.3076923076923077,anti-toxic
FVGVRGSI,46,38,62,57,84,119,-0.30701754385964913,anti-toxic
LVVNDLGI,45,26,44,58,71,102,-0.3069306930693069,anti-toxic
RDCHIDRL,35,23,43,42,58,85,-0.3068181818181818,anti-toxic
CSGGVFRL,31,14,31,37,45,68,-0.30666666666666664,anti-toxic
VRCGSCGS,18,14,24,27,32,51,-0.3064516129032258,anti-toxic
SGGVVDDR,53,41,62,70,94,132,-0.3064516129032258,anti-toxic
HGLHGCSL,14,5,12,22,19,34,-0.30612244897959184,anti-toxic
RHDLRGDI,11,8,17,17,19,34,-0.30612244897959184,anti-toxic
DRVCGFGG,43,25,46,52,68,98,-0.30612244897959184,anti-toxic
LGRSDYRI,10,9,16,18,19,34,-0.30612244897959184,anti-toxic
CDVFVGRV,84,69,96,113,153,209,-0.30601092896174864,anti-toxic
GLGCCGRD,56,48,67,78,104,145,-0.30597014925373134,anti-toxic
VIRRFGHC,54,37,55,73,91,128,-0.30578512396694213,anti-toxic
GFSSIRCG,73,54,86,89,127,175,-0.3057324840764331,anti-toxic
LFLRYGFI,2,4,14,3,6,17,-0.3055555555555556,anti-toxic
IDIGIGSR,45,33,54,57,78,111,-0.3055555555555556,anti-toxic
SYGVVRCD,36,29,44,50,65,94,-0.30526315789473685,anti-toxic
IRNVGFNG,19,10,26,21,29,47,-0.3050847457627119,anti-toxic
LNGRRVRF,15,14,16,31,29,47,-0.3050847457627119,anti-toxic
VDGGVCGL,15,14,21,26,29,47,-0.3050847457627119,anti-toxic
HDGGVVIR,22,7,22,25,29,47,-0.3050847457627119,anti-toxic
VCYDRDSH,45,30,49,58,75,107,-0.3047619047619048,anti-toxic
CLSGGNGV,8,8,11,19,16,30,-0.30434782608695654,anti-toxic
CNHVRGDL,57,38,66,67,95,133,-0.304,anti-toxic
SRFNNVVI,12,14,22,21,26,43,-0.30357142857142855,anti-toxic
VFVNGHGV,46,36,52,64,82,116,-0.30357142857142855,anti-toxic
DNYSVCVR,47,35,52,64,82,116,-0.30357142857142855,anti-toxic
SDCNLGSR,34,25,39,47,59,86,-0.30337078651685395,anti-toxic
GDLSVVVL,37,22,38,48,59,86,-0.30337078651685395,anti-toxic
GSRIISSL,3,0,6,7,3,13,-0.30303030303030304,anti-toxic
DSSVHIGH,1,2,8,5,3,13,-0.30303030303030304,anti-toxic
NSRIGCGD,44,25,54,45,69,99,-0.30303030303030304,anti-toxic
RHHHNVIS,2,1,6,7,3,13,-0.30303030303030304,anti-toxic
VDFLNRIS,2,1,5,8,3,13,-0.30303030303030304,anti-toxic
LFNYVFSH,24,12,29,27,36,56,-0.30303030303030304,anti-toxic
RGSIGCGS,31,15,32,37,46,69,-0.3026315789473684,anti-toxic
SDCCNSRC,32,14,29,40,46,69,-0.3026315789473684,anti-toxic
DCHGILHI,37,19,39,43,56,82,-0.3023255813953488,anti-toxic
ILDLVCVH,10,3,15,11,13,26,-0.3023255813953488,anti-toxic
VFCGSFVH,55,44,68,70,99,138,-0.3023255813953488,anti-toxic
VIDYRNSD,35,21,39,43,56,82,-0.3023255813953488,anti-toxic
VRSHHDLF,8,5,12,14,13,26,-0.3023255813953488,anti-toxic
CIVGGFGS,11,2,10,16,13,26,-0.3023255813953488,anti-toxic
GCNFNLFD,12,11,14,25,23,39,-0.3018867924528302,anti-toxic
VFNLCSSS,14,9,13,26,23,39,-0.3018867924528302,anti-toxic
GHHSGCGC,21,12,27,25,33,52,-0.30158730158730157,anti-toxic
NCHVNIGS,24,19,29,36,43,65,-0.3013698630136986,anti-toxic
VYGDNGSD,34,19,32,46,53,78,-0.30120481927710846,anti-toxic
IRNVDHRD,77,59,84,102,136,186,-0.30120481927710846,anti-toxic
RSLGVFVC,35,28,44,47,63,91,-0.3010752688172043,anti-toxic
FSSDCRHG,40,23,38,53,63,91,-0.3010752688172043,anti-toxic
LRGGCVGF,38,25,38,53,63,91,-0.3010752688172043,anti-toxic
GSVINCIL,36,27,51,40,63,91,-0.3010752688172043,anti-toxic
VGDYGSSL,50,33,54,63,83,117,-0.3008849557522124,anti-toxic
NFRCIVNR,51,32,55,62,83,117,-0.3008849557522124,anti-toxic
IIHHHGRH,6,4,11,11,10,22,-0.3,anti-toxic
RSIVHVFS,37,33,43,57,70,100,-0.3,anti-toxic
NNHVGDVI,20,20,26,35,40,61,-0.3,anti-toxic
ISSLFCRH,16,4,22,13,20,35,-0.3,anti-toxic
RDCSGLGG,8,2,9,13,10,22,-0.3,anti-toxic
CGLGSVSD,24,6,26,22,30,48,-0.3,anti-toxic
FSHGNRVH,32,28,38,49,60,87,-0.3,anti-toxic
GGSLRCLH,21,9,20,28,30,48,-0.3,anti-toxic
CFGGILVR,22,8,21,27,30,48,-0.3,anti-toxic
IVDLRLRV,25,15,25,36,40,61,-0.3,anti-toxic
CCGDHNVC,29,11,28,33,40,61,-0.3,anti-toxic
DGISVGDI,21,9,24,24,30,48,-0.3,anti-toxic
DGSRSVGY,33,17,28,46,50,74,-0.3,anti-toxic
FYDCCGGF,83,71,95,114,154,209,-0.29891304347826086,anti-toxic
VCHISLGG,34,23,38,45,57,83,-0.2988505747126437,anti-toxic
FRGGDCRC,30,27,34,49,57,83,-0.2988505747126437,anti-toxic
GIHLGISD,30,17,31,39,47,70,-0.2987012987012987,anti-toxic
ICGVDGLD,26,21,35,35,47,70,-0.2987012987012987,anti-toxic
VGRSLDLD,22,15,22,35,37,57,-0.29850746268656714,anti-toxic
YNNGVVHR,23,4,18,26,27,44,-0.2982456140350877,anti-toxic
RDFCIHGD,18,9,20,24,27,44,-0.2982456140350877,anti-toxic
FGNSVVVH,16,11,18,26,27,44,-0.2982456140350877,anti-toxic
RCVLNGGC,46,28,47,58,74,105,-0.2980769230769231,anti-toxic
FSRGGVIL,41,23,40,52,64,92,-0.2978723404255319,anti-toxic
GFSHRCSD,15,2,13,18,17,31,-0.2978723404255319,anti-toxic
VYVGCVRI,13,4,17,14,17,31,-0.2978723404255319,anti-toxic
NNSGNSFV,12,5,16,15,17,31,-0.2978723404255319,anti-toxic
FFRRSLRD,33,21,41,38,54,79,-0.2976190476190476,anti-toxic
NFVSGSDL,3,4,6,12,7,18,-0.2972972972972973,anti-toxic
NSDVDSHV,3,4,13,5,7,18,-0.2972972972972973,anti-toxic
CLVGRDCG,27,17,35,31,44,66,-0.2972972972972973,anti-toxic
LHSSRVRR,1,6,11,7,7,18,-0.2972972972972973,anti-toxic
CLRFDSRG,44,27,44,57,71,101,-0.297029702970297,anti-toxic
HVSCNGND,22,12,29,24,34,53,-0.296875,anti-toxic
NICISSCS,20,14,29,24,34,53,-0.296875,anti-toxic
NRGYIFSI,36,25,42,46,61,88,-0.2967032967032967,anti-toxic
GSCLGSGG,34,27,43,45,61,88,-0.2967032967032967,anti-toxic
INDFHGDH,23,28,32,43,51,75,-0.2962962962962963,anti-toxic
CRYFYIGC,48,30,47,63,78,110,-0.2962962962962963,anti-toxic
LNDSGHLV,17,7,20,20,24,40,-0.2962962962962963,anti-toxic
NDISYHRC,27,24,38,37,51,75,-0.2962962962962963,anti-toxic
VGNSCDGH,26,15,23,39,41,62,-0.29577464788732394,anti-toxic
CDGILHLS,32,26,37,47,58,84,-0.29545454545454547,anti-toxic
FCGGHRSI,38,20,46,38,58,84,-0.29545454545454547,anti-toxic
IRICSGSL,38,20,42,42,58,84,-0.29545454545454547,anti-toxic
FNGCRFFN,19,12,24,25,31,49,-0.29508196721311475,anti-toxic
CIHSVRLR,15,16,15,34,31,49,-0.29508196721311475,anti-toxic
HHVGCNRC,28,20,30,41,48,71,-0.2948717948717949,anti-toxic
NDSCHIGC,25,23,38,33,48,71,-0.2948717948717949,anti-toxic
HRHNICCI,28,20,31,40,48,71,-0.2948717948717949,anti-toxic
LSHDVGIH,36,29,37,56,65,93,-0.29473684210526313,anti-toxic
NRHYFHLV,26,12,24,34,38,58,-0.29411764705882354,anti-toxic
CHVFRSGD,36,19,39,41,55,80,-0.29411764705882354,anti-toxic
CVHDCGRD,22,16,31,27,38,58,-0.29411764705882354,anti-toxic
VIDNGLLR,28,27,46,34,55,80,-0.29411764705882354,anti-toxic
FNGDNGGG,13,8,18,18,21,36,-0.29411764705882354,anti-toxic
IYCVVISD,3,1,8,6,4,14,-0.29411764705882354,anti-toxic
NDCNGVYH,13,8,18,18,21,36,-0.29411764705882354,anti-toxic
VICDSGDD,51,38,58,66,89,124,-0.29411764705882354,anti-toxic
GDGSDFGV,55,41,68,65,96,133,-0.29365079365079366,anti-toxic
GVGCDFDG,31,14,37,30,45,67,-0.29333333333333333,anti-toxic
YGCHYDDC,15,13,15,30,28,45,-0.29310344827586204,anti-toxic
GICNGFSG,18,10,18,27,28,45,-0.29310344827586204,anti-toxic
CNGGRDRL,41,28,46,52,69,98,-0.29292929292929293,anti-toxic
GGNSRVVG,35,17,34,42,52,76,-0.2926829268292683,anti-toxic
NCLGSSSI,10,1,10,13,11,23,-0.2926829268292683,anti-toxic
GLSGRFDD,5,6,12,11,11,23,-0.2926829268292683,anti-toxic
NFRNVVFH,8,3,14,9,11,23,-0.2926829268292683,anti-toxic
CGVLGGGH,34,18,41,35,52,76,-0.2926829268292683,anti-toxic
SFYSRLSR,47,29,51,56,76,107,-0.29245283018867924,anti-toxic
DDDCGGHG,47,29,51,56,76,107,-0.29245283018867924,anti-toxic
NHRISVNL,23,12,25,29,35,54,-0.2923076923076923,anti-toxic
VSNVDGGV,24,11,25,29,35,54,-0.2923076923076923,anti-toxic
CNGNDNGH,53,37,62,63,90,125,-0.2916666666666667,anti-toxic
GIGVDVRF,40,26,44,50,66,94,-0.2916666666666667,anti-toxic
FRFDNISG,41,25,49,45,66,94,-0.2916666666666667,anti-toxic
CHVRIDCV,25,17,27,36,42,63,-0.2916666666666667,anti-toxic
VSYDGGGH,39,27,47,47,66,94,-0.2916666666666667,anti-toxic
CYICFCLN,9,9,12,20,18,32,-0.2916666666666667,anti-toxic
VSLGDRHD,33,16,43,29,49,72,-0.2911392405063291,anti-toxic
GNCFRLVR,60,44,77,66,104,143,-0.291044776119403,anti-toxic
LSLRGNIG,12,13,21,20,25,41,-0.2909090909090909,anti-toxic
FCHRGILH,15,10,16,25,25,41,-0.2909090909090909,anti-toxic
NCCSHVSG,31,25,33,48,56,81,-0.29069767441860467,anti-toxic
GCHGGGDC,31,25,35,46,56,81,-0.29069767441860467,anti-toxic
CHLRIRRR,37,26,42,48,63,90,-0.2903225806451613,anti-toxic
SGVCRCFR,1,0,4,6,1,10,-0.2903225806451613,anti-toxic
FFVRCSNV,0,1,2,8,1,10,-0.2903225806451613,anti-toxic
ILIHHFCG,0,1,5,5,1,10,-0.2903225806451613,anti-toxic
NHDGSIID,0,1,6,4,1,10,-0.2903225806451613,anti-toxic
RGSHCCDI,32,31,43,47,63,90,-0.2903225806451613,anti-toxic
DSGVINSF,41,29,44,55,70,99,-0.29,anti-toxic
RCFVHCRD,24,15,27,32,39,59,-0.2898550724637681,anti-toxic
FCFFVCFC,16,23,25,34,39,59,-0.2898550724637681,anti-toxic
CHVSNNGR,21,18,34,25,39,59,-0.2898550724637681,anti-toxic
GFRGVIFG,47,30,45,63,77,108,-0.2897196261682243,anti-toxic
CYDLCVFG,4,4,7,12,8,19,-0.2894736842105263,anti-toxic
IHNGRFRV,29,17,30,38,46,68,-0.2894736842105263,anti-toxic
NDCDGDCR,30,16,32,36,46,68,-0.2894736842105263,anti-toxic
GSGIGLHC,52,39,56,70,91,126,-0.2892561983471074,anti-toxic
CLSFGLRS,32,21,32,45,53,77,-0.2891566265060241,anti-toxic
CGYNGDNN,32,21,36,41,53,77,-0.2891566265060241,anti-toxic
HVCRLGLG,26,27,41,36,53,77,-0.2891566265060241,anti-toxic
VCRRIIRV,34,19,40,37,53,77,-0.2891566265060241,anti-toxic
RYVRHISL,37,23,40,46,60,86,-0.28888888888888886,anti-toxic
YGVGGRVV,8,7,15,13,15,28,-0.28888888888888886,anti-toxic
VSGNIDLV,9,6,17,11,15,28,-0.28888888888888886,anti-toxic
DGSCCIND,9,6,15,13,15,28,-0.28888888888888886,anti-toxic
CLDHSRNN,9,6,10,18,15,28,-0.28888888888888886,anti-toxic
CSVNVVCV,16,6,13,24,22,37,-0.28846153846153844,anti-toxic
HHGVCIRV,17,5,12,25,22,37,-0.28846153846153844,anti-toxic
NISCCLVD,12,10,20,17,22,37,-0.28846153846153844,anti-toxic
VSIGRHDV,19,17,28,27,36,55,-0.2878787878787879,anti-toxic
RVGISCGI,25,11,29,26,36,55,-0.2878787878787879,anti-toxic
GVCIVRSD,60,56,76,82,116,158,-0.2876712328767123,anti-toxic
IFNSSRVV,27,23,33,40,50,73,-0.2875,anti-toxic
FYDFCVLR,32,25,41,41,57,82,-0.28735632183908044,anti-toxic
GRRLYRCF,31,26,35,47,57,82,-0.28735632183908044,anti-toxic
VFFFCCLH,39,25,47,44,64,91,-0.2872340425531915,anti-toxic
VCCIGSDS,48,30,51,58,78,109,-0.28703703703703703,anti-toxic
NFGRNYSR,52,33,55,63,85,118,-0.28695652173913044,anti-toxic
INGYCRVI,52,40,71,56,92,127,-0.28688524590163933,anti-toxic
DFVGCYII,74,60,83,98,134,181,-0.2865853658536585,anti-toxic
GDVCGRGG,41,27,48,48,68,96,-0.2857142857142857,anti-toxic
IRVHHVNL,5,7,8,16,12,24,-0.2857142857142857,anti-toxic
GDVDGVCH,12,7,15,18,19,33,-0.2857142857142857,anti-toxic
VGNNSCCD,5,7,12,12,12,24,-0.2857142857142857,anti-toxic
DVRHDDCN,42,33,46,59,75,105,-0.2857142857142857,anti-toxic
SVFRGDSR,2,3,7,8,5,15,-0.2857142857142857,anti-toxic
NCNGVFIH,25,8,26,25,33,51,-0.2857142857142857,anti-toxic
FCGRRRCV,9,3,14,10,12,24,-0.2857142857142857,anti-toxic
FIGRCNGF,4,1,1,14,5,15,-0.2857142857142857,anti-toxic
FDRGNGRL,46,29,52,53,75,105,-0.2857142857142857,anti-toxic
VGGLGYGG,9,3,12,12,12,24,-0.2857142857142857,anti-toxic
VRNSGVHG,38,23,43,44,61,87,-0.2857142857142857,anti-toxic
LRNCRRVR,9,3,6,18,12,24,-0.2857142857142857,anti-toxic
RFDCSGRD,27,20,35,34,47,69,-0.2857142857142857,anti-toxic
DSIVCRVF,2,3,10,5,5,15,-0.2857142857142857,anti-toxic
GIFDVIRS,21,12,17,34,33,51,-0.2857142857142857,anti-toxic
GSRYLRLC,14,12,21,21,26,42,-0.2857142857142857,anti-toxic
NCRGGLHN,18,15,23,28,33,51,-0.2857142857142857,anti-toxic
SGNCNILG,27,20,30,39,47,69,-0.2857142857142857,anti-toxic
FYNFGVRS,26,21,41,28,47,69,-0.2857142857142857,anti-toxic
RRCGFGNC,15,4,12,21,19,33,-0.2857142857142857,anti-toxic
LRCGCVYV,4,1,6,9,5,15,-0.2857142857142857,anti-toxic
CVLHRGSC,76,59,92,90,135,182,-0.28484848484848485,anti-toxic
YVSGDGDC,53,47,68,69,100,137,-0.2846153846153846,anti-toxic
CCGSGISG,51,35,57,62,86,119,-0.28448275862068967,anti-toxic
HFCDGNVR,44,28,48,53,72,101,-0.28431372549019607,anti-toxic
HNGDGHNL,40,25,37,55,65,92,-0.28421052631578947,anti-toxic
CYLFRGRS,31,27,35,48,58,83,-0.2840909090909091,anti-toxic
YGVDSGCD,35,16,33,41,51,74,-0.2839506172839506,anti-toxic
VRCVRVCH,35,16,30,44,51,74,-0.2839506172839506,anti-toxic
LNGGIVHG,29,15,31,34,44,65,-0.28378378378378377,anti-toxic
NNHCRIRR,25,12,27,29,37,56,-0.2835820895522388,anti-toxic
LNCRRCNS,21,16,29,27,37,56,-0.2835820895522388,anti-toxic
RHGCSVGC,16,14,24,23,30,47,-0.2833333333333333,anti-toxic
DICCLNRG,19,11,14,33,30,47,-0.2833333333333333,anti-toxic
FRSILFGC,19,11,20,27,30,47,-0.2833333333333333,anti-toxic
FSLRVCRV,76,60,87,96,136,183,-0.28313253012048195,anti-toxic
GVFCGRRH,15,8,13,25,23,38,-0.2830188679245283,anti-toxic
FFRLRNVV,41,28,51,46,69,97,-0.2828282828282828,anti-toxic
DFDDDGCV,11,5,12,17,16,29,-0.2826086956521739,anti-toxic
CFCVCGFH,9,7,12,17,16,29,-0.2826086956521739,anti-toxic
CSRGGYIV,30,32,37,51,62,88,-0.2826086956521739,anti-toxic
GDILHCNS,37,25,41,47,62,88,-0.2826086956521739,anti-toxic
DCSCDIHS,36,19,38,41,55,79,-0.2823529411764706,anti-toxic
NSDFDSCN,29,26,36,43,55,79,-0.2823529411764706,anti-toxic
INDFSDNR,35,20,38,41,55,79,-0.2823529411764706,anti-toxic
DLNDDHCC,33,15,27,43,48,70,-0.28205128205128205,anti-toxic
VRNRHCLR,28,13,33,28,41,61,-0.28169014084507044,anti-toxic
YFIIGCVL,2,0,6,5,2,11,-0.28125,anti-toxic
YVRFGSVG,1,1,4,7,2,11,-0.28125,anti-toxic
GCGVLSIC,2,0,4,7,2,11,-0.28125,anti-toxic
CFDGHSSR,41,25,41,52,66,93,-0.28125,anti-toxic
IIVFCLFG,0,2,5,6,2,11,-0.28125,anti-toxic
RFDGIHIG,46,45,63,62,91,125,-0.2809917355371901,anti-toxic
VGSSCIGI,38,21,40,44,59,84,-0.2808988764044944,anti-toxic
CVDNSLNR,36,23,42,42,59,84,-0.2808988764044944,anti-toxic
HFVNIRGC,15,12,17,26,27,43,-0.2807017543859649,anti-toxic
YCSDGGNC,51,33,54,62,84,116,-0.2807017543859649,anti-toxic
NDDSHCCV,49,35,54,62,84,116,-0.2807017543859649,anti-toxic
SIRSRVYN,34,18,39,36,52,75,-0.2804878048780488,anti-toxic
SSVRDCDC,56,46,77,62,102,139,-0.2803030303030303,anti-toxic
VDCLNSRC,23,22,29,37,45,66,-0.28,anti-toxic
VYGNCRLV,43,27,48,50,70,98,-0.28,anti-toxic
CDVDRCVV,25,20,27,39,45,66,-0.28,anti-toxic
VDGIHVCN,55,51,80,64,106,144,-0.27941176470588236,anti-toxic
VDVLGSCH,22,16,27,30,38,57,-0.27941176470588236,anti-toxic
LFGVGGRR,9,4,10,15,13,25,-0.27906976744186046,anti-toxic
CNGGHLLG,42,32,45,58,74,103,-0.27884615384615385,anti-toxic
LIDRCIRH,18,13,24,24,31,48,-0.2786885245901639,anti-toxic
CDHHGYRN,20,11,27,21,31,48,-0.2786885245901639,anti-toxic
VGGNLCVG,64,46,70,79,110,149,-0.2785714285714286,anti-toxic
VNCNIRIR,29,20,28,43,49,71,-0.27848101265822783,anti-toxic
RSVVRVDR,59,44,65,75,103,140,-0.2781954887218045,anti-toxic
VNCHVSII,4,2,13,3,6,16,-0.2777777777777778,anti-toxic
GHVVCYNV,17,7,18,21,24,39,-0.2777777777777778,anti-toxic
IIVDSDRI,26,16,34,28,42,62,-0.2777777777777778,anti-toxic
DHNNSSVH,48,30,49,59,78,108,-0.2777777777777778,anti-toxic
LCLNGLRG,26,16,28,34,42,62,-0.2777777777777778,anti-toxic
FIGIGCCL,2,4,6,10,6,16,-0.2777777777777778,anti-toxic
CSDGLCLS,6,0,9,7,6,16,-0.2777777777777778,anti-toxic
GNNGCRHD,2,4,7,9,6,16,-0.2777777777777778,anti-toxic
VRFCDGRV,54,35,66,56,89,122,-0.2773109243697479,anti-toxic
GRCRVRGD,25,10,21,32,35,53,-0.27692307692307694,anti-toxic
RIRVCNLY,16,19,30,23,35,53,-0.27692307692307694,anti-toxic
ILHHGVVL,23,12,28,25,35,53,-0.27692307692307694,anti-toxic
VLNVRRDN,49,33,61,52,82,113,-0.2767857142857143,anti-toxic
GCVGDCHV,36,28,50,40,64,90,-0.2765957446808511,anti-toxic
SRSLGGCL,41,23,36,54,64,90,-0.2765957446808511,anti-toxic
SSSSFVDC,14,3,12,18,17,30,-0.2765957446808511,anti-toxic
FRSSLVLS,35,29,43,47,64,90,-0.2765957446808511,anti-toxic
NCVISSIR,12,5,12,18,17,30,-0.2765957446808511,anti-toxic
VVNLNLHC,30,16,41,26,46,67,-0.27631578947368424,anti-toxic
GLSFHVNH,27,19,29,38,46,67,-0.27631578947368424,anti-toxic
SHHLRCDD,29,17,33,34,46,67,-0.27631578947368424,anti-toxic
GFGGGHDH,45,30,51,53,75,104,-0.2761904761904762,anti-toxic
HFHSDIDG,32,25,35,46,57,81,-0.27586206896551724,anti-toxic
VCSDVGVI,18,10,19,25,28,44,-0.27586206896551724,anti-toxic
RCVLRVVG,43,25,45,50,68,95,-0.2755102040816326,anti-toxic
VFDGHGGC,77,60,89,94,137,183,-0.2754491017964072,anti-toxic
CGVLGLVV,23,16,28,30,39,58,-0.2753623188405797,anti-toxic
DHVGDVNH,47,32,52,57,79,109,-0.27522935779816515,anti-toxic
CISVSCLI,6,4,8,13,10,21,-0.275,anti-toxic
FCRFHFSV,31,19,38,34,50,72,-0.275,anti-toxic
GYGDCSNC,51,39,65,58,90,123,-0.275,anti-toxic
LSYSLYID,7,3,9,12,10,21,-0.275,anti-toxic
SCFSYRNV,7,3,14,7,10,21,-0.275,anti-toxic
IFDDRGCS,31,19,31,41,50,72,-0.275,anti-toxic
CDGSVHGG,53,37,65,58,90,123,-0.275,anti-toxic
RCSSGGCV,60,41,60,77,101,137,-0.2748091603053435,anti-toxic
CYVNRRVG,36,25,45,41,61,86,-0.27472527472527475,anti-toxic
VSRFVCGC,32,29,42,44,61,86,-0.27472527472527475,anti-toxic
RFYNCRGC,11,10,14,21,21,35,-0.27450980392156865,anti-toxic
VSFCLSGV,45,27,54,46,72,100,-0.27450980392156865,anti-toxic
DGSHLFRG,15,6,16,19,21,35,-0.27450980392156865,anti-toxic
LCRRGDCV,79,66,89,104,145,193,-0.2742857142857143,anti-toxic
VVNGNLYH,18,14,22,27,32,49,-0.27419354838709675,anti-toxic
NRDSVGLD,30,13,27,36,43,63,-0.273972602739726,anti-toxic
CYRHVVNR,29,25,43,34,54,77,-0.27380952380952384,anti-toxic
CINGHVVL,31,23,34,43,54,77,-0.27380952380952384,anti-toxic
FRNSSRGF,40,25,38,53,65,91,-0.2736842105263158,anti-toxic
NVSFGIRL,40,25,40,51,65,91,-0.2736842105263158,anti-toxic
VCVLIVHV,2,1,8,4,3,12,-0.2727272727272727,anti-toxic
RCDCNLRI,66,58,85,81,124,166,-0.2727272727272727,anti-toxic
CIGDLRGC,9,5,10,16,14,26,-0.2727272727272727,anti-toxic
LHCSSSHC,2,1,5,7,3,12,-0.2727272727272727,anti-toxic
CCDRSLVV,2,1,9,3,3,12,-0.2727272727272727,anti-toxic
DHLRDGNF,54,37,59,65,91,124,-0.2727272727272727,anti-toxic
LCNGNILG,15,10,13,27,25,40,-0.2727272727272727,anti-toxic
LICRSLVN,26,10,26,28,36,54,-0.2727272727272727,anti-toxic
CHNHDVGI,35,23,38,44,58,82,-0.2727272727272727,anti-toxic
GCLGGVGC,34,24,42,40,58,82,-0.2727272727272727,anti-toxic
GISLRYVV,23,13,25,29,36,54,-0.2727272727272727,anti-toxic
CRSSYLLH,6,8,14,12,14,26,-0.2727272727272727,anti-toxic
DFRVGGLN,16,9,22,18,25,40,-0.2727272727272727,anti-toxic
FFLSIDVY,2,1,6,6,3,12,-0.2727272727272727,anti-toxic
GVNVGRSN,8,6,13,13,14,26,-0.2727272727272727,anti-toxic
INGCRNDH,35,23,39,43,58,82,-0.2727272727272727,anti-toxic
LRCFVVFN,6,8,13,13,14,26,-0.2727272727272727,anti-toxic
DSCCGLVR,66,51,69,88,117,157,-0.272108843537415,anti-toxic
DHSNFVSV,58,48,63,80,106,143,-0.27205882352941174,anti-toxic
SNFCNIVD,48,36,54,61,84,115,-0.2719298245614035,anti-toxic
RFCGSVGN,41,32,49,52,73,101,-0.27184466019417475,anti-toxic
LSGVGGIL,25,15,28,31,40,59,-0.2714285714285714,anti-toxic
DNDHHFVS,19,10,20,25,29,45,-0.2711864406779661,anti-toxic
VVGVIFGS,20,9,21,24,29,45,-0.2711864406779661,anti-toxic
VFNCVDVR,22,7,21,24,29,45,-0.2711864406779661,anti-toxic
DSGSRYHG,18,11,24,21,29,45,-0.2711864406779661,anti-toxic
VNGCYGRD,17,12,14,31,29,45,-0.2711864406779661,anti-toxic
FSLIDRRN,10,8,12,19,18,31,-0.2708333333333333,anti-toxic
GLDGRGIH,11,7,16,15,18,31,-0.2708333333333333,anti-toxic
GIYVSHSN,37,29,46,46,66,92,-0.2708333333333333,anti-toxic
VVCCRDSD,42,24,45,47,66,92,-0.2708333333333333,anti-toxic
YGCGGRRC,14,4,15,16,18,31,-0.2708333333333333,anti-toxic
ICDDCGSR,59,44,66,73,103,139,-0.2706766917293233,anti-toxic
YLVGGSRC,3,4,7,10,7,17,-0.2702702702702703,anti-toxic
CFLRDLIN,57,50,67,77,107,144,-0.27007299270072993,anti-toxic
CFNNVIVG,41,29,52,45,70,97,-0.27,anti-toxic
SDVVRYCV,43,27,46,51,70,97,-0.27,anti-toxic
FCRHVNGR,37,22,40,43,59,83,-0.2696629213483146,anti-toxic
SNFVDNDI,46,28,43,59,74,102,-0.2692307692307692,anti-toxic
NGVCVDRV,32,16,37,32,48,69,-0.2692307692307692,anti-toxic
YFIFCVCV,9,13,22,14,22,36,-0.2692307692307692,anti-toxic
VNHSDIDR,14,8,19,17,22,36,-0.2692307692307692,anti-toxic
RVRVCCSR,12,10,16,20,22,36,-0.2692307692307692,anti-toxic
IVCGVGCD,24,24,29,40,48,69,-0.2692307692307692,anti-toxic
GVGGSGHH,45,29,51,51,74,102,-0.2692307692307692,anti-toxic
CVSDCHSV,40,23,41,47,63,88,-0.26881720430107525,anti-toxic
IRDIDGRN,37,26,46,42,63,88,-0.26881720430107525,anti-toxic
SSVHFDND,41,22,40,48,63,88,-0.26881720430107525,anti-toxic
VDCIDCGS,34,29,38,50,63,88,-0.26881720430107525,anti-toxic
YIGSSCSC,22,15,29,26,37,55,-0.26865671641791045,anti-toxic
GHLINRRD,28,9,25,30,37,55,-0.26865671641791045,anti-toxic
IGGHCNHR,31,21,30,44,52,74,-0.2682926829268293,anti-toxic
GVHRSRLG,84,65,95,102,149,197,-0.2681564245810056,anti-toxic
CVNNNLCV,15,11,18,23,26,41,-0.26785714285714285,anti-toxic
VSRICDVG,17,9,18,23,26,41,-0.26785714285714285,anti-toxic
VYFFLGLI,15,11,17,24,26,41,-0.26785714285714285,anti-toxic
GNSDGFVG,68,59,80,89,127,169,-0.267515923566879,anti-toxic
SDCGHGLC,30,26,38,41,56,79,-0.26744186046511625,anti-toxic
YSNVVHIF,35,21,41,38,56,79,-0.26744186046511625,anti-toxic
FIVRGLCS,39,32,51,47,71,98,-0.26732673267326734,anti-toxic
NLSVNRLC,58,43,64,72,101,136,-0.26717557251908397,anti-toxic
LCVRVSSD,58,43,66,70,101,136,-0.26717557251908397,anti-toxic
VCNVHSVL,67,49,75,80,116,155,-0.2671232876712329,anti-toxic
VYIGGVGG,8,7,7,20,15,27,-0.26666666666666666,anti-toxic
IGRDNCSR,26,19,37,28,45,65,-0.26666666666666666,anti-toxic
CSSNGCDV,48,42,54,68,90,122,-0.26666666666666666,anti-toxic
CGGRNIDG,21,9,20,26,30,46,-0.26666666666666666,anti-toxic
CVSIRVND,12,3,10,17,15,27,-0.26666666666666666,anti-toxic
GGLCGGHV,49,30,52,56,79,108,-0.26605504587155965,anti-toxic
GCDSCSDS,29,20,29,41,49,70,-0.26582278481012656,anti-toxic
GGCNYILH,28,21,36,34,49,70,-0.26582278481012656,anti-toxic
FSGSVFFI,30,19,32,38,49,70,-0.26582278481012656,anti-toxic
SSCGHRHR,33,16,33,37,49,70,-0.26582278481012656,anti-toxic
GHGRVFFG,29,20,35,35,49,70,-0.26582278481012656,anti-toxic
IFCRLHRH,32,17,32,38,49,70,-0.26582278481012656,anti-toxic
CFGGRSHD,23,11,22,29,34,51,-0.265625,anti-toxic
SNYDRLVR,19,15,28,23,34,51,-0.265625,anti-toxic
FRCLLGSR,23,11,21,30,34,51,-0.265625,anti-toxic
RSCVNLCH,55,43,65,67,98,132,-0.265625,anti-toxic
DFGGHDNR,87,75,103,110,162,213,-0.265625,anti-toxic
RSGYHVNR,48,35,57,56,83,113,-0.26548672566371684,anti-toxic
GLNVGDRC,8,11,13,19,19,32,-0.2653061224489796,anti-toxic
ISVGLGRL,13,6,9,23,19,32,-0.2653061224489796,anti-toxic
VLRCVNDH,9,10,14,18,19,32,-0.2653061224489796,anti-toxic
IGGGIFIR,38,30,44,50,68,94,-0.2653061224489796,anti-toxic
YCSGVYIV,30,23,34,41,53,75,-0.26506024096385544,anti-toxic
YVCFDFCV,4,0,10,3,4,13,-0.2647058823529412,anti-toxic
CGICDHDG,45,27,56,43,72,99,-0.2647058823529412,anti-toxic
VGIRSVHN,42,30,53,46,72,99,-0.2647058823529412,anti-toxic
VISGCISI,21,17,29,27,38,56,-0.2647058823529412,anti-toxic
IVVNHHVG,25,13,22,34,38,56,-0.2647058823529412,anti-toxic
VINCNYDS,45,27,46,53,72,99,-0.2647058823529412,anti-toxic
GVHHRCFR,24,14,25,31,38,56,-0.2647058823529412,anti-toxic
VNDGGCGR,1,3,7,6,4,13,-0.2647058823529412,anti-toxic
VFCVCCCC,3,1,5,8,4,13,-0.2647058823529412,anti-toxic
RSCVFSGS,37,20,44,36,57,80,-0.26436781609195403,anti-toxic
GIHDVVIH,18,5,21,16,23,37,-0.2641509433962264,anti-toxic
IGCLSIGG,13,10,21,16,23,37,-0.2641509433962264,anti-toxic
HSDRYSVV,32,29,46,39,61,85,-0.26373626373626374,anti-toxic
CDIDGHCD,38,23,40,45,61,85,-0.26373626373626374,anti-toxic
FGHSHVGC,48,32,48,61,80,109,-0.2636363636363636,anti-toxic
CCSLRSDN,61,42,63,75,103,138,-0.2631578947368421,anti-toxic
RVNCYRSG,24,22,32,34,46,66,-0.2631578947368421,anti-toxic
RDIFVDGC,6,2,10,8,8,18,-0.2631578947368421,anti-toxic
GCRDDVCH,34,16,31,40,50,71,-0.2625,anti-toxic
CVLGGDGC,53,39,70,54,92,124,-0.26229508196721313,anti-toxic
FFNSVFNC,20,11,21,26,31,47,-0.26229508196721313,anti-toxic
GVSCGLLV,16,15,25,22,31,47,-0.26229508196721313,anti-toxic
GRRNIGGC,8,4,12,11,12,23,-0.2619047619047619,anti-toxic
IRSLSVHC,7,5,10,13,12,23,-0.2619047619047619,anti-toxic
ICINVNNS,7,5,13,10,12,23,-0.2619047619047619,anti-toxic
VGVHLGCL,45,32,53,52,77,105,-0.2616822429906542,anti-toxic
IRRYVLSN,26,9,22,30,35,52,-0.26153846153846155,anti-toxic
HDLGGNCI,19,16,22,30,35,52,-0.26153846153846155,anti-toxic
GLIGGGGR,12,4,15,13,16,28,-0.2608695652173913,anti-toxic
FRCSVRGV,23,16,25,32,39,57,-0.2608695652173913,anti-toxic
SCVVFCGV,100,104,123,142,204,265,-0.2606837606837607,anti-toxic
GGSGFGCL,52,37,62,58,89,120,-0.2605042016806723,anti-toxic
VLDVCDDD,53,36,59,61,89,120,-0.2605042016806723,anti-toxic
VNDSHDLG,31,12,28,34,43,62,-0.2602739726027397,anti-toxic
LRRCDVCV,24,19,22,40,43,62,-0.2602739726027397,anti-toxic
CVLGGIGI,53,40,57,68,93,125,-0.2601626016260163,anti-toxic
HLLSCRVH,37,33,45,51,70,96,-0.26,anti-toxic
SNDGIHGF,12,8,13,20,20,33,-0.26,anti-toxic
SCYDVRHD,39,31,52,44,70,96,-0.26,anti-toxic
DNGSCGNV,13,7,16,17,20,33,-0.26,anti-toxic
GSHHGICD,11,9,15,18,20,33,-0.26,anti-toxic
SCVGHSGD,29,18,36,31,47,67,-0.2597402597402597,anti-toxic
IGFRDISC,29,18,33,34,47,67,-0.2597402597402597,anti-toxic
CRLRGVRR,44,30,49,52,74,101,-0.25961538461538464,anti-toxic
SCFVGDRI,18,6,14,24,24,38,-0.25925925925925924,anti-toxic
CRFRNRVG,35,16,42,30,51,72,-0.25925925925925924,anti-toxic
FVRGGISC,12,12,23,15,24,38,-0.25925925925925924,anti-toxic
DFRNSHLH,12,12,16,22,24,38,-0.25925925925925924,anti-toxic
FCFDSYLV,46,32,50,56,78,106,-0.25925925925925924,anti-toxic
RCLISRSN,20,4,12,26,24,38,-0.25925925925925924,anti-toxic
CLYGRRSI,46,36,57,54,82,111,-0.25892857142857145,anti-toxic
CDFGDCDG,33,22,35,42,55,77,-0.25882352941176473,anti-toxic
NIRLVLCD,34,21,35,42,55,77,-0.25882352941176473,anti-toxic
VNLGNCSC,65,48,69,81,113,150,-0.25874125874125875,anti-toxic
GSVLGSCH,23,5,22,21,28,43,-0.25862068965517243,anti-toxic
SSGGSIIR,11,17,18,25,28,43,-0.25862068965517243,anti-toxic
SFGNRLGR,21,11,23,25,32,48,-0.25806451612903225,anti-toxic
VCGSVHGI,41,22,41,46,63,87,-0.25806451612903225,anti-toxic
FLSDGGRD,1,0,3,6,1,9,-0.25806451612903225,anti-toxic
IDLRFVCC,1,0,6,3,1,9,-0.25806451612903225,anti-toxic
RGVGSVIG,34,33,40,52,67,92,-0.25773195876288657,anti-toxic
GDLFGRRG,24,12,21,32,36,53,-0.25757575757575757,anti-toxic
CDLDNVCD,20,16,32,21,36,53,-0.25757575757575757,anti-toxic
VCGIDGNG,35,36,39,58,71,97,-0.25742574257425743,anti-toxic
SRHGLHRI,4,1,7,7,5,14,-0.2571428571428571,anti-toxic
SHSGCHCD,47,28,45,57,75,102,-0.2571428571428571,anti-toxic
LVGVNLGD,3,2,10,4,5,14,-0.2571428571428571,anti-toxic
LGSDRGCL,25,15,31,27,40,58,-0.2571428571428571,anti-toxic
NFHVDSDV,2,3,8,6,5,14,-0.2571428571428571,anti-toxic
FSGCSNGD,27,17,26,37,44,63,-0.25675675675675674,anti-toxic
GIIGNFLV,8,1,3,16,9,19,-0.2564102564102564,anti-toxic
RHSYVRFH,4,5,7,12,9,19,-0.2564102564102564,anti-toxic
RIIDSNVR,7,2,12,7,9,19,-0.2564102564102564,anti-toxic
CVRLFRSC,45,42,56,61,87,117,-0.2564102564102564,anti-toxic
FGDCCGDN,28,20,32,36,48,68,-0.2564102564102564,anti-toxic
NGGGFSSC,53,38,55,67,91,122,-0.256198347107438,anti-toxic
RSCGRSCN,29,23,35,38,52,73,-0.25609756097560976,anti-toxic
LSGYRGGL,30,22,31,42,52,73,-0.25609756097560976,anti-toxic
LCNSVIRC,9,4,10,14,13,24,-0.2558139534883721,anti-toxic
NCSGFDRC,8,5,14,10,13,24,-0.2558139534883721,anti-toxic
LFNGYYCV,12,1,15,9,13,24,-0.2558139534883721,anti-toxic
GCVFDVRG,56,47,67,70,103,137,-0.2556390977443609,anti-toxic
GCYSGNVR,32,28,45,38,60,83,-0.25555555555555554,anti-toxic
RFVHDCSC,12,5,17,12,17,29,-0.2553191489361702,anti-toxic
DCIGRGGV,10,7,16,13,17,29,-0.2553191489361702,anti-toxic
VCDGHVIH,37,27,39,49,64,88,-0.2553191489361702,anti-toxic
VYNGLGDN,11,6,16,13,17,29,-0.2553191489361702,anti-toxic
CCVDSGSD,39,29,51,42,68,93,-0.25510204081632654,anti-toxic
DVHNVDVL,38,30,39,54,68,93,-0.25510204081632654,anti-toxic
GDCGFRRL,37,31,41,52,68,93,-0.25510204081632654,anti-toxic
VCSLVLGH,69,50,77,80,119,157,-0.2550335570469799,anti-toxic
SFNGGVLS,44,28,44,54,72,98,-0.2549019607843137,anti-toxic
GYLDRGRF,14,7,15,19,21,34,-0.2549019607843137,anti-toxic
GRRIIVRC,13,8,13,21,21,34,-0.2549019607843137,anti-toxic
SNDYIHRL,18,7,21,18,25,39,-0.2545454545454545,anti-toxic
CGLNGCRS,12,13,19,20,25,39,-0.2545454545454545,anti-toxic
CISSHNDI,17,8,15,24,25,39,-0.2545454545454545,anti-toxic
SGCDFINS,49,31,55,53,80,108,-0.2545454545454545,anti-toxic
VNFCRVGG,46,38,50,63,84,113,-0.2543859649122807,anti-toxic
GVDVDVCL,21,8,21,23,29,44,-0.2542372881355932,anti-toxic
SGSLDVCH,23,6,23,21,29,44,-0.2542372881355932,anti-toxic
GVVFRVCN,53,39,62,61,92,123,-0.2540983606557377,anti-toxic
VSCFGLGS,19,14,19,30,33,49,-0.25396825396825395,anti-toxic
RCGNNLNL,20,13,19,30,33,49,-0.25396825396825395,anti-toxic
NLRGGVGR,23,14,22,32,37,54,-0.2537313432835821,anti-toxic
FDHGGCGC,18,19,29,25,37,54,-0.2537313432835821,anti-toxic
DIIYRHGN,61,47,77,66,108,143,-0.2536231884057971,anti-toxic
YRGSDGRN,65,47,76,72,112,148,-0.2535211267605634,anti-toxic
LFRSRCFN,21,20,23,36,41,59,-0.2535211267605634,anti-toxic
GGHLVRDV,23,18,29,30,41,59,-0.2535211267605634,anti-toxic
FYSCISCV,23,22,31,33,45,64,-0.25333333333333335,anti-toxic
HGCVGLGC,33,20,37,37,53,74,-0.25301204819277107,anti-toxic
RHDFIFCC,34,27,36,48,61,84,-0.25274725274725274,anti-toxic
IVGVSRCC,38,27,44,45,65,89,-0.25263157894736843,anti-toxic
GSVHCGGR,38,27,39,50,65,89,-0.25263157894736843,anti-toxic
RDNCRYVR,43,26,43,51,69,94,-0.25252525252525254,anti-toxic
FRYGRISH,94,82,116,112,176,228,-0.2524271844660194,anti-toxic
LHLNCDDR,46,27,43,56,73,99,-0.2524271844660194,anti-toxic
RCYGVSSV,46,31,54,50,77,104,-0.2523364485981308,anti-toxic
GYYGGRSV,47,30,53,51,77,104,-0.2523364485981308,anti-toxic
GNGVHHGG,51,34,56,58,85,114,-0.25217391304347825,anti-toxic
RYFGGISV,64,45,76,68,109,144,-0.2517985611510791,anti-toxic
VCVRGLGC,32,22,31,44,54,75,-0.25,anti-toxic
SHDLVDGG,84,70,105,95,154,200,-0.25,anti-toxic
RVCYNVCN,27,11,34,21,38,55,-0.25,anti-toxic
RLCHGVRL,35,23,34,46,58,80,-0.25,anti-toxic
FHGLVRGV,18,24,32,28,42,60,-0.25,anti-toxic
FYDRFRSG,4,2,10,5,6,15,-0.25,anti-toxic
GRRLIISF,5,5,13,7,10,20,-0.25,anti-toxic
HCNSILVI,2,0,3,7,2,10,-0.25,anti-toxic
GSGCLNVC,24,18,31,29,42,60,-0.25,anti-toxic
SNDCDICN,10,4,9,16,14,25,-0.25,anti-toxic
VIDSDLRN,57,45,73,62,102,135,-0.25,anti-toxic
HRFVDLHG,4,2,7,8,6,15,-0.25,anti-toxic
VGNNCVHH,12,6,17,13,18,30,-0.25,anti-toxic
VSDYDRVV,2,0,4,6,2,10,-0.25,anti-toxic
VHVGVDLS,42,32,41,59,74,100,-0.25,anti-toxic
FFGFSLIN,20,14,22,28,34,50,-0.25,anti-toxic
LYCCYFFH,5,1,8,7,6,15,-0.25,anti-toxic
GGSRRRYC,13,9,13,22,22,35,-0.25,anti-toxic
NCFLGGDN,23,11,22,28,34,50,-0.25,anti-toxic
DGVFGCRN,20,14,24,26,34,50,-0.25,anti-toxic
FSDVRHGH,18,8,17,23,26,40,-0.25,anti-toxic
RLDVVGVH,9,5,11,14,14,25,-0.25,anti-toxic
VHRVRHCI,29,13,30,30,42,60,-0.25,anti-toxic
FFCSYLRS,13,5,14,16,18,30,-0.25,anti-toxic
CVRGISLV,1,1,5,5,2,10,-0.25,anti-toxic
FFGGVFSR,38,20,40,40,58,80,-0.25,anti-toxic
CGSDFISH,30,20,35,35,50,70,-0.25,anti-toxic
FDNDVGFD,37,25,46,39,62,85,-0.25,anti-toxic
VGRFVNLC,46,32,56,49,78,105,-0.25,anti-toxic
SNIDGCDC,28,22,31,39,50,70,-0.25,anti-toxic
SVLGIGGC,14,8,18,17,22,35,-0.25,anti-toxic
VRRFGFNN,19,19,34,21,38,55,-0.25,anti-toxic
YYSYGLIC,28,18,36,29,46,65,-0.25,anti-toxic
YSYCIHCS,21,17,24,31,38,55,-0.25,anti-toxic
LFVGDSCL,2,0,6,4,2,10,-0.25,anti-toxic
GVNVVRYI,56,42,67,63,98,130,-0.25,anti-toxic
DCGYRCSV,8,2,11,9,10,20,-0.25,anti-toxic
FRFFGCNL,12,14,16,24,26,40,-0.25,anti-toxic
CNGVLSDV,36,18,30,45,54,75,-0.25,anti-toxic
SNSRHDFC,46,28,50,50,74,100,-0.25,anti-toxic
FDGHGGGV,6,0,8,7,6,15,-0.25,anti-toxic
RYFGNIVG,37,25,46,39,62,85,-0.25,anti-toxic
CYCGLYCV,0,2,3,7,2,10,-0.25,anti-toxic
CCLNNVRR,35,23,35,45,58,80,-0.25,anti-toxic
FGIGLVGH,14,8,15,20,22,35,-0.25,anti-toxic
IGCGNFRG,22,16,29,26,38,55,-0.25,anti-toxic
FVNDICNG,11,7,11,19,18,30,-0.25,anti-toxic
GLFGGIRC,4,6,5,15,10,20,-0.25,anti-toxic
NRRFCGHV,51,32,60,51,83,111,-0.24778761061946902,anti-toxic
YDSFRCRG,41,26,50,41,67,91,-0.24742268041237114,anti-toxic
VFCFGRRV,29,34,49,37,63,86,-0.24731182795698925,anti-toxic
SCIVRSSC,33,22,30,46,55,76,-0.24705882352941178,anti-toxic
NGIDVGNN,37,18,35,41,55,76,-0.24705882352941178,anti-toxic
DFSHRDRN,33,18,28,43,51,71,-0.24691358024691357,anti-toxic
HSDRGCSD,26,21,24,42,47,66,-0.24675324675324675,anti-toxic
DIRCGYII,33,14,33,33,47,66,-0.24675324675324675,anti-toxic
SYHSGFSC,30,17,37,29,47,66,-0.24675324675324675,anti-toxic
SYGCISVS,29,18,28,38,47,66,-0.24675324675324675,anti-toxic
GHGIRFCC,70,54,80,82,124,162,-0.24675324675324675,anti-toxic
CISGVYRN,67,53,75,82,120,157,-0.24666666666666667,anti-toxic
CGFGNGSC,29,14,31,30,43,61,-0.2465753424657534,anti-toxic
CFHGGNVV,27,16,37,24,43,61,-0.2465753424657534,anti-toxic
DIVRLRSL,28,15,28,33,43,61,-0.2465753424657534,anti-toxic
HDGLSHRL,23,12,25,26,35,51,-0.24615384615384617,anti-toxic
CDHGYVNG,22,13,21,30,35,51,-0.24615384615384617,anti-toxic
LFCFNRHS,22,13,29,22,35,51,-0.24615384615384617,anti-toxic
FILVGNGG,20,15,20,31,35,51,-0.24615384615384617,anti-toxic
NRSRRGCN,49,43,53,69,92,122,-0.2459016393442623,anti-toxic
CDSFNSSS,22,9,18,28,31,46,-0.2459016393442623,anti-toxic
SRGCRLCD,18,9,25,16,27,41,-0.24561403508771928,anti-toxic
GIFCGFRR,49,35,62,50,84,112,-0.24561403508771928,anti-toxic
LFSFHGRR,20,7,18,23,27,41,-0.24561403508771928,anti-toxic
GYSSVICH,17,10,15,26,27,41,-0.24561403508771928,anti-toxic
SICLRVDD,15,12,22,19,27,41,-0.24561403508771928,anti-toxic
LVCRLGRG,48,32,46,61,80,107,-0.24545454545454545,anti-toxic
RGRLRSGF,18,5,15,21,23,36,-0.24528301886792453,anti-toxic
GLGGSDIL,43,33,49,53,76,102,-0.24528301886792453,anti-toxic
RVIGCHRR,72,53,76,87,125,163,-0.24516129032258063,anti-toxic
SCDFCSDC,10,9,14,17,19,31,-0.24489795918367346,anti-toxic
SLHDLVGD,12,7,11,20,19,31,-0.24489795918367346,anti-toxic
NVGDVDGR,38,26,38,49,64,87,-0.24468085106382978,anti-toxic
SGSFCVGV,37,23,40,42,60,82,-0.24444444444444444,anti-toxic
SGLNCSIR,59,46,66,72,105,138,-0.24444444444444444,anti-toxic
GIGNFRII,10,5,16,10,15,26,-0.24444444444444444,anti-toxic
GCVDRCVH,8,7,11,15,15,26,-0.24444444444444444,anti-toxic
HDSSLFSR,34,22,38,39,56,77,-0.2441860465116279,anti-toxic
VVRFLFCC,9,2,8,13,11,21,-0.24390243902439024,anti-toxic
FCGDGGSH,55,38,54,69,93,123,-0.24390243902439024,anti-toxic
RRRSLLCI,8,3,9,12,11,21,-0.24390243902439024,anti-toxic
CSDHGGVN,7,4,8,13,11,21,-0.24390243902439024,anti-toxic
DSNHRVCD,9,2,8,13,11,21,-0.24390243902439024,anti-toxic
DSYGSRGR,51,34,62,51,85,113,-0.24347826086956523,anti-toxic
SNDGNVLI,26,18,40,22,44,62,-0.24324324324324326,anti-toxic
LVSNVIRI,24,20,28,34,44,62,-0.24324324324324326,anti-toxic
CHSSCDVV,31,13,31,31,44,62,-0.24324324324324326,anti-toxic
GDCNVVGR,7,0,6,10,7,16,-0.24324324324324326,anti-toxic
YSGNVDNN,3,4,8,8,7,16,-0.24324324324324326,anti-toxic
VYGCGVRD,6,1,13,3,7,16,-0.24324324324324326,anti-toxic
GCRFGSGC,49,32,52,56,81,108,-0.24324324324324326,anti-toxic
LCDLSVGN,5,2,5,11,7,16,-0.24324324324324326,anti-toxic
CINGIRYS,47,30,48,55,77,103,-0.24299065420560748,anti-toxic
YVIFYVLN,23,17,29,28,40,57,-0.24285714285714285,anti-toxic
SLCHRNCN,21,15,21,31,36,52,-0.24242424242424243,anti-toxic
RVFSRCFN,22,14,22,30,36,52,-0.24242424242424243,anti-toxic
FVFSVNCY,3,0,5,6,3,11,-0.24242424242424243,anti-toxic
ISCSGHGL,39,30,43,50,69,93,-0.24242424242424243,anti-toxic
CFLVGDSF,2,1,5,6,3,11,-0.24242424242424243,anti-toxic
VRCRRVSD,23,13,21,31,36,52,-0.24242424242424243,anti-toxic
VDRFVVGG,2,1,6,5,3,11,-0.24242424242424243,anti-toxic
SCVRCYCG,2,1,5,6,3,11,-0.24242424242424243,anti-toxic
HLVGDGYV,42,27,37,56,69,93,-0.24242424242424243,anti-toxic
NFSGCVRG,20,16,20,32,36,52,-0.24242424242424243,anti-toxic
FGYSRIRV,23,13,22,30,36,52,-0.24242424242424243,anti-toxic
NGCYNFSL,33,32,39,49,65,88,-0.24210526315789474,anti-toxic
LNISSFGS,40,25,53,35,65,88,-0.24210526315789474,anti-toxic
GNGCVFGH,38,27,52,36,65,88,-0.24210526315789474,anti-toxic
GNFGGVGG,24,8,18,29,32,47,-0.24193548387096775,anti-toxic
VFRRNGHL,23,9,28,19,32,47,-0.24193548387096775,anti-toxic
CGHIGGHV,19,13,25,22,32,47,-0.24193548387096775,anti-toxic
VYRRIFCN,16,16,19,28,32,47,-0.24193548387096775,anti-toxic
GLHGHIIC,22,10,26,21,32,47,-0.24193548387096775,anti-toxic
NDNFGLVR,21,11,19,28,32,47,-0.24193548387096775,anti-toxic
YYNNVRSR,19,13,24,23,32,47,-0.24193548387096775,anti-toxic
DDFGGNDG,35,26,37,46,61,83,-0.24175824175824176,anti-toxic
SVSRSIHF,54,36,61,58,90,119,-0.24166666666666667,anti-toxic
VLRGGVCC,36,21,35,43,57,78,-0.2413793103448276,anti-toxic
SGINSCGD,22,6,22,20,28,42,-0.2413793103448276,anti-toxic
NNSCGRIL,20,8,18,24,28,42,-0.2413793103448276,anti-toxic
CYDSGCGD,16,12,21,21,28,42,-0.2413793103448276,anti-toxic
GFGVRDVC,63,48,65,80,111,145,-0.24113475177304963,anti-toxic
IYGSSGRG,65,46,74,71,111,145,-0.24113475177304963,anti-toxic
GCNDVSLG,48,34,52,57,82,109,-0.24107142857142858,anti-toxic
NYLHVCRS,31,22,32,41,53,73,-0.24096385542168675,anti-toxic
NDIGGDDD,29,24,31,42,53,73,-0.24096385542168675,anti-toxic
GHFGDDCR,44,34,51,53,78,104,-0.24074074074074073,anti-toxic
FRDCLGRG,18,6,20,17,24,37,-0.24074074074074073,anti-toxic
HFISFGRG,46,32,50,54,78,104,-0.24074074074074073,anti-toxic
HGVNFGSR,32,17,29,39,49,68,-0.24050632911392406,anti-toxic
NGYVSNVS,29,20,34,34,49,68,-0.24050632911392406,anti-toxic
LSGRGSLL,31,18,31,37,49,68,-0.24050632911392406,anti-toxic
GCRIDCRH,34,15,33,35,49,68,-0.24050632911392406,anti-toxic
IFRLRYGS,46,28,48,51,74,99,-0.2403846153846154,anti-toxic
CDGDFSDV,46,28,45,54,74,99,-0.2403846153846154,anti-toxic
VVRCRYNL,12,8,15,17,20,32,-0.24,anti-toxic
CHSHVINC,9,11,17,15,20,32,-0.24,anti-toxic
DRCNINYV,12,8,15,17,20,32,-0.24,anti-toxic
GCRLSDVR,31,14,28,35,45,63,-0.24,anti-toxic
CGHHRGGV,28,17,26,37,45,63,-0.24,anti-toxic
RGGVRILC,28,17,30,33,45,63,-0.24,anti-toxic
RFDHDDLS,91,79,108,110,170,218,-0.24,anti-toxic
NSVDGGIR,55,36,53,67,91,120,-0.2396694214876033,anti-toxic
CCGDSRHR,36,30,42,47,66,89,-0.23958333333333334,anti-toxic
RSFDRFVV,40,26,40,49,66,89,-0.23958333333333334,anti-toxic
GGIGCIVL,73,64,82,95,137,177,-0.23952095808383234,anti-toxic
YGVDRVLL,27,14,28,30,41,58,-0.23943661971830985,anti-toxic
GCVLRCNN,26,15,29,29,41,58,-0.23943661971830985,anti-toxic
RIDCRYID,25,16,25,33,41,58,-0.23943661971830985,anti-toxic
GVGDGGLR,7,9,16,11,16,27,-0.2391304347826087,anti-toxic
CVGHVLHC,10,6,12,15,16,27,-0.2391304347826087,anti-toxic
CDVGCCDC,33,29,42,42,62,84,-0.2391304347826087,anti-toxic
CVDVNVSL,5,11,11,16,16,27,-0.2391304347826087,anti-toxic
YLFCVYVY,11,5,15,12,16,27,-0.2391304347826087,anti-toxic
YNHLNSRG,10,6,13,14,16,27,-0.2391304347826087,anti-toxic
NRLHNHRC,20,17,25,28,37,53,-0.23880597014925373,anti-toxic
VSDSCNLR,35,23,35,44,58,79,-0.23863636363636365,anti-toxic
FRISRNIC,56,44,66,65,100,131,-0.23846153846153847,anti-toxic
DCCLRRDV,22,11,24,24,33,48,-0.23809523809523808,anti-toxic
HLHDSIIH,4,8,14,8,12,22,-0.23809523809523808,anti-toxic
LGGNLCGD,19,14,27,21,33,48,-0.23809523809523808,anti-toxic
GICRSYIG,17,16,25,23,33,48,-0.23809523809523808,anti-toxic
CHDRSLSR,23,10,22,26,33,48,-0.23809523809523808,anti-toxic
DYNNIGGD,45,26,48,47,71,95,-0.2376237623762376,anti-toxic
CHISVCDR,33,17,30,39,50,69,-0.2375,anti-toxic
SCCHSGRR,30,20,35,34,50,69,-0.2375,anti-toxic
FVRRCFRV,42,25,51,39,67,90,-0.23711340206185566,anti-toxic
IYRGHHIG,40,27,39,51,67,90,-0.23711340206185566,anti-toxic
DGNRVIID,6,2,11,6,8,17,-0.23684210526315788,anti-toxic
FYCRRLLH,5,3,8,9,8,17,-0.23684210526315788,anti-toxic
LFLYCGFV,5,3,11,6,8,17,-0.23684210526315788,anti-toxic
FNGSRGRD,27,19,30,34,46,64,-0.23684210526315788,anti-toxic
LFGHCLDF,5,3,6,11,8,17,-0.23684210526315788,anti-toxic
SYGRISCV,6,2,7,10,8,17,-0.23684210526315788,anti-toxic
DYCGSVSR,34,29,42,43,63,85,-0.23655913978494625,anti-toxic
CNGIVVRN,96,77,104,117,173,221,-0.23645320197044334,anti-toxic
YFVDCVSF,20,5,21,17,25,38,-0.23636363636363636,anti-toxic
NDVGFRCV,18,7,22,16,25,38,-0.23636363636363636,anti-toxic
RFVDVHLD,16,9,23,15,25,38,-0.23636363636363636,anti-toxic
DLGGCDVN,15,10,21,17,25,38,-0.23636363636363636,anti-toxic
LSDDLDGS,15,10,12,26,25,38,-0.23636363636363636,anti-toxic
VNVNFFRN,26,16,28,31,42,59,-0.2361111111111111,anti-toxic
VGCDHNSG,35,24,41,39,59,80,-0.23595505617977527,anti-toxic
NGLGFDIR,51,42,60,62,93,122,-0.23577235772357724,anti-toxic
YFVSYSGR,1,3,6,6,4,12,-0.23529411764705882,anti-toxic
FSLLDCVN,0,4,4,8,4,12,-0.23529411764705882,anti-toxic
FRCVRGDV,13,8,13,20,21,33,-0.23529411764705882,anti-toxic
HHHVSSSL,27,11,24,30,38,54,-0.23529411764705882,anti-toxic
LVLHSCYN,12,9,16,17,21,33,-0.23529411764705882,anti-toxic
FFVLNNVF,32,23,37,38,55,75,-0.23529411764705882,anti-toxic
RSFFSRGS,12,9,21,12,21,33,-0.23529411764705882,anti-toxic
FHRCVRHL,4,0,6,6,4,12,-0.23529411764705882,anti-toxic
NVGISGYD,11,10,10,23,21,33,-0.23529411764705882,anti-toxic
YLRDGVSD,51,34,48,64,85,112,-0.23478260869565218,anti-toxic
HSCFDHNS,41,27,45,46,68,91,-0.23469387755102042,anti-toxic
HLLCIRRG,32,19,34,36,51,70,-0.2345679012345679,anti-toxic
DYVGGNHC,66,49,69,80,115,149,-0.23448275862068965,anti-toxic
GHGFRDSN,23,11,24,25,34,49,-0.234375,anti-toxic
VRNGRDGG,23,11,22,27,34,49,-0.234375,anti-toxic
NVNDNCGN,21,13,26,23,34,49,-0.234375,anti-toxic
ICGSVGVC,45,36,56,51,81,107,-0.23423423423423423,anti-toxic
GSCIRSLI,14,3,11,17,17,28,-0.23404255319148937,anti-toxic
CLGVRHVV,14,3,12,16,17,28,-0.23404255319148937,anti-toxic
HFCGINVI,11,6,12,16,17,28,-0.23404255319148937,anti-toxic
FVGRDGDL,11,6,15,13,17,28,-0.23404255319148937,anti-toxic
IDCRCNRD,40,24,37,49,64,86,-0.23404255319148937,anti-toxic
FFLLCCLN,11,6,15,13,17,28,-0.23404255319148937,anti-toxic
CSYFRIRS,53,41,61,62,94,123,-0.23387096774193547,anti-toxic
NYGHDSRL,47,30,59,43,77,102,-0.2336448598130841,anti-toxic
VCFCIVLV,18,12,29,15,30,44,-0.23333333333333334,anti-toxic
YSGSICLS,22,8,21,23,30,44,-0.23333333333333334,anti-toxic
CSFRVSRF,17,13,25,19,30,44,-0.23333333333333334,anti-toxic
YDGNNVRS,20,10,19,25,30,44,-0.23333333333333334,anti-toxic
VCVVNDGI,12,18,19,25,30,44,-0.23333333333333334,anti-toxic
VGCIYVRG,53,37,60,58,90,118,-0.23333333333333334,anti-toxic
RGYGGCHS,19,11,23,21,30,44,-0.23333333333333334,anti-toxic
CLSFVYSH,41,32,48,49,73,97,-0.23300970873786409,anti-toxic
GGVVVDDH,27,16,32,28,43,60,-0.2328767123287671,anti-toxic
DFVNGGIS,24,19,27,33,43,60,-0.2328767123287671,anti-toxic
CNRLVYVR,26,17,26,34,43,60,-0.2328767123287671,anti-toxic
RFDVVNNG,25,18,33,27,43,60,-0.2328767123287671,anti-toxic
GRCRYHIV,28,15,34,26,43,60,-0.2328767123287671,anti-toxic
RHDIIYGG,6,7,11,12,13,23,-0.23255813953488372,anti-toxic
RNLLRRFR,37,19,33,43,56,76,-0.23255813953488372,anti-toxic
DIGSCCDC,30,26,37,39,56,76,-0.23255813953488372,anti-toxic
HGCFRRHH,9,4,12,11,13,23,-0.23255813953488372,anti-toxic
FDDSRVVR,8,5,11,12,13,23,-0.23255813953488372,anti-toxic
NDGDYHND,34,35,55,37,69,92,-0.23232323232323232,anti-toxic
CGSCSVRG,42,27,42,50,69,92,-0.23232323232323232,anti-toxic
GRVHVGRI,20,6,14,25,26,39,-0.23214285714285715,anti-toxic
FCGNSCRV,22,17,28,27,39,55,-0.2318840579710145,anti-toxic
CSGIRGCH,39,26,44,43,65,87,-0.23157894736842105,anti-toxic
IIVNHNVV,33,32,46,41,65,87,-0.23157894736842105,anti-toxic
RRYLNFCV,36,29,35,52,65,87,-0.23157894736842105,anti-toxic
GGCGYVGR,46,32,45,58,78,103,-0.23148148148148148,anti-toxic
NCHVLGSD,42,36,46,57,78,103,-0.23148148148148148,anti-toxic
GSFNGGGC,94,75,109,106,169,215,-0.23115577889447236,anti-toxic
GRCCRGNG,57,43,59,71,100,130,-0.23076923076923078,anti-toxic
HDCSNVCC,39,22,37,45,61,82,-0.23076923076923078,anti-toxic
IRRCRFGV,43,31,55,43,74,98,-0.23076923076923078,anti-toxic
CDNDCVSG,9,0,9,9,9,18,-0.23076923076923078,anti-toxic
IHGSGGGF,37,24,32,50,61,82,-0.23076923076923078,anti-toxic
DDFRGDCG,20,15,31,19,35,50,-0.23076923076923078,anti-toxic
DYLRRGGC,26,9,26,24,35,50,-0.23076923076923078,anti-toxic
NILGHNVG,41,29,44,49,70,93,-0.23,anti-toxic
HISSLRVH,32,25,38,39,57,77,-0.22988505747126436,anti-toxic
VFGNLVVC,37,20,40,37,57,77,-0.22988505747126436,anti-toxic
GLRNCRDD,34,23,33,44,57,77,-0.22988505747126436,anti-toxic
CSDVNHHV,37,20,42,35,57,77,-0.22988505747126436,anti-toxic
SGNIHFRV,19,12,20,25,31,45,-0.22950819672131148,anti-toxic
GSDVNDDH,21,10,17,28,31,45,-0.22950819672131148,anti-toxic
SYIVRVDS,14,17,18,27,31,45,-0.22950819672131148,anti-toxic
DIGGIDLL,46,33,51,53,79,104,-0.22935779816513763,anti-toxic
FLVNGRGV,34,32,39,49,66,88,-0.22916666666666666,anti-toxic
SHGFVRCL,14,4,13,16,18,29,-0.22916666666666666,anti-toxic
FFIHFYGL,12,6,13,16,18,29,-0.22916666666666666,anti-toxic
IHNSIGRF,15,3,17,12,18,29,-0.22916666666666666,anti-toxic
FGYIRLVN,11,7,14,15,18,29,-0.22916666666666666,anti-toxic
VYGSGGVV,11,7,18,11,18,29,-0.22916666666666666,anti-toxic
ISGHNYIV,27,26,38,34,53,72,-0.2289156626506024,anti-toxic
DVNISFNN,49,39,53,62,88,115,-0.2288135593220339,anti-toxic
SCFFFNIH,4,1,4,9,5,13,-0.22857142857142856,anti-toxic
FCGYVRCF,0,5,9,4,5,13,-0.22857142857142856,anti-toxic
SRVGFGDC,24,16,31,25,40,56,-0.22857142857142856,anti-toxic
DGDCLVSV,18,22,28,28,40,56,-0.22857142857142856,anti-toxic
VGVHSVCL,40,22,41,42,62,83,-0.22826086956521738,anti-toxic
NCCGDFVS,51,33,53,57,84,110,-0.22807017543859648,anti-toxic
NGGCLVNN,18,9,22,18,27,40,-0.22807017543859648,anti-toxic
SSFLVHFN,15,12,19,21,27,40,-0.22807017543859648,anti-toxic
CNSGNGDC,19,8,19,21,27,40,-0.22807017543859648,anti-toxic
SICIVGGC,33,16,30,37,49,67,-0.22784810126582278,anti-toxic
YIHGRCGV,31,18,34,33,49,67,-0.22784810126582278,anti-toxic
ISIDRICR,34,15,33,34,49,67,-0.22784810126582278,anti-toxic
DDDFSLSV,29,20,30,37,49,67,-0.22784810126582278,anti-toxic
GFRGSSSH,43,28,49,45,71,94,-0.22772277227722773,anti-toxic
DLVVRRGI,45,26,47,47,71,94,-0.22772277227722773,anti-toxic
CCGRGDND,43,28,38,56,71,94,-0.22772277227722773,anti-toxic
CHNYVHSC,42,29,50,44,71,94,-0.22772277227722773,anti-toxic
VGLSLVNG,54,39,56,65,93,121,-0.22764227642276422,anti-toxic
LSGVSILH,24,12,19,32,36,51,-0.22727272727272727,anti-toxic
VVHRGVGI,10,4,7,17,14,24,-0.22727272727272727,anti-toxic
NCCHSDGD,5,9,11,13,14,24,-0.22727272727272727,anti-toxic
CGRYVRVC,37,21,38,40,58,78,-0.22727272727272727,anti-toxic
YSGCRNHF,9,5,13,11,14,24,-0.22727272727272727,anti-toxic
RCLRNDNV,22,14,18,33,36,51,-0.22727272727272727,anti-toxic
DYNVHNIN,25,33,36,42,58,78,-0.22727272727272727,anti-toxic
FRCFGHRI,22,14,25,26,36,51,-0.22727272727272727,anti-toxic
YIGDRRIN,12,2,11,13,14,24,-0.22727272727272727,anti-toxic
FFRFSCSH,32,13,30,32,45,62,-0.22666666666666666,anti-toxic
RFLIDNLS,30,15,29,33,45,62,-0.22666666666666666,anti-toxic
NVYVGVNC,31,14,26,36,45,62,-0.22666666666666666,anti-toxic
FCRRGVRR,53,45,58,69,98,127,-0.2265625,anti-toxic
FSIDSGSV,15,8,20,15,23,35,-0.22641509433962265,anti-toxic
VFVDVSRN,15,8,19,16,23,35,-0.22641509433962265,anti-toxic
RHIRNCVR,1,0,4,4,1,8,-0.22580645161290322,anti-toxic
CDRDVGSI,1,0,5,3,1,8,-0.22580645161290322,anti-toxic
RCNCNINY,0,1,6,2,1,8,-0.22580645161290322,anti-toxic
CDVIFDVI,1,0,5,3,1,8,-0.22580645161290322,anti-toxic
GHVDDVIF,1,0,2,6,1,8,-0.22580645161290322,anti-toxic
CHGSVNCL,0,1,5,3,1,8,-0.22580645161290322,anti-toxic
CLYFYHLS,1,0,3,5,1,8,-0.22580645161290322,anti-toxic
DSRNIRHL,1,0,5,3,1,8,-0.22580645161290322,anti-toxic
HVNDGFGV,38,25,39,45,63,84,-0.22580645161290322,anti-toxic
CVCCNNCC,0,1,4,4,1,8,-0.22580645161290322,anti-toxic
YSVSYCVI,1,0,3,5,1,8,-0.22580645161290322,anti-toxic
CGIRHLGC,0,1,4,4,1,8,-0.22580645161290322,anti-toxic
VRFGYVGC,84,72,91,107,156,198,-0.22580645161290322,anti-toxic
VFSGHVHG,48,33,52,54,81,106,-0.22522522522522523,anti-toxic
HVRCNDHR,50,31,44,62,81,106,-0.22522522522522523,anti-toxic
CVGGDCGH,28,22,27,41,50,68,-0.225,anti-toxic
GDVCLGRL,8,2,4,15,10,19,-0.225,anti-toxic
VVLGLGCN,7,3,6,13,10,19,-0.225,anti-toxic
DDHIHVSC,6,4,8,11,10,19,-0.225,anti-toxic
SGCHHIHC,32,27,37,42,59,79,-0.2247191011235955,anti-toxic
DIRYLNIH,35,24,45,34,59,79,-0.2247191011235955,anti-toxic
DSINVGCH,38,21,35,44,59,79,-0.2247191011235955,anti-toxic
RFCDRGGH,80,68,96,92,148,188,-0.2247191011235955,anti-toxic
DFDCNGSV,41,27,40,50,68,90,-0.22448979591836735,anti-toxic
CRFVSVNV,38,30,36,54,68,90,-0.22448979591836735,anti-toxic
IGNSINCC,44,33,42,59,77,101,-0.22429906542056074,anti-toxic
LYFFCFDL,16,12,20,21,28,41,-0.22413793103448276,anti-toxic
SNCGRCDV,20,8,17,24,28,41,-0.22413793103448276,anti-toxic
YNCVGNVS,15,13,16,25,28,41,-0.22413793103448276,anti-toxic
FFGLGLHH,20,8,20,21,28,41,-0.22413793103448276,anti-toxic
ISSCRLDG,26,11,27,25,37,52,-0.22388059701492538,anti-toxic
CLSSNGGV,26,11,22,30,37,52,-0.22388059701492538,anti-toxic
LCDLRRGC,20,17,22,30,37,52,-0.22388059701492538,anti-toxic
DSVRHCNS,24,13,29,23,37,52,-0.22388059701492538,anti-toxic
IHGVGIII,95,76,112,104,171,216,-0.22388059701492538,anti-toxic
CHGFRDRC,35,20,37,37,55,74,-0.2235294117647059,anti-toxic
CSRRGIFH,39,25,40,45,64,85,-0.22340425531914893,anti-toxic
GRGICCVV,68,50,78,73,118,151,-0.22297297297297297,anti-toxic
NNGLIVCD,72,55,75,87,127,162,-0.2229299363057325,anti-toxic
FSLDNLGV,102,88,111,128,190,239,-0.22272727272727272,anti-toxic
LRCDVVIG,62,43,71,64,105,135,-0.2222222222222222,anti-toxic
SFRHDNIG,34,17,27,42,51,69,-0.2222222222222222,anti-toxic
LRGDICFS,21,12,23,24,33,47,-0.2222222222222222,anti-toxic
RDYRSRII,4,2,2,12,6,14,-0.2222222222222222,anti-toxic
GLVHDGHC,16,8,14,22,24,36,-0.2222222222222222,anti-toxic
FGVRVLSH,35,25,36,44,60,80,-0.2222222222222222,anti-toxic
VRRCRFGD,19,14,22,25,33,47,-0.2222222222222222,anti-toxic
GFDSNLHR,50,37,56,57,87,113,-0.2222222222222222,anti-toxic
FFYICGIG,15,9,10,26,24,36,-0.2222222222222222,anti-toxic
CCDDGHYC,22,11,24,23,33,47,-0.2222222222222222,anti-toxic
GYRDGVDL,40,29,46,45,69,91,-0.2222222222222222,anti-toxic
NCVHDCLL,33,18,38,31,51,69,-0.2222222222222222,anti-toxic
SCCDHVRR,17,7,19,17,24,36,-0.2222222222222222,anti-toxic
DCVGYYIC,37,23,44,36,60,80,-0.2222222222222222,anti-toxic
FVVLHNNS,19,5,20,16,24,36,-0.2222222222222222,anti-toxic
CCDCDHLG,2,4,6,8,6,14,-0.2222222222222222,anti-toxic
IDRGVVSH,26,7,25,22,33,47,-0.2222222222222222,anti-toxic
CDVSGVVR,62,48,67,74,110,141,-0.22142857142857142,anti-toxic
HRGRLLGF,58,52,70,71,110,141,-0.22142857142857142,anti-toxic
GSDGGVNG,44,30,40,57,74,97,-0.22115384615384615,anti-toxic
CLRHHFRV,44,30,46,51,74,97,-0.22115384615384615,anti-toxic
RDSIVRCC,40,25,39,47,65,86,-0.22105263157894736,anti-toxic
GVNSVIRF,41,24,42,44,65,86,-0.22105263157894736,anti-toxic
GCDHLICS,36,29,38,48,65,86,-0.22105263157894736,anti-toxic
VNGCGHDG,26,21,29,35,47,64,-0.22077922077922077,anti-toxic
GCSCIIVH,23,15,28,25,38,53,-0.22058823529411764,anti-toxic
IYLSRRGI,52,36,60,54,88,114,-0.22033898305084745,anti-toxic
DSGGCNGH,53,35,53,61,88,114,-0.22033898305084745,anti-toxic
CNDDCHRL,19,10,30,12,29,42,-0.22033898305084745,anti-toxic
FDDFSSNH,21,8,23,19,29,42,-0.22033898305084745,anti-toxic
NVCGLYSS,48,31,56,47,79,103,-0.22018348623853212,anti-toxic
VGYGRIGY,11,9,14,17,20,31,-0.22,anti-toxic
IVGCCNIG,40,30,44,48,70,92,-0.22,anti-toxic
RGYRCYSN,12,8,11,20,20,31,-0.22,anti-toxic
DHFSVVHL,9,11,19,12,20,31,-0.22,anti-toxic
GYVYLHFC,4,7,9,11,11,20,-0.21951219512195122,anti-toxic
LIGCGLGH,6,5,16,4,11,20,-0.21951219512195122,anti-toxic
GRIGDIHC,67,58,81,78,125,159,-0.21935483870967742,anti-toxic
NSVSGHNN,49,35,55,54,84,109,-0.21929824561403508,anti-toxic
LCDVCGDG,26,17,29,30,43,59,-0.2191780821917808,anti-toxic
HSLVSGHN,24,19,30,29,43,59,-0.2191780821917808,anti-toxic
NDSHCVHH,25,9,22,26,34,48,-0.21875,anti-toxic
NYCRRHRG,54,44,58,68,98,126,-0.21875,anti-toxic
SVRGHRFC,2,0,3,6,2,9,-0.21875,anti-toxic
GSFVCSIH,23,11,19,29,34,48,-0.21875,anti-toxic
CFVDVCCH,1,1,2,7,2,9,-0.21875,anti-toxic
CRFVLGGI,17,17,28,20,34,48,-0.21875,anti-toxic
YCVRGHNV,19,15,21,27,34,48,-0.21875,anti-toxic
YYVVGIRS,1,1,3,6,2,9,-0.21875,anti-toxic
VIVHDNGL,37,29,42,45,66,87,-0.21875,anti-toxic
RGYGHFGV,1,1,3,6,2,9,-0.21875,anti-toxic
LCLCGNFD,2,0,3,6,2,9,-0.21875,anti-toxic
LRSFSYNR,0,2,5,4,2,9,-0.21875,anti-toxic
LGICVHID,25,9,17,31,34,48,-0.21875,anti-toxic
RVVGFCCV,50,39,60,55,89,115,-0.2184873949579832,anti-toxic
RGRNHGDD,35,22,37,39,57,76,-0.21839080459770116,anti-toxic
SRDFIVRF,20,5,17,20,25,37,-0.21818181818181817,anti-toxic
GNVGCNGL,13,12,21,16,25,37,-0.21818181818181817,anti-toxic
GRGIGYHI,15,10,17,20,25,37,-0.21818181818181817,anti-toxic
FNSRHVDC,42,29,50,43,71,93,-0.21782178217821782,anti-toxic
CDFVSGRR,41,30,46,47,71,93,-0.21782178217821782,anti-toxic
NGVGVVNF,56,38,52,69,94,121,-0.21774193548387097,anti-toxic
NVGGVCDD,10,6,10,16,16,26,-0.21739130434782608,anti-toxic
HLHLICNG,22,17,21,33,39,54,-0.21739130434782608,anti-toxic
GICSIGLV,33,29,35,47,62,82,-0.21739130434782608,anti-toxic
LSSNHFDG,83,71,91,103,154,194,-0.21739130434782608,anti-toxic
SDSLHCIR,45,31,51,48,76,99,-0.2169811320754717,anti-toxic
HFVVGRLH,32,21,34,37,53,71,-0.21686746987951808,anti-toxic
GCIFRRGD,19,11,22,21,30,43,-0.21666666666666667,anti-toxic
DIHHGVGD,43,24,47,41,67,88,-0.21649484536082475,anti-toxic
FRRVHGLV,24,20,30,30,44,60,-0.21621621621621623,anti-toxic
FFCHDLVL,4,3,10,5,7,15,-0.21621621621621623,anti-toxic
IGFGVVSC,20,24,32,28,44,60,-0.21621621621621623,anti-toxic
LDCGGFGS,24,20,24,36,44,60,-0.21621621621621623,anti-toxic
DCHGLNSI,57,38,52,70,95,122,-0.216,anti-toxic
FVSYVHRC,35,23,40,37,58,77,-0.2159090909090909,anti-toxic
SSCDGLVI,13,8,18,14,21,32,-0.21568627450980393,anti-toxic
DCYNFLFC,13,8,17,15,21,32,-0.21568627450980393,anti-toxic
GNLVNGVD,15,6,19,13,21,32,-0.21568627450980393,anti-toxic
VVSHGICD,39,33,42,52,72,94,-0.21568627450980393,anti-toxic
CLHSDGHI,17,4,16,16,21,32,-0.21568627450980393,anti-toxic
FLLRLHRS,22,13,24,25,35,49,-0.2153846153846154,anti-toxic
SCNGYVGV,28,21,35,31,49,66,-0.21518987341772153,anti-toxic
NLGVSSDR,39,24,38,45,63,83,-0.21505376344086022,anti-toxic
SDFSINHH,40,23,49,34,63,83,-0.21505376344086022,anti-toxic
HCGIRRFH,51,40,57,60,91,117,-0.21487603305785125,anti-toxic
RGSISSCC,51,40,54,63,91,117,-0.21487603305785125,anti-toxic
DHNGYHRR,91,84,116,103,175,219,-0.2146341463414634,anti-toxic
LCRNRFLC,17,9,10,28,26,38,-0.21428571428571427,anti-toxic
NSNYSCGR,8,4,11,10,12,21,-0.21428571428571427,anti-toxic
VFCHNRRR,15,11,14,24,26,38,-0.21428571428571427,anti-toxic
YNRVCNGG,19,7,18,20,26,38,-0.21428571428571427,anti-toxic
RLRCDVRH,26,14,32,23,40,55,-0.21428571428571427,anti-toxic
VVDDVSFH,29,11,25,30,40,55,-0.21428571428571427,anti-toxic
FVGISVNG,31,23,27,45,54,72,-0.21428571428571427,anti-toxic
RHCVHLRN,13,13,18,20,26,38,-0.21428571428571427,anti-toxic
NHDNSCSG,18,8,14,24,26,38,-0.21428571428571427,anti-toxic
GRINHFGF,28,12,35,20,40,55,-0.21428571428571427,anti-toxic
RGDVYIRV,20,6,18,20,26,38,-0.21428571428571427,anti-toxic
NCIVGRGH,44,38,53,53,82,106,-0.21428571428571427,anti-toxic
HGHGRGCR,25,20,28,33,45,61,-0.21333333333333335,anti-toxic
SRVYGSDC,27,18,33,28,45,61,-0.21333333333333335,anti-toxic
SDGYYCRG,27,18,26,35,45,61,-0.21333333333333335,anti-toxic
VVVFNDGV,19,12,19,25,31,44,-0.21311475409836064,anti-toxic
RCCDVRIV,19,12,20,24,31,44,-0.21311475409836064,anti-toxic
DGLVRILG,6,11,16,11,17,27,-0.2127659574468085,anti-toxic
VLHCVYRN,33,31,35,49,64,84,-0.2127659574468085,anti-toxic
CNIGFGCR,12,5,12,15,17,27,-0.2127659574468085,anti-toxic
LRCGRRVG,12,5,15,12,17,27,-0.2127659574468085,anti-toxic
RFCFGVGV,39,25,41,43,64,84,-0.2127659574468085,anti-toxic
FHIDGSND,29,21,34,33,50,67,-0.2125,anti-toxic
DVIHVYSS,34,16,31,36,50,67,-0.2125,anti-toxic
VNNVNSRI,34,16,25,42,50,67,-0.2125,anti-toxic
LYRFDCNC,49,34,54,53,83,107,-0.21238938053097345,anti-toxic
SDGCLSHH,0,3,4,6,3,10,-0.21212121212121213,anti-toxic
SCVFYYSG,3,0,5,5,3,10,-0.21212121212121213,anti-toxic
LDGRRIIG,2,1,7,3,3,10,-0.21212121212121213,anti-toxic
RNFRHFRL,1,2,5,5,3,10,-0.21212121212121213,anti-toxic
CVVDSVSV,2,1,4,6,3,10,-0.21212121212121213,anti-toxic
CGRFLRNF,44,25,48,42,69,90,-0.21212121212121213,anti-toxic
RVSGGFVC,2,1,8,2,3,10,-0.21212121212121213,anti-toxic
HRVRDFRG,51,37,60,53,88,113,-0.211864406779661,anti-toxic
RDHCGYVC,53,35,56,57,88,113,-0.211864406779661,anti-toxic
GINCCVVR,32,23,40,33,55,73,-0.21176470588235294,anti-toxic
DVVCRDGL,30,25,37,36,55,73,-0.21176470588235294,anti-toxic
CNLNSYRS,33,22,29,44,55,73,-0.21176470588235294,anti-toxic
GFRFFRIH,11,11,15,18,22,33,-0.21153846153846154,anti-toxic
NLNGGLLD,9,13,14,19,22,33,-0.21153846153846154,anti-toxic
SCRGGVVV,45,29,48,48,74,96,-0.21153846153846154,anti-toxic
VDRINGCH,37,37,49,47,74,96,-0.21153846153846154,anti-toxic
RGIGDCGL,14,8,20,13,22,33,-0.21153846153846154,anti-toxic
DRVLRGGI,27,14,30,26,41,56,-0.2112676056338028,anti-toxic
CFLDRIIC,28,13,28,28,41,56,-0.2112676056338028,anti-toxic
IGHSRCFG,39,21,41,38,60,79,-0.2111111111111111,anti-toxic
YVCRVRCV,56,42,57,68,98,125,-0.2109375,anti-toxic
LRRGIDHL,68,54,77,77,122,154,-0.21052631578947367,anti-toxic
DNDDHRCD,3,5,5,11,8,16,-0.21052631578947367,anti-toxic
CGRVSHFG,7,1,6,10,8,16,-0.21052631578947367,anti-toxic
GNVGCYVF,17,10,24,15,27,39,-0.21052631578947367,anti-toxic
FGNSGYRR,32,19,30,38,51,68,-0.20987654320987653,anti-toxic
YLGNSVVV,32,19,36,32,51,68,-0.20987654320987653,anti-toxic
VVYSRISC,65,48,79,64,113,143,-0.2097902097902098,anti-toxic
HLGGNGSI,94,81,107,111,175,218,-0.2097560975609756,anti-toxic
RGNCVHCV,21,11,22,23,32,45,-0.20967741935483872,anti-toxic
VYGRGLCV,19,13,20,25,32,45,-0.20967741935483872,anti-toxic
RVVCFDSI,21,11,30,15,32,45,-0.20967741935483872,anti-toxic
VLDVLGGV,109,90,121,126,199,247,-0.2096069868995633,anti-toxic
SNGRYVCR,5,8,11,11,13,22,-0.20930232558139536,anti-toxic
YDCCFLHH,6,7,10,12,13,22,-0.20930232558139536,anti-toxic
FSLCGNNR,37,19,38,36,56,74,-0.20930232558139536,anti-toxic
NFGRIIIH,11,2,14,8,13,22,-0.20930232558139536,anti-toxic
SCRVCDGD,9,4,10,12,13,22,-0.20930232558139536,anti-toxic
HFGSNRCV,10,3,8,14,13,22,-0.20930232558139536,anti-toxic
GYDHDCSN,47,33,43,60,80,103,-0.20909090909090908,anti-toxic
HNDLDLVF,49,31,49,54,80,103,-0.20909090909090908,anti-toxic
RFSDCHDV,25,12,26,25,37,51,-0.208955223880597,anti-toxic
NCVHGHSC,37,24,40,40,61,80,-0.2087912087912088,anti-toxic
DCLGRIGI,58,51,65,73,109,138,-0.20863309352517986,anti-toxic
IYGCVRVH,10,8,14,14,18,28,-0.20833333333333334,anti-toxic
LCGNHGDH,12,6,11,17,18,28,-0.20833333333333334,anti-toxic
YYHRRIGV,12,6,17,11,18,28,-0.20833333333333334,anti-toxic
IGICGNRI,42,29,48,44,71,92,-0.2079207920792079,anti-toxic
HRGISVLC,31,16,27,36,47,63,-0.2077922077922078,anti-toxic
GISGYIRN,26,21,28,35,47,63,-0.2077922077922078,anti-toxic
LYSFGCCI,33,14,29,34,47,63,-0.2077922077922078,anti-toxic
CCNNGGGN,58,42,61,66,100,127,-0.2076923076923077,anti-toxic
CGRFVRHD,14,9,14,20,23,34,-0.20754716981132076,anti-toxic
VNRGCHHC,16,7,13,21,23,34,-0.20754716981132076,anti-toxic
DCCYVHVC,14,9,15,19,23,34,-0.20754716981132076,anti-toxic
ICSLLHRH,32,20,34,35,52,69,-0.2073170731707317,anti-toxic
RYDYVIVG,42,39,49,55,81,104,-0.2072072072072072,anti-toxic
IIVVDYVF,21,7,23,17,28,40,-0.20689655172413793,anti-toxic
HRFSCCVL,16,12,17,23,28,40,-0.20689655172413793,anti-toxic
FCSIHRVH,38,19,41,34,57,75,-0.20689655172413793,anti-toxic
RLHCYVRV,35,22,30,45,57,75,-0.20689655172413793,anti-toxic
FSISRLCL,37,20,38,37,57,75,-0.20689655172413793,anti-toxic
VGLVDGVL,68,52,72,79,120,151,-0.20666666666666667,anti-toxic
RFDRNCCV,54,37,58,58,91,116,-0.2066115702479339,anti-toxic
NDVCVGVV,89,70,100,98,159,198,-0.20634920634920634,anti-toxic
ILGGCFVC,19,14,20,26,33,46,-0.20634920634920634,anti-toxic
GCHYNRIG,41,26,36,51,67,87,-0.20618556701030927,anti-toxic
HRFFHRLC,22,16,24,28,38,52,-0.20588235294117646,anti-toxic
RGDGGCGG,37,35,45,48,72,93,-0.20588235294117646,anti-toxic
RFISFRRV,4,0,3,8,4,11,-0.20588235294117646,anti-toxic
LCRSDVIV,42,30,41,52,72,93,-0.20588235294117646,anti-toxic
RLVRDISR,45,27,45,48,72,93,-0.20588235294117646,anti-toxic
GRRIISNR,4,0,6,5,4,11,-0.20588235294117646,anti-toxic
HIGHCVGI,43,34,43,56,77,99,-0.205607476635514,anti-toxic
ISYVCVGR,29,14,28,30,43,58,-0.2054794520547945,anti-toxic
RFCNDDHL,23,20,34,24,43,58,-0.2054794520547945,anti-toxic
DLLVRYVH,26,17,29,29,43,58,-0.2054794520547945,anti-toxic
GSGVHGVY,50,32,61,44,82,105,-0.20535714285714285,anti-toxic
RGRVGFRF,24,24,38,26,48,64,-0.20512820512820512,anti-toxic
CDGGSDGG,7,2,9,8,9,17,-0.20512820512820512,anti-toxic
RGCIGVRS,5,4,8,9,9,17,-0.20512820512820512,anti-toxic
CCVCVVGH,32,16,32,32,48,64,-0.20512820512820512,anti-toxic
CDFRGIRV,32,16,32,32,48,64,-0.20512820512820512,anti-toxic
VDRCRFNC,6,3,6,11,9,17,-0.20512820512820512,anti-toxic
CFGGVLNN,6,3,10,7,9,17,-0.20512820512820512,anti-toxic
CRSCDVID,24,29,31,39,53,70,-0.20481927710843373,anti-toxic
FRVSGNCN,77,59,80,90,136,170,-0.20481927710843373,anti-toxic
YYNFCVIG,9,5,13,10,14,23,-0.20454545454545456,anti-toxic
YSSCDSHG,9,5,10,13,14,23,-0.20454545454545456,anti-toxic
RHRCVYVR,40,23,45,37,63,82,-0.20430107526881722,anti-toxic
CSVHHDLN,43,25,36,52,68,88,-0.20408163265306123,anti-toxic
DFRIIHGG,8,11,11,18,19,29,-0.20408163265306123,anti-toxic
LDLRNCSC,15,4,15,14,19,29,-0.20408163265306123,anti-toxic
IIVGGFRV,46,27,51,43,73,94,-0.20388349514563106,anti-toxic
IHSSFCNR,13,11,13,22,24,35,-0.2037037037037037,anti-toxic
VLNRHVSG,45,38,46,60,83,106,-0.20353982300884957,anti-toxic
CIRGLSVC,55,38,52,66,93,118,-0.2032520325203252,anti-toxic
VGRYCVGR,58,40,56,68,98,124,-0.203125,anti-toxic
FCCVDNGH,23,16,29,24,39,53,-0.2028985507246377,anti-toxic
SIGCRVND,23,16,26,27,39,53,-0.2028985507246377,anti-toxic
RCDRDNDV,61,47,64,72,108,136,-0.2028985507246377,anti-toxic
GRRCRFYF,20,19,24,29,39,53,-0.2028985507246377,anti-toxic
FVSVVRLG,24,15,30,23,39,53,-0.2028985507246377,anti-toxic
LYDVRSIR,29,15,32,27,44,59,-0.20270270270270271,anti-toxic
CSHVNVIR,27,17,26,33,44,59,-0.20270270270270271,anti-toxic
LDDIGRVC,25,19,29,30,44,59,-0.20270270270270271,anti-toxic
GVSDNHSG,36,23,40,37,59,77,-0.20224719101123595,anti-toxic
GIDRGVSY,43,26,43,46,69,89,-0.20202020202020202,anti-toxic
GINRCVCD,49,30,59,42,79,101,-0.2018348623853211,anti-toxic
IDIVGLIH,48,31,49,52,79,101,-0.2018348623853211,anti-toxic
NRCGGLCR,44,35,50,51,79,101,-0.2018348623853211,anti-toxic
CHSDGRYD,47,32,51,50,79,101,-0.2018348623853211,anti-toxic
FHGGVNSV,49,30,43,58,79,101,-0.2018348623853211,anti-toxic
ILGNGCIG,50,34,48,59,84,107,-0.20175438596491227,anti-toxic
CLDNFHRS,48,36,58,49,84,107,-0.20175438596491227,anti-toxic
GLCDRFDS,46,38,46,61,84,107,-0.20175438596491227,anti-toxic
NCDVFRGV,51,38,52,61,89,113,-0.20168067226890757,anti-toxic
CNNCVGGD,51,38,49,64,89,113,-0.20168067226890757,anti-toxic
VYRSRDGG,56,43,68,57,99,125,-0.20155038759689922,anti-toxic
VFCGIRHN,61,43,62,69,104,131,-0.20149253731343283,anti-toxic
SHYSSFRG,68,51,66,83,119,149,-0.20134228187919462,anti-toxic
YICFVYVC,3,2,3,9,5,12,-0.2,anti-toxic
CRDHDGLR,3,2,5,7,5,12,-0.2,anti-toxic
GCVDCDDD,24,16,23,31,40,54,-0.2,anti-toxic
INFVVGHI,25,10,22,26,35,48,-0.2,anti-toxic
YSGVGHLG,33,17,37,29,50,66,-0.2,anti-toxic
SRYFNIGN,24,26,27,39,50,66,-0.2,anti-toxic
CNFRGHNN,31,19,35,31,50,66,-0.2,anti-toxic
SVGLLLGV,25,20,23,37,45,60,-0.2,anti-toxic
YGHGGVLV,50,40,55,59,90,114,-0.2,anti-toxic
HVRSHYVG,7,3,8,10,10,18,-0.2,anti-toxic
SCFGGGVR,33,22,42,30,55,72,-0.2,anti-toxic
IRVCHVDV,3,2,6,6,5,12,-0.2,anti-toxic
DFNCVYVI,22,8,20,22,30,42,-0.2,anti-toxic
CFRGGLRL,21,14,20,28,35,48,-0.2,anti-toxic
RNNCCIRF,3,2,7,5,5,12,-0.2,anti-toxic
RCRLRSRS,13,7,13,17,20,30,-0.2,anti-toxic
YNVDGDSC,61,44,66,66,105,132,-0.2,anti-toxic
GFVSYCFH,15,10,19,17,25,36,-0.2,anti-toxic
HCDFNGGV,15,10,15,21,25,36,-0.2,anti-toxic
SGDGFHHC,4,6,8,10,10,18,-0.2,anti-toxic
GRRIISSL,19,6,16,20,25,36,-0.2,anti-toxic
GHVLRVSV,27,13,25,29,40,54,-0.2,anti-toxic
FCNVGSRI,42,23,37,47,65,84,-0.2,anti-toxic
FSLNVRSL,20,10,23,19,30,42,-0.2,anti-toxic
FIIRFCVC,3,2,5,7,5,12,-0.2,anti-toxic
NGCGGFRD,35,25,34,44,60,78,-0.2,anti-toxic
CCVIRSSC,7,3,6,12,10,18,-0.2,anti-toxic
VIGGLCGH,16,9,18,18,25,36,-0.2,anti-toxic
CNVVGRCD,21,19,30,24,40,54,-0.2,anti-toxic
VFVRNRCD,7,3,7,11,10,18,-0.2,anti-toxic
DGNCVFVI,41,24,49,35,65,84,-0.2,anti-toxic
RNFRSLFV,11,4,9,15,15,24,-0.2,anti-toxic
HVGGCSVH,48,33,48,55,81,103,-0.1981981981981982,anti-toxic
FRCSVISD,45,31,43,54,76,97,-0.19811320754716982,anti-toxic
RCGSSGLN,43,28,36,55,71,91,-0.19801980198019803,anti-toxic
RNDCDGYN,38,28,40,45,66,85,-0.19791666666666666,anti-toxic
GIRSRFDC,35,26,43,36,61,79,-0.1978021978021978,anti-toxic
LRRLHGIV,81,71,89,99,152,188,-0.1978021978021978,anti-toxic
VHCRDIGC,39,22,32,47,61,79,-0.1978021978021978,anti-toxic
LDGRGGHL,32,24,37,36,56,73,-0.19767441860465115,anti-toxic
YVDDSGNG,32,19,35,32,51,67,-0.19753086419753085,anti-toxic
NSHGGSGC,32,19,32,35,51,67,-0.19753086419753085,anti-toxic
VVIRDHVI,25,21,26,35,46,61,-0.19736842105263158,anti-toxic
SFVGDVNL,27,19,34,27,46,61,-0.19736842105263158,anti-toxic
SCGFVNGV,26,15,25,30,41,55,-0.19718309859154928,anti-toxic
GGFRLGRC,30,11,31,24,41,55,-0.19718309859154928,anti-toxic
FIRSRFGI,23,18,22,33,41,55,-0.19718309859154928,anti-toxic
GNCYVFVR,23,18,23,32,41,55,-0.19718309859154928,anti-toxic
GRGVCVSF,23,13,21,28,36,49,-0.19696969696969696,anti-toxic
YNDLRCSN,23,13,26,23,36,49,-0.19696969696969696,anti-toxic
CCIGGVRH,23,13,32,17,36,49,-0.19696969696969696,anti-toxic
CSGGNGCH,23,8,23,20,31,43,-0.19672131147540983,anti-toxic
RGGLDIRD,23,8,20,23,31,43,-0.19672131147540983,anti-toxic
RGCDLRIL,19,12,25,18,31,43,-0.19672131147540983,anti-toxic
GNINDDHY,20,11,17,26,31,43,-0.19672131147540983,anti-toxic
RRNYVHFI,52,35,54,56,87,110,-0.19658119658119658,anti-toxic
CLNNHISV,53,34,52,58,87,110,-0.19658119658119658,anti-toxic
HGVCDNLH,16,10,16,21,26,37,-0.19642857142857142,anti-toxic
HCSVIYSH,14,12,24,13,26,37,-0.19642857142857142,anti-toxic
VHGVCCSG,19,7,18,19,26,37,-0.19642857142857142,anti-toxic
IVNCVLSV,43,29,42,50,72,92,-0.19607843137254902,anti-toxic
NFLHRFHL,71,52,67,86,123,153,-0.19607843137254902,anti-toxic
RRRIINGG,10,11,12,19,21,31,-0.19607843137254902,anti-toxic
DLVGVRFN,38,29,41,45,67,86,-0.1958762886597938,anti-toxic
GNVRHNGV,37,25,33,47,62,80,-0.1956521739130435,anti-toxic
GHCGHVIR,37,25,45,35,62,80,-0.1956521739130435,anti-toxic
CGSGNHHI,9,7,16,9,16,25,-0.1956521739130435,anti-toxic
VNGHRSDF,35,22,30,44,57,74,-0.19540229885057472,anti-toxic
DHDSFDLG,4,7,11,8,11,19,-0.1951219512195122,anti-toxic
IGRCVIHD,34,18,34,34,52,68,-0.1951219512195122,anti-toxic
DGFHDCND,49,44,63,54,93,117,-0.1951219512195122,anti-toxic
HGLVDSSC,6,5,10,9,11,19,-0.1951219512195122,anti-toxic
CLHRRHGV,7,4,9,10,11,19,-0.1951219512195122,anti-toxic
CSLGVRGG,4,7,9,10,11,19,-0.1951219512195122,anti-toxic
FCVDSNRV,32,20,35,33,52,68,-0.1951219512195122,anti-toxic
FDSSCLIV,6,5,11,8,11,19,-0.1951219512195122,anti-toxic
HNGCCVGG,29,13,25,31,42,56,-0.19444444444444445,anti-toxic
RRVDCGSC,5,1,8,5,6,13,-0.19444444444444445,anti-toxic
GCSGVGVH,4,2,5,8,6,13,-0.19444444444444445,anti-toxic
CSNIHFVI,27,15,28,28,42,56,-0.19444444444444445,anti-toxic
NSICHICI,5,1,7,6,6,13,-0.19444444444444445,anti-toxic
CNGVRCGV,46,27,41,52,73,93,-0.1941747572815534,anti-toxic
YLYRLGSI,43,30,49,44,73,93,-0.1941747572815534,anti-toxic
GHLRFIRV,24,13,21,29,37,50,-0.19402985074626866,anti-toxic
HIVGVNIG,19,18,21,29,37,50,-0.19402985074626866,anti-toxic
RSHGVFYI,23,14,26,24,37,50,-0.19402985074626866,anti-toxic
CHNVLYVF,0,1,4,3,1,7,-0.1935483870967742,anti-toxic
VCHGHVHI,23,9,18,26,32,44,-0.1935483870967742,anti-toxic
FVYVGFRD,0,1,2,5,1,7,-0.1935483870967742,anti-toxic
LHGSSVIG,1,0,3,4,1,7,-0.1935483870967742,anti-toxic
GRRIISNS,0,1,2,5,1,7,-0.1935483870967742,anti-toxic
DGYRSCLF,1,0,2,5,1,7,-0.1935483870967742,anti-toxic
IVYIRDRG,1,0,4,3,1,7,-0.1935483870967742,anti-toxic
VDYGLDHG,17,15,24,20,32,44,-0.1935483870967742,anti-toxic
FLIDGGRV,1,0,4,3,1,7,-0.1935483870967742,anti-toxic
IDSGSRIC,1,0,2,5,1,7,-0.1935483870967742,anti-toxic
CNDVVVGR,1,0,5,2,1,7,-0.1935483870967742,anti-toxic
NVNRLCHL,37,26,45,36,63,81,-0.1935483870967742,anti-toxic
FYGVHCDI,0,1,1,6,1,7,-0.1935483870967742,anti-toxic
FLSDGGCV,1,0,3,4,1,7,-0.1935483870967742,anti-toxic
FFDHNRDC,1,0,2,5,1,7,-0.1935483870967742,anti-toxic
HSGYVYIS,48,36,52,54,84,106,-0.19298245614035087,anti-toxic
RSIGCVSH,16,11,19,19,27,38,-0.19298245614035087,anti-toxic
CDGDVCDC,15,12,21,17,27,38,-0.19298245614035087,anti-toxic
SCSIIGGC,17,10,20,18,27,38,-0.19298245614035087,anti-toxic
SSVNHGCD,64,46,60,77,110,137,-0.19285714285714287,anti-toxic
FFNGIVRG,30,23,28,41,53,69,-0.1927710843373494,anti-toxic
RGRGFVCC,34,19,41,28,53,69,-0.1927710843373494,anti-toxic
SDGCIIHV,56,44,57,68,100,125,-0.19230769230769232,anti-toxic
HDNNYVGV,27,21,28,35,48,63,-0.19230769230769232,anti-toxic
CIFIFFCF,13,9,14,18,22,32,-0.19230769230769232,anti-toxic
RSFCFLNL,40,34,44,50,74,94,-0.19230769230769232,anti-toxic
HDNHRHVH,33,15,26,37,48,63,-0.19230769230769232,anti-toxic
VNDGLVGI,33,15,25,38,48,63,-0.19230769230769232,anti-toxic
CVGDLVGV,17,5,22,10,22,32,-0.19230769230769232,anti-toxic
RYHNVCFS,31,17,25,38,48,63,-0.19230769230769232,anti-toxic
CRGLIVGN,14,8,18,14,22,32,-0.19230769230769232,anti-toxic
LCVVRNRL,44,25,47,41,69,88,-0.1919191919191919,anti-toxic
NLFGLGRV,29,14,29,28,43,57,-0.1917808219178082,anti-toxic
GHFGGICV,26,17,29,28,43,57,-0.1917808219178082,anti-toxic
SGGCGCGD,28,15,22,35,43,57,-0.1917808219178082,anti-toxic
NYRCRYGL,28,15,30,27,43,57,-0.1917808219178082,anti-toxic
SSLIGCVR,40,24,36,46,64,82,-0.19148936170212766,anti-toxic
GNNRLGHV,11,6,13,13,17,26,-0.19148936170212766,anti-toxic
VDCSHYVC,7,10,12,14,17,26,-0.19148936170212766,anti-toxic
FLRVNGSC,12,5,13,13,17,26,-0.19148936170212766,anti-toxic
YGVGGIGG,8,9,12,14,17,26,-0.19148936170212766,anti-toxic
SCGGDNSG,61,50,64,74,111,138,-0.19148936170212766,anti-toxic
NDNCRGNC,9,8,15,11,17,26,-0.19148936170212766,anti-toxic
SCDSDNFC,27,11,22,29,38,51,-0.19117647058823528,anti-toxic
FCDNLLVC,28,10,23,28,38,51,-0.19117647058823528,anti-toxic
RFCRDGIV,26,12,25,26,38,51,-0.19117647058823528,anti-toxic
GFRFCFGG,38,21,41,35,59,76,-0.19101123595505617,anti-toxic
NSVSRGFL,36,18,33,37,54,70,-0.19047619047619047,anti-toxic
CGGGGILV,8,4,8,12,12,20,-0.19047619047619047,anti-toxic
LYNNINVN,14,19,22,23,33,45,-0.19047619047619047,anti-toxic
NSFFNSSD,23,10,15,30,33,45,-0.19047619047619047,anti-toxic
GCDVDIII,35,19,31,39,54,70,-0.19047619047619047,anti-toxic
IVCGRVDI,46,29,38,57,75,95,-0.19047619047619047,anti-toxic
LLHYVRCR,6,6,9,11,12,20,-0.19047619047619047,anti-toxic
SSFGHSIC,9,3,9,11,12,20,-0.19047619047619047,anti-toxic
DGGCGGLC,43,32,40,55,75,95,-0.19047619047619047,anti-toxic
LCRVISLH,5,7,7,13,12,20,-0.19047619047619047,anti-toxic
NIDCCVRG,5,7,13,7,12,20,-0.19047619047619047,anti-toxic
GHVRFVRV,61,51,71,68,112,139,-0.19014084507042253,anti-toxic
GLRNDIDC,53,38,59,55,91,114,-0.19008264462809918,anti-toxic
GFCSNVSD,44,26,47,42,70,89,-0.19,anti-toxic
FFSGRFLR,28,21,40,24,49,64,-0.189873417721519,anti-toxic
GVRICNDG,31,18,29,35,49,64,-0.189873417721519,anti-toxic
CSGNFIVG,32,17,32,32,49,64,-0.189873417721519,anti-toxic
VCRSRFCI,16,12,19,20,28,39,-0.1896551724137931,anti-toxic
RSHCVCDG,46,40,56,52,86,108,-0.1896551724137931,anti-toxic
GYVFYRYL,17,11,18,21,28,39,-0.1896551724137931,anti-toxic
GRCGRDCR,22,6,19,20,28,39,-0.1896551724137931,anti-toxic
VRRIISNR,3,4,3,11,7,14,-0.1891891891891892,anti-toxic
RVFFFFVF,6,1,7,7,7,14,-0.1891891891891892,anti-toxic
FRHRFLVR,2,5,7,7,7,14,-0.1891891891891892,anti-toxic
NRLFCRIR,49,32,45,57,81,102,-0.1891891891891892,anti-toxic
NVFCIGNL,2,5,6,8,7,14,-0.1891891891891892,anti-toxic
NSHGCLRH,6,1,7,7,7,14,-0.1891891891891892,anti-toxic
GHCGGVGG,29,15,36,22,44,58,-0.1891891891891892,anti-toxic
RGSNCVCV,6,1,10,4,7,14,-0.1891891891891892,anti-toxic
FYFFSDNV,30,14,31,27,44,58,-0.1891891891891892,anti-toxic
GNSCYHND,36,24,39,38,60,77,-0.18888888888888888,anti-toxic
FGNFVYRC,36,24,34,43,60,77,-0.18888888888888888,anti-toxic
GHRHNSIF,38,22,41,36,60,77,-0.18888888888888888,anti-toxic
LCVDGGHN,83,67,95,89,150,184,-0.18888888888888888,anti-toxic
ILRGNGCR,14,9,21,12,23,33,-0.18867924528301888,anti-toxic
RFGVCSDC,49,43,59,56,92,115,-0.1885245901639344,anti-toxic
GYGIGRGL,54,38,61,54,92,115,-0.1885245901639344,anti-toxic
DNSVRHFC,25,14,33,19,39,52,-0.18840579710144928,anti-toxic
YFRVISNS,23,16,31,21,39,52,-0.18840579710144928,anti-toxic
CVLHHCDS,22,17,26,26,39,52,-0.18840579710144928,anti-toxic
LRSLVSRR,24,15,22,30,39,52,-0.18840579710144928,anti-toxic
CYGDGNGV,20,19,25,27,39,52,-0.18840579710144928,anti-toxic
HNFSNNNG,32,23,34,37,55,71,-0.18823529411764706,anti-toxic
VSVCRYSI,39,32,45,45,71,90,-0.18811881188118812,anti-toxic
FLFRYGLL,1,1,5,3,2,8,-0.1875,anti-toxic
RHCDGLVR,1,1,3,5,2,8,-0.1875,anti-toxic
FFSDGGRV,2,0,6,2,2,8,-0.1875,anti-toxic
GCCRGVIV,2,0,6,2,2,8,-0.1875,anti-toxic
DHHLDSVG,21,13,19,27,34,46,-0.1875,anti-toxic
DFDSGDID,26,8,18,28,34,46,-0.1875,anti-toxic
HVNRGGIC,33,17,29,36,50,65,-0.1875,anti-toxic
VYCGVRRI,2,0,3,5,2,8,-0.1875,anti-toxic
SYFNILVR,0,2,4,4,2,8,-0.1875,anti-toxic
CFSVVGSN,41,25,41,43,66,84,-0.1875,anti-toxic
GYSVCHGS,35,31,36,48,66,84,-0.1875,anti-toxic
ISNCNFVL,2,0,5,3,2,8,-0.1875,anti-toxic
YCCIGRDS,21,13,23,23,34,46,-0.1875,anti-toxic
VISVRNNL,33,17,29,36,50,65,-0.1875,anti-toxic
ICDFDLCC,1,1,4,4,2,8,-0.1875,anti-toxic
CIDCNGIS,31,19,31,34,50,65,-0.1875,anti-toxic
NVGCGSNV,47,30,46,51,77,97,-0.18691588785046728,anti-toxic
GGCVRDCC,34,27,44,34,61,78,-0.18681318681318682,anti-toxic
CCVSDGSR,36,25,35,43,61,78,-0.18681318681318682,anti-toxic
DDFGGSGI,38,23,45,33,61,78,-0.18681318681318682,anti-toxic
CRYHSGSL,68,52,68,80,120,148,-0.18666666666666668,anti-toxic
SSGHLYIR,53,51,67,62,104,129,-0.1865671641791045,anti-toxic
HCRVGGHY,15,14,18,22,29,40,-0.1864406779661017,anti-toxic
FCDIRCRD,22,7,17,23,29,40,-0.1864406779661017,anti-toxic
FCNVNRDC,52,36,58,52,88,110,-0.1864406779661017,anti-toxic
VSCDGRGF,8,5,6,15,13,21,-0.18604651162790697,anti-toxic
FFFFHINC,9,4,5,16,13,21,-0.18604651162790697,anti-toxic
NDGDDCVC,7,6,8,13,13,21,-0.18604651162790697,anti-toxic
HCGIGRVC,12,1,10,11,13,21,-0.18604651162790697,anti-toxic
DGCNGIHC,30,26,37,35,56,72,-0.18604651162790697,anti-toxic
SLGLNVNN,42,41,58,46,83,104,-0.18584070796460178,anti-toxic
GDCDVRRF,29,11,25,28,40,53,-0.18571428571428572,anti-toxic
DCGYGNCS,26,14,33,20,40,53,-0.18571428571428572,anti-toxic
DVNHSYCH,64,46,60,76,110,136,-0.18571428571428572,anti-toxic
LSDDRLCG,41,26,48,37,67,85,-0.18556701030927836,anti-toxic
RYNSDCHD,35,16,29,37,51,66,-0.18518518518518517,anti-toxic
DCDGCGDL,15,9,23,11,24,34,-0.18518518518518517,anti-toxic
IGGSCHGG,32,19,28,38,51,66,-0.18518518518518517,anti-toxic
GIFRFRCC,4,4,3,12,8,15,-0.18421052631578946,anti-toxic
LDGRFLVN,34,23,33,40,57,73,-0.1839080459770115,anti-toxic
LIDVRVDV,14,5,15,13,19,28,-0.1836734693877551,anti-toxic
FNCHSVSV,11,8,15,13,19,28,-0.1836734693877551,anti-toxic
RNCCIIHV,43,25,36,50,68,86,-0.1836734693877551,anti-toxic
CVGGDVDR,12,7,17,11,19,28,-0.1836734693877551,anti-toxic
VFSDNCGG,46,33,44,55,79,99,-0.1834862385321101,anti-toxic
IISFVHGL,51,39,47,65,90,112,-0.18333333333333332,anti-toxic
GCVRNIFL,16,14,18,23,30,41,-0.18333333333333332,anti-toxic
CSVINSSN,50,40,53,59,90,112,-0.18333333333333332,anti-toxic
CVRVGLSF,60,41,65,60,101,125,-0.183206106870229,anti-toxic
FFCRNSRC,60,41,70,55,101,125,-0.183206106870229,anti-toxic
CLDDIDSD,29,12,24,30,41,54,-0.18309859154929578,anti-toxic
NCVDNGCR,46,39,50,56,85,106,-0.1826086956521739,anti-toxic
GSFCILRD,1,2,6,3,3,9,-0.18181818181818182,anti-toxic
ICIRYVVV,3,0,5,4,3,9,-0.18181818181818182,anti-toxic
YVDGGGNR,17,8,14,21,25,35,-0.18181818181818182,anti-toxic
CFGRDDDC,19,6,19,16,25,35,-0.18181818181818182,anti-toxic
HGGVVGRG,2,1,2,7,3,9,-0.18181818181818182,anti-toxic
CHNYGSHD,59,43,60,66,102,126,-0.18181818181818182,anti-toxic
CHDFVSRI,39,30,53,34,69,87,-0.18181818181818182,anti-toxic
GVDLVSDN,6,8,12,10,14,22,-0.18181818181818182,anti-toxic
CDVNVLHN,28,19,29,32,47,61,-0.18181818181818182,anti-toxic
VLLRRRCR,1,2,4,5,3,9,-0.18181818181818182,anti-toxic
YCRIHYRV,32,15,34,27,47,61,-0.18181818181818182,anti-toxic
LSHSIIVN,44,25,50,37,69,87,-0.18181818181818182,anti-toxic
LGSGGCIR,25,11,28,20,36,48,-0.18181818181818182,anti-toxic
DSGFSRCR,35,23,32,42,58,74,-0.18181818181818182,anti-toxic
FDGHCRSC,26,21,31,30,47,61,-0.18181818181818182,anti-toxic
HIGSCIIL,58,44,59,67,102,126,-0.18181818181818182,anti-toxic
FVVFNGRG,47,50,59,61,97,120,-0.18110236220472442,anti-toxic
FVHHDNDS,45,30,39,55,75,94,-0.18095238095238095,anti-toxic
CLDGCFIF,35,29,34,47,64,81,-0.18085106382978725,anti-toxic
VNVLDRDL,34,19,32,36,53,68,-0.18072289156626506,anti-toxic
CCHVNCDG,33,20,31,37,53,68,-0.18072289156626506,anti-toxic
CHNFSVGR,27,26,27,41,53,68,-0.18072289156626506,anti-toxic
SDILRVRC,30,23,35,33,53,68,-0.18072289156626506,anti-toxic
NCNGRVDL,30,12,30,25,42,55,-0.18055555555555555,anti-toxic
RGHSCFYC,23,19,33,22,42,55,-0.18055555555555555,anti-toxic
LISGLCYF,28,14,23,32,42,55,-0.18055555555555555,anti-toxic
CDNIRLCD,18,13,23,19,31,42,-0.18032786885245902,anti-toxic
GRSLCIHR,22,9,21,21,31,42,-0.18032786885245902,anti-toxic
CGRHRVCN,15,16,18,24,31,42,-0.18032786885245902,anti-toxic
CGVGGDVH,15,5,13,16,20,29,-0.18,anti-toxic
LCFSCRVV,12,8,9,20,20,29,-0.18,anti-toxic
CGSRDDLR,35,35,46,42,70,88,-0.18,anti-toxic
FSDCGIVH,37,33,43,45,70,88,-0.18,anti-toxic
HCDGISCD,43,27,40,48,70,88,-0.18,anti-toxic
GVGIGGGF,35,24,43,32,59,75,-0.1797752808988764,anti-toxic
VRNFRGCR,6,3,6,10,9,16,-0.1794871794871795,anti-toxic
RDSCGNNH,27,21,28,34,48,62,-0.1794871794871795,anti-toxic
SFDRHNYC,7,2,9,7,9,16,-0.1794871794871795,anti-toxic
VYRGGCGL,7,2,10,6,9,16,-0.1794871794871795,anti-toxic
GLSSGGGH,29,19,33,29,48,62,-0.1794871794871795,anti-toxic
HLFSDGRI,29,19,34,28,48,62,-0.1794871794871795,anti-toxic
IHFGRLGV,7,2,7,9,9,16,-0.1794871794871795,anti-toxic
RFRDFHIV,5,4,8,8,9,16,-0.1794871794871795,anti-toxic
HFGDIVGH,41,35,48,47,76,95,-0.1792452830188679,anti-toxic
IRDNDDGD,22,15,26,23,37,49,-0.1791044776119403,anti-toxic
SNLNHRVL,16,10,15,21,26,36,-0.17857142857142858,anti-toxic
HISCNHVN,34,20,32,37,54,69,-0.17857142857142858,anti-toxic
LFCVVSGV,20,6,20,16,26,36,-0.17857142857142858,anti-toxic
HGVINVCL,48,34,48,54,82,102,-0.17857142857142858,anti-toxic
VVYRSRCF,15,11,19,17,26,36,-0.17857142857142858,anti-toxic
LVCIGHGS,32,22,35,34,54,69,-0.17857142857142858,anti-toxic
FSSCCVRD,59,40,52,70,99,122,-0.17829457364341086,anti-toxic
HSSCDVLS,41,30,39,50,71,89,-0.1782178217821782,anti-toxic
CSFHINSR,65,51,67,75,116,142,-0.1780821917808219,anti-toxic
RNVYVSNN,137,120,145,163,257,308,-0.17770034843205576,anti-toxic
RNGLCCII,53,41,60,56,94,116,-0.1774193548387097,anti-toxic
VRLGDGCN,22,10,24,19,32,43,-0.1774193548387097,anti-toxic
DGRLCIFH,25,7,19,24,32,43,-0.1774193548387097,anti-toxic
GGSVFCHH,20,12,16,27,32,43,-0.1774193548387097,anti-toxic
HIDRINND,65,46,61,75,111,136,-0.1773049645390071,anti-toxic
YYFDGYCV,27,22,32,31,49,63,-0.17721518987341772,anti-toxic
VDRCRYLH,27,22,33,30,49,63,-0.17721518987341772,anti-toxic
HYLSRCDS,29,20,29,34,49,63,-0.17721518987341772,anti-toxic
NFISHFFN,41,25,46,37,66,83,-0.17708333333333334,anti-toxic
GIVNCIVV,41,25,33,50,66,83,-0.17708333333333334,anti-toxic
LVCDVRCL,57,43,53,70,100,123,-0.17692307692307693,anti-toxic
GNVGVNLY,66,51,73,70,117,143,-0.17687074829931973,anti-toxic
GNCGIRCG,35,20,34,36,55,70,-0.17647058823529413,anti-toxic
SSCFRHDG,31,24,34,36,55,70,-0.17647058823529413,anti-toxic
HSLSDSRH,2,2,5,5,4,10,-0.17647058823529413,anti-toxic
CYRSVCSV,36,19,29,41,55,70,-0.17647058823529413,anti-toxic
IFGFHCFR,10,11,12,18,21,30,-0.17647058823529413,anti-toxic
CFSHFSRS,12,9,12,18,21,30,-0.17647058823529413,anti-toxic
CGFDRDVH,32,23,36,34,55,70,-0.17647058823529413,anti-toxic
FSRFNGDS,18,20,19,31,38,50,-0.17647058823529413,anti-toxic
SYGVRYVC,71,52,71,79,123,150,-0.17647058823529413,anti-toxic
CSDSLGCL,15,6,10,20,21,30,-0.17647058823529413,anti-toxic
RIDNRIVF,57,38,56,61,95,117,-0.176,anti-toxic
INCCCINC,48,30,51,46,78,97,-0.17592592592592593,anti-toxic
GHFRCGSH,30,31,38,39,61,77,-0.17582417582417584,anti-toxic
FNGSVVIC,37,24,31,46,61,77,-0.17582417582417584,anti-toxic
GCIFVRGN,27,17,27,30,44,57,-0.17567567567567569,anti-toxic
VNRSCCGR,27,17,31,26,44,57,-0.17567567567567569,anti-toxic
CIHSHFVF,28,16,26,31,44,57,-0.17567567567567569,anti-toxic
GLVYGRRI,48,36,55,49,84,104,-0.17543859649122806,anti-toxic
SLHRRSIH,14,13,17,20,27,37,-0.17543859649122806,anti-toxic
GYGSVFHS,40,27,38,46,67,84,-0.17525773195876287,anti-toxic
HYNRICSL,31,19,34,30,50,64,-0.175,anti-toxic
SCGDFCHG,74,56,75,83,130,158,-0.175,anti-toxic
RYVGHHSC,8,2,7,10,10,17,-0.175,anti-toxic
GCVSLNGN,42,31,45,46,73,91,-0.17475728155339806,anti-toxic
RNSIDCVR,74,62,89,76,136,165,-0.1746987951807229,anti-toxic
GCNIHLFF,16,17,17,27,33,44,-0.1746031746031746,anti-toxic
GCIGCDVS,14,19,18,26,33,44,-0.1746031746031746,anti-toxic
VVYCVSIG,25,8,21,23,33,44,-0.1746031746031746,anti-toxic
DCFGDVRD,37,19,34,37,56,71,-0.1744186046511628,anti-toxic
RSRLLNFR,14,2,9,15,16,24,-0.17391304347826086,anti-toxic
CSVIGSIL,13,3,16,8,16,24,-0.17391304347826086,anti-toxic
RDNCSDSG,38,24,37,41,62,78,-0.17391304347826086,anti-toxic
CRVFFRGI,8,8,12,12,16,24,-0.17391304347826086,anti-toxic
DGVGVRVG,35,27,41,37,62,78,-0.17391304347826086,anti-toxic
GSGGNDNF,33,29,30,48,62,78,-0.17391304347826086,anti-toxic
GVCCGGDC,9,7,10,14,16,24,-0.17391304347826086,anti-toxic
IRCVGSCV,11,5,5,19,16,24,-0.17391304347826086,anti-toxic
DYNVRGIV,24,15,21,30,39,51,-0.17391304347826086,anti-toxic
SVLSCFRC,37,31,35,50,68,85,-0.17346938775510204,anti-toxic
VNRCLNHV,41,27,42,43,68,85,-0.17346938775510204,anti-toxic
VRGHFFSC,32,13,29,29,45,58,-0.17333333333333334,anti-toxic
VRCVGHDH,17,5,10,21,22,31,-0.17307692307692307,anti-toxic
GVFVHDGG,40,34,48,44,74,92,-0.17307692307692307,anti-toxic
LIDGGRCH,13,9,12,19,22,31,-0.17307692307692307,anti-toxic
CFDNRRCC,27,24,33,32,51,65,-0.1728395061728395,anti-toxic
HVGCDNGG,35,16,37,28,51,65,-0.1728395061728395,anti-toxic
CLDRHDNN,37,20,30,42,57,72,-0.1724137931034483,anti-toxic
YDHDNCHH,64,51,68,72,115,140,-0.1724137931034483,anti-toxic
RYFHGSNV,19,9,16,22,28,38,-0.1724137931034483,anti-toxic
IFDCRSDS,38,19,36,36,57,72,-0.1724137931034483,anti-toxic
RLSGDRHC,18,10,20,18,28,38,-0.1724137931034483,anti-toxic
VRCFVHRL,54,38,47,66,92,113,-0.1721311475409836,anti-toxic
CFSSGGGD,38,25,34,45,63,79,-0.17204301075268819,anti-toxic
CDCGDCDG,34,29,36,43,63,79,-0.17204301075268819,anti-toxic
GIHSGVDS,24,10,26,19,34,45,-0.171875,anti-toxic
GLGLINDL,24,10,21,24,34,45,-0.171875,anti-toxic
RVCYGSNH,56,42,61,59,98,120,-0.171875,anti-toxic
RHCHDISF,41,28,44,42,69,86,-0.1717171717171717,anti-toxic
FVCGSSIL,41,28,37,49,69,86,-0.1717171717171717,anti-toxic
FDVCGVRN,58,46,59,68,104,127,-0.17164179104477612,anti-toxic
RCHNLLLH,22,18,22,30,40,52,-0.17142857142857143,anti-toxic
DCCSLLRV,21,19,23,29,40,52,-0.17142857142857143,anti-toxic
RYRCSVRC,3,2,5,6,5,11,-0.17142857142857143,anti-toxic
SGGVDRGH,2,3,3,8,5,11,-0.17142857142857143,anti-toxic
VRHNCRCG,0,5,4,7,5,11,-0.17142857142857143,anti-toxic
IRDCRGIC,79,66,92,83,145,175,-0.17142857142857143,anti-toxic
FVGHCLLY,3,2,7,4,5,11,-0.17142857142857143,anti-toxic
CFRDSLGG,44,31,49,44,75,93,-0.17142857142857143,anti-toxic
DHFHGCGG,50,31,51,49,81,100,-0.17117117117117117,anti-toxic
GLRGCNNV,19,27,31,28,46,59,-0.17105263157894737,anti-toxic
GNYNGVRC,28,18,36,23,46,59,-0.17105263157894737,anti-toxic
NRGVGIGN,25,21,27,32,46,59,-0.17105263157894737,anti-toxic
VCNSFGCD,30,16,22,37,46,59,-0.17105263157894737,anti-toxic
SGVSYYRI,28,18,28,31,46,59,-0.17105263157894737,anti-toxic
NGGCSFHD,73,55,81,74,128,155,-0.17088607594936708,anti-toxic
VGRRFYNS,7,4,10,8,11,18,-0.17073170731707318,anti-toxic
YRCRHIGD,7,4,10,8,11,18,-0.17073170731707318,anti-toxic
IRYGGVRD,10,1,9,9,11,18,-0.17073170731707318,anti-toxic
FRGLRVDG,5,6,10,8,11,18,-0.17073170731707318,anti-toxic
LCVNNDCH,6,5,8,10,11,18,-0.17073170731707318,anti-toxic
HIGCDVGG,54,39,51,63,93,114,-0.17073170731707318,anti-toxic
RCDVDGSF,4,7,7,11,11,18,-0.17073170731707318,anti-toxic
CCGGCRLR,9,2,9,9,11,18,-0.17073170731707318,anti-toxic
DNCVVGCH,38,20,37,36,58,73,-0.17045454545454544,anti-toxic
RCRRNIDG,35,23,30,43,58,73,-0.17045454545454544,anti-toxic
HGDDCYSR,11,6,11,14,17,25,-0.1702127659574468,anti-toxic
GDGDGHIG,12,5,12,13,17,25,-0.1702127659574468,anti-toxic
RYIDVGRC,38,32,43,44,70,87,-0.17,anti-toxic
CVDNCLGN,41,29,39,48,70,87,-0.17,anti-toxic
SFCFGIVH,17,6,9,23,23,32,-0.16981132075471697,anti-toxic
VCSVSRFG,14,15,19,20,29,39,-0.1694915254237288,anti-toxic
CVDGDIDH,18,11,19,20,29,39,-0.1694915254237288,anti-toxic
HSYNCRGN,17,12,22,17,29,39,-0.1694915254237288,anti-toxic
CCNGFCFD,17,12,19,20,29,39,-0.1694915254237288,anti-toxic
DRCILGSC,16,13,17,22,29,39,-0.1694915254237288,anti-toxic
VIDSDDHH,20,9,14,25,29,39,-0.1694915254237288,anti-toxic
CNDSLDCD,18,11,22,17,29,39,-0.1694915254237288,anti-toxic
LHNHNDCV,16,13,16,23,29,39,-0.1694915254237288,anti-toxic
SDDNCYDN,80,73,89,95,153,184,-0.16939890710382513,anti-toxic
GFIGRHRI,52,42,63,52,94,115,-0.1693548387096774,anti-toxic
HDYRNCVS,27,8,18,28,35,46,-0.16923076923076924,anti-toxic
YSDSCGSN,23,12,22,24,35,46,-0.16923076923076924,anti-toxic
GGHYGLLH,20,15,23,23,35,46,-0.16923076923076924,anti-toxic
CLVGNLGG,95,76,102,103,171,205,-0.1691542288557214,anti-toxic
IHLGNIHV,24,23,31,29,47,60,-0.16883116883116883,anti-toxic
GLGDNVVC,29,18,21,39,47,60,-0.16883116883116883,anti-toxic
LGVVVCGN,26,21,28,32,47,60,-0.16883116883116883,anti-toxic
NVIVVRDH,31,16,27,33,47,60,-0.16883116883116883,anti-toxic
VGFRNHCL,116,97,122,132,213,254,-0.16872427983539096,anti-toxic
SHRCFLSC,32,21,31,36,53,67,-0.1686746987951807,anti-toxic
LHGSGGLC,30,23,30,37,53,67,-0.1686746987951807,anti-toxic
LRNYGFRV,35,24,32,42,59,74,-0.16853932584269662,anti-toxic
YNGVCYCH,38,21,39,35,59,74,-0.16853932584269662,anti-toxic
GCDSRCYR,42,23,40,41,65,81,-0.16842105263157894,anti-toxic
DRCLDNHN,38,27,33,48,65,81,-0.16842105263157894,anti-toxic
DCDFNIVS,42,23,37,44,65,81,-0.16842105263157894,anti-toxic
VDHSVNFH,46,31,38,57,77,95,-0.16822429906542055,anti-toxic
VFVGRLSV,46,37,43,59,83,102,-0.168141592920354,anti-toxic
GCLVVNCS,50,39,48,61,89,109,-0.16806722689075632,anti-toxic
CHIGIRLN,54,35,48,61,89,109,-0.16806722689075632,anti-toxic
DGIGSRLL,14,10,19,14,24,33,-0.16666666666666666,anti-toxic
CFGGDVRC,13,5,15,11,18,26,-0.16666666666666666,anti-toxic
NCGDHVRG,8,10,10,16,18,26,-0.16666666666666666,anti-toxic
GIVGCLSD,30,12,28,26,42,54,-0.16666666666666666,anti-toxic
LNVFRSII,3,3,7,5,6,12,-0.16666666666666666,anti-toxic
NLDFYFVS,13,17,29,11,30,40,-0.16666666666666666,anti-toxic
HGDLRNHL,11,7,9,17,18,26,-0.16666666666666666,anti-toxic
DSVVLRVR,4,2,4,8,6,12,-0.16666666666666666,anti-toxic
LHGVIIGC,28,14,31,23,42,54,-0.16666666666666666,anti-toxic
LIDGFLYC,38,22,40,35,60,75,-0.16666666666666666,anti-toxic
YSICNRDS,20,22,23,31,42,54,-0.16666666666666666,anti-toxic
IRHDVGGH,27,15,31,23,42,54,-0.16666666666666666,anti-toxic
GHNSCGGF,11,13,17,16,24,33,-0.16666666666666666,anti-toxic
VVICGRRH,4,2,4,8,6,12,-0.16666666666666666,anti-toxic
IVGCGHGD,43,41,50,53,84,103,-0.16666666666666666,anti-toxic
FNVNHCRV,18,12,22,18,30,40,-0.16666666666666666,anti-toxic
GNVICYDS,20,16,21,26,36,47,-0.16666666666666666,anti-toxic
VIRRGGVL,24,18,23,31,42,54,-0.16666666666666666,anti-toxic
LHRFSLVH,6,6,10,9,12,19,-0.16666666666666666,anti-toxic
CGGSFSNL,36,24,37,38,60,75,-0.16666666666666666,anti-toxic
RRYVSGRV,8,4,11,8,12,19,-0.16666666666666666,anti-toxic
GDGRNDVG,23,13,22,25,36,47,-0.16666666666666666,anti-toxic
SCSYGVGS,83,67,89,91,150,180,-0.16666666666666666,anti-toxic
SGDGCYGV,74,64,83,83,138,166,-0.16666666666666666,anti-toxic
FFGCYDFS,18,18,26,21,36,47,-0.16666666666666666,anti-toxic
YHCGHHND,32,22,34,34,54,68,-0.16666666666666666,anti-toxic
YDRSRCFS,25,17,34,20,42,54,-0.16666666666666666,anti-toxic
CSYRLFRS,14,4,11,15,18,26,-0.16666666666666666,anti-toxic
GRRIIGRL,6,0,8,4,6,12,-0.16666666666666666,anti-toxic
RFDGVYIC,25,11,24,23,36,47,-0.16666666666666666,anti-toxic
IDGVDRGS,44,28,48,41,72,89,-0.16666666666666666,anti-toxic
YRFSVYSS,18,18,15,32,36,47,-0.16666666666666666,anti-toxic
RRFFCSVV,70,51,73,73,121,146,-0.16556291390728478,anti-toxic
IINSFDGD,55,42,58,60,97,118,-0.16535433070866143,anti-toxic
VGFCVGRL,51,34,54,50,85,104,-0.16521739130434782,anti-toxic
NHLHRFGC,43,36,47,50,79,97,-0.1651376146788991,anti-toxic
GGGIGCIN,46,27,48,42,73,90,-0.1650485436893204,anti-toxic
CRNGYLDS,35,26,36,40,61,76,-0.16483516483516483,anti-toxic
VSVHVHDV,35,20,30,39,55,69,-0.16470588235294117,anti-toxic
SINDCSCR,33,22,34,35,55,69,-0.16470588235294117,anti-toxic
GVFRVRHH,35,20,32,37,55,69,-0.16470588235294117,anti-toxic
YHHISGNV,72,56,78,76,128,154,-0.16455696202531644,anti-toxic
RDFGVLDC,28,15,22,33,43,55,-0.1643835616438356,anti-toxic
SNGYIIRV,18,19,30,18,37,48,-0.16417910447761194,anti-toxic
HLHGFNNC,23,14,21,27,37,48,-0.16417910447761194,anti-toxic
CDINGCSH,17,20,25,23,37,48,-0.16417910447761194,anti-toxic
CHDHDGRF,22,15,25,23,37,48,-0.16417910447761194,anti-toxic
GNGDNGCL,23,14,21,27,37,48,-0.16417910447761194,anti-toxic
IGCGNDCI,58,46,70,56,104,126,-0.16417910447761194,anti-toxic
CHRDLRLI,58,40,54,65,98,119,-0.1640625,anti-toxic
SRCGHYRL,13,12,14,20,25,34,-0.16363636363636364,anti-toxic
VNISCGHH,21,4,17,17,25,34,-0.16363636363636364,anti-toxic
VRFGGGCC,15,10,20,14,25,34,-0.16363636363636364,anti-toxic
IDDGGVFN,15,10,17,17,25,34,-0.16363636363636364,anti-toxic
IDGSSHVR,42,32,39,52,74,91,-0.16346153846153846,anti-toxic
CRNYGSSC,44,30,45,46,74,91,-0.16346153846153846,anti-toxic
RICSLGSS,46,28,36,55,74,91,-0.16346153846153846,anti-toxic
YCGGLISS,15,4,10,17,19,27,-0.16326530612244897,anti-toxic
RCGSVCNC,68,49,68,73,117,141,-0.16326530612244897,anti-toxic
SSCRYSFL,12,7,15,12,19,27,-0.16326530612244897,anti-toxic
RIVSGIGC,34,28,34,43,62,77,-0.16304347826086957,anti-toxic
RDVDGRNH,10,3,11,9,13,20,-0.16279069767441862,anti-toxic
NRHCDIGC,9,4,8,12,13,20,-0.16279069767441862,anti-toxic
YRFLRCVH,9,4,10,10,13,20,-0.16279069767441862,anti-toxic
VDCISISG,9,4,13,7,13,20,-0.16279069767441862,anti-toxic
FCHYLRRH,34,22,34,36,56,70,-0.16279069767441862,anti-toxic
LCNDSRGN,26,24,33,30,50,63,-0.1625,anti-toxic
DFCRSNNI,31,19,33,30,50,63,-0.1625,anti-toxic
LNIFSIVG,67,51,68,74,118,142,-0.16216216216216217,anti-toxic
SHGNGSLF,25,19,31,25,44,56,-0.16216216216216217,anti-toxic
LRNGGCGC,4,3,4,9,7,13,-0.16216216216216217,anti-toxic
NCYSDSRC,29,15,29,27,44,56,-0.16216216216216217,anti-toxic
RYDVGNVS,5,2,7,6,7,13,-0.16216216216216217,anti-toxic
NSRYRYCH,6,1,4,9,7,13,-0.16216216216216217,anti-toxic
YVVRRFGV,25,19,20,36,44,56,-0.16216216216216217,anti-toxic
CGDHVGSY,6,1,8,5,7,13,-0.16216216216216217,anti-toxic
RLVYGSRV,28,16,25,31,44,56,-0.16216216216216217,anti-toxic
RNCCGVRC,5,2,4,9,7,13,-0.16216216216216217,anti-toxic
GLDCLRGC,50,31,40,59,81,99,-0.16216216216216217,anti-toxic
GLCCDDDD,47,28,43,49,75,92,-0.1619047619047619,anti-toxic
CIDRIFLC,25,13,24,25,38,49,-0.16176470588235295,anti-toxic
IFHRNGSV,27,11,24,25,38,49,-0.16176470588235295,anti-toxic
LDHLIYVG,42,27,38,47,69,85,-0.16161616161616163,anti-toxic
GDDGGDLR,1,0,3,3,1,6,-0.16129032258064516,anti-toxic
ILGGFICH,1,0,2,4,1,6,-0.16129032258064516,anti-toxic
GRRGDLRR,53,41,52,62,94,114,-0.16129032258064516,anti-toxic
VDCVCGRC,1,0,2,4,1,6,-0.16129032258064516,anti-toxic
FIFNGNID,1,0,1,5,1,6,-0.16129032258064516,anti-toxic
FVYVCCRD,0,1,3,3,1,6,-0.16129032258064516,anti-toxic
FDSHRIHD,22,10,14,28,32,42,-0.16129032258064516,anti-toxic
GFVGDSCL,0,1,2,4,1,6,-0.16129032258064516,anti-toxic
CCSCFIFL,0,1,3,3,1,6,-0.16129032258064516,anti-toxic
RVLIHCSH,38,25,36,42,63,78,-0.16129032258064516,anti-toxic
FNCNVCRG,1,0,4,2,1,6,-0.16129032258064516,anti-toxic
YDGRGYVV,0,1,1,5,1,6,-0.16129032258064516,anti-toxic
DYCGLVLF,1,0,4,2,1,6,-0.16129032258064516,anti-toxic
IDCVFGRC,1,0,2,4,1,6,-0.16129032258064516,anti-toxic
VDGLRVFC,23,9,17,25,32,42,-0.16129032258064516,anti-toxic
CDCICSGV,1,0,2,4,1,6,-0.16129032258064516,anti-toxic
CLGNICSG,19,13,18,24,32,42,-0.16129032258064516,anti-toxic
CCRSHHVS,1,0,4,2,1,6,-0.16129032258064516,anti-toxic
CSLVYFVH,0,1,4,2,1,6,-0.16129032258064516,anti-toxic
NVRCVLDH,1,0,3,3,1,6,-0.16129032258064516,anti-toxic
IVRVSNSL,34,23,38,33,57,71,-0.16091954022988506,anti-toxic
CCIGVDGH,81,63,87,85,144,172,-0.16091954022988506,anti-toxic
CGFVGVSL,30,27,39,32,57,71,-0.16091954022988506,anti-toxic
IDRVLINR,36,21,38,33,57,71,-0.16091954022988506,anti-toxic
SFDGIYVS,48,34,42,58,82,100,-0.16071428571428573,anti-toxic
FCDRDGVC,18,8,15,20,26,35,-0.16071428571428573,anti-toxic
IHRDSGDY,16,10,12,23,26,35,-0.16071428571428573,anti-toxic
VRRFRLVV,50,32,50,50,82,100,-0.16071428571428573,anti-toxic
VDGSGFVG,44,38,44,56,82,100,-0.16071428571428573,anti-toxic
VNVCSLGG,50,32,45,55,82,100,-0.16071428571428573,anti-toxic
SCCVNGDI,50,32,53,47,82,100,-0.16071428571428573,anti-toxic
NSGSRVCC,16,10,18,17,26,35,-0.16071428571428573,anti-toxic
CDSIRLCS,31,20,31,33,51,64,-0.16049382716049382,anti-toxic
SLSDGLLC,68,58,74,77,126,151,-0.16025641025641027,anti-toxic
DVRNNYYS,30,15,30,27,45,57,-0.16,anti-toxic
IFCVYYGS,82,63,90,83,145,173,-0.16,anti-toxic
VCISVGSC,14,6,16,12,20,28,-0.16,anti-toxic
DDSSCCGV,53,36,50,58,89,108,-0.15966386554621848,anti-toxic
SDRVCLCI,48,35,46,55,83,101,-0.1592920353982301,anti-toxic
CIGNYLCN,13,1,6,15,14,21,-0.1590909090909091,anti-toxic
RHCVGLGC,35,23,37,35,58,72,-0.1590909090909091,anti-toxic
DNCVVHGR,35,23,31,41,58,72,-0.1590909090909091,anti-toxic
FGCNILCS,37,21,39,33,58,72,-0.1590909090909091,anti-toxic
GCYDNCGH,36,22,35,37,58,72,-0.1590909090909091,anti-toxic
GGGGCYVC,38,20,35,37,58,72,-0.1590909090909091,anti-toxic
GCVDRLDV,23,10,19,24,33,43,-0.15873015873015872,anti-toxic
GLDGGSYS,19,14,19,24,33,43,-0.15873015873015872,anti-toxic
SCCVVVGG,26,7,20,23,33,43,-0.15873015873015872,anti-toxic
CYGLGVRN,30,22,29,36,52,65,-0.15853658536585366,anti-toxic
SCNRCDRS,34,18,30,35,52,65,-0.15853658536585366,anti-toxic
CHVVRYSV,31,21,28,37,52,65,-0.15853658536585366,anti-toxic
IGNVGFRC,44,27,45,42,71,87,-0.15841584158415842,anti-toxic
ICSIRGIL,16,11,18,18,27,36,-0.15789473684210525,anti-toxic
VHYGVVSV,30,16,28,30,46,58,-0.15789473684210525,anti-toxic
IDLSNRNN,17,10,17,19,27,36,-0.15789473684210525,anti-toxic
FCRIGRLC,19,8,11,25,27,36,-0.15789473684210525,anti-toxic
NIVVCSGL,21,6,17,19,27,36,-0.15789473684210525,anti-toxic
GYDCRRDD,50,34,44,58,84,102,-0.15789473684210525,anti-toxic
FGYVRIGC,15,12,17,19,27,36,-0.15789473684210525,anti-toxic
CIYFIGHV,4,4,6,8,8,14,-0.15789473684210525,anti-toxic
VGDVDFSV,60,43,61,63,103,124,-0.15789473684210525,anti-toxic
DGLDGRFC,4,4,5,9,8,14,-0.15789473684210525,anti-toxic
CLGHRFRV,6,2,8,6,8,14,-0.15789473684210525,anti-toxic
LYCYRINS,6,2,8,6,8,14,-0.15789473684210525,anti-toxic
NNIGVFGC,30,16,27,31,46,58,-0.15789473684210525,anti-toxic
FLNCFLNC,38,21,35,38,59,73,-0.15730337078651685,anti-toxic
NLCRIRGL,33,26,39,34,59,73,-0.15730337078651685,anti-toxic
NSGILCVI,34,25,33,40,59,73,-0.15730337078651685,anti-toxic
LCVLDCFH,22,18,20,31,40,51,-0.15714285714285714,anti-toxic
GHDLRYGD,55,36,59,51,91,110,-0.15702479338842976,anti-toxic
GHGFCGHN,41,31,36,52,72,88,-0.1568627450980392,anti-toxic
FDVLIIVC,15,6,19,10,21,29,-0.1568627450980392,anti-toxic
GLCGNSSG,14,7,13,16,21,29,-0.1568627450980392,anti-toxic
GNGVYVRC,34,38,36,52,72,88,-0.1568627450980392,anti-toxic
VNSDNDGV,17,4,10,19,21,29,-0.1568627450980392,anti-toxic
FLDRYLIV,13,8,19,10,21,29,-0.1568627450980392,anti-toxic
HNVYGGRH,12,9,12,17,21,29,-0.1568627450980392,anti-toxic
SSCCDCSS,31,22,28,38,53,66,-0.1566265060240964,anti-toxic
VRGGSNDG,32,21,29,37,53,66,-0.1566265060240964,anti-toxic
FDICDSSG,34,19,29,37,53,66,-0.1566265060240964,anti-toxic
VDGCHFVR,50,35,55,48,85,103,-0.1565217391304348,anti-toxic
FIRNGNLG,21,13,25,19,34,44,-0.15625,anti-toxic
CDCYCGRI,1,1,3,4,2,7,-0.15625,anti-toxic
FLDCCLRG,2,0,5,2,2,7,-0.15625,anti-toxic
VDGLHYLS,2,0,4,3,2,7,-0.15625,anti-toxic
SRRIIVGC,1,1,4,3,2,7,-0.15625,anti-toxic
YGRHVDSH,25,9,21,23,34,44,-0.15625,anti-toxic
FLGDGGRV,1,1,3,4,2,7,-0.15625,anti-toxic
RYCYCGRI,2,0,5,2,2,7,-0.15625,anti-toxic
VVNRSGGI,56,42,61,57,98,118,-0.15625,anti-toxic
YRVGVCGG,19,15,19,25,34,44,-0.15625,anti-toxic
GVNSFVRG,0,2,5,2,2,7,-0.15625,anti-toxic
VFHGSVNC,22,12,21,23,34,44,-0.15625,anti-toxic
RGCVNCGR,1,1,3,4,2,7,-0.15625,anti-toxic
VCYFILCF,2,0,6,1,2,7,-0.15625,anti-toxic
GVNGGGCD,65,46,68,65,111,133,-0.15602836879432624,anti-toxic
GVNGSCCC,31,16,29,30,47,59,-0.15584415584415584,anti-toxic
CLLLRVIF,50,42,51,60,92,111,-0.1557377049180328,anti-toxic
RRDHVDFF,10,5,10,12,15,22,-0.15555555555555556,anti-toxic
GYCVSSNG,37,23,42,32,60,74,-0.15555555555555556,anti-toxic
YSYGVFVS,7,8,8,14,15,22,-0.15555555555555556,anti-toxic
GNHGCCGG,61,44,60,66,105,126,-0.15555555555555556,anti-toxic
IIYCYCDV,8,7,12,10,15,22,-0.15555555555555556,anti-toxic
RVVLVSRN,36,24,37,37,60,74,-0.15555555555555556,anti-toxic
RDVGSYLC,75,56,74,82,131,156,-0.15527950310559005,anti-toxic
LGHDGFRV,17,11,12,25,28,37,-0.15517241379310345,anti-toxic
LNHGCSDG,43,43,44,60,86,104,-0.15517241379310345,anti-toxic
ILFGRCGC,21,7,18,19,28,37,-0.15517241379310345,anti-toxic
CHRVGGCV,51,35,46,58,86,104,-0.15517241379310345,anti-toxic
FSCGCING,21,7,23,14,28,37,-0.15517241379310345,anti-toxic
VSLGCNDV,30,11,22,30,41,52,-0.15492957746478872,anti-toxic
GRYGIYCG,48,32,54,43,80,97,-0.15454545454545454,anti-toxic
RVGDCVCV,62,44,57,70,106,127,-0.15441176470588236,anti-toxic
YDVSICHF,4,5,7,8,9,15,-0.15384615384615385,anti-toxic
VYCDRNCS,37,24,40,35,61,75,-0.15384615384615385,anti-toxic
RRCHFGIV,27,21,29,31,48,60,-0.15384615384615385,anti-toxic
LDCVCHVI,24,11,21,24,35,45,-0.15384615384615385,anti-toxic
NFDGFIRG,32,16,24,36,48,60,-0.15384615384615385,anti-toxic
HRYRSLLH,33,15,23,37,48,60,-0.15384615384615385,anti-toxic
GNGGRGLH,29,19,29,31,48,60,-0.15384615384615385,anti-toxic
LFDRRVVV,19,3,20,10,22,30,-0.15384615384615385,anti-toxic
NYGHLLIH,12,10,15,15,22,30,-0.15384615384615385,anti-toxic
FSGGISDG,5,4,6,9,9,15,-0.15384615384615385,anti-toxic
RNFCYNRC,43,31,46,44,74,90,-0.15384615384615385,anti-toxic
CRHYRRII,29,19,28,32,48,60,-0.15384615384615385,anti-toxic
SSGGLCVV,17,5,13,17,22,30,-0.15384615384615385,anti-toxic
HGGIDGHV,40,21,40,35,61,75,-0.15384615384615385,anti-toxic
ISDISYFC,3,6,7,8,9,15,-0.15384615384615385,anti-toxic
LCISGFCV,12,10,17,13,22,30,-0.15384615384615385,anti-toxic
VSVDRGCS,52,42,60,53,94,113,-0.1532258064516129,anti-toxic
RNCDNCDC,33,35,50,33,68,83,-0.15306122448979592,anti-toxic
RHFHVHCR,39,29,42,41,68,83,-0.15306122448979592,anti-toxic
IDNCGLSC,40,28,40,43,68,83,-0.15306122448979592,anti-toxic
HYRDCVSN,37,18,36,32,55,68,-0.15294117647058825,anti-toxic
NDCGVHDL,36,19,30,38,55,68,-0.15294117647058825,anti-toxic
CVNGDNCC,51,37,53,53,88,106,-0.15254237288135594,anti-toxic
RFFGGIGR,20,9,19,19,29,38,-0.15254237288135594,anti-toxic
VNIRGRNR,16,13,13,25,29,38,-0.15254237288135594,anti-toxic
VNGGSNFH,14,15,20,18,29,38,-0.15254237288135594,anti-toxic
RYRNVFCF,47,28,44,47,75,91,-0.1523809523809524,anti-toxic
CRDGGFCG,13,3,12,11,16,23,-0.15217391304347827,anti-toxic
SISFDCII,9,7,10,13,16,23,-0.15217391304347827,anti-toxic
FGGYVRLH,9,7,14,9,16,23,-0.15217391304347827,anti-toxic
SDGYRYGD,7,9,11,12,16,23,-0.15217391304347827,anti-toxic
CGGLFDIC,10,6,9,14,16,23,-0.15217391304347827,anti-toxic
GFNGGDVL,33,29,30,46,62,76,-0.15217391304347827,anti-toxic
NGGGGGCC,27,22,33,28,49,61,-0.1518987341772152,anti-toxic
ISSFGCSR,0,3,3,5,3,8,-0.15151515151515152,anti-toxic
LRGCGGLS,3,0,2,6,3,8,-0.15151515151515152,anti-toxic
FCCCFICS,3,0,5,3,3,8,-0.15151515151515152,anti-toxic
CVHFRFRS,27,9,24,22,36,46,-0.15151515151515152,anti-toxic
IHDLRDGC,57,45,58,64,102,122,-0.15151515151515152,anti-toxic
NRVGGIGL,2,1,2,6,3,8,-0.15151515151515152,anti-toxic
HCVSSGSD,73,62,80,80,135,160,-0.15151515151515152,anti-toxic
LFNCLCSV,2,1,5,3,3,8,-0.15151515151515152,anti-toxic
GRRIIIGC,2,1,4,4,3,8,-0.15151515151515152,anti-toxic
LSSDCLNG,3,0,3,5,3,8,-0.15151515151515152,anti-toxic
FYCIYCDC,2,1,6,2,3,8,-0.15151515151515152,anti-toxic
LYHNFFFS,3,0,5,3,3,8,-0.15151515151515152,anti-toxic
IGICSCIN,2,1,4,4,3,8,-0.15151515151515152,anti-toxic
RCRSDFGI,22,14,25,21,36,46,-0.15151515151515152,anti-toxic
RGSFRGNF,1,2,4,4,3,8,-0.15151515151515152,anti-toxic
CCGYDSGG,13,10,14,17,23,31,-0.1509433962264151,anti-toxic
DGNIGYRN,46,30,49,43,76,92,-0.1509433962264151,anti-toxic
LRIDHVRC,16,7,16,15,23,31,-0.1509433962264151,anti-toxic
NNGCHHCR,14,9,14,17,23,31,-0.1509433962264151,anti-toxic
FSIDVGGR,24,19,25,29,43,54,-0.1506849315068493,anti-toxic
GNGLVSGY,23,20,25,29,43,54,-0.1506849315068493,anti-toxic
CYRHNRCH,29,14,28,26,43,54,-0.1506849315068493,anti-toxic
SFCINVSD,26,17,22,32,43,54,-0.1506849315068493,anti-toxic
CFNRHLHG,27,16,28,26,43,54,-0.1506849315068493,anti-toxic
CILGSGCS,39,24,31,46,63,77,-0.15053763440860216,anti-toxic
VISGFVSH,51,32,53,47,83,100,-0.1504424778761062,anti-toxic
VRDVFHVV,49,34,41,59,83,100,-0.1504424778761062,anti-toxic
VDGHSNSY,50,33,53,47,83,100,-0.1504424778761062,anti-toxic
RFLFGLGH,18,12,19,20,30,39,-0.15,anti-toxic
HGGSHFFG,2,8,9,7,10,16,-0.15,anti-toxic
RGGCRLVY,7,3,6,10,10,16,-0.15,anti-toxic
VLGCCDLS,34,16,28,34,50,62,-0.15,anti-toxic
FDDDRRGS,6,4,8,8,10,16,-0.15,anti-toxic
IVNRLFLN,20,10,15,24,30,39,-0.15,anti-toxic
FNVLRLNG,15,15,19,20,30,39,-0.15,anti-toxic
GFCRRVGF,33,17,30,32,50,62,-0.15,anti-toxic
NSGYRILH,40,30,42,43,70,85,-0.15,anti-toxic
RRVGRSYH,20,10,21,18,30,39,-0.15,anti-toxic
CCGSLRNL,33,17,33,29,50,62,-0.15,anti-toxic
RYVCGVGC,61,56,69,70,117,139,-0.14965986394557823,anti-toxic
YDCFHFSC,33,24,44,26,57,70,-0.14942528735632185,anti-toxic
CNLVSNSV,31,26,30,40,57,70,-0.14942528735632185,anti-toxic
DVNSGRCD,20,17,25,22,37,47,-0.14925373134328357,anti-toxic
CYVRRRNR,23,14,26,21,37,47,-0.14925373134328357,anti-toxic
CDGRFSSD,28,9,18,29,37,47,-0.14925373134328357,anti-toxic
RIRHNIDL,21,16,22,25,37,47,-0.14925373134328357,anti-toxic
RYCCVVHS,48,36,52,49,84,101,-0.14912280701754385,anti-toxic
DSSLDRDS,10,7,12,12,17,24,-0.14893617021276595,anti-toxic
LRGFNVCL,13,4,6,18,17,24,-0.14893617021276595,anti-toxic
ICRSLICH,12,5,14,10,17,24,-0.14893617021276595,anti-toxic
GCFVSHDH,75,63,80,83,138,163,-0.1488095238095238,anti-toxic
FRHICVGV,30,14,32,23,44,55,-0.14864864864864866,anti-toxic
HLGCCSDH,28,16,32,23,44,55,-0.14864864864864866,anti-toxic
RFDSNNSV,31,13,29,26,44,55,-0.14864864864864866,anti-toxic
YHRCVLGV,25,19,25,30,44,55,-0.14864864864864866,anti-toxic
CSDRRLHY,28,16,26,29,44,55,-0.14864864864864866,anti-toxic
SSNLSVCC,24,20,21,34,44,55,-0.14864864864864866,anti-toxic
LSCDLGSL,42,29,43,43,71,86,-0.1485148514851485,anti-toxic
RFRFLCHD,40,31,46,40,71,86,-0.1485148514851485,anti-toxic
FLGCCFGV,17,7,21,11,24,32,-0.14814814814814814,anti-toxic
LCVSGCGD,34,17,31,32,51,63,-0.14814814814814814,anti-toxic
DRSSVSDC,19,5,15,17,24,32,-0.14814814814814814,anti-toxic
VSIVNICG,30,21,26,37,51,63,-0.14814814814814814,anti-toxic
LCVGFFVN,15,9,15,17,24,32,-0.14814814814814814,anti-toxic
FCDNVRNV,48,37,43,59,85,102,-0.14782608695652175,anti-toxic
NLGCIRDS,38,20,32,39,58,71,-0.14772727272727273,anti-toxic
CHLVRCGL,34,24,34,37,58,71,-0.14772727272727273,anti-toxic
LRFGGCGL,54,38,51,59,92,110,-0.14754098360655737,anti-toxic
VDGCFHRV,54,38,54,56,92,110,-0.14754098360655737,anti-toxic
LIDGSNHC,23,8,14,26,31,40,-0.14754098360655737,anti-toxic
CYLFHLII,18,13,17,23,31,40,-0.14754098360655737,anti-toxic
GVRRSISG,23,8,21,19,31,40,-0.14754098360655737,anti-toxic
DLGVVGVG,38,27,36,43,65,79,-0.14736842105263157,anti-toxic
HCNDCFLV,27,11,26,22,38,48,-0.14705882352941177,anti-toxic
NNHCGGGF,38,34,40,47,72,87,-0.14705882352941177,anti-toxic
CIHNDHSG,19,19,20,28,38,48,-0.14705882352941177,anti-toxic
HNFGRCGR,2,2,5,4,4,9,-0.14705882352941177,anti-toxic
LRSIDVVL,2,2,5,4,4,9,-0.14705882352941177,anti-toxic
VRLGHGNC,2,2,4,5,4,9,-0.14705882352941177,anti-toxic
LCCFDLRF,3,1,4,5,4,9,-0.14705882352941177,anti-toxic
SRRISSGV,2,2,4,5,4,9,-0.14705882352941177,anti-toxic
NYGCVRLV,60,46,55,71,106,126,-0.14705882352941177,anti-toxic
SCILSRSI,3,1,5,4,4,9,-0.14705882352941177,anti-toxic
NCGVHCRH,49,30,47,48,79,95,-0.14678899082568808,anti-toxic
CCGSNVHH,49,30,43,52,79,95,-0.14678899082568808,anti-toxic
FRFHIGRS,26,19,29,27,45,56,-0.14666666666666667,anti-toxic
SSFGICVG,28,17,23,33,45,56,-0.14666666666666667,anti-toxic
GGSCGFRI,6,5,5,12,11,17,-0.14634146341463414,anti-toxic
GCDDCGRV,29,23,28,36,52,64,-0.14634146341463414,anti-toxic
RSGGRLLC,8,3,5,12,11,17,-0.14634146341463414,anti-toxic
FIGCNIRV,7,4,13,4,11,17,-0.14634146341463414,anti-toxic
VCRGYDRC,9,2,2,15,11,17,-0.14634146341463414,anti-toxic
SCSDYSIR,8,3,8,9,11,17,-0.14634146341463414,anti-toxic
CYRGHVHL,58,42,69,50,100,119,-0.14615384615384616,anti-toxic
VDGDYIVR,36,23,33,39,59,72,-0.14606741573033707,anti-toxic
DLHHGVDG,38,21,33,39,59,72,-0.14606741573033707,anti-toxic
SNISDVLG,62,45,66,61,107,127,-0.145985401459854,anti-toxic
DGSLGHGG,11,7,9,16,18,25,-0.14583333333333334,anti-toxic
HRYRVHCR,14,4,15,10,18,25,-0.14583333333333334,anti-toxic
NFVFGLRC,9,9,15,10,18,25,-0.14583333333333334,anti-toxic
GDFGIRGG,39,27,34,46,66,80,-0.14583333333333334,anti-toxic
YFFLCRRV,11,7,10,15,18,25,-0.14583333333333334,anti-toxic
FNVCGGGR,38,28,40,40,66,80,-0.14583333333333334,anti-toxic
GHHVYNNC,39,34,45,43,73,88,-0.14563106796116504,anti-toxic
CNNRVHSF,49,31,42,54,80,96,-0.14545454545454545,anti-toxic
FSGLGVCR,19,6,16,17,25,33,-0.14545454545454545,anti-toxic
VRFGLNSN,16,9,15,18,25,33,-0.14545454545454545,anti-toxic
NSNGFCCV,21,11,14,27,32,41,-0.14516129032258066,anti-toxic
GDVCRVYH,24,8,17,24,32,41,-0.14516129032258066,anti-toxic
FILFRVIN,15,17,18,23,32,41,-0.14516129032258066,anti-toxic
DLFCGIDF,19,13,21,20,32,41,-0.14516129032258066,anti-toxic
FRGLHFFR,19,13,17,24,32,41,-0.14516129032258066,anti-toxic
FHDRRRVD,19,13,22,19,32,41,-0.14516129032258066,anti-toxic
RDLGSGHR,60,41,55,65,101,120,-0.1450381679389313,anti-toxic
CSDHSVCY,56,45,54,66,101,120,-0.1450381679389313,anti-toxic
IDRCRGVV,28,11,21,28,39,49,-0.14492753623188406,anti-toxic
IRGVVCDG,27,12,27,22,39,49,-0.14492753623188406,anti-toxic
FYDSYDLL,25,14,24,25,39,49,-0.14492753623188406,anti-toxic
LSDSVFVL,65,50,62,74,115,136,-0.14482758620689656,anti-toxic
VGCDGLRF,24,22,26,31,46,57,-0.14473684210526316,anti-toxic
RGDCIYLY,31,15,28,29,46,57,-0.14473684210526316,anti-toxic
GVLNGDLR,28,18,21,36,46,57,-0.14473684210526316,anti-toxic
LNCIGVGL,33,20,29,36,53,65,-0.14457831325301204,anti-toxic
FSVCNFRG,36,24,35,38,60,73,-0.14444444444444443,anti-toxic
NFIGSSIV,38,22,37,36,60,73,-0.14444444444444443,anti-toxic
FGLHSVDD,41,26,31,50,67,81,-0.14432989690721648,anti-toxic
VNDNDSRV,42,25,34,47,67,81,-0.14432989690721648,anti-toxic
DYRFVHGC,46,28,46,43,74,89,-0.14423076923076922,anti-toxic
FRICDVRG,62,47,61,68,109,129,-0.14388489208633093,anti-toxic
SDGGSDVR,5,0,4,6,5,10,-0.14285714285714285,anti-toxic
HRHGHGCR,21,12,17,25,33,42,-0.14285714285714285,anti-toxic
LHGSLYGS,5,0,6,4,5,10,-0.14285714285714285,anti-toxic
CVGNHLCS,54,35,53,53,89,106,-0.14285714285714285,anti-toxic
CDLSCGVY,4,1,4,6,5,10,-0.14285714285714285,anti-toxic
LNRVVDVV,4,1,4,6,5,10,-0.14285714285714285,anti-toxic
CRYGNYGV,21,12,23,19,33,42,-0.14285714285714285,anti-toxic
VNLSLGDI,7,19,21,13,26,34,-0.14285714285714285,anti-toxic
NYRVVRGD,5,0,4,6,5,10,-0.14285714285714285,anti-toxic
VHVDIRGD,20,13,21,21,33,42,-0.14285714285714285,anti-toxic
CCHISRDR,31,16,27,31,47,58,-0.14285714285714285,anti-toxic
SYVGILSN,18,8,19,15,26,34,-0.14285714285714285,anti-toxic
VSHNFSIV,12,7,15,11,19,26,-0.14285714285714285,anti-toxic
VDRCDGHR,2,3,3,7,5,10,-0.14285714285714285,anti-toxic
ICSLRVCG,31,23,31,35,54,66,-0.14285714285714285,anti-toxic
SFRSCCIV,2,3,6,4,5,10,-0.14285714285714285,anti-toxic
FNSVSVCG,60,50,59,71,110,130,-0.14285714285714285,anti-toxic
ISINGSIC,2,3,4,6,5,10,-0.14285714285714285,anti-toxic
LHHVNGLD,9,3,6,12,12,18,-0.14285714285714285,anti-toxic
GRRVIGGC,6,6,6,12,12,18,-0.14285714285714285,anti-toxic
FSGSRGCF,18,22,25,25,40,50,-0.14285714285714285,anti-toxic
SVLRNCVC,28,19,25,33,47,58,-0.14285714285714285,anti-toxic
FDDNHVLR,17,9,16,18,26,34,-0.14285714285714285,anti-toxic
CICCFILL,5,7,11,7,12,18,-0.14285714285714285,anti-toxic
FHNRSIGC,29,11,17,33,40,50,-0.14285714285714285,anti-toxic
HFGVNDRC,31,23,25,41,54,66,-0.14285714285714285,anti-toxic
DVDNFCDG,2,3,4,6,5,10,-0.14285714285714285,anti-toxic
HVGYYIRH,8,4,7,11,12,18,-0.14285714285714285,anti-toxic
HDFNGGVV,16,3,12,14,19,26,-0.14285714285714285,anti-toxic
CRLNSCDV,36,18,28,38,54,66,-0.14285714285714285,anti-toxic
CFNVSVNG,36,18,26,40,54,66,-0.14285714285714285,anti-toxic
FGFFRVCS,14,5,13,13,19,26,-0.14285714285714285,anti-toxic
HFSVVRCR,8,4,8,10,12,18,-0.14285714285714285,anti-toxic
SHLGDDCG,65,46,61,70,111,131,-0.14184397163120568,anti-toxic
HRVDVRLF,36,26,32,43,62,75,-0.14130434782608695,anti-toxic
CHDDCNIV,40,22,42,33,62,75,-0.14130434782608695,anti-toxic
CNGCDHRC,37,25,35,40,62,75,-0.14130434782608695,anti-toxic
HNHSGDCV,37,25,38,37,62,75,-0.14130434782608695,anti-toxic
LLFFNYVG,33,22,26,41,55,67,-0.1411764705882353,anti-toxic
CSDNGGGD,27,14,23,28,41,51,-0.14084507042253522,anti-toxic
GSSFCFIV,28,13,20,31,41,51,-0.14084507042253522,anti-toxic
LFDFCDFS,20,21,25,26,41,51,-0.14084507042253522,anti-toxic
FNNCDLRG,30,11,27,24,41,51,-0.14084507042253522,anti-toxic
HFYDCIRY,22,19,26,25,41,51,-0.14084507042253522,anti-toxic
SICRGYGV,27,14,23,28,41,51,-0.14084507042253522,anti-toxic
FGVLGCDS,30,11,30,21,41,51,-0.14084507042253522,anti-toxic
GGGVRSGF,25,9,20,23,34,43,-0.140625,anti-toxic
CGNVLNVN,21,13,24,19,34,43,-0.140625,anti-toxic
YVCDSRCV,53,45,51,65,98,116,-0.140625,anti-toxic
SLGCCISI,20,14,18,25,34,43,-0.140625,anti-toxic
SVVGHCND,55,36,61,47,91,108,-0.14049586776859505,anti-toxic
SICRHRLH,18,9,18,17,27,35,-0.14035087719298245,anti-toxic
FYGCVLSG,17,10,11,24,27,35,-0.14035087719298245,anti-toxic
CDGNYFFS,17,10,14,21,27,35,-0.14035087719298245,anti-toxic
RICNLGCI,12,8,13,14,20,27,-0.14,anti-toxic
CRGFNVVC,40,30,36,48,70,84,-0.14,anti-toxic
CRFIFGNL,12,8,12,15,20,27,-0.14,anti-toxic
GVNSHRNV,14,6,14,13,20,27,-0.14,anti-toxic
DNIIRLIC,12,8,14,13,20,27,-0.14,anti-toxic
CYVRVGRH,13,7,14,13,20,27,-0.14,anti-toxic
IFRRCVGS,16,4,11,16,20,27,-0.14,anti-toxic
DFGRLYGV,43,27,46,38,70,84,-0.14,anti-toxic
ISFGVGVC,40,23,44,32,63,76,-0.13978494623655913,anti-toxic
NCFGGRSG,33,23,28,40,56,68,-0.13953488372093023,anti-toxic
GDCNLDCI,35,21,32,36,56,68,-0.13953488372093023,anti-toxic
GNGCCRGD,34,22,28,40,56,68,-0.13953488372093023,anti-toxic
GINSCYNG,36,20,33,35,56,68,-0.13953488372093023,anti-toxic
DHYISRVC,5,8,9,10,13,19,-0.13953488372093023,anti-toxic
CHLSGRVN,9,4,7,12,13,19,-0.13953488372093023,anti-toxic
VLLLHRCS,49,43,50,59,92,109,-0.13934426229508196,anti-toxic
CVIGSNNG,31,18,24,36,49,60,-0.13924050632911392,anti-toxic
DLSGYSVH,33,16,21,39,49,60,-0.13924050632911392,anti-toxic
HCVHRICN,3,3,6,5,6,11,-0.1388888888888889,anti-toxic
GCGHSCNG,46,32,50,43,78,93,-0.1388888888888889,anti-toxic
NGRDFING,5,1,6,5,6,11,-0.1388888888888889,anti-toxic
SRIGSYDC,62,52,69,65,114,134,-0.1388888888888889,anti-toxic
ISGVSCIN,4,2,5,6,6,11,-0.1388888888888889,anti-toxic
RFRFCVRG,4,2,6,5,6,11,-0.1388888888888889,anti-toxic
FNGSSVGD,30,12,22,30,42,52,-0.1388888888888889,anti-toxic
RSLRHFFH,29,13,25,27,42,52,-0.1388888888888889,anti-toxic
FFGYGLFY,5,1,6,5,6,11,-0.1388888888888889,anti-toxic
GRRIISHR,4,2,8,3,6,11,-0.1388888888888889,anti-toxic
VCHLGRCN,22,20,20,32,42,52,-0.1388888888888889,anti-toxic
FYCSDCFS,5,1,6,5,6,11,-0.1388888888888889,anti-toxic
CDDVVCRG,24,18,20,32,42,52,-0.1388888888888889,anti-toxic
GGVLDFLS,27,15,25,27,42,52,-0.1388888888888889,anti-toxic
FDDDVVHG,23,19,27,25,42,52,-0.1388888888888889,anti-toxic
SYVHRRLR,25,17,28,24,42,52,-0.1388888888888889,anti-toxic
DGLINCHG,24,18,24,28,42,52,-0.1388888888888889,anti-toxic
SYHVCVSR,45,26,41,44,71,85,-0.13861386138613863,anti-toxic
LCDYRLVL,44,27,41,44,71,85,-0.13861386138613863,anti-toxic
LNLCGLGV,44,27,48,37,71,85,-0.13861386138613863,anti-toxic
GDVVFFRV,25,10,24,20,35,44,-0.13846153846153847,anti-toxic
CFFRGRLS,59,41,56,62,100,118,-0.13846153846153847,anti-toxic
VNVLGCIC,21,14,15,29,35,44,-0.13846153846153847,anti-toxic
VCGIGDVN,41,23,42,35,64,77,-0.13829787234042554,anti-toxic
DFRCVDVG,69,53,62,81,122,143,-0.13815789473684212,anti-toxic
GDLLDHVV,19,9,13,23,28,36,-0.13793103448275862,anti-toxic
NGCYVHVV,9,19,16,20,28,36,-0.13793103448275862,anti-toxic
NGFSGVVV,18,10,22,14,28,36,-0.13793103448275862,anti-toxic
GVFCSRVV,33,24,26,43,57,69,-0.13793103448275862,anti-toxic
RFGGRCRY,36,21,36,33,57,69,-0.13793103448275862,anti-toxic
VRYSGDFS,42,37,38,56,79,94,-0.13761467889908258,anti-toxic
SILGDNVC,35,37,40,46,72,86,-0.13725490196078433,anti-toxic
RYGNGSHH,15,6,18,10,21,28,-0.13725490196078433,anti-toxic
SDGLCLRC,30,13,21,32,43,53,-0.136986301369863,anti-toxic
FGVGSVCN,30,13,24,29,43,53,-0.136986301369863,anti-toxic
GRSHYRYV,24,19,30,23,43,53,-0.136986301369863,anti-toxic
LFGRVFHH,28,15,25,28,43,53,-0.136986301369863,anti-toxic
YVFSCLVS,24,19,25,28,43,53,-0.136986301369863,anti-toxic
RFVNVSGL,39,26,44,34,65,78,-0.1368421052631579,anti-toxic
HILVDGVH,42,23,36,42,65,78,-0.1368421052631579,anti-toxic
FGGCHGGD,39,26,38,40,65,78,-0.1368421052631579,anti-toxic
FSNCHNLN,71,60,73,80,131,153,-0.13664596273291926,anti-toxic
FRRVVRCN,96,79,98,105,175,203,-0.13658536585365855,anti-toxic
NFDRFFFR,9,5,8,12,14,20,-0.13636363636363635,anti-toxic
CCVFFFYV,36,22,36,34,58,70,-0.13636363636363635,anti-toxic
VHRCVDNI,56,46,62,58,102,120,-0.13636363636363635,anti-toxic
SRVRGIIC,9,5,8,12,14,20,-0.13636363636363635,anti-toxic
SNFCCGGD,10,4,10,10,14,20,-0.13636363636363635,anti-toxic
GRIHCSCS,9,5,11,9,14,20,-0.13636363636363635,anti-toxic
LCSVINGG,8,6,8,12,14,20,-0.13636363636363635,anti-toxic
ILFNDLVF,11,3,5,15,14,20,-0.13636363636363635,anti-toxic
YGGVCISR,30,21,32,30,51,62,-0.13580246913580246,anti-toxic
IGSHRYCN,32,19,31,31,51,62,-0.13580246913580246,anti-toxic
CRHRGFFG,27,24,27,35,51,62,-0.13580246913580246,anti-toxic
CHSRVIDG,18,11,15,22,29,37,-0.13559322033898305,anti-toxic
FCHRVVGV,16,13,21,16,29,37,-0.13559322033898305,anti-toxic
GDGCCGVS,13,16,14,23,29,37,-0.13559322033898305,anti-toxic
CSFLSHRG,50,38,51,53,88,104,-0.13559322033898305,anti-toxic
CHYRLNSI,18,11,18,19,29,37,-0.13559322033898305,anti-toxic
GFDLHVSN,38,28,40,39,66,79,-0.13541666666666666,anti-toxic
HRSCHFSL,40,26,36,43,66,79,-0.13541666666666666,anti-toxic
GSGGCCSY,22,22,23,31,44,54,-0.13513513513513514,anti-toxic
FDHGHISC,4,3,3,9,7,12,-0.13513513513513514,anti-toxic
CCVVHRNV,29,15,26,28,44,54,-0.13513513513513514,anti-toxic
FRGSGLRL,4,3,5,7,7,12,-0.13513513513513514,anti-toxic
IYCVRVIL,5,2,5,7,7,12,-0.13513513513513514,anti-toxic
VNVCVVCC,5,2,4,8,7,12,-0.13513513513513514,anti-toxic
LDRRLISR,46,35,45,51,81,96,-0.13513513513513514,anti-toxic
LSFFRYRG,65,53,63,75,118,138,-0.13513513513513514,anti-toxic
LVSLDRNG,6,1,4,8,7,12,-0.13513513513513514,anti-toxic
DNHVNGSF,3,4,6,6,7,12,-0.13513513513513514,anti-toxic
HGLIVSLN,4,3,6,6,7,12,-0.13513513513513514,anti-toxic
LCGLGIDF,5,2,7,5,7,12,-0.13513513513513514,anti-toxic
VLRCIYGV,26,18,21,33,44,54,-0.13513513513513514,anti-toxic
HCLLVGNV,49,32,48,48,81,96,-0.13513513513513514,anti-toxic
VRDVNVRV,6,1,6,6,7,12,-0.13513513513513514,anti-toxic
HDGCFDGD,57,39,55,58,96,113,-0.1349206349206349,anti-toxic
NRCLFYRS,35,24,34,37,59,71,-0.1348314606741573,anti-toxic
GRRIHLYC,13,9,14,15,22,29,-0.1346153846153846,anti-toxic
FNCIHVSG,13,9,11,18,22,29,-0.1346153846153846,anti-toxic
YRGRFNRG,12,10,15,14,22,29,-0.1346153846153846,anti-toxic
GYRFRVGN,16,6,13,16,22,29,-0.1346153846153846,anti-toxic
YCFGVDVV,16,6,12,17,22,29,-0.1346153846153846,anti-toxic
GCCNGGGG,12,10,11,18,22,29,-0.1346153846153846,anti-toxic
IFRCRDSL,40,34,41,47,74,88,-0.1346153846153846,anti-toxic
FFFGDIVC,18,4,15,14,22,29,-0.1346153846153846,anti-toxic
SRVCVVDV,14,8,15,14,22,29,-0.1346153846153846,anti-toxic
VVRGFVNL,86,70,94,87,156,181,-0.13440860215053763,anti-toxic
YHSNGLRD,21,16,29,17,37,46,-0.13432835820895522,anti-toxic
HCDGCGHD,23,14,20,26,37,46,-0.13432835820895522,anti-toxic
VNGYNLGC,25,12,19,27,37,46,-0.13432835820895522,anti-toxic
GYRDFRNV,18,19,20,26,37,46,-0.13432835820895522,anti-toxic
CNVRSVLL,95,76,91,107,171,198,-0.13432835820895522,anti-toxic
IRVFDNIV,27,10,18,28,37,46,-0.13432835820895522,anti-toxic
LLRCHNGV,31,21,30,33,52,63,-0.13414634146341464,anti-toxic
ILNGIGVD,82,67,80,93,149,173,-0.1340782122905028,anti-toxic
FRFHLSCI,57,40,56,58,97,114,-0.13385826771653545,anti-toxic
GSGHVGVV,77,65,80,85,142,165,-0.13372093023255813,anti-toxic
GYCNVLRH,85,72,91,91,157,182,-0.13368983957219252,anti-toxic
FFGVFGLN,7,8,10,11,15,21,-0.13333333333333333,anti-toxic
VCVVSIRR,6,9,15,6,15,21,-0.13333333333333333,anti-toxic
HGVVSCNV,7,8,10,11,15,21,-0.13333333333333333,anti-toxic
CVHGHRLC,31,14,27,28,45,55,-0.13333333333333333,anti-toxic
RCRVGCDD,13,2,8,13,15,21,-0.13333333333333333,anti-toxic
DDCDLDGV,57,48,58,65,105,123,-0.13333333333333333,anti-toxic
FVDGGDDV,17,13,19,19,30,38,-0.13333333333333333,anti-toxic
NHVGSRSF,7,8,12,9,15,21,-0.13333333333333333,anti-toxic
FVIFDFDF,8,7,10,11,15,21,-0.13333333333333333,anti-toxic
SIGLRYGN,17,13,26,12,30,38,-0.13333333333333333,anti-toxic
ILGGCILC,42,33,42,47,75,89,-0.13333333333333333,anti-toxic
NVSLNSGL,54,36,47,59,90,106,-0.13333333333333333,anti-toxic
VLRCDVSF,8,7,8,13,15,21,-0.13333333333333333,anti-toxic
GCLIGIRH,30,15,24,31,45,55,-0.13333333333333333,anti-toxic
RSGGDGGC,17,13,14,24,30,38,-0.13333333333333333,anti-toxic
VRSCNVNL,47,28,40,49,75,89,-0.13333333333333333,anti-toxic
FGRHVSLC,66,47,58,74,113,132,-0.13286713286713286,anti-toxic
INCIRFRV,41,27,36,45,68,81,-0.1326530612244898,anti-toxic
IIGISCVN,43,25,39,42,68,81,-0.1326530612244898,anti-toxic
DGSGNVVG,35,18,33,31,53,64,-0.13253012048192772,anti-toxic
VHCCHRDV,23,15,27,20,38,47,-0.1323529411764706,anti-toxic
RSCDRSFD,24,14,22,25,38,47,-0.1323529411764706,anti-toxic
CDRRIRCC,25,13,19,28,38,47,-0.1323529411764706,anti-toxic
HGSVSRVY,24,14,21,26,38,47,-0.1323529411764706,anti-toxic
NRIIHVNV,25,13,26,21,38,47,-0.1323529411764706,anti-toxic
VCNVSGCL,53,38,49,58,91,107,-0.1322314049586777,anti-toxic
YSLNHCHS,47,29,36,54,76,90,-0.1320754716981132,anti-toxic
CSGFCGGG,17,6,17,13,23,30,-0.1320754716981132,anti-toxic
FNCDRRYR,14,9,18,12,23,30,-0.1320754716981132,anti-toxic
RVGGHYCH,16,7,11,19,23,30,-0.1320754716981132,anti-toxic
DCFVVNRH,16,7,13,17,23,30,-0.1320754716981132,anti-toxic
FCGRSGDI,15,8,17,13,23,30,-0.1320754716981132,anti-toxic
DVGYGLRD,38,23,37,36,61,73,-0.13186813186813187,anti-toxic
SDRHGSNY,40,21,40,33,61,73,-0.13186813186813187,anti-toxic
FCRNRCGD,59,40,54,62,99,116,-0.13178294573643412,anti-toxic
VHHGVDNY,32,14,30,26,46,56,-0.13157894736842105,anti-toxic
RRCFHFCD,25,21,29,27,46,56,-0.13157894736842105,anti-toxic
CLFGRRFC,6,2,6,7,8,13,-0.13157894736842105,anti-toxic
CCNVGRRG,5,3,7,6,8,13,-0.13157894736842105,anti-toxic
IYCNGVHH,7,1,7,6,8,13,-0.13157894736842105,anti-toxic
SLHVVCCR,6,2,5,8,8,13,-0.13157894736842105,anti-toxic
HFNNLIGC,32,14,30,26,46,56,-0.13157894736842105,anti-toxic
FCNFRFGL,29,17,32,24,46,56,-0.13157894736842105,anti-toxic
HDYIGCNS,3,5,2,11,8,13,-0.13157894736842105,anti-toxic
FFLHSGCV,19,12,19,20,31,39,-0.13114754098360656,anti-toxic
CSCGDIHD,20,11,18,21,31,39,-0.13114754098360656,anti-toxic
CDVSGNFS,31,23,29,36,54,65,-0.13095238095238096,anti-toxic
VVGHRCLD,28,26,28,37,54,65,-0.13095238095238096,anti-toxic
GHCDSIHI,32,22,29,36,54,65,-0.13095238095238096,anti-toxic
RCSLVNCL,31,23,34,31,54,65,-0.13095238095238096,anti-toxic
CYGGHGSR,29,25,27,38,54,65,-0.13095238095238096,anti-toxic
YRCNSNSV,29,25,35,30,54,65,-0.13095238095238096,anti-toxic
GRHRIHSD,34,20,30,35,54,65,-0.13095238095238096,anti-toxic
NCGYFRGV,32,22,32,33,54,65,-0.13095238095238096,anti-toxic
CRFVINHN,43,34,50,41,77,91,-0.1308411214953271,anti-toxic
RHGVNCCC,46,31,38,53,77,91,-0.1308411214953271,anti-toxic
YVGCGVHN,57,43,61,56,100,117,-0.13076923076923078,anti-toxic
FCGILCVV,12,4,12,10,16,22,-0.13043478260869565,anti-toxic
SGCVNVSG,25,14,24,24,39,48,-0.13043478260869565,anti-toxic
LVDYDGSN,36,26,29,45,62,74,-0.13043478260869565,anti-toxic
NGFSICGV,74,57,71,81,131,152,-0.13043478260869565,anti-toxic
LNGGDDGG,22,17,17,31,39,48,-0.13043478260869565,anti-toxic
VDDDHIHR,38,24,33,41,62,74,-0.13043478260869565,anti-toxic
VFGSSNCV,51,34,51,49,85,100,-0.13043478260869565,anti-toxic
HSCLVSHD,27,12,27,21,39,48,-0.13043478260869565,anti-toxic
LRSFHCNV,51,34,44,56,85,100,-0.13043478260869565,anti-toxic
YSGRFLGV,34,28,40,34,62,74,-0.13043478260869565,anti-toxic
VNVCVGVI,11,5,6,16,16,22,-0.13043478260869565,anti-toxic
RFFSLCSV,12,4,11,11,16,22,-0.13043478260869565,anti-toxic
GCRDHGGF,37,25,43,31,62,74,-0.13043478260869565,anti-toxic
DCVSDCNR,25,14,22,26,39,48,-0.13043478260869565,anti-toxic
LFGVYVGV,27,12,24,24,39,48,-0.13043478260869565,anti-toxic
INGFGLLV,36,34,41,42,70,83,-0.13,anti-toxic
DSCSLVHG,37,33,33,50,70,83,-0.13,anti-toxic
SFVGFIGL,35,35,41,42,70,83,-0.13,anti-toxic
VNCHFVLF,63,49,17,13,112,30,0.5774647887323944,toxic
CGFVFYIF,29,12,0,0,41,0,0.5774647887323944,toxic
YLYLRFLI,25,16,0,0,41,0,0.5774647887323944,toxic
FCIIYVYI,24,17,0,0,41,0,0.5774647887323944,toxic
NIYVFIRF,16,25,0,0,41,0,0.5774647887323944,toxic
FRCCFVFS,60,52,15,15,112,30,0.5774647887323944,toxic
FFHVILFR,29,12,0,0,41,0,0.5774647887323944,toxic
FLYLFFNF,26,15,0,0,41,0,0.5774647887323944,toxic
FFFFCCCF,23,18,0,0,41,0,0.5774647887323944,toxic
ICVFFCRY,26,15,0,0,41,0,0.5774647887323944,toxic
FHFFRFLG,27,14,0,0,41,0,0.5774647887323944,toxic
GDYYYCIF,52,34,6,13,86,19,0.5775862068965517,toxic
VCNCIRLY,51,35,10,9,86,19,0.5775862068965517,toxic
YYDIYNCC,67,64,14,24,131,38,0.577639751552795,toxic
VVFCCLLC,37,23,7,1,60,8,0.5777777777777777,toxic
LFCYCLCN,61,44,14,13,105,27,0.5777777777777777,toxic
CCYLIFGG,36,24,3,5,60,8,0.5777777777777777,toxic
FCVCFLFC,34,26,8,0,60,8,0.5777777777777777,toxic
HFFCCFVC,38,22,3,5,60,8,0.5777777777777777,toxic
YRFFYLHD,59,46,15,12,105,27,0.5777777777777777,toxic
CFFLSCVI,35,25,6,2,60,8,0.5777777777777777,toxic
IYVFVHFH,37,23,2,6,60,8,0.5777777777777777,toxic
FLVVNFSV,34,26,3,5,60,8,0.5777777777777777,toxic
FLNVGGFY,33,27,4,4,60,8,0.5777777777777777,toxic
IVFVVCCL,36,24,4,4,60,8,0.5777777777777777,toxic
NLVCFIFS,39,21,4,4,60,8,0.5777777777777777,toxic
VCFCLFYC,30,30,3,5,60,8,0.5777777777777777,toxic
FYFIHRVL,36,24,4,4,60,8,0.5777777777777777,toxic
FIYSVFIS,35,25,3,5,60,8,0.5777777777777777,toxic
SFRCCCDS,92,77,21,33,169,54,0.5778894472361809,toxic
ICGLFVCC,70,54,15,20,124,35,0.577922077922078,toxic
FLIFRFDD,47,32,12,4,79,16,0.5779816513761468,toxic
YYGHSLGS,49,30,6,10,79,16,0.5779816513761468,toxic
RDVFYDYR,48,31,10,6,79,16,0.5779816513761468,toxic
RYYCSDVY,45,34,5,11,79,16,0.5779816513761468,toxic
VHVYICCH,49,30,7,9,79,16,0.5779816513761468,toxic
FVVFLCFY,47,32,9,7,79,16,0.5779816513761468,toxic
FNYHLFGI,106,94,27,40,200,67,0.5782608695652174,toxic
FCFIGIIR,31,22,2,3,53,5,0.5783132530120482,toxic
LCLCFYFC,31,22,0,5,53,5,0.5783132530120482,toxic
SFYFCFFC,31,22,0,5,53,5,0.5783132530120482,toxic
LCGFVFVY,35,18,4,1,53,5,0.5783132530120482,toxic
LCYLRLGF,34,19,1,4,53,5,0.5783132530120482,toxic
FFVIVFFY,29,24,1,4,53,5,0.5783132530120482,toxic
CCYVYIYS,27,26,3,2,53,5,0.5783132530120482,toxic
FCLHVYSI,33,20,1,4,53,5,0.5783132530120482,toxic
FIIRFDII,34,19,2,3,53,5,0.5783132530120482,toxic
FFCCIYLH,32,21,3,2,53,5,0.5783132530120482,toxic
FYVVCGCY,31,22,1,4,53,5,0.5783132530120482,toxic
YLFILFYC,28,25,4,1,53,5,0.5783132530120482,toxic
ICFFVCCV,34,19,1,4,53,5,0.5783132530120482,toxic
VFLICYNL,34,19,3,2,53,5,0.5783132530120482,toxic
YLFFVCNL,35,18,3,2,53,5,0.5783132530120482,toxic
HLCFICCR,29,24,3,2,53,5,0.5783132530120482,toxic
FYVCFVFI,33,20,2,3,53,5,0.5783132530120482,toxic
LFLFCFCN,36,17,2,3,53,5,0.5783132530120482,toxic
IFLYVCVI,32,21,3,2,53,5,0.5783132530120482,toxic
FCCFFYYF,28,25,3,2,53,5,0.5783132530120482,toxic
VIVLYRGC,31,22,4,1,53,5,0.5783132530120482,toxic
CFSVYFVL,35,18,1,4,53,5,0.5783132530120482,toxic
FIVCCYCL,33,20,2,3,53,5,0.5783132530120482,toxic
FYFISHRF,34,19,2,3,53,5,0.5783132530120482,toxic
YIDIRIFF,36,36,4,9,72,13,0.5784313725490197,toxic
CVFCFISG,44,28,4,9,72,13,0.5784313725490197,toxic
SSLIVIGL,54,37,13,8,91,21,0.5785123966942148,toxic
FLVVYFVS,49,42,10,11,91,21,0.5785123966942148,toxic
FFVLSCVC,47,44,9,12,91,21,0.5785123966942148,toxic
IHGCNVLF,73,56,15,22,129,37,0.5786163522012578,toxic
ICCISYRV,74,55,11,26,129,37,0.5786163522012578,toxic
INIRRNFY,80,68,20,25,148,45,0.5786516853932584,toxic
VLGVYLLL,34,31,3,7,65,10,0.5789473684210527,toxic
LFFCVVIY,28,18,2,0,46,2,0.5789473684210527,toxic
FFIYLFRS,24,22,1,1,46,2,0.5789473684210527,toxic
IVCGFFII,36,29,5,5,65,10,0.5789473684210527,toxic
GFLCLLRG,33,32,7,3,65,10,0.5789473684210527,toxic
FYFFVGVC,42,23,2,8,65,10,0.5789473684210527,toxic
GRCYFFCI,28,18,0,2,46,2,0.5789473684210527,toxic
FCYLCYCY,27,19,0,2,46,2,0.5789473684210527,toxic
FFLILCLC,29,17,0,2,46,2,0.5789473684210527,toxic
FLFFCHRC,50,34,9,9,84,18,0.5789473684210527,toxic
LYVYCCCY,39,26,7,3,65,10,0.5789473684210527,toxic
VFGCYFSF,38,27,3,7,65,10,0.5789473684210527,toxic
FFRFILLV,30,16,1,1,46,2,0.5789473684210527,toxic
FFVLSFGI,28,18,0,2,46,2,0.5789473684210527,toxic
YFFLCLIY,30,16,1,1,46,2,0.5789473684210527,toxic
CCLYFFLS,27,19,1,1,46,2,0.5789473684210527,toxic
FVVYFLLC,29,17,2,0,46,2,0.5789473684210527,toxic
FVYYGDFR,40,25,7,3,65,10,0.5789473684210527,toxic
CYRFCFHI,41,24,5,5,65,10,0.5789473684210527,toxic
FFFCLICC,31,15,1,1,46,2,0.5789473684210527,toxic
HYVYFLVI,31,15,1,1,46,2,0.5789473684210527,toxic
DLCLSFFI,35,30,8,2,65,10,0.5789473684210527,toxic
IYLICSCG,36,29,9,1,65,10,0.5789473684210527,toxic
CRLFVFLF,25,21,2,0,46,2,0.5789473684210527,toxic
FRCFCLFC,30,16,1,1,46,2,0.5789473684210527,toxic
LVLGCFRF,38,27,4,6,65,10,0.5789473684210527,toxic
FCLIRGLL,47,37,9,9,84,18,0.5789473684210527,toxic
YVCFLCCS,39,26,4,6,65,10,0.5789473684210527,toxic
FLFVRVGF,29,17,1,1,46,2,0.5789473684210527,toxic
FIFDCFCG,48,36,10,8,84,18,0.5789473684210527,toxic
FCCGFCYR,36,29,7,3,65,10,0.5789473684210527,toxic
FCFGGLND,44,40,8,10,84,18,0.5789473684210527,toxic
LDSIRFDF,70,52,13,21,122,34,0.5789473684210527,toxic
FRILFFCF,32,14,1,1,46,2,0.5789473684210527,toxic
VYIIDILC,29,17,0,2,46,2,0.5789473684210527,toxic
FFIVFIFC,32,14,1,1,46,2,0.5789473684210527,toxic
SLDYCIGC,86,67,25,22,153,47,0.5792349726775956,toxic
LICYCDFC,76,58,23,16,134,39,0.5792682926829268,toxic
VVRDFFVY,53,43,8,15,96,23,0.5793650793650794,toxic
CSGRYFCC,57,39,15,8,96,23,0.5793650793650794,toxic
IVFNLVFY,44,33,8,7,77,15,0.5794392523364486,toxic
IGCCIVLF,44,33,6,9,77,15,0.5794392523364486,toxic
FVVICSHL,45,32,7,8,77,15,0.5794392523364486,toxic
VCDCRFCL,47,30,8,7,77,15,0.5794392523364486,toxic
RFCRCLCF,44,33,3,12,77,15,0.5794392523364486,toxic
CFFCCGLN,36,22,2,5,58,7,0.5795454545454546,toxic
HFFVIHVC,37,21,4,3,58,7,0.5795454545454546,toxic
IFCIVISG,37,21,3,4,58,7,0.5795454545454546,toxic
HFFVILFV,32,26,2,5,58,7,0.5795454545454546,toxic
HYCDYFGN,82,64,22,22,146,44,0.5795454545454546,toxic
FHILYRVL,35,23,3,4,58,7,0.5795454545454546,toxic
FNYHFFLV,38,20,2,5,58,7,0.5795454545454546,toxic
LVLCICFL,28,30,5,2,58,7,0.5795454545454546,toxic
FLCCFLFL,34,24,3,4,58,7,0.5795454545454546,toxic
CFRYFFLD,37,21,4,3,58,7,0.5795454545454546,toxic
CSFFFCYF,36,22,3,4,58,7,0.5795454545454546,toxic
CIGCCIIC,33,25,3,4,58,7,0.5795454545454546,toxic
VYCICCGS,37,21,4,3,58,7,0.5795454545454546,toxic
GYVFFLLV,34,24,3,4,58,7,0.5795454545454546,toxic
HFCCFRYI,35,23,2,5,58,7,0.5795454545454546,toxic
VIVIFHIV,31,27,6,1,58,7,0.5795454545454546,toxic
FLCLCFCY,34,24,4,3,58,7,0.5795454545454546,toxic
FCLRCYIH,37,21,2,5,58,7,0.5795454545454546,toxic
FFHYDHHC,57,51,13,15,108,28,0.5797101449275363,toxic
VYHCRCCV,61,47,12,16,108,28,0.5797101449275363,toxic
CIYSNVCC,62,46,16,12,108,28,0.5797101449275363,toxic
LFCFVFGV,57,51,11,17,108,28,0.5797101449275363,toxic
FFFFCGVS,59,49,13,15,108,28,0.5797101449275363,toxic
FCVCCLCC,53,36,8,12,89,20,0.5798319327731093,toxic
FCGLGRYV,52,37,10,10,89,20,0.5798319327731093,toxic
LNGILFLI,54,35,8,12,89,20,0.5798319327731093,toxic
YCFFCHVY,43,27,8,4,70,12,0.58,toxic
VFVIRCCR,41,29,7,5,70,12,0.58,toxic
CFVCNICC,42,28,7,5,70,12,0.58,toxic
FCGCCGIF,43,27,6,6,70,12,0.58,toxic
CCCLVGVC,43,27,2,10,70,12,0.58,toxic
FFYFCIDV,38,32,5,7,70,12,0.58,toxic
CVVCLVGI,43,27,4,8,70,12,0.58,toxic
RFGIFYVI,39,31,7,5,70,12,0.58,toxic
YFCFVFVR,41,29,6,6,70,12,0.58,toxic
RISVFRFI,42,28,6,6,70,12,0.58,toxic
FCVCCCDY,44,26,4,8,70,12,0.58,toxic
LSGYHRYD,44,26,4,8,70,12,0.58,toxic
YCYVGSHD,42,28,10,2,70,12,0.58,toxic
FCGVLVGF,57,44,10,15,101,25,0.5801526717557252,toxic
LLYYLGYV,27,24,3,1,51,4,0.5802469135802469,toxic
VIVLINFF,29,22,2,2,51,4,0.5802469135802469,toxic
YCIFVYLI,28,23,2,2,51,4,0.5802469135802469,toxic
LLHFHFFC,26,25,2,2,51,4,0.5802469135802469,toxic
IFHCFIFS,30,21,3,1,51,4,0.5802469135802469,toxic
FVIICNVI,33,18,1,3,51,4,0.5802469135802469,toxic
CYCLVLGY,33,18,2,2,51,4,0.5802469135802469,toxic
FRIDVFYC,26,25,2,2,51,4,0.5802469135802469,toxic
CCYFGYYC,28,23,3,1,51,4,0.5802469135802469,toxic
SLSCILLF,32,19,3,1,51,4,0.5802469135802469,toxic
FFRCFSCF,35,16,1,3,51,4,0.5802469135802469,toxic
FNVYFRVI,30,21,2,2,51,4,0.5802469135802469,toxic
FGFVCYLI,34,17,2,2,51,4,0.5802469135802469,toxic
FYFFVFCF,35,16,3,1,51,4,0.5802469135802469,toxic
RFVIVFSV,35,16,0,4,51,4,0.5802469135802469,toxic
CFVFCIFC,30,21,4,0,51,4,0.5802469135802469,toxic
FSCVLFVF,31,20,1,3,51,4,0.5802469135802469,toxic
FILCCFYS,32,19,3,1,51,4,0.5802469135802469,toxic
ICYCVCCF,47,35,8,9,82,17,0.5803571428571429,toxic
FFGICNSD,44,38,6,11,82,17,0.5803571428571429,toxic
FFYYHYGC,42,40,9,8,82,17,0.5803571428571429,toxic
FCCFCSLD,50,32,2,15,82,17,0.5803571428571429,toxic
CFGYFYFL,50,32,3,14,82,17,0.5803571428571429,toxic
HFCYDNNY,49,33,6,11,82,17,0.5803571428571429,toxic
GVVGIIVV,49,33,8,9,82,17,0.5803571428571429,toxic
CFVGDCDI,46,36,6,11,82,17,0.5803571428571429,toxic
CFLLCFSC,36,27,5,4,63,9,0.5806451612903226,toxic
LRGHIYLC,70,55,14,21,125,35,0.5806451612903226,toxic
FCLLSCGF,101,86,26,35,187,61,0.5806451612903226,toxic
VCICVYVL,40,23,6,3,63,9,0.5806451612903226,toxic
IICCGCHF,40,23,4,5,63,9,0.5806451612903226,toxic
CFCCCLYI,37,26,3,6,63,9,0.5806451612903226,toxic
FFIRRILG,38,25,5,4,63,9,0.5806451612903226,toxic
NGVVVFIR,56,38,12,10,94,22,0.5806451612903226,toxic
LYFVSFCR,39,24,5,4,63,9,0.5806451612903226,toxic
GIYVFCVI,41,22,1,8,63,9,0.5806451612903226,toxic
YICLCCCV,40,23,8,1,63,9,0.5806451612903226,toxic
FLFVIFFY,40,23,5,4,63,9,0.5806451612903226,toxic
LGYNCIRY,36,27,2,7,63,9,0.5806451612903226,toxic
CHVCCRIC,39,24,6,3,63,9,0.5806451612903226,toxic
VFVLFYVD,41,22,7,2,63,9,0.5806451612903226,toxic
LLCCVGLC,53,41,8,14,94,22,0.5806451612903226,toxic
YCFCCVCL,39,24,4,5,63,9,0.5806451612903226,toxic
RICGCFFD,56,38,9,13,94,22,0.5806451612903226,toxic
GFCCFVSF,39,24,3,6,63,9,0.5806451612903226,toxic
ILYCYGGY,75,62,20,20,137,40,0.5808383233532934,toxic
VCVFCDCR,46,29,4,10,75,14,0.580952380952381,toxic
IFCCFLCC,44,31,5,9,75,14,0.580952380952381,toxic
VCCFCFDC,39,36,9,5,75,14,0.580952380952381,toxic
CIVCCCHD,47,28,4,10,75,14,0.580952380952381,toxic
ICCFSVLY,47,28,4,10,75,14,0.580952380952381,toxic
FICCCCRV,45,30,5,9,75,14,0.580952380952381,toxic
YFICYCLR,39,36,4,10,75,14,0.580952380952381,toxic
DFLNHYVG,80,69,31,14,149,45,0.5810055865921788,toxic
CYCIIIFS,29,15,1,0,44,1,0.581081081081081,toxic
FFVFFLYL,27,17,0,1,44,1,0.581081081081081,toxic
FYFNIVFV,19,25,0,1,44,1,0.581081081081081,toxic
FFYGFLIH,31,13,0,1,44,1,0.581081081081081,toxic
FCYFYLSI,27,17,0,1,44,1,0.581081081081081,toxic
FLYFFYIV,28,16,0,1,44,1,0.581081081081081,toxic
FYCIGFCG,28,16,0,1,44,1,0.581081081081081,toxic
VYFGFYCY,31,13,0,1,44,1,0.581081081081081,toxic
RFYFCCLV,24,20,1,0,44,1,0.581081081081081,toxic
VVLCLRLV,31,13,0,1,44,1,0.581081081081081,toxic
VYVYVVIF,27,17,0,1,44,1,0.581081081081081,toxic
VVCSCFCY,64,54,11,21,118,32,0.581081081081081,toxic
VCCYVIGL,28,16,0,1,44,1,0.581081081081081,toxic
CFLVRFFF,25,19,0,1,44,1,0.581081081081081,toxic
ISFIFFCC,26,18,0,1,44,1,0.581081081081081,toxic
ICVIFIIR,28,16,0,1,44,1,0.581081081081081,toxic
FFIYSRHH,51,36,8,11,87,19,0.5811965811965812,toxic
FIIRCGCV,51,36,8,11,87,19,0.5811965811965812,toxic
IYVFRYDC,47,40,8,11,87,19,0.5811965811965812,toxic
IYVFVSYD,48,39,11,8,87,19,0.5811965811965812,toxic
HYVVRVCC,53,34,9,10,87,19,0.5811965811965812,toxic
FCICFVLF,47,40,8,11,87,19,0.5811965811965812,toxic
SCGYCCGC,47,40,9,10,87,19,0.5811965811965812,toxic
VLIYVVVY,51,36,8,11,87,19,0.5811965811965812,toxic
DCIGHDCF,74,56,18,19,130,37,0.58125,toxic
CFCLRDVY,93,80,23,32,173,55,0.5812807881773399,toxic
FSLLFSLF,32,24,4,2,56,6,0.5813953488372093,toxic
CLCLIICL,34,22,0,6,56,6,0.5813953488372093,toxic
VNRVVFVY,37,19,3,3,56,6,0.5813953488372093,toxic
GIFVVVFV,35,21,3,3,56,6,0.5813953488372093,toxic
FFRDYGGV,33,23,3,3,56,6,0.5813953488372093,toxic
IHVVYYFY,34,22,3,3,56,6,0.5813953488372093,toxic
CCLCFGYC,32,24,1,5,56,6,0.5813953488372093,toxic
FIIVCYFI,32,24,3,3,56,6,0.5813953488372093,toxic
FFVGFLSG,54,45,11,13,99,24,0.5813953488372093,toxic
YCIDFCFI,30,26,2,4,56,6,0.5813953488372093,toxic
CYNFRCCC,31,25,3,3,56,6,0.5813953488372093,toxic
IFVCVSCL,35,21,3,3,56,6,0.5813953488372093,toxic
VCGCFIYV,33,23,3,3,56,6,0.5813953488372093,toxic
FFCVCCYC,30,26,5,1,56,6,0.5813953488372093,toxic
LVFLVCCF,35,21,2,4,56,6,0.5813953488372093,toxic
CVSCYFCH,32,24,2,4,56,6,0.5813953488372093,toxic
FCCVDCIC,63,48,15,14,111,29,0.5815602836879432,toxic
FVFYCNFR,38,30,5,6,68,11,0.5816326530612245,toxic
SFGFVVYV,43,25,6,5,68,11,0.5816326530612245,toxic
CVFSFRCY,43,25,5,6,68,11,0.5816326530612245,toxic
RVGFCICL,39,29,5,6,68,11,0.5816326530612245,toxic
YFYVNCND,36,32,6,5,68,11,0.5816326530612245,toxic
YGGGDVFF,41,27,7,4,68,11,0.5816326530612245,toxic
IDLLVYVG,41,27,3,8,68,11,0.5816326530612245,toxic
IIYIVISG,38,30,6,5,68,11,0.5816326530612245,toxic
CSFCDCLF,42,26,4,7,68,11,0.5816326530612245,toxic
CVCFSFCH,41,27,4,7,68,11,0.5816326530612245,toxic
YSGCFVHL,42,38,8,8,80,16,0.5818181818181818,toxic
LCVLFHCR,48,32,6,10,80,16,0.5818181818181818,toxic
FFVCHSCI,46,34,8,8,80,16,0.5818181818181818,toxic
FFIYGFCG,45,35,9,7,80,16,0.5818181818181818,toxic
DRYVCSFV,47,33,8,8,80,16,0.5818181818181818,toxic
CVCYCLLF,44,36,4,12,80,16,0.5818181818181818,toxic
VLDDLCLF,83,64,22,22,147,44,0.5819209039548022,toxic
FCIFDCDL,83,64,23,21,147,44,0.5819209039548022,toxic
FFSVSLSD,54,38,11,10,92,21,0.5819672131147541,toxic
HCFCYGVF,121,105,33,44,226,77,0.58203125,toxic
CHCYCCLC,61,43,12,14,104,26,0.582089552238806,toxic
CYCVNFGC,59,45,15,11,104,26,0.582089552238806,toxic
YFCSGYFL,67,49,14,17,116,31,0.5821917808219178,toxic
LLSLFDIF,30,19,2,1,49,3,0.5822784810126582,toxic
CYLFVNFL,31,18,3,0,49,3,0.5822784810126582,toxic
VICVVCCV,30,19,1,2,49,3,0.5822784810126582,toxic
CFNLFFII,32,17,2,1,49,3,0.5822784810126582,toxic
FVIFSVRC,29,20,1,2,49,3,0.5822784810126582,toxic
CYLVHYLY,34,15,1,2,49,3,0.5822784810126582,toxic
FLYCVYRI,32,17,1,2,49,3,0.5822784810126582,toxic
VFHFCYIF,32,17,1,2,49,3,0.5822784810126582,toxic
NHFVFVCF,34,15,1,2,49,3,0.5822784810126582,toxic
FFVFCFIR,33,16,1,2,49,3,0.5822784810126582,toxic
FVFFFFIC,34,15,2,1,49,3,0.5822784810126582,toxic
FLVVIFGN,28,21,2,1,49,3,0.5822784810126582,toxic
LFVFLFFI,34,15,1,2,49,3,0.5822784810126582,toxic
FFCCYLLF,31,18,1,2,49,3,0.5822784810126582,toxic
YVLVVCFF,34,15,0,3,49,3,0.5822784810126582,toxic
FCCYICIL,34,15,0,3,49,3,0.5822784810126582,toxic
RVVIFVNS,31,18,0,3,49,3,0.5822784810126582,toxic
IFVFIFRF,27,22,3,0,49,3,0.5822784810126582,toxic
VYFFCIFL,34,15,1,2,49,3,0.5822784810126582,toxic
CVILYIGI,30,19,3,0,49,3,0.5822784810126582,toxic
VYCVCFCF,32,17,0,3,49,3,0.5822784810126582,toxic
IFIFRFFC,32,17,1,2,49,3,0.5822784810126582,toxic
FVICFFYY,32,17,2,1,49,3,0.5822784810126582,toxic
VVCIRLCC,29,20,1,2,49,3,0.5822784810126582,toxic
FCIVLFIV,34,15,0,3,49,3,0.5822784810126582,toxic
RIYVICSY,30,19,1,2,49,3,0.5822784810126582,toxic
FYIYFYVG,31,18,2,1,49,3,0.5822784810126582,toxic
RYSICIIC,27,22,2,1,49,3,0.5822784810126582,toxic
FCCRLRCC,37,24,3,5,61,8,0.5824175824175825,toxic
FIRCFYVC,40,21,3,5,61,8,0.5824175824175825,toxic
VVIVFSYC,36,25,4,4,61,8,0.5824175824175825,toxic
GFYVIYCC,39,22,3,5,61,8,0.5824175824175825,toxic
HYYFVFCC,36,25,4,4,61,8,0.5824175824175825,toxic
IDDFIDCV,39,22,3,5,61,8,0.5824175824175825,toxic
YVCLCFYG,36,25,7,1,61,8,0.5824175824175825,toxic
IVVFYHVV,35,26,5,3,61,8,0.5824175824175825,toxic
FLFCVGVV,37,24,4,4,61,8,0.5824175824175825,toxic
YFIFVIRG,40,21,3,5,61,8,0.5824175824175825,toxic
HSLYFLYG,33,28,5,3,61,8,0.5824175824175825,toxic
YFYICFYN,36,25,3,5,61,8,0.5824175824175825,toxic
FICFVYGL,37,24,3,5,61,8,0.5824175824175825,toxic
IHCICVFS,46,27,3,10,73,13,0.5825242718446602,toxic
CCSLCGYL,46,27,3,10,73,13,0.5825242718446602,toxic
FIIYCHIR,43,30,6,7,73,13,0.5825242718446602,toxic
FSYFCFCL,44,29,4,9,73,13,0.5825242718446602,toxic
LLCFYVHC,46,27,6,7,73,13,0.5825242718446602,toxic
CHCLCCGY,44,29,5,8,73,13,0.5825242718446602,toxic
FIGFVFNI,46,27,6,7,73,13,0.5825242718446602,toxic
FYFRFFFD,45,28,3,10,73,13,0.5825242718446602,toxic
GFFFVCSI,44,29,3,10,73,13,0.5825242718446602,toxic
CLHVCLVC,44,29,8,5,73,13,0.5825242718446602,toxic
ICCFCYGH,38,35,7,6,73,13,0.5825242718446602,toxic
YRVVFLLH,45,28,7,6,73,13,0.5825242718446602,toxic
CNFCLSGC,48,37,6,12,85,18,0.5826086956521739,toxic
ICNFLFRC,49,36,9,9,85,18,0.5826086956521739,toxic
VFYHCGSC,52,33,8,10,85,18,0.5826086956521739,toxic
CSFVCLCV,51,34,10,8,85,18,0.5826086956521739,toxic
CGFFGNNI,57,40,15,8,97,23,0.5826771653543307,toxic
FFVLYGNL,55,42,9,14,97,23,0.5826771653543307,toxic
LFVCHISC,50,47,6,17,97,23,0.5826771653543307,toxic
NFGVYGVC,64,45,14,14,109,28,0.5827338129496403,toxic
FHDLCYDC,66,55,16,17,121,33,0.5827814569536424,toxic
NCSVCCFG,99,82,27,31,181,58,0.5829383886255924,toxic
CCDCSRFI,68,58,14,21,126,35,0.5833333333333334,toxic
FLIYGICL,34,20,2,3,54,5,0.5833333333333334,toxic
IFVIFFFR,43,35,5,10,78,15,0.5833333333333334,toxic
VRYCFIIY,30,24,1,4,54,5,0.5833333333333334,toxic
FDLFFFFH,41,25,3,7,66,10,0.5833333333333334,toxic
VFFFNHGH,28,26,2,3,54,5,0.5833333333333334,toxic
DHFYRGLF,45,33,7,8,78,15,0.5833333333333334,toxic
FFVLFLFV,29,13,0,0,42,0,0.5833333333333334,toxic
NYYCFLRR,46,32,8,7,78,15,0.5833333333333334,toxic
FGLRVVFL,30,12,0,0,42,0,0.5833333333333334,toxic
FFFINVHF,26,28,2,3,54,5,0.5833333333333334,toxic
FVRGYFND,43,35,6,9,78,15,0.5833333333333334,toxic
CFCFRVVC,42,24,3,7,66,10,0.5833333333333334,toxic
IFFFVYYF,34,20,2,3,54,5,0.5833333333333334,toxic
YSVFYVVR,30,24,2,3,54,5,0.5833333333333334,toxic
IIYFLLVF,42,24,4,6,66,10,0.5833333333333334,toxic
HHFLFLRL,22,32,1,4,54,5,0.5833333333333334,toxic
CRCLRFYV,36,18,3,2,54,5,0.5833333333333334,toxic
FYLICCHN,41,25,4,6,66,10,0.5833333333333334,toxic
FFDYCRCF,52,38,9,11,90,20,0.5833333333333334,toxic
GLYCIFLC,48,42,11,9,90,20,0.5833333333333334,toxic
FHVGLFYI,35,19,2,3,54,5,0.5833333333333334,toxic
FCFFVHIL,35,19,2,3,54,5,0.5833333333333334,toxic
YSYFIVCC,31,23,4,1,54,5,0.5833333333333334,toxic
CCLGICLG,59,43,14,11,102,25,0.5833333333333334,toxic
VFICFVGY,42,24,7,3,66,10,0.5833333333333334,toxic
ICIFLYYF,31,23,1,4,54,5,0.5833333333333334,toxic
LIVCFCHS,32,22,3,2,54,5,0.5833333333333334,toxic
CIFFLVCF,28,14,0,0,42,0,0.5833333333333334,toxic
CIIRFLFC,27,15,0,0,42,0,0.5833333333333334,toxic
CLLCLCVC,40,26,5,5,66,10,0.5833333333333334,toxic
LFVLLFSD,35,19,4,1,54,5,0.5833333333333334,toxic
YGIVCFLR,33,21,2,3,54,5,0.5833333333333334,toxic
LCCYCVCV,37,29,3,7,66,10,0.5833333333333334,toxic
CGLFLFLI,40,26,4,6,66,10,0.5833333333333334,toxic
CYFCFIFV,27,15,0,0,42,0,0.5833333333333334,toxic
SFNYDYVN,58,44,12,13,102,25,0.5833333333333334,toxic
YFFCFFRN,25,17,0,0,42,0,0.5833333333333334,toxic
IYFYIIVC,24,18,0,0,42,0,0.5833333333333334,toxic
FSFVRLFF,27,15,0,0,42,0,0.5833333333333334,toxic
IVFGVHFR,60,42,10,15,102,25,0.5833333333333334,toxic
CIFHIYFF,30,24,1,4,54,5,0.5833333333333334,toxic
CCCVRCGF,46,32,7,8,78,15,0.5833333333333334,toxic
FVLVLYIL,28,14,0,0,42,0,0.5833333333333334,toxic
FCFCLLFR,23,19,0,0,42,0,0.5833333333333334,toxic
FYCVCFVL,35,19,2,3,54,5,0.5833333333333334,toxic
RYVFFCVC,28,26,1,4,54,5,0.5833333333333334,toxic
IYVNSHLC,74,57,15,22,131,37,0.5838509316770186,toxic
IYDYRFNY,65,54,16,16,119,32,0.5838926174496645,toxic
FGNVGDCY,68,51,13,19,119,32,0.5838926174496645,toxic
RYCIVRVR,61,46,15,12,107,27,0.583941605839416,toxic
CCNCRCVF,57,38,9,13,95,22,0.584,toxic
CCICFDIR,52,43,12,10,95,22,0.584,toxic
ICYYVNYV,57,38,8,14,95,22,0.584,toxic
CYDVGFVD,50,33,9,8,83,17,0.584070796460177,toxic
FFYVYCVY,50,33,4,13,83,17,0.584070796460177,toxic
FYLFGIYG,44,27,4,8,71,12,0.5841584158415841,toxic
CHGLLLCH,41,30,8,4,71,12,0.5841584158415841,toxic
CFHLCFLS,40,31,4,8,71,12,0.5841584158415841,toxic
ICLCCRCI,42,29,6,6,71,12,0.5841584158415841,toxic
VFCCFHCC,35,24,2,5,59,7,0.5842696629213483,toxic
VFIISVNL,37,22,1,6,59,7,0.5842696629213483,toxic
CYGSHLSY,35,24,3,4,59,7,0.5842696629213483,toxic
VFVCIGLV,37,22,4,3,59,7,0.5842696629213483,toxic
GCYYLCFY,39,20,5,2,59,7,0.5842696629213483,toxic
FFILRFRD,39,20,2,5,59,7,0.5842696629213483,toxic
VFGVVYYC,30,29,5,2,59,7,0.5842696629213483,toxic
FNCCLCYL,38,21,2,5,59,7,0.5842696629213483,toxic
VFVFICVR,35,24,3,4,59,7,0.5842696629213483,toxic
CDRCCFVF,34,25,5,2,59,7,0.5842696629213483,toxic
LRLFFVCC,38,21,2,5,59,7,0.5842696629213483,toxic
FVCILVCV,36,23,4,3,59,7,0.5842696629213483,toxic
VCCVFFLY,37,22,4,3,59,7,0.5842696629213483,toxic
FFVCYGDV,77,59,22,17,136,39,0.5843373493975904,toxic
FIFVVILR,25,22,1,1,47,2,0.5844155844155844,toxic
FFCFRFVN,30,17,1,1,47,2,0.5844155844155844,toxic
VFLFFFRH,26,21,1,1,47,2,0.5844155844155844,toxic
FCCGCIDL,71,53,17,17,124,34,0.5844155844155844,toxic
FFCFCYFF,33,14,0,2,47,2,0.5844155844155844,toxic
CIVLFCFR,32,15,2,0,47,2,0.5844155844155844,toxic
YCVCVIFC,28,19,1,1,47,2,0.5844155844155844,toxic
LFRFLFFC,31,16,1,1,47,2,0.5844155844155844,toxic
FFGLLFCY,30,17,0,2,47,2,0.5844155844155844,toxic
YSVFFVYV,29,18,2,0,47,2,0.5844155844155844,toxic
CFRIYFCD,30,17,1,1,47,2,0.5844155844155844,toxic
FVVVLVSF,31,16,1,1,47,2,0.5844155844155844,toxic
LCFHINFF,30,17,1,1,47,2,0.5844155844155844,toxic
IFVNVCLC,30,17,0,2,47,2,0.5844155844155844,toxic
FFCFIFCC,30,17,2,0,47,2,0.5844155844155844,toxic
IVVYVCGI,29,18,1,1,47,2,0.5844155844155844,toxic
FYIILVRI,22,25,1,1,47,2,0.5844155844155844,toxic
CLCCLFGV,25,22,2,0,47,2,0.5844155844155844,toxic
FICHCVRC,28,19,1,1,47,2,0.5844155844155844,toxic
CIIHVVCY,27,20,1,1,47,2,0.5844155844155844,toxic
FYFDVFIC,31,16,1,1,47,2,0.5844155844155844,toxic
IYFIRFCF,29,18,0,2,47,2,0.5844155844155844,toxic
FFCFYLFD,27,20,1,1,47,2,0.5844155844155844,toxic
SLHYFCHD,64,48,15,14,112,29,0.5845070422535211,toxic
CYLIYNHF,62,50,16,13,112,29,0.5845070422535211,toxic
RCLGCCFG,57,43,8,16,100,24,0.5846153846153846,toxic
FFDSYHYD,57,43,8,16,100,24,0.5846153846153846,toxic
CFGYYYYC,52,48,13,11,100,24,0.5846153846153846,toxic
FVIINCSV,84,69,19,27,153,46,0.5846994535519126,toxic
CRVCCGLC,51,37,7,12,88,19,0.5847457627118644,toxic
VFYSCNIG,46,42,12,7,88,19,0.5847457627118644,toxic
CGFFCVSY,50,38,9,10,88,19,0.5847457627118644,toxic
FFIVYGIF,51,37,12,7,88,19,0.5847457627118644,toxic
CNLICVHY,75,66,16,25,141,41,0.5847953216374269,toxic
VDFRSLRY,77,64,20,21,141,41,0.5847953216374269,toxic
VYFCCICG,46,30,5,9,76,14,0.5849056603773585,toxic
FLIFCGSY,47,29,6,8,76,14,0.5849056603773585,toxic
HICFFVLS,46,30,9,5,76,14,0.5849056603773585,toxic
FCVYCFFH,45,31,4,10,76,14,0.5849056603773585,toxic
CRCVCIIS,42,34,7,7,76,14,0.5849056603773585,toxic
FGCRCCNH,47,29,11,3,76,14,0.5849056603773585,toxic
LISVGFYR,67,50,18,13,117,31,0.5850340136054422,toxic
VYFHCVRI,64,53,15,16,117,31,0.5850340136054422,toxic
YLFCVVCS,36,28,3,6,64,9,0.5851063829787234,toxic
FSGFRYHD,39,25,4,5,64,9,0.5851063829787234,toxic
CISYCYLY,37,27,1,8,64,9,0.5851063829787234,toxic
VLYVFFFR,40,24,4,5,64,9,0.5851063829787234,toxic
LCFCDCGF,39,25,6,3,64,9,0.5851063829787234,toxic
VIHCLVLC,37,27,5,4,64,9,0.5851063829787234,toxic
VFRVYLNI,37,27,2,7,64,9,0.5851063829787234,toxic
HNFVFFCC,38,26,4,5,64,9,0.5851063829787234,toxic
CYYIVYCC,35,29,3,6,64,9,0.5851063829787234,toxic
HFFCLCGY,50,55,17,9,105,26,0.5851851851851851,toxic
DCVVFGVY,78,68,21,22,146,43,0.5852272727272727,toxic
FLIILCCC,33,19,3,1,52,4,0.5853658536585366,toxic
LCYIIVYF,31,21,2,2,52,4,0.5853658536585366,toxic
VCIGFYFR,31,21,2,2,52,4,0.5853658536585366,toxic
LLVCFRVY,33,19,3,1,52,4,0.5853658536585366,toxic
LCVIRFLV,26,26,2,2,52,4,0.5853658536585366,toxic
DHCYVIYC,49,44,10,11,93,21,0.5853658536585366,toxic
LLCVCFCG,35,17,2,2,52,4,0.5853658536585366,toxic
CVIYFFRL,33,19,3,1,52,4,0.5853658536585366,toxic
VYNYCSGL,56,37,11,10,93,21,0.5853658536585366,toxic
IVHVCIGN,29,23,1,3,52,4,0.5853658536585366,toxic
FIIICHFG,34,18,1,3,52,4,0.5853658536585366,toxic
YFNFLCCL,32,20,2,2,52,4,0.5853658536585366,toxic
CYYVVFCI,30,22,0,4,52,4,0.5853658536585366,toxic
FYVCFDYL,35,17,1,3,52,4,0.5853658536585366,toxic
SYCLCIYV,34,18,1,3,52,4,0.5853658536585366,toxic
YIFFFCGV,35,17,2,2,52,4,0.5853658536585366,toxic
FLYSGGCV,74,60,18,20,134,38,0.5853658536585366,toxic
FLCCCIFN,34,18,1,3,52,4,0.5853658536585366,toxic
CVHFFCFR,55,38,9,12,93,21,0.5853658536585366,toxic
LFHCVRYV,53,40,7,14,93,21,0.5853658536585366,toxic
LIYVFLHV,29,23,3,1,52,4,0.5853658536585366,toxic
CCYNIVCV,88,75,30,20,163,50,0.5854922279792746,toxic
HFFCRDDI,50,31,7,9,81,16,0.5855855855855856,toxic
CVCLCNRH,44,37,6,10,81,16,0.5855855855855856,toxic
FCLDHDVC,47,34,6,10,81,16,0.5855855855855856,toxic
IYVYCFGY,47,34,4,12,81,16,0.5855855855855856,toxic
FNCDCFGL,50,31,6,10,81,16,0.5855855855855856,toxic
LDYFLVRY,48,33,10,6,81,16,0.5855855855855856,toxic
LIGIYCRD,64,46,12,16,110,28,0.5857142857142857,toxic
FCRIYHGV,63,47,16,12,110,28,0.5857142857142857,toxic
LGLHCYRD,114,95,36,33,209,69,0.5857740585774058,toxic
FCCCFCFV,41,28,5,6,69,11,0.5858585858585859,toxic
CCCNIFYF,43,26,3,8,69,11,0.5858585858585859,toxic
IYVLCSFD,44,25,4,7,69,11,0.5858585858585859,toxic
CSCCGFYL,40,29,2,9,69,11,0.5858585858585859,toxic
FLVCCFFL,44,25,3,8,69,11,0.5858585858585859,toxic
YNGHFGCY,73,54,17,18,127,35,0.5859872611464968,toxic
FFLVFCVL,36,21,2,4,57,6,0.5862068965517241,toxic
YYGYVIFL,37,20,3,3,57,6,0.5862068965517241,toxic
FCVICIDL,37,20,0,6,57,6,0.5862068965517241,toxic
GFFFHDGC,52,34,10,8,86,18,0.5862068965517241,toxic
CLFYGFRI,48,38,12,6,86,18,0.5862068965517241,toxic
FVYRDGYC,64,51,14,16,115,30,0.5862068965517241,toxic
CYHCCCDV,51,35,6,12,86,18,0.5862068965517241,toxic
IIVLLCFV,37,20,2,4,57,6,0.5862068965517241,toxic
FCFCCFCI,36,21,4,2,57,6,0.5862068965517241,toxic
ISFFVVIG,37,20,5,1,57,6,0.5862068965517241,toxic
ICIFGVFC,33,24,2,4,57,6,0.5862068965517241,toxic
GFFIVCCI,33,24,4,2,57,6,0.5862068965517241,toxic
YVFLCVDI,50,36,7,11,86,18,0.5862068965517241,toxic
SCICCCRH,50,36,8,10,86,18,0.5862068965517241,toxic
FCLFDDVS,60,55,13,17,115,30,0.5862068965517241,toxic
FGFCFCVV,33,24,2,4,57,6,0.5862068965517241,toxic
LFCGCHYC,36,21,1,5,57,6,0.5862068965517241,toxic
FVCYRIHC,82,79,29,20,161,49,0.5863874345549738,toxic
FYLFFDCV,58,45,8,17,103,25,0.5864661654135338,toxic
LHYLCFCR,44,30,6,7,74,13,0.5865384615384616,toxic
SCVIFFVI,43,31,8,5,74,13,0.5865384615384616,toxic
CCCCFRCR,46,28,5,8,74,13,0.5865384615384616,toxic
FVNFCYVF,43,31,6,7,74,13,0.5865384615384616,toxic
FVCFCCHY,46,28,7,6,74,13,0.5865384615384616,toxic
CHCRCGNG,80,69,22,22,149,44,0.5865921787709497,toxic
FRIYLCIY,28,17,0,1,45,1,0.5866666666666667,toxic
VFFFLRII,32,13,0,1,45,1,0.5866666666666667,toxic
FFLFCFFF,27,18,0,1,45,1,0.5866666666666667,toxic
FCFFCCIR,25,20,0,1,45,1,0.5866666666666667,toxic
FNCCGCIY,67,53,18,14,120,32,0.5866666666666667,toxic
FGVFFFRF,27,18,0,1,45,1,0.5866666666666667,toxic
CFFCRLVF,25,20,0,1,45,1,0.5866666666666667,toxic
ILFDFIVF,22,23,0,1,45,1,0.5866666666666667,toxic
FHVCLVSF,27,18,1,0,45,1,0.5866666666666667,toxic
CCIIIVVY,28,17,1,0,45,1,0.5866666666666667,toxic
FFFCVYVG,31,14,0,1,45,1,0.5866666666666667,toxic
FFFCCILS,29,16,1,0,45,1,0.5866666666666667,toxic
CFGIVFRF,30,15,1,0,45,1,0.5866666666666667,toxic
RCIVFILR,31,14,0,1,45,1,0.5866666666666667,toxic
FFFDIFYV,26,19,0,1,45,1,0.5866666666666667,toxic
FFSLCCIF,28,17,1,0,45,1,0.5866666666666667,toxic
CFVLFCLF,26,19,0,1,45,1,0.5866666666666667,toxic
GFCYLYSF,55,36,9,11,91,20,0.5867768595041323,toxic
CVVCCVGF,55,36,5,15,91,20,0.5867768595041323,toxic
CCGVFYCI,113,99,36,34,212,70,0.5867768595041323,toxic
CLFGLVCF,53,38,7,13,91,20,0.5867768595041323,toxic
YFIYHFDG,50,41,8,12,91,20,0.5867768595041323,toxic
FYCCIVFD,55,36,8,12,91,20,0.5867768595041323,toxic
CCYHGCVS,74,63,20,19,137,39,0.5868263473053892,toxic
CHCGYGCY,35,27,6,2,62,8,0.5869565217391305,toxic
FRCCLRLC,37,25,5,3,62,8,0.5869565217391305,toxic
FFCIRYHC,34,28,5,3,62,8,0.5869565217391305,toxic
CYILLGIC,38,24,3,5,62,8,0.5869565217391305,toxic
VYVRYCRY,40,22,6,2,62,8,0.5869565217391305,toxic
DLINLFFI,39,23,3,5,62,8,0.5869565217391305,toxic
YCIHYICY,36,26,4,4,62,8,0.5869565217391305,toxic
CLFCICVV,35,27,5,3,62,8,0.5869565217391305,toxic
VYVFVFCC,40,22,5,3,62,8,0.5869565217391305,toxic
CICRICDH,116,101,40,32,217,72,0.5870445344129555,toxic
LCCVFGFL,47,32,6,9,79,15,0.5871559633027523,toxic
HNCCFCCF,48,31,6,9,79,15,0.5871559633027523,toxic
FCCHYHHC,46,33,9,6,79,15,0.5871559633027523,toxic
FFCVSDFR,48,31,9,6,79,15,0.5871559633027523,toxic
CYFINCCY,47,32,8,7,79,15,0.5871559633027523,toxic
DHLCCCCF,79,63,15,26,142,41,0.5872093023255814,toxic
FGVFIFGL,55,41,9,13,96,22,0.5873015873015873,toxic
GFCYGHRF,56,40,6,16,96,22,0.5873015873015873,toxic
CFFHFCFS,65,48,20,9,113,29,0.5874125874125874,toxic
FCVYHLSL,63,50,15,14,113,29,0.5874125874125874,toxic
YCCNYYCY,64,49,18,11,113,29,0.5874125874125874,toxic
CFVVRVDL,66,47,13,16,113,29,0.5874125874125874,toxic
LYCHVGGV,65,48,15,14,113,29,0.5874125874125874,toxic
YICYFCSC,33,17,1,2,50,3,0.5875,toxic
RYVFVISF,29,21,2,1,50,3,0.5875,toxic
VVICVRCL,33,17,0,3,50,3,0.5875,toxic
VFCNHGDF,73,57,21,15,130,36,0.5875,toxic
FCCLLSLI,29,21,2,1,50,3,0.5875,toxic
VSIIVRFG,27,23,0,3,50,3,0.5875,toxic
CNGFCFFF,30,20,2,1,50,3,0.5875,toxic
CFFCICLG,28,22,2,1,50,3,0.5875,toxic
CFIFIFIC,24,26,0,3,50,3,0.5875,toxic
FIFYCVCF,28,22,0,3,50,3,0.5875,toxic
FVFCRFIY,29,21,1,2,50,3,0.5875,toxic
CYCFHVVL,34,16,3,0,50,3,0.5875,toxic
FFFYCRFL,32,18,1,2,50,3,0.5875,toxic
DRILLYLF,26,24,1,2,50,3,0.5875,toxic
FFYVVFFF,30,20,1,2,50,3,0.5875,toxic
CCILRCFV,30,20,1,2,50,3,0.5875,toxic
FICNFYIF,33,17,2,1,50,3,0.5875,toxic
CCLRCSNC,71,59,15,21,130,36,0.5875,toxic
VYVVFFYF,33,17,1,2,50,3,0.5875,toxic
VIFFVRLD,30,20,1,2,50,3,0.5875,toxic
CCSYCRIC,31,19,1,2,50,3,0.5875,toxic
INGLCDVF,79,68,19,24,147,43,0.5875706214689266,toxic
YNLCVLLY,38,29,4,6,67,10,0.5876288659793815,toxic
FCDLCIVF,41,26,6,4,67,10,0.5876288659793815,toxic
LRVLILCY,43,24,5,5,67,10,0.5876288659793815,toxic
IYLCYGFF,36,31,5,5,67,10,0.5876288659793815,toxic
FYSSFVFF,42,25,5,5,67,10,0.5876288659793815,toxic
LYVCFIVC,40,27,5,5,67,10,0.5876288659793815,toxic
CLCVGRCY,43,24,5,5,67,10,0.5876288659793815,toxic
FSCYCFGF,34,33,4,6,67,10,0.5876288659793815,toxic
CGLCCYCS,33,34,6,4,67,10,0.5876288659793815,toxic
FHCGVFGG,42,25,3,7,67,10,0.5876288659793815,toxic
FYYVGNDV,51,33,5,12,84,17,0.5877192982456141,toxic
IRCYCSCC,51,33,6,11,84,17,0.5877192982456141,toxic
RYLVIFSV,51,33,8,9,84,17,0.5877192982456141,toxic
FFVVVLSI,51,33,12,5,84,17,0.5877192982456141,toxic
CFNDHCFG,48,36,7,10,84,17,0.5877192982456141,toxic
IFNVHHYH,59,42,10,14,101,24,0.5877862595419847,toxic
VCFCRLGC,59,42,10,14,101,24,0.5877862595419847,toxic
YCGVSIFR,66,52,11,20,118,31,0.5878378378378378,toxic
FCHCCCCR,83,69,21,24,152,45,0.5879120879120879,toxic
LCHCHLLL,93,76,27,25,169,52,0.5879396984924623,toxic
SFCVFILR,37,18,4,1,55,5,0.5882352941176471,toxic
FGYHGYCH,54,35,13,6,89,19,0.5882352941176471,toxic
SRVLVCVV,32,23,3,2,55,5,0.5882352941176471,toxic
FLYHCFIC,35,20,3,2,55,5,0.5882352941176471,toxic
FCCIVLVY,37,18,2,3,55,5,0.5882352941176471,toxic
CFVYFYVR,34,21,3,2,55,5,0.5882352941176471,toxic
FIILISVG,33,22,3,2,55,5,0.5882352941176471,toxic
IYDYFRYV,102,89,29,32,191,61,0.5882352941176471,toxic
CCLFYYIY,33,22,4,1,55,5,0.5882352941176471,toxic
FFYFFGIF,36,19,3,2,55,5,0.5882352941176471,toxic
YIILCFFS,36,19,1,4,55,5,0.5882352941176471,toxic
YHFCVCGF,48,41,6,13,89,19,0.5882352941176471,toxic
YHFCFFFY,48,41,7,12,89,19,0.5882352941176471,toxic
VYVSFYCC,34,21,2,3,55,5,0.5882352941176471,toxic
YYICIHHY,40,32,7,5,72,12,0.5882352941176471,toxic
CRFFVSFY,32,23,2,3,55,5,0.5882352941176471,toxic
CNNFDFHY,53,36,10,9,89,19,0.5882352941176471,toxic
YHVFVRVG,32,23,2,3,55,5,0.5882352941176471,toxic
IFVCRCCG,67,56,16,17,123,33,0.5882352941176471,toxic
LCFCRFFV,34,21,2,3,55,5,0.5882352941176471,toxic
FVLFFFSS,34,21,2,3,55,5,0.5882352941176471,toxic
HYDVGYCR,54,52,11,15,106,26,0.5882352941176471,toxic
FIVFGLVG,77,63,14,26,140,40,0.5882352941176471,toxic
LDFHFFIL,36,19,2,3,55,5,0.5882352941176471,toxic
VFFFFVFC,31,24,1,4,55,5,0.5882352941176471,toxic
FCDVLHGV,71,52,13,20,123,33,0.5882352941176471,toxic
FFCCCVCD,44,28,6,6,72,12,0.5882352941176471,toxic
VCCCGFFY,47,42,13,6,89,19,0.5882352941176471,toxic
CYCICCGY,36,19,2,3,55,5,0.5882352941176471,toxic
LRYGGCYC,70,58,19,16,128,35,0.5886075949367089,toxic
FRDYVSFN,62,49,14,14,111,28,0.5886524822695035,toxic
LSVDFFVF,62,49,18,10,111,28,0.5886524822695035,toxic
ICDFCSNC,65,46,11,17,111,28,0.5886524822695035,toxic
VHHCYCCC,56,38,12,9,94,21,0.5887096774193549,toxic
FFCSRYIF,55,39,10,11,94,21,0.5887096774193549,toxic
SHLFGHCI,56,38,9,12,94,21,0.5887096774193549,toxic
VFIYVYNF,43,34,8,6,77,14,0.5887850467289719,toxic
VYVYVIDV,48,29,4,10,77,14,0.5887850467289719,toxic
SCYVFFLN,47,30,6,8,77,14,0.5887850467289719,toxic
FVFLILVR,39,21,3,4,60,7,0.5888888888888889,toxic
LIIFLGDF,35,25,4,3,60,7,0.5888888888888889,toxic
CICYICDF,36,24,5,2,60,7,0.5888888888888889,toxic
FVCGFVFV,38,22,1,6,60,7,0.5888888888888889,toxic
HIFVLCIR,39,21,4,3,60,7,0.5888888888888889,toxic
FVVVFIIF,37,23,4,3,60,7,0.5888888888888889,toxic
CVFDSFGH,83,67,18,26,150,44,0.5888888888888889,toxic
LVCFNVFL,35,25,2,5,60,7,0.5888888888888889,toxic
FFFGCFCV,35,25,5,2,60,7,0.5888888888888889,toxic
FCCCVFFL,36,24,6,1,60,7,0.5888888888888889,toxic
GLYLFCLR,38,22,5,2,60,7,0.5888888888888889,toxic
FVCRYFIC,35,25,3,4,60,7,0.5888888888888889,toxic
LRICVCCN,34,26,3,4,60,7,0.5888888888888889,toxic
FCVHNVIF,76,57,19,18,133,37,0.588957055214724,toxic
FIFFFCFC,22,21,0,0,43,0,0.589041095890411,toxic
FFCCYIRY,22,21,0,0,43,0,0.589041095890411,toxic
YLRIRLFY,30,13,0,0,43,0,0.589041095890411,toxic
FFLFYLLF,26,17,0,0,43,0,0.589041095890411,toxic
FSFVIFLI,27,16,0,0,43,0,0.589041095890411,toxic
DYVFIFFF,29,14,0,0,43,0,0.589041095890411,toxic
FVCFYIYI,22,21,0,0,43,0,0.589041095890411,toxic
YFRCLYCF,28,15,0,0,43,0,0.589041095890411,toxic
ISDVVYSY,61,55,16,14,116,30,0.589041095890411,toxic
FGDFDFHV,67,49,18,12,116,30,0.589041095890411,toxic
FIHFFLCL,28,15,0,0,43,0,0.589041095890411,toxic
CFCFRIIC,24,19,0,0,43,0,0.589041095890411,toxic
IISYYYIC,22,21,0,0,43,0,0.589041095890411,toxic
RFFVSVLF,28,15,0,0,43,0,0.589041095890411,toxic
CDLYCCFR,57,42,11,12,99,23,0.5891472868217055,toxic
VVHLRDCF,58,41,9,14,99,23,0.5891472868217055,toxic
LLGFCCCF,56,43,9,14,99,23,0.5891472868217055,toxic
YDSSDFFV,58,41,11,12,99,23,0.5891472868217055,toxic
LFSIHSNY,44,38,8,8,82,16,0.5892857142857143,toxic
CCLCYLGD,50,32,9,7,82,16,0.5892857142857143,toxic
FNNRFHYC,43,39,8,8,82,16,0.5892857142857143,toxic
CCCFCHCS,63,58,15,17,121,32,0.5894039735099338,toxic
FLRIIHYS,70,51,13,19,121,32,0.5894039735099338,toxic
YGLIVFCD,39,26,5,4,65,9,0.5894736842105263,toxic
FFYYVYNY,35,30,5,4,65,9,0.5894736842105263,toxic
VLCFLFLF,38,27,4,5,65,9,0.5894736842105263,toxic
FYVVVLRS,40,25,6,3,65,9,0.5894736842105263,toxic
FNICYIVC,40,25,4,5,65,9,0.5894736842105263,toxic
CVVYFYFR,41,24,3,6,65,9,0.5894736842105263,toxic
SCLFCFRL,41,24,4,5,65,9,0.5894736842105263,toxic
IVCGLFFI,42,23,2,7,65,9,0.5894736842105263,toxic
FVICLCYL,36,29,6,3,65,9,0.5894736842105263,toxic
RYVYICVV,41,24,6,3,65,9,0.5894736842105263,toxic
GILLYVFR,40,25,5,4,65,9,0.5894736842105263,toxic
YFCCFVFV,40,25,4,5,65,9,0.5894736842105263,toxic
CFFVYYFR,39,26,4,5,65,9,0.5894736842105263,toxic
YNHILIVV,35,30,5,4,65,9,0.5894736842105263,toxic
VFCCLYVC,39,26,5,4,65,9,0.5894736842105263,toxic
FVIVLDLG,39,26,4,5,65,9,0.5894736842105263,toxic
FVFYGFFD,42,23,6,3,65,9,0.5894736842105263,toxic
LCICYCLV,42,23,3,6,65,9,0.5894736842105263,toxic
LYVIFYDY,58,46,16,9,104,25,0.5895522388059702,toxic
FVIVISHR,30,18,1,1,48,2,0.5897435897435898,toxic
HYSRHYVF,53,34,17,1,87,18,0.5897435897435898,toxic
GCHFHFCV,30,18,1,1,48,2,0.5897435897435898,toxic
FVGFFVCC,27,21,0,2,48,2,0.5897435897435898,toxic
IFVCVRCY,26,22,0,2,48,2,0.5897435897435898,toxic
VCCIFYIY,26,22,1,1,48,2,0.5897435897435898,toxic
FFYFIFLV,30,18,1,1,48,2,0.5897435897435898,toxic
GFCLYCCF,31,17,0,2,48,2,0.5897435897435898,toxic
FYCFVFFC,26,22,2,0,48,2,0.5897435897435898,toxic
FIIFYCLL,32,16,1,1,48,2,0.5897435897435898,toxic
FLFSIFVC,31,17,2,0,48,2,0.5897435897435898,toxic
CLRVCCLY,29,19,0,2,48,2,0.5897435897435898,toxic
LNHCCCFR,71,55,16,18,126,34,0.5897435897435898,toxic
CLISCCFC,53,34,10,8,87,18,0.5897435897435898,toxic
YFIGYLGF,33,15,2,0,48,2,0.5897435897435898,toxic
DIFVICVL,49,38,5,13,87,18,0.5897435897435898,toxic
YRFRLFLY,29,19,0,2,48,2,0.5897435897435898,toxic
FIFIFCVF,30,18,1,1,48,2,0.5897435897435898,toxic
CGYRCHCI,47,40,8,10,87,18,0.5897435897435898,toxic
FFGCLGIF,33,15,1,1,48,2,0.5897435897435898,toxic
YCFFHFYD,52,35,12,6,87,18,0.5897435897435898,toxic
SYFVYVIC,26,22,1,1,48,2,0.5897435897435898,toxic
VFCVFVYV,32,16,0,2,48,2,0.5897435897435898,toxic
LCFIFDFD,63,46,15,12,109,27,0.5899280575539568,toxic
LGIFYCIR,63,46,13,14,109,27,0.5899280575539568,toxic
FFNIIFYC,44,26,6,5,70,11,0.59,toxic
CVHVICCL,42,28,5,6,70,11,0.59,toxic
CILYCGCC,42,28,6,5,70,11,0.59,toxic
CFCIGFFS,42,28,5,6,70,11,0.59,toxic
CFGFVVCL,43,27,6,5,70,11,0.59,toxic
YFVDYCRR,43,27,5,6,70,11,0.59,toxic
FLLHFICY,44,26,8,3,70,11,0.59,toxic
IGGIFLCI,38,32,3,8,70,11,0.59,toxic
FVCCCVCC,35,35,3,8,70,11,0.59,toxic
CVYCYYYI,39,31,5,6,70,11,0.59,toxic
HICCGCRF,41,29,4,7,70,11,0.59,toxic
FRRVCVYV,43,27,4,7,70,11,0.59,toxic
CVCIHYFR,40,30,3,8,70,11,0.59,toxic
YRLRFFDV,69,62,13,23,131,36,0.5900621118012422,toxic
YFGYGVYD,75,56,19,17,131,36,0.5900621118012422,toxic
CYCIVCLG,49,43,11,9,92,20,0.5901639344262295,toxic
CLHFYFFR,54,38,11,9,92,20,0.5901639344262295,toxic
CHLRFGCC,51,41,8,12,92,20,0.5901639344262295,toxic
HSNLFFIL,54,38,11,9,92,20,0.5901639344262295,toxic
ICFIYLGV,48,44,8,12,92,20,0.5901639344262295,toxic
IYYFIGSF,58,56,17,12,114,29,0.5902777777777778,toxic
CHCVIYLC,33,20,3,1,53,4,0.5903614457831325,toxic
LFVCVVIG,34,19,2,2,53,4,0.5903614457831325,toxic
VSYFICVV,34,19,3,1,53,4,0.5903614457831325,toxic
FYLFINIG,35,18,3,1,53,4,0.5903614457831325,toxic
FCFVYIFG,35,18,2,2,53,4,0.5903614457831325,toxic
FCCCIFVG,35,18,3,1,53,4,0.5903614457831325,toxic
YFVIRCYL,34,19,4,0,53,4,0.5903614457831325,toxic
GYFICFRI,32,21,1,3,53,4,0.5903614457831325,toxic
FILYLNFC,32,21,1,3,53,4,0.5903614457831325,toxic
LFYVFVRS,36,17,2,2,53,4,0.5903614457831325,toxic
YICFLIID,34,19,4,0,53,4,0.5903614457831325,toxic
VIVCLLVF,36,17,1,3,53,4,0.5903614457831325,toxic
FFVFYCCR,33,20,3,1,53,4,0.5903614457831325,toxic
VYYLCFGL,33,20,2,2,53,4,0.5903614457831325,toxic
LVLSVVYL,32,21,3,1,53,4,0.5903614457831325,toxic
FVVFCFFI,33,20,4,0,53,4,0.5903614457831325,toxic
FFSFLFGN,27,26,3,1,53,4,0.5903614457831325,toxic
ICLSFYIS,32,21,1,3,53,4,0.5903614457831325,toxic
FYVCFILG,32,21,0,4,53,4,0.5903614457831325,toxic
GFDYHCDC,35,18,2,2,53,4,0.5903614457831325,toxic
VHIFVFVG,47,28,7,6,75,13,0.5904761904761905,toxic
YIIYSLSS,43,32,6,7,75,13,0.5904761904761905,toxic
FLSSLFLC,44,31,4,9,75,13,0.5904761904761905,toxic
CVCYYCIC,47,28,5,8,75,13,0.5904761904761905,toxic
HHCYRCYG,46,29,6,7,75,13,0.5904761904761905,toxic
FDYYGRVR,40,35,6,7,75,13,0.5904761904761905,toxic
FVVGYGIY,39,36,5,8,75,13,0.5904761904761905,toxic
FCYGCFDL,47,28,7,6,75,13,0.5904761904761905,toxic
CFSVCYFC,44,31,9,4,75,13,0.5904761904761905,toxic
FYSCFYYF,45,30,6,7,75,13,0.5904761904761905,toxic
FSFYSCLD,58,39,10,12,97,22,0.5905511811023622,toxic
CYSCFVVY,57,40,13,9,97,22,0.5905511811023622,toxic
LFDHCRGY,47,50,7,15,97,22,0.5905511811023622,toxic
SFSFFLSL,66,53,14,17,119,31,0.5906040268456376,toxic
FLVCRNLD,66,53,15,16,119,31,0.5906040268456376,toxic
YCFFGGGC,88,75,26,23,163,49,0.5906735751295337,toxic
FIGIVIHY,31,27,3,3,58,6,0.5909090909090909,toxic
VVFFCCLH,37,21,2,4,58,6,0.5909090909090909,toxic
RCVVCRYY,33,25,3,3,58,6,0.5909090909090909,toxic
SCNCCLYV,49,31,6,9,80,15,0.5909090909090909,toxic
FCLCCYHS,44,36,9,6,80,15,0.5909090909090909,toxic
FVHVSFFC,33,25,5,1,58,6,0.5909090909090909,toxic
FVIIIFCY,34,24,3,3,58,6,0.5909090909090909,toxic
IIYFHFFN,32,26,0,6,58,6,0.5909090909090909,toxic
CCVYNFVY,49,31,9,6,80,15,0.5909090909090909,toxic
ICHLYIIV,36,22,4,2,58,6,0.5909090909090909,toxic
FFLCFYNC,34,24,3,3,58,6,0.5909090909090909,toxic
CISICVRC,33,25,4,2,58,6,0.5909090909090909,toxic
SCFCGCFG,59,43,12,12,102,24,0.5909090909090909,toxic
FFIFVHLS,35,23,4,2,58,6,0.5909090909090909,toxic
LCVVINCD,60,42,9,15,102,24,0.5909090909090909,toxic
CVCYCLCY,60,42,13,11,102,24,0.5909090909090909,toxic
CRYCFYFR,63,44,8,18,107,26,0.5912408759124088,toxic
FCVCNFLV,47,38,5,12,85,17,0.591304347826087,toxic
YCSRCRCC,51,34,10,7,85,17,0.591304347826087,toxic
RGYFLRCF,50,35,6,11,85,17,0.591304347826087,toxic
FGFVYYLR,49,36,8,9,85,17,0.591304347826087,toxic
CSLCRFYC,42,43,9,8,85,17,0.591304347826087,toxic
FCFSCCLG,32,31,6,2,63,8,0.5913978494623656,toxic
CYGCHFLF,36,27,4,4,63,8,0.5913978494623656,toxic
VFCVHFVI,38,25,6,2,63,8,0.5913978494623656,toxic
FFVFHFLS,40,23,6,2,63,8,0.5913978494623656,toxic
VILIGRFG,41,22,4,4,63,8,0.5913978494623656,toxic
FVLCLYCC,37,26,3,5,63,8,0.5913978494623656,toxic
VDVRSFCY,61,51,16,12,112,28,0.5915492957746479,toxic
FHRIDYCL,61,51,7,21,112,28,0.5915492957746479,toxic
FCGDVYDY,52,38,11,8,90,19,0.5916666666666667,toxic
FCVVCYDI,53,37,6,13,90,19,0.5916666666666667,toxic
YRFDSVYD,50,40,9,10,90,19,0.5916666666666667,toxic
SFFCYNSI,50,40,10,9,90,19,0.5916666666666667,toxic
CDFLCYGR,53,37,6,13,90,19,0.5916666666666667,toxic
FCIDVCFL,53,37,7,12,90,19,0.5916666666666667,toxic
YGVNCYYD,79,60,16,23,139,39,0.591715976331361,toxic
CYYFCCGF,34,34,6,4,68,10,0.5918367346938775,toxic
DFIVLYCC,43,25,5,5,68,10,0.5918367346938775,toxic
LFLCCYGV,38,30,4,6,68,10,0.5918367346938775,toxic
LCVLFCCV,43,25,6,4,68,10,0.5918367346938775,toxic
YSYCGDIF,55,40,9,12,95,21,0.592,toxic
CYYVCFFN,70,52,15,17,122,32,0.5921052631578947,toxic
RGFICCFF,23,23,1,0,46,1,0.5921052631578947,toxic
SYGFFFYF,32,14,1,0,46,1,0.5921052631578947,toxic
FFVCFFSD,24,22,0,1,46,1,0.5921052631578947,toxic
VLVCIRVC,24,22,1,0,46,1,0.5921052631578947,toxic
CFRILCLF,28,18,0,1,46,1,0.5921052631578947,toxic
CLFLFFFF,29,17,0,1,46,1,0.5921052631578947,toxic
FVFCCCRF,30,16,0,1,46,1,0.5921052631578947,toxic
RYIFIYYN,61,61,10,22,122,32,0.5921052631578947,toxic
FCFYVCIH,22,24,1,0,46,1,0.5921052631578947,toxic
FFFYFVLC,27,19,0,1,46,1,0.5921052631578947,toxic
IYLHFICF,29,17,0,1,46,1,0.5921052631578947,toxic
CLDIFIVI,28,18,0,1,46,1,0.5921052631578947,toxic
FIHFIRGL,26,20,1,0,46,1,0.5921052631578947,toxic
CCFFGICL,25,21,1,0,46,1,0.5921052631578947,toxic
FFFVLCYV,28,18,1,0,46,1,0.5921052631578947,toxic
CGCGHFLC,108,90,26,37,198,63,0.5921052631578947,toxic
VFFFSIRC,26,20,1,0,46,1,0.5921052631578947,toxic
YVYVVCRN,30,16,0,1,46,1,0.5921052631578947,toxic
CRFVICFL,29,17,1,0,46,1,0.5921052631578947,toxic
LYLVISRV,46,27,8,4,73,12,0.5922330097087378,toxic
CLCFVRFH,46,27,7,5,73,12,0.5922330097087378,toxic
FCCIVIDC,41,32,7,5,73,12,0.5922330097087378,toxic
LLCVSYFL,44,29,3,9,73,12,0.5922330097087378,toxic
CFIICLCC,46,27,3,9,73,12,0.5922330097087378,toxic
SFYVCIHR,56,44,18,5,100,23,0.5923076923076923,toxic
HCCGFLCC,67,60,14,20,127,34,0.5923566878980892,toxic
FRYYCLGY,72,55,15,19,127,34,0.5923566878980892,toxic
FLFVFDCF,26,25,1,2,51,3,0.5925925925925926,toxic
YFCIFYDC,29,22,2,1,51,3,0.5925925925925926,toxic
LCFGVYVL,44,34,8,6,78,14,0.5925925925925926,toxic
CVLYLCVC,21,30,1,2,51,3,0.5925925925925926,toxic
CFFVVGRF,33,18,3,0,51,3,0.5925925925925926,toxic
SLFCVLVN,43,35,7,7,78,14,0.5925925925925926,toxic
FDYFCFFI,30,21,2,1,51,3,0.5925925925925926,toxic
FYSVLYFF,31,20,3,0,51,3,0.5925925925925926,toxic
YYSFDSRG,61,44,4,21,105,25,0.5925925925925926,toxic
ICFYFIIF,31,20,0,3,51,3,0.5925925925925926,toxic
ICVCCCGL,45,33,10,4,78,14,0.5925925925925926,toxic
FFCCHIYF,33,18,1,2,51,3,0.5925925925925926,toxic
FCCCFIFF,27,24,2,1,51,3,0.5925925925925926,toxic
VVYCHFIF,30,21,2,1,51,3,0.5925925925925926,toxic
VVYYYFHV,31,20,2,1,51,3,0.5925925925925926,toxic
YLVCHIIG,44,34,5,9,78,14,0.5925925925925926,toxic
YLCCIVLF,35,16,2,1,51,3,0.5925925925925926,toxic
VHFFFIVF,30,21,2,1,51,3,0.5925925925925926,toxic
FFFCFFDI,24,27,1,2,51,3,0.5925925925925926,toxic
NFCFCIFV,29,22,2,1,51,3,0.5925925925925926,toxic
FCFVFSCF,32,19,1,2,51,3,0.5925925925925926,toxic
VRLYYVFI,32,19,1,2,51,3,0.5925925925925926,toxic
FGCLYVCC,49,34,9,7,83,16,0.5929203539823009,toxic
IFVCYCGG,51,32,9,7,83,16,0.5929203539823009,toxic
FFLGFFDV,51,32,8,8,83,16,0.5929203539823009,toxic
CYFCVFCF,30,26,3,2,56,5,0.5930232558139535,toxic
YCYLFVII,37,19,3,2,56,5,0.5930232558139535,toxic
HYCYDFSD,36,20,4,1,56,5,0.5930232558139535,toxic
FCCRLFSL,32,24,2,3,56,5,0.5930232558139535,toxic
CLYCCIFN,32,24,3,2,56,5,0.5930232558139535,toxic
CVLVISCL,32,24,2,3,56,5,0.5930232558139535,toxic
CFIIFFGI,36,20,3,2,56,5,0.5930232558139535,toxic
VVVICYYR,35,21,0,5,56,5,0.5930232558139535,toxic
VHICFSIR,30,26,2,3,56,5,0.5930232558139535,toxic
CIYLGYCG,35,21,3,2,56,5,0.5930232558139535,toxic
FFYCCFNF,33,23,1,4,56,5,0.5930232558139535,toxic
FICHVFVC,34,22,2,3,56,5,0.5930232558139535,toxic
VFCCLYRY,35,21,3,2,56,5,0.5930232558139535,toxic
CLFIHIIG,30,26,3,2,56,5,0.5930232558139535,toxic
FSVFRVFG,49,39,9,9,88,18,0.5932203389830508,toxic
LCCYCGIR,48,40,10,8,88,18,0.5932203389830508,toxic
NLICCLHF,53,35,9,9,88,18,0.5932203389830508,toxic
CYSCSLGG,158,139,47,56,297,103,0.5932721712538226,toxic
DYYCDFHV,69,51,12,19,120,31,0.5933333333333334,toxic
CYIFYNVL,39,22,4,3,61,7,0.5934065934065934,toxic
VRYSFLLL,40,21,3,4,61,7,0.5934065934065934,toxic
CFCFVYLC,35,26,3,4,61,7,0.5934065934065934,toxic
GFHIFLCV,36,25,3,4,61,7,0.5934065934065934,toxic
ICVCCIRC,37,24,4,3,61,7,0.5934065934065934,toxic
VYVIYYVI,33,28,4,3,61,7,0.5934065934065934,toxic
IDFCIFFC,36,25,2,5,61,7,0.5934065934065934,toxic
VCHFFFIL,36,25,3,4,61,7,0.5934065934065934,toxic
VCFCCHCG,40,21,7,0,61,7,0.5934065934065934,toxic
GYFCLICL,39,22,4,3,61,7,0.5934065934065934,toxic
SIGIVLFL,37,24,3,4,61,7,0.5934065934065934,toxic
VCCVFLFD,40,21,1,6,61,7,0.5934065934065934,toxic
FSYFCIIV,39,22,4,3,61,7,0.5934065934065934,toxic
IFFVCNIC,39,22,2,5,61,7,0.5934065934065934,toxic
FFIDCCCF,38,23,5,2,61,7,0.5934065934065934,toxic
FIGYILLH,51,42,10,10,93,20,0.5934959349593496,toxic
YNFCCVCG,69,56,13,20,125,33,0.5935483870967742,toxic
HCHFNDFF,70,55,16,17,125,33,0.5935483870967742,toxic
VLLCCCIR,40,26,6,3,66,9,0.59375,toxic
FFIVSLLD,42,24,4,5,66,9,0.59375,toxic
LYCFIFIH,42,24,3,6,66,9,0.59375,toxic
LYCLILGC,40,26,5,4,66,9,0.59375,toxic
FDCIFVFL,42,24,2,7,66,9,0.59375,toxic
LFHIVIFG,39,27,3,6,66,9,0.59375,toxic
CIFCFCIF,39,27,3,6,66,9,0.59375,toxic
LVVVCYVF,41,25,0,9,66,9,0.59375,toxic
IFCFVVDC,53,45,13,9,98,22,0.59375,toxic
FFIFSIFH,40,26,4,5,66,9,0.59375,toxic
FFIIVFSC,41,25,5,4,66,9,0.59375,toxic
YGVFICIV,40,31,4,7,71,11,0.594059405940594,toxic
CVCYCYCG,41,30,6,5,71,11,0.594059405940594,toxic
CYCFICVF,40,31,5,6,71,11,0.594059405940594,toxic
CCFFVNVF,44,27,8,3,71,11,0.594059405940594,toxic
NCFLHDFV,39,32,3,8,71,11,0.594059405940594,toxic
VLILCIIG,44,27,7,4,71,11,0.594059405940594,toxic
ICHGYLDC,79,61,16,23,140,39,0.5941176470588235,toxic
LFCGCYHY,59,49,12,14,108,26,0.5942028985507246,toxic
IFVLYFFY,47,29,6,7,76,13,0.5943396226415094,toxic
YCICYFVC,43,33,4,9,76,13,0.5943396226415094,toxic
FCGLRYDY,45,31,8,5,76,13,0.5943396226415094,toxic
RGLDCYDY,46,30,1,12,76,13,0.5943396226415094,toxic
FYVGLVRI,66,47,9,19,113,28,0.5944055944055944,toxic
YVLYGHSR,46,35,11,4,81,15,0.5945945945945946,toxic
FSSCFCYL,67,51,14,16,118,30,0.5945945945945946,toxic
FYFCRICF,25,19,0,0,44,0,0.5945945945945946,toxic
FGNFFFLF,27,17,0,0,44,0,0.5945945945945946,toxic
IFFLYVSG,68,50,12,18,118,30,0.5945945945945946,toxic
CLYFGIFI,26,18,0,0,44,0,0.5945945945945946,toxic
FVYRIICF,24,20,0,0,44,0,0.5945945945945946,toxic
CCFGCICV,44,37,7,8,81,15,0.5945945945945946,toxic
FVFLFFCC,23,21,0,0,44,0,0.5945945945945946,toxic
FVRYGGVF,69,54,13,19,123,32,0.5947712418300654,toxic
FFVFYDHI,49,37,5,12,86,17,0.5948275862068966,toxic
CCVCFVSC,47,39,9,8,86,17,0.5948275862068966,toxic
FFIFCVFC,31,18,2,0,49,2,0.5949367088607594,toxic
CIFYCYFF,33,16,1,1,49,2,0.5949367088607594,toxic
FLLIVCCG,32,17,1,1,49,2,0.5949367088607594,toxic
IVFFIRVV,33,16,2,0,49,2,0.5949367088607594,toxic
RFCVLLLI,34,15,2,0,49,2,0.5949367088607594,toxic
CFFFVLFS,33,16,0,2,49,2,0.5949367088607594,toxic
FVICCVCS,31,18,0,2,49,2,0.5949367088607594,toxic
FRIYVVVG,34,15,1,1,49,2,0.5949367088607594,toxic
HYIVCFLF,34,15,1,1,49,2,0.5949367088607594,toxic
VYVLCVCR,33,16,1,1,49,2,0.5949367088607594,toxic
FYFYFYCV,34,15,1,1,49,2,0.5949367088607594,toxic
CLFFGFYV,27,22,1,1,49,2,0.5949367088607594,toxic
FCVNIFRY,31,18,1,1,49,2,0.5949367088607594,toxic
RLVYYVIC,34,15,1,1,49,2,0.5949367088607594,toxic
FFVYCIVG,30,19,2,0,49,2,0.5949367088607594,toxic
FLHLNIVF,29,20,2,0,49,2,0.5949367088607594,toxic
YSSLYVSY,73,55,14,20,128,34,0.5949367088607594,toxic
LFRVYLVY,34,15,1,1,49,2,0.5949367088607594,toxic
LYFFCRYC,34,15,2,0,49,2,0.5949367088607594,toxic
RILCLCIG,25,24,1,1,49,2,0.5949367088607594,toxic
FHFHLFLL,33,16,2,0,49,2,0.5949367088607594,toxic
CFFCSCVG,54,37,7,12,91,19,0.5950413223140496,toxic
CFVCVGFI,54,37,12,7,91,19,0.5950413223140496,toxic
HCGYRFYV,55,36,11,8,91,19,0.5950413223140496,toxic
HRLFGFFC,35,19,4,0,54,4,0.5952380952380952,toxic
CYVCCIFY,30,24,4,0,54,4,0.5952380952380952,toxic
FICCRGYC,34,20,3,1,54,4,0.5952380952380952,toxic
CLCVFCFN,27,27,2,2,54,4,0.5952380952380952,toxic
FNFCGLLI,56,40,10,11,96,21,0.5952380952380952,toxic
YFVSLICV,33,21,2,2,54,4,0.5952380952380952,toxic
FILYVCVG,30,24,0,4,54,4,0.5952380952380952,toxic
VVLRIICY,34,20,4,0,54,4,0.5952380952380952,toxic
IFFGVFLC,33,21,3,1,54,4,0.5952380952380952,toxic
FFCICVVY,36,18,0,4,54,4,0.5952380952380952,toxic
ICCFSHYF,36,18,0,4,54,4,0.5952380952380952,toxic
FCCLVYFC,35,19,1,3,54,4,0.5952380952380952,toxic
CVFCFVID,56,40,14,7,96,21,0.5952380952380952,toxic
SIYVYLDI,31,23,4,0,54,4,0.5952380952380952,toxic
LFFLRFHH,33,21,0,4,54,4,0.5952380952380952,toxic
LSDIFDYL,30,24,1,3,54,4,0.5952380952380952,toxic
FSFYVCFV,33,21,2,2,54,4,0.5952380952380952,toxic
CNCCVVVC,57,39,9,12,96,21,0.5952380952380952,toxic
FHFFGVFL,21,33,0,4,54,4,0.5952380952380952,toxic
YYVFLFGL,30,24,1,3,54,4,0.5952380952380952,toxic
FGICYYYV,35,19,1,3,54,4,0.5952380952380952,toxic
IIGCNNDF,57,39,9,12,96,21,0.5952380952380952,toxic
YFVIFFFL,34,20,2,2,54,4,0.5952380952380952,toxic
DYSCGINY,55,41,10,11,96,21,0.5952380952380952,toxic
FGFYLVVN,59,42,10,13,101,23,0.5954198473282443,toxic
CYFFLRSV,56,45,10,13,101,23,0.5954198473282443,toxic
FNVVFYDL,58,43,7,16,101,23,0.5954198473282443,toxic
FCGCLYCF,36,23,3,3,59,6,0.5955056179775281,toxic
CSCCGYCV,36,23,5,1,59,6,0.5955056179775281,toxic
VFVCFRIS,37,22,3,3,59,6,0.5955056179775281,toxic
FYGCVYCF,39,20,4,2,59,6,0.5955056179775281,toxic
VYCFIVCF,32,27,3,3,59,6,0.5955056179775281,toxic
FFGVFIRC,35,24,1,5,59,6,0.5955056179775281,toxic
FCVLVGRF,34,25,2,4,59,6,0.5955056179775281,toxic
FYVVIFYF,35,24,3,3,59,6,0.5955056179775281,toxic
ICVFYYVC,39,20,2,4,59,6,0.5955056179775281,toxic
FSFICYVG,32,27,2,4,59,6,0.5955056179775281,toxic
VYVRVLLV,39,20,1,5,59,6,0.5955056179775281,toxic
IYLFFIVV,36,23,2,4,59,6,0.5955056179775281,toxic
SVLFCIVR,38,21,2,4,59,6,0.5955056179775281,toxic
CCIFVRCI,37,22,2,4,59,6,0.5955056179775281,toxic
YFIHIIDV,38,21,4,2,59,6,0.5955056179775281,toxic
ISLSIFSF,35,24,3,3,59,6,0.5955056179775281,toxic
IFDGDVNY,84,69,19,25,153,44,0.5956284153005464,toxic
RYYCICFR,30,34,5,3,64,8,0.5957446808510638,toxic
FFSVCLSI,39,25,4,4,64,8,0.5957446808510638,toxic
IFCCYRFL,41,23,1,7,64,8,0.5957446808510638,toxic
FCGDGYSY,65,46,15,12,111,27,0.5957446808510638,toxic
CICCDYDL,61,50,10,17,111,27,0.5957446808510638,toxic
VYIDFCYI,63,48,13,14,111,27,0.5957446808510638,toxic
CHCFCLGF,63,48,11,16,111,27,0.5957446808510638,toxic
FIFFFDCC,39,25,5,3,64,8,0.5957446808510638,toxic
IHVCFYIR,33,31,4,4,64,8,0.5957446808510638,toxic
VYCVFYCD,64,47,12,15,111,27,0.5957446808510638,toxic
YSFVIRVH,41,23,0,8,64,8,0.5957446808510638,toxic
HCDRFSFC,39,25,4,4,64,8,0.5957446808510638,toxic
YYIGICVH,41,28,7,3,69,10,0.5959595959595959,toxic
FYIVYLFD,36,33,7,3,69,10,0.5959595959595959,toxic
FFRVCCCC,44,25,5,5,69,10,0.5959595959595959,toxic
LFVIVCHL,37,32,6,4,69,10,0.5959595959595959,toxic
VCLIFDYC,44,25,3,7,69,10,0.5959595959595959,toxic
VCFHVRIR,41,28,5,5,69,10,0.5959595959595959,toxic
VYCCFYYC,43,26,4,6,69,10,0.5959595959595959,toxic
FFVIGIFC,39,30,2,8,69,10,0.5959595959595959,toxic
FFVCCDCV,43,26,6,4,69,10,0.5959595959595959,toxic
FLLLLCRD,42,27,4,6,69,10,0.5959595959595959,toxic
FFVFVISC,44,25,3,7,69,10,0.5959595959595959,toxic
FRCCYFVV,43,26,4,6,69,10,0.5959595959595959,toxic
FVVYVNRD,44,25,5,5,69,10,0.5959595959595959,toxic
RLFVYCLN,66,55,11,20,121,31,0.5960264900662252,toxic
RFFGYSYD,38,36,4,8,74,12,0.5961538461538461,toxic
SSFFCFFH,70,56,14,19,126,33,0.5961538461538461,toxic
VVVLVVCD,39,35,7,5,74,12,0.5961538461538461,toxic
LCCCNFVG,98,80,26,28,178,54,0.5961538461538461,toxic
DSHRYDCF,46,28,7,5,74,12,0.5961538461538461,toxic
LCGCFFFF,43,31,5,7,74,12,0.5961538461538461,toxic
CDFFYFCV,41,33,4,8,74,12,0.5961538461538461,toxic
FCCFLCCS,67,59,16,17,126,33,0.5961538461538461,toxic
VIYVCNLR,40,34,7,5,74,12,0.5961538461538461,toxic
GVFGGFYG,72,59,18,17,131,35,0.5962732919254659,toxic
FCGCIFNY,47,32,5,9,79,14,0.5963302752293578,toxic
ICVVCSFV,40,39,6,8,79,14,0.5963302752293578,toxic
FIGYVFFV,46,33,10,4,79,14,0.5963302752293578,toxic
DVVVGYHY,48,31,8,6,79,14,0.5963302752293578,toxic
FLLRFHNF,47,32,6,8,79,14,0.5963302752293578,toxic
CHICFCVI,47,32,8,6,79,14,0.5963302752293578,toxic
CFIFFFGY,50,34,6,10,84,16,0.5964912280701754,toxic
LFCVCGCF,48,36,9,7,84,16,0.5964912280701754,toxic
DFFDFCDH,79,62,19,20,141,39,0.5964912280701754,toxic
ICGFFFYH,50,34,7,9,84,16,0.5964912280701754,toxic
FYRFVRLV,49,35,3,13,84,16,0.5964912280701754,toxic
LFVYFFDL,53,36,5,13,89,18,0.5966386554621849,toxic
VLLFVCCV,53,36,8,10,89,18,0.5966386554621849,toxic
YSVVCFCD,84,67,16,27,151,43,0.5966850828729282,toxic
DYSDIVYS,52,42,6,14,94,20,0.5967741935483871,toxic
FIVCFDVR,51,43,9,11,94,20,0.5967741935483871,toxic
CYFCCCVC,53,41,10,10,94,20,0.5967741935483871,toxic
CCFCCNLS,54,45,8,14,99,22,0.5968992248062015,toxic
LCRCSCCS,56,43,11,11,99,22,0.5968992248062015,toxic
CYFGGFVR,125,108,35,41,233,76,0.596958174904943,toxic
CVCVCYDI,59,45,7,17,104,24,0.5970149253731343,toxic
ISCCRFFG,58,46,11,13,104,24,0.5970149253731343,toxic
LFDGVRLF,59,45,9,15,104,24,0.5970149253731343,toxic
FYCCVFRS,64,45,10,16,109,26,0.5971223021582733,toxic
NCCRCFSF,58,51,14,12,109,26,0.5971223021582733,toxic
CCVCHLCV,63,51,15,13,114,28,0.5972222222222222,toxic
VFHCGCCC,105,86,26,33,191,59,0.5972850678733032,toxic
FVFHCCVF,28,19,0,1,47,1,0.5974025974025974,toxic
YRINIYIR,29,18,0,1,47,1,0.5974025974025974,toxic
FYVVCSLF,30,17,1,0,47,1,0.5974025974025974,toxic
FIVFRFFG,30,17,0,1,47,1,0.5974025974025974,toxic
HCCCDCCL,70,54,18,14,124,32,0.5974025974025974,toxic
CCYFVLRR,29,18,0,1,47,1,0.5974025974025974,toxic
YFIIVCFF,26,21,1,0,47,1,0.5974025974025974,toxic
FCVLFGCF,28,19,1,0,47,1,0.5974025974025974,toxic
RFFCFLYV,33,14,1,0,47,1,0.5974025974025974,toxic
FCCVICDL,70,54,15,17,124,32,0.5974025974025974,toxic
VYLYFIRG,26,21,1,0,47,1,0.5974025974025974,toxic
IVCCICLC,29,18,0,1,47,1,0.5974025974025974,toxic
RFFVCFFS,26,21,0,1,47,1,0.5974025974025974,toxic
HFCLYFGF,26,21,0,1,47,1,0.5974025974025974,toxic
FCVYYYVY,30,17,0,1,47,1,0.5974025974025974,toxic
VYINDGCY,73,56,13,21,129,34,0.5974842767295597,toxic
CIYLVFFC,33,19,1,2,52,3,0.5975609756097561,toxic
YFFFCCIR,30,22,1,2,52,3,0.5975609756097561,toxic
FFIHRFYV,31,21,2,1,52,3,0.5975609756097561,toxic
FLLVVCYV,32,20,2,1,52,3,0.5975609756097561,toxic
FFVCLCIV,24,28,0,3,52,3,0.5975609756097561,toxic
FCICFLIF,30,22,2,1,52,3,0.5975609756097561,toxic
YLCCVVCV,33,19,0,3,52,3,0.5975609756097561,toxic
IRVYYLFC,33,19,3,0,52,3,0.5975609756097561,toxic
CIVYLCIH,29,23,2,1,52,3,0.5975609756097561,toxic
LVVCRYFY,32,20,2,1,52,3,0.5975609756097561,toxic
FCIVILFG,29,23,2,1,52,3,0.5975609756097561,toxic
FCYVSILV,26,26,2,1,52,3,0.5975609756097561,toxic
YFFCDYLL,77,62,20,18,139,38,0.5976331360946746,toxic
FVFVIVCC,36,21,1,4,57,5,0.5977011494252874,toxic
FICIYYVI,36,21,4,1,57,5,0.5977011494252874,toxic
CYCGYFYI,34,23,3,2,57,5,0.5977011494252874,toxic
FFVYGIYV,35,22,0,5,57,5,0.5977011494252874,toxic
YRILLYCS,35,22,2,3,57,5,0.5977011494252874,toxic
LIVFIYFY,32,25,3,2,57,5,0.5977011494252874,toxic
IVYCCFGL,35,22,1,4,57,5,0.5977011494252874,toxic
YYFGVFII,36,21,3,2,57,5,0.5977011494252874,toxic
ICCVFCLN,30,27,2,3,57,5,0.5977011494252874,toxic
HRLVYVVC,35,22,1,4,57,5,0.5977011494252874,toxic
FFCYHYFC,36,21,3,2,57,5,0.5977011494252874,toxic
FSYCVCCY,35,22,2,3,57,5,0.5977011494252874,toxic
FFGICILR,35,22,2,3,57,5,0.5977011494252874,toxic
CFVVYLFC,37,20,4,1,57,5,0.5977011494252874,toxic
FFIDLYVC,29,28,5,0,57,5,0.5977011494252874,toxic
SFIVLVIC,32,25,0,5,57,5,0.5977011494252874,toxic
VICGFILY,32,30,2,5,62,7,0.5978260869565217,toxic
CCCVLVIC,40,22,3,4,62,7,0.5978260869565217,toxic
IYFGCFVR,32,30,2,5,62,7,0.5978260869565217,toxic
YCVRVRYI,37,30,3,6,67,9,0.5979381443298969,toxic
FIYCFCGC,43,24,1,8,67,9,0.5979381443298969,toxic
NFYFLIGR,42,25,3,6,67,9,0.5979381443298969,toxic
FLLVYVHF,41,26,6,3,67,9,0.5979381443298969,toxic
NCVVLVVF,41,26,5,4,67,9,0.5979381443298969,toxic
CCVLYVGF,42,25,3,6,67,9,0.5979381443298969,toxic
LCYFCCCY,41,26,4,5,67,9,0.5979381443298969,toxic
CFCCDYFC,39,28,5,4,67,9,0.5979381443298969,toxic
VVLIFYGC,43,24,5,4,67,9,0.5979381443298969,toxic
FFIICLVR,40,27,5,4,67,9,0.5979381443298969,toxic
YDSFCYNG,41,26,2,7,67,9,0.5979381443298969,toxic
FICCGFFC,40,32,4,7,72,11,0.5980392156862745,toxic
NFIFVHCC,42,30,9,2,72,11,0.5980392156862745,toxic
VCIVILGV,43,29,4,7,72,11,0.5980392156862745,toxic
FINVCSFR,37,35,5,6,72,11,0.5980392156862745,toxic
YVLCVNFD,41,31,4,7,72,11,0.5980392156862745,toxic
ICCDCFRY,45,27,4,7,72,11,0.5980392156862745,toxic
NCYFFFHF,39,33,6,5,72,11,0.5980392156862745,toxic
FNYIFFCC,43,29,6,5,72,11,0.5980392156862745,toxic
CFFVFSIN,43,29,7,4,72,11,0.5980392156862745,toxic
YLYVVFGF,38,34,5,6,72,11,0.5980392156862745,toxic
LHIHFYVV,45,27,8,3,72,11,0.5980392156862745,toxic
YCDGCYFS,96,83,23,31,179,54,0.5980861244019139,toxic
GCCCLYRL,41,36,5,8,77,13,0.5981308411214953,toxic
CFCCFVCN,46,31,6,7,77,13,0.5981308411214953,toxic
CIICVVIL,47,30,4,9,77,13,0.5981308411214953,toxic
FCCYFDCF,45,32,9,4,77,13,0.5981308411214953,toxic
HCNCCILR,47,30,5,8,77,13,0.5981308411214953,toxic
DILCCCCF,46,31,4,9,77,13,0.5981308411214953,toxic
VYCVSRVY,44,33,9,4,77,13,0.5981308411214953,toxic
FDLFIIDL,39,38,10,3,77,13,0.5981308411214953,toxic
VYVIVCYF,47,30,5,8,77,13,0.5981308411214953,toxic
ICSVFFCC,50,32,8,7,82,15,0.5982142857142857,toxic
SFSLIRLF,50,32,6,9,82,15,0.5982142857142857,toxic
IICFYCSN,46,36,8,7,82,15,0.5982142857142857,toxic
FFDCCIFG,43,39,8,7,82,15,0.5982142857142857,toxic
VYCCCGGL,50,37,11,6,87,17,0.5982905982905983,toxic
YFSFGSDC,53,34,8,9,87,17,0.5982905982905983,toxic
YVCYFCGC,51,36,12,5,87,17,0.5982905982905983,toxic
FIGHVILI,50,37,7,10,87,17,0.5982905982905983,toxic
FHFIIYGN,52,40,9,10,92,19,0.5983606557377049,toxic
VCRCDLCL,46,46,7,12,92,19,0.5983606557377049,toxic
VCYIRRFY,54,38,13,6,92,19,0.5983606557377049,toxic
FRFFCCSC,55,42,6,15,97,21,0.5984251968503937,toxic
FVLYNNHV,55,42,10,11,97,21,0.5984251968503937,toxic
HYVCLVRY,53,44,14,7,97,21,0.5984251968503937,toxic
YDVHSYGI,59,43,16,7,102,23,0.5984848484848485,toxic
GCGRCVHS,59,43,9,14,102,23,0.5984848484848485,toxic
FHLFCDFI,59,43,11,12,102,23,0.5984848484848485,toxic
YYVISYCD,61,46,14,11,107,25,0.5985401459854015,toxic
CFVICLNH,60,47,10,15,107,25,0.5985401459854015,toxic
FYYRGVNC,63,44,13,12,107,25,0.5985401459854015,toxic
FYGFRDYD,63,49,10,17,112,27,0.5985915492957746,toxic
VYCCFDIF,67,55,15,16,122,31,0.5986842105263158,toxic
CCFSCCGS,72,55,17,16,127,33,0.5987261146496815,toxic
YFFFCFCH,35,30,1,7,65,8,0.6,toxic
VIYYFCFG,34,21,2,2,55,4,0.6,toxic
FLFYFYSF,25,20,0,0,45,0,0.6,toxic
YLCFFLSF,34,21,2,2,55,4,0.6,toxic
FIFCYLVF,36,19,3,1,55,4,0.6,toxic
FFFCFIFY,27,23,0,2,50,2,0.6,toxic
VCNCNFCL,51,34,7,9,85,16,0.6,toxic
FVIVVFIR,39,21,4,2,60,6,0.6,toxic
YIVHLFCC,31,19,1,1,50,2,0.6,toxic
LGLCICFN,41,34,6,6,75,12,0.6,toxic
FFFLYYGC,40,30,5,5,70,10,0.6,toxic
CFCLFLFG,27,23,1,1,50,2,0.6,toxic
YCVFCLNC,42,23,4,4,65,8,0.6,toxic
FFFIRCGF,28,17,0,0,45,0,0.6,toxic
FVRILVFV,34,16,1,1,50,2,0.6,toxic
IFRFLFVL,31,14,0,0,45,0,0.6,toxic
IFFIVSFN,32,23,2,2,55,4,0.6,toxic
CCGCLCGC,52,33,6,10,85,16,0.6,toxic
FFFVGHIY,34,26,1,5,60,6,0.6,toxic
GIRYIILR,34,16,1,1,50,2,0.6,toxic
LSIFLCVS,35,25,4,2,60,6,0.6,toxic
FIYFISRI,36,19,4,0,55,4,0.6,toxic
CCGFCRCF,43,32,3,9,75,12,0.6,toxic
HHYLCLLY,28,22,1,1,50,2,0.6,toxic
FYSCIVFC,46,29,7,5,75,12,0.6,toxic
FRCFFDFC,35,20,2,2,55,4,0.6,toxic
VYCIHYYC,39,21,4,2,60,6,0.6,toxic
YLFCHSLR,36,19,3,1,55,4,0.6,toxic
FIFLLFIY,32,18,0,2,50,2,0.6,toxic
CLIFCVCS,37,18,1,3,55,4,0.6,toxic
SFCFVCHV,105,90,36,24,195,60,0.6,toxic
LLFFFFFD,34,16,1,1,50,2,0.6,toxic
FYGDFDHC,68,52,16,14,120,30,0.6,toxic
FVFCCFCF,36,19,2,2,55,4,0.6,toxic
IFISICCL,37,33,4,6,70,10,0.6,toxic
GIVCVLSV,67,53,11,19,120,30,0.6,toxic
CIFFYYCL,33,17,2,0,50,2,0.6,toxic
FCYICYVY,36,29,4,4,65,8,0.6,toxic
YCFFILGC,32,33,3,5,65,8,0.6,toxic
CCFCSYGI,37,28,5,3,65,8,0.6,toxic
FNFVFVCF,30,20,0,2,50,2,0.6,toxic
FLCFCFFH,41,39,6,8,80,14,0.6,toxic
CYVYVCCV,33,27,3,3,60,6,0.6,toxic
VCFCVVRV,34,21,2,2,55,4,0.6,toxic
INIFGFLI,26,19,0,0,45,0,0.6,toxic
VFGYCDGV,48,32,7,7,80,14,0.6,toxic
CVCFLVIL,33,22,2,2,55,4,0.6,toxic
CYRCSICC,37,38,6,6,75,12,0.6,toxic
IHFCLSLF,29,21,1,1,50,2,0.6,toxic
IFVYHLYC,35,20,1,3,55,4,0.6,toxic
FFFCYCCF,36,19,3,1,55,4,0.6,toxic
CVFYYLYC,21,24,0,0,45,0,0.6,toxic
LFLYLRFI,36,19,3,1,55,4,0.6,toxic
VIVVFYYH,23,32,2,2,55,4,0.6,toxic
IGLYCFFF,31,19,0,2,50,2,0.6,toxic
IGLICIVY,42,23,3,5,65,8,0.6,toxic
CGIVHLLY,66,54,18,12,120,30,0.6,toxic
YLHVCLCF,36,19,2,2,55,4,0.6,toxic
FFGYFHII,32,23,2,2,55,4,0.6,toxic
FFFRYFFV,24,21,0,0,45,0,0.6,toxic
CLCDGCCL,60,45,11,13,105,24,0.6,toxic
CIVLILLV,46,29,7,5,75,12,0.6,toxic
CVFCLSLV,41,29,3,7,70,10,0.6,toxic
FLSLGHDF,46,44,11,7,90,18,0.6,toxic
FFCVFIRH,36,19,1,3,55,4,0.6,toxic
FVHFFFRL,32,13,0,0,45,0,0.6,toxic
RDCNGCLF,76,59,16,20,135,36,0.6,toxic
CCVVVCCG,39,36,4,8,75,12,0.6,toxic
FCFRIFVY,32,18,0,2,50,2,0.6,toxic
NFDHCFGL,71,54,18,14,125,32,0.6,toxic
VYFYCVDL,55,50,12,12,105,24,0.6,toxic
HYVCCICV,35,25,1,5,60,6,0.6,toxic
VYVFIVFV,34,31,3,5,65,8,0.6,toxic
FVICFIGN,53,37,8,10,90,18,0.6,toxic
GFLFYVVV,26,19,0,0,45,0,0.6,toxic
VFLFFYDV,55,40,10,10,95,20,0.6,toxic
FVYLCLCI,37,23,2,4,60,6,0.6,toxic
IFVCYFVG,42,28,4,6,70,10,0.6,toxic
VGYVVIGY,37,28,5,3,65,8,0.6,toxic
CIFHGLCL,64,46,11,15,110,26,0.6,toxic
CVLCVIYR,35,25,3,3,60,6,0.6,toxic
FSLLLVIC,43,27,5,5,70,10,0.6,toxic
GYVVFRFR,55,40,8,12,95,20,0.6,toxic
LDDYGFDI,45,30,8,4,75,12,0.6,toxic
NHYCCFCC,59,41,15,7,100,22,0.6,toxic
CNFFGYGR,56,39,11,9,95,20,0.6,toxic
FFIDCVYV,65,50,16,12,115,28,0.6,toxic
VVCCVICF,35,20,2,2,55,4,0.6,toxic
GFLFCCFC,36,29,7,1,65,8,0.6,toxic
YIVYGICI,42,43,8,8,85,16,0.6,toxic
FFYFVCFI,35,20,0,4,55,4,0.6,toxic
VVVLVCCL,45,50,9,11,95,20,0.6,toxic
FVVNLVRL,59,41,10,12,100,22,0.6,toxic
VVSFVFLR,34,26,4,2,60,6,0.6,toxic
FCVIIIHG,36,24,4,2,60,6,0.6,toxic
YYGIIFYF,37,18,2,2,55,4,0.6,toxic
FCLRCCYC,54,41,12,8,95,20,0.6,toxic
VLILHCCY,34,26,2,4,60,6,0.6,toxic
FCRSHFLY,52,33,6,10,85,16,0.6,toxic
SHCIGFHY,107,96,34,29,203,63,0.6008583690987125,toxic
VFGVSFDV,77,76,20,23,153,43,0.6010928961748634,toxic
LIDDFFYF,69,54,12,19,123,31,0.6013071895424836,toxic
ICCCYFRN,69,54,17,14,123,31,0.6013071895424836,toxic
CCVGSCYF,67,51,18,11,118,29,0.6013513513513513,toxic
YCCRCFLL,66,47,14,13,113,27,0.6013986013986014,toxic
CCDLFSHG,58,50,11,14,108,25,0.6014492753623188,toxic
YFVVLRRD,60,43,8,15,103,23,0.6015037593984962,toxic
GDFYCYVD,54,49,12,11,103,23,0.6015037593984962,toxic
FHCCCYNV,61,42,14,9,103,23,0.6015037593984962,toxic
FGCCCNSV,54,44,9,12,98,21,0.6015625,toxic
CCYVLCCV,56,42,9,12,98,21,0.6015625,toxic
VDGICIFF,55,38,7,12,93,19,0.6016260162601627,toxic
YCCCIRHF,52,41,5,14,93,19,0.6016260162601627,toxic
FRLCLHCL,51,37,10,7,88,17,0.6016949152542372,toxic
VCVFLFGS,53,35,7,10,88,17,0.6016949152542372,toxic
CCCNIYLL,46,42,11,6,88,17,0.6016949152542372,toxic
CFDDVLSN,52,36,7,10,88,17,0.6016949152542372,toxic
ICNCCYVC,49,34,5,10,83,15,0.6017699115044248,toxic
YGIYFNLY,47,36,7,8,83,15,0.6017699115044248,toxic
VIICLLGS,49,34,8,7,83,15,0.6017699115044248,toxic
FYGDCDGL,106,90,33,27,196,60,0.6017699115044248,toxic
GLCDRYDI,51,32,10,5,83,15,0.6017699115044248,toxic
DFHVSFDC,50,33,7,8,83,15,0.6017699115044248,toxic
FFYIHFSG,48,30,7,6,78,13,0.6018518518518519,toxic
FYVFFIGF,43,35,9,4,78,13,0.6018518518518519,toxic
CYFFLIFH,48,30,6,7,78,13,0.6018518518518519,toxic
HGCVICLR,45,33,6,7,78,13,0.6018518518518519,toxic
FVSVHCRY,48,30,8,5,78,13,0.6018518518518519,toxic
ICVFYDIF,48,30,8,5,78,13,0.6018518518518519,toxic
CCGCVIIC,44,29,5,6,73,11,0.6019417475728155,toxic
LYIIIGHC,45,28,5,6,73,11,0.6019417475728155,toxic
FFILCCGN,43,30,6,5,73,11,0.6019417475728155,toxic
CLVYVYSC,39,34,4,7,73,11,0.6019417475728155,toxic
FCICCNYV,39,34,4,7,73,11,0.6019417475728155,toxic
LCFCFGYF,43,30,7,4,73,11,0.6019417475728155,toxic
YSYIGYHD,42,26,3,6,68,9,0.6020408163265306,toxic
YLCVVFYH,42,26,3,6,68,9,0.6020408163265306,toxic
CYVFFSCC,37,26,4,3,63,7,0.6021505376344086,toxic
FFGLYIDC,41,22,2,5,63,7,0.6021505376344086,toxic
FFRFLRCF,39,24,2,5,63,7,0.6021505376344086,toxic
GYIVFILY,37,26,3,4,63,7,0.6021505376344086,toxic
ILVCVIIF,38,25,5,2,63,7,0.6021505376344086,toxic
LICCCLGI,41,22,3,4,63,7,0.6021505376344086,toxic
FHCIVICH,38,25,4,3,63,7,0.6021505376344086,toxic
CRIHILFS,40,23,2,5,63,7,0.6021505376344086,toxic
FRFCFCVY,39,24,2,5,63,7,0.6021505376344086,toxic
IFIIFDSI,41,22,6,1,63,7,0.6021505376344086,toxic
NCFYYNVY,87,69,20,24,156,44,0.6021505376344086,toxic
IYVYFFDV,39,24,2,5,63,7,0.6021505376344086,toxic
FYFLFFRD,39,24,3,4,63,7,0.6021505376344086,toxic
GFCYCLSL,41,22,3,4,63,7,0.6021505376344086,toxic
FFGFCIDF,41,22,5,2,63,7,0.6021505376344086,toxic
FVVSYVFC,38,25,1,6,63,7,0.6021505376344086,toxic
VCYLFHIC,35,23,2,3,58,5,0.6022727272727273,toxic
FFFCCISI,29,29,3,2,58,5,0.6022727272727273,toxic
CYCIVCLF,28,30,2,3,58,5,0.6022727272727273,toxic
LLNFLVFF,35,23,3,2,58,5,0.6022727272727273,toxic
RFICVVSY,35,23,2,3,58,5,0.6022727272727273,toxic
YYFVIYRV,26,32,2,3,58,5,0.6022727272727273,toxic
FILFYSYH,30,28,3,2,58,5,0.6022727272727273,toxic
VCILFVFV,36,22,1,4,58,5,0.6022727272727273,toxic
CYIFVCLC,35,23,4,1,58,5,0.6022727272727273,toxic
YFGIGNHV,78,68,16,24,146,40,0.6022727272727273,toxic
FCFFIYCG,34,24,2,3,58,5,0.6022727272727273,toxic
FIVFCIDG,27,31,3,2,58,5,0.6022727272727273,toxic
GYCHVYVF,35,23,3,2,58,5,0.6022727272727273,toxic
RIFIGIGF,33,25,5,0,58,5,0.6022727272727273,toxic
FNFVFFFR,36,22,4,1,58,5,0.6022727272727273,toxic
FIVLVCNV,35,23,2,3,58,5,0.6022727272727273,toxic
CFVYHFFC,29,29,2,3,58,5,0.6022727272727273,toxic
CVVDIFVF,36,22,1,4,58,5,0.6022727272727273,toxic
IFFIFCIC,36,22,3,2,58,5,0.6022727272727273,toxic
FCICCLGF,35,23,2,3,58,5,0.6022727272727273,toxic
IHICIFGI,34,19,1,2,53,3,0.6024096385542169,toxic
LVCVVIFG,34,19,1,2,53,3,0.6024096385542169,toxic
IVLCILRN,29,24,0,3,53,3,0.6024096385542169,toxic
FFCYCFVY,34,19,1,2,53,3,0.6024096385542169,toxic
SIVYFCIF,35,18,1,2,53,3,0.6024096385542169,toxic
VYYHIFIG,36,17,1,2,53,3,0.6024096385542169,toxic
LLSRFFVC,28,25,1,2,53,3,0.6024096385542169,toxic
VVLVFHIR,33,20,1,2,53,3,0.6024096385542169,toxic
RCVFSFRF,36,17,2,1,53,3,0.6024096385542169,toxic
YFCRILFS,30,23,2,1,53,3,0.6024096385542169,toxic
YFFRVYVY,36,17,2,1,53,3,0.6024096385542169,toxic
VYICFFFI,31,22,1,2,53,3,0.6024096385542169,toxic
YFCVFNYF,31,22,2,1,53,3,0.6024096385542169,toxic
CVRIVFIL,31,22,0,3,53,3,0.6024096385542169,toxic
YDFVCLYF,30,23,2,1,53,3,0.6024096385542169,toxic
VCCGCGCF,35,18,2,1,53,3,0.6024096385542169,toxic
LFFLCILF,36,17,3,0,53,3,0.6024096385542169,toxic
NFFRFFRF,32,21,0,3,53,3,0.6024096385542169,toxic
FYFCCFCR,34,19,1,2,53,3,0.6024096385542169,toxic
CFVFYIHS,36,17,1,2,53,3,0.6024096385542169,toxic
RYFFCCFC,34,19,2,1,53,3,0.6024096385542169,toxic
VVFCYFCY,35,18,1,2,53,3,0.6024096385542169,toxic
CRCICCYY,75,56,16,18,131,34,0.6024844720496895,toxic
YVFRCYFI,26,22,0,1,48,1,0.6025641025641025,toxic
FYFCCHIG,30,18,1,0,48,1,0.6025641025641025,toxic
VLISLLLC,29,19,1,0,48,1,0.6025641025641025,toxic
GFHLLCLF,31,17,1,0,48,1,0.6025641025641025,toxic
HSIFYVSD,65,51,11,17,116,28,0.6027397260273972,toxic
FYIRYNNG,104,85,30,27,189,57,0.6027397260273972,toxic
RLDGLYYG,63,48,13,13,111,26,0.6028368794326241,toxic
FVICYVYS,59,42,11,11,101,22,0.6030534351145038,toxic
CCFCFIVG,57,44,12,10,101,22,0.6030534351145038,toxic
YCCCGCIF,51,50,12,10,101,22,0.6030534351145038,toxic
ICGFLRLC,54,47,11,11,101,22,0.6030534351145038,toxic
FCDDGFLG,54,42,9,11,96,20,0.6031746031746031,toxic
NCCVICCI,54,42,6,14,96,20,0.6031746031746031,toxic
FGCCCCLV,52,39,7,11,91,18,0.6033057851239669,toxic
FVFCFIGV,52,39,10,8,91,18,0.6033057851239669,toxic
YYHIIVFG,51,35,8,8,86,16,0.603448275862069,toxic
RCFIVGFC,49,37,5,11,86,16,0.603448275862069,toxic
FCILIGSI,49,32,8,6,81,14,0.6036036036036037,toxic
CCFCIRLS,48,33,7,7,81,14,0.6036036036036037,toxic
VFFCINCC,46,35,2,12,81,14,0.6036036036036037,toxic
RYCYICLV,46,35,8,6,81,14,0.6036036036036037,toxic
YCCYLGLV,43,38,3,11,81,14,0.6036036036036037,toxic
LRDLVCHY,71,58,11,22,129,33,0.6037735849056604,toxic
LCICCVGL,46,30,5,7,76,12,0.6037735849056604,toxic
FGVYGHLV,43,33,5,7,76,12,0.6037735849056604,toxic
IYHVVFSY,43,33,9,3,76,12,0.6037735849056604,toxic
VDIFLGFL,37,39,4,8,76,12,0.6037735849056604,toxic
YFFCFFCH,44,32,6,6,76,12,0.6037735849056604,toxic
CYGHGGCY,41,30,5,5,71,10,0.6039603960396039,toxic
FVFVYYCL,40,31,4,6,71,10,0.6039603960396039,toxic
CSVVLIVR,44,27,4,6,71,10,0.6039603960396039,toxic
VLLFIFGR,39,32,2,8,71,10,0.6039603960396039,toxic
FYCFCCFV,42,29,4,6,71,10,0.6039603960396039,toxic
CRYFVCFC,44,27,6,4,71,10,0.6039603960396039,toxic
HYYCIFVV,44,27,6,4,71,10,0.6039603960396039,toxic
LFFFFCVN,42,24,3,5,66,8,0.6041666666666666,toxic
VLICCRVY,41,25,3,5,66,8,0.6041666666666666,toxic
ICYFGVFV,88,74,23,23,162,46,0.6041666666666666,toxic
FIYCCFVR,39,27,5,3,66,8,0.6041666666666666,toxic
CYIVLIGD,37,29,4,4,66,8,0.6041666666666666,toxic
YCCVCLCL,41,25,3,5,66,8,0.6041666666666666,toxic
YLVLLCRS,40,26,8,0,66,8,0.6041666666666666,toxic
FCFCYCYL,38,28,5,3,66,8,0.6041666666666666,toxic
FCNFVCCF,37,29,3,5,66,8,0.6041666666666666,toxic
LSCFCCFF,41,25,3,5,66,8,0.6041666666666666,toxic
LLCDFLVF,64,45,13,12,109,25,0.60431654676259,toxic
HVYCFGCR,57,52,13,12,109,25,0.60431654676259,toxic
NCIICFCG,63,46,16,9,109,25,0.60431654676259,toxic
FCVCHFVY,36,25,2,4,61,6,0.6043956043956044,toxic
GISLSFYF,40,21,4,2,61,6,0.6043956043956044,toxic
ISCVCFVV,38,23,4,2,61,6,0.6043956043956044,toxic
GGYVVVYV,40,21,4,2,61,6,0.6043956043956044,toxic
FCFCVVVV,40,21,3,3,61,6,0.6043956043956044,toxic
CFSVCYIL,38,23,3,3,61,6,0.6043956043956044,toxic
CCRGCCYR,33,28,1,5,61,6,0.6043956043956044,toxic
LIFCFLFC,38,23,3,3,61,6,0.6043956043956044,toxic
YYYGFILV,35,26,5,1,61,6,0.6043956043956044,toxic
FVICGFCI,38,23,3,3,61,6,0.6043956043956044,toxic
FCRIGFFY,33,28,3,3,61,6,0.6043956043956044,toxic
DVIFCIFH,38,23,4,2,61,6,0.6043956043956044,toxic
FCFIFSYR,60,44,10,13,104,23,0.6044776119402985,toxic
IFFFHCGV,57,47,13,10,104,23,0.6044776119402985,toxic
LSYVCHCL,82,65,21,19,147,40,0.6045197740112994,toxic
IFFSFVCH,33,23,2,2,56,4,0.6046511627906976,toxic
YFSCCICF,35,21,2,2,56,4,0.6046511627906976,toxic
IYHFCYCI,32,24,0,4,56,4,0.6046511627906976,toxic
CVFFVFVI,28,28,3,1,56,4,0.6046511627906976,toxic
IFVFCFCS,35,21,1,3,56,4,0.6046511627906976,toxic
FFCCCHLF,59,40,14,7,99,21,0.6046511627906976,toxic
CFRINSYY,35,21,2,2,56,4,0.6046511627906976,toxic
IFFCVYVC,32,24,1,3,56,4,0.6046511627906976,toxic
IVRSFCHY,59,40,10,11,99,21,0.6046511627906976,toxic
DCCVFIFC,31,25,2,2,56,4,0.6046511627906976,toxic
CSLCVFRL,36,20,3,1,56,4,0.6046511627906976,toxic
CFRFIIIV,33,23,3,1,56,4,0.6046511627906976,toxic
YYCCYHFI,35,21,2,2,56,4,0.6046511627906976,toxic
FYVDCFFL,37,19,2,2,56,4,0.6046511627906976,toxic
VGLCIFRY,29,27,1,3,56,4,0.6046511627906976,toxic
FSYLIVFI,35,21,1,3,56,4,0.6046511627906976,toxic
CSFVIHIF,35,21,3,1,56,4,0.6046511627906976,toxic
IYCVYGVR,55,39,9,10,94,19,0.6048387096774194,toxic
LGFFCCYC,35,16,2,0,51,2,0.6049382716049383,toxic
FIFIDICF,26,25,2,0,51,2,0.6049382716049383,toxic
IILCFRGI,35,16,1,1,51,2,0.6049382716049383,toxic
VFLLFCRI,34,17,0,2,51,2,0.6049382716049383,toxic
HGVVIYLV,28,23,2,0,51,2,0.6049382716049383,toxic
DIFLCVVL,29,22,1,1,51,2,0.6049382716049383,toxic
FYLSIIVC,32,19,1,1,51,2,0.6049382716049383,toxic
LYDFYLYY,28,23,1,1,51,2,0.6049382716049383,toxic
CFICGFVF,35,16,1,1,51,2,0.6049382716049383,toxic
LLFVYLSC,28,23,1,1,51,2,0.6049382716049383,toxic
FFLVHRFV,30,21,1,1,51,2,0.6049382716049383,toxic
VRISFRFC,30,21,0,2,51,2,0.6049382716049383,toxic
FCVRLRIV,32,19,1,1,51,2,0.6049382716049383,toxic
FVFYICCC,29,22,2,0,51,2,0.6049382716049383,toxic
VFFFLCYF,35,16,2,0,51,2,0.6049382716049383,toxic
LYIFCVSR,34,17,1,1,51,2,0.6049382716049383,toxic
CLFVGVCY,33,18,1,1,51,2,0.6049382716049383,toxic
VVFYISIL,33,18,0,2,51,2,0.6049382716049383,toxic
VFFLYCYV,30,21,0,2,51,2,0.6049382716049383,toxic
YFFVCSFC,31,20,1,1,51,2,0.6049382716049383,toxic
FYIRRVLF,35,16,2,0,51,2,0.6049382716049383,toxic
VCCFRCYV,30,21,0,2,51,2,0.6049382716049383,toxic
IFRFYCIY,31,20,0,2,51,2,0.6049382716049383,toxic
FFYFFIIC,32,19,0,2,51,2,0.6049382716049383,toxic
VFVYCRIV,29,22,1,1,51,2,0.6049382716049383,toxic
FICVLFYL,34,17,0,2,51,2,0.6049382716049383,toxic
CYIIYFCC,53,36,9,8,89,17,0.6050420168067226,toxic
CYIYSCYI,54,35,6,11,89,17,0.6050420168067226,toxic
CVLVHFCH,52,37,5,12,89,17,0.6050420168067226,toxic
CCFLCVIH,53,36,11,6,89,17,0.6050420168067226,toxic
LILCVDIR,50,39,10,7,89,17,0.6050420168067226,toxic
VNNFDVCY,73,54,19,13,127,32,0.6050955414012739,toxic
FVYFFCRY,32,14,0,0,46,0,0.6052631578947368,toxic
ICCFCNFV,46,38,6,9,84,15,0.6052631578947368,toxic
FCFFVRVY,26,20,0,0,46,0,0.6052631578947368,toxic
CCFVGIFI,51,33,4,11,84,15,0.6052631578947368,toxic
CIFIIYFF,30,16,0,0,46,0,0.6052631578947368,toxic
FCLGCCCV,50,34,5,10,84,15,0.6052631578947368,toxic
FSLHILYH,29,17,0,0,46,0,0.6052631578947368,toxic
FCICFFYG,32,14,0,0,46,0,0.6052631578947368,toxic
FYCLCFRR,25,21,0,0,46,0,0.6052631578947368,toxic
FDFCNCCL,51,33,8,7,84,15,0.6052631578947368,toxic
NSCVFLFC,49,35,4,11,84,15,0.6052631578947368,toxic
CFIVICGC,45,39,8,7,84,15,0.6052631578947368,toxic
FFLCFFCC,28,18,0,0,46,0,0.6052631578947368,toxic
FYISFLLR,30,16,0,0,46,0,0.6052631578947368,toxic
ICLIRFVD,87,68,14,29,155,43,0.6054054054054054,toxic
GGFVIIVL,67,50,9,19,117,28,0.6054421768707483,toxic
FCCCDRCS,68,49,15,13,117,28,0.6054421768707483,toxic
YCVLFCCV,48,31,8,5,79,13,0.6055045871559633,toxic
HNIFFRYF,47,32,7,6,79,13,0.6055045871559633,toxic
VLLFFCGG,44,35,7,6,79,13,0.6055045871559633,toxic
NFRFIILG,47,32,7,6,79,13,0.6055045871559633,toxic
SIVCICVH,48,31,5,8,79,13,0.6055045871559633,toxic
CYCFFYFR,45,34,9,4,79,13,0.6055045871559633,toxic
FVFDLVYC,64,48,6,20,112,26,0.6056338028169014,toxic
LCVFCVFG,43,31,4,7,74,11,0.6057692307692307,toxic
GLCLCCNF,42,32,4,7,74,11,0.6057692307692307,toxic
CCCFIFCV,44,30,7,4,74,11,0.6057692307692307,toxic
IVIHVIYH,43,31,6,5,74,11,0.6057692307692307,toxic
LFVCLCNC,43,31,6,5,74,11,0.6057692307692307,toxic
HLHIRIRC,41,33,4,7,74,11,0.6057692307692307,toxic
SVFFGFFG,44,30,5,6,74,11,0.6057692307692307,toxic
ISVFCYNV,57,50,15,9,107,24,0.6058394160583942,toxic
VRYGCCCF,62,45,15,9,107,24,0.6058394160583942,toxic
GFGHYGSY,79,61,17,20,140,37,0.6058823529411764,toxic
FYSLDCVF,109,92,28,33,201,61,0.6060606060606061,toxic
CYCCVCVR,39,30,5,4,69,9,0.6060606060606061,toxic
FCICRIHV,41,28,3,6,69,9,0.6060606060606061,toxic
DLCCLVYV,60,42,11,11,102,22,0.6060606060606061,toxic
IIIYCLYY,44,25,3,6,69,9,0.6060606060606061,toxic
CGYCLLIS,73,57,20,13,130,33,0.60625,toxic
LFCCVYCC,56,41,5,15,97,20,0.6062992125984252,toxic
YFCSIFGI,51,46,11,9,97,20,0.6062992125984252,toxic
FHCLCFYY,56,41,8,12,97,20,0.6062992125984252,toxic
VFYFRIVG,41,23,2,5,64,7,0.6063829787234043,toxic
FHCVSFIF,35,29,1,6,64,7,0.6063829787234043,toxic
FYCRFCSF,36,28,4,3,64,7,0.6063829787234043,toxic
DFFCCYVC,41,23,2,5,64,7,0.6063829787234043,toxic
ICFLCYRV,35,29,2,5,64,7,0.6063829787234043,toxic
FFRFVIIG,37,27,5,2,64,7,0.6063829787234043,toxic
FSYFVICI,41,23,4,3,64,7,0.6063829787234043,toxic
SFSCVFFV,36,28,3,4,64,7,0.6063829787234043,toxic
CYVFFVHF,41,23,3,4,64,7,0.6063829787234043,toxic
FFLVVIGY,40,24,3,4,64,7,0.6063829787234043,toxic
FFDCDGGC,69,56,13,18,125,31,0.6064516129032258,toxic
HYYSDIYH,71,54,14,17,125,31,0.6064516129032258,toxic
LDCFVICC,55,37,10,8,92,18,0.6065573770491803,toxic
CFCCRYDG,55,37,6,12,92,18,0.6065573770491803,toxic
VCCFCIFG,53,39,7,11,92,18,0.6065573770491803,toxic
YYRDYFRH,55,37,10,8,92,18,0.6065573770491803,toxic
CFVDSDRF,52,40,7,11,92,18,0.6065573770491803,toxic
CFCLCCGC,53,39,7,11,92,18,0.6065573770491803,toxic
CCLFFVFV,36,23,3,2,59,5,0.6067415730337079,toxic
CIVYCLGC,38,21,2,3,59,5,0.6067415730337079,toxic
VFLFYGVI,38,21,3,2,59,5,0.6067415730337079,toxic
FFYFVIIY,28,31,3,2,59,5,0.6067415730337079,toxic
ICVIFLIR,35,24,4,1,59,5,0.6067415730337079,toxic
CYLFFSFL,34,25,1,4,59,5,0.6067415730337079,toxic
LCGCYFCV,39,20,2,3,59,5,0.6067415730337079,toxic
DFIIYLLV,30,29,2,3,59,5,0.6067415730337079,toxic
VCVFYLFS,36,23,3,2,59,5,0.6067415730337079,toxic
VICICCYV,38,21,3,2,59,5,0.6067415730337079,toxic
ICLGCRLV,33,26,1,4,59,5,0.6067415730337079,toxic
RYLLVCNI,36,23,3,2,59,5,0.6067415730337079,toxic
GFFFVYFR,39,20,5,0,59,5,0.6067415730337079,toxic
FFNFCCCC,31,28,1,4,59,5,0.6067415730337079,toxic
GCFFCYYG,50,37,7,9,87,16,0.6068376068376068,toxic
VFVFFDIY,51,36,5,11,87,16,0.6068376068376068,toxic
LLYCVCCF,50,37,6,10,87,16,0.6068376068376068,toxic
RCSVIFLC,51,36,8,8,87,16,0.6068376068376068,toxic
LHCVCFYV,52,35,7,9,87,16,0.6068376068376068,toxic
CCCVDRNG,65,50,12,15,115,27,0.6068965517241379,toxic
FFILHFCF,28,26,1,2,54,3,0.6071428571428571,toxic
FFLCIRHV,34,20,0,3,54,3,0.6071428571428571,toxic
CIVYVSRC,49,33,9,5,82,14,0.6071428571428571,toxic
GCCCFFIY,31,23,2,1,54,3,0.6071428571428571,toxic
FYFCICLS,31,23,2,1,54,3,0.6071428571428571,toxic
YGVICICC,36,18,3,0,54,3,0.6071428571428571,toxic
FFCVRCVL,35,19,2,1,54,3,0.6071428571428571,toxic
SCCFILCI,36,18,2,1,54,3,0.6071428571428571,toxic
CCFCIRRV,29,25,2,1,54,3,0.6071428571428571,toxic
IFCLYIVY,30,24,1,2,54,3,0.6071428571428571,toxic
VSYCCCCF,34,20,2,1,54,3,0.6071428571428571,toxic
FFFVICCC,33,21,3,0,54,3,0.6071428571428571,toxic
LIVYYYFV,35,19,0,3,54,3,0.6071428571428571,toxic
FDVYFRLF,33,21,0,3,54,3,0.6071428571428571,toxic
FIFGFLRC,33,21,2,1,54,3,0.6071428571428571,toxic
VCLFCYFV,30,24,2,1,54,3,0.6071428571428571,toxic
VVFCYFDH,64,46,17,8,110,25,0.6071428571428571,toxic
CFVVVVLI,36,18,0,3,54,3,0.6071428571428571,toxic
VYYVCRFI,25,29,1,2,54,3,0.6071428571428571,toxic
FRCYCCVC,64,46,14,11,110,25,0.6071428571428571,toxic
CLYISFIR,33,21,1,2,54,3,0.6071428571428571,toxic
VINFFLFN,29,25,3,0,54,3,0.6071428571428571,toxic
YYVSCFCF,31,23,1,2,54,3,0.6071428571428571,toxic
IDFRCCCF,34,20,2,1,54,3,0.6071428571428571,toxic
FFYYGYGC,49,33,4,10,82,14,0.6071428571428571,toxic
FFDVLVLF,30,24,2,1,54,3,0.6071428571428571,toxic
CFDVFFLF,31,23,0,3,54,3,0.6071428571428571,toxic
ISVYFRIV,32,22,0,3,54,3,0.6071428571428571,toxic
FCHCFHVR,75,58,9,25,133,34,0.6073619631901841,toxic
CCNYCGSI,96,88,29,25,184,54,0.6074766355140186,toxic
VLCFCCLD,44,33,5,7,77,12,0.6074766355140186,toxic
RYVCFCYL,41,36,5,7,77,12,0.6074766355140186,toxic
YLICSVLL,47,30,6,6,77,12,0.6074766355140186,toxic
FFLCRFLH,27,22,0,1,49,1,0.6075949367088608,toxic
FFHCLIGF,30,19,0,1,49,1,0.6075949367088608,toxic
FLCFYLGF,31,18,0,1,49,1,0.6075949367088608,toxic
CFFIFCGF,28,21,0,1,49,1,0.6075949367088608,toxic
CFYYICIF,31,18,1,0,49,1,0.6075949367088608,toxic
RLFFVLLF,30,19,1,0,49,1,0.6075949367088608,toxic
FFVFRVYG,28,21,1,0,49,1,0.6075949367088608,toxic
CCVCYRRV,33,16,1,0,49,1,0.6075949367088608,toxic
CCFIFYCC,33,16,0,1,49,1,0.6075949367088608,toxic
YVVCRVCI,26,23,1,0,49,1,0.6075949367088608,toxic
LYFYSLVS,72,56,15,17,128,32,0.6075949367088608,toxic
FYFFYICY,30,19,0,1,49,1,0.6075949367088608,toxic
FIVVIRIV,28,21,1,0,49,1,0.6075949367088608,toxic
ILYVFVCF,27,22,1,0,49,1,0.6075949367088608,toxic
FLILLGRD,57,43,10,11,100,21,0.6076923076923076,toxic
HVYIYICV,57,43,11,10,100,21,0.6076923076923076,toxic
YFFGVFNY,44,28,6,4,72,10,0.6078431372549019,toxic
LYVLFLFR,40,32,5,5,72,10,0.6078431372549019,toxic
FFFVDCFF,41,31,3,7,72,10,0.6078431372549019,toxic
YIIHCDLD,41,31,5,5,72,10,0.6078431372549019,toxic
FLYCFFSS,45,27,5,5,72,10,0.6078431372549019,toxic
CSCCGFCY,45,27,3,7,72,10,0.6078431372549019,toxic
HLYVLFFS,71,52,12,18,123,30,0.6078431372549019,toxic
FVCICHVN,69,54,11,19,123,30,0.6078431372549019,toxic
FFYYYFNG,70,53,15,15,123,30,0.6078431372549019,toxic
CHVVCCLI,39,33,4,6,72,10,0.6078431372549019,toxic
GNYYGLDC,44,28,5,5,72,10,0.6078431372549019,toxic
YFCFCVGV,41,31,2,8,72,10,0.6078431372549019,toxic
ICSCCVHF,56,39,6,13,95,19,0.608,toxic
GYVLSVCI,57,38,8,11,95,19,0.608,toxic
VSYGGYVY,57,38,6,13,95,19,0.608,toxic
FLSYLILF,57,38,8,11,95,19,0.608,toxic
FYLCLSDL,57,38,7,12,95,19,0.608,toxic
FFVCCCHR,56,39,11,8,95,19,0.608,toxic
IFHVCFFN,42,25,3,5,67,8,0.6082474226804123,toxic
FCCLHCII,40,27,2,6,67,8,0.6082474226804123,toxic
FLCCVVFF,33,34,3,5,67,8,0.6082474226804123,toxic
VLLLCYCS,42,25,5,3,67,8,0.6082474226804123,toxic
FCHVFYRY,38,29,3,5,67,8,0.6082474226804123,toxic
HRYYLCFC,38,29,5,3,67,8,0.6082474226804123,toxic
FFFYYFLC,43,24,5,3,67,8,0.6082474226804123,toxic
LCVVCCFG,36,31,5,3,67,8,0.6082474226804123,toxic
SCYLVLNF,36,31,2,6,67,8,0.6082474226804123,toxic
FYCVFCYF,34,33,5,3,67,8,0.6082474226804123,toxic
HLVLLFRV,35,32,3,5,67,8,0.6082474226804123,toxic
LYHCYLCC,39,28,2,6,67,8,0.6082474226804123,toxic
FCVFFDYF,53,37,10,7,90,17,0.6083333333333333,toxic
ICVIIGDY,64,49,11,15,113,26,0.6083916083916084,toxic
SVCFYCHC,76,60,14,21,136,35,0.608433734939759,toxic
NCFFVLLL,40,22,3,3,62,6,0.6086956521739131,toxic
SFYCCFCG,40,22,2,4,62,6,0.6086956521739131,toxic
FFYIIDFC,38,24,4,2,62,6,0.6086956521739131,toxic
FGLCVGFF,48,37,8,7,85,15,0.6086956521739131,toxic
CCYSGRCY,61,47,11,13,108,24,0.6086956521739131,toxic
YVVLYIIS,36,26,3,3,62,6,0.6086956521739131,toxic
VFVRYDLF,60,48,12,12,108,24,0.6086956521739131,toxic
HCYCCFFV,49,36,10,5,85,15,0.6086956521739131,toxic
IFCVCCNC,62,46,12,12,108,24,0.6086956521739131,toxic
FHFSVFFR,31,31,3,3,62,6,0.6086956521739131,toxic
VFVIFVYF,30,32,2,4,62,6,0.6086956521739131,toxic
GICVSFCL,54,54,14,10,108,24,0.6086956521739131,toxic
SFVSVLIR,51,34,10,5,85,15,0.6086956521739131,toxic
NFFLRLCL,36,26,3,3,62,6,0.6086956521739131,toxic
LFFYLCGV,36,26,2,4,62,6,0.6086956521739131,toxic
VDFCCCGY,52,33,8,7,85,15,0.6086956521739131,toxic
IYVCCRIL,38,24,2,4,62,6,0.6086956521739131,toxic
VCNVFVFC,51,34,7,8,85,15,0.6086956521739131,toxic
LFSILLNR,30,32,2,4,62,6,0.6086956521739131,toxic
FFVRHYHH,69,57,18,13,126,31,0.6089743589743589,toxic
VCHIIRFG,70,56,15,16,126,31,0.6089743589743589,toxic
IGVCCILC,61,42,9,13,103,22,0.6090225563909775,toxic
IGCFFCLS,54,49,12,10,103,22,0.6090225563909775,toxic
CCCFYLCI,42,38,3,10,80,13,0.6090909090909091,toxic
CFCICNYF,49,31,4,9,80,13,0.6090909090909091,toxic
CFHVRIYS,40,40,7,6,80,13,0.6090909090909091,toxic
FFYFVLCN,45,35,4,9,80,13,0.6090909090909091,toxic
CIFCDVFC,49,31,8,5,80,13,0.6090909090909091,toxic
FHVVLFRH,36,21,1,3,57,4,0.6091954022988506,toxic
FYYCCCRV,38,19,1,3,57,4,0.6091954022988506,toxic
VFFIFVCY,37,20,1,3,57,4,0.6091954022988506,toxic
FIFCCLYF,34,23,3,1,57,4,0.6091954022988506,toxic
DFVFCVLI,32,25,1,3,57,4,0.6091954022988506,toxic
IFCVVYGF,30,27,1,3,57,4,0.6091954022988506,toxic
FCIVFIIR,35,22,2,2,57,4,0.6091954022988506,toxic
FFCFFCDF,37,20,2,2,57,4,0.6091954022988506,toxic
ICLYFCGH,35,22,2,2,57,4,0.6091954022988506,toxic
FVYFFCLY,38,19,2,2,57,4,0.6091954022988506,toxic
FFFYGYII,38,19,4,0,57,4,0.6091954022988506,toxic
GFFVVGLI,34,23,2,2,57,4,0.6091954022988506,toxic
YFVLGIYN,37,20,2,2,57,4,0.6091954022988506,toxic
CNVCVFCL,30,27,2,2,57,4,0.6091954022988506,toxic
FNFFYVFF,31,26,3,1,57,4,0.6091954022988506,toxic
FHFVLYCC,34,23,2,2,57,4,0.6091954022988506,toxic
LVSFVCFI,37,20,1,3,57,4,0.6091954022988506,toxic
CFGLCIFY,32,25,3,1,57,4,0.6091954022988506,toxic
FFGIFIIR,32,25,3,1,57,4,0.6091954022988506,toxic
FFSCICYF,37,20,3,1,57,4,0.6091954022988506,toxic
RFFFFCLL,37,20,2,2,57,4,0.6091954022988506,toxic
YLLYIFCL,38,19,1,3,57,4,0.6091954022988506,toxic
CVCHLCIV,38,37,5,6,75,11,0.6095238095238096,toxic
FYNLLDHS,63,53,16,11,116,27,0.6095890410958904,toxic
VHICGYCY,63,53,12,15,116,27,0.6095890410958904,toxic
YVCYLGSF,83,74,19,24,157,43,0.6096256684491979,toxic
YFYFHFRC,28,24,1,1,52,2,0.6097560975609756,toxic
DFCLVIVV,29,23,0,2,52,2,0.6097560975609756,toxic
FYCCCIFV,32,20,0,2,52,2,0.6097560975609756,toxic
FFFNLCFC,34,18,2,0,52,2,0.6097560975609756,toxic
FFNFGFFF,28,24,1,1,52,2,0.6097560975609756,toxic
NCLYRFLC,76,58,14,20,134,34,0.6097560975609756,toxic
VVCVVSFR,34,18,2,0,52,2,0.6097560975609756,toxic
CGIFLFIY,34,18,0,2,52,2,0.6097560975609756,toxic
FCHYCRLV,33,19,2,0,52,2,0.6097560975609756,toxic
IYIFVIRV,32,20,0,2,52,2,0.6097560975609756,toxic
IFCFLFIC,34,18,1,1,52,2,0.6097560975609756,toxic
FFFFCFHF,31,21,0,2,52,2,0.6097560975609756,toxic
FFCHFVVS,56,37,7,11,93,18,0.6097560975609756,toxic
FSVFYVSY,35,17,0,2,52,2,0.6097560975609756,toxic
LVLILRLH,35,17,2,0,52,2,0.6097560975609756,toxic
FHVSLYLF,28,24,1,1,52,2,0.6097560975609756,toxic
VSYRCVIY,55,38,11,7,93,18,0.6097560975609756,toxic
FFLLCCFH,32,20,0,2,52,2,0.6097560975609756,toxic
YCIFSCVF,33,19,0,2,52,2,0.6097560975609756,toxic
LCVCDCRY,64,47,12,13,111,25,0.6099290780141844,toxic
CNDYIGGF,64,47,11,14,111,25,0.6099290780141844,toxic
CHSFVYRF,63,48,15,10,111,25,0.6099290780141844,toxic
FLCRCVIY,43,27,3,6,70,9,0.61,toxic
VFYCCFSC,43,27,3,6,70,9,0.61,toxic
CYVFLGFL,39,31,2,7,70,9,0.61,toxic
CDVVVIFF,42,28,3,6,70,9,0.61,toxic
FFCVNIFC,44,26,4,5,70,9,0.61,toxic
FCGFCNSV,44,26,4,5,70,9,0.61,toxic
VLCYYFCG,44,26,4,5,70,9,0.61,toxic
IVCFRCRF,44,26,7,2,70,9,0.61,toxic
FFGYDSRC,40,30,5,4,70,9,0.61,toxic
CRGFVLIY,44,26,2,7,70,9,0.61,toxic
YYCRYFFV,43,27,4,5,70,9,0.61,toxic
FICCFGGC,73,56,18,14,129,32,0.610062893081761,toxic
VFFVRGCN,100,88,21,34,188,55,0.6100917431192661,toxic
CLYCYCCY,52,36,9,7,88,16,0.6101694915254238,toxic
DIISVVVF,48,40,9,7,88,16,0.6101694915254238,toxic
FSVIFCYR,48,40,8,8,88,16,0.6101694915254238,toxic
VVGHYVVY,62,44,7,16,106,23,0.6102941176470589,toxic
CCVLIFLF,29,18,0,0,47,0,0.6103896103896104,toxic
SFYYYFIG,27,20,0,0,47,0,0.6103896103896104,toxic
IFCHIFFL,32,15,0,0,47,0,0.6103896103896104,toxic
YCYCYFGD,69,55,15,15,124,30,0.6103896103896104,toxic
VCRFFFFF,31,16,0,0,47,0,0.6103896103896104,toxic
FCCLLYCI,39,26,3,4,65,7,0.6105263157894737,toxic
RYVSIYLI,39,26,3,4,65,7,0.6105263157894737,toxic
FFFYFYLR,36,29,7,0,65,7,0.6105263157894737,toxic
LFYFISCN,40,25,1,6,65,7,0.6105263157894737,toxic
VFNCCFCC,39,26,1,6,65,7,0.6105263157894737,toxic
YVFVGVSF,42,23,6,1,65,7,0.6105263157894737,toxic
YHGFFICV,33,32,1,6,65,7,0.6105263157894737,toxic
FIIFFYCN,35,30,2,5,65,7,0.6105263157894737,toxic
IHFVFCCH,40,25,4,3,65,7,0.6105263157894737,toxic
FSVICLRL,35,30,5,2,65,7,0.6105263157894737,toxic
LILVGCYF,40,25,3,4,65,7,0.6105263157894737,toxic
IFFYLIVD,34,31,4,3,65,7,0.6105263157894737,toxic
LCYFCVGF,42,23,1,6,65,7,0.6105263157894737,toxic
CILVVNIR,39,26,3,4,65,7,0.6105263157894737,toxic
FCLIHFGV,50,33,4,10,83,14,0.6106194690265486,toxic
VFFYLCYF,45,38,5,9,83,14,0.6106194690265486,toxic
CLHYFVCV,50,33,4,10,83,14,0.6106194690265486,toxic
GFDVRVDY,46,37,7,7,83,14,0.6106194690265486,toxic
CIFSCFCV,45,38,5,9,83,14,0.6106194690265486,toxic
CYICVCCD,47,36,8,6,83,14,0.6106194690265486,toxic
LYVRICGV,60,41,10,11,101,21,0.6106870229007634,toxic
CFCFLCRC,56,45,10,11,101,21,0.6106870229007634,toxic
FVYFGFGL,57,44,11,10,101,21,0.6106870229007634,toxic
CIDISVRF,65,54,19,9,119,28,0.610738255033557,toxic
ICLVRLSY,32,28,2,3,60,5,0.6111111111111112,toxic
YSCCYFCY,39,21,4,1,60,5,0.6111111111111112,toxic
CCCYYNVV,43,35,5,7,78,12,0.6111111111111112,toxic
CFNYVFVI,48,30,6,6,78,12,0.6111111111111112,toxic
GFYIFYGV,53,43,8,11,96,19,0.6111111111111112,toxic
FYVFCFNL,44,34,7,5,78,12,0.6111111111111112,toxic
FVFFCDYV,48,30,5,7,78,12,0.6111111111111112,toxic
FRCCIFSY,30,30,2,3,60,5,0.6111111111111112,toxic
CLIFGYCC,55,41,10,9,96,19,0.6111111111111112,toxic
FFVFSCLV,37,23,5,0,60,5,0.6111111111111112,toxic
CVCGFCNF,38,22,2,3,60,5,0.6111111111111112,toxic
HVFFISVV,37,23,3,2,60,5,0.6111111111111112,toxic
VFLISRVY,57,39,9,10,96,19,0.6111111111111112,toxic
FYGFGIGG,66,48,10,16,114,26,0.6111111111111112,toxic
VRVNVFCF,48,30,6,6,78,12,0.6111111111111112,toxic
LCVHLFCC,55,41,11,8,96,19,0.6111111111111112,toxic
VVVVFRLL,38,22,2,3,60,5,0.6111111111111112,toxic
SIHYSFLI,102,84,25,29,186,54,0.6111111111111112,toxic
FCNSCCCV,77,68,17,21,145,38,0.6114285714285714,toxic
FCYGYFVV,63,46,12,12,109,24,0.6115107913669064,toxic
CIYFCSVF,63,46,10,14,109,24,0.6115107913669064,toxic
GYVIDIVL,61,48,10,14,109,24,0.6115107913669064,toxic
CGCCGFIF,55,36,7,10,91,17,0.6115702479338843,toxic
ISFCLVHL,54,37,7,10,91,17,0.6115702479338843,toxic
VSYFCFGF,55,36,10,7,91,17,0.6115702479338843,toxic
IYYHLSFV,53,38,10,7,91,17,0.6115702479338843,toxic
FFYCFFFF,46,27,6,4,73,10,0.6116504854368932,toxic
GVFFLLLH,45,28,5,5,73,10,0.6116504854368932,toxic
FFNCCLYI,42,31,4,6,73,10,0.6116504854368932,toxic
YFVVCVIC,40,33,5,5,73,10,0.6116504854368932,toxic
YLLYFLIC,45,28,8,2,73,10,0.6116504854368932,toxic
FCNFYDNN,40,33,5,5,73,10,0.6116504854368932,toxic
FFCLVFGF,38,35,5,5,73,10,0.6116504854368932,toxic
FYILRYLY,44,29,5,5,73,10,0.6116504854368932,toxic
CYYCIVLR,33,22,1,2,55,3,0.611764705882353,toxic
SFLHFFFC,36,19,2,1,55,3,0.611764705882353,toxic
YIFCCLYF,34,21,0,3,55,3,0.611764705882353,toxic
ICVCVLRV,36,19,3,0,55,3,0.611764705882353,toxic
VIYVVCIG,32,23,1,2,55,3,0.611764705882353,toxic
VISIFFCI,34,21,2,1,55,3,0.611764705882353,toxic
IVCFLRVC,30,25,2,1,55,3,0.611764705882353,toxic
GLIYVCVV,31,24,3,0,55,3,0.611764705882353,toxic
FIICVCRC,35,20,0,3,55,3,0.611764705882353,toxic
HVCYFVLG,36,19,3,0,55,3,0.611764705882353,toxic
FVIRFHCI,35,20,2,1,55,3,0.611764705882353,toxic
DGFIRFSY,68,54,11,18,122,29,0.6118421052631579,toxic
CFFCDICN,49,55,7,15,104,22,0.6119402985074627,toxic
CYVINLLL,52,34,7,8,86,15,0.6120689655172413,toxic
YIVCHVGF,52,34,8,7,86,15,0.6120689655172413,toxic
CFCYHHCC,48,38,7,8,86,15,0.6120689655172413,toxic
CYVCCFGY,75,60,12,22,135,34,0.6121212121212121,toxic
IFRRFCRC,43,25,4,4,68,8,0.6122448979591837,toxic
HRLYFRCF,37,31,6,2,68,8,0.6122448979591837,toxic
VIIFGCVC,41,27,3,5,68,8,0.6122448979591837,toxic
DGIVLIVI,37,31,3,5,68,8,0.6122448979591837,toxic
NVVIFGYF,39,29,3,5,68,8,0.6122448979591837,toxic
YFRFLILF,38,30,2,6,68,8,0.6122448979591837,toxic
YIVCRDSF,39,29,6,2,68,8,0.6122448979591837,toxic
CNGRCFLL,59,40,13,7,99,20,0.6124031007751938,toxic
FYFFGYGL,29,21,1,0,50,1,0.6125,toxic
NCIYVYVR,33,17,0,1,50,1,0.6125,toxic
NIYFYYVN,31,19,1,0,50,1,0.6125,toxic
IFFFLFGN,34,16,0,1,50,1,0.6125,toxic
YLIVFSRV,34,16,0,1,50,1,0.6125,toxic
YRSILFIV,26,24,1,0,50,1,0.6125,toxic
FFGFFLFI,32,18,0,1,50,1,0.6125,toxic
YVCFYHLL,30,20,1,0,50,1,0.6125,toxic
VIFYLFCY,28,22,0,1,50,1,0.6125,toxic
FFCLSVSF,34,16,1,0,50,1,0.6125,toxic
CIFFRIRV,28,22,0,1,50,1,0.6125,toxic
RLFGIFRV,33,17,0,1,50,1,0.6125,toxic
DGLFFFLF,20,30,0,1,50,1,0.6125,toxic
FSRFFFFS,29,21,1,0,50,1,0.6125,toxic
FFFLCVYC,26,24,0,1,50,1,0.6125,toxic
FDFFCIFI,34,16,1,0,50,1,0.6125,toxic
LFICIYDL,47,34,5,8,81,13,0.6126126126126126,toxic
CVCFFSYL,49,32,8,5,81,13,0.6126126126126126,toxic
VFFHRVHR,61,51,13,12,112,25,0.6126760563380281,toxic
CVCRLGIV,81,62,21,16,143,37,0.6127167630057804,toxic
VHFICLGR,37,26,2,4,63,6,0.6129032258064516,toxic
YLSFYLFY,40,23,1,5,63,6,0.6129032258064516,toxic
NFCCVICY,41,22,5,1,63,6,0.6129032258064516,toxic
FICFFLIN,38,25,5,1,63,6,0.6129032258064516,toxic
FVFCRIGF,39,24,1,5,63,6,0.6129032258064516,toxic
CILLCYCV,40,23,2,4,63,6,0.6129032258064516,toxic
FCFCVFLC,38,25,5,1,63,6,0.6129032258064516,toxic
FCICFYGS,39,24,1,5,63,6,0.6129032258064516,toxic
LFIIRSFC,35,28,2,4,63,6,0.6129032258064516,toxic
FYVYLYGL,35,28,2,4,63,6,0.6129032258064516,toxic
FHFSHNHI,54,40,11,7,94,18,0.6129032258064516,toxic
FYYVFNLC,40,23,2,4,63,6,0.6129032258064516,toxic
FFCIFVVG,55,39,11,7,94,18,0.6129032258064516,toxic
CVSCCFCV,38,25,5,1,63,6,0.6129032258064516,toxic
YCCCVFVF,41,22,4,2,63,6,0.6129032258064516,toxic
CFHVVIFH,41,22,4,2,63,6,0.6129032258064516,toxic
IIVSVCLS,36,27,3,3,63,6,0.6129032258064516,toxic
FVGCFFRC,35,28,3,3,63,6,0.6129032258064516,toxic
CICCYICF,41,22,3,3,63,6,0.6129032258064516,toxic
HLCYCLFC,37,26,2,4,63,6,0.6129032258064516,toxic
FFCVLYCG,32,31,5,1,63,6,0.6129032258064516,toxic
IFIRYLFH,40,23,2,4,63,6,0.6129032258064516,toxic
FHYSGCGC,70,68,16,19,138,35,0.6130952380952381,toxic
VCCGCFHC,61,46,8,15,107,23,0.6131386861313869,toxic
FCRVRIVC,58,49,8,15,107,23,0.6131386861313869,toxic
CHVFVISF,63,44,9,14,107,23,0.6131386861313869,toxic
CSCVFCVG,62,45,11,12,107,23,0.6131386861313869,toxic
NFVINFYL,63,44,10,13,107,23,0.6131386861313869,toxic
FVFFYFHH,44,32,5,6,76,11,0.6132075471698113,toxic
YVYCVFLC,42,34,8,3,76,11,0.6132075471698113,toxic
FIFVGCCY,47,29,4,7,76,11,0.6132075471698113,toxic
DLFCCYCS,46,30,4,7,76,11,0.6132075471698113,toxic
CDNGICYY,68,52,17,11,120,28,0.6133333333333333,toxic
GGNYNFHY,69,51,12,16,120,28,0.6133333333333333,toxic
FDICRLHY,67,53,13,15,120,28,0.6133333333333333,toxic
FCFVFLFG,53,36,10,6,89,16,0.6134453781512605,toxic
DGVDYFDC,50,39,7,9,89,16,0.6134453781512605,toxic
FCCVCCSF,45,44,4,12,89,16,0.6134453781512605,toxic
LCFCCGCL,54,35,6,10,89,16,0.6134453781512605,toxic
YVCSICFV,52,37,7,9,89,16,0.6134453781512605,toxic
FCVICDFD,69,64,18,15,133,33,0.6134969325153374,toxic
FCFRIYLR,28,30,1,3,58,4,0.6136363636363636,toxic
RFVFFVCG,35,23,2,2,58,4,0.6136363636363636,toxic
RYSCCCRI,58,44,10,11,102,21,0.6136363636363636,toxic
FLSICFVF,35,23,2,2,58,4,0.6136363636363636,toxic
YFCGIYFF,37,21,1,3,58,4,0.6136363636363636,toxic
GVFVVYRF,38,20,1,3,58,4,0.6136363636363636,toxic
IFVVLFCH,38,20,2,2,58,4,0.6136363636363636,toxic
RFLIVVSG,30,28,4,0,58,4,0.6136363636363636,toxic
IFIFVCLG,34,24,2,2,58,4,0.6136363636363636,toxic
FYNIVLLN,38,20,1,3,58,4,0.6136363636363636,toxic
CSLFYFGF,34,24,3,1,58,4,0.6136363636363636,toxic
FNHIFLFV,33,25,1,3,58,4,0.6136363636363636,toxic
LFIHFLVF,36,22,3,1,58,4,0.6136363636363636,toxic
LCHFFVVL,35,23,3,1,58,4,0.6136363636363636,toxic
VCCLRFCC,43,28,4,5,71,9,0.6138613861386139,toxic
HICIVFCV,45,26,7,2,71,9,0.6138613861386139,toxic
FVVCIVCC,42,29,4,5,71,9,0.6138613861386139,toxic
HFCVCVGF,43,28,4,5,71,9,0.6138613861386139,toxic
YYFGLILI,37,34,4,5,71,9,0.6138613861386139,toxic
IRFFFYVH,45,26,2,7,71,9,0.6138613861386139,toxic
VCYCVYVL,45,26,2,7,71,9,0.6138613861386139,toxic
FFVVYCVI,45,26,4,5,71,9,0.6138613861386139,toxic
FSYCFFCL,43,28,4,5,71,9,0.6138613861386139,toxic
HVCISIVL,44,27,5,4,71,9,0.6138613861386139,toxic
FCILRYIH,41,30,1,8,71,9,0.6138613861386139,toxic
YIFVDVCC,72,56,15,16,128,31,0.6139240506329114,toxic
VFIFDVFC,77,64,14,22,141,36,0.6140350877192983,toxic
VYVVRHYV,49,35,3,11,84,14,0.6140350877192983,toxic
CFYVSRFF,45,39,8,6,84,14,0.6140350877192983,toxic
CCFFSCCC,60,50,9,15,110,24,0.6142857142857143,toxic
YYIYFLCR,31,22,2,0,53,2,0.6144578313253012,toxic
VVYFRFFI,31,22,1,1,53,2,0.6144578313253012,toxic
FFVFYCSC,34,19,1,1,53,2,0.6144578313253012,toxic
CYCVYCRL,27,26,1,1,53,2,0.6144578313253012,toxic
FFIFFFGY,34,19,1,1,53,2,0.6144578313253012,toxic
FIVCFIRF,27,26,1,1,53,2,0.6144578313253012,toxic
LLLIFFGV,33,20,1,1,53,2,0.6144578313253012,toxic
ICIVYFVC,35,18,0,2,53,2,0.6144578313253012,toxic
LFIFLYFF,32,21,1,1,53,2,0.6144578313253012,toxic
YDGVYFFF,35,18,1,1,53,2,0.6144578313253012,toxic
CIISIILV,26,27,0,2,53,2,0.6144578313253012,toxic
VFCCRIYI,30,23,1,1,53,2,0.6144578313253012,toxic
FRIFVYVR,31,22,1,1,53,2,0.6144578313253012,toxic
RLFGCCCR,119,100,29,37,219,66,0.6144578313253012,toxic
FICFCFFI,33,20,0,2,53,2,0.6144578313253012,toxic
YCFFLIVF,35,18,1,1,53,2,0.6144578313253012,toxic
IIYLFIVI,32,21,1,1,53,2,0.6144578313253012,toxic
FFRCFCIR,24,29,1,1,53,2,0.6144578313253012,toxic
FYFVCCFL,31,22,2,0,53,2,0.6144578313253012,toxic
FFDFCIFV,34,19,0,2,53,2,0.6144578313253012,toxic
SLIVIVSI,37,29,3,4,66,7,0.6145833333333334,toxic
FLCFCICY,37,29,3,4,66,7,0.6145833333333334,toxic
FYIFVFLI,40,26,4,3,66,7,0.6145833333333334,toxic
FGFFCICY,42,24,4,3,66,7,0.6145833333333334,toxic
FRFIIFFS,41,25,4,3,66,7,0.6145833333333334,toxic
LHVVVFCV,37,29,4,3,66,7,0.6145833333333334,toxic
FNVFFLSC,36,30,1,6,66,7,0.6145833333333334,toxic
YYIIRLVY,40,26,1,6,66,7,0.6145833333333334,toxic
FCRICLFC,41,25,2,5,66,7,0.6145833333333334,toxic
FLCFIGYV,39,27,2,5,66,7,0.6145833333333334,toxic
DICLVYND,47,32,4,8,79,12,0.6146788990825688,toxic
FCCCFSFF,47,32,6,6,79,12,0.6146788990825688,toxic
CSCFDYII,46,33,5,7,79,12,0.6146788990825688,toxic
LDYIFCGF,45,34,2,10,79,12,0.6146788990825688,toxic
FYIIYCCC,48,31,7,5,79,12,0.6146788990825688,toxic
CICLSFLV,51,41,7,10,92,17,0.6147540983606558,toxic
FCCCFCVV,54,38,6,11,92,17,0.6147540983606558,toxic
LRCCGCYY,58,47,11,11,105,22,0.6148148148148148,toxic
DFVCDYDL,67,51,17,10,118,27,0.6148648648648649,toxic
YYGHYDLD,75,56,17,15,131,32,0.6149068322981367,toxic
FCIYVYVI,37,24,0,5,61,5,0.6153846153846154,toxic
FYDFFFGC,39,22,3,2,61,5,0.6153846153846154,toxic
SGCFCCSG,73,66,17,18,139,35,0.6153846153846154,toxic
NIVHVICV,44,30,9,1,74,10,0.6153846153846154,toxic
GDFLVILL,26,22,0,0,48,0,0.6153846153846154,toxic
FICIRVCH,28,20,0,0,48,0,0.6153846153846154,toxic
HCVYCVYV,48,39,9,6,87,15,0.6153846153846154,toxic
VHFLFLDV,63,63,17,13,126,30,0.6153846153846154,toxic
IFFLFVRV,32,16,0,0,48,0,0.6153846153846154,toxic
LFVFLCCC,40,21,2,3,61,5,0.6153846153846154,toxic
FCFCVRIR,29,19,0,0,48,0,0.6153846153846154,toxic
LYRVVYGD,61,52,11,14,113,25,0.6153846153846154,toxic
IFIYYYYV,37,24,3,2,61,5,0.6153846153846154,toxic
FFFCVSCF,28,20,0,0,48,0,0.6153846153846154,toxic
FFNVYCVF,39,22,2,3,61,5,0.6153846153846154,toxic
FFFLFFGI,27,21,0,0,48,0,0.6153846153846154,toxic
CCLYCCFV,45,29,6,4,74,10,0.6153846153846154,toxic
FFVLIICC,38,23,4,1,61,5,0.6153846153846154,toxic
FLCFRYFF,31,17,0,0,48,0,0.6153846153846154,toxic
FCVVFYCY,32,29,2,3,61,5,0.6153846153846154,toxic
ICYYVYVC,39,22,1,4,61,5,0.6153846153846154,toxic
CVYFFVHV,42,32,3,7,74,10,0.6153846153846154,toxic
YVNLIFVC,32,29,2,3,61,5,0.6153846153846154,toxic
CYIIFLRF,41,33,8,2,74,10,0.6153846153846154,toxic
CYVCYCDL,53,34,7,8,87,15,0.6153846153846154,toxic
CFNVLCLC,76,58,15,18,134,33,0.6158536585365854,toxic
IYCFCSRC,71,63,16,17,134,33,0.6158536585365854,toxic
LIYCCGFC,66,55,14,14,121,28,0.6158940397350994,toxic
YNNIFHDC,57,51,13,10,108,23,0.6159420289855072,toxic
LDYRLYRF,62,46,13,10,108,23,0.6159420289855072,toxic
CGLYYIRI,43,39,4,9,82,13,0.6160714285714286,toxic
VCGFLFCL,46,36,4,9,82,13,0.6160714285714286,toxic
FCCLYGLY,48,34,7,6,82,13,0.6160714285714286,toxic
ICGFVLLR,48,34,6,7,82,13,0.6160714285714286,toxic
FVVVSLFR,49,33,4,9,82,13,0.6160714285714286,toxic
FRFNGGYY,40,29,5,3,69,8,0.6161616161616161,toxic
VVCFHFIG,43,26,2,6,69,8,0.6161616161616161,toxic
CYVYVSIN,43,26,3,5,69,8,0.6161616161616161,toxic
FYRFCSFI,36,33,5,3,69,8,0.6161616161616161,toxic
IIFLGIRY,38,31,5,3,69,8,0.6161616161616161,toxic
GFFCIFYV,42,27,4,4,69,8,0.6161616161616161,toxic
CYSCFRIF,38,31,4,4,69,8,0.6161616161616161,toxic
FFFFFIYD,42,27,3,5,69,8,0.6161616161616161,toxic
FCIIFYCN,41,28,6,2,69,8,0.6161616161616161,toxic
VIIVCCIF,41,28,3,5,69,8,0.6161616161616161,toxic
FFYFLIDC,38,31,1,7,69,8,0.6161616161616161,toxic
HYFLVSYY,42,27,6,2,69,8,0.6161616161616161,toxic
FNCVIYYL,37,19,1,2,56,3,0.6162790697674418,toxic
FSLVIHVC,36,20,2,1,56,3,0.6162790697674418,toxic
FYLIVFIV,34,22,2,1,56,3,0.6162790697674418,toxic
IRICVCGF,35,21,2,1,56,3,0.6162790697674418,toxic
FCYFCSFV,33,23,3,0,56,3,0.6162790697674418,toxic
FFVYFFCF,36,20,0,3,56,3,0.6162790697674418,toxic
FCNYLIFV,36,20,0,3,56,3,0.6162790697674418,toxic
GCYYLIRF,34,22,1,2,56,3,0.6162790697674418,toxic
LVICCFFG,34,22,1,2,56,3,0.6162790697674418,toxic
YVVRLCFF,34,22,0,3,56,3,0.6162790697674418,toxic
FCFYFIVV,36,20,3,0,56,3,0.6162790697674418,toxic
FYFCLFVG,34,22,2,1,56,3,0.6162790697674418,toxic
FFCFNCCS,60,43,10,11,103,21,0.6165413533834586,toxic
CFICVNCL,61,42,13,8,103,21,0.6165413533834586,toxic
CVIFCSVC,61,42,10,11,103,21,0.6165413533834586,toxic
CFDLFICV,61,42,10,11,103,21,0.6165413533834586,toxic
VFLLYFGH,60,43,11,10,103,21,0.6165413533834586,toxic
FFYVFSFC,60,43,6,15,103,21,0.6165413533834586,toxic
HIHYIVSL,90,73,17,27,163,44,0.616580310880829,toxic
FGISVFLR,52,38,8,8,90,16,0.6166666666666667,toxic
FDFCSCCI,54,36,10,6,90,16,0.6166666666666667,toxic
IRVVYYHH,52,38,9,7,90,16,0.6166666666666667,toxic
LSCCVILR,54,36,7,9,90,16,0.6166666666666667,toxic
CCGCYRFY,49,41,9,7,90,16,0.6166666666666667,toxic
VIFCGGFC,40,37,4,7,77,11,0.616822429906542,toxic
YFVFVCSF,42,35,6,5,77,11,0.616822429906542,toxic
RRVLFIVG,42,35,6,5,77,11,0.616822429906542,toxic
VCVCFFVI,45,32,6,5,77,11,0.616822429906542,toxic
FFGHYIFF,47,30,3,8,77,11,0.616822429906542,toxic
FCIYFCIY,41,36,6,5,77,11,0.616822429906542,toxic
CYCFGSYF,47,30,8,3,77,11,0.616822429906542,toxic
FVGCFYIY,48,29,4,7,77,11,0.616822429906542,toxic
FCLCLYNY,41,23,4,2,64,6,0.6170212765957447,toxic
LCIFCVGC,41,23,3,3,64,6,0.6170212765957447,toxic
CFVCHYCF,40,24,1,5,64,6,0.6170212765957447,toxic
LCVRFVRY,37,27,1,5,64,6,0.6170212765957447,toxic
CDHLCSCY,110,95,28,32,205,60,0.6170212765957447,toxic
NVCYIIGL,40,24,4,2,64,6,0.6170212765957447,toxic
GFCVICSC,79,66,23,14,145,37,0.6171428571428571,toxic
YYVHYSIG,81,64,19,18,145,37,0.6171428571428571,toxic
FVRCLYGF,57,41,8,11,98,19,0.6171875,toxic
FYFFLLCD,34,17,1,0,51,1,0.6172839506172839,toxic
FRLFCFLH,33,18,0,1,51,1,0.6172839506172839,toxic
GFHFCFFF,32,19,1,0,51,1,0.6172839506172839,toxic
FFFIHIFG,34,17,0,1,51,1,0.6172839506172839,toxic
LFFFCSLI,33,18,0,1,51,1,0.6172839506172839,toxic
FCFLFLCL,30,21,0,1,51,1,0.6172839506172839,toxic
LCFLVDIH,75,57,15,17,132,32,0.6172839506172839,toxic
RFFFIYFL,32,19,1,0,51,1,0.6172839506172839,toxic
FYFFYVCI,32,19,0,1,51,1,0.6172839506172839,toxic
FYLRFFFV,29,22,1,0,51,1,0.6172839506172839,toxic
CRCVSFYL,74,58,15,17,132,32,0.6172839506172839,toxic
FFFNCFCL,34,17,1,0,51,1,0.6172839506172839,toxic
CFVCRRCH,33,18,0,1,51,1,0.6172839506172839,toxic
FFSFIVIN,30,21,0,1,51,1,0.6172839506172839,toxic
FHHIFLVF,35,16,1,0,51,1,0.6172839506172839,toxic
LIFCLYCG,27,24,0,1,51,1,0.6172839506172839,toxic
CSCCFLRH,52,33,6,8,85,14,0.6173913043478261,toxic
VVFFVVLG,44,41,7,7,85,14,0.6173913043478261,toxic
LCLFVSYC,48,37,9,5,85,14,0.6173913043478261,toxic
FYVFCVFF,52,33,5,9,85,14,0.6173913043478261,toxic
YLLISFII,43,29,1,8,72,9,0.6176470588235294,toxic
FRCCCIGC,61,45,10,12,106,22,0.6176470588235294,toxic
CIGCCSCF,43,29,3,6,72,9,0.6176470588235294,toxic
LVYIVICR,44,28,3,6,72,9,0.6176470588235294,toxic
FCYLYCCY,43,29,3,6,72,9,0.6176470588235294,toxic
CLIVVCLD,36,36,3,6,72,9,0.6176470588235294,toxic
YHVGFLVY,40,32,2,7,72,9,0.6176470588235294,toxic
CICCVRCG,41,31,2,7,72,9,0.6176470588235294,toxic
LCCFCGCN,90,71,20,23,161,43,0.6178010471204188,toxic
RVYCVVVC,33,26,1,3,59,4,0.6179775280898876,toxic
RYFCIFVV,35,24,1,3,59,4,0.6179775280898876,toxic
YFFCVVVY,31,28,0,4,59,4,0.6179775280898876,toxic
CFVFIFVY,39,20,1,3,59,4,0.6179775280898876,toxic
GYYCVLCV,34,25,1,3,59,4,0.6179775280898876,toxic
FLDVYVLF,34,25,1,3,59,4,0.6179775280898876,toxic
IDCVFYYF,31,28,4,0,59,4,0.6179775280898876,toxic
CYLICLIS,38,21,0,4,59,4,0.6179775280898876,toxic
YRLFHILV,38,21,1,3,59,4,0.6179775280898876,toxic
IFDCVFYC,82,66,14,24,148,38,0.6179775280898876,toxic
VIYIRFCD,36,23,1,3,59,4,0.6179775280898876,toxic
LRYIFCLR,30,29,3,1,59,4,0.6179775280898876,toxic
FVFCLVII,36,23,1,3,59,4,0.6179775280898876,toxic
FCFLICLV,36,23,1,3,59,4,0.6179775280898876,toxic
FVYFVCRG,37,22,1,3,59,4,0.6179775280898876,toxic
FCLLLYFI,28,31,3,1,59,4,0.6179775280898876,toxic
YIFNVIVL,35,24,2,2,59,4,0.6179775280898876,toxic
CFVCCYIY,36,23,1,3,59,4,0.6179775280898876,toxic
YHCRLCCF,60,54,13,12,114,25,0.6180555555555556,toxic
YCYHCCRV,43,37,5,7,80,12,0.6181818181818182,toxic
NLIFVSVL,47,33,9,3,80,12,0.6181818181818182,toxic
YSICCLYV,48,32,4,8,80,12,0.6181818181818182,toxic
CCFFFIVC,47,33,7,5,80,12,0.6181818181818182,toxic
GFSLIYVV,45,35,4,8,80,12,0.6181818181818182,toxic
HLYSCLIR,69,53,16,12,122,28,0.618421052631579,toxic
CFVVCYLC,43,24,4,3,67,7,0.6185567010309279,toxic
FLIVSRYL,37,30,3,4,67,7,0.6185567010309279,toxic
YFVFDYFI,36,31,1,6,67,7,0.6185567010309279,toxic
CSICVVFF,36,31,4,3,67,7,0.6185567010309279,toxic
FGFIYVCL,39,28,2,5,67,7,0.6185567010309279,toxic
YSCVCVFF,42,25,2,5,67,7,0.6185567010309279,toxic
FFVLGICL,43,24,4,3,67,7,0.6185567010309279,toxic
FLCVIFCC,39,28,4,3,67,7,0.6185567010309279,toxic
VCFILCRS,40,27,2,5,67,7,0.6185567010309279,toxic
FVVICNGF,37,30,2,5,67,7,0.6185567010309279,toxic
CDCCFHCC,51,37,5,10,88,15,0.6186440677966102,toxic
FFCVVCGL,53,35,8,7,88,15,0.6186440677966102,toxic
FFVIVCVV,53,35,7,8,88,15,0.6186440677966102,toxic
ICLILNNF,63,46,11,12,109,23,0.6187050359712231,toxic
YYYFCCGF,59,50,9,14,109,23,0.6187050359712231,toxic
YLCYCFVS,64,45,9,14,109,23,0.6187050359712231,toxic
SILLCINV,64,45,11,12,109,23,0.6187050359712231,toxic
VCCYGILI,82,69,20,19,151,39,0.6187845303867403,toxic
FCCVCILG,47,28,7,3,75,10,0.6190476190476191,toxic
FDFDVHGV,41,34,4,6,75,10,0.6190476190476191,toxic
GCNYFIRF,35,19,0,2,54,2,0.6190476190476191,toxic
LIFFFNRG,30,24,1,1,54,2,0.6190476190476191,toxic
CIFHFYVY,42,33,9,1,75,10,0.6190476190476191,toxic
SYIVFCSY,45,30,3,7,75,10,0.6190476190476191,toxic
CILFCCFD,46,29,4,6,75,10,0.6190476190476191,toxic
VFNVFCVF,46,29,7,3,75,10,0.6190476190476191,toxic
LSVCYSDV,66,51,10,16,117,26,0.6190476190476191,toxic
CLVYVRLI,30,24,2,0,54,2,0.6190476190476191,toxic
LFFCCCIF,35,19,1,1,54,2,0.6190476190476191,toxic
FDSINYGL,50,46,10,8,96,18,0.6190476190476191,toxic
CIHCYFLY,57,39,7,11,96,18,0.6190476190476191,toxic
FFFVCSIF,31,23,0,2,54,2,0.6190476190476191,toxic
YFFYFLYF,33,21,0,2,54,2,0.6190476190476191,toxic
YFCCHIVI,33,21,2,0,54,2,0.6190476190476191,toxic
FSVCCYVC,47,28,4,6,75,10,0.6190476190476191,toxic
FYVGYRFF,34,20,2,0,54,2,0.6190476190476191,toxic
GYYICFVF,34,20,1,1,54,2,0.6190476190476191,toxic
YCCCVIFC,36,18,0,2,54,2,0.6190476190476191,toxic
CFFFCIFG,30,24,0,2,54,2,0.6190476190476191,toxic
YCSHFYGR,82,64,18,19,146,37,0.6193181818181818,toxic
HGCGVYDL,61,43,13,8,104,21,0.6194029850746269,toxic
ICIRVIRH,61,43,15,6,104,21,0.6194029850746269,toxic
SCCRYRIF,59,45,12,9,104,21,0.6194029850746269,toxic
FLYCNCCH,51,32,8,5,83,13,0.6194690265486725,toxic
VFLFCVCV,45,38,5,8,83,13,0.6194690265486725,toxic
FLVYCYLC,51,32,7,6,83,13,0.6194690265486725,toxic
RCRLCYCC,44,39,4,9,83,13,0.6194690265486725,toxic
YIGLGVYF,48,35,4,9,83,13,0.6194690265486725,toxic
FCSVVYFI,48,35,7,6,83,13,0.6194690265486725,toxic
FYFLCIVR,32,30,0,5,62,5,0.6195652173913043,toxic
FVFVFVFI,40,22,2,3,62,5,0.6195652173913043,toxic
FCFVYFIV,36,26,1,4,62,5,0.6195652173913043,toxic
CFCCIICV,35,27,4,1,62,5,0.6195652173913043,toxic
FFYFCCFC,33,29,3,2,62,5,0.6195652173913043,toxic
CCCVFFFI,39,23,3,2,62,5,0.6195652173913043,toxic
LRVCCVFC,38,24,2,3,62,5,0.6195652173913043,toxic
YCCVYIYG,40,22,2,3,62,5,0.6195652173913043,toxic
CYLYFLII,36,26,2,3,62,5,0.6195652173913043,toxic
FCYFYVYL,34,28,2,3,62,5,0.6195652173913043,toxic
LCCFGCNY,38,24,1,4,62,5,0.6195652173913043,toxic
CCFFCLSF,40,22,4,1,62,5,0.6195652173913043,toxic
SIDVFYYL,63,49,10,14,112,24,0.6197183098591549,toxic
DFVLRHCF,101,82,26,25,183,51,0.6197183098591549,toxic
FCFGCCVG,53,38,9,7,91,16,0.6198347107438017,toxic
IYVRFSSC,55,36,6,10,91,16,0.6198347107438017,toxic
YFVVGIIG,52,39,8,8,91,16,0.6198347107438017,toxic
CCFFGFVC,54,37,7,9,91,16,0.6198347107438017,toxic
LCVFLCYG,103,88,28,26,191,54,0.6199095022624435,toxic
CLIFVFIH,43,27,5,3,70,8,0.62,toxic
ILVCVVLY,43,27,5,3,70,8,0.62,toxic
CGFCCCVL,40,30,4,4,70,8,0.62,toxic
FRILICGY,42,28,3,5,70,8,0.62,toxic
FIVICFLF,43,27,4,4,70,8,0.62,toxic
LYRCYCCV,43,27,5,3,70,8,0.62,toxic
SIVRFCCH,67,53,16,11,120,27,0.62,toxic
FHFCGCCV,67,53,10,17,120,27,0.62,toxic
YLYCVYRC,57,42,12,7,99,19,0.6201550387596899,toxic
VHYCFCIN,58,41,6,13,99,19,0.6201550387596899,toxic
VYNDSYYR,57,42,9,10,99,19,0.6201550387596899,toxic
FFVSYCFC,31,18,0,0,49,0,0.620253164556962,toxic
FRFFVCRF,32,17,0,0,49,0,0.620253164556962,toxic
FVFFHLFF,33,16,0,0,49,0,0.620253164556962,toxic
YFFRLFRC,26,23,0,0,49,0,0.620253164556962,toxic
LVFVGVII,30,19,0,0,49,0,0.620253164556962,toxic
FFLYFFLF,32,17,0,0,49,0,0.620253164556962,toxic
FFFFVFCF,30,19,0,0,49,0,0.620253164556962,toxic
FICILLSL,30,19,0,0,49,0,0.620253164556962,toxic
FVCCRICY,34,15,0,0,49,0,0.620253164556962,toxic
CCLCFLRL,34,15,0,0,49,0,0.620253164556962,toxic
VFVCFYFR,42,36,7,4,78,11,0.6203703703703703,toxic
VLNYDYDC,46,32,5,6,78,11,0.6203703703703703,toxic
FNCFRNHF,46,32,7,4,78,11,0.6203703703703703,toxic
FCFRSVVY,47,31,5,6,78,11,0.6203703703703703,toxic
GCLNCILI,61,46,11,11,107,22,0.6204379562043796,toxic
ICFCCVRV,62,45,9,13,107,22,0.6204379562043796,toxic
FVFYCDCC,62,45,12,10,107,22,0.6204379562043796,toxic
CVLGFCFL,31,26,1,2,57,3,0.6206896551724138,toxic
VGYVVLYR,50,36,4,10,86,14,0.6206896551724138,toxic
FFFVNFVC,36,21,2,1,57,3,0.6206896551724138,toxic
LICSCILL,50,36,4,10,86,14,0.6206896551724138,toxic
FRFCIIHY,33,24,1,2,57,3,0.6206896551724138,toxic
DLIFFCII,37,20,2,1,57,3,0.6206896551724138,toxic
SICVYFHL,36,21,1,2,57,3,0.6206896551724138,toxic
SVFFFRSF,66,49,13,12,115,25,0.6206896551724138,toxic
IFCFFIFG,35,22,1,2,57,3,0.6206896551724138,toxic
FCIHCGSC,65,50,14,11,115,25,0.6206896551724138,toxic
FVCCCYGI,50,36,2,12,86,14,0.6206896551724138,toxic
FFFCFLRC,33,24,1,2,57,3,0.6206896551724138,toxic
CYVHIYVF,37,20,1,2,57,3,0.6206896551724138,toxic
FFIVFFRC,37,20,1,2,57,3,0.6206896551724138,toxic
CFRLYLLH,40,25,2,4,65,6,0.6210526315789474,toxic
FFVCLCCI,41,24,2,4,65,6,0.6210526315789474,toxic
YVLYCCHF,39,26,4,2,65,6,0.6210526315789474,toxic
FFRCCLVC,37,28,4,2,65,6,0.6210526315789474,toxic
CYVCFYIY,36,29,1,5,65,6,0.6210526315789474,toxic
HFVVCIYL,38,27,3,3,65,6,0.6210526315789474,toxic
CSCSCCGC,87,73,20,22,160,42,0.6210526315789474,toxic
RVVVYYIF,41,24,2,4,65,6,0.6210526315789474,toxic
VFCLLFCF,38,27,1,5,65,6,0.6210526315789474,toxic
FDLCIFIC,37,28,2,4,65,6,0.6210526315789474,toxic
CFVVCRIV,41,24,3,3,65,6,0.6210526315789474,toxic
FFIGVCVC,40,25,2,4,65,6,0.6210526315789474,toxic
FVFCCVVC,32,33,3,3,65,6,0.6210526315789474,toxic
LCVCVYIV,42,23,4,2,65,6,0.6210526315789474,toxic
FFVYFFCH,42,23,3,3,65,6,0.6210526315789474,toxic
CIFYRVRC,60,42,16,4,102,20,0.6212121212121212,toxic
CFNYHCVR,67,72,18,16,139,34,0.621301775147929,toxic
CCIFVCGF,45,28,4,5,73,9,0.6213592233009708,toxic
FLFVFVLC,46,27,5,4,73,9,0.6213592233009708,toxic
YFICCCSH,43,30,7,2,73,9,0.6213592233009708,toxic
YVCLIICD,45,28,3,6,73,9,0.6213592233009708,toxic
VIIYCLHL,42,31,5,4,73,9,0.6213592233009708,toxic
SCCYCGIC,81,66,16,21,147,37,0.6214689265536724,toxic
FYGLVCFF,45,36,4,8,81,12,0.6216216216216216,toxic
VFICVIIY,48,33,4,8,81,12,0.6216216216216216,toxic
IIVCRYVG,42,39,3,9,81,12,0.6216216216216216,toxic
LHYLICHL,50,31,5,7,81,12,0.6216216216216216,toxic
IGYFFCIL,43,38,5,7,81,12,0.6216216216216216,toxic
VYYVCCCF,44,37,4,8,81,12,0.6216216216216216,toxic
FVLNCSNY,54,35,5,10,89,15,0.6218487394957983,toxic
FIFLFYGV,54,35,6,9,89,15,0.6218487394957983,toxic
ISCFVVCN,50,39,10,5,89,15,0.6218487394957983,toxic
NFVLSFFF,34,18,1,0,52,1,0.6219512195121951,toxic
FFCFNFFV,29,23,1,0,52,1,0.6219512195121951,toxic
LCIRVFLS,35,17,1,0,52,1,0.6219512195121951,toxic
FYLFVYGY,34,18,1,0,52,1,0.6219512195121951,toxic
IYFFIRSF,30,22,1,0,52,1,0.6219512195121951,toxic
CRFFFFRF,34,18,0,1,52,1,0.6219512195121951,toxic
FFCFVCIV,35,17,0,1,52,1,0.6219512195121951,toxic
IFFFFSGR,34,18,1,0,52,1,0.6219512195121951,toxic
FLYRVLIC,32,20,0,1,52,1,0.6219512195121951,toxic
LIVVHLVF,32,20,1,0,52,1,0.6219512195121951,toxic
VLIRYRCF,55,42,7,11,97,18,0.6220472440944882,toxic
NFIYVCVY,55,42,5,13,97,18,0.6220472440944882,toxic
ICFVIYGG,53,44,7,11,97,18,0.6220472440944882,toxic
YYCHSFGH,77,65,15,20,142,35,0.622093023255814,toxic
FFSLILDV,73,69,16,19,142,35,0.622093023255814,toxic
FVFYCVCV,39,21,3,1,60,4,0.6222222222222222,toxic
VLYVFCFR,33,27,0,4,60,4,0.6222222222222222,toxic
FCLCFVSV,35,25,2,2,60,4,0.6222222222222222,toxic
ICFLFLCH,36,24,2,2,60,4,0.6222222222222222,toxic
YFFLVFLV,35,25,3,1,60,4,0.6222222222222222,toxic
IVCVYRLY,37,23,1,3,60,4,0.6222222222222222,toxic
FFVIFIIC,35,25,1,3,60,4,0.6222222222222222,toxic
FYCICSVI,32,28,2,2,60,4,0.6222222222222222,toxic
CRFCFCFC,33,27,2,2,60,4,0.6222222222222222,toxic
CIFIVFRY,38,22,1,3,60,4,0.6222222222222222,toxic
GYFNVYFF,38,22,1,3,60,4,0.6222222222222222,toxic
YYCLYLSY,37,23,3,1,60,4,0.6222222222222222,toxic
CFCFLRYY,64,49,11,13,113,24,0.6223776223776224,toxic
FLCFVCDC,66,47,9,15,113,24,0.6223776223776224,toxic
VFVCRNCL,112,99,34,27,211,61,0.6224066390041494,toxic
LHCVCVHY,39,29,4,3,68,7,0.6224489795918368,toxic
VLVLVVFC,38,30,3,4,68,7,0.6224489795918368,toxic
CLFDIYLF,41,27,3,4,68,7,0.6224489795918368,toxic
CFCLSCIY,42,26,2,5,68,7,0.6224489795918368,toxic
FSFIGVII,42,26,4,3,68,7,0.6224489795918368,toxic
VCGYLIFV,41,27,2,5,68,7,0.6224489795918368,toxic
LCVYCFVC,36,32,1,6,68,7,0.6224489795918368,toxic
FCFVVYFC,40,28,1,6,68,7,0.6224489795918368,toxic
FVLRCDIY,47,29,4,6,76,10,0.6226415094339622,toxic
VRFYFGVY,44,32,4,6,76,10,0.6226415094339622,toxic
FFVLHFCG,41,35,8,2,76,10,0.6226415094339622,toxic
IVLIVLDF,47,29,4,6,76,10,0.6226415094339622,toxic
FLYLYVIC,48,36,5,8,84,13,0.6228070175438597,toxic
CRVCVVCC,47,37,7,6,84,13,0.6228070175438597,toxic
CGFFCSYF,51,33,6,7,84,13,0.6228070175438597,toxic
CDVFGYGG,50,34,6,7,84,13,0.6228070175438597,toxic
CCRCCDGL,54,38,8,8,92,16,0.6229508196721312,toxic
IFGRLICL,55,37,10,6,92,16,0.6229508196721312,toxic
LCIYYHLD,54,38,10,6,92,16,0.6229508196721312,toxic
IIFSCSVY,83,70,21,18,153,39,0.6229508196721312,toxic
CYCCLSVV,57,43,7,12,100,19,0.6230769230769231,toxic
ICCSCLFC,59,41,6,13,100,19,0.6230769230769231,toxic
VLYGYSVR,62,46,8,14,108,22,0.6231884057971014,toxic
CICCRGCY,63,45,9,13,108,22,0.6231884057971014,toxic
FFSGGNFH,64,52,10,15,116,25,0.6232876712328768,toxic
FHCCRSCC,62,54,13,12,116,25,0.6232876712328768,toxic
GCCCFRNC,71,53,19,9,124,28,0.6233766233766234,toxic
FVLCCGLC,68,56,9,19,124,28,0.6233766233766234,toxic
HCICHFCV,69,55,15,13,124,28,0.6233766233766234,toxic
IYVFFYHR,33,22,2,0,55,2,0.6235294117647059,toxic
YLCIFGGC,78,62,15,19,140,34,0.6235294117647059,toxic
FCVLFGLF,26,29,0,2,55,2,0.6235294117647059,toxic
FFFIFFRF,35,20,1,1,55,2,0.6235294117647059,toxic
GLISVFFF,37,18,0,2,55,2,0.6235294117647059,toxic
FVFHVFYV,35,20,0,2,55,2,0.6235294117647059,toxic
FNILFFVF,28,27,2,0,55,2,0.6235294117647059,toxic
IFFIRFYS,35,20,1,1,55,2,0.6235294117647059,toxic
VDIFFIGF,34,21,0,2,55,2,0.6235294117647059,toxic
FFFFSFFC,37,18,1,1,55,2,0.6235294117647059,toxic
CICFVRIC,34,21,2,0,55,2,0.6235294117647059,toxic
RFVGCVFF,39,24,2,3,63,5,0.6236559139784946,toxic
CRVCYRCI,38,25,3,2,63,5,0.6236559139784946,toxic
RFFFFSGF,36,27,2,3,63,5,0.6236559139784946,toxic
FCCFCFIF,33,30,3,2,63,5,0.6236559139784946,toxic
VLCCFVVC,40,23,4,1,63,5,0.6236559139784946,toxic
FFCIIYCN,32,31,2,3,63,5,0.6236559139784946,toxic
FFGSLFGY,38,25,1,4,63,5,0.6236559139784946,toxic
VVIYCLFH,37,26,3,2,63,5,0.6236559139784946,toxic
LHFFYIHI,38,25,2,3,63,5,0.6236559139784946,toxic
VIRVSVFV,45,26,3,5,71,8,0.6237623762376238,toxic
VCCFYIRV,36,35,5,3,71,8,0.6237623762376238,toxic
FFCFCCSH,44,27,5,3,71,8,0.6237623762376238,toxic
FCYVIRIC,43,28,5,3,71,8,0.6237623762376238,toxic
FCCVLCCF,43,28,3,5,71,8,0.6237623762376238,toxic
VLIICVCG,44,27,3,5,71,8,0.6237623762376238,toxic
VCFRFFFN,45,26,3,5,71,8,0.6237623762376238,toxic
GYCCSYYF,43,28,4,4,71,8,0.6237623762376238,toxic
CIVCVFGC,49,30,4,7,79,11,0.6238532110091743,toxic
FLIFCIDY,45,34,9,2,79,11,0.6238532110091743,toxic
CLCRFCFF,45,34,8,3,79,11,0.6238532110091743,toxic
FYYICIVG,46,33,8,3,79,11,0.6238532110091743,toxic
VIYFRIID,43,36,5,6,79,11,0.6238532110091743,toxic
CFFYLSFY,47,32,4,7,79,11,0.6238532110091743,toxic
IHVCICYC,48,39,8,6,87,14,0.6239316239316239,toxic
RSLFVRLY,53,34,9,5,87,14,0.6239316239316239,toxic
VCCSLVVI,49,38,7,7,87,14,0.6239316239316239,toxic
CCDCYCCR,52,35,9,5,87,14,0.6239316239316239,toxic
FCDGFNHV,55,40,7,10,95,17,0.624,toxic
CCSLVCIS,62,49,16,7,111,23,0.624113475177305,toxic
CLLDDYRC,69,58,16,13,127,29,0.6242038216560509,toxic
YFICFVIY,72,55,17,12,127,29,0.6242038216560509,toxic
YNLRLYDI,71,64,18,14,135,32,0.6242424242424243,toxic
VFFYFCFL,38,20,1,2,58,3,0.625,toxic
FFCSVFYF,39,35,4,5,74,9,0.625,toxic
ISFYFDYV,40,26,1,5,66,6,0.625,toxic
LFDFYFGY,46,36,5,7,82,12,0.625,toxic
FCIIIRVF,35,23,1,2,58,3,0.625,toxic
DCFYCLII,45,29,5,4,74,9,0.625,toxic
LIIVSVNI,38,20,3,0,58,3,0.625,toxic
YCCFHCVR,41,25,3,3,66,6,0.625,toxic
GVFRYYCF,41,25,5,1,66,6,0.625,toxic
VVYLSCFC,54,36,6,9,90,15,0.625,toxic
VCLCFCVC,45,29,4,5,74,9,0.625,toxic
CRCVGFIC,45,37,5,7,82,12,0.625,toxic
ILFCCGLF,41,25,3,3,66,6,0.625,toxic
CFYFHLCF,38,20,0,3,58,3,0.625,toxic
YLFIIDVI,34,16,0,0,50,0,0.625,toxic
VCFCCRYN,63,51,15,9,114,24,0.625,toxic
VGLICCVC,52,38,6,9,90,15,0.625,toxic
VFFVFVIC,39,27,2,4,66,6,0.625,toxic
VLVLLFVL,43,31,3,6,74,9,0.625,toxic
LFIVCRFH,35,23,0,3,58,3,0.625,toxic
CFVHIFCC,33,25,0,3,58,3,0.625,toxic
FFFYLFIY,33,25,1,2,58,3,0.625,toxic
GYFCDYCN,127,115,32,40,242,72,0.625,toxic
FFFCCLIV,32,18,0,0,50,0,0.625,toxic
FVCFVGLY,39,27,2,4,66,6,0.625,toxic
CCFCIYIR,38,28,2,4,66,6,0.625,toxic
FFIFVIVF,36,22,3,0,58,3,0.625,toxic
HCVVLFCG,50,48,10,8,98,18,0.625,toxic
FFYYCLIV,38,20,1,2,58,3,0.625,toxic
LCFFCFVG,57,49,4,17,106,21,0.625,toxic
CSCCCFFG,44,38,4,8,82,12,0.625,toxic
CFFGCFFI,42,24,1,5,66,6,0.625,toxic
YLGFLFYV,46,28,4,5,74,9,0.625,toxic
SFIGIFVC,52,38,9,6,90,15,0.625,toxic
FLCRFFFI,29,21,0,0,50,0,0.625,toxic
VCVFYSLY,37,29,4,2,66,6,0.625,toxic
YYCVFIGD,102,84,33,18,186,51,0.625,toxic
FCLSSYRF,55,43,8,10,98,18,0.625,toxic
YIDIVFIN,37,21,2,1,58,3,0.625,toxic
GNIIFIVV,42,24,2,4,66,6,0.625,toxic
CFCCICCY,79,67,14,22,146,36,0.625,toxic
VCYVCYVF,34,32,2,4,66,6,0.625,toxic
FCCVYFNY,56,42,11,7,98,18,0.625,toxic
VFFFCILF,34,16,0,0,50,0,0.625,toxic
CCVFVLLG,44,30,7,2,74,9,0.625,toxic
YHVFGFCY,50,32,5,7,82,12,0.625,toxic
VCCFNYFL,50,32,4,8,82,12,0.625,toxic
FVFCLRFV,29,21,0,0,50,0,0.625,toxic
VHDCDVFI,50,32,6,6,82,12,0.625,toxic
CVNYSFCF,27,23,0,0,50,0,0.625,toxic
CFFHCSVY,96,77,21,25,173,46,0.625615763546798,toxic
HDFHYCGV,84,65,18,19,149,37,0.6256983240223464,toxic
CLIFCCCD,76,65,15,19,141,34,0.6257309941520468,toxic
VICIGYFG,71,54,14,14,125,28,0.6258064516129033,toxic
GIFSGIDY,65,52,9,16,117,25,0.6258503401360545,toxic
LFCFYYFC,63,46,6,16,109,22,0.6258992805755396,toxic
CFCFFISC,63,46,8,14,109,22,0.6258992805755396,toxic
CLYSVRVF,58,43,11,8,101,19,0.6259541984732825,toxic
FCCCCFVL,59,42,9,10,101,19,0.6259541984732825,toxic
FSYYCVYC,54,39,10,6,93,16,0.6260162601626016,toxic
CDFICYLD,48,45,5,11,93,16,0.6260162601626016,toxic
CYCFNCHI,51,34,5,8,85,13,0.6260869565217392,toxic
GCLICLCS,48,37,4,9,85,13,0.6260869565217392,toxic
FGCVSVNY,52,33,7,6,85,13,0.6260869565217392,toxic
VIYCFFCC,45,32,3,7,77,10,0.6261682242990654,toxic
FIVCICYC,42,35,4,6,77,10,0.6261682242990654,toxic
FFCILFLL,45,32,3,7,77,10,0.6261682242990654,toxic
FCVDIFVR,44,33,5,5,77,10,0.6261682242990654,toxic
CYFCFLIF,47,30,5,5,77,10,0.6261682242990654,toxic
FYCICYCR,48,29,3,7,77,10,0.6261682242990654,toxic
YDLYLFFF,44,33,4,6,77,10,0.6261682242990654,toxic
LFNICSFF,40,29,2,5,69,7,0.6262626262626263,toxic
YVFYYLRV,38,31,2,5,69,7,0.6262626262626263,toxic
FFVVGFDF,39,30,2,5,69,7,0.6262626262626263,toxic
CCFRGCVF,41,28,1,6,69,7,0.6262626262626263,toxic
FNVFYFFV,43,26,3,4,69,7,0.6262626262626263,toxic
VFGIVIFH,43,26,4,3,69,7,0.6262626262626263,toxic
LCIYFVCF,37,24,1,3,61,4,0.6263736263736264,toxic
FCYFCDFI,33,28,2,2,61,4,0.6263736263736264,toxic
YVFYFILL,37,24,2,2,61,4,0.6263736263736264,toxic
CYFLIICI,40,21,3,1,61,4,0.6263736263736264,toxic
RFLFICCF,39,22,1,3,61,4,0.6263736263736264,toxic
GIIFFFFN,38,23,2,2,61,4,0.6263736263736264,toxic
CCRRFFLF,38,23,4,0,61,4,0.6263736263736264,toxic
CFFLVVRH,38,23,4,0,61,4,0.6263736263736264,toxic
FCIIHFCV,35,26,1,3,61,4,0.6263736263736264,toxic
FRCCICVI,40,21,1,3,61,4,0.6263736263736264,toxic
YYVIVFSC,40,21,3,1,61,4,0.6263736263736264,toxic
LFCCIICV,36,17,1,0,53,1,0.6265060240963856,toxic
LYICRVII,31,22,1,0,53,1,0.6265060240963856,toxic
GLVFIVSY,34,19,1,0,53,1,0.6265060240963856,toxic
CFFFCLCV,31,22,1,0,53,1,0.6265060240963856,toxic
YCFILFCF,32,21,1,0,53,1,0.6265060240963856,toxic
FCVVVLSF,36,17,1,0,53,1,0.6265060240963856,toxic
LNVVGVFF,114,97,34,26,211,60,0.6265560165975104,toxic
FIIFYCGY,67,53,13,13,120,26,0.6266666666666667,toxic
FGGVVCHY,64,48,12,11,112,23,0.6267605633802817,toxic
NIVYCFDY,123,115,28,42,238,70,0.6268656716417911,toxic
CSVLFCFG,56,48,6,14,104,20,0.6268656716417911,toxic
LFFLCVCN,57,47,8,12,104,20,0.6268656716417911,toxic
VLCVCCVC,57,39,10,7,96,17,0.626984126984127,toxic
FCYGLYVL,51,45,9,8,96,17,0.626984126984127,toxic
VVCIIVSV,50,46,5,12,96,17,0.626984126984127,toxic
FFLYNIRV,55,41,11,6,96,17,0.626984126984127,toxic
GLFYRDCV,53,43,10,7,96,17,0.626984126984127,toxic
CVVYFFDL,45,43,5,9,88,14,0.6271186440677966,toxic
FVRCCRLC,49,39,5,9,88,14,0.6271186440677966,toxic
SFCCCGFC,75,64,15,18,139,33,0.6272189349112426,toxic
VFFCCIYD,45,35,5,6,80,11,0.6272727272727273,toxic
YNFIFLSR,49,31,4,7,80,11,0.6272727272727273,toxic
YYGFIVFC,48,32,5,6,80,11,0.6272727272727273,toxic
LIFVCFVD,47,33,3,8,80,11,0.6272727272727273,toxic
FCCLGCIY,46,34,4,7,80,11,0.6272727272727273,toxic
ICCIVYIC,43,29,5,3,72,8,0.6274509803921569,toxic
CYFFVYLH,42,30,2,6,72,8,0.6274509803921569,toxic
IFVVFFSG,43,29,4,4,72,8,0.6274509803921569,toxic
FLNVFVFF,42,30,2,6,72,8,0.6274509803921569,toxic
IVFCFHCL,38,34,4,4,72,8,0.6274509803921569,toxic
SLLFCCLR,45,27,4,4,72,8,0.6274509803921569,toxic
CFFVLFCC,45,27,6,2,72,8,0.6274509803921569,toxic
CFIVCFFD,40,32,4,4,72,8,0.6274509803921569,toxic
FIYVVYRC,45,27,4,4,72,8,0.6274509803921569,toxic
FFCYFFIC,44,28,3,5,72,8,0.6274509803921569,toxic
VRHCLIVF,44,28,6,2,72,8,0.6274509803921569,toxic
LFLIVGSL,44,28,5,3,72,8,0.6274509803921569,toxic
FCFVSLLY,43,29,2,6,72,8,0.6274509803921569,toxic
FFYCFCCF,36,28,2,3,64,5,0.6276595744680851,toxic
YFDVFFSF,40,24,1,4,64,5,0.6276595744680851,toxic
FCFRVYIS,40,24,2,3,64,5,0.6276595744680851,toxic
LCVFIFCC,39,25,1,4,64,5,0.6276595744680851,toxic
FFVYRFCY,40,24,3,2,64,5,0.6276595744680851,toxic
VYSYRIFL,38,26,2,3,64,5,0.6276595744680851,toxic
YCIVCLIR,36,28,2,3,64,5,0.6276595744680851,toxic
ILVCRYIL,41,23,4,1,64,5,0.6276595744680851,toxic
VFVVGIFC,39,25,1,4,64,5,0.6276595744680851,toxic
VIFIFSDV,38,26,1,4,64,5,0.6276595744680851,toxic
FYIYLHGF,37,27,1,4,64,5,0.6276595744680851,toxic
FFIHLVVR,55,52,11,10,107,21,0.6277372262773723,toxic
CCSYYCRC,63,44,7,14,107,21,0.6277372262773723,toxic
LDDYVRLG,63,44,10,11,107,21,0.6277372262773723,toxic
VVCIHVVC,29,27,0,2,56,2,0.627906976744186,toxic
VFYVCFLR,37,19,2,0,56,2,0.627906976744186,toxic
FLIFFCYF,80,62,17,17,142,34,0.627906976744186,toxic
VVYFFFFR,37,19,1,1,56,2,0.627906976744186,toxic
FFCVCRFY,27,29,1,1,56,2,0.627906976744186,toxic
VLLLGYVY,31,25,0,2,56,2,0.627906976744186,toxic
CRLLYFYF,33,23,0,2,56,2,0.627906976744186,toxic
FVICFRCV,33,23,1,1,56,2,0.627906976744186,toxic
SYDFCVVI,36,20,2,0,56,2,0.627906976744186,toxic
YRYYCFLF,34,22,1,1,56,2,0.627906976744186,toxic
FFCFCSLF,36,20,1,1,56,2,0.627906976744186,toxic
FFYLGFFS,31,25,0,2,56,2,0.627906976744186,toxic
FYVFRCHF,37,19,1,1,56,2,0.627906976744186,toxic
FCFCVIRC,36,20,1,1,56,2,0.627906976744186,toxic
CFFHVLFR,31,25,1,1,56,2,0.627906976744186,toxic
VCCYVYYR,58,41,5,13,99,18,0.627906976744186,toxic
ILYGCLCF,50,41,7,8,91,15,0.628099173553719,toxic
FLFCVDFC,49,34,6,6,83,12,0.6283185840707964,toxic
CVCGYDYF,44,39,5,7,83,12,0.6283185840707964,toxic
CLNCRFVI,51,32,6,6,83,12,0.6283185840707964,toxic
NDIDYVYI,51,32,7,5,83,12,0.6283185840707964,toxic
FYFDYFYF,48,35,5,7,83,12,0.6283185840707964,toxic
FNDRLFSG,45,38,6,6,83,12,0.6283185840707964,toxic
CVYDGGGF,65,53,12,13,118,25,0.6283783783783784,toxic
CCGHSCCY,68,50,14,11,118,25,0.6283783783783784,toxic
YRDRYCYF,83,70,18,20,153,38,0.6284153005464481,toxic
YFCFGICV,43,32,3,6,75,9,0.6285714285714286,toxic
FCRYGFCG,44,31,4,5,75,9,0.6285714285714286,toxic
FFCFISCY,47,28,6,3,75,9,0.6285714285714286,toxic
CCFNCYYL,39,36,3,6,75,9,0.6285714285714286,toxic
FFFVHCFG,45,30,5,4,75,9,0.6285714285714286,toxic
GCCFSGGI,76,61,16,16,137,32,0.6287425149700598,toxic
GVFHIIYY,59,43,9,10,102,19,0.6287878787878788,toxic
VYVVFDLV,55,47,12,7,102,19,0.6287878787878788,toxic
VFVFIFCV,42,25,2,4,67,6,0.6288659793814433,toxic
FHVFYFLY,42,25,3,3,67,6,0.6288659793814433,toxic
FLFLVILS,37,30,4,2,67,6,0.6288659793814433,toxic
VLLCLYSL,43,24,1,5,67,6,0.6288659793814433,toxic
CVGIYVFF,39,28,5,1,67,6,0.6288659793814433,toxic
VLFCILCC,42,25,4,2,67,6,0.6288659793814433,toxic
CCLFIHFS,40,27,3,3,67,6,0.6288659793814433,toxic
FFLGYFLV,37,30,3,3,67,6,0.6288659793814433,toxic
VIRFCYVY,38,29,5,1,67,6,0.6288659793814433,toxic
IILCCRIR,39,28,4,2,67,6,0.6288659793814433,toxic
CVCCRVLI,34,33,1,5,67,6,0.6288659793814433,toxic
LYFVFGLL,43,24,2,4,67,6,0.6288659793814433,toxic
IFVCRFIG,41,26,2,4,67,6,0.6288659793814433,toxic
FYFFGIDY,71,58,19,10,129,29,0.6289308176100629,toxic
DGGYGCFC,67,54,10,16,121,26,0.6291390728476821,toxic
FVFFNCFY,63,58,10,16,121,26,0.6291390728476821,toxic
IDHDGYLC,70,51,11,15,121,26,0.6291390728476821,toxic
VFCFVSLY,28,31,3,0,59,3,0.6292134831460674,toxic
FFISVCFL,39,20,1,2,59,3,0.6292134831460674,toxic
VVFCFYRC,38,21,1,2,59,3,0.6292134831460674,toxic
ISYYFYVF,37,22,1,2,59,3,0.6292134831460674,toxic
VCFFFRIV,35,24,1,2,59,3,0.6292134831460674,toxic
VILRFLCC,39,20,2,1,59,3,0.6292134831460674,toxic
FFIFHYRN,36,23,3,0,59,3,0.6292134831460674,toxic
FVVISYRV,38,21,3,0,59,3,0.6292134831460674,toxic
CYFVCVYF,37,22,1,2,59,3,0.6292134831460674,toxic
VCFVIYVF,37,22,0,3,59,3,0.6292134831460674,toxic
VFINFYVC,51,35,8,5,86,13,0.6293103448275862,toxic
CYIVCLCC,52,34,4,9,86,13,0.6293103448275862,toxic
CYCFCSGR,59,46,13,7,105,20,0.6296296296296297,toxic
LIVRVILI,34,17,0,0,51,0,0.6296296296296297,toxic
CFCYFRHF,45,33,4,6,78,10,0.6296296296296297,toxic
FFFCCCRG,60,45,8,12,105,20,0.6296296296296297,toxic
FYCLRFFF,28,23,0,0,51,0,0.6296296296296297,toxic
FFIGLIRF,31,20,0,0,51,0,0.6296296296296297,toxic
CLVVVIGC,48,30,3,7,78,10,0.6296296296296297,toxic
LCFYCCDC,59,46,8,12,105,20,0.6296296296296297,toxic
YLCFLSFF,47,31,2,8,78,10,0.6296296296296297,toxic
NIVRFLFL,30,21,0,0,51,0,0.6296296296296297,toxic
FVFICFHH,47,31,4,6,78,10,0.6296296296296297,toxic
LVIIVGCC,48,30,5,5,78,10,0.6296296296296297,toxic
GCVFVVHV,35,16,0,0,51,0,0.6296296296296297,toxic
SIYFVFLC,44,34,5,5,78,10,0.6296296296296297,toxic
CFFFIYFV,43,27,2,5,70,7,0.63,toxic
FRVGFIYL,44,26,2,5,70,7,0.63,toxic
FFYGFRIV,35,35,5,2,70,7,0.63,toxic
FFVIGFVL,40,30,2,5,70,7,0.63,toxic
LNCHFFLF,40,30,3,4,70,7,0.63,toxic
FIISVLGY,43,27,3,4,70,7,0.63,toxic
YCFIVFYF,40,30,3,4,70,7,0.63,toxic
LFIFFCCD,43,27,4,3,70,7,0.63,toxic
CCRSCCVL,41,29,2,5,70,7,0.63,toxic
FISNRFDL,64,52,11,13,116,24,0.6301369863013698,toxic
CCCCFNCG,66,50,10,14,116,24,0.6301369863013698,toxic
FRLYVHGY,54,35,8,6,89,14,0.6302521008403361,toxic
VNFLVCVV,54,35,5,9,89,14,0.6302521008403361,toxic
FCHILIGY,48,41,8,6,89,14,0.6302521008403361,toxic
CFVCCFRI,36,26,2,2,62,4,0.6304347826086957,toxic
CCLDVFDV,61,47,14,7,108,21,0.6304347826086957,toxic
FFILFCCH,37,25,1,3,62,4,0.6304347826086957,toxic
VFFGVYIV,33,29,1,3,62,4,0.6304347826086957,toxic
CFFCVFVC,40,22,2,2,62,4,0.6304347826086957,toxic
FIFICYRL,40,22,1,3,62,4,0.6304347826086957,toxic
FVYCCCCV,61,47,6,15,108,21,0.6304347826086957,toxic
LCYCFFGL,62,46,5,16,108,21,0.6304347826086957,toxic
FYYCLFVV,39,23,3,1,62,4,0.6304347826086957,toxic
GYFFIVFV,38,24,2,2,62,4,0.6304347826086957,toxic
IFVFCFFC,36,26,1,3,62,4,0.6304347826086957,toxic
FDFVLCVF,38,24,3,1,62,4,0.6304347826086957,toxic
FCYCGCGL,63,45,9,12,108,21,0.6304347826086957,toxic
RCFVYFVF,38,24,1,3,62,4,0.6304347826086957,toxic
VIVRVIIL,40,22,0,4,62,4,0.6304347826086957,toxic
FYFFNFCY,40,22,2,2,62,4,0.6304347826086957,toxic
CYLFVLYH,61,47,10,11,108,21,0.6304347826086957,toxic
CLIFFYYS,62,46,11,10,108,21,0.6304347826086957,toxic
CCFCIVCN,73,54,9,19,127,28,0.6305732484076433,toxic
CYCRGCVR,72,55,11,17,127,28,0.6305732484076433,toxic
FCLLFVNV,44,37,5,6,81,11,0.6306306306306306,toxic
VFHFVYYV,47,34,3,8,81,11,0.6306306306306306,toxic
CCGCFYVV,45,36,8,3,81,11,0.6306306306306306,toxic
YCCFCCGS,50,31,6,5,81,11,0.6306306306306306,toxic
CNCLIIFV,48,33,7,4,81,11,0.6306306306306306,toxic
IYCFLVYC,40,41,6,5,81,11,0.6306306306306306,toxic
VIVCICFC,48,33,7,4,81,11,0.6306306306306306,toxic
FCFFSIIH,47,34,4,7,81,11,0.6306306306306306,toxic
VFCCHHCI,47,34,6,5,81,11,0.6306306306306306,toxic
CCCLFYVR,57,43,8,10,100,18,0.6307692307692307,toxic
FLHFISVI,55,45,11,7,100,18,0.6307692307692307,toxic
VFLILFCF,31,23,1,0,54,1,0.6309523809523809,toxic
RFCVCIYC,35,19,0,1,54,1,0.6309523809523809,toxic
VVSYRVYF,34,20,1,0,54,1,0.6309523809523809,toxic
FYFYHLSI,30,24,1,0,54,1,0.6309523809523809,toxic
IDYVVFCL,34,20,0,1,54,1,0.6309523809523809,toxic
FFSIYIIR,36,18,1,0,54,1,0.6309523809523809,toxic
FRFYVCIR,31,23,0,1,54,1,0.6309523809523809,toxic
IGCCIFCF,43,30,3,5,73,8,0.6310679611650486,toxic
CVYCCNIL,40,33,3,5,73,8,0.6310679611650486,toxic
IHLIYFCV,45,28,4,4,73,8,0.6310679611650486,toxic
VFVVICIG,38,35,4,4,73,8,0.6310679611650486,toxic
VHFCVYIS,44,29,2,6,73,8,0.6310679611650486,toxic
FDFIVIGL,41,32,3,5,73,8,0.6310679611650486,toxic
FINYFFVV,43,30,5,3,73,8,0.6310679611650486,toxic
IICCCFVI,52,40,9,6,92,15,0.6311475409836066,toxic
CRCGVCFF,50,42,8,7,92,15,0.6311475409836066,toxic
CFSCCFGL,51,41,10,5,92,15,0.6311475409836066,toxic
FIFLVDFY,54,38,8,7,92,15,0.6311475409836066,toxic
IFHCCVCC,55,37,7,8,92,15,0.6311475409836066,toxic
CCVVGFVI,58,53,10,12,111,22,0.6312056737588653,toxic
FYRDVGCC,62,49,10,12,111,22,0.6312056737588653,toxic
VYVGCFVI,74,56,13,16,130,29,0.63125,toxic
FCGIFLFC,58,45,6,13,103,19,0.631578947368421,toxic
DVVVFIHL,46,38,5,7,84,12,0.631578947368421,toxic
FYYDRDYF,68,54,10,16,122,26,0.631578947368421,toxic
CIIIFFCY,35,30,3,2,65,5,0.631578947368421,toxic
CVVFVCRV,51,33,7,5,84,12,0.631578947368421,toxic
YFILCVSC,39,26,2,3,65,5,0.631578947368421,toxic
FFCIHCYV,35,30,2,3,65,5,0.631578947368421,toxic
RFLILFYR,38,27,3,2,65,5,0.631578947368421,toxic
GFLCCIFC,35,30,2,3,65,5,0.631578947368421,toxic
YLCVCSCI,77,64,19,14,141,33,0.631578947368421,toxic
IIVFHIVF,39,26,5,0,65,5,0.631578947368421,toxic
IVIFCFGD,30,35,2,3,65,5,0.631578947368421,toxic
CCDCFCIR,69,53,8,18,122,26,0.631578947368421,toxic
LYFGVFRF,32,33,2,3,65,5,0.631578947368421,toxic
FLVDCDRL,85,67,16,21,152,37,0.6318681318681318,toxic
YDGCDFVV,64,50,11,12,114,23,0.6319444444444444,toxic
FICCCVCC,54,41,6,10,95,16,0.632,toxic
GRCLYLIC,56,39,11,5,95,16,0.632,toxic
YIVSIVLC,37,39,8,1,76,9,0.6320754716981132,toxic
GYYCFCCI,40,36,3,6,76,9,0.6320754716981132,toxic
CIYIGIVY,46,30,6,3,76,9,0.6320754716981132,toxic
IYLCCVIV,47,29,5,4,76,9,0.6320754716981132,toxic
CFCCLFSV,46,30,3,6,76,9,0.6320754716981132,toxic
FYFVHVVF,43,33,5,4,76,9,0.6320754716981132,toxic
VLFFVYCC,44,32,6,3,76,9,0.6320754716981132,toxic
FFCFCFHF,38,19,1,1,57,2,0.632183908045977,toxic
IGYYVYLI,35,22,2,0,57,2,0.632183908045977,toxic
LCYFILRF,37,20,0,2,57,2,0.632183908045977,toxic
FYVLRFGC,35,22,0,2,57,2,0.632183908045977,toxic
DYLYVIYF,32,25,1,1,57,2,0.632183908045977,toxic
FFFFFCIY,32,25,1,1,57,2,0.632183908045977,toxic
LFVGLFII,37,20,2,0,57,2,0.632183908045977,toxic
VSLLYVIC,38,19,1,1,57,2,0.632183908045977,toxic
FIHILLFF,34,23,1,1,57,2,0.632183908045977,toxic
VRFHFILV,27,30,0,2,57,2,0.632183908045977,toxic
YFGFFVLV,35,22,1,1,57,2,0.632183908045977,toxic
FFDFFCFV,36,21,0,2,57,2,0.632183908045977,toxic
FFRICSVF,33,24,1,1,57,2,0.632183908045977,toxic
FFVLFHRL,34,23,1,1,57,2,0.632183908045977,toxic
LCFYGFRF,34,23,2,0,57,2,0.632183908045977,toxic
FCVFRFCC,35,22,2,0,57,2,0.632183908045977,toxic
VRLLIILR,32,25,0,2,57,2,0.632183908045977,toxic
VFCCRGIF,86,69,22,16,155,38,0.6324324324324324,toxic
FRFGDYDV,49,38,7,6,87,13,0.6324786324786325,toxic
CCFFIFVI,52,35,7,6,87,13,0.6324786324786325,toxic
VVYYLFLH,44,43,6,7,87,13,0.6324786324786325,toxic
CHDVYFGS,44,43,6,7,87,13,0.6324786324786325,toxic
FCIIIFSH,49,38,3,10,87,13,0.6324786324786325,toxic
DYRCVHFG,53,34,4,9,87,13,0.6324786324786325,toxic
VSSLFRCY,64,53,10,14,117,24,0.6326530612244898,toxic
CVVCYFRF,38,30,3,3,68,6,0.6326530612244898,toxic
CFGVIFVR,42,26,2,4,68,6,0.6326530612244898,toxic
FFVHCILG,42,26,3,3,68,6,0.6326530612244898,toxic
ICLFCLIV,43,25,4,2,68,6,0.6326530612244898,toxic
LFFSCVFC,39,29,4,2,68,6,0.6326530612244898,toxic
LYGHVYGG,68,49,11,13,117,24,0.6326530612244898,toxic
LFYCFCHI,64,53,10,14,117,24,0.6326530612244898,toxic
LLRIILCD,36,32,2,4,68,6,0.6326530612244898,toxic
IFIICVSF,39,29,1,5,68,6,0.6326530612244898,toxic
VIHILLHC,57,41,8,9,98,17,0.6328125,toxic
GYRYDVRF,58,40,5,12,98,17,0.6328125,toxic
FFYFCDII,44,35,2,8,79,10,0.6330275229357798,toxic
NICVIVVF,43,36,5,5,79,10,0.6330275229357798,toxic
CHLVFLYN,49,30,4,6,79,10,0.6330275229357798,toxic
FYVGICVR,47,32,6,4,79,10,0.6330275229357798,toxic
SYIVVCVL,45,34,6,4,79,10,0.6330275229357798,toxic
SLYCNDVF,75,64,15,17,139,32,0.6331360946745562,toxic
CFFGCVLF,37,23,1,2,60,3,0.6333333333333333,toxic
YYFGVILC,36,24,2,1,60,3,0.6333333333333333,toxic
FFFGYVFF,27,33,1,2,60,3,0.6333333333333333,toxic
FCHFVRFL,36,24,1,2,60,3,0.6333333333333333,toxic
CYVVHISF,35,25,2,1,60,3,0.6333333333333333,toxic
FFVCCLYL,28,32,2,1,60,3,0.6333333333333333,toxic
FLICCCHV,52,38,5,9,90,14,0.6333333333333333,toxic
FFGCYVFL,35,25,2,1,60,3,0.6333333333333333,toxic
FCILRVCF,39,21,0,3,60,3,0.6333333333333333,toxic
VFIICIYY,35,25,1,2,60,3,0.6333333333333333,toxic
VRISLISF,38,22,0,3,60,3,0.6333333333333333,toxic
YFFCCFFD,54,36,5,9,90,14,0.6333333333333333,toxic
FNYYLFCY,45,26,5,2,71,7,0.6336633663366337,toxic
GYVFLVRC,36,35,2,5,71,7,0.6336633663366337,toxic
CSGYYFIF,44,27,3,4,71,7,0.6336633663366337,toxic
FGLFFVIY,45,26,1,6,71,7,0.6336633663366337,toxic
SLFIVVLC,45,26,4,3,71,7,0.6336633663366337,toxic
FFFCFDRF,43,28,3,4,71,7,0.6336633663366337,toxic
FIVCFSLV,43,28,5,2,71,7,0.6336633663366337,toxic
FLIFFYCL,42,29,5,2,71,7,0.6336633663366337,toxic
CLHCCGYC,47,35,7,4,82,11,0.6339285714285714,toxic
FIYINVNL,42,40,5,6,82,11,0.6339285714285714,toxic
CYVYVCYC,48,34,3,8,82,11,0.6339285714285714,toxic
FCCFGCGF,49,33,4,7,82,11,0.6339285714285714,toxic
CFYLLVCV,49,33,6,5,82,11,0.6339285714285714,toxic
GRFRVIFV,49,33,3,8,82,11,0.6339285714285714,toxic
FCGVCCCN,67,56,13,13,123,26,0.6339869281045751,toxic
VHFRSFIF,69,54,15,11,123,26,0.6339869281045751,toxic
LRSIFRRG,53,40,7,8,93,15,0.6341463414634146,toxic
FFFCFRVC,32,20,0,0,52,0,0.6341463414634146,toxic
IFFFCIHY,55,38,9,6,93,15,0.6341463414634146,toxic
FFCCVLRY,35,17,0,0,52,0,0.6341463414634146,toxic
LRIFFLFF,30,22,0,0,52,0,0.6341463414634146,toxic
YVVVIVRY,33,19,0,0,52,0,0.6341463414634146,toxic
NICFYLVC,37,26,1,3,63,4,0.6344086021505376,toxic
FLCYVRYF,40,23,2,2,63,4,0.6344086021505376,toxic
FVFCFYLG,35,28,2,2,63,4,0.6344086021505376,toxic
FLVLIFDC,40,23,1,3,63,4,0.6344086021505376,toxic
FFIVCHCI,39,24,4,0,63,4,0.6344086021505376,toxic
LIFCCFVC,40,23,1,3,63,4,0.6344086021505376,toxic
FFVCCVIY,38,25,1,3,63,4,0.6344086021505376,toxic
DIVIGFFF,40,23,2,2,63,4,0.6344086021505376,toxic
FRIRCIFC,39,24,2,2,63,4,0.6344086021505376,toxic
LYVCFCSF,38,25,2,2,63,4,0.6344086021505376,toxic
YVYLFYVV,41,22,2,2,63,4,0.6344086021505376,toxic
ISVYFICF,41,22,1,3,63,4,0.6344086021505376,toxic
FIYLCFVY,34,29,2,2,63,4,0.6344086021505376,toxic
FFDIIIFV,34,29,1,3,63,4,0.6344086021505376,toxic
FFDLFLRN,38,25,2,2,63,4,0.6344086021505376,toxic
CRCCSFNR,67,48,8,15,115,23,0.6344827586206897,toxic
FYCFYCRC,63,52,11,12,115,23,0.6344827586206897,toxic
VCCHLLCY,65,50,9,14,115,23,0.6344827586206897,toxic
YFLILVCY,43,31,2,6,74,8,0.6346153846153846,toxic
LFIHHFVY,44,30,0,8,74,8,0.6346153846153846,toxic
SDYFSYGR,72,54,13,14,126,27,0.6346153846153846,toxic
FFYCYVFV,40,34,4,4,74,8,0.6346153846153846,toxic
LSCYCVIY,69,57,10,17,126,27,0.6346153846153846,toxic
LNIYLIRL,43,31,1,7,74,8,0.6346153846153846,toxic
FRYGHFNR,76,61,14,17,137,31,0.6347305389221557,toxic
HINFYIIG,50,35,4,8,85,12,0.6347826086956522,toxic
LVILRVRG,51,34,7,5,85,12,0.6347826086956522,toxic
RYCCVCYV,47,38,8,4,85,12,0.6347826086956522,toxic
FYYIYLFG,83,65,17,18,148,35,0.6348314606741573,toxic
FIVFCVNH,57,39,8,8,96,16,0.6349206349206349,toxic
CFCSHLYY,57,39,9,7,96,16,0.6349206349206349,toxic
CFCCIFFG,55,41,8,8,96,16,0.6349206349206349,toxic
YCCVCINL,61,46,10,10,107,20,0.635036496350365,toxic
HYLCYCGF,59,48,10,10,107,20,0.635036496350365,toxic
NFDDCIYS,68,50,9,15,118,24,0.6351351351351351,toxic
FYHYGYDV,66,52,13,11,118,24,0.6351351351351351,toxic
YFCCNCSH,68,61,13,15,129,28,0.6352201257861635,toxic
RFCIRFVF,31,24,0,1,55,1,0.6352941176470588,toxic
FCSNSFYD,75,65,14,18,140,32,0.6352941176470588,toxic
FLFFYYFV,37,18,1,0,55,1,0.6352941176470588,toxic
ICFFVFRL,37,18,0,1,55,1,0.6352941176470588,toxic
FFCFRFYI,30,25,1,0,55,1,0.6352941176470588,toxic
FYLNYVIF,37,18,1,0,55,1,0.6352941176470588,toxic
FCYIRIFG,31,24,0,1,55,1,0.6352941176470588,toxic
GFFRFRFF,36,19,0,1,55,1,0.6352941176470588,toxic
VRIICCYL,30,25,1,0,55,1,0.6352941176470588,toxic
CFSFCFIL,36,19,0,1,55,1,0.6352941176470588,toxic
FCFSVFYF,30,25,1,0,55,1,0.6352941176470588,toxic
DYCVFDRV,82,69,12,24,151,36,0.6353591160220995,toxic
NCFYVYVI,40,26,2,3,66,5,0.6354166666666666,toxic
FILFCYCY,39,27,4,1,66,5,0.6354166666666666,toxic
FVLCVFFL,37,29,1,4,66,5,0.6354166666666666,toxic
GFNYVFIL,35,31,4,1,66,5,0.6354166666666666,toxic
LVICIVCV,34,32,4,1,66,5,0.6354166666666666,toxic
FIYVCYSF,40,26,2,3,66,5,0.6354166666666666,toxic
LYYCVCFL,42,24,1,4,66,5,0.6354166666666666,toxic
YLYFFCGR,40,26,0,5,66,5,0.6354166666666666,toxic
FIIYFLYN,44,33,4,5,77,9,0.6355140186915887,toxic
VRVVYYCL,40,37,4,5,77,9,0.6355140186915887,toxic
FSCFYYCL,48,29,4,5,77,9,0.6355140186915887,toxic
VFFCFFFV,45,32,5,4,77,9,0.6355140186915887,toxic
FIFICDIL,47,30,2,7,77,9,0.6355140186915887,toxic
RFVCVIII,53,35,7,6,88,13,0.635593220338983,toxic
FFYCVFIN,50,38,7,6,88,13,0.635593220338983,toxic
VIVCVYYG,49,39,4,9,88,13,0.635593220338983,toxic
GCCYCFRV,50,38,7,6,88,13,0.635593220338983,toxic
ICFGCFCL,58,41,10,7,99,17,0.6356589147286822,toxic
VFCVCFYG,52,47,9,8,99,17,0.6356589147286822,toxic
YVCVLCCI,58,41,6,11,99,17,0.6356589147286822,toxic
YCGFCVCC,63,47,9,12,110,21,0.6357142857142857,toxic
CVSYLVCY,69,52,14,11,121,25,0.6357615894039735,toxic
VRYFVCGY,70,51,11,14,121,25,0.6357615894039735,toxic
CVNLFVSF,73,59,12,17,132,29,0.6358024691358025,toxic
FCGFVCLV,79,67,16,18,146,34,0.6363636363636364,toxic
LCCVFIFD,43,26,3,3,69,6,0.6363636363636364,toxic
YGIYVFRY,37,21,1,1,58,2,0.6363636363636364,toxic
FFVVFLLI,38,20,0,2,58,2,0.6363636363636364,toxic
CILCYSFI,52,39,8,6,91,14,0.6363636363636364,toxic
FIVSCYFC,38,31,2,4,69,6,0.6363636363636364,toxic
YFCCSVYC,52,39,4,10,91,14,0.6363636363636364,toxic
VYSICVLF,44,25,6,0,69,6,0.6363636363636364,toxic
FIHCCSCV,81,65,16,18,146,34,0.6363636363636364,toxic
VLVNIILG,43,26,4,2,69,6,0.6363636363636364,toxic
LYYCLLGF,35,23,0,2,58,2,0.6363636363636364,toxic
FFYHFFFF,43,26,0,6,69,6,0.6363636363636364,toxic
FLNFYFFV,38,20,0,2,58,2,0.6363636363636364,toxic
FFCIVSRH,64,49,13,9,113,22,0.6363636363636364,toxic
FYILYRLV,36,22,1,1,58,2,0.6363636363636364,toxic
YSGFNVCD,72,63,16,14,135,30,0.6363636363636364,toxic
HYCLIGCC,59,43,12,6,102,18,0.6363636363636364,toxic
FCYYLFGF,32,26,1,1,58,2,0.6363636363636364,toxic
CFVLIGCF,37,21,1,1,58,2,0.6363636363636364,toxic
CHFYVHVI,45,35,4,6,80,10,0.6363636363636364,toxic
FFSVIFDF,32,26,1,1,58,2,0.6363636363636364,toxic
LFICLRHF,43,26,4,2,69,6,0.6363636363636364,toxic
IFVFFCVY,48,32,3,7,80,10,0.6363636363636364,toxic
LYCLYFFG,49,31,4,6,80,10,0.6363636363636364,toxic
FIGFCVFY,41,28,3,3,69,6,0.6363636363636364,toxic
FCSFCVFG,61,52,12,10,113,22,0.6363636363636364,toxic
FDVFFLLV,32,26,1,1,58,2,0.6363636363636364,toxic
SYFVCISL,49,31,6,4,80,10,0.6363636363636364,toxic
FLSLFIGF,36,22,2,0,58,2,0.6363636363636364,toxic
YYLFIDLL,46,34,6,4,80,10,0.6363636363636364,toxic
YFYHFFRD,72,55,20,7,127,27,0.6369426751592356,toxic
CVFCGDFF,54,40,7,8,94,15,0.6370967741935484,toxic
FYFVFFNF,56,38,8,7,94,15,0.6370967741935484,toxic
FVVFNFCV,51,32,3,8,83,11,0.6371681415929203,toxic
YCIFCICC,48,35,2,9,83,11,0.6371681415929203,toxic
FHFLVFGL,47,36,3,8,83,11,0.6371681415929203,toxic
CCCFYGNL,48,35,3,8,83,11,0.6371681415929203,toxic
FLSVCFIR,47,36,8,3,83,11,0.6371681415929203,toxic
HYLLCCIG,51,32,3,8,83,11,0.6371681415929203,toxic
YFCVSVYC,41,31,5,2,72,7,0.6372549019607843,toxic
FYFGFFVY,39,33,0,7,72,7,0.6372549019607843,toxic
HCCGYCIL,45,27,4,3,72,7,0.6372549019607843,toxic
IIVLCYIH,42,30,4,3,72,7,0.6372549019607843,toxic
HGFCYCYF,43,29,2,5,72,7,0.6372549019607843,toxic
YCFVIFIG,40,32,3,4,72,7,0.6372549019607843,toxic
FYVGCIIF,43,29,3,4,72,7,0.6372549019607843,toxic
CYCFFCGV,44,28,3,4,72,7,0.6372549019607843,toxic
HFFFFYVF,40,21,2,1,61,3,0.6373626373626373,toxic
FVIYYFCV,40,21,2,1,61,3,0.6373626373626373,toxic
FVLNVYCF,40,21,2,1,61,3,0.6373626373626373,toxic
FFRNLFCV,40,21,2,1,61,3,0.6373626373626373,toxic
FRCFFLIN,40,21,1,2,61,3,0.6373626373626373,toxic
FFLVHVFG,37,24,2,1,61,3,0.6373626373626373,toxic
LFLILFDF,39,22,1,2,61,3,0.6373626373626373,toxic
CIFYFIFI,39,22,2,1,61,3,0.6373626373626373,toxic
CFVICFGL,39,22,2,1,61,3,0.6373626373626373,toxic
FIFNCYYF,39,22,1,2,61,3,0.6373626373626373,toxic
FLIYLIRL,37,24,2,1,61,3,0.6373626373626373,toxic
NFFGVIVY,32,29,1,2,61,3,0.6373626373626373,toxic
FFILYVSD,64,66,14,14,130,28,0.6375,toxic
CCCNVCGI,66,53,10,14,119,24,0.6375838926174496,toxic
DFHFGFCR,52,56,7,13,108,20,0.6376811594202898,toxic
FCVCSCGY,56,41,4,12,97,16,0.6377952755905512,toxic
GVVCCICH,81,63,17,16,144,33,0.6379310344827587,toxic
CYYLCVGC,52,34,6,6,86,12,0.6379310344827587,toxic
CFVCVCCV,50,36,6,6,86,12,0.6379310344827587,toxic
LSCYICID,76,57,20,9,133,29,0.6380368098159509,toxic
NCIFHFYV,75,58,10,19,133,29,0.6380368098159509,toxic
VRYFVIRR,44,31,4,4,75,8,0.638095238095238,toxic
RCFCLVIR,45,30,4,4,75,8,0.638095238095238,toxic
CRLRLVFI,46,29,5,3,75,8,0.638095238095238,toxic
FICVRVCH,47,28,5,3,75,8,0.638095238095238,toxic
HLLYCFIL,35,40,2,6,75,8,0.638095238095238,toxic
FIYLFVGH,45,30,2,6,75,8,0.638095238095238,toxic
YYFFYGCC,44,31,4,4,75,8,0.638095238095238,toxic
IVCFFCRC,37,27,1,3,64,4,0.6382978723404256,toxic
FLVGFVVV,38,26,3,1,64,4,0.6382978723404256,toxic
VFCLICCC,34,30,1,3,64,4,0.6382978723404256,toxic
LFLVGIYV,38,26,2,2,64,4,0.6382978723404256,toxic
FLLVRFSV,36,28,2,2,64,4,0.6382978723404256,toxic
FIFICVRS,36,28,1,3,64,4,0.6382978723404256,toxic
VLIVICLN,40,24,3,1,64,4,0.6382978723404256,toxic
CCFYVCCI,41,23,2,2,64,4,0.6382978723404256,toxic
YFRSGCVY,40,24,4,0,64,4,0.6382978723404256,toxic
CCLRFYFL,35,29,3,1,64,4,0.6382978723404256,toxic
SCFFYVCC,36,28,1,3,64,4,0.6382978723404256,toxic
VFGFVVHF,38,26,2,2,64,4,0.6382978723404256,toxic
NGFYCIFI,36,28,2,2,64,4,0.6382978723404256,toxic
HSFGGFGY,62,49,11,10,111,21,0.6382978723404256,toxic
FFIFRLVG,38,26,0,4,64,4,0.6382978723404256,toxic
FFCCISFC,36,28,2,2,64,4,0.6382978723404256,toxic
FIFYYIYL,41,23,3,1,64,4,0.6382978723404256,toxic
DLVIVVGV,59,41,9,8,100,17,0.6384615384615384,toxic
CNYFCYIF,30,23,0,0,53,0,0.6385542168674698,toxic
FRLLRCFV,34,19,0,0,53,0,0.6385542168674698,toxic
CSVFFIRV,36,17,0,0,53,0,0.6385542168674698,toxic
FFRFVCLY,32,21,0,0,53,0,0.6385542168674698,toxic
CCVVFFGI,52,37,5,8,89,13,0.6386554621848739,toxic
FFCFICCC,45,44,5,8,89,13,0.6386554621848739,toxic
GIFYCCFV,51,38,8,5,89,13,0.6386554621848739,toxic
DIFGRFII,54,35,6,7,89,13,0.6386554621848739,toxic
YVILVCFL,48,30,8,1,78,9,0.6388888888888888,toxic
LIVYHFSV,46,32,5,4,78,9,0.6388888888888888,toxic
YYVVVVLD,46,32,4,5,78,9,0.6388888888888888,toxic
YIVFRYVF,46,32,7,2,78,9,0.6388888888888888,toxic
VYIFCVIS,58,45,8,10,103,18,0.6390977443609023,toxic
CCHSCLRF,61,42,14,4,103,18,0.6390977443609023,toxic
FIFFHVVG,41,26,4,1,67,5,0.6391752577319587,toxic
CYGFLLVF,41,26,2,3,67,5,0.6391752577319587,toxic
FFCGFVIC,37,30,1,4,67,5,0.6391752577319587,toxic
YCVLCVIV,41,26,0,5,67,5,0.6391752577319587,toxic
FCFVVCLR,43,24,4,1,67,5,0.6391752577319587,toxic
VFCFLCFL,39,28,3,2,67,5,0.6391752577319587,toxic
FYCYFYCY,37,30,3,2,67,5,0.6391752577319587,toxic
YCLFVYCF,35,32,1,4,67,5,0.6391752577319587,toxic
FIFIVVFR,40,27,3,2,67,5,0.6391752577319587,toxic
YLRVLIFI,35,32,2,3,67,5,0.6391752577319587,toxic
ICRCCRFL,39,28,3,2,67,5,0.6391752577319587,toxic
CISVCFCY,43,24,2,3,67,5,0.6391752577319587,toxic
FFIVDFCV,53,39,4,10,92,14,0.639344262295082,toxic
FFCCNDCY,48,44,7,7,92,14,0.639344262295082,toxic
IFIFFFNL,34,22,1,0,56,1,0.6395348837209303,toxic
FVFFFFHF,33,23,1,0,56,1,0.6395348837209303,toxic
FFRFFVSR,31,25,1,0,56,1,0.6395348837209303,toxic
IFVVYCVR,31,25,1,0,56,1,0.6395348837209303,toxic
SFNFFILF,35,21,0,1,56,1,0.6395348837209303,toxic
FFCVFRFL,36,20,0,1,56,1,0.6395348837209303,toxic
YFCCFFGR,48,33,6,4,81,10,0.6396396396396397,toxic
CCCFGCRD,46,35,2,8,81,10,0.6396396396396397,toxic
LCGLCFCC,49,32,8,2,81,10,0.6396396396396397,toxic
HLVSVILL,48,33,3,7,81,10,0.6396396396396397,toxic
FVVCCVFS,49,32,5,5,81,10,0.6396396396396397,toxic
CCRSCIHY,50,31,3,7,81,10,0.6396396396396397,toxic
CCFCVVFV,46,35,6,4,81,10,0.6396396396396397,toxic
CVFHFFLS,46,35,3,7,81,10,0.6396396396396397,toxic
FSYDCNYV,55,51,7,12,106,19,0.6397058823529411,toxic
FLVFFVFI,62,44,7,12,106,19,0.6397058823529411,toxic
VHYGSCDY,84,72,13,24,156,37,0.6397849462365591,toxic
RISYFFYY,39,31,4,2,70,6,0.64,toxic
RINFVCFL,42,28,4,2,70,6,0.64,toxic
FVCSCCLF,51,44,3,12,95,15,0.64,toxic
CYFYFFCY,44,26,3,3,70,6,0.64,toxic
GILCYIDL,37,33,2,4,70,6,0.64,toxic
HICILSIL,38,32,1,5,70,6,0.64,toxic
FFICFHLR,54,41,6,9,95,15,0.64,toxic
CDVCIFFL,42,28,2,4,70,6,0.64,toxic
CVCILLCC,56,39,7,8,95,15,0.64,toxic
FFFIYFDF,36,34,4,2,70,6,0.64,toxic
VYIFVIVG,67,53,10,14,120,24,0.64,toxic
VYICFFGC,43,27,5,1,70,6,0.64,toxic
YVFLVRGI,40,30,1,5,70,6,0.64,toxic
FFVVVVFF,42,28,5,1,70,6,0.64,toxic
VVCFVYYV,39,31,2,4,70,6,0.64,toxic
FRVDYYVF,75,59,16,13,134,29,0.6402439024390244,toxic
GLFGDYGY,62,47,11,9,109,20,0.6402877697841727,toxic
IFYHFLVS,51,33,6,5,84,11,0.6403508771929824,toxic
VFFCFCRN,49,35,3,8,84,11,0.6403508771929824,toxic
SYYVCLFG,49,35,1,10,84,11,0.6403508771929824,toxic
VCCVFCCF,51,33,7,4,84,11,0.6403508771929824,toxic
FVIYINVV,47,37,4,7,84,11,0.6403508771929824,toxic
SYFVVCVH,51,33,7,4,84,11,0.6403508771929824,toxic
CFFCVFIH,47,37,3,8,84,11,0.6403508771929824,toxic
LCFHYYYC,49,35,8,3,84,11,0.6403508771929824,toxic
FCGVSVYR,45,39,6,5,84,11,0.6403508771929824,toxic
FGFLFFFS,51,33,7,4,84,11,0.6403508771929824,toxic
LYVCYLCG,46,38,5,6,84,11,0.6403508771929824,toxic
SYYVFFYC,35,24,1,1,59,2,0.6404494382022472,toxic
VYFVHVFI,39,20,1,1,59,2,0.6404494382022472,toxic
CHIFIIFF,37,22,2,0,59,2,0.6404494382022472,toxic
FILIGIGF,38,21,2,0,59,2,0.6404494382022472,toxic
VVFFIRFF,38,21,1,1,59,2,0.6404494382022472,toxic
CVYIHFLC,39,20,2,0,59,2,0.6404494382022472,toxic
FFCVYYVY,36,23,1,1,59,2,0.6404494382022472,toxic
FRLCLIIV,38,21,1,1,59,2,0.6404494382022472,toxic
IGLFGFFR,39,20,1,1,59,2,0.6404494382022472,toxic
FVLFCCCI,39,20,1,1,59,2,0.6404494382022472,toxic
FLVVLCSS,39,20,1,1,59,2,0.6404494382022472,toxic
ISIRFHVI,38,21,1,1,59,2,0.6404494382022472,toxic
FFYCYVRV,31,28,1,1,59,2,0.6404494382022472,toxic
DVRYYLFI,36,23,1,1,59,2,0.6404494382022472,toxic
CYVCCVGH,71,52,11,14,123,25,0.6405228758169934,toxic
FICHIVCR,57,41,7,9,98,16,0.640625,toxic
HCCFFIVR,56,42,8,8,98,16,0.640625,toxic
FFVCCVLD,52,46,4,12,98,16,0.640625,toxic
CFIVICGN,57,41,6,10,98,16,0.640625,toxic
RFDCGVLY,74,63,13,17,137,30,0.6407185628742516,toxic
LYYCVYFV,45,28,3,4,73,7,0.6407766990291263,toxic
RHVYYFCF,46,27,3,4,73,7,0.6407766990291263,toxic
CFHLCVFC,46,27,5,2,73,7,0.6407766990291263,toxic
FCDCGFYC,46,27,4,3,73,7,0.6407766990291263,toxic
NIISVFVF,44,29,4,3,73,7,0.6407766990291263,toxic
FFFGLCYC,42,31,5,2,73,7,0.6407766990291263,toxic
CYFCIVCC,44,29,5,2,73,7,0.6407766990291263,toxic
VCFYFVCC,38,35,3,4,73,7,0.6407766990291263,toxic
CCFFFDFI,63,49,13,8,112,21,0.6408450704225352,toxic
FRRCCCFF,53,34,7,5,87,12,0.6410256410256411,toxic
VVVIYRNI,50,37,8,4,87,12,0.6410256410256411,toxic
RFGCCFYF,60,41,10,7,101,17,0.6412213740458015,toxic
GINCIYVF,56,45,7,10,101,17,0.6412213740458015,toxic
HVHFIINY,55,46,11,6,101,17,0.6412213740458015,toxic
YRCVVIYC,38,24,3,0,62,3,0.6413043478260869,toxic
LYNLYIYI,40,22,1,2,62,3,0.6413043478260869,toxic
FCYSVFIF,38,24,1,2,62,3,0.6413043478260869,toxic
CVILIICY,34,28,1,2,62,3,0.6413043478260869,toxic
IVVFYVSI,37,25,2,1,62,3,0.6413043478260869,toxic
LLIHIFVV,37,25,3,0,62,3,0.6413043478260869,toxic
FIIICVFC,36,26,1,2,62,3,0.6413043478260869,toxic
VFIVLLCC,37,25,2,1,62,3,0.6413043478260869,toxic
CCRIHIVY,37,25,1,2,62,3,0.6413043478260869,toxic
RYCCVYLF,37,25,1,2,62,3,0.6413043478260869,toxic
CIFYYHFC,39,23,1,2,62,3,0.6413043478260869,toxic
CCGLISLF,60,55,12,10,115,22,0.6413793103448275,toxic
FFVVLRCG,73,56,10,17,129,27,0.6415094339622641,toxic
FSIFLFVV,46,30,2,6,76,8,0.6415094339622641,toxic
CRIYNCCC,40,36,4,4,76,8,0.6415094339622641,toxic
YICFILRV,43,33,4,4,76,8,0.6415094339622641,toxic
FICCVCFS,42,34,2,6,76,8,0.6415094339622641,toxic
ILCVVILG,42,34,6,2,76,8,0.6415094339622641,toxic
IIFVVIIG,46,30,5,3,76,8,0.6415094339622641,toxic
FFIYCYVH,45,31,2,6,76,8,0.6415094339622641,toxic
VLIFCIHG,44,32,4,4,76,8,0.6415094339622641,toxic
VCVIYFVC,43,33,4,4,76,8,0.6415094339622641,toxic
CIFFGYLL,51,39,4,9,90,13,0.6416666666666667,toxic
LFFYVCRG,54,36,7,6,90,13,0.6416666666666667,toxic
YGVRYYCD,120,104,28,33,224,61,0.6417322834645669,toxic
CCYYIYRC,53,51,8,10,104,18,0.6417910447761194,toxic
VICCYHCS,57,47,8,10,104,18,0.6417910447761194,toxic
CFCVFLNF,41,24,1,3,65,4,0.6421052631578947,toxic
VIFVCVFC,40,25,0,4,65,4,0.6421052631578947,toxic
FNIIICNI,40,25,2,2,65,4,0.6421052631578947,toxic
FFFINLCV,36,29,1,3,65,4,0.6421052631578947,toxic
ILLFIRCC,38,27,1,3,65,4,0.6421052631578947,toxic
FFIFCFCD,40,25,1,3,65,4,0.6421052631578947,toxic
CIFFFDCF,42,23,3,1,65,4,0.6421052631578947,toxic
FFFCFSFV,41,24,1,3,65,4,0.6421052631578947,toxic
FFVCVCLF,39,26,1,3,65,4,0.6421052631578947,toxic
ICCLFLNF,40,25,3,1,65,4,0.6421052631578947,toxic
FCCYFHIV,48,31,5,4,79,9,0.6422018348623854,toxic
FYRICIHF,45,34,3,6,79,9,0.6422018348623854,toxic
FLFLVCYD,48,31,4,5,79,9,0.6422018348623854,toxic
FFGRIFNV,48,31,5,4,79,9,0.6422018348623854,toxic
FCICIVLG,44,35,4,5,79,9,0.6422018348623854,toxic
LVCLCIFC,48,31,6,3,79,9,0.6422018348623854,toxic
ICCFFLFD,43,36,6,3,79,9,0.6422018348623854,toxic
CYVFYCVI,47,32,4,5,79,9,0.6422018348623854,toxic
FLYSGYFF,48,31,4,5,79,9,0.6422018348623854,toxic
NDFFGYSV,52,41,6,8,93,14,0.6422764227642277,toxic
CFCYCGIY,53,40,9,5,93,14,0.6422764227642277,toxic
CYVFLYFC,53,40,9,5,93,14,0.6422764227642277,toxic
VFFFFCVV,56,37,8,6,93,14,0.6422764227642277,toxic
VRVRCIFC,55,38,7,7,93,14,0.6422764227642277,toxic
FGYSIVVY,69,52,6,18,121,24,0.6423841059602649,toxic
CCIYFGCC,78,60,13,17,138,30,0.6428571428571429,toxic
CFVLFVCD,41,27,2,3,68,5,0.6428571428571429,toxic
YSYVFYFL,37,31,3,2,68,5,0.6428571428571429,toxic
VNFVIFYF,28,26,0,0,54,0,0.6428571428571429,toxic
CIVVLFFN,48,34,4,6,82,10,0.6428571428571429,toxic
CFVFYCLR,38,30,1,4,68,5,0.6428571428571429,toxic
IGFLVYYC,38,30,1,4,68,5,0.6428571428571429,toxic
CCFYLIYS,56,40,4,11,96,15,0.6428571428571429,toxic
CIFVHVIS,42,26,3,2,68,5,0.6428571428571429,toxic
FSFFFVSF,31,23,0,0,54,0,0.6428571428571429,toxic
LDCCYCFI,49,33,5,5,82,10,0.6428571428571429,toxic
FLFYSYVF,41,27,2,3,68,5,0.6428571428571429,toxic
LYCFICFF,46,36,3,7,82,10,0.6428571428571429,toxic
FCLFVDLY,50,32,3,7,82,10,0.6428571428571429,toxic
FHYVRVGF,70,54,7,18,124,25,0.6428571428571429,toxic
CHIHYIFV,40,28,2,3,68,5,0.6428571428571429,toxic
FIFFCFLI,35,33,3,2,68,5,0.6428571428571429,toxic
IYFIVSFI,36,18,0,0,54,0,0.6428571428571429,toxic
YYLGGRCC,56,40,3,12,96,15,0.6428571428571429,toxic
VLICFRGC,69,55,9,16,124,25,0.6428571428571429,toxic
CFLISFCY,41,27,2,3,68,5,0.6428571428571429,toxic
FFFFFFVF,34,20,0,0,54,0,0.6428571428571429,toxic
IIVCLICH,42,26,3,2,68,5,0.6428571428571429,toxic
CICCDCYF,37,31,3,2,68,5,0.6428571428571429,toxic
FYFFVCFD,85,67,18,17,152,35,0.6428571428571429,toxic
VYGHSFRY,66,47,8,13,113,21,0.6433566433566433,toxic
YIFVVSVF,56,43,8,8,99,16,0.6434108527131783,toxic
CNVVYFRF,57,42,10,6,99,16,0.6434108527131783,toxic
FHNVIIII,59,40,8,8,99,16,0.6434108527131783,toxic
YFIDVFVC,59,40,7,9,99,16,0.6434108527131783,toxic
DLYVCFLG,48,37,7,4,85,11,0.6434782608695652,toxic
YCLYCIVG,52,33,7,4,85,11,0.6434782608695652,toxic
CFYVVSIR,48,37,5,6,85,11,0.6434782608695652,toxic
CHYFLLIV,52,33,5,6,85,11,0.6434782608695652,toxic
FFCFGYLY,51,34,5,6,85,11,0.6434782608695652,toxic
YVVVCYVF,44,27,2,4,71,6,0.6435643564356436,toxic
YYIFCIIS,40,31,3,3,71,6,0.6435643564356436,toxic
LICRYFVY,39,32,2,4,71,6,0.6435643564356436,toxic
FLFFHFFD,43,28,3,3,71,6,0.6435643564356436,toxic
FRLLCLCL,37,34,3,3,71,6,0.6435643564356436,toxic
FIFNFVYL,41,30,3,3,71,6,0.6435643564356436,toxic
ICIFFYVV,45,26,3,3,71,6,0.6435643564356436,toxic
FYRIGYNF,44,27,3,3,71,6,0.6435643564356436,toxic
LFCLRSYF,36,21,0,1,57,1,0.6436781609195402,toxic
FLSVHFRF,35,22,0,1,57,1,0.6436781609195402,toxic
FFLLSVCF,37,20,0,1,57,1,0.6436781609195402,toxic
CLCYLIVR,30,27,1,0,57,1,0.6436781609195402,toxic
CFCFNILF,36,21,0,1,57,1,0.6436781609195402,toxic
RLIYVVIF,33,24,0,1,57,1,0.6436781609195402,toxic
FFIGLCIG,31,26,1,0,57,1,0.6436781609195402,toxic
VCCLCNVL,54,48,8,9,102,17,0.6439393939393939,toxic
CCCIYLLV,51,37,7,5,88,12,0.6440677966101694,toxic
CCCRCCRG,73,60,16,12,133,28,0.6441717791411042,toxic
ICIFYYGF,46,28,3,4,74,7,0.6442307692307693,toxic
FSVCFIYL,41,33,4,3,74,7,0.6442307692307693,toxic
ILFICFCG,42,32,4,3,74,7,0.6442307692307693,toxic
FFVCYVYC,46,28,3,4,74,7,0.6442307692307693,toxic
YCFCFVHL,43,31,4,3,74,7,0.6442307692307693,toxic
FYFLLCVY,39,35,4,3,74,7,0.6442307692307693,toxic
RFCFVFIC,38,36,5,2,74,7,0.6442307692307693,toxic
FICIRVDC,45,29,2,5,74,7,0.6442307692307693,toxic
IIIVFVYV,45,29,5,2,74,7,0.6442307692307693,toxic
FYFFFGLY,40,34,1,6,74,7,0.6442307692307693,toxic
FIVYIGCF,36,24,0,2,60,2,0.6444444444444445,toxic
FIRLLGLC,37,23,2,0,60,2,0.6444444444444445,toxic
CSYCVGIC,83,67,20,14,150,34,0.6444444444444445,toxic
LRHFLRVF,38,22,2,0,60,2,0.6444444444444445,toxic
IFFFHDFF,36,24,1,1,60,2,0.6444444444444445,toxic
FSFIYILL,39,21,1,1,60,2,0.6444444444444445,toxic
FFCFYVHS,61,44,8,10,105,18,0.6444444444444445,toxic
FFCFHFFL,39,21,2,0,60,2,0.6444444444444445,toxic
VFSIFCRY,32,28,1,1,60,2,0.6444444444444445,toxic
FLIICLVC,36,24,2,0,60,2,0.6444444444444445,toxic
LCCFYYVL,60,45,8,10,105,18,0.6444444444444445,toxic
DFFFVVCL,62,43,9,9,105,18,0.6444444444444445,toxic
VYLFLCRV,38,22,1,1,60,2,0.6444444444444445,toxic
IVLYIYYC,38,22,2,0,60,2,0.6444444444444445,toxic
FFVFYVVC,55,36,8,5,91,13,0.6446280991735537,toxic
FVVCVYFI,50,41,6,7,91,13,0.6446280991735537,toxic
DIFCFFVC,53,38,5,8,91,13,0.6446280991735537,toxic
FVFYVDYV,69,53,8,16,122,24,0.6447368421052632,toxic
CFVCVILN,47,30,4,4,77,8,0.6448598130841121,toxic
RVVCVCVY,41,36,4,4,77,8,0.6448598130841121,toxic
FCVFISYC,45,32,3,5,77,8,0.6448598130841121,toxic
IIFFIFCC,39,38,2,6,77,8,0.6448598130841121,toxic
RCLFIFRG,47,30,4,4,77,8,0.6448598130841121,toxic
LYVICHCL,55,39,8,6,94,14,0.6451612903225806,toxic
FVVFLCLY,39,24,2,1,63,3,0.6451612903225806,toxic
GFIFFICG,41,22,2,1,63,3,0.6451612903225806,toxic
HYRFVFFF,41,22,1,2,63,3,0.6451612903225806,toxic
FYLCFYYF,39,24,2,1,63,3,0.6451612903225806,toxic
FFVHFCYY,29,34,1,2,63,3,0.6451612903225806,toxic
IFLCYVCF,35,28,1,2,63,3,0.6451612903225806,toxic
FFISVLRY,39,24,3,0,63,3,0.6451612903225806,toxic
FIIFRVIF,36,27,2,1,63,3,0.6451612903225806,toxic
VYDLHYRD,63,48,9,11,111,20,0.6453900709219859,toxic
FFIIRHCH,120,101,30,29,221,59,0.6454183266932271,toxic
CFCDVCYV,43,37,6,3,80,9,0.6454545454545455,toxic
YYVCVFSF,47,33,5,4,80,9,0.6454545454545455,toxic
LLFYVLGV,49,31,1,8,80,9,0.6454545454545455,toxic
CRIFVIHC,45,35,2,7,80,9,0.6454545454545455,toxic
DYYLIHLV,46,34,4,5,80,9,0.6454545454545455,toxic
FCLSFFCN,46,34,2,7,80,9,0.6454545454545455,toxic
NYLCRCCC,111,96,28,26,207,54,0.6455696202531646,toxic
CFRYRFLI,58,39,7,8,97,15,0.6456692913385826,toxic
CIFCVVNY,58,39,5,10,97,15,0.6456692913385826,toxic
LCCCHGVF,79,66,17,15,145,32,0.6457142857142857,toxic
VFFLYFVV,40,26,2,2,66,4,0.6458333333333334,toxic
VICVCRVF,42,24,0,4,66,4,0.6458333333333334,toxic
FFYLFFGH,42,24,2,2,66,4,0.6458333333333334,toxic
FVFICFIF,36,30,1,3,66,4,0.6458333333333334,toxic
FVVFSFIV,30,36,2,2,66,4,0.6458333333333334,toxic
HFVFCFLY,36,30,1,3,66,4,0.6458333333333334,toxic
CHYCYFYF,41,25,2,2,66,4,0.6458333333333334,toxic
CHFFVFIL,42,24,2,2,66,4,0.6458333333333334,toxic
FLLILIHY,66,48,7,14,114,21,0.6458333333333334,toxic
FFGFLLVC,38,28,2,2,66,4,0.6458333333333334,toxic
FFFYYFDL,37,29,2,2,66,4,0.6458333333333334,toxic
FSFYCVLL,42,24,2,2,66,4,0.6458333333333334,toxic
YYCFYLGV,29,37,2,2,66,4,0.6458333333333334,toxic
CCYRCGLF,47,36,5,5,83,10,0.6460176991150443,toxic
IVIFSFVC,51,32,7,3,83,10,0.6460176991150443,toxic
FCILVVRN,51,32,3,7,83,10,0.6460176991150443,toxic
CFCIVCCH,49,34,6,4,83,10,0.6460176991150443,toxic
GHIFFVIG,51,32,7,3,83,10,0.6460176991150443,toxic
LLFVFLCN,51,32,3,7,83,10,0.6460176991150443,toxic
YYHIFFDL,47,36,6,4,83,10,0.6460176991150443,toxic
RVICFVYC,50,33,4,6,83,10,0.6460176991150443,toxic
CYCLCLIL,46,37,6,4,83,10,0.6460176991150443,toxic
FCFCYCCS,80,68,14,19,148,33,0.6460674157303371,toxic
CHCFFRIC,55,45,7,9,100,16,0.6461538461538462,toxic
CHCSFFCR,56,44,10,6,100,16,0.6461538461538462,toxic
NFYCLCCI,40,29,1,4,69,5,0.6464646464646465,toxic
FCLFHICC,34,35,2,3,69,5,0.6464646464646465,toxic
FFVFFFFN,44,25,1,4,69,5,0.6464646464646465,toxic
FFDLCCYF,42,27,5,0,69,5,0.6464646464646465,toxic
RCIFVFSL,42,27,2,3,69,5,0.6464646464646465,toxic
LFIFICFD,39,30,3,2,69,5,0.6464646464646465,toxic
VHYVHFFL,43,26,1,4,69,5,0.6464646464646465,toxic
FIFYVLFY,44,25,1,4,69,5,0.6464646464646465,toxic
VFVVICVS,44,25,1,4,69,5,0.6464646464646465,toxic
VYILYRFY,43,26,2,3,69,5,0.6464646464646465,toxic
FVLFVFVV,40,29,3,2,69,5,0.6464646464646465,toxic
FIVYCCCY,43,26,0,5,69,5,0.6464646464646465,toxic
LFFVGYVF,37,32,4,1,69,5,0.6464646464646465,toxic
YYFCFFYC,43,26,1,4,69,5,0.6464646464646465,toxic
IYFIIHFS,52,34,7,4,86,11,0.646551724137931,toxic
ISFVRILC,51,35,7,4,86,11,0.646551724137931,toxic
IILFVLIH,52,34,4,7,86,11,0.646551724137931,toxic
VCGFRCCY,59,44,9,8,103,17,0.6466165413533834,toxic
HHFLVCIR,61,59,12,11,120,23,0.6466666666666666,toxic
CFVIFVCG,69,51,9,14,120,23,0.6466666666666666,toxic
VLFYIFYY,76,61,17,12,137,29,0.6467065868263473,toxic
LLYCLIHD,110,95,28,25,205,53,0.6468085106382979,toxic
FYFFCIRC,38,34,4,2,72,6,0.6470588235294118,toxic
DVVVIFIY,54,35,5,7,89,12,0.6470588235294118,toxic
FYFDFIFL,54,35,4,8,89,12,0.6470588235294118,toxic
LYVYLYSC,45,27,5,1,72,6,0.6470588235294118,toxic
FYDICFVF,43,29,4,2,72,6,0.6470588235294118,toxic
CFCLYLVG,42,30,4,2,72,6,0.6470588235294118,toxic
FLFLRIRV,27,28,0,0,55,0,0.6470588235294118,toxic
IVIFCFVF,33,22,0,0,55,0,0.6470588235294118,toxic
FVFCLLRI,28,27,0,0,55,0,0.6470588235294118,toxic
CCGCIYRC,45,27,2,4,72,6,0.6470588235294118,toxic
VLFHVSYY,51,38,6,6,89,12,0.6470588235294118,toxic
CYDCFFCF,39,33,3,3,72,6,0.6470588235294118,toxic
YYVCFRLC,38,34,4,2,72,6,0.6470588235294118,toxic
FCVCCRFL,43,29,5,1,72,6,0.6470588235294118,toxic
FHNFCCLC,55,51,12,6,106,18,0.6470588235294118,toxic
FFRFCFRF,35,20,0,0,55,0,0.6470588235294118,toxic
YCCFCLVV,43,29,3,3,72,6,0.6470588235294118,toxic
NLCLDLFY,62,44,12,6,106,18,0.6470588235294118,toxic
ICVVIYFR,40,32,3,3,72,6,0.6470588235294118,toxic
FISVLFVC,51,38,5,7,89,12,0.6470588235294118,toxic
RLIFYYVY,44,28,3,3,72,6,0.6470588235294118,toxic
YIFLVNVG,52,40,7,6,92,13,0.6475409836065574,toxic
VVRYILIL,52,40,5,8,92,13,0.6475409836065574,toxic
LCLLCLSF,47,28,3,4,75,7,0.6476190476190476,toxic
FCHILYVF,46,29,3,4,75,7,0.6476190476190476,toxic
FRLCVSFD,40,35,4,3,75,7,0.6476190476190476,toxic
CCYIYIRN,45,30,3,4,75,7,0.6476190476190476,toxic
FLVYCYVF,47,28,1,6,75,7,0.6476190476190476,toxic
NVYIICVF,43,32,3,4,75,7,0.6476190476190476,toxic
FYFVVGVV,45,30,3,4,75,7,0.6476190476190476,toxic
YFSFFCFF,32,26,1,0,58,1,0.6477272727272727,toxic
GFLCLCFL,36,22,0,1,58,1,0.6477272727272727,toxic
FFSFCFLI,36,22,1,0,58,1,0.6477272727272727,toxic
IIVCCFRV,35,23,0,1,58,1,0.6477272727272727,toxic
FIYYLFLI,38,20,0,1,58,1,0.6477272727272727,toxic
VIIFFSIF,35,23,0,1,58,1,0.6477272727272727,toxic
HCCRCVLC,65,47,8,12,112,20,0.647887323943662,toxic
VYLVICDC,65,47,9,11,112,20,0.647887323943662,toxic
RCCYCCNF,53,42,7,7,95,14,0.648,toxic
FFVCCCCC,57,38,10,4,95,14,0.648,toxic
VVCHIFVC,55,40,7,7,95,14,0.648,toxic
CVVCHFRY,53,42,3,11,95,14,0.648,toxic
CCCLRCCC,43,35,5,3,78,8,0.6481481481481481,toxic
ILLVYVSC,42,36,5,3,78,8,0.6481481481481481,toxic
FCVNVCFI,48,30,3,5,78,8,0.6481481481481481,toxic
VCFLFCCI,47,31,3,5,78,8,0.6481481481481481,toxic
FVVSFYFN,44,34,2,6,78,8,0.6481481481481481,toxic
FDYSFRCV,65,50,11,10,115,21,0.6482758620689655,toxic
LFFYLFDL,36,25,1,1,61,2,0.6483516483516484,toxic
RFIFCYCY,40,21,0,2,61,2,0.6483516483516484,toxic
FCVFLNLI,36,25,1,1,61,2,0.6483516483516484,toxic
CFRLRFFL,38,23,1,1,61,2,0.6483516483516484,toxic
LIRVCCVF,40,21,1,1,61,2,0.6483516483516484,toxic
VYIIRFGR,38,23,2,0,61,2,0.6483516483516484,toxic
VSFCIRLF,40,21,0,2,61,2,0.6483516483516484,toxic
VIRFFCIN,39,22,2,0,61,2,0.6483516483516484,toxic
RFLGIFIN,32,29,1,1,61,2,0.6483516483516484,toxic
LRRLIGCF,35,26,0,2,61,2,0.6483516483516484,toxic
ILFFCVLF,36,25,2,0,61,2,0.6483516483516484,toxic
FRFCLFVY,35,26,0,2,61,2,0.6483516483516484,toxic
LFFRICLC,33,28,1,1,61,2,0.6483516483516484,toxic
VFVVFFLL,50,31,3,6,81,9,0.6486486486486487,toxic
IFVISFCH,45,36,6,3,81,9,0.6486486486486487,toxic
SYFLCFIF,47,34,7,2,81,9,0.6486486486486487,toxic
IFCVCYYF,48,33,5,4,81,9,0.6486486486486487,toxic
CCFIIIYY,47,34,5,4,81,9,0.6486486486486487,toxic
CFCCVFNC,42,39,3,6,81,9,0.6486486486486487,toxic
FFCLFHCH,49,32,3,6,81,9,0.6486486486486487,toxic
YCGFLVLV,44,37,4,5,81,9,0.6486486486486487,toxic
ICFLCVHV,60,41,6,10,101,16,0.648854961832061,toxic
CFLLCYDY,60,41,8,8,101,16,0.648854961832061,toxic
CICSCRVC,52,49,7,9,101,16,0.648854961832061,toxic
FYFLFFFS,60,41,6,10,101,16,0.648854961832061,toxic
NYYFYFDF,60,41,8,8,101,16,0.648854961832061,toxic
GYFIICHF,57,44,5,11,101,16,0.648854961832061,toxic
VLFFVFRC,38,26,2,1,64,3,0.648936170212766,toxic
LVFYFILR,36,28,3,0,64,3,0.648936170212766,toxic
CFCLNICF,37,27,2,1,64,3,0.648936170212766,toxic
LCIIVVIV,36,28,1,2,64,3,0.648936170212766,toxic
FFVFYLHF,38,26,1,2,64,3,0.648936170212766,toxic
YCFLCFVL,41,23,2,1,64,3,0.648936170212766,toxic
FFCVGVFI,39,25,0,3,64,3,0.648936170212766,toxic
LIIIRYSN,41,23,2,1,64,3,0.648936170212766,toxic
CVLLRFYL,38,26,1,2,64,3,0.648936170212766,toxic
FLNRCHCY,68,53,7,16,121,23,0.6490066225165563,toxic
CGYYGYSG,49,35,5,5,84,10,0.6491228070175439,toxic
LYFVICVN,51,33,4,6,84,10,0.6491228070175439,toxic
CHCYCSVC,47,37,4,6,84,10,0.6491228070175439,toxic
LFNVIIVG,49,35,3,7,84,10,0.6491228070175439,toxic
FYVVIVNC,51,33,3,7,84,10,0.6491228070175439,toxic
CGYHVFFY,107,91,26,24,198,50,0.6491228070175439,toxic
CHYYGFFC,61,43,5,12,104,17,0.6492537313432836,toxic
LCICFHCV,61,43,10,7,104,17,0.6492537313432836,toxic
CSVFYFVC,42,25,2,2,67,4,0.6494845360824743,toxic
FCIYFFFC,42,25,3,1,67,4,0.6494845360824743,toxic
GIHIVLRV,41,26,1,3,67,4,0.6494845360824743,toxic
HSLRVFFI,41,26,2,2,67,4,0.6494845360824743,toxic
FFIFISLY,43,24,0,4,67,4,0.6494845360824743,toxic
CCYIFFRC,42,25,2,2,67,4,0.6494845360824743,toxic
YIFICFGR,38,29,2,2,67,4,0.6494845360824743,toxic
ICICIICY,43,24,1,3,67,4,0.6494845360824743,toxic
FFCLINVF,40,27,2,2,67,4,0.6494845360824743,toxic
NVCFIVCC,53,34,6,5,87,11,0.6495726495726496,toxic
FCLFVFHL,49,38,4,7,87,11,0.6495726495726496,toxic
YFVCCLRL,52,35,6,5,87,11,0.6495726495726496,toxic
FVVIVLCC,61,46,5,13,107,18,0.6496350364963503,toxic
DFCFCYRC,72,55,15,10,127,25,0.6496815286624203,toxic
LFLFVNLV,40,30,2,3,70,5,0.65,toxic
FFYVCING,41,29,3,2,70,5,0.65,toxic
ICLVFCRV,41,29,2,3,70,5,0.65,toxic
CFFCCYNG,51,39,0,12,90,12,0.65,toxic
LVVVFICL,44,26,2,3,70,5,0.65,toxic
DVRLLFIV,40,30,2,3,70,5,0.65,toxic
HCYLSIVL,44,26,2,3,70,5,0.65,toxic
IFVYFFFC,43,27,4,1,70,5,0.65,toxic
FFCFCICL,42,28,3,2,70,5,0.65,toxic
LFVCRGLC,70,63,11,16,133,27,0.6503067484662577,toxic
FFFCYRSC,63,50,6,14,113,20,0.6503496503496503,toxic
CFVVGYIC,59,54,9,11,113,20,0.6503496503496503,toxic
VYDFLSDV,52,41,8,5,93,13,0.6504065040650406,toxic
CCGHICYL,55,38,3,10,93,13,0.6504065040650406,toxic
CLLVFFGS,44,29,2,4,73,6,0.6504854368932039,toxic
CCVLLRVL,45,28,3,3,73,6,0.6504854368932039,toxic
YVCVFFLY,46,27,5,1,73,6,0.6504854368932039,toxic
CFFFVFFY,37,36,3,3,73,6,0.6504854368932039,toxic
FCFFFCCY,46,27,2,4,73,6,0.6504854368932039,toxic
FHLFFVLI,40,33,4,2,73,6,0.6504854368932039,toxic
CYFVCNII,44,29,2,4,73,6,0.6504854368932039,toxic
FCYLLSFF,42,31,3,3,73,6,0.6504854368932039,toxic
IVIFGIGF,41,32,3,3,73,6,0.6504854368932039,toxic
LRLVILFG,35,38,5,1,73,6,0.6504854368932039,toxic
IHYCRCCF,74,62,14,14,136,28,0.6506024096385542,toxic
IFRYCIYR,64,52,8,13,116,21,0.6506849315068494,toxic
FRYYLHVC,81,78,20,16,159,36,0.6507936507936508,toxic
RGHCCCFF,56,40,7,7,96,14,0.6507936507936508,toxic
FRVFSYGH,56,40,6,8,96,14,0.6507936507936508,toxic
YCFCVVVN,53,43,7,7,96,14,0.6507936507936508,toxic
FDLCCCLR,77,62,8,21,139,29,0.650887573964497,toxic
CFCLRCCN,43,33,2,5,76,7,0.6509433962264151,toxic
VIFICVCF,43,33,3,4,76,7,0.6509433962264151,toxic
IHYLCLCF,41,35,5,2,76,7,0.6509433962264151,toxic
FCYICFLC,47,29,3,4,76,7,0.6509433962264151,toxic
CVFVIYFG,45,31,4,3,76,7,0.6509433962264151,toxic
FCSFCVLF,47,29,4,3,76,7,0.6509433962264151,toxic
FFYVILFY,43,33,4,3,76,7,0.6509433962264151,toxic
FFFSIYGY,46,30,2,5,76,7,0.6509433962264151,toxic
FGIFCCFR,47,29,6,1,76,7,0.6509433962264151,toxic
FVYFFGCC,44,32,2,5,76,7,0.6509433962264151,toxic
GILDFYRD,80,62,15,15,142,30,0.6511627906976745,toxic
CFCICISF,35,21,0,0,56,0,0.6511627906976745,toxic
CFCIVVVC,55,44,7,8,99,15,0.6511627906976745,toxic
FLRIICCY,36,20,0,0,56,0,0.6511627906976745,toxic
FLVFFCYD,52,47,5,10,99,15,0.6511627906976745,toxic
FCFLRFSF,36,20,0,0,56,0,0.6511627906976745,toxic
FNCCCGYF,59,40,8,7,99,15,0.6511627906976745,toxic
ICVFVCHG,77,65,17,13,142,30,0.6511627906976745,toxic
FFIFCSVH,70,52,8,15,122,23,0.6513157894736842,toxic
CFCCVRRL,67,55,12,11,122,23,0.6513157894736842,toxic
CCVVFFSL,67,55,10,13,122,23,0.6513157894736842,toxic
IIFFVVHR,48,31,2,6,79,8,0.6513761467889908,toxic
FRCVVLYI,47,32,4,4,79,8,0.6513761467889908,toxic
NLSFLLVF,45,34,2,6,79,8,0.6513761467889908,toxic
RIVFFFNY,42,37,5,3,79,8,0.6513761467889908,toxic
SYCFVCCS,49,30,3,5,79,8,0.6513761467889908,toxic
VYFFFDYI,48,31,3,5,79,8,0.6513761467889908,toxic
FFVCSLYC,47,32,4,4,79,8,0.6513761467889908,toxic
CFSYYLYI,46,33,2,6,79,8,0.6513761467889908,toxic
YIYCCVCC,60,42,8,8,102,16,0.6515151515151515,toxic
FCFCCCSF,104,87,24,23,191,47,0.6515837104072398,toxic
HLIYFLLN,38,21,1,0,59,1,0.651685393258427,toxic
IFCYFGII,36,23,1,0,59,1,0.651685393258427,toxic
YVVVVIRI,35,24,0,1,59,1,0.651685393258427,toxic
FFYLCFRF,36,23,0,1,59,1,0.651685393258427,toxic
FFRIRFFG,34,25,1,0,59,1,0.651685393258427,toxic
YYIFYFFL,39,20,0,1,59,1,0.651685393258427,toxic
FFRCSFVF,37,22,1,0,59,1,0.651685393258427,toxic
LYLFVHFF,32,27,1,0,59,1,0.651685393258427,toxic
VIVFHFLF,34,25,0,1,59,1,0.651685393258427,toxic
YFGCFLRL,50,32,4,5,82,9,0.6517857142857143,toxic
CFVDRGYY,105,89,29,19,194,48,0.6517857142857143,toxic
YIGLFVYC,50,32,5,4,82,9,0.6517857142857143,toxic
CCGFVCCV,49,33,5,4,82,9,0.6517857142857143,toxic
FNIVCLCC,49,33,5,4,82,9,0.6517857142857143,toxic
YRIYIRYF,47,35,3,6,82,9,0.6517857142857143,toxic
CVFIYFDC,50,32,6,3,82,9,0.6517857142857143,toxic
VYSLFLYR,62,43,5,12,105,17,0.6518518518518519,toxic
LFFVLLNL,34,28,1,1,62,2,0.6521739130434783,toxic
CFCYYFVY,37,25,2,0,62,2,0.6521739130434783,toxic
GFCFVILI,52,33,4,6,85,10,0.6521739130434783,toxic
CFCFFVVI,39,23,1,1,62,2,0.6521739130434783,toxic
FRCIVCVV,32,30,2,0,62,2,0.6521739130434783,toxic
FGFFCFRY,39,23,1,1,62,2,0.6521739130434783,toxic
FCIYFFRC,37,25,2,0,62,2,0.6521739130434783,toxic
FCFVLFRI,35,27,0,2,62,2,0.6521739130434783,toxic
FVNFFFCC,52,33,7,3,85,10,0.6521739130434783,toxic
VLFVIFFR,50,35,4,6,85,10,0.6521739130434783,toxic
FSLSIVCY,40,22,1,1,62,2,0.6521739130434783,toxic
CFVCHLRF,39,23,1,1,62,2,0.6521739130434783,toxic
YCYYRIFF,37,25,0,2,62,2,0.6521739130434783,toxic
CIYCFCIV,51,34,2,8,85,10,0.6521739130434783,toxic
FGFIVHVC,52,33,6,4,85,10,0.6521739130434783,toxic
FRLCISLG,39,23,0,2,62,2,0.6521739130434783,toxic
HFFFLLNF,47,38,4,6,85,10,0.6521739130434783,toxic
VCFIFVRL,44,41,5,5,85,10,0.6521739130434783,toxic
IIGVISFF,61,50,8,11,111,19,0.6524822695035462,toxic
CFRIIIGH,48,40,5,6,88,11,0.652542372881356,toxic
HVHVFFIG,50,38,5,6,88,11,0.652542372881356,toxic
FCCGYCCS,53,35,5,6,88,11,0.652542372881356,toxic
IVFYRIGY,52,36,6,5,88,11,0.652542372881356,toxic
VHFCVCIL,52,36,2,9,88,11,0.652542372881356,toxic
RCLVLYCR,37,28,2,1,65,3,0.6526315789473685,toxic
FSISIFYL,39,26,0,3,65,3,0.6526315789473685,toxic
IIRIGFRY,42,23,0,3,65,3,0.6526315789473685,toxic
YFILSYSI,42,23,3,0,65,3,0.6526315789473685,toxic
VFGCFIYF,40,25,2,1,65,3,0.6526315789473685,toxic
YGVYFLRI,34,31,2,1,65,3,0.6526315789473685,toxic
FLGFCFCL,39,26,3,0,65,3,0.6526315789473685,toxic
CCFFHCSC,51,40,4,8,91,12,0.6528925619834711,toxic
CFFFSYYF,42,26,2,2,68,4,0.6530612244897959,toxic
YFCSILFY,40,28,2,2,68,4,0.6530612244897959,toxic
IICVCLFV,41,27,3,1,68,4,0.6530612244897959,toxic
IIVFHFGI,42,26,2,2,68,4,0.6530612244897959,toxic
FFCFFCDV,43,25,4,0,68,4,0.6530612244897959,toxic
CILVHIRC,40,28,2,2,68,4,0.6530612244897959,toxic
NCVRCYFG,68,49,12,9,117,21,0.6530612244897959,toxic
FCCCYYVY,41,27,2,2,68,4,0.6530612244897959,toxic
FIVHFVFL,40,28,2,2,68,4,0.6530612244897959,toxic
IYYFSYLC,38,30,3,1,68,4,0.6530612244897959,toxic
CFVSYILY,41,27,2,2,68,4,0.6530612244897959,toxic
FFYNCVCF,62,55,13,8,117,21,0.6530612244897959,toxic
IVVCLCSD,141,126,33,40,267,73,0.6531986531986532,toxic
CCLLIGVI,55,39,7,6,94,13,0.6532258064516129,toxic
CVYFCFIR,43,28,1,4,71,5,0.6534653465346535,toxic
VCLVFHVF,41,30,5,0,71,5,0.6534653465346535,toxic
FFVFHIFY,45,26,1,4,71,5,0.6534653465346535,toxic
VCCCFIID,94,78,16,24,172,40,0.6534653465346535,toxic
FCYVYYRL,45,26,3,2,71,5,0.6534653465346535,toxic
ICFCVCVF,43,28,5,0,71,5,0.6534653465346535,toxic
FFSIVYIN,33,38,3,2,71,5,0.6534653465346535,toxic
FCFYVCFC,43,28,3,2,71,5,0.6534653465346535,toxic
VVFHYFFC,42,29,2,3,71,5,0.6534653465346535,toxic
VFVRYFIL,45,26,1,4,71,5,0.6534653465346535,toxic
VFYHLYVG,58,39,8,6,97,14,0.6535433070866141,toxic
CYGVILFV,57,40,9,5,97,14,0.6535433070866141,toxic
FYCCCLFL,57,40,7,7,97,14,0.6535433070866141,toxic
NVVLICCL,57,40,5,9,97,14,0.6535433070866141,toxic
VVVYLLFC,56,41,8,6,97,14,0.6535433070866141,toxic
YFGFCSGN,70,53,11,12,123,23,0.6535947712418301,toxic
LFVVYSRF,45,29,3,3,74,6,0.6538461538461539,toxic
NFFFLFDF,44,30,4,2,74,6,0.6538461538461539,toxic
SYLYLFFC,46,28,4,2,74,6,0.6538461538461539,toxic
CFILYYVL,44,30,2,4,74,6,0.6538461538461539,toxic
CYLFGLFV,43,31,1,5,74,6,0.6538461538461539,toxic
LYHFYCFI,44,30,3,3,74,6,0.6538461538461539,toxic
ICVVCCYI,45,29,5,1,74,6,0.6538461538461539,toxic
CVYGCCCL,72,54,10,14,126,24,0.6538461538461539,toxic
VLYCFFSF,44,30,5,1,74,6,0.6538461538461539,toxic
NFVVFCLL,44,30,4,2,74,6,0.6538461538461539,toxic
FVIFVCLL,46,28,3,3,74,6,0.6538461538461539,toxic
NCGGCYCR,83,69,12,21,152,33,0.6538461538461539,toxic
FIYVFLRC,43,31,3,3,74,6,0.6538461538461539,toxic
LHHVCCLC,70,59,13,12,129,25,0.6540880503144654,toxic
SYYVYLLD,58,45,8,8,103,16,0.6541353383458647,toxic
RFFFFIFD,43,34,6,1,77,7,0.6542056074766355,toxic
FYYIVNCV,46,31,4,3,77,7,0.6542056074766355,toxic
ICVYFVFC,47,30,2,5,77,7,0.6542056074766355,toxic
CHLIFVIR,43,34,5,2,77,7,0.6542056074766355,toxic
YFIIGIHL,42,35,4,3,77,7,0.6542056074766355,toxic
FLYYCFCI,48,29,1,6,77,7,0.6542056074766355,toxic
VIVSVIFR,45,32,4,3,77,7,0.6542056074766355,toxic
YIVSVRCF,42,35,4,3,77,7,0.6542056074766355,toxic
VRYNYYGC,66,66,11,15,132,26,0.654320987654321,toxic
VCYFSYYF,47,33,5,3,80,8,0.6545454545454545,toxic
FIFIFVRS,47,33,5,3,80,8,0.6545454545454545,toxic
HGFDYFRD,75,60,17,10,135,27,0.6545454545454545,toxic
CFFCICVI,49,31,5,3,80,8,0.6545454545454545,toxic
GLYIHVVC,49,34,6,3,83,9,0.6548672566371682,toxic
YYFLFCVV,47,36,4,5,83,9,0.6548672566371682,toxic
FFYDLIVC,49,34,6,3,83,9,0.6548672566371682,toxic
VLVFYVYS,65,47,5,14,112,19,0.6549295774647887,toxic
FCCLYYYL,61,51,9,10,112,19,0.6549295774647887,toxic
FYVCFVYC,77,64,14,15,141,29,0.6549707602339181,toxic
FYHDGFDG,79,62,13,16,141,29,0.6549707602339181,toxic
YCVVIGIS,66,49,6,14,115,20,0.6551724137931034,toxic
FFFCVFFG,33,24,0,0,57,0,0.6551724137931034,toxic
FLYHLFLF,34,23,0,0,57,0,0.6551724137931034,toxic
LVCVFIIG,52,34,2,8,86,10,0.6551724137931034,toxic
YIVFRFYV,29,28,0,0,57,0,0.6551724137931034,toxic
VIFCIFVC,66,49,7,13,115,20,0.6551724137931034,toxic
CCFCFYLC,51,38,7,4,89,11,0.6554621848739496,toxic
FDVFFIDF,53,36,4,7,89,11,0.6554621848739496,toxic
VICLIFNN,51,38,1,10,89,11,0.6554621848739496,toxic
FFHFRLRL,37,23,0,1,60,1,0.6555555555555556,toxic
NFLYVCYL,38,22,0,1,60,1,0.6555555555555556,toxic
FFFFFCVV,36,24,1,0,60,1,0.6555555555555556,toxic
YFVLCVVR,39,21,0,1,60,1,0.6555555555555556,toxic
CFCVCFYF,34,26,0,1,60,1,0.6555555555555556,toxic
LFSYLFCF,38,22,1,0,60,1,0.6555555555555556,toxic
LRIFFGCC,35,25,1,0,60,1,0.6555555555555556,toxic
GVFIHFHC,69,52,9,13,121,22,0.6556291390728477,toxic
CFFLLNLR,68,53,13,9,121,22,0.6556291390728477,toxic
VCVLICVN,52,40,8,4,92,12,0.6557377049180327,toxic
CCYIVYFN,54,38,6,6,92,12,0.6557377049180327,toxic
CVFHCVLY,53,39,6,6,92,12,0.6557377049180327,toxic
FVIFCHHL,86,67,12,21,153,33,0.6557377049180327,toxic
FIYVLFFL,48,44,5,7,92,12,0.6557377049180327,toxic
YFLLYFSC,55,37,4,8,92,12,0.6557377049180327,toxic
FYCFGSCC,85,68,14,19,153,33,0.6557377049180327,toxic
NFFDYSSL,118,99,23,32,217,55,0.6558704453441295,toxic
YGFRVVLF,34,29,1,1,63,2,0.6559139784946236,toxic
VVVRFSVF,37,26,2,0,63,2,0.6559139784946236,toxic
YFYFFLSR,35,28,1,1,63,2,0.6559139784946236,toxic
FFLCYFGL,37,26,0,2,63,2,0.6559139784946236,toxic
DFFCIIVH,57,38,4,9,95,13,0.656,toxic
GFCCYFCG,57,41,8,6,98,14,0.65625,toxic
LGRVILFY,40,26,1,2,66,3,0.65625,toxic
NFFFLVCF,32,34,2,1,66,3,0.65625,toxic
FLVLCRCI,39,27,1,2,66,3,0.65625,toxic
DFVCCFVY,39,27,2,1,66,3,0.65625,toxic
FCCSYCLC,54,44,8,6,98,14,0.65625,toxic
FVCFLCLI,42,24,1,2,66,3,0.65625,toxic
CCGCYVRY,74,56,11,14,130,25,0.65625,toxic
FFCDICCF,40,26,2,1,66,3,0.65625,toxic
CVFCCVCF,42,24,0,3,66,3,0.65625,toxic
LFNYCIFI,42,24,0,3,66,3,0.65625,toxic
INCCIVFL,52,49,6,9,101,15,0.6564885496183206,toxic
YYVLVYYY,59,42,10,5,101,15,0.6564885496183206,toxic
CIVIVSFF,52,49,10,5,101,15,0.6564885496183206,toxic
DFIIIRVC,54,47,7,8,101,15,0.6564885496183206,toxic
FCLYFFCR,42,27,1,3,69,4,0.6565656565656566,toxic
HYGYCFVF,37,32,1,3,69,4,0.6565656565656566,toxic
FVYLILFI,39,30,1,3,69,4,0.6565656565656566,toxic
YFVCCFCY,42,27,4,0,69,4,0.6565656565656566,toxic
FCIHCCFG,37,32,1,3,69,4,0.6565656565656566,toxic
FYFCFCFF,43,26,2,2,69,4,0.6565656565656566,toxic
VIFLHYCC,39,30,0,4,69,4,0.6565656565656566,toxic
CGFYIIVL,37,32,3,1,69,4,0.6565656565656566,toxic
FCVYRIII,42,27,3,1,69,4,0.6565656565656566,toxic
CCCGFFYN,74,62,12,15,136,27,0.6566265060240963,toxic
IIVVGHFF,61,43,6,10,104,16,0.6567164179104478,toxic
IFRLFSCH,37,35,3,2,72,5,0.6568627450980392,toxic
CFRCYYFF,43,29,2,3,72,5,0.6568627450980392,toxic
IILFLYVH,43,29,1,4,72,5,0.6568627450980392,toxic
FRVFILSC,39,33,2,3,72,5,0.6568627450980392,toxic
CFCIHCFF,44,28,4,1,72,5,0.6568627450980392,toxic
YCVIGFRC,60,47,7,10,107,17,0.656934306569343,toxic
CFVFYVCC,44,31,1,5,75,6,0.6571428571428571,toxic
FLCLFFVS,45,30,3,3,75,6,0.6571428571428571,toxic
LFVLLVFF,61,49,12,6,110,18,0.6571428571428571,toxic
HIFCFCCL,61,49,9,9,110,18,0.6571428571428571,toxic
LNFVIIFF,43,32,3,3,75,6,0.6571428571428571,toxic
FVFNFYII,44,31,4,2,75,6,0.6571428571428571,toxic
LFGIFVYV,45,30,2,4,75,6,0.6571428571428571,toxic
LYFFILRL,46,29,5,1,75,6,0.6571428571428571,toxic
CFCSILFL,39,36,2,4,75,6,0.6571428571428571,toxic
NCVLIVRC,63,50,12,7,113,19,0.6573426573426573,toxic
LISVCCCY,64,49,7,12,113,19,0.6573426573426573,toxic
YFICLIIY,46,32,1,6,78,7,0.6574074074074074,toxic
FIIGCYCI,47,31,2,5,78,7,0.6574074074074074,toxic
FYIFSCYL,43,35,4,3,78,7,0.6574074074074074,toxic
VLYILYLG,49,32,3,5,81,8,0.6576576576576577,toxic
LLIIHVGV,48,33,4,4,81,8,0.6576576576576577,toxic
FFLFIGCV,42,39,3,5,81,8,0.6576576576576577,toxic
VSCLIFVS,65,54,10,11,119,21,0.6577181208053692,toxic
CCFCFSSR,145,126,31,42,271,73,0.6578073089700996,toxic
FLFYSVIF,46,38,7,2,84,9,0.6578947368421053,toxic
CFYFYCHI,49,35,5,4,84,9,0.6578947368421053,toxic
FCIHIVYG,51,33,4,5,84,9,0.6578947368421053,toxic
VFVFICVC,48,36,3,6,84,9,0.6578947368421053,toxic
FYCVIFVF,51,33,4,5,84,9,0.6578947368421053,toxic
GCNIICFV,88,72,11,24,160,35,0.6578947368421053,toxic
IILVYYLV,68,54,11,11,122,22,0.6578947368421053,toxic
FVCFYCYY,50,34,5,4,84,9,0.6578947368421053,toxic
CYFYVYIH,52,35,4,6,87,10,0.6581196581196581,toxic
CFYCVFFD,49,38,4,6,87,10,0.6581196581196581,toxic
FYIIFFDI,52,35,4,6,87,10,0.6581196581196581,toxic
VYYVFLFV,49,38,7,3,87,10,0.6581196581196581,toxic
YIYCVFGL,53,34,7,3,87,10,0.6581196581196581,toxic
GCGCVFCR,73,55,11,13,128,24,0.6582278481012658,toxic
YCFVFCSV,53,37,5,6,90,11,0.6583333333333333,toxic
VVFLILLV,51,39,7,4,90,11,0.6583333333333333,toxic
VFCICGFF,54,36,5,6,90,11,0.6583333333333333,toxic
GFLIIFVR,50,40,4,7,90,11,0.6583333333333333,toxic
FYCLFFGD,50,40,4,7,90,11,0.6583333333333333,toxic
LFIIFIVY,53,40,8,4,93,12,0.6585365853658537,toxic
IRICCHFV,55,38,3,9,93,12,0.6585365853658537,toxic
YCFVCFVG,54,39,8,4,93,12,0.6585365853658537,toxic
CYIFLDIL,76,61,16,11,137,27,0.6586826347305389,toxic
CGFCVFCI,57,39,7,6,96,13,0.6587301587301587,toxic
YRYVYVIY,59,40,4,10,99,14,0.6589147286821705,toxic
LVSILFLL,38,20,0,0,58,0,0.6590909090909091,toxic
FVLVLFVY,37,21,0,0,58,0,0.6590909090909091,toxic
NVFLVCYL,60,42,5,10,102,15,0.6590909090909091,toxic
LFFLYYFF,37,21,0,0,58,0,0.6590909090909091,toxic
FSLVVCLG,36,22,0,0,58,0,0.6590909090909091,toxic
ICVCCVVF,62,43,9,7,105,16,0.6592592592592592,toxic
LFFFLCVR,35,26,1,0,61,1,0.6593406593406593,toxic
ILCFSLFF,32,29,0,1,61,1,0.6593406593406593,toxic
FFFFVCRC,36,25,0,1,61,1,0.6593406593406593,toxic
CFLFFIFF,33,28,0,1,61,1,0.6593406593406593,toxic
LVYLFYCV,30,31,0,1,61,1,0.6593406593406593,toxic
GIYIFVRL,35,26,0,1,61,1,0.6593406593406593,toxic
FCVLRIIL,40,21,0,1,61,1,0.6593406593406593,toxic
RIRIVFIY,39,22,1,0,61,1,0.6593406593406593,toxic
YLLFIYYF,39,22,1,0,61,1,0.6593406593406593,toxic
YLFVRIVV,34,27,1,0,61,1,0.6593406593406593,toxic
FFFCYYFF,36,25,1,0,61,1,0.6593406593406593,toxic
FIVCGLFF,36,28,1,1,64,2,0.6595744680851063,toxic
YIFCCNFC,63,48,9,9,111,18,0.6595744680851063,toxic
FFVFFYRF,37,27,2,0,64,2,0.6595744680851063,toxic
FIFSLVLF,39,25,1,1,64,2,0.6595744680851063,toxic
YCFCGLCG,64,47,4,14,111,18,0.6595744680851063,toxic
GGFCVVLL,38,26,1,1,64,2,0.6595744680851063,toxic
FHFRVYVV,36,28,0,2,64,2,0.6595744680851063,toxic
VRIVFSLC,41,23,1,1,64,2,0.6595744680851063,toxic
FFYFFCNV,41,23,2,0,64,2,0.6595744680851063,toxic
IFCLSIYL,41,23,2,0,64,2,0.6595744680851063,toxic
HYIYYLLI,38,26,1,1,64,2,0.6595744680851063,toxic
LIFLRFYG,35,29,0,2,64,2,0.6595744680851063,toxic
ICHIYLCI,38,26,2,0,64,2,0.6595744680851063,toxic
IFFICFHL,42,25,1,2,67,3,0.6597938144329897,toxic
VGICLIFY,40,27,0,3,67,3,0.6597938144329897,toxic
CVFFVIHI,40,27,2,1,67,3,0.6597938144329897,toxic
FFCSFVCC,37,30,3,0,67,3,0.6597938144329897,toxic
FIYVVFFF,31,36,1,2,67,3,0.6597938144329897,toxic
FVIVIRYV,42,25,3,0,67,3,0.6597938144329897,toxic
FFYCCVRF,43,24,1,2,67,3,0.6597938144329897,toxic
LLLFFIIH,38,29,0,3,67,3,0.6597938144329897,toxic
YICYFIGD,69,51,11,10,120,21,0.66,toxic
CLYVFHIF,35,35,3,1,70,4,0.66,toxic
VFFFLFSF,42,28,1,3,70,4,0.66,toxic
FGYFFIRL,41,29,1,3,70,4,0.66,toxic
CYVVLYHV,38,32,1,3,70,4,0.66,toxic
FFCVCFRG,44,26,1,3,70,4,0.66,toxic
YYCIYCFF,43,27,1,3,70,4,0.66,toxic
FIYFIYCC,46,27,0,5,73,5,0.6601941747572816,toxic
FLFVLSCL,42,31,4,1,73,5,0.6601941747572816,toxic
CFCFCICL,46,27,2,3,73,5,0.6601941747572816,toxic
FFFVCFLI,43,30,5,0,73,5,0.6601941747572816,toxic
FFVCLVIG,43,30,3,2,73,5,0.6601941747572816,toxic
IVLLIFIR,42,31,4,1,73,5,0.6601941747572816,toxic
YFVFFCCR,44,29,2,3,73,5,0.6601941747572816,toxic
VVFCVIVC,42,31,2,3,73,5,0.6601941747572816,toxic
CFYVFRCV,44,29,5,0,73,5,0.6601941747572816,toxic
LLYVHFRV,42,31,3,2,73,5,0.6601941747572816,toxic
CGFVIILN,44,29,0,5,73,5,0.6601941747572816,toxic
VFIFIFNF,39,34,2,3,73,5,0.6601941747572816,toxic
FIIYCRCV,37,36,1,4,73,5,0.6601941747572816,toxic
IVYSIYFG,40,33,3,2,73,5,0.6601941747572816,toxic
CRICVVSI,69,57,12,11,126,23,0.6602564102564102,toxic
CFYCIHCC,46,30,4,2,76,6,0.660377358490566,toxic
LHFFCLVC,47,29,0,6,76,6,0.660377358490566,toxic
GIYIFVLI,45,31,3,3,76,6,0.660377358490566,toxic
FCSLIHFV,46,33,4,3,79,7,0.6605504587155964,toxic
GRHRCCFV,47,32,5,2,79,7,0.6605504587155964,toxic
YIVFCFRC,46,33,5,2,79,7,0.6605504587155964,toxic
LFISFLCI,47,32,3,4,79,7,0.6605504587155964,toxic
CFICCNYC,47,32,4,3,79,7,0.6605504587155964,toxic
FYFCVFCY,47,35,4,4,82,8,0.6607142857142857,toxic
RHFHVYFY,48,34,3,5,82,8,0.6607142857142857,toxic
FVVFCVRG,50,32,4,4,82,8,0.6607142857142857,toxic
ICICIRCG,44,38,2,6,82,8,0.6607142857142857,toxic
FVVRIYSY,50,32,6,2,82,8,0.6607142857142857,toxic
YVFCYLYF,50,35,4,5,85,9,0.6608695652173913,toxic
IYCCCYGH,52,33,4,5,85,9,0.6608695652173913,toxic
FYVCCFVV,48,37,5,4,85,9,0.6608695652173913,toxic
CFCCIYVV,49,36,5,4,85,9,0.6608695652173913,toxic
IYFYFYCL,51,34,5,4,85,9,0.6608695652173913,toxic
FLCVCVHC,48,40,2,8,88,10,0.6610169491525424,toxic
FYLIFRHI,50,38,5,5,88,10,0.6610169491525424,toxic
FYVYRYLL,49,39,4,6,88,10,0.6610169491525424,toxic
YHVDIYIC,44,44,6,4,88,10,0.6610169491525424,toxic
FCFIYYGL,53,38,6,5,91,11,0.6611570247933884,toxic
FYCYGFCF,54,37,2,9,91,11,0.6611570247933884,toxic
YNLCVIFC,53,38,5,6,91,11,0.6611570247933884,toxic
FRLDFHNF,83,70,16,16,153,32,0.6612021857923497,toxic
CCCFVLGL,56,38,2,10,94,12,0.6612903225806451,toxic
LFSCCVFV,53,44,9,4,97,13,0.6614173228346457,toxic
LCFFFFCH,57,40,5,8,97,13,0.6614173228346457,toxic
LCCYVVFY,55,42,5,8,97,13,0.6614173228346457,toxic
GCSFICYI,90,72,14,21,162,35,0.6614583333333334,toxic
CIILVSCG,57,43,7,7,100,14,0.6615384615384615,toxic
GYDRYCYY,55,48,9,6,103,15,0.6616541353383458,toxic
CVIILCDG,54,52,8,8,106,16,0.6617647058823529,toxic
CCFSCRIR,62,44,11,5,106,16,0.6617647058823529,toxic
FCVCFDCL,58,48,9,7,106,16,0.6617647058823529,toxic
LCCFLISC,66,49,10,9,115,19,0.6620689655172414,toxic
SGCFCLII,64,51,13,6,115,19,0.6620689655172414,toxic
VISCCYFY,66,49,10,9,115,19,0.6620689655172414,toxic
GYLLFFLD,67,54,12,9,121,21,0.6622516556291391,toxic
CVCFFFYI,66,55,6,15,121,21,0.6622516556291391,toxic
YSICVCVH,69,52,10,11,121,21,0.6622516556291391,toxic
CNVCFRFD,72,55,11,12,127,23,0.6624203821656051,toxic
VFSCYIFL,34,25,0,0,59,0,0.6629213483146067,toxic
LLRIFYGI,38,21,0,0,59,0,0.6629213483146067,toxic
FFCCVHFF,36,23,0,0,59,0,0.6629213483146067,toxic
FFGFIFHF,39,20,0,0,59,0,0.6629213483146067,toxic
CCFFSIFF,39,20,0,0,59,0,0.6629213483146067,toxic
FHCFRIIF,39,20,0,0,59,0,0.6629213483146067,toxic
SFIFRILF,33,26,0,0,59,0,0.6629213483146067,toxic
FCICFFGF,38,24,0,1,62,1,0.6630434782608695,toxic
VVFIYFIF,40,22,1,0,62,1,0.6630434782608695,toxic
DFVYLYCF,35,27,1,0,62,1,0.6630434782608695,toxic
FCIIFCGF,41,24,0,2,65,2,0.6631578947368421,toxic
FFFLFCGV,40,25,1,1,65,2,0.6631578947368421,toxic
FDFLIVLF,36,29,1,1,65,2,0.6631578947368421,toxic
ICFCFFRI,39,26,1,1,65,2,0.6631578947368421,toxic
DYIIFRYV,41,24,0,2,65,2,0.6631578947368421,toxic
VYICVIDC,84,76,14,20,160,34,0.6631578947368421,toxic
YVYIYIFF,40,25,1,1,65,2,0.6631578947368421,toxic
YYRIIVCN,41,27,3,0,68,3,0.6632653061224489,toxic
FIFLYGRF,43,25,2,1,68,3,0.6632653061224489,toxic
LFCLFNLY,40,28,1,2,68,3,0.6632653061224489,toxic
VLLCFIRR,42,26,2,1,68,3,0.6632653061224489,toxic
VCLCVLLR,37,31,0,3,68,3,0.6632653061224489,toxic
LCVYIRIH,42,26,0,3,68,3,0.6632653061224489,toxic
LFFGVFFL,40,28,2,1,68,3,0.6632653061224489,toxic
FRIYVFCG,39,29,2,1,68,3,0.6632653061224489,toxic
GYDFIVYF,40,31,2,2,71,4,0.6633663366336634,toxic
FLFCIIVY,41,30,3,1,71,4,0.6633663366336634,toxic
VCFVISCF,45,26,3,1,71,4,0.6633663366336634,toxic
VYINVCLL,39,32,1,3,71,4,0.6633663366336634,toxic
VLCLGYLY,45,26,2,2,71,4,0.6633663366336634,toxic
FHYFFYFL,44,30,2,3,74,5,0.6634615384615384,toxic
FCSCSYYF,41,33,3,2,74,5,0.6634615384615384,toxic
ILVYIYVR,45,29,1,4,74,5,0.6634615384615384,toxic
VFIRRFFI,41,33,1,4,74,5,0.6634615384615384,toxic
CSVCVLIR,43,31,2,3,74,5,0.6634615384615384,toxic
FFCVFVCF,46,28,4,1,74,5,0.6634615384615384,toxic
FCNFCCHF,43,31,2,3,74,5,0.6634615384615384,toxic
FRIFIGYY,46,28,3,2,74,5,0.6634615384615384,toxic
VCLVFVSV,36,41,1,5,77,6,0.6635514018691588,toxic
CLLLVCRS,42,35,1,5,77,6,0.6635514018691588,toxic
YLVFVFCH,47,30,3,3,77,6,0.6635514018691588,toxic
YYLSYIRL,45,32,3,3,77,6,0.6635514018691588,toxic
SVVVFCIR,48,29,4,2,77,6,0.6635514018691588,toxic
LFGFLINC,47,30,5,1,77,6,0.6635514018691588,toxic
LVCYLVIG,46,31,4,2,77,6,0.6635514018691588,toxic
YFVYNVFI,46,31,5,1,77,6,0.6635514018691588,toxic
FVIVFCIR,42,35,3,3,77,6,0.6635514018691588,toxic
FFCFGFVC,46,31,3,3,77,6,0.6635514018691588,toxic
FHFFLYCY,43,37,0,7,80,7,0.6636363636363637,toxic
FCSFYFSF,43,37,2,5,80,7,0.6636363636363637,toxic
RFVISVFC,41,39,2,5,80,7,0.6636363636363637,toxic
LCVLFIIG,50,33,0,8,83,8,0.6637168141592921,toxic
FFCYCYNV,45,38,3,5,83,8,0.6637168141592921,toxic
LCLCCFFG,42,41,5,3,83,8,0.6637168141592921,toxic
LHCIVFSI,49,34,5,3,83,8,0.6637168141592921,toxic
FIVFFCCF,51,32,3,5,83,8,0.6637168141592921,toxic
FCFFCCHF,47,36,5,3,83,8,0.6637168141592921,toxic
FYFCVFRL,48,38,2,7,86,9,0.6637931034482759,toxic
LCVYVFIG,51,35,6,3,86,9,0.6637931034482759,toxic
FCICLLIF,52,34,7,2,86,9,0.6637931034482759,toxic
CYVCFRIV,49,37,5,4,86,9,0.6637931034482759,toxic
VVIIIFVC,48,38,5,4,86,9,0.6637931034482759,toxic
FYCSFVCF,49,37,2,7,86,9,0.6637931034482759,toxic
YFYHICCL,52,34,8,1,86,9,0.6637931034482759,toxic
FVYFIVFC,52,34,2,7,86,9,0.6637931034482759,toxic
IHFRCVIV,46,43,6,4,89,10,0.6638655462184874,toxic
GRRIIVYV,53,36,8,2,89,10,0.6638655462184874,toxic
LFCCFCLS,45,47,4,7,92,11,0.6639344262295082,toxic
CCCFHCVF,55,37,6,5,92,11,0.6639344262295082,toxic
CCYYLCFF,51,41,4,7,92,11,0.6639344262295082,toxic
FCCCFCYY,54,38,3,8,92,11,0.6639344262295082,toxic
CHVCGRFR,49,43,2,9,92,11,0.6639344262295082,toxic
GYGDFCRY,55,37,8,3,92,11,0.6639344262295082,toxic
CGFVIFFF,53,42,7,5,95,12,0.664,toxic
FVCFVCHY,54,47,6,8,101,14,0.6641221374045801,toxic
YYCFHCYI,60,41,5,9,101,14,0.6641221374045801,toxic
FCDLCFCL,62,45,7,9,107,16,0.6642335766423357,toxic
FVFVSIFY,61,46,9,7,107,16,0.6642335766423357,toxic
VYHFFVCC,61,49,9,8,110,17,0.6642857142857143,toxic
CIGYCFRF,62,48,11,6,110,17,0.6642857142857143,toxic
CCVLISLG,66,47,5,13,113,18,0.6643356643356644,toxic
FHYFLGVI,64,55,11,9,119,20,0.6644295302013423,toxic
FFFCGCLV,69,53,12,9,122,21,0.6644736842105263,toxic
FCIVYCNC,71,54,9,13,125,22,0.6645161290322581,toxic
FIDNFRVF,147,133,44,30,280,74,0.6645161290322581,toxic
IFICYCSC,75,56,12,12,131,24,0.6645962732919255,toxic
CCYCFDVS,84,65,13,17,149,30,0.664804469273743,toxic
FLVLVCCL,83,66,15,15,149,30,0.664804469273743,toxic
FCFFYCLF,39,27,0,2,66,2,0.6666666666666666,toxic
GLCFVFNY,76,59,11,14,135,25,0.6666666666666666,toxic
CCFCSVLY,46,35,5,2,81,7,0.6666666666666666,toxic
LISFHILY,48,33,3,4,81,7,0.6666666666666666,toxic
FGHSYYYG,83,88,17,20,171,37,0.6666666666666666,toxic
NCCCVYFL,55,41,5,7,96,12,0.6666666666666666,toxic
VVIFCFGG,57,48,10,5,105,15,0.6666666666666666,toxic
FCCYFRIV,39,30,1,2,69,3,0.6666666666666666,toxic
SVFVFYLV,41,28,3,0,69,3,0.6666666666666666,toxic
RRCIFVLC,41,25,2,0,66,2,0.6666666666666666,toxic
FFSRFFFV,41,22,0,1,63,1,0.6666666666666666,toxic
GLYCCVCC,52,47,8,5,99,13,0.6666666666666666,toxic
YFFFHFFV,40,26,1,1,66,2,0.6666666666666666,toxic
FFVFCCCV,52,35,2,7,87,9,0.6666666666666666,toxic
IYVCVVVV,43,26,0,3,69,3,0.6666666666666666,toxic
GYVCVYCV,39,39,3,3,78,6,0.6666666666666666,toxic
RYIVLGVC,77,67,13,15,144,28,0.6666666666666666,toxic
RFLVVYSF,50,34,6,2,84,8,0.6666666666666666,toxic
RFLYYVFV,43,29,2,2,72,4,0.6666666666666666,toxic
FISFFRCY,33,33,0,2,66,2,0.6666666666666666,toxic
RFCFLLLS,44,28,1,3,72,4,0.6666666666666666,toxic
CFCCCLYF,57,39,6,6,96,12,0.6666666666666666,toxic
LFLISVFG,39,30,2,1,69,3,0.6666666666666666,toxic
SCLILRVL,42,24,2,0,66,2,0.6666666666666666,toxic
CHCLVCSG,89,82,13,24,171,37,0.6666666666666666,toxic
VYYFYYCV,41,25,1,1,66,2,0.6666666666666666,toxic
FNVFFFCI,46,35,4,3,81,7,0.6666666666666666,toxic
FFVVDILF,42,24,1,1,66,2,0.6666666666666666,toxic
VCFRVILG,51,33,4,4,84,8,0.6666666666666666,toxic
YLVCIYDV,63,45,11,5,108,16,0.6666666666666666,toxic
VIVFIYLV,45,30,2,3,75,5,0.6666666666666666,toxic
VCRDGFHY,61,47,9,7,108,16,0.6666666666666666,toxic
FIHFVFCL,50,31,5,2,81,7,0.6666666666666666,toxic
YYVFFLLF,46,32,3,3,78,6,0.6666666666666666,toxic
FYFYLFDI,47,34,3,4,81,7,0.6666666666666666,toxic
CYISFFYI,43,26,2,1,69,3,0.6666666666666666,toxic
CFCVFFFF,45,30,1,4,75,5,0.6666666666666666,toxic
CGFCYCCI,48,30,3,3,78,6,0.6666666666666666,toxic
FIFCCFCH,53,34,5,4,87,9,0.6666666666666666,toxic
CCLRYYCC,46,32,3,3,78,6,0.6666666666666666,toxic
FFSIRIIY,41,25,1,1,66,2,0.6666666666666666,toxic
CYCFFIRY,50,37,4,5,87,9,0.6666666666666666,toxic
ICFCLVCG,49,32,5,2,81,7,0.6666666666666666,toxic
FFFYYCCC,46,29,2,3,75,5,0.6666666666666666,toxic
FYLLRCVF,34,26,0,0,60,0,0.6666666666666666,toxic
ICCIRVIL,39,30,2,1,69,3,0.6666666666666666,toxic
FFNFFHFF,46,41,3,6,87,9,0.6666666666666666,toxic
FFCILFFC,44,34,3,3,78,6,0.6666666666666666,toxic
VLCFCYFR,45,36,4,3,81,7,0.6666666666666666,toxic
LLVFVCCH,51,42,6,5,93,11,0.6666666666666666,toxic
YYCVRRYG,48,36,2,6,84,8,0.6666666666666666,toxic
HFCYICCL,43,29,0,4,72,4,0.6666666666666666,toxic
VVFFICYC,48,30,3,3,78,6,0.6666666666666666,toxic
FYVYGRFF,34,26,0,0,60,0,0.6666666666666666,toxic
LLSFFCIY,43,32,1,4,75,5,0.6666666666666666,toxic
FFFFYFCC,39,27,1,1,66,2,0.6666666666666666,toxic
DVFFIVCG,39,30,2,1,69,3,0.6666666666666666,toxic
IFFCCIGF,36,33,2,1,69,3,0.6666666666666666,toxic
VICYIVRY,40,26,0,2,66,2,0.6666666666666666,toxic
NYGYSVFR,89,73,21,13,162,34,0.6666666666666666,toxic
LFIHVVFF,35,28,0,1,63,1,0.6666666666666666,toxic
FVLFHVRL,47,31,2,4,78,6,0.6666666666666666,toxic
LVVCFCFV,48,33,3,4,81,7,0.6666666666666666,toxic
VNVFFIHV,40,35,1,4,75,5,0.6666666666666666,toxic
YVVCRLFF,37,23,0,0,60,0,0.6666666666666666,toxic
VVFVILDY,42,39,4,3,81,7,0.6666666666666666,toxic
FCVGLFFC,49,44,5,6,93,11,0.6666666666666666,toxic
YYVSIFHF,48,30,5,1,78,6,0.6666666666666666,toxic
FCYHHYYC,39,30,3,0,69,3,0.6666666666666666,toxic
FCYVIFCI,46,29,2,3,75,5,0.6666666666666666,toxic
FVFVCCVC,42,36,1,5,78,6,0.6666666666666666,toxic
FFHLCFVR,39,27,0,2,66,2,0.6666666666666666,toxic
FCINVFII,40,29,2,1,69,3,0.6666666666666666,toxic
IRYCVCIL,49,32,7,0,81,7,0.6666666666666666,toxic
FSFFCSIL,46,32,4,2,78,6,0.6666666666666666,toxic
VFFCIFCC,45,36,2,5,81,7,0.6666666666666666,toxic
FYLVYCYY,54,42,6,6,96,12,0.6666666666666666,toxic
CHFYCVLV,47,34,5,2,81,7,0.6666666666666666,toxic
VFFFCYYY,42,30,1,3,72,4,0.6666666666666666,toxic
GIRCCICF,47,28,2,3,75,5,0.6666666666666666,toxic
GLCLLCSL,64,50,8,10,114,18,0.6666666666666666,toxic
VFHLVLLF,35,28,0,1,63,1,0.6666666666666666,toxic
FYVCCCFH,48,39,7,2,87,9,0.6666666666666666,toxic
NYCLNFGI,37,26,1,0,63,1,0.6666666666666666,toxic
VYFRLVLG,38,31,1,2,69,3,0.6666666666666666,toxic
FFLRCIIG,40,23,1,0,63,1,0.6666666666666666,toxic
FSYYGFCL,82,63,15,13,145,28,0.6685714285714286,toxic
CFIFCYSS,78,64,13,14,142,27,0.6686046511627907,toxic
FYCFSICV,71,62,9,15,133,24,0.6687116564417178,toxic
FYGCCLFY,67,63,12,11,130,23,0.66875,toxic
CCFRFRFC,73,54,13,9,127,22,0.6687898089171974,toxic
CFGLVVRI,70,54,9,12,124,21,0.6688311688311688,toxic
CVDCYLCR,62,47,5,11,109,16,0.6690647482014388,toxic
LVIYCFHD,59,47,6,9,106,15,0.6691176470588235,toxic
CLYRIHRY,60,43,9,5,103,14,0.6691729323308271,toxic
FCIIGFCY,58,42,5,8,100,13,0.6692307692307692,toxic
FLCGVIVL,55,45,6,7,100,13,0.6692307692307692,toxic
FFVYFCGC,57,43,6,7,100,13,0.6692307692307692,toxic
CFCYVFSV,58,39,5,7,97,12,0.6692913385826772,toxic
GHVRYILI,57,40,8,4,97,12,0.6692913385826772,toxic
IICFYFFC,56,38,5,6,94,11,0.6693548387096774,toxic
YFVRHFFV,54,37,2,8,91,10,0.6694214876033058,toxic
HRYVFLHF,52,36,3,6,88,9,0.6694915254237288,toxic
LFYCGCYY,45,43,4,5,88,9,0.6694915254237288,toxic
YLYFDFSF,48,40,3,6,88,9,0.6694915254237288,toxic
YIIVVCHS,52,33,2,6,85,8,0.6695652173913044,toxic
YHIILLNC,48,37,3,5,85,8,0.6695652173913044,toxic
FLILFSCF,49,36,3,5,85,8,0.6695652173913044,toxic
FIFCFYVH,52,33,4,4,85,8,0.6695652173913044,toxic
GFIFCIGC,52,33,4,4,85,8,0.6695652173913044,toxic
FLVLFCVI,48,37,4,4,85,8,0.6695652173913044,toxic
LLIGLFLR,50,32,1,6,82,7,0.6696428571428571,toxic
IFCFSYLL,49,33,6,1,82,7,0.6696428571428571,toxic
FCIVYYVV,49,33,3,4,82,7,0.6696428571428571,toxic
CIHIVFIY,50,32,4,3,82,7,0.6696428571428571,toxic
FYFCSFFS,49,33,2,5,82,7,0.6696428571428571,toxic
RIFVFVSC,48,34,5,2,82,7,0.6696428571428571,toxic
FFYLCCGF,47,35,2,5,82,7,0.6696428571428571,toxic
VLIYVFCC,43,36,0,6,79,6,0.6697247706422018,toxic
FLVFLYRF,47,32,2,4,79,6,0.6697247706422018,toxic
IFVSFFCY,47,32,2,4,79,6,0.6697247706422018,toxic
VRYFVCRI,49,30,4,2,79,6,0.6697247706422018,toxic
NIFCLYVF,48,31,0,6,79,6,0.6697247706422018,toxic
VFLIFYGI,47,32,1,5,79,6,0.6697247706422018,toxic
LRVCVYYF,45,34,2,4,79,6,0.6697247706422018,toxic
YCFFVFLY,46,33,3,3,79,6,0.6697247706422018,toxic
SLIVYVRG,46,33,3,3,79,6,0.6697247706422018,toxic
CYGGCHHY,100,85,25,16,185,41,0.6697674418604651,toxic
LFVFCCVV,45,31,2,3,76,5,0.6698113207547169,toxic
YCVRICFH,40,36,2,3,76,5,0.6698113207547169,toxic
FHFIRLCL,40,36,3,2,76,5,0.6698113207547169,toxic
CFGVFYCF,47,29,2,3,76,5,0.6698113207547169,toxic
FFVICCCF,40,33,2,2,73,4,0.6699029126213593,toxic
FHCYRFIF,46,27,2,2,73,4,0.6699029126213593,toxic
FFLCFSSF,45,28,3,1,73,4,0.6699029126213593,toxic
SCFYFIIY,45,28,2,2,73,4,0.6699029126213593,toxic
VYLSYFFF,40,33,3,1,73,4,0.6699029126213593,toxic
FYFIYVFF,45,28,0,4,73,4,0.6699029126213593,toxic
YIFCYLGV,33,40,2,2,73,4,0.6699029126213593,toxic
FFGCLFVI,40,33,2,2,73,4,0.6699029126213593,toxic
CYCYLYYF,43,30,2,2,73,4,0.6699029126213593,toxic
FFCGLVYF,45,28,3,1,73,4,0.6699029126213593,toxic
FNCCFYCG,96,77,17,20,173,37,0.6699507389162561,toxic
YFGFSIVF,40,30,2,1,70,3,0.67,toxic
FVLCYLRR,38,32,2,1,70,3,0.67,toxic
LFYFFCYY,42,28,2,1,70,3,0.67,toxic
FSICCVIV,38,32,0,3,70,3,0.67,toxic
RVYVVVYC,39,31,2,1,70,3,0.67,toxic
FFFCVGFC,41,26,2,0,67,2,0.6701030927835051,toxic
CFFYLYGF,40,27,2,0,67,2,0.6701030927835051,toxic
FGLRILYF,39,28,1,1,67,2,0.6701030927835051,toxic
FFHFIGCI,43,24,2,0,67,2,0.6701030927835051,toxic
IYFCCCIY,38,29,1,1,67,2,0.6701030927835051,toxic
IIVCRIYG,38,29,1,1,67,2,0.6701030927835051,toxic
ICFHFYCF,40,27,1,1,67,2,0.6701030927835051,toxic
GICGYFFF,40,27,1,1,67,2,0.6701030927835051,toxic
LLCFRFRV,43,24,0,2,67,2,0.6701030927835051,toxic
IRFFVVIR,33,34,2,0,67,2,0.6701030927835051,toxic
CFFVVICC,42,25,2,0,67,2,0.6701030927835051,toxic
YIVRFVFF,36,31,0,2,67,2,0.6701030927835051,toxic
GICRIVFI,38,26,0,1,64,1,0.6702127659574468,toxic
FFFYRFCL,38,26,1,0,64,1,0.6702127659574468,toxic
VVVCLFFC,37,27,0,1,64,1,0.6702127659574468,toxic
YVRLSFLY,41,23,0,1,64,1,0.6702127659574468,toxic
FFYVIFRG,36,28,0,1,64,1,0.6702127659574468,toxic
RCILYVYF,40,24,0,1,64,1,0.6702127659574468,toxic
FLLFSIVC,40,24,1,0,64,1,0.6702127659574468,toxic
FYFFVLVN,36,28,1,0,64,1,0.6702127659574468,toxic
LIILFYCY,40,21,0,0,61,0,0.6703296703296703,toxic
FFFGCCFF,36,25,0,0,61,0,0.6703296703296703,toxic
FCVLRLFV,34,27,0,0,61,0,0.6703296703296703,toxic
LFSFVVIC,37,24,0,0,61,0,0.6703296703296703,toxic
LCCYNLFL,84,68,11,19,152,30,0.6703296703296703,toxic
CGGRCCFG,39,22,0,0,61,0,0.6703296703296703,toxic
VRVRVFCF,35,26,0,0,61,0,0.6703296703296703,toxic
GRFRYDFY,79,61,9,17,140,26,0.6705882352941176,toxic
FCVCCGVI,77,63,12,14,140,26,0.6705882352941176,toxic
CCLIVVGN,71,54,15,6,125,21,0.6709677419354839,toxic
VSICYVCL,63,53,10,8,116,18,0.6712328767123288,toxic
FCFVVVIN,62,51,5,12,113,17,0.6713286713286714,toxic
GYDLVVFV,65,48,8,9,113,17,0.6713286713286714,toxic
FYCIYCHC,64,46,3,13,110,16,0.6714285714285714,toxic
VNFFVYVF,59,48,9,6,107,15,0.6715328467153284,toxic
VCCICDCY,57,50,5,10,107,15,0.6715328467153284,toxic
CGCFVYLL,56,51,5,10,107,15,0.6715328467153284,toxic
DYRVVIVV,52,52,9,5,104,14,0.6716417910447762,toxic
FYDSFILF,56,48,8,6,104,14,0.6716417910447762,toxic
FFVLVGSL,60,44,6,8,104,14,0.6716417910447762,toxic
CYLYYVRH,87,81,18,17,168,35,0.6717171717171717,toxic
VYIIRVYC,59,42,6,7,101,13,0.6717557251908397,toxic
FYISYYHF,58,43,4,9,101,13,0.6717557251908397,toxic
YIFFFCFC,57,44,3,10,101,13,0.6717557251908397,toxic
YHFRGLFY,88,77,18,16,165,34,0.6717948717948717,toxic
CVIICYFH,52,43,3,8,95,11,0.672,toxic
FICLICVH,57,38,3,8,95,11,0.672,toxic
FLVLRCCI,56,39,6,5,95,11,0.672,toxic
LYFVIFCI,57,38,5,6,95,11,0.672,toxic
ILRLCRFV,56,39,5,6,95,11,0.672,toxic
CLFVCYRV,54,41,5,6,95,11,0.672,toxic
FVVLISFC,49,43,5,5,92,10,0.6721311475409836,toxic
FHCYILVV,50,39,3,6,89,9,0.6722689075630253,toxic
RYRIVVFN,50,39,6,3,89,9,0.6722689075630253,toxic
FYFFCHFG,52,37,4,5,89,9,0.6722689075630253,toxic
VFVLFICV,50,39,4,5,89,9,0.6722689075630253,toxic
SIFIVYRC,52,34,5,3,86,8,0.6724137931034483,toxic
VHCVIYSF,80,64,16,11,144,27,0.6724137931034483,toxic
CLFLIYIF,47,36,4,3,83,7,0.672566371681416,toxic
YLFLCVCC,50,33,2,5,83,7,0.672566371681416,toxic
CFYYVIYG,51,32,1,6,83,7,0.672566371681416,toxic
FLICCCIG,50,33,6,1,83,7,0.672566371681416,toxic
YRFFCVFR,49,34,2,5,83,7,0.672566371681416,toxic
CCVFYLCG,45,38,2,5,83,7,0.672566371681416,toxic
YFVIRVVD,76,62,15,10,138,25,0.6726190476190477,toxic
FVSFVLCF,42,38,2,4,80,6,0.6727272727272727,toxic
RIVIVNFI,48,32,4,2,80,6,0.6727272727272727,toxic
CFVFVYVF,45,35,5,1,80,6,0.6727272727272727,toxic
SCCYIFVV,49,31,2,4,80,6,0.6727272727272727,toxic
IISYCFYV,44,36,3,3,80,6,0.6727272727272727,toxic
FCYVCIIY,47,33,4,2,80,6,0.6727272727272727,toxic
YYFCFFRG,47,33,2,4,80,6,0.6727272727272727,toxic
VVCVFICV,48,29,3,2,77,5,0.6728971962616822,toxic
YYCFCVHI,43,34,1,4,77,5,0.6728971962616822,toxic
FFVIFCLC,46,31,3,2,77,5,0.6728971962616822,toxic
YCCFCIRI,46,31,3,2,77,5,0.6728971962616822,toxic
FFYFSFIG,48,29,2,3,77,5,0.6728971962616822,toxic
FDIFVFCF,44,33,2,3,77,5,0.6728971962616822,toxic
FYFCICFR,47,30,2,3,77,5,0.6728971962616822,toxic
IINICVCF,42,35,3,2,77,5,0.6728971962616822,toxic
RYVFCFCC,43,34,2,3,77,5,0.6728971962616822,toxic
FYLNVCCF,42,32,0,4,74,4,0.6730769230769231,toxic
YFYSICFV,40,34,1,3,74,4,0.6730769230769231,toxic
CLVCFRFV,45,29,3,1,74,4,0.6730769230769231,toxic
FCVCLFGC,44,30,3,1,74,4,0.6730769230769231,toxic
FYLLLCCC,45,29,2,2,74,4,0.6730769230769231,toxic
FNLCVHFV,46,28,2,2,74,4,0.6730769230769231,toxic
VVVYFCFG,40,31,1,2,71,3,0.6732673267326733,toxic
VSIRIVCC,45,26,1,2,71,3,0.6732673267326733,toxic
FFLCCVSY,41,30,1,2,71,3,0.6732673267326733,toxic
VYYVLLCV,40,31,1,2,71,3,0.6732673267326733,toxic
YLCFHCFF,41,30,2,1,71,3,0.6732673267326733,toxic
IVCVIFRN,42,29,2,1,71,3,0.6732673267326733,toxic
YRFYVVCV,42,29,1,2,71,3,0.6732673267326733,toxic
ICFVYFFG,40,31,3,0,71,3,0.6732673267326733,toxic
VFGFLVVG,69,51,10,9,120,19,0.6733333333333333,toxic
HYNLVYVI,69,51,10,9,120,19,0.6733333333333333,toxic
FICIFCRG,42,26,1,1,68,2,0.673469387755102,toxic
YFFFFLCF,43,25,0,2,68,2,0.673469387755102,toxic
YFVVVICY,40,28,2,0,68,2,0.673469387755102,toxic
FSLFLIGF,41,27,0,2,68,2,0.673469387755102,toxic
LIYYVFSF,39,29,2,0,68,2,0.673469387755102,toxic
FFFGISFC,43,25,2,0,68,2,0.673469387755102,toxic
CVFHIVCF,39,29,1,1,68,2,0.673469387755102,toxic
HICFGIYF,42,26,0,2,68,2,0.673469387755102,toxic
CICLCFRL,42,26,0,2,68,2,0.673469387755102,toxic
ICYIVFHY,41,27,1,1,68,2,0.673469387755102,toxic
VFFLFFRC,41,27,0,2,68,2,0.673469387755102,toxic
IVVYCRVS,62,52,5,12,114,17,0.6736111111111112,toxic
CFVVVSFY,37,28,1,0,65,1,0.6736842105263158,toxic
VIFFVRFF,40,25,1,0,65,1,0.6736842105263158,toxic
ILCFLRGF,42,23,1,0,65,1,0.6736842105263158,toxic
CIVIVIVV,41,24,0,1,65,1,0.6736842105263158,toxic
LIYCVLDL,58,53,6,10,111,16,0.6737588652482269,toxic
YYFCHCLF,62,49,7,9,111,16,0.6737588652482269,toxic
FVCCFIRV,35,27,0,0,62,0,0.6739130434782609,toxic
FVFFRVLF,36,26,0,0,62,0,0.6739130434782609,toxic
FFRFCLFV,31,31,0,0,62,0,0.6739130434782609,toxic
FRYVFLFF,40,22,0,0,62,0,0.6739130434782609,toxic
CCVVLVGL,63,45,6,9,108,15,0.6739130434782609,toxic
RFLIFFFV,36,26,0,0,62,0,0.6739130434782609,toxic
FFFFSFLV,38,24,0,0,62,0,0.6739130434782609,toxic
CYFCFYRI,38,24,0,0,62,0,0.6739130434782609,toxic
CYLVFYYF,60,45,8,6,105,14,0.674074074074074,toxic
YYFYRSYV,58,47,9,5,105,14,0.674074074074074,toxic
YYIRYFVV,57,48,6,8,105,14,0.674074074074074,toxic
VCYFGCFF,81,67,18,10,148,28,0.6741573033707865,toxic
NCSSYSYF,59,43,4,9,102,13,0.6742424242424242,toxic
NCICLFCL,49,53,7,6,102,13,0.6742424242424242,toxic
CFYHCVYF,101,87,18,23,188,41,0.6743119266055045,toxic
YGNFVVFL,54,45,5,7,99,12,0.6744186046511628,toxic
CYFNFVFV,57,42,6,6,99,12,0.6744186046511628,toxic
CICCVLFY,46,53,8,4,99,12,0.6744186046511628,toxic
CIVLLSVL,77,62,14,11,139,25,0.6745562130177515,toxic
FIVIIFFV,56,40,6,5,96,11,0.6746031746031746,toxic
CYVCICDF,54,42,3,8,96,11,0.6746031746031746,toxic
IICVCFIR,57,39,5,6,96,11,0.6746031746031746,toxic
RVFFLYFS,51,42,7,3,93,10,0.6747967479674797,toxic
RVVGVVIL,56,37,9,1,93,10,0.6747967479674797,toxic
GFIFVYVH,50,43,6,4,93,10,0.6747967479674797,toxic
LRRCIICY,51,42,3,7,93,10,0.6747967479674797,toxic
FCYYIFHL,47,46,5,5,93,10,0.6747967479674797,toxic
CIVLCLRC,52,38,6,3,90,9,0.675,toxic
IICYYIVS,54,36,2,7,90,9,0.675,toxic
IFICCFRG,54,36,8,1,90,9,0.675,toxic
FYDCFFFI,54,36,6,3,90,9,0.675,toxic
FLYIILGV,49,38,5,3,87,8,0.6752136752136753,toxic
CCYLFLLG,48,39,4,4,87,8,0.6752136752136753,toxic
FFNCRFFS,50,34,4,3,84,7,0.6754385964912281,toxic
FCFVYLVV,46,38,3,4,84,7,0.6754385964912281,toxic
GFFCFYFC,51,33,2,5,84,7,0.6754385964912281,toxic
LCVCFCVC,49,35,2,5,84,7,0.6754385964912281,toxic
VIFVFNVV,50,34,5,2,84,7,0.6754385964912281,toxic
FFGFVVIF,46,38,5,2,84,7,0.6754385964912281,toxic
YVCLCCVR,67,54,7,12,121,19,0.6754966887417219,toxic
CSCFVFHV,64,57,8,11,121,19,0.6754966887417219,toxic
FFFCLFNS,48,33,3,3,81,6,0.6756756756756757,toxic
CCHYFLGF,67,51,4,14,118,18,0.6756756756756757,toxic
YIILHFSI,46,35,1,5,81,6,0.6756756756756757,toxic
ICCCIFVY,50,31,1,5,81,6,0.6756756756756757,toxic
FICCIHIG,50,31,3,3,81,6,0.6756756756756757,toxic
CDICVFIF,44,37,0,6,81,6,0.6756756756756757,toxic
CYICIRCG,47,34,4,2,81,6,0.6756756756756757,toxic
GCVCFYVL,64,51,7,10,115,17,0.6758620689655173,toxic
CIHFCGGI,66,49,9,8,115,17,0.6758620689655173,toxic
CVFFFIYD,46,32,2,3,78,5,0.6759259259259259,toxic
SVFFLIFC,47,31,3,2,78,5,0.6759259259259259,toxic
NHLLFFFL,40,38,2,3,78,5,0.6759259259259259,toxic
LFVYIFGI,47,31,2,3,78,5,0.6759259259259259,toxic
FRVSLLVY,45,33,1,4,78,5,0.6759259259259259,toxic
FLIIVYGY,46,32,2,3,78,5,0.6759259259259259,toxic
FLVVFICL,48,30,5,0,78,5,0.6759259259259259,toxic
ICVCVFVC,45,33,2,3,78,5,0.6759259259259259,toxic
FCFCFFGL,46,32,4,1,78,5,0.6759259259259259,toxic
SCVVCFVC,61,51,6,10,112,16,0.676056338028169,toxic
CVLCCYCV,82,64,16,11,146,27,0.6761363636363636,toxic
CFFFRFCY,42,33,2,2,75,4,0.6761904761904762,toxic
ILIIYLYI,44,31,3,1,75,4,0.6761904761904762,toxic
IFRIHLVC,46,29,2,2,75,4,0.6761904761904762,toxic
VILFRIVY,44,31,2,2,75,4,0.6761904761904762,toxic
FCCIYCFF,47,28,2,2,75,4,0.6761904761904762,toxic
VIGFVIYC,64,45,7,8,109,15,0.6762589928057554,toxic
CIFVYFCR,43,29,2,1,72,3,0.6764705882352942,toxic
IFIFVYFL,44,28,2,1,72,3,0.6764705882352942,toxic
FLICLRYL,58,45,8,5,103,13,0.6766917293233082,toxic
CNIVCIYN,61,42,6,7,103,13,0.6766917293233082,toxic
FFFFCFRL,41,28,1,1,69,2,0.6767676767676768,toxic
RCRLIFCY,33,36,1,1,69,2,0.6767676767676768,toxic
LSFCCIFI,38,31,0,2,69,2,0.6767676767676768,toxic
LLVRFYFH,40,29,2,0,69,2,0.6767676767676768,toxic
CLYRVIVL,41,28,0,2,69,2,0.6767676767676768,toxic
FYSISIIF,43,26,1,1,69,2,0.6767676767676768,toxic
LYLICCVF,37,32,1,1,69,2,0.6767676767676768,toxic
FYFGIYFR,44,25,0,2,69,2,0.6767676767676768,toxic
VFFIIDCF,39,30,0,2,69,2,0.6767676767676768,toxic
LVYYYVVC,41,28,1,1,69,2,0.6767676767676768,toxic
LYFCFHCF,35,34,1,1,69,2,0.6767676767676768,toxic
LVFLRVLL,43,26,0,2,69,2,0.6767676767676768,toxic
FFFHFCGY,72,62,14,9,134,23,0.676829268292683,toxic
CLGCYLSV,75,59,14,9,134,23,0.676829268292683,toxic
FDCNYHLY,90,75,14,19,165,33,0.676923076923077,toxic
ISFVVVFN,53,47,3,9,100,12,0.676923076923077,toxic
FNGFIFLF,58,42,8,4,100,12,0.676923076923077,toxic
YVFLVIYY,41,25,1,0,66,1,0.6770833333333334,toxic
GFHVFHFV,41,25,0,1,66,1,0.6770833333333334,toxic
FYCFFRVC,39,27,0,1,66,1,0.6770833333333334,toxic
HCFFYFYG,55,42,4,7,97,11,0.6771653543307087,toxic
FFVHILGV,50,47,4,7,97,11,0.6771653543307087,toxic
FFNFFCFC,32,31,0,0,63,0,0.6774193548387096,toxic
LRRLFRCF,40,23,0,0,63,0,0.6774193548387096,toxic
FFCIVCSV,50,44,3,7,94,10,0.6774193548387096,toxic
FCFFHCFF,37,26,0,0,63,0,0.6774193548387096,toxic
IVRHFFFC,31,32,0,0,63,0,0.6774193548387096,toxic
VIVIFCCS,64,58,8,11,122,19,0.6776315789473685,toxic
FCIFFYFV,54,37,7,2,91,9,0.6776859504132231,toxic
SCVYVYCY,54,37,1,8,91,9,0.6776859504132231,toxic
LSCVCVII,55,36,6,3,91,9,0.6776859504132231,toxic
YFSLCVHL,52,36,4,4,88,8,0.6779661016949152,toxic
YLLFCGIF,51,37,4,4,88,8,0.6779661016949152,toxic
NCVFVVYC,51,37,2,6,88,8,0.6779661016949152,toxic
FVVCRVCI,52,36,2,6,88,8,0.6779661016949152,toxic
FYVCVFSF,66,50,9,8,116,17,0.678082191780822,toxic
FVCVGNLC,109,91,20,24,200,44,0.6782608695652174,toxic
CCYYVLVC,52,33,2,5,85,7,0.6782608695652174,toxic
VFLYVCYH,51,34,5,2,85,7,0.6782608695652174,toxic
LCFGFICC,75,66,15,10,141,25,0.6783625730994152,toxic
SCHILLVV,45,37,3,3,82,6,0.6785714285714286,toxic
LCIVIIFF,44,38,3,3,82,6,0.6785714285714286,toxic
ICCSIVFC,46,36,3,3,82,6,0.6785714285714286,toxic
CVFFGLVC,48,34,4,2,82,6,0.6785714285714286,toxic
CFYCRCDC,89,74,14,18,163,32,0.6787564766839378,toxic
FCVFFYFS,55,52,6,8,107,14,0.6788321167883211,toxic
CICYFVCF,46,33,2,3,79,5,0.6788990825688074,toxic
FFCVFRCH,57,47,3,10,104,13,0.6791044776119403,toxic
FCCIFGCY,61,43,4,9,104,13,0.6791044776119403,toxic
NIYCICFL,61,43,8,5,104,13,0.6791044776119403,toxic
GLLVFFVC,72,57,11,10,129,21,0.6792452830188679,toxic
FIFVIVLC,44,32,1,3,76,4,0.6792452830188679,toxic
LYYFRFIC,44,32,1,3,76,4,0.6792452830188679,toxic
FCCFFHIL,45,31,0,4,76,4,0.6792452830188679,toxic
FCCYHGCC,74,55,10,11,129,21,0.6792452830188679,toxic
CYCIYVFF,44,32,4,0,76,4,0.6792452830188679,toxic
FCCFFFVL,46,30,3,1,76,4,0.6792452830188679,toxic
VGCFYIVC,83,71,13,16,154,29,0.6793478260869565,toxic
CFCIFCCC,60,41,6,6,101,12,0.6793893129770993,toxic
CHFCGIVY,93,86,19,18,179,37,0.6794258373205742,toxic
GSIFVFID,85,66,20,8,151,28,0.6795580110497238,toxic
FFLGYFVF,46,27,2,1,73,3,0.6796116504854369,toxic
RCYFFVGF,39,34,2,1,73,3,0.6796116504854369,toxic
GHCYFLVI,40,33,2,1,73,3,0.6796116504854369,toxic
FYCFYLLV,46,27,2,1,73,3,0.6796116504854369,toxic
FYIVRFFG,39,34,0,3,73,3,0.6796116504854369,toxic
FLVFFFCC,44,29,0,3,73,3,0.6796116504854369,toxic
VFVFCLGF,41,32,1,2,73,3,0.6796116504854369,toxic
YYFFSFLC,41,32,2,1,73,3,0.6796116504854369,toxic
LIFCVYCG,42,31,2,1,73,3,0.6796116504854369,toxic
YFICLCGI,69,54,8,11,123,19,0.6797385620915033,toxic
ILFYYCGF,41,29,0,2,70,2,0.68,toxic
YCVFFYGS,55,40,4,6,95,10,0.68,toxic
FFVCCCYF,42,28,1,1,70,2,0.68,toxic
VVLIIVVF,41,29,1,1,70,2,0.68,toxic
ILLYFIVI,57,38,6,4,95,10,0.68,toxic
FNCLCRCF,68,49,9,8,117,17,0.6802721088435374,toxic
CICHRCVF,68,49,6,11,117,17,0.6802721088435374,toxic
HYGVIVVF,54,38,4,5,92,9,0.680327868852459,toxic
ICVLVNVF,54,38,3,6,92,9,0.680327868852459,toxic
FFFCYFFR,55,37,5,4,92,9,0.680327868852459,toxic
SCCLICIF,55,37,4,5,92,9,0.680327868852459,toxic
CIVVFYCC,49,43,4,5,92,9,0.680327868852459,toxic
CYVIIVIY,41,26,0,1,67,1,0.6804123711340206,toxic
LVISFHCV,38,29,0,1,67,1,0.6804123711340206,toxic
LYFRIGIV,54,35,3,5,89,8,0.680672268907563,toxic
YCFFCCDV,64,47,6,9,111,15,0.6808510638297872,toxic
HFIICLFY,40,24,0,0,64,0,0.6808510638297872,toxic
FYLLDFFG,41,23,0,0,64,0,0.6808510638297872,toxic
FCFFLNIF,38,26,0,0,64,0,0.6808510638297872,toxic
CFYYVRIG,51,35,5,2,86,7,0.6810344827586207,toxic
VSFCIFRL,50,36,2,5,86,7,0.6810344827586207,toxic
CFLCFNYI,47,39,4,3,86,7,0.6810344827586207,toxic
FFILNLCC,43,43,4,3,86,7,0.6810344827586207,toxic
FVFHICVH,50,36,2,5,86,7,0.6810344827586207,toxic
CVYYCFCC,51,35,2,5,86,7,0.6810344827586207,toxic
VDISVLFY,60,48,7,7,108,14,0.6811594202898551,toxic
IFLLNHLF,59,49,10,4,108,14,0.6811594202898551,toxic
LYVYLLNL,62,46,4,10,108,14,0.6811594202898551,toxic
FFLCVICC,49,34,4,2,83,6,0.6814159292035398,toxic
FRCFILHL,45,38,3,3,83,6,0.6814159292035398,toxic
LFCYFFVC,50,33,1,5,83,6,0.6814159292035398,toxic
CVFCVICC,48,35,2,4,83,6,0.6814159292035398,toxic
VFFVVIVG,51,32,1,5,83,6,0.6814159292035398,toxic
FGVFVVIV,45,38,1,5,83,6,0.6814159292035398,toxic
VFVFCFRF,48,35,3,3,83,6,0.6814159292035398,toxic
DVILLVSV,49,34,4,2,83,6,0.6814159292035398,toxic
GFFYIIHI,48,35,5,1,83,6,0.6814159292035398,toxic
FGLCCYCL,61,44,5,8,105,13,0.6814814814814815,toxic
ILGFVCCL,106,87,16,25,193,41,0.6816143497757847,toxic
FFCCLYVF,48,32,2,3,80,5,0.6818181818181818,toxic
FLCCYFLD,47,33,3,2,80,5,0.6818181818181818,toxic
FRCCCFIF,41,39,1,4,80,5,0.6818181818181818,toxic
IVLCIVRF,47,33,3,2,80,5,0.6818181818181818,toxic
YRICLLSL,45,35,2,3,80,5,0.6818181818181818,toxic
FCCFFFYN,80,63,8,17,143,25,0.6820809248554913,toxic
FCYIRVIH,69,52,8,10,121,18,0.6821192052980133,toxic
FFIISCNI,58,41,5,6,99,11,0.6821705426356589,toxic
FLFFLCVS,58,41,4,7,99,11,0.6821705426356589,toxic
GLCFLYVY,58,41,8,3,99,11,0.6821705426356589,toxic
ICYFCLNF,40,37,1,3,77,4,0.6822429906542056,toxic
LCFHLLFI,46,31,1,3,77,4,0.6822429906542056,toxic
HYFVRFVL,47,30,1,3,77,4,0.6822429906542056,toxic
SFISLVIL,46,31,2,2,77,4,0.6822429906542056,toxic
FCILFFYF,42,35,1,3,77,4,0.6822429906542056,toxic
FVFCVCFV,47,30,1,3,77,4,0.6822429906542056,toxic
FFFGYYCY,43,34,1,3,77,4,0.6822429906542056,toxic
FFLFFDIR,48,29,3,1,77,4,0.6822429906542056,toxic
LFGFFFFF,48,29,2,2,77,4,0.6822429906542056,toxic
LYLVSIIR,67,51,11,6,118,17,0.6824324324324325,toxic
VFCVFFDV,59,59,9,8,118,17,0.6824324324324325,toxic
VCLFVGLL,68,50,5,12,118,17,0.6824324324324325,toxic
CLCIHICC,46,28,0,3,74,3,0.6826923076923077,toxic
YVYYCFFI,44,30,0,3,74,3,0.6826923076923077,toxic
YYCIIVHR,45,29,0,3,74,3,0.6826923076923077,toxic
LLCLFYVG,44,30,2,1,74,3,0.6826923076923077,toxic
YCCFFFLY,42,32,0,3,74,3,0.6826923076923077,toxic
GFYVIHHF,66,49,10,6,115,16,0.6827586206896552,toxic
LCCGFCIR,55,38,5,4,93,9,0.6829268292682927,toxic
HIILSVLI,52,41,6,3,93,9,0.6829268292682927,toxic
FCCGRCCR,54,39,4,5,93,9,0.6829268292682927,toxic
IDVHCCDY,71,63,10,12,134,22,0.6829268292682927,toxic
FVYVCYLG,51,42,7,2,93,9,0.6829268292682927,toxic
FFYCFLFH,85,68,17,11,153,28,0.6830601092896175,toxic
FVFVCDIF,61,51,9,6,112,15,0.6830985915492958,toxic
VLILFCGD,39,32,2,0,71,2,0.6831683168316832,toxic
LVRVLCFI,38,33,1,1,71,2,0.6831683168316832,toxic
YFFRVVFI,35,36,1,1,71,2,0.6831683168316832,toxic
ICYFGYLI,42,29,0,2,71,2,0.6831683168316832,toxic
LFVVLFYI,45,26,0,2,71,2,0.6831683168316832,toxic
FFYCYICL,45,26,2,0,71,2,0.6831683168316832,toxic
YIICVGCG,44,27,0,2,71,2,0.6831683168316832,toxic
VVCILNFC,41,30,1,1,71,2,0.6831683168316832,toxic
FYFFYYNF,41,30,1,1,71,2,0.6831683168316832,toxic
FIFNFFFF,45,26,1,1,71,2,0.6831683168316832,toxic
FYLRVHIL,38,33,1,1,71,2,0.6831683168316832,toxic
LFFCFIIL,51,39,3,5,90,8,0.6833333333333333,toxic
YCLYYVSC,54,36,4,4,90,8,0.6833333333333333,toxic
FSVCCFIC,60,49,10,4,109,14,0.6834532374100719,toxic
SYICCNCC,60,49,7,7,109,14,0.6834532374100719,toxic
RIYCCHFF,69,59,12,8,128,20,0.6835443037974683,toxic
YVNCDYVG,137,127,32,31,264,63,0.6836734693877551,toxic
ILFVVRCS,40,28,0,1,68,1,0.6836734693877551,toxic
FCYFFGCH,102,83,15,23,185,38,0.6837209302325581,toxic
LLHYSIFI,52,35,3,4,87,7,0.6837606837606838,toxic
FCVYLSYY,44,43,3,4,87,7,0.6837606837606838,toxic
FDICLFYC,50,37,3,4,87,7,0.6837606837606838,toxic
LLCYCCLV,56,50,7,6,106,13,0.6838235294117647,toxic
CFVFCVNF,72,53,8,11,125,19,0.6838709677419355,toxic
CYIFVYFG,70,55,13,6,125,19,0.6838709677419355,toxic
RICFYVSI,50,34,3,3,84,6,0.6842105263157895,toxic
VYCYVVVR,59,44,8,4,103,12,0.6842105263157895,toxic
FVFCVYID,61,42,5,7,103,12,0.6842105263157895,toxic
FIYVCFFD,55,48,6,6,103,12,0.6842105263157895,toxic
RVFILIGS,51,33,4,2,84,6,0.6842105263157895,toxic
FRFICCCR,49,35,3,3,84,6,0.6842105263157895,toxic
VVLVGIFC,62,60,9,9,122,18,0.6842105263157895,toxic
FSFLYCVV,49,35,1,5,84,6,0.6842105263157895,toxic
HFYRFFCI,47,37,1,5,84,6,0.6842105263157895,toxic
FYLRCCLV,69,53,6,12,122,18,0.6842105263157895,toxic
CVYIFYFV,56,47,6,6,103,12,0.6842105263157895,toxic
HVCFIVRV,47,37,2,4,84,6,0.6842105263157895,toxic
FFGFIFVL,61,42,8,4,103,12,0.6842105263157895,toxic
LRGILNFF,41,24,0,0,65,0,0.6842105263157895,toxic
GVVLRLYF,49,35,3,3,84,6,0.6842105263157895,toxic
CYFFFFSS,75,63,16,7,138,23,0.6845238095238095,toxic
HFFYFYVC,54,46,9,2,100,11,0.6846153846153846,toxic
FCFLCFLF,50,31,2,3,81,5,0.6846846846846847,toxic
LCFFLFNF,48,33,3,2,81,5,0.6846846846846847,toxic
VYLLFVSF,45,36,3,2,81,5,0.6846846846846847,toxic
VVVCYVVF,44,37,5,0,81,5,0.6846846846846847,toxic
LYFHFFRC,50,31,2,3,81,5,0.6846846846846847,toxic
SVVVIYSV,64,52,7,9,116,16,0.684931506849315,toxic
FCLFLNLV,44,34,4,0,78,4,0.6851851851851852,toxic
FFHCIIRL,45,33,3,1,78,4,0.6851851851851852,toxic
VRYFFRSF,48,30,3,1,78,4,0.6851851851851852,toxic
CFFCCYVF,40,38,1,3,78,4,0.6851851851851852,toxic
VVCVYYVG,44,34,2,2,78,4,0.6851851851851852,toxic
FYFIFYGV,48,30,1,3,78,4,0.6851851851851852,toxic
VYFFLCLF,40,38,4,0,78,4,0.6851851851851852,toxic
FFLINYRG,63,50,5,10,113,15,0.6853146853146853,toxic
FCYIYFID,65,48,5,10,113,15,0.6853146853146853,toxic
LGFVLIFL,66,47,10,5,113,15,0.6853146853146853,toxic
NFVCLFLC,57,56,7,8,113,15,0.6853146853146853,toxic
VILYLCNG,51,43,5,4,94,9,0.6854838709677419,toxic
FHSVYIIL,55,39,7,2,94,9,0.6854838709677419,toxic
GCVVVVFI,54,40,4,5,94,9,0.6854838709677419,toxic
LFVYHLCV,64,46,5,9,110,14,0.6857142857142857,toxic
YCFFCVSF,46,29,2,1,75,3,0.6857142857142857,toxic
FILFSFCI,42,33,2,1,75,3,0.6857142857142857,toxic
FYLCVIVN,46,29,1,2,75,3,0.6857142857142857,toxic
CIRIFYCF,42,33,3,0,75,3,0.6857142857142857,toxic
FCHFRCFF,46,29,0,3,75,3,0.6857142857142857,toxic
FVVFFFYC,47,28,1,2,75,3,0.6857142857142857,toxic
YYFVGFRC,40,35,1,2,75,3,0.6857142857142857,toxic
FICYHFCL,71,55,11,8,126,19,0.6858974358974359,toxic
FILFCRVN,50,41,4,4,91,8,0.6859504132231405,toxic
LDIVFFSF,52,39,5,3,91,8,0.6859504132231405,toxic
FFLLICYL,49,42,2,6,91,8,0.6859504132231405,toxic
FLVCLHCC,60,47,7,6,107,13,0.6861313868613139,toxic
CYYLVCHG,70,53,12,6,123,18,0.6862745098039216,toxic
VFVCLRYV,45,27,0,2,72,2,0.6862745098039216,toxic
VRVIYLCL,44,28,0,2,72,2,0.6862745098039216,toxic
FVVGVIIC,70,53,7,11,123,18,0.6862745098039216,toxic
IIRLCVCI,43,29,1,1,72,2,0.6862745098039216,toxic
CLIVFIIF,45,27,1,1,72,2,0.6862745098039216,toxic
FNVCIVRF,44,28,1,1,72,2,0.6862745098039216,toxic
YFVCHCGF,45,43,0,7,88,7,0.6864406779661016,toxic
FVLYFFSC,51,37,3,4,88,7,0.6864406779661016,toxic
FYLIISRY,52,36,4,3,88,7,0.6864406779661016,toxic
YSVVIIRF,58,46,5,7,104,12,0.6865671641791045,toxic
YSIFLCYL,60,44,4,8,104,12,0.6865671641791045,toxic
IFIIGNFI,67,53,7,10,120,17,0.6866666666666666,toxic
LVCVLCLF,69,51,9,8,120,17,0.6866666666666666,toxic
FYYCYFCV,68,52,9,8,120,17,0.6866666666666666,toxic
FVVCRIHY,81,71,12,15,152,27,0.6868131868131868,toxic
FLRFLDRL,42,27,0,1,69,1,0.6868686868686869,toxic
VFFCFGCF,33,36,1,0,69,1,0.6868686868686869,toxic
VSYVCLCF,51,34,3,3,85,6,0.6869565217391305,toxic
CRISLLFL,52,33,0,6,85,6,0.6869565217391305,toxic
LCCVVCIR,51,34,1,5,85,6,0.6869565217391305,toxic
FRCIFVIC,58,43,9,2,101,11,0.6870229007633588,toxic
RYGFCFFV,58,43,6,5,101,11,0.6870229007633588,toxic
YYLFFVSY,60,41,4,7,101,11,0.6870229007633588,toxic
FIVRFFCL,39,27,0,0,66,0,0.6875,toxic
FFFGLLHC,58,40,4,6,98,10,0.6875,toxic
RCHIFFCF,49,33,3,2,82,5,0.6875,toxic
RLIIDVRI,65,49,8,7,114,15,0.6875,toxic
FLFFHYIL,50,32,0,5,82,5,0.6875,toxic
YLLRYVFI,39,27,0,0,66,0,0.6875,toxic
CHFLFCCI,73,54,8,11,127,19,0.6878980891719745,toxic
CCFVILCY,70,57,10,9,127,19,0.6878980891719745,toxic
RVYVCFFD,64,47,5,9,111,14,0.6879432624113475,toxic
CIFIIVYY,54,41,4,5,95,9,0.688,toxic
LFYCCRVF,53,42,6,3,95,9,0.688,toxic
CVLGVYLF,56,39,3,6,95,9,0.688,toxic
LYVIVGIV,43,36,1,3,79,4,0.6880733944954128,toxic
GYVRVYLC,48,31,1,3,79,4,0.6880733944954128,toxic
FLVFFFVC,46,33,2,2,79,4,0.6880733944954128,toxic
GVVCCIVY,48,31,1,3,79,4,0.6880733944954128,toxic
FLICISCR,46,33,4,0,79,4,0.6880733944954128,toxic
VVFYCFRG,47,32,1,3,79,4,0.6880733944954128,toxic
CICYIFFI,63,45,6,7,108,13,0.6884057971014492,toxic
YFVFVFCC,62,46,6,7,108,13,0.6884057971014492,toxic
HRICIFCH,49,43,1,7,92,8,0.6885245901639344,toxic
CDCHVCIL,75,62,10,12,137,22,0.688622754491018,toxic
LFLNVCFY,47,29,1,2,76,3,0.6886792452830188,toxic
CCFFIFGF,43,33,0,3,76,3,0.6886792452830188,toxic
FFFYLFFF,41,35,0,3,76,3,0.6886792452830188,toxic
FCVCIFIG,70,51,3,14,121,17,0.6887417218543046,toxic
IFRYSFDV,83,67,12,14,150,26,0.6888888888888889,toxic
VCVHIVIC,51,38,2,5,89,7,0.6890756302521008,toxic
VFFYVHFC,53,36,2,5,89,7,0.6890756302521008,toxic
FCFCVFCL,52,37,3,4,89,7,0.6890756302521008,toxic
FYCIVCCG,52,37,3,4,89,7,0.6890756302521008,toxic
FCFCFFLC,40,33,1,1,73,2,0.6893203883495146,toxic
FYVCVYIL,44,29,0,2,73,2,0.6893203883495146,toxic
RRFYVICI,46,27,0,2,73,2,0.6893203883495146,toxic
FRFLFCFC,46,27,0,2,73,2,0.6893203883495146,toxic
FFFFFLFI,45,28,1,1,73,2,0.6893203883495146,toxic
VRFFVYFG,44,29,1,1,73,2,0.6893203883495146,toxic
FIFIDFLF,40,33,2,0,73,2,0.6893203883495146,toxic
RIFHVLVV,46,27,1,1,73,2,0.6893203883495146,toxic
YFGVVISI,52,34,1,5,86,6,0.6896551724137931,toxic
CGIVFRIL,67,48,6,9,115,15,0.6896551724137931,toxic
FFLFHYCG,67,48,6,9,115,15,0.6896551724137931,toxic
LCGYFICF,48,38,0,6,86,6,0.6896551724137931,toxic
VLFLRVCR,52,34,1,5,86,6,0.6896551724137931,toxic
FYVVYVCL,72,56,5,14,128,19,0.689873417721519,toxic
VFIYHVFC,54,45,6,4,99,10,0.689922480620155,toxic
FYCLYYGI,58,41,5,5,99,10,0.689922480620155,toxic
IFIVFRHI,41,29,1,0,70,1,0.69,toxic
FFFLLIII,34,36,1,0,70,1,0.69,toxic
FFLFFCNF,44,26,1,0,70,1,0.69,toxic
LFFLGFYL,62,50,7,7,112,14,0.6901408450704225,toxic
LIIYRIVS,47,36,3,2,83,5,0.6902654867256637,toxic
FFFVLFCY,49,34,3,2,83,5,0.6902654867256637,toxic
FFFINVVC,45,38,4,1,83,5,0.6902654867256637,toxic
CFYFFVII,47,36,2,3,83,5,0.6902654867256637,toxic
CICLSIHV,72,53,8,10,125,18,0.6903225806451613,toxic
CHYIVCCL,71,54,7,11,125,18,0.6903225806451613,toxic
FHYVGFFF,55,41,5,4,96,9,0.6904761904761905,toxic
YVVYCVYY,57,39,4,5,96,9,0.6904761904761905,toxic
CFVFVCYG,56,40,5,4,96,9,0.6904761904761905,toxic
YVFRVLIY,59,50,7,6,109,13,0.6906474820143885,toxic
IFHVRCYV,64,45,5,8,109,13,0.6906474820143885,toxic
CCIDVFFY,60,49,7,6,109,13,0.6906474820143885,toxic
LFLCYVGG,59,50,4,9,109,13,0.6906474820143885,toxic
FFLVCCCG,61,48,7,6,109,13,0.6906474820143885,toxic
CCDRCYSF,41,26,0,0,67,0,0.6907216494845361,toxic
FCIVRCFF,35,32,0,0,67,0,0.6907216494845361,toxic
FYCFFCFN,66,56,11,6,122,17,0.6907894736842105,toxic
FFFGVYIV,42,38,1,3,80,4,0.6909090909090909,toxic
FLVYCLFF,48,32,1,3,80,4,0.6909090909090909,toxic
FFYGFFGI,49,31,1,3,80,4,0.6909090909090909,toxic
FICLVFVC,48,32,1,3,80,4,0.6909090909090909,toxic
FFRVYFFI,47,33,3,1,80,4,0.6909090909090909,toxic
VCFFCFFF,47,33,2,2,80,4,0.6909090909090909,toxic
FFYFSCSI,46,34,3,1,80,4,0.6909090909090909,toxic
VFIVVNYC,45,35,2,2,80,4,0.6909090909090909,toxic
SVVIVICL,52,41,3,5,93,8,0.6910569105691057,toxic
FCFFLGFI,53,40,3,5,93,8,0.6910569105691057,toxic
FLFFHCYI,55,38,3,5,93,8,0.6910569105691057,toxic
CVYICHLV,62,44,4,8,106,12,0.6911764705882353,toxic
YLFVIICG,69,50,10,6,119,16,0.6912751677852349,toxic
DLLILCFG,69,50,6,10,119,16,0.6912751677852349,toxic
CFRYLILG,43,34,0,3,77,3,0.6915887850467289,toxic
NFIYLYVF,48,29,1,2,77,3,0.6915887850467289,toxic
FCRGCCCF,48,29,2,1,77,3,0.6915887850467289,toxic
LVRFVCCF,46,31,1,2,77,3,0.6915887850467289,toxic
VLDFIVLY,52,38,4,3,90,7,0.6916666666666667,toxic
ILVLRVCL,47,43,2,5,90,7,0.6916666666666667,toxic
VFIVCHRY,49,41,3,4,90,7,0.6916666666666667,toxic
CLILFCVC,60,43,4,7,103,11,0.6917293233082706,toxic
VCCILFIR,64,52,6,9,116,15,0.6917808219178082,toxic
FFFRVCGY,80,62,7,16,142,23,0.6918604651162791,toxic
LFGYFLFI,66,47,4,10,113,14,0.6923076923076923,toxic
VYIYIVRF,53,34,1,5,87,6,0.6923076923076923,toxic
LIYLNVRL,53,34,3,3,87,6,0.6923076923076923,toxic
LCVLICCI,56,44,5,5,100,10,0.6923076923076923,toxic
FYVFFIRF,45,29,1,1,74,2,0.6923076923076923,toxic
RCCFCYCN,71,55,7,11,126,18,0.6923076923076923,toxic
VIFYFCGL,56,44,4,6,100,10,0.6923076923076923,toxic
CCVICFRY,52,35,2,4,87,6,0.6923076923076923,toxic
YYCFVIIN,75,61,9,12,136,21,0.6927710843373494,toxic
FFYCYYFC,62,48,7,6,110,13,0.6928571428571428,toxic
CLVCLYHN,61,49,7,6,110,13,0.6928571428571428,toxic
IYCVYIGC,57,40,6,3,97,9,0.6929133858267716,toxic
FYVFFIFI,56,41,2,7,97,9,0.6929133858267716,toxic
CCIFVSIR,57,40,5,4,97,9,0.6929133858267716,toxic
FYFFCFCV,58,39,5,4,97,9,0.6929133858267716,toxic
YIVFVCLH,49,35,3,2,84,5,0.6929824561403509,toxic
FRVLCLFC,48,36,3,2,84,5,0.6929824561403509,toxic
IRYFLYYC,51,33,4,1,84,5,0.6929824561403509,toxic
CFRILCFV,46,38,1,4,84,5,0.6929824561403509,toxic
VFRYICFV,47,37,2,3,84,5,0.6929824561403509,toxic
FCFGLCFF,50,34,4,1,84,5,0.6929824561403509,toxic
FCVHLIFC,50,34,2,3,84,5,0.6929824561403509,toxic
FFILIIYF,49,35,0,5,84,5,0.6929824561403509,toxic
FCLFNFLC,43,28,1,0,71,1,0.693069306930693,toxic
FFHFVIRC,44,27,0,1,71,1,0.693069306930693,toxic
FYVIVYIF,35,36,1,0,71,1,0.693069306930693,toxic
YFFLFCRI,42,29,1,0,71,1,0.693069306930693,toxic
YVHCVICI,69,51,6,10,120,16,0.6933333333333334,toxic
RIFFFDLY,63,44,4,8,107,12,0.6934306569343066,toxic
VRVCVLFD,56,51,7,5,107,12,0.6934306569343066,toxic
FYFHYFHF,54,40,1,7,94,8,0.6935483870967742,toxic
FFFSIVYS,54,40,5,3,94,8,0.6935483870967742,toxic
ICLYCLVL,56,38,5,3,94,8,0.6935483870967742,toxic
FFFFYVCS,43,51,4,4,94,8,0.6935483870967742,toxic
VYVNLHVF,48,46,6,2,94,8,0.6935483870967742,toxic
FRCFIINV,52,42,5,3,94,8,0.6935483870967742,toxic
VLHVLCVV,54,40,6,2,94,8,0.6935483870967742,toxic
FCDYVYFI,80,63,13,10,143,23,0.6936416184971098,toxic
FFFCYVCF,50,31,1,3,81,4,0.6936936936936937,toxic
FFIIHYYY,49,32,1,3,81,4,0.6936936936936937,toxic
CFFCFHLF,44,37,2,2,81,4,0.6936936936936937,toxic
FYYIRIRL,50,31,2,2,81,4,0.6936936936936937,toxic
CIFIFSIY,49,32,3,1,81,4,0.6936936936936937,toxic
ICICYFRG,69,61,8,11,130,19,0.69375,toxic
CYFLLLDY,74,56,6,13,130,19,0.69375,toxic
FHFCICCY,38,30,0,0,68,0,0.6938775510204082,toxic
FRLLFFRY,43,25,0,0,68,0,0.6938775510204082,toxic
FFHIFVIC,60,44,6,5,104,11,0.6940298507462687,toxic
NIYIIIIL,54,37,4,3,91,7,0.6942148760330579,toxic
YYFHVILS,53,38,5,2,91,7,0.6942148760330579,toxic
CGYFVIVC,53,38,3,4,91,7,0.6942148760330579,toxic
CYVILVGL,73,54,9,9,127,18,0.6942675159235668,toxic
FFFGRFLN,46,32,1,2,78,3,0.6944444444444444,toxic
FFLCCFSI,45,33,0,3,78,3,0.6944444444444444,toxic
FICCCIRY,93,80,12,20,173,32,0.6945812807881774,toxic
INFLCLYF,60,41,2,8,101,10,0.6946564885496184,toxic
CFVCRVSF,56,45,10,0,101,10,0.6946564885496184,toxic
IFFFCLFC,70,54,7,10,124,17,0.6948051948051948,toxic
FFIIYYCC,52,36,4,2,88,6,0.6949152542372882,toxic
CLYFVLCY,53,35,4,2,88,6,0.6949152542372882,toxic
VFFCYICV,42,46,2,4,88,6,0.6949152542372882,toxic
FCFCFVLV,51,37,4,2,88,6,0.6949152542372882,toxic
FGLIILDY,64,47,7,6,111,13,0.6950354609929078,toxic
IVVLCICD,64,47,4,9,111,13,0.6950354609929078,toxic
VFYYLIFC,65,46,4,9,111,13,0.6950354609929078,toxic
FCFVYLYN,75,59,8,12,134,20,0.6951219512195121,toxic
YLCHCFFF,46,29,1,1,75,2,0.6952380952380952,toxic
LIFVFHSI,45,30,1,1,75,2,0.6952380952380952,toxic
FCIYVLLR,46,29,2,0,75,2,0.6952380952380952,toxic
LICSIFFN,55,43,6,3,98,9,0.6953125,toxic
FCYVFYYY,69,52,7,9,121,16,0.695364238410596,toxic
VFCFLCFC,70,51,10,6,121,16,0.695364238410596,toxic
YGICLYIC,77,67,12,11,144,23,0.6954022988505747,toxic
FLCFILFV,51,34,5,0,85,5,0.6956521739130435,toxic
HDFNFGDY,83,71,15,11,154,26,0.6956521739130435,toxic
ICCICISV,83,71,16,10,154,26,0.6956521739130435,toxic
FFVCIRFG,52,33,2,3,85,5,0.6956521739130435,toxic
YLLIHLCF,46,39,1,4,85,5,0.6956521739130435,toxic
VVYILRSL,50,35,2,3,85,5,0.6956521739130435,toxic
GDLYFIIC,102,85,13,23,187,36,0.695852534562212,toxic
IRYVLFLY,64,54,7,8,118,15,0.6959459459459459,toxic
IYILLNDL,65,53,9,6,118,15,0.6959459459459459,toxic
FCGIIVRY,56,39,1,7,95,8,0.696,toxic
FFFVNFYI,55,40,2,6,95,8,0.696,toxic
FFCYFNFG,56,39,3,5,95,8,0.696,toxic
YVFFLFVL,54,41,7,1,95,8,0.696,toxic
CIFCRYFG,44,28,0,1,72,1,0.696078431372549,toxic
CIFSFFFC,40,32,0,1,72,1,0.696078431372549,toxic
CYYRVIYF,44,28,0,1,72,1,0.696078431372549,toxic
CFLLDLFC,43,29,0,1,72,1,0.696078431372549,toxic
HNDCGYVY,112,95,22,20,207,42,0.6962025316455697,toxic
GYCCCVIF,62,43,6,5,105,11,0.6962962962962963,toxic
FFILFSNN,54,51,7,4,105,11,0.6962962962962963,toxic
YDLVCVLF,61,44,6,5,105,11,0.6962962962962963,toxic
FDYYFYLY,62,43,4,7,105,11,0.6962962962962963,toxic
NFVFYYLC,48,34,4,0,82,4,0.6964285714285714,toxic
FVLFYSLR,50,32,1,3,82,4,0.6964285714285714,toxic
IFLIVFVC,47,35,0,4,82,4,0.6964285714285714,toxic
IIFLVCFH,49,33,1,3,82,4,0.6964285714285714,toxic
SRLIIYVG,49,33,2,2,82,4,0.6964285714285714,toxic
YIVCHFFR,66,49,5,9,115,14,0.696551724137931,toxic
CGFGYDYN,67,48,6,8,115,14,0.696551724137931,toxic
YFHIFCLC,48,44,2,5,92,7,0.6967213114754098,toxic
FFSFCSFF,55,37,4,3,92,7,0.6967213114754098,toxic
FYVCFRLR,51,41,2,5,92,7,0.6967213114754098,toxic
RCYCVIHF,54,38,5,2,92,7,0.6967213114754098,toxic
HCVIYLLF,46,46,4,3,92,7,0.6967213114754098,toxic
FFFRIFFR,44,25,0,0,69,0,0.696969696969697,toxic
FCCFIFVN,39,30,0,0,69,0,0.696969696969697,toxic
FFVRLIFC,38,31,0,0,69,0,0.696969696969697,toxic
CHYIILCF,65,47,6,7,112,13,0.6971830985915493,toxic
FVFFFHFF,48,31,1,2,79,3,0.6972477064220184,toxic
FVFLINFL,44,35,2,1,79,3,0.6972477064220184,toxic
YSIFFLLY,49,30,2,1,79,3,0.6972477064220184,toxic
FYYLRCFF,47,32,1,2,79,3,0.6972477064220184,toxic
FYFSFFLV,48,31,2,1,79,3,0.6972477064220184,toxic
FFFFFCCF,47,32,2,1,79,3,0.6972477064220184,toxic
YFFVVVIC,68,54,5,11,122,16,0.6973684210526315,toxic
LVIICGVL,69,53,8,8,122,16,0.6973684210526315,toxic
FCLVILHR,54,35,3,3,89,6,0.6974789915966386,toxic
SFVISVFV,54,35,2,4,89,6,0.6974789915966386,toxic
CVIFVLRV,51,38,3,3,89,6,0.6974789915966386,toxic
FCFYRLYF,56,43,5,4,99,9,0.6976744186046512,toxic
NCVICIIV,61,48,6,6,109,12,0.697841726618705,toxic
YGCCYRCC,65,54,9,6,119,15,0.697986577181208,toxic
IRCFCIFY,42,34,0,2,76,2,0.6981132075471698,toxic
FCFHFVCI,42,34,1,1,76,2,0.6981132075471698,toxic
FCVVRICY,44,32,0,2,76,2,0.6981132075471698,toxic
FDIFFYLY,34,42,0,2,76,2,0.6981132075471698,toxic
IFCFFGIV,51,35,3,2,86,5,0.6982758620689655,toxic
LRCLCVFI,42,44,3,2,86,5,0.6982758620689655,toxic
RIVYVLLG,84,65,15,9,149,24,0.6983240223463687,toxic
VCLIYHLY,57,39,3,5,96,8,0.6984126984126984,toxic
FFFILCYL,53,43,5,3,96,8,0.6984126984126984,toxic
FLICCVYC,57,39,2,6,96,8,0.6984126984126984,toxic
LVFSLFVL,55,41,5,3,96,8,0.6984126984126984,toxic
IFCCFIVC,62,44,3,8,106,11,0.6985294117647058,toxic
VYICFFSI,62,44,5,6,106,11,0.6985294117647058,toxic
VVVCCCYY,77,59,9,11,136,20,0.6987951807228916,toxic
FFFFVFVF,44,29,1,0,73,1,0.6990291262135923,toxic
FFVFCCFC,43,30,0,1,73,1,0.6990291262135923,toxic
LVVICGDL,43,30,0,1,73,1,0.6990291262135923,toxic
YYYCVCVF,46,27,0,1,73,1,0.6990291262135923,toxic
FCFCFYCY,46,27,0,1,73,1,0.6990291262135923,toxic
FICYFHRF,42,31,1,0,73,1,0.6990291262135923,toxic
LYSYYVII,40,33,0,1,73,1,0.6990291262135923,toxic
YFYCYFCF,51,32,2,2,83,4,0.6991150442477876,toxic
FCLLSISF,47,36,2,2,83,4,0.6991150442477876,toxic
FCFCVFFI,50,33,2,2,83,4,0.6991150442477876,toxic
CRILYLCY,49,34,2,2,83,4,0.6991150442477876,toxic
YFVSVFRY,56,37,4,3,93,7,0.6991869918699187,toxic
CNRCYVFL,51,42,4,3,93,7,0.6991869918699187,toxic
RGFILCLV,51,42,6,1,93,7,0.6991869918699187,toxic
IVFFVFCN,61,42,6,4,103,10,0.6992481203007519,toxic
VFFFVHFY,59,44,5,5,103,10,0.6992481203007519,toxic
YFLVFVCF,59,44,5,5,103,10,0.6992481203007519,toxic
ICFYGFCV,60,43,4,6,103,10,0.6992481203007519,toxic
VFYNFVIC,61,42,2,8,103,10,0.6992481203007519,toxic
FFYVVCVN,60,43,2,8,103,10,0.6992481203007519,toxic
FFVLVFVR,61,52,9,4,113,13,0.6993006993006993,toxic
RICCVLII,66,47,5,8,113,13,0.6993006993006993,toxic
VLFCYFCC,55,45,3,6,100,9,0.7,toxic
YVFCYYFC,49,41,1,5,90,6,0.7,toxic
ICFRFCVL,53,47,3,6,100,9,0.7,toxic
FYFNFILF,43,37,1,2,80,3,0.7,toxic
RCCFLYFI,54,36,3,3,90,6,0.7,toxic
FLFCHFFC,48,42,4,2,90,6,0.7,toxic
YIICVFCS,64,46,4,8,110,12,0.7,toxic
LVYFFVRV,42,28,0,0,70,0,0.7,toxic
VVIVFIVI,59,41,4,5,100,9,0.7,toxic
FLFYLLGL,41,39,1,2,80,3,0.7,toxic
FHYCLLRY,78,72,12,12,150,24,0.7,toxic
LRYFLRFF,39,31,0,0,70,0,0.7,toxic
FYFVCCVI,61,49,5,7,110,12,0.7,toxic
FYYFFIFC,59,41,6,3,100,9,0.7,toxic
CFSYLIVI,62,45,6,5,107,11,0.7007299270072993,toxic
LICCRCIF,62,45,6,5,107,11,0.7007299270072993,toxic
FHVYFCRC,49,48,3,5,97,8,0.7007874015748031,toxic
VFSIFLLI,57,40,2,6,97,8,0.7007874015748031,toxic
FCLFIVRC,55,42,3,5,97,8,0.7007874015748031,toxic
CGVFLRIY,53,44,2,6,97,8,0.7007874015748031,toxic
FFLCVNVL,47,40,2,3,87,5,0.7008547008547008,toxic
FFIIVGCV,46,41,4,1,87,5,0.7008547008547008,toxic
VCYYFSIL,52,35,2,3,87,5,0.7008547008547008,toxic
LIHIFFIR,45,32,0,2,77,2,0.7009345794392523,toxic
FLCFCLFC,47,30,1,1,77,2,0.7009345794392523,toxic
FFVCLYLC,47,30,1,1,77,2,0.7009345794392523,toxic
FFFFFISF,48,29,1,1,77,2,0.7009345794392523,toxic
VLILLSNF,71,53,9,7,124,16,0.7012987012987013,toxic
VVFFCYCV,60,54,9,4,114,13,0.7013888888888888,toxic
YYLCLSFV,56,38,2,5,94,7,0.7016129032258065,toxic
LFCFVVFF,56,38,1,6,94,7,0.7016129032258065,toxic
GYLCIYIR,78,63,12,9,141,21,0.7017543859649122,toxic
CFVHVLFI,50,34,2,2,84,4,0.7017543859649122,toxic
CYVYIIVC,70,61,10,8,131,18,0.7018633540372671,toxic
FIVCFVLR,36,38,1,0,74,1,0.7019230769230769,toxic
FYFNVFVF,39,35,1,0,74,1,0.7019230769230769,toxic
LIVVIRRD,46,28,0,1,74,1,0.7019230769230769,toxic
FFNYFFYL,42,32,1,0,74,1,0.7019230769230769,toxic
FFLRFHRF,42,32,0,1,74,1,0.7019230769230769,toxic
CCFCIVIG,43,31,0,1,74,1,0.7019230769230769,toxic
CFVYFCFR,69,52,6,9,121,15,0.7019867549668874,toxic
CCCFYIGV,69,52,7,8,121,15,0.7019867549668874,toxic
FDFCFCLI,65,46,2,10,111,12,0.7021276595744681,toxic
FYYGLILL,53,48,5,4,101,9,0.7022900763358778,toxic
CCSVIICV,57,44,3,6,101,9,0.7022900763358778,toxic
FGIYFYVF,60,41,3,6,101,9,0.7022900763358778,toxic
CRRFGLSG,78,60,8,12,138,20,0.7023809523809523,toxic
FSYVICVG,53,38,3,3,91,6,0.7024793388429752,toxic
CVLFVCCV,54,37,4,2,91,6,0.7024793388429752,toxic
FCGIYVIC,51,40,4,2,91,6,0.7024793388429752,toxic
FLVFICSH,52,39,1,5,91,6,0.7024793388429752,toxic
FFFVCCVF,54,37,3,3,91,6,0.7024793388429752,toxic
VGVFVIRL,71,57,8,9,128,17,0.7025316455696202,toxic
FYFFFFVL,41,40,2,1,81,3,0.7027027027027027,toxic
LFRVIFGY,43,38,1,2,81,3,0.7027027027027027,toxic
FFDFFSCF,50,31,2,1,81,3,0.7027027027027027,toxic
VYYVHFFY,45,36,1,2,81,3,0.7027027027027027,toxic
VIIYINLF,45,36,1,2,81,3,0.7027027027027027,toxic
FLCGFLGF,50,31,2,1,81,3,0.7027027027027027,toxic
CIICCSNY,87,68,14,11,155,25,0.7027027027027027,toxic
FFRCFFCC,47,34,2,1,81,3,0.7027027027027027,toxic
YHLSCCHY,46,35,1,2,81,3,0.7027027027027027,toxic
VFICVRFG,46,35,2,1,81,3,0.7027027027027027,toxic
YLVLFHVG,82,63,12,10,145,22,0.7028571428571428,toxic
FLYYVRVC,76,69,9,13,145,22,0.7028571428571428,toxic
FFCYNFRF,63,45,2,9,108,11,0.7028985507246377,toxic
CISVCVCI,62,46,3,8,108,11,0.7028985507246377,toxic
FSVFYLVC,63,45,6,5,108,11,0.7028985507246377,toxic
FFCCLFID,58,40,1,7,98,8,0.703125,toxic
VIYFFFDI,55,43,5,3,98,8,0.703125,toxic
HLVLIILH,64,51,4,9,115,13,0.7034482758620689,toxic
FIIFCCFN,77,65,7,14,142,21,0.7034883720930233,toxic
VFSLYVYV,40,38,1,1,78,2,0.7037037037037037,toxic
IVFIVGCY,44,34,1,1,78,2,0.7037037037037037,toxic
FFLSCFCY,46,32,2,0,78,2,0.7037037037037037,toxic
YVVFYYVR,59,46,5,5,105,10,0.7037037037037037,toxic
HVCCIYVY,45,33,1,1,78,2,0.7037037037037037,toxic
CRLCFRIL,41,37,1,1,78,2,0.7037037037037037,toxic
GCFVCIYR,69,53,10,5,122,15,0.7039473684210527,toxic
GYVIIRSF,53,42,2,5,95,7,0.704,toxic
FSVICYVC,54,41,2,5,95,7,0.704,toxic
VSYVFFYG,53,42,4,3,95,7,0.704,toxic
DYVVCYFI,57,38,5,2,95,7,0.704,toxic
YFFCLYHI,90,76,13,15,166,28,0.7040816326530612,toxic
IFCCHFVY,79,60,8,12,139,20,0.7041420118343196,toxic
FCFFHYIV,64,48,8,4,112,12,0.704225352112676,toxic
RGVFVCCF,80,76,12,13,156,25,0.7043010752688172,toxic
YVLICRLL,52,33,0,4,85,4,0.7043478260869566,toxic
FFFFVIRF,49,36,0,4,85,4,0.7043478260869566,toxic
YFVCCYCF,73,56,7,10,129,17,0.7044025157232704,toxic
FYHYFFVY,57,45,6,3,102,9,0.7045454545454546,toxic
NIYVIRFF,41,34,0,1,75,1,0.7047619047619048,toxic
YGFVYIVF,40,35,1,0,75,1,0.7047619047619048,toxic
LLRRYYFF,40,35,1,0,75,1,0.7047619047619048,toxic
VVICRVYI,42,33,0,1,75,1,0.7047619047619048,toxic
LFFLFNFC,47,28,0,1,75,1,0.7047619047619048,toxic
GRYFYVLL,47,28,0,1,75,1,0.7047619047619048,toxic
FFFRIVSC,52,40,3,3,92,6,0.7049180327868853,toxic
LFLIVIRL,47,35,3,0,82,3,0.7053571428571429,toxic
FRFCHIFF,48,34,1,2,82,3,0.7053571428571429,toxic
YFVSCIYL,54,45,7,1,99,8,0.7054263565891473,toxic
VFCFRFHY,56,43,3,5,99,8,0.7054263565891473,toxic
YFRCCIIC,59,40,6,2,99,8,0.7054263565891473,toxic
CFFYICYV,54,35,3,2,89,5,0.7058823529411765,toxic
YRLRVILN,45,27,0,0,72,0,0.7058823529411765,toxic
GFCLDCFY,43,29,0,0,72,0,0.7058823529411765,toxic
CLCIVCLY,51,38,1,4,89,5,0.7058823529411765,toxic
SFCFSFFF,41,31,0,0,72,0,0.7058823529411765,toxic
FCCFCFIC,54,35,2,3,89,5,0.7058823529411765,toxic
VYDFIIVL,54,35,3,2,89,5,0.7058823529411765,toxic
IHICFNVY,65,58,8,7,123,15,0.7058823529411765,toxic
FYRFFLRY,45,27,0,0,72,0,0.7058823529411765,toxic
CYCRYYVF,76,64,15,5,140,20,0.7058823529411765,toxic
CCGCCSRY,87,70,11,14,157,25,0.7058823529411765,toxic
FCFFLFIL,52,37,1,4,89,5,0.7058823529411765,toxic
CFLVICDF,66,47,4,8,113,12,0.7062937062937062,toxic
CYFFVFRC,66,47,6,6,113,12,0.7062937062937062,toxic
LVCCYVRL,62,51,6,6,113,12,0.7062937062937062,toxic
FFYVFRYI,53,43,5,2,96,7,0.7063492063492064,toxic
YIVCLRVR,53,43,3,4,96,7,0.7063492063492064,toxic
YFCCLIFC,46,33,1,1,79,2,0.7064220183486238,toxic
VYLFCVIL,61,42,5,4,103,9,0.706766917293233,toxic
FFLFCCVY,58,45,4,5,103,9,0.706766917293233,toxic
CFICIHVS,59,44,2,7,103,9,0.706766917293233,toxic
FCFCRFFC,61,42,6,3,103,9,0.706766917293233,toxic
FYSFFSYF,58,45,5,4,103,9,0.706766917293233,toxic
FFVHFCSF,49,37,1,3,86,4,0.7068965517241379,toxic
FFFSFICV,47,39,2,2,86,4,0.7068965517241379,toxic
FLCIYCYL,52,34,2,2,86,4,0.7068965517241379,toxic
LFVCCCFV,52,34,2,2,86,4,0.7068965517241379,toxic
VYGIYYIV,71,56,1,15,127,16,0.7070063694267515,toxic
CFCRYGYF,63,47,5,6,110,11,0.7071428571428572,toxic
FFYNFCIL,64,46,6,5,110,11,0.7071428571428572,toxic
CVFYCFCY,56,37,1,5,93,6,0.7073170731707317,toxic
LRGIYVVV,66,51,4,9,117,13,0.7074829931972789,toxic
RYVSLYVF,45,31,0,1,76,1,0.7075471698113207,toxic
ILFHLLVI,47,29,0,1,76,1,0.7075471698113207,toxic
CVFHCCII,47,29,1,0,76,1,0.7075471698113207,toxic
FCLRFCCF,45,31,1,0,76,1,0.7075471698113207,toxic
LRCFCLFR,47,29,1,0,76,1,0.7075471698113207,toxic
IYYVSYLF,47,29,0,1,76,1,0.7075471698113207,toxic
GFVCVVLI,78,63,9,11,141,20,0.7076023391812866,toxic
FDHYGSGF,79,62,12,8,141,20,0.7076023391812866,toxic
LLCCGVCC,80,61,7,13,141,20,0.7076023391812866,toxic
FRFFGCIC,54,46,3,5,100,8,0.7076923076923077,toxic
LILFICVD,58,42,3,5,100,8,0.7076923076923077,toxic
CIFCCFLC,58,42,4,4,100,8,0.7076923076923077,toxic
CCFYVFCL,70,54,9,6,124,15,0.7077922077922078,toxic
VHHCVFYF,69,55,8,7,124,15,0.7077922077922078,toxic
FLVVRVIC,51,32,1,2,83,3,0.7079646017699115,toxic
YVRFVCLF,44,39,2,1,83,3,0.7079646017699115,toxic
ILSLCFCF,50,33,3,0,83,3,0.7079646017699115,toxic
HCLFIYIY,48,35,2,1,83,3,0.7079646017699115,toxic
LCIFCCLI,61,46,7,3,107,10,0.708029197080292,toxic
VRRIIVRC,59,48,5,5,107,10,0.708029197080292,toxic
CYIICIVN,62,45,2,8,107,10,0.708029197080292,toxic
VLCYVFFF,63,44,2,8,107,10,0.708029197080292,toxic
FLVYVHCI,63,44,4,6,107,10,0.708029197080292,toxic
LIFFVFFR,75,56,5,12,131,17,0.7080745341614907,toxic
LHFRFFVC,48,42,3,2,90,5,0.7083333333333334,toxic
VRLIFLYF,51,39,2,3,90,5,0.7083333333333334,toxic
YYVIRCIG,53,37,2,3,90,5,0.7083333333333334,toxic
IYFCVIGF,60,54,8,4,114,12,0.7083333333333334,toxic
YCVIIISF,53,37,1,4,90,5,0.7083333333333334,toxic
VRVFYFCH,67,54,5,9,121,14,0.7086092715231788,toxic
LIVFRIGR,58,39,5,2,97,7,0.7086614173228346,toxic
VFYHCFIC,57,40,6,1,97,7,0.7086614173228346,toxic
FFVCSFIF,43,30,0,0,73,0,0.7087378640776699,toxic
LFFFGCLI,46,27,0,0,73,0,0.7087378640776699,toxic
FSYLVFLV,43,30,0,0,73,0,0.7087378640776699,toxic
FFHSLLVF,47,33,1,1,80,2,0.7090909090909091,toxic
FILYFCFC,45,35,1,1,80,2,0.7090909090909091,toxic
CFFLCHFV,52,35,1,3,87,4,0.7094017094017094,toxic
LVIFCVFG,65,53,7,6,118,13,0.7094594594594594,toxic
YYRLVICY,55,39,3,3,94,6,0.7096774193548387,toxic
INLFVRIC,49,45,4,2,94,6,0.7096774193548387,toxic
CFVYSILY,55,39,1,5,94,6,0.7096774193548387,toxic
YCYVIFLY,52,42,4,2,94,6,0.7096774193548387,toxic
FFFLFNCI,60,41,4,4,101,8,0.7099236641221374,toxic
VVVICVLC,55,46,4,4,101,8,0.7099236641221374,toxic
FCFFVSLL,60,41,4,4,101,8,0.7099236641221374,toxic
RVVLHVSF,57,44,5,3,101,8,0.7099236641221374,toxic
YVVLVCRV,56,45,4,4,101,8,0.7099236641221374,toxic
VCCYCNFL,77,62,13,6,139,19,0.7100591715976331,toxic
GIIRIIYF,47,30,1,0,77,1,0.7102803738317757,toxic
FFLFCFCF,46,31,0,1,77,1,0.7102803738317757,toxic
FRILVFFC,47,30,0,1,77,1,0.7102803738317757,toxic
CFFVRLCF,48,29,1,0,77,1,0.7102803738317757,toxic
SFFICFGI,53,62,6,6,115,12,0.7103448275862069,toxic
IRCYFYCF,47,37,2,1,84,3,0.7105263157894737,toxic
CIICRVVV,70,52,9,5,122,14,0.7105263157894737,toxic
CYFFFYLN,51,33,2,1,84,3,0.7105263157894737,toxic
FLSIVFSI,51,33,1,2,84,3,0.7105263157894737,toxic
FVVFFICY,49,35,0,3,84,3,0.7105263157894737,toxic
FFVHFCNF,50,34,2,1,84,3,0.7105263157894737,toxic
FRVYYGLI,54,37,2,3,91,5,0.7107438016528925,toxic
VYVVFYFD,53,38,4,1,91,5,0.7107438016528925,toxic
VFVLFRLS,50,41,5,0,91,5,0.7107438016528925,toxic
VCLYVRIC,52,39,0,5,91,5,0.7107438016528925,toxic
VFVCCLFL,75,61,11,7,136,18,0.7108433734939759,toxic
LGLVLCII,77,59,13,5,136,18,0.7108433734939759,toxic
FCFSIICR,58,40,4,3,98,7,0.7109375,toxic
DIIVCVVY,61,44,2,7,105,9,0.7111111111111111,toxic
YICCFFGI,63,49,4,7,112,11,0.7112676056338029,toxic
FIVRCRLI,64,48,6,5,112,11,0.7112676056338029,toxic
CCCVFFYF,62,50,4,7,112,11,0.7112676056338029,toxic
HYLLYRIG,69,50,7,6,119,13,0.7114093959731543,toxic
FICIVSCL,118,105,20,23,223,43,0.7114624505928854,toxic
FGFFCGFC,71,55,6,9,126,15,0.7115384615384616,toxic
VYRLVCLV,47,34,2,0,81,2,0.7117117117117117,toxic
FFSCFLFF,48,33,2,0,81,2,0.7117117117117117,toxic
CFSFFIVF,50,31,1,1,81,2,0.7117117117117117,toxic
FFFCLYLC,48,33,2,0,81,2,0.7117117117117117,toxic
RLRRFFCF,50,31,0,2,81,2,0.7117117117117117,toxic
FIIFFCRF,52,36,2,2,88,4,0.711864406779661,toxic
CFRFCFYV,53,42,2,4,95,6,0.712,toxic
RDICVYYL,59,43,2,6,102,8,0.7121212121212122,toxic
DYVCSCYF,54,48,6,2,102,8,0.7121212121212122,toxic
CFSICCLL,85,66,9,13,151,22,0.712707182320442,toxic
CFIRICFC,40,38,1,0,78,1,0.7129629629629629,toxic
HVLRFFCF,44,34,1,0,78,1,0.7129629629629629,toxic
RLFFVRCI,41,37,0,1,78,1,0.7129629629629629,toxic
FCLRYLFF,47,31,0,1,78,1,0.7129629629629629,toxic
VFILYFCC,51,34,2,1,85,3,0.7130434782608696,toxic
CYLLRYLV,44,41,1,2,85,3,0.7130434782608696,toxic
FILFYLFV,51,34,2,1,85,3,0.7130434782608696,toxic
FYFCFVFV,52,33,0,3,85,3,0.7130434782608696,toxic
LFFFLNVF,48,37,2,1,85,3,0.7130434782608696,toxic
LFVFFYLR,51,34,3,0,85,3,0.7130434782608696,toxic
CVFLRFVL,55,37,2,3,92,5,0.7131147540983607,toxic
FCLRVFVS,52,40,3,2,92,5,0.7131147540983607,toxic
LLCFLFDL,55,37,2,3,92,5,0.7131147540983607,toxic
FLFCCFNR,59,40,4,3,99,7,0.7131782945736435,toxic
LFCIGLYI,58,41,4,3,99,7,0.7131782945736435,toxic
CLVIGVFF,60,46,6,3,106,9,0.7132352941176471,toxic
IFCFCYVG,61,45,4,5,106,9,0.7132352941176471,toxic
CYIIFYRV,59,47,3,6,106,9,0.7132352941176471,toxic
ICCFRCLC,64,49,4,7,113,11,0.7132867132867133,toxic
FFYHCIHF,60,53,5,6,113,11,0.7132867132867133,toxic
SIYCFVRY,60,53,4,7,113,11,0.7132867132867133,toxic
IFVCHVRI,65,48,4,7,113,11,0.7132867132867133,toxic
FCFVFFIL,59,54,7,4,113,11,0.7132867132867133,toxic
FLVVIRHI,66,47,7,4,113,11,0.7132867132867133,toxic
FNVCYIYL,67,53,11,2,120,13,0.7133333333333334,toxic
YFDLVFIC,55,41,1,5,96,6,0.7142857142857143,toxic
FRDFFRCF,60,43,6,2,103,8,0.7142857142857143,toxic
FYFCVFLH,53,43,2,4,96,6,0.7142857142857143,toxic
ICFLRYLC,52,37,3,1,89,4,0.7142857142857143,toxic
LLLLGVIV,71,53,2,12,124,14,0.7142857142857143,toxic
LLVCYFVC,99,88,13,19,187,32,0.7142857142857143,toxic
VFYVIFFV,49,40,2,2,89,4,0.7142857142857143,toxic
VLCCFCYC,103,84,17,15,187,32,0.7142857142857143,toxic
CLVVYYVI,68,49,5,7,117,12,0.7142857142857143,toxic
CYCVRVVC,82,67,12,9,149,21,0.7150837988826816,toxic
VFFCVVVC,73,55,8,7,128,15,0.7151898734177216,toxic
IVLVLCDR,70,51,6,7,121,13,0.7152317880794702,toxic
CCHIIFGF,66,48,6,5,114,11,0.7152777777777778,toxic
CLVCCLSF,63,51,5,6,114,11,0.7152777777777778,toxic
HFICICRF,62,45,6,3,107,9,0.7153284671532847,toxic
FVCILYNV,61,46,3,6,107,9,0.7153284671532847,toxic
VFHVVCLL,62,45,5,4,107,9,0.7153284671532847,toxic
RYFVYFIY,62,45,3,6,107,9,0.7153284671532847,toxic
FRLYGVLI,53,47,4,3,100,7,0.7153846153846154,toxic
FSLSFILS,59,41,3,4,100,7,0.7153846153846154,toxic
FVHFFLCL,53,40,4,1,93,5,0.7154471544715447,toxic
FIILRLCS,55,38,2,3,93,5,0.7154471544715447,toxic
FFCLCIYC,51,42,2,3,93,5,0.7154471544715447,toxic
CCFYFFRF,54,39,3,2,93,5,0.7154471544715447,toxic
HFFYYLFV,40,39,1,0,79,1,0.7155963302752294,toxic
FSFIVCVG,46,33,1,0,79,1,0.7155963302752294,toxic
FNVSVLFI,46,33,0,1,79,1,0.7155963302752294,toxic
VFYVCVRF,49,30,0,1,79,1,0.7155963302752294,toxic
FSVYFIRF,43,36,1,0,79,1,0.7155963302752294,toxic
CFFFSLRI,47,32,0,1,79,1,0.7155963302752294,toxic
VCFFICLS,72,53,5,9,125,14,0.7161290322580646,toxic
VFVCGFVF,65,53,6,6,118,12,0.7162162162162162,toxic
VLFSIFLN,51,46,1,5,97,6,0.7165354330708661,toxic
FRIFVCHV,46,44,1,3,90,4,0.7166666666666667,toxic
YLYIDVSF,54,36,0,4,90,4,0.7166666666666667,toxic
VFCICCFV,54,36,0,4,90,4,0.7166666666666667,toxic
ICVIFYYY,52,38,2,2,90,4,0.7166666666666667,toxic
FDVCFICF,54,36,3,1,90,4,0.7166666666666667,toxic
ISYFFINF,47,43,1,3,90,4,0.7166666666666667,toxic
FCCFCRLF,51,32,0,2,83,2,0.7168141592920354,toxic
FIHFLGVI,103,86,14,18,189,32,0.7168949771689498,toxic
ILFRLCRI,45,31,0,0,76,0,0.71698113207547165,toxic
NIFLFFVI,67,55,5,8,122,13,0.7171052631578947,toxic
VHLILIIH,70,52,7,6,122,13,0.7171052631578947,toxic
LYCIYFID,63,45,2,7,108,9,0.717391304347826,toxic
FILVGRFV,56,45,2,5,101,7,0.7175572519083969,toxic
FYCVIVGC,60,41,3,4,101,7,0.7175572519083969,toxic
YCICVRVY,52,35,3,0,87,3,0.717948717948718,toxic
FFLYILCC,53,34,3,0,87,3,0.717948717948718,toxic
FFISCIRY,71,55,10,4,126,14,0.717948717948718,toxic
LFIYHCFC,69,50,6,6,119,12,0.7181208053691275,toxic
CFLDVFFF,46,34,0,1,80,1,0.7181818181818181,toxic
FFFFCFFF,49,31,0,1,80,1,0.7181818181818181,toxic
GIVFCYLV,62,50,2,8,112,10,0.7183098591549296,toxic
LFYYCCFC,60,52,3,7,112,10,0.7183098591549296,toxic
CFYINYCV,96,80,16,12,176,28,0.7184466019417476,toxic
VYFFFFFV,61,44,3,5,105,8,0.7185185185185186,toxic
VVRILFYC,61,44,2,6,105,8,0.7185185185185186,toxic
RYLCFIIG,58,40,4,2,98,6,0.71875,toxic
GFRVYLCV,58,40,2,4,98,6,0.71875,toxic
CYGCVYCV,51,47,2,4,98,6,0.71875,toxic
YLLCCILR,71,52,6,7,123,13,0.7189542483660131,toxic
FICVCYIV,52,39,2,2,91,4,0.71900826446281,toxic
YIIFGFRY,49,42,0,4,91,4,0.71900826446281,toxic
FCFFFNHF,55,36,1,3,91,4,0.71900826446281,toxic
FRFCCCCY,115,97,23,15,212,38,0.71900826446281,toxic
FCVILCVC,55,36,3,1,91,4,0.71900826446281,toxic
FSVLICVV,62,54,6,5,116,11,0.7191780821917808,toxic
FFRCCIVC,49,35,1,1,84,2,0.7192982456140351,toxic
DFRIIYCF,41,43,1,1,84,2,0.7192982456140351,toxic
CFNFFFRC,75,66,8,10,141,18,0.7192982456140351,toxic
IIVCRFIS,49,35,2,0,84,2,0.7192982456140351,toxic
CFFHFLLL,49,35,1,1,84,2,0.7192982456140351,toxic
IYVVHIFC,62,47,5,4,109,9,0.7194244604316546,toxic
NCVFRVCF,75,59,7,9,134,16,0.7195121951219512,toxic
VLIIRYCC,60,42,5,2,102,7,0.7196969696969697,toxic
FYVSFCHF,52,50,3,4,102,7,0.7196969696969697,toxic
IFFYRLVV,59,43,3,4,102,7,0.7196969696969697,toxic
FIFYFVCF,58,44,3,4,102,7,0.7196969696969697,toxic
FFRFVCVV,59,43,3,4,102,7,0.7196969696969697,toxic
FYLLVRVH,80,72,11,10,152,21,0.7197802197802198,toxic
FFISCHFY,94,83,13,15,177,28,0.7198067632850241,toxic
FFVCVGFC,57,38,2,3,95,5,0.72,toxic
FIVSIFSF,55,40,3,2,95,5,0.72,toxic
FRIYCSLF,57,38,0,5,95,5,0.72,toxic
NFCCLYIV,65,48,4,6,113,10,0.7202797202797203,toxic
YCCFLRVF,52,36,1,2,88,3,0.7203389830508474,toxic
FCGVYIFF,51,37,2,1,88,3,0.7203389830508474,toxic
HIICIYLF,53,35,1,2,88,3,0.7203389830508474,toxic
FDFLIFVF,72,59,10,5,131,15,0.7204968944099379,toxic
FVVSLHVV,74,57,7,8,131,15,0.7204968944099379,toxic
ICLCGLVF,55,51,4,4,106,8,0.7205882352941176,toxic
IRFSCFFV,60,46,1,7,106,8,0.7205882352941176,toxic
DGYNLCLF,48,33,1,0,81,1,0.7207207207207207,toxic
FFGDYVND,93,74,12,13,167,25,0.7208121827411168,toxic
FISFVVIR,56,43,3,3,99,6,0.7209302325581395,toxic
DLSIIVFF,59,40,3,3,99,6,0.7209302325581395,toxic
YLVIVVCH,62,55,8,3,117,11,0.7210884353741497,toxic
CFLFRVCV,54,38,2,2,92,4,0.7213114754098361,toxic
FFFFNCYF,52,40,2,2,92,4,0.7213114754098361,toxic
FFVLFYLY,52,40,4,0,92,4,0.7213114754098361,toxic
RFRIYYFH,94,77,13,13,171,26,0.7213930348258707,toxic
YVFNDSRY,112,95,14,22,207,36,0.7215189873417721,toxic
FFRLFCGI,49,36,1,1,85,2,0.7217391304347827,toxic
FFLLFHFF,52,33,1,1,85,2,0.7217391304347827,toxic
LIIFCRFC,56,47,6,1,103,7,0.7218045112781954,toxic
ICCYYIIV,59,44,3,4,103,7,0.7218045112781954,toxic
VFCYVRFV,69,52,6,6,121,12,0.7218543046357616,toxic
FCVCCDCI,72,60,6,9,132,15,0.7222222222222222,toxic
YLYYVINI,52,44,0,5,96,5,0.7222222222222222,toxic
VFFICHIS,74,58,3,12,132,15,0.7222222222222222,toxic
FFCGFCFC,57,39,1,4,96,5,0.7222222222222222,toxic
FHNFCLFF,42,36,0,0,78,0,0.7222222222222222,toxic
IVIVYFRI,56,40,0,5,96,5,0.7222222222222222,toxic
CFCCYYIR,48,30,0,0,78,0,0.7222222222222222,toxic
FIVDIFYC,72,53,10,3,125,13,0.7225806451612903,toxic
ICCVLCCF,71,54,7,6,125,13,0.7225806451612903,toxic
VYDIFIFV,60,47,4,4,107,8,0.7226277372262774,toxic
CLIYFILF,62,45,4,4,107,8,0.7226277372262774,toxic
FFFFFDLC,63,44,4,4,107,8,0.7226277372262774,toxic
CYFLCFII,53,36,1,2,89,3,0.7226890756302521,toxic
ILVIGCFG,48,41,2,1,89,3,0.7226890756302521,toxic
FVLSIYYV,52,37,1,2,89,3,0.7226890756302521,toxic
FRFRVCFC,52,37,2,1,89,3,0.7226890756302521,toxic
YFFFFVFF,83,71,12,9,154,21,0.7228260869565217,toxic
FFIGFFYI,59,59,5,6,118,11,0.722972972972973,toxic
FFFFCCCY,59,41,4,2,100,6,0.7230769230769231,toxic
VCFYFIGF,58,42,4,2,100,6,0.7230769230769231,toxic
VLCLFRGF,45,37,0,1,82,1,0.7232142857142857,toxic
FVFFLGVV,47,35,0,1,82,1,0.7232142857142857,toxic
CFCCIIGV,79,61,9,8,140,17,0.7235294117647059,toxic
FLFCCLYL,53,40,3,1,93,4,0.7235772357723578,toxic
VVFYCLFR,49,44,1,3,93,4,0.7235772357723578,toxic
HVLFRIYG,56,37,1,3,93,4,0.7235772357723578,toxic
VLYFRLRV,51,42,2,2,93,4,0.7235772357723578,toxic
RIYVCFVS,52,41,2,2,93,4,0.7235772357723578,toxic
LCFFYFIV,62,60,4,8,122,12,0.7236842105263158,toxic
FCCCCFVY,60,44,5,2,104,7,0.7238805970149254,toxic
DRYIVCIL,61,43,3,4,104,7,0.7238805970149254,toxic
YICCCFFF,58,46,2,5,104,7,0.7238805970149254,toxic
YSFFFVYC,61,43,5,2,104,7,0.7238805970149254,toxic
FHFIFCCV,60,44,3,4,104,7,0.7238805970149254,toxic
IFCCFFFF,66,49,5,5,115,10,0.7241379310344828,toxic
IFFIYIII,48,38,2,0,86,2,0.7241379310344828,toxic
FVCFFGCF,67,48,5,5,115,10,0.7241379310344828,toxic
CFCFFIGI,67,48,4,6,115,10,0.7241379310344828,toxic
FFCNFFNC,67,48,6,4,115,10,0.7241379310344828,toxic
IGCCLCIF,67,59,2,11,126,13,0.7243589743589743,toxic
CFLCVCFG,58,39,3,2,97,5,0.7244094488188977,toxic
CFVLCVGV,74,63,7,9,137,16,0.7245508982035929,toxic
IIVIYISF,61,47,4,4,108,8,0.7246376811594203,toxic
FIIYFVIL,57,51,3,5,108,8,0.7246376811594203,toxic
FYVRVCHF,63,45,4,4,108,8,0.7246376811594203,toxic
RILFFIFL,54,36,2,1,90,3,0.725,toxic
CCFFYVCI,60,41,0,6,101,6,0.7251908396946565,toxic
VVFFCFFR,54,47,1,5,101,6,0.7251908396946565,toxic
YCVIYFRV,52,49,3,3,101,6,0.7251908396946565,toxic
FCICFFYF,64,48,6,3,112,9,0.7253521126760564,toxic
LRLLFVFR,60,52,6,3,112,9,0.7253521126760564,toxic
YCLLIFVY,63,49,4,5,112,9,0.7253521126760564,toxic
FLVVICIF,50,33,0,1,83,1,0.7256637168141593,toxic
RFSCFIRF,46,37,0,1,83,1,0.7256637168141593,toxic
YCFVSICF,56,38,3,1,94,4,0.7258064516129032,toxic
LFRLCRIL,55,39,0,4,94,4,0.7258064516129032,toxic
FIIDFFFC,55,39,1,3,94,4,0.7258064516129032,toxic
RLCILFHV,64,52,4,6,116,10,0.726027397260274,toxic
GYYCCYIY,66,50,3,7,116,10,0.726027397260274,toxic
FCFFFSCF,47,40,0,2,87,2,0.7264957264957265,toxic
CYRCFFRV,49,38,1,1,87,2,0.7264957264957265,toxic
VRLRFLRF,53,34,1,1,87,2,0.7264957264957265,toxic
FVYIICFF,49,38,1,1,87,2,0.7264957264957265,toxic
NLSYIYIF,51,36,1,1,87,2,0.7264957264957265,toxic
RFYCIYCF,56,42,2,3,98,5,0.7265625,toxic
FFRLLCSF,49,31,0,0,80,0,0.7272727272727273,toxic
FYFCVIIV,56,46,2,4,102,6,0.7272727272727273,toxic
LYCVFFVI,60,42,2,4,102,6,0.7272727272727273,toxic
ILRICFHF,47,33,0,0,80,0,0.7272727272727273,toxic
CIVILLLC,103,87,11,19,190,30,0.7272727272727273,toxic
LLFICLIR,59,43,4,2,102,6,0.7272727272727273,toxic
FCCFFVSF,67,50,5,5,117,10,0.7278911564625851,toxic
YCIYYSFI,54,41,0,4,95,4,0.728,toxic
LRVYIVCH,56,39,1,3,95,4,0.728,toxic
VYCGRRIC,49,35,0,1,84,1,0.7280701754385965,toxic
LLFFYVRL,70,51,4,7,121,11,0.7284768211920529,toxic
CFCVRLCV,65,56,4,7,121,11,0.7284768211920529,toxic
FCHFYCVF,89,80,11,13,169,24,0.7286432160804021,toxic
VYFFFVYS,89,80,16,8,169,24,0.7286432160804021,toxic
FFIYIYYF,59,40,1,4,99,5,0.7286821705426356,toxic
DLVVLSFF,58,41,2,3,99,5,0.7286821705426356,toxic
IVFYCFGL,58,41,4,1,99,5,0.7286821705426356,toxic
FFCFLGYF,50,38,0,2,88,2,0.7288135593220338,toxic
CICCFFFV,77,59,8,7,136,15,0.7289156626506024,toxic
CIVCGFFR,66,59,3,9,125,12,0.7290322580645161,toxic
VYRCYVFL,72,53,9,3,125,12,0.7290322580645161,toxic
VFFIHFCN,61,53,2,7,114,9,0.7291666666666666,toxic
VFVFVNFI,62,52,4,5,114,9,0.7291666666666666,toxic
FCVYFSYC,56,47,3,3,103,6,0.7293233082706767,toxic
VVIRIVCY,58,45,1,5,103,6,0.7293233082706767,toxic
FFVGFFGI,61,42,2,4,103,6,0.7293233082706767,toxic
YGFIGFIF,58,45,4,2,103,6,0.7293233082706767,toxic
HYVHIICF,61,42,2,4,103,6,0.7293233082706767,toxic
FFGFLLHY,45,36,0,0,81,0,0.7297297297297297,toxic
YVICGYYL,86,69,11,9,155,20,0.7297297297297297,toxic
SFCVVCFL,62,56,4,6,118,10,0.7297297297297297,toxic
CVYYVFRI,55,52,2,5,107,7,0.7299270072992701,toxic
IFHIHVRF,59,48,2,5,107,7,0.7299270072992701,toxic
CSVLRIYV,63,44,2,5,107,7,0.7299270072992701,toxic
FVCFVCRY,48,48,3,1,96,4,0.7301587301587301,toxic
GICFFYIL,56,40,2,2,96,4,0.7301587301587301,toxic
FICFYFGH,82,66,11,7,148,18,0.7303370786516854,toxic
YLCYGVIF,50,35,0,1,85,1,0.7304347826086957,toxic
NFLILRCI,45,40,0,1,85,1,0.7304347826086957,toxic
IVYVYRVF,65,46,1,7,111,8,0.7304964539007093,toxic
CHLCYFFI,69,57,4,8,126,12,0.7307692307692307,toxic
VFVFCYLL,78,63,9,7,141,16,0.7309941520467836,toxic
LNIFFHVF,61,54,3,6,115,9,0.7310344827586207,toxic
FNCFVCCL,67,48,5,4,115,9,0.7310344827586207,toxic
FIFRVYYV,49,40,0,2,89,2,0.7310924369747899,toxic
FFVSICIC,46,43,2,0,89,2,0.7310924369747899,toxic
VIFFRVCS,95,87,7,20,182,27,0.7311320754716981,toxic
VFYIFYCV,61,43,2,4,104,6,0.7313432835820896,toxic
FLVVLFGY,57,47,2,4,104,6,0.7313432835820896,toxic
CVLCLCIV,56,48,0,6,104,6,0.7313432835820896,toxic
VYGFFFFL,59,45,4,2,104,6,0.7313432835820896,toxic
IRVCVVFC,50,43,0,3,93,3,0.7317073170731707,toxic
VFFVGCCF,96,79,15,10,175,25,0.7317073170731707,toxic
LFVVCFGI,62,46,5,2,108,7,0.7318840579710145,toxic
LVCRLICF,58,50,4,3,108,7,0.7318840579710145,toxic
HHYRFYFI,60,48,6,1,108,7,0.7318840579710145,toxic
ICIHVISY,63,45,5,2,108,7,0.7318840579710145,toxic
IYGIICLC,53,44,2,2,97,4,0.7322834645669292,toxic
FYCFFNYF,61,51,2,6,112,8,0.7323943661971831,toxic
FILHVYYC,65,47,2,6,112,8,0.7323943661971831,toxic
CHIFVIVF,64,48,4,4,112,8,0.7323943661971831,toxic
CCFYSFIF,65,47,5,3,112,8,0.7323943661971831,toxic
VHYFCVIR,71,56,5,7,127,12,0.732484076433121,toxic
FFCFSFCF,46,40,1,0,86,1,0.7327586206896551,toxic
CRFCLIVF,57,44,2,3,101,5,0.732824427480916,toxic
LFLLYVLI,60,41,2,3,101,5,0.732824427480916,toxic
FLFFGFCC,66,50,7,2,116,9,0.7328767123287672,toxic
YCYVFRCF,66,50,5,4,116,9,0.7328767123287672,toxic
FNYFYIFF,75,56,9,4,131,13,0.7329192546583851,toxic
RCVLVYYI,54,36,0,2,90,2,0.7333333333333333,toxic
RGYFIFIG,73,62,5,9,135,14,0.7333333333333333,toxic
FCFYRCFC,61,44,4,2,105,6,0.7333333333333333,toxic
YCGLIVCF,68,52,6,4,120,10,0.7333333333333333,toxic
SCFIFLLL,75,64,10,5,139,15,0.7337278106508875,toxic
FHSCFFYL,69,55,2,9,124,11,0.7337662337662337,toxic
FFFYVDFI,63,46,3,4,109,7,0.7338129496402878,toxic
VCCFFCSF,127,121,24,20,248,44,0.7338129496402878,toxic
FFHCYLVV,63,46,5,2,109,7,0.7338129496402878,toxic
FVDFIILY,54,40,1,2,94,3,0.7338709677419355,toxic
VIRVRVCL,55,43,2,2,98,4,0.734375,toxic
CCLLYVCF,46,52,1,3,98,4,0.734375,toxic
VRGYYCFF,82,65,10,7,147,17,0.7344632768361582,toxic
LFIFGIRV,56,46,2,3,102,5,0.7348484848484849,toxic
ICVYGIFI,60,42,3,2,102,5,0.7348484848484849,toxic
VDYFYVIY,59,43,2,3,102,5,0.7348484848484849,toxic
YFSVYFVC,52,50,3,2,102,5,0.7348484848484849,toxic
LYCICYFI,60,42,1,4,102,5,0.7348484848484849,toxic
FSFCFYVF,49,38,0,1,87,1,0.7350427350427351,toxic
YYVCFRCC,53,34,1,0,87,1,0.7350427350427351,toxic
FHHLVVCF,59,47,3,3,106,6,0.7352941176470589,toxic
FLFYLLHV,60,46,3,3,106,6,0.7352941176470589,toxic
IHIHFCIN,72,53,7,4,125,11,0.7354838709677419,toxic
RFGVRIYF,55,36,0,2,91,2,0.7355371900826446,toxic
VLFFVICS,56,54,5,2,110,7,0.7357142857142858,toxic
ICYVYVRF,57,53,2,5,110,7,0.7357142857142858,toxic
IYFCFFRF,54,41,2,1,95,3,0.736,toxic
IFCFFHFI,44,51,1,2,95,3,0.736,toxic
SFRCFLVF,57,38,2,1,95,3,0.736,toxic
FYIFFLSL,53,42,2,1,95,3,0.736,toxic
GCFVFCLV,63,51,5,3,114,8,0.7361111111111112,toxic
FVFVCYYS,59,40,1,3,99,4,0.7364341085271318,toxic
IFICVVFY,59,40,2,2,99,4,0.7364341085271318,toxic
IDFYVCVV,64,54,6,3,118,9,0.7364864864864865,toxic
CSYFLLFR,60,43,1,4,103,5,0.7368421052631579,toxic
IFYLFRCN,66,56,5,5,122,10,0.7368421052631579,toxic
YFCFFRYL,48,36,0,0,84,0,0.7368421052631579,toxic
FLFSFIIF,49,35,0,0,84,0,0.7368421052631579,toxic
RVHICVFH,70,52,6,4,122,10,0.7368421052631579,toxic
LFVICIGF,59,48,3,3,107,6,0.7372262773722628,toxic
FFFFFFSC,50,38,1,0,88,1,0.7372881355932204,toxic
FYCSLVCF,60,51,5,2,111,7,0.7375886524822695,toxic
FCCLVRFV,62,49,4,3,111,7,0.7375886524822695,toxic
FFIFCVCV,65,46,6,1,111,7,0.7375886524822695,toxic
FCVCFFFF,68,51,5,4,119,9,0.738255033557047,toxic
FYFIIRLY,59,41,2,2,100,4,0.7384615384615385,toxic
ICFVVVVF,70,53,3,7,123,10,0.738562091503268,toxic
FFVFVFFL,70,53,4,6,123,10,0.738562091503268,toxic
RVVVIVFI,75,56,6,6,131,12,0.7391304347826086,toxic
INFFFILY,43,42,0,0,85,0,0.7391304347826086,toxic
FFVICFCY,75,60,5,8,135,13,0.7393939393939394,toxic
CIFLFLLC,65,47,2,5,112,7,0.7394366197183099,toxic
VCYFCFFC,59,53,5,2,112,7,0.7394366197183099,toxic
FLVIRFVL,54,35,0,1,89,1,0.7394957983193278,toxic
FLFSVLFS,53,36,0,1,89,1,0.7394957983193278,toxic
FSIICFFG,87,75,9,11,162,20,0.7395833333333334,toxic
CIFCCRYL,79,60,10,4,139,14,0.7396449704142012,toxic
FFLYCLCS,76,67,5,10,143,15,0.7398843930635838,toxic
VYLCVCCF,63,57,7,2,120,9,0.74,toxic
CCLYYFYL,57,40,1,2,97,3,0.7401574803149606,toxic
FRFFVFVG,51,46,3,0,97,3,0.7401574803149606,toxic
FLICRCYY,66,58,1,9,124,10,0.7402597402597403,toxic
IFSCIFGH,71,61,7,5,132,12,0.7407407407407407,toxic
GFVVVGIY,78,62,8,6,140,14,0.7411764705882353,toxic
FFVVFVFC,62,51,2,5,113,7,0.7412587412587412,toxic
GLCVCCYC,75,69,5,10,144,15,0.7413793103448276,toxic
FHSIRICF,70,51,3,6,121,9,0.7417218543046358,toxic
VICFCVYC,74,55,5,6,129,11,0.7421383647798742,toxic
FFLLDFLI,55,43,2,1,98,3,0.7421875,toxic
FFFFCVFV,58,44,2,2,102,4,0.7424242424242424,toxic
GLYIGFLL,60,42,1,3,102,4,0.7424242424242424,toxic
DFCFVLFV,56,46,2,2,102,4,0.7424242424242424,toxic
FVFFVVFV,77,60,6,7,137,13,0.7425149700598802,toxic
GFFCVIHV,64,46,4,2,110,6,0.7428571428571429,toxic
YFFCVGVF,58,56,3,4,114,7,0.7430555555555556,toxic
CLFIFRSV,86,67,8,9,153,17,0.7431693989071039,toxic
FIIFYFIR,66,52,5,3,118,8,0.7432432432432432,toxic
IRIYLSVN,63,63,4,6,126,10,0.7435897435897436,toxic
FILCRLFV,51,36,0,0,87,0,0.7435897435897436,toxic
CCILIYFR,71,59,5,6,130,11,0.74375,toxic
VYFIHVRF,51,40,1,0,91,1,0.743801652892562,toxic
FFCYFFRY,55,36,0,1,91,1,0.743801652892562,toxic
CVVCCVVF,52,39,0,1,91,1,0.743801652892562,toxic
RFCGFFRF,54,41,0,2,95,2,0.744,toxic
YFYVRICG,61,46,1,4,107,5,0.7445255474452555,toxic
IFLLVFVI,62,45,2,3,107,5,0.7445255474452555,toxic
FFCVLYCY,85,69,7,10,154,17,0.7445652173913043,toxic
CFDLVILF,62,49,4,2,111,6,0.7446808510638298,toxic
HYICVHVF,64,47,4,2,111,6,0.7446808510638298,toxic
FIHCFYRF,66,49,4,3,115,7,0.7448275862068966,toxic
IFVCYVCV,69,50,4,4,119,8,0.7449664429530202,toxic
FDFFCLCI,65,54,6,2,119,8,0.7449664429530202,toxic
IYGIFLIF,67,56,4,5,123,9,0.7450980392156863,toxic
FVIFCVFC,68,55,3,6,123,9,0.7450980392156863,toxic
CFFYCYFF,71,56,4,6,127,10,0.7452229299363057,toxic
VVGFRFIY,79,84,7,12,163,19,0.7461139896373057,toxic
YFSVYVYI,59,41,1,2,100,3,0.7461538461538462,toxic
FLVRFFGG,55,45,0,3,100,3,0.7461538461538462,toxic
CIHYCCFF,57,43,1,2,100,3,0.7461538461538462,toxic
GYLVVCYR,56,48,3,1,104,4,0.746268656716418,toxic
FCGFLFFF,67,49,3,4,116,7,0.7465753424657534,toxic
FVFDILLI,71,53,5,4,124,9,0.7467532467532467,toxic
YFHIFIHG,71,57,3,7,128,10,0.7468354430379747,toxic
RVYFVLLY,74,58,4,7,132,11,0.7469135802469136,toxic
VSFFYYYI,55,38,1,0,93,1,0.7479674796747967,toxic
ICLRIFRC,54,39,0,1,93,1,0.7479674796747967,toxic
FVFSFRCV,54,43,1,1,97,2,0.7480314960629921,toxic
FCLYFVCC,60,45,3,1,105,4,0.7481481481481481,toxic
FVVSLIVY,59,46,2,2,105,4,0.7481481481481481,toxic
FLIFVCCF,60,45,0,4,105,4,0.7481481481481481,toxic
RRCYIFCF,60,49,3,2,109,5,0.7482014388489209,toxic
IFFGFFNV,63,46,2,3,109,5,0.7482014388489209,toxic
FIFRYFHY,66,47,3,3,113,6,0.7482517482517482,toxic
CYLRYFVI,66,51,4,3,117,7,0.7482993197278912,toxic
SFFSRFRI,72,53,5,4,125,9,0.7483870967741936,toxic
FYGIICLR,69,56,5,4,125,9,0.7483870967741936,toxic
YCYHCLCC,82,63,6,8,145,14,0.7485714285714286,toxic
GVDVFFVF,94,79,9,12,173,21,0.7487684729064039,toxic
FFVCLLHL,103,86,10,15,189,25,0.7488584474885844,toxic
NHVYLYLY,54,36,0,0,90,0,0.75,toxic
LICLCIFG,74,56,4,6,130,10,0.75,toxic
IFFYFICG,86,68,7,9,154,16,0.75,toxic
CHIFCVIF,70,56,3,6,126,9,0.75,toxic
FCISIIVR,60,50,4,1,110,5,0.75,toxic
YFVLRCCF,57,45,2,1,102,3,0.75,toxic
FFLYFFYF,67,51,4,3,118,7,0.75,toxic
YHCRFGCD,47,47,0,1,94,1,0.75,toxic
LFFCIFHG,88,71,8,9,159,17,0.7513227513227513,toxic
FGVIVYFL,71,52,5,3,123,8,0.7516339869281046,toxic
FFLCRVCI,64,51,3,3,115,6,0.7517241379310344,toxic
NLFCVLYY,61,54,2,4,115,6,0.7517241379310344,toxic
FIFNLFVG,56,55,0,5,111,5,0.75177304964539,toxic
GVIILFGV,65,46,2,3,111,5,0.75177304964539,toxic
RFIIFFVI,62,49,2,3,111,5,0.75177304964539,toxic
VYVFRIIC,63,44,3,1,107,4,0.7518248175182481,toxic
FCFICIVV,60,43,0,3,103,3,0.7518796992481203,toxic
FVIRFGRF,57,42,1,1,99,2,0.751937984496124,toxic
FIFYYLLI,57,38,0,1,95,1,0.752,toxic
FLRHIFVF,55,36,0,0,91,0,0.7520661157024794,toxic
LFSFFYDF,89,71,8,9,160,17,0.7526315789473684,toxic
FCCFCVVC,87,73,10,7,160,17,0.7526315789473684,toxic
FCFVSFIC,80,68,4,10,148,14,0.7528089887640449,toxic
FYFGYYLF,76,68,8,5,144,13,0.7528735632183908,toxic
VVIYVRCV,73,63,4,7,136,11,0.7530120481927711,toxic
LYVFYIIF,75,61,6,5,136,11,0.7530120481927711,toxic
LFVSVIVF,99,82,9,13,181,22,0.7535545023696683,toxic
ICVYYLCG,58,50,1,3,108,4,0.7536231884057971,toxic
IFCFVIVC,72,57,4,5,129,9,0.7547169811320755,toxic
SFCVVFGF,70,55,5,3,125,8,0.7548387096774194,toxic
IRYVRIVY,68,49,4,2,117,6,0.7551020408163265,toxic
LSIVCIFF,65,48,2,3,113,5,0.7552447552447552,toxic
YYFCVLLF,64,45,1,3,109,4,0.7553956834532374,toxic
IFIHFFCC,59,46,1,2,105,3,0.7555555555555555,toxic
YYVFLYGF,83,67,6,8,150,14,0.7555555555555555,toxic
FLIGLFIF,60,45,2,1,105,3,0.7555555555555555,toxic
GFFILLGF,60,45,1,2,105,3,0.7555555555555555,toxic
LFRIRYCF,58,39,0,1,97,1,0.7559055118110236,toxic
YCYFCFII,91,72,4,13,163,17,0.7564766839378239,toxic
VIIVLLLF,80,63,9,3,143,12,0.7572254335260116,toxic
LCIIVVCD,62,44,1,2,106,3,0.7573529411764706,toxic
VFLLFSRF,60,42,1,1,102,2,0.7575757575757576,toxic
CFLFGIRF,60,42,1,1,102,2,0.7575757575757576,toxic
LYVLIFCG,86,70,5,10,156,15,0.7580645161290323,toxic
VYCIRFFC,69,54,3,4,123,7,0.7581699346405228,toxic
VIVRFVFL,69,50,2,4,119,6,0.7583892617449665,toxic
NCVSIYLF,68,51,2,4,119,6,0.7583892617449665,toxic
FYLFCFCL,81,67,10,3,148,13,0.7584269662921348,toxic
YVFLISIF,78,66,5,7,144,12,0.7586206896551724,toxic
CYHYCLCF,94,75,11,7,169,18,0.7587939698492462,toxic
FFVCCFFF,60,51,2,2,111,4,0.7588652482269503,toxic
ICFFVCRR,75,57,4,5,132,9,0.7592592592592593,toxic
FFCYDIFF,87,70,7,8,157,15,0.7593582887700535,toxic
FCFFVSLF,60,43,1,1,103,2,0.7593984962406015,toxic
LIFILFYC,80,69,6,7,149,13,0.7597765363128491,toxic
GFFFRIYG,80,65,5,7,145,12,0.76,toxic
FFVISVFF,65,51,2,3,116,5,0.7602739726027398,toxic
VYCVFVRF,64,52,3,2,116,5,0.7602739726027398,toxic
VIVICYGY,89,73,8,8,162,16,0.7604166666666666,toxic
YFGLICVV,63,49,2,2,112,4,0.7605633802816901,toxic
SFLFLYCF,64,48,2,2,112,4,0.7605633802816901,toxic
FFHCCFFI,65,47,2,2,112,4,0.7605633802816901,toxic
FCVIRFRC,61,47,1,2,108,3,0.7608695652173914,toxic
FGNLGYDY,125,113,14,20,238,34,0.7611940298507462,toxic
VGCGFFSH,55,49,1,1,104,2,0.7611940298507462,toxic
CIFLYVCF,81,65,7,5,146,12,0.7613636363636364,toxic
FVCCVVCY,66,55,0,6,121,6,0.7615894039735099,toxic
VFYFLRIR,55,41,0,0,96,0,0.7619047619047619,toxic
FFNIIYVI,65,48,0,4,113,4,0.7622377622377622,toxic
IVSIVLSF,73,57,1,7,130,8,0.7625,toxic
FFFCVFVS,72,58,1,7,130,8,0.7625,toxic
FFVHILIC,58,47,1,1,105,2,0.762962962962963,toxic
FYCIYLSL,85,71,8,6,156,14,0.7634408602150538,toxic
VLVFVFCV,114,97,13,14,211,27,0.7634854771784232,toxic
FCYLCIVL,75,60,3,6,135,9,0.7636363636363637,toxic
FFVSIVIN,74,57,4,4,131,8,0.7639751552795031,toxic
ICVIFVVC,82,66,6,6,148,12,0.7640449438202247,toxic
FYFCCYIC,63,47,1,2,110,3,0.7642857142857142,toxic
FFVGLFRF,64,46,1,2,110,3,0.7642857142857142,toxic
FLFFFNCH,81,63,5,6,144,11,0.764367816091954,toxic
CFIVGLFL,69,54,3,3,123,6,0.7647058823529411,toxic
FFFVYYFV,61,45,1,1,106,2,0.7647058823529411,toxic
FVFYFIFC,71,52,4,2,123,6,0.7647058823529411,toxic
FGFFLCIR,62,44,2,0,106,2,0.7647058823529411,toxic
CFCCRFIF,60,46,1,1,106,2,0.7647058823529411,toxic
CCFFHIVL,69,50,2,3,119,5,0.7651006711409396,toxic
VLVVFGCF,81,68,3,9,149,12,0.7653631284916201,toxic
YCLVVFYI,74,58,2,6,132,8,0.7654320987654321,toxic
LFSFIVCV,73,55,4,3,128,7,0.7658227848101266,toxic
FIVHFNFV,71,70,7,3,141,10,0.7660818713450293,toxic
VFVCCLFV,83,71,6,7,154,13,0.7663043478260869,toxic
CYVVSFIF,73,64,6,3,137,9,0.7664670658682635,toxic
FVLLGCLF,66,50,1,3,116,4,0.7671232876712328,toxic
CFCFRFRV,71,58,5,2,129,7,0.7672955974842768,toxic
FHCCYFGG,58,41,0,0,99,0,0.7674418604651163,toxic
FFVCVILC,85,70,5,8,155,13,0.7675675675675676,toxic
CFFFVDFF,57,55,0,3,112,3,0.7676056338028169,toxic
VFRRFIRF,62,50,2,1,112,3,0.7676056338028169,toxic
HYVVSFVF,76,58,6,2,134,8,0.7682926829268293,toxic
FFVSIHIC,67,50,2,2,117,4,0.7687074829931972,toxic
FCIINVVF,63,54,2,2,117,4,0.7687074829931972,toxic
FHVRIFGF,66,64,6,1,130,7,0.76875,toxic
FCFFFFVR,76,67,7,3,143,10,0.7687861271676301,toxic
ICVLFGLV,81,62,3,7,143,10,0.7687861271676301,toxic
VFHFLFVR,72,54,0,6,126,6,0.7692307692307693,toxic
CYFCRVFL,52,48,0,0,100,0,0.7692307692307693,toxic
VDVIFIGF,70,56,2,4,126,6,0.7692307692307693,toxic
HLFFVCRC,93,81,8,9,174,17,0.7696078431372549,toxic
IFYCNFLL,64,45,2,0,109,2,0.7697841726618705,toxic
FIVFIYSD,87,70,3,10,157,13,0.7700534759358288,toxic
RFVIHVYF,87,70,7,6,157,13,0.7700534759358288,toxic
VFRRFFVC,72,59,6,1,131,7,0.7701863354037267,toxic
YFVFRVRF,75,56,4,3,131,7,0.7701863354037267,toxic
VFLVYVCF,65,53,2,2,118,4,0.7702702702702703,toxic
FGIFVVLR,70,53,4,1,123,5,0.7712418300653595,toxic
IFCFFCYF,96,89,10,9,185,19,0.772093023255814,toxic
FCLYFRCF,65,50,0,3,115,3,0.7724137931034483,toxic
VRVCLFFN,89,70,7,6,159,13,0.7724867724867724,toxic
FYFFFYRG,65,46,0,2,111,2,0.7730496453900709,toxic
VVCIIFLF,80,62,4,5,142,9,0.7732558139534884,toxic
IYHIVFCN,74,55,2,4,129,6,0.7735849056603774,toxic
ICCIVCRI,72,57,3,3,129,6,0.7735849056603774,toxic
VFVFNLFI,72,53,1,4,125,5,0.7741935483870968,toxic
RIFYVSFY,81,62,5,4,143,9,0.7745664739884393,toxic
DIYFFVIF,78,74,5,6,152,11,0.7747252747252747,toxic
FYFGFIYF,86,75,10,3,161,13,0.774869109947644,toxic
FCFLVCRS,118,101,14,12,219,26,0.7751004016064257,toxic
FCFICVVF,78,61,4,4,139,8,0.7751479289940828,toxic
FYNIVVYR,60,48,0,1,108,1,0.7753623188405797,toxic
LYVFCCIR,88,69,4,8,157,12,0.7754010695187166,toxic
LYIIVIFF,65,52,1,2,117,3,0.7755102040816326,toxic
CLYVIRCI,74,61,3,4,135,7,0.7757575757575758,toxic
VFFGFFFR,77,58,3,4,135,7,0.7757575757575758,toxic
CIFCCFFD,77,58,2,5,135,7,0.7757575757575758,toxic
VCFCFYRF,61,52,1,1,113,2,0.7762237762237763,toxic
CILVRYII,69,53,1,3,122,4,0.7763157894736842,toxic
VYFVNICL,105,93,14,7,198,21,0.7763157894736842,toxic
FCIGCRFL,65,57,1,3,122,4,0.7763157894736842,toxic
FFVCVSLL,67,64,4,2,131,6,0.7763975155279503,toxic
YFRCRFGV,80,69,3,7,149,10,0.776536312849162,toxic
FIDFRCGF,62,47,1,0,109,1,0.7769784172661871,toxic
ICIIVIFV,72,55,3,2,127,5,0.7770700636942676,toxic
CLYFRCLL,86,68,5,6,154,11,0.7771739130434783,toxic
RHFIFSFI,96,81,9,7,177,16,0.7777777777777778,toxic
VCFVVCRL,95,78,8,7,173,15,0.7783251231527094,toxic
FIVRLRFG,81,74,7,4,155,11,0.7783783783783784,toxic
YCYRFLIL,71,57,3,2,128,5,0.7784810126582279,toxic
RFCFLVRI,63,56,2,1,119,3,0.7785234899328859,toxic
RIFFIRLD,74,59,2,4,133,6,0.7791411042944786,toxic
RCRFCVLR,90,75,7,6,165,13,0.7794871794871795,toxic
RFYYVCCV,74,55,1,4,129,5,0.779874213836478,toxic
FFCLFVLF,76,58,2,4,134,6,0.7804878048780488,toxic
FYCVRFIY,60,65,1,3,125,4,0.7806451612903226,toxic
FFGFFYIR,61,46,0,0,107,0,0.781021897810219,toxic
YGLLFICI,84,65,3,6,149,9,0.7821229050279329,toxic
FFSFLCIC,68,49,0,2,117,2,0.782312925170068,toxic
LYFYIRCC,79,61,4,3,140,7,0.7823529411764706,toxic
YICYCVDF,69,62,2,3,131,5,0.782608695652174,toxic
LFFYLLVD,60,48,0,0,108,0,0.782608695652174,toxic
YLYILFSI,79,66,6,2,145,8,0.7828571428571428,toxic
ICLVVSLS,79,62,3,4,141,7,0.783625730994152,toxic
FFCFNICI,64,54,1,1,118,2,0.7837837837837838,toxic
NYYICICC,85,70,4,6,155,10,0.7837837837837838,toxic
FLFVRFFF,64,45,0,0,109,0,0.7841726618705036,toxic
FLYVRVVI,73,55,1,3,128,4,0.7848101265822784,toxic
HCLCRIIF,83,69,3,6,152,9,0.7857142857142857,toxic
LFFFVNCF,78,60,5,1,138,6,0.7857142857142857,toxic
LYCLRFFY,75,63,2,4,138,6,0.7857142857142857,toxic
GCLILIRC,93,78,5,8,171,13,0.7860696517412935,toxic
GYFLLGVH,80,63,4,3,143,7,0.7861271676300579,toxic
CCLFVYFF,113,101,12,10,214,22,0.7868852459016393,toxic
FLFFSLFF,63,48,0,0,111,0,0.7872340425531915,toxic
FCFCFNRF,84,65,6,2,149,8,0.7877094972067039,toxic
FCFLLSFV,92,74,6,5,166,11,0.7908163265306123,toxic
GFFCLVHF,93,78,4,8,171,12,0.7910447761194029,toxic
ILVCVYCR,101,85,8,7,186,15,0.7916666666666666,toxic
LIRFVRLF,57,57,0,0,114,0,0.7916666666666666,toxic
RFVICFGY,74,69,4,2,143,6,0.791907514450867,toxic
DLVFSIVF,64,55,0,1,119,1,0.7919463087248322,toxic
RYVCYIFS,75,59,4,0,134,4,0.7926829268292683,toxic
VFGLIYFR,97,78,6,6,175,12,0.7951219512195122,toxic
NLVLYLFI,81,65,2,4,146,6,0.7954545454545454,toxic
VVCCCVIF,114,96,9,10,210,19,0.7958333333333333,toxic
SCVFLFRY,110,102,6,13,212,19,0.7975206611570248,toxic
FFLSIILC,81,62,4,1,143,5,0.7976878612716763,toxic
VFCVYRIF,96,78,6,5,174,11,0.7990196078431373,toxic
FVVRFRIS,93,78,3,7,171,10,0.8009950248756219,toxic
YRFIFIRG,95,76,2,8,171,10,0.8009950248756219,toxic
ILVIRYIV,86,71,3,4,157,7,0.8021390374331551,toxic
CFCLHFII,80,62,2,2,142,4,0.8023255813953488,toxic
IYVFGFRF,75,62,2,1,137,3,0.8023952095808383,toxic
RFRLFIIV,103,85,6,7,188,13,0.8027522935779816,toxic
LSLFLYLY,88,70,1,6,158,7,0.8031914893617021,toxic
GCCYVYII,86,72,3,4,158,7,0.8031914893617021,toxic
FFVHHVYF,74,60,1,1,134,2,0.8048780487804879,toxic
CCLYSYCF,86,69,2,4,155,6,0.8054054054054054,toxic
GCVYFVCI,91,81,4,5,172,9,0.806930693069307,toxic
FFGLHVLF,87,70,3,3,157,6,0.8074866310160428,toxic
FNFFRCFR,88,69,2,4,157,6,0.8074866310160428,toxic
IRFRYLVL,75,57,1,0,132,1,0.808641975308642,toxic
LYRFYVLF,80,63,0,3,143,3,0.8092485549132948,toxic
FFSLFFRF,76,58,0,1,134,1,0.8109756097560976,toxic
YHCLYVCL,92,74,5,2,166,7,0.8112244897959183,toxic
VIFYFRIG,79,63,0,1,142,1,0.8197674418604651,toxic
IFFVLCIV,100,81,5,3,181,8,0.8199052132701422,toxic
RYVCYVVC,91,74,2,3,165,5,0.8205128205128205,toxic
IDYFLYII,101,84,4,3,185,7,0.827906976744186,toxic
NDIVSRHR,93,84,3,2,177,5,0.8309178743961353,toxic
VLCRFIIL,102,86,3,3,188,6,0.8348623853211009,toxic
FFFRLCVG,109,101,4,5,210,9,0.8375,toxic
VFCFFFLY,107,89,1,4,196,5,0.8451327433628318,toxic
FRIFFRIY,95,78,0,1,173,1,0.8472906403940886,toxic
CSLCYFDL,23,21,6,7,44,13,0.4189189189189189,neutral
LYHFCFGY,7,0,1,2,7,3,0.10810810810810811,neutral
VVFCVVCD,29,24,5,4,53,9,0.5301204819277109,neutral
GCGSYICY,41,30,11,16,71,27,0.43564356435643564,neutral
SICCIYGC,40,30,12,10,70,22,0.48,neutral
RGYYSFGF,22,7,10,1,29,11,0.3050847457627119,neutral
IVCDCHFI,23,7,4,6,30,10,0.3333333333333333,neutral
CGCDGRFG,34,24,14,20,58,34,0.2727272727272727,neutral
LFVNDVLC,69,57,28,28,126,56,0.44871794871794873,neutral
FFVGVCNN,28,14,10,9,42,19,0.3194444444444444,neutral
CSNCCHIH,32,20,7,12,52,19,0.4024390243902439,neutral
LLDYDLRV,6,6,5,10,12,15,-0.07142857142857142,neutral
VCDIGFFF,20,20,10,4,40,14,0.37142857142857144,neutral
DDYNRHSR,2,2,1,4,4,5,-0.029411764705882353,neutral
FILRDLHF,19,20,4,5,39,9,0.43478260869565216,neutral
DCNCNFCF,43,29,13,8,72,21,0.5,neutral
GYFYLIVH,12,16,0,1,28,1,0.46551724137931033,neutral
DDSDCDDF,22,11,13,21,33,34,-0.015873015873015872,neutral
CDYIVFGF,73,55,25,32,128,57,0.44936708860759494,neutral
LCGDCHCY,28,14,5,5,42,10,0.4444444444444444,neutral
CIRGHFVF,26,21,11,18,47,29,0.23376623376623376,neutral
RYDRGGVC,55,44,34,46,99,80,0.14728682170542637,neutral
CFSYDGCY,27,24,9,8,51,17,0.41975308641975306,neutral
DGICRVFH,34,24,27,34,58,61,-0.03409090909090909,neutral
CVCVGYDF,46,31,18,18,77,36,0.38317757009345793,neutral
CRRIVNCC,2,0,3,1,2,4,-0.0625,neutral
ILGLFCDC,17,12,13,11,29,24,0.0847457627118644,neutral
ISCFCYSI,4,4,1,3,8,4,0.10526315789473684,neutral
INDCCGVC,45,48,16,33,93,49,0.35772357723577236,neutral
FFVCFISV,1,0,2,2,1,4,-0.0967741935483871,neutral
FCCGNICC,36,29,9,9,65,18,0.49473684210526314,neutral
SYCICVIL,35,17,1,4,52,5,0.573170731707317,neutral
FDLCLVGY,51,35,19,15,86,34,0.4482758620689655,neutral
FFVDGGHC,9,7,4,4,16,8,0.17391304347826086,neutral
FLFFCVHR,22,10,5,11,32,16,0.25806451612903225,neutral
LFYLCGYC,47,28,10,12,75,22,0.5047619047619047,neutral
FFDFCGCL,30,21,21,12,51,33,0.2222222222222222,neutral
RYRNFYGC,39,21,9,17,60,26,0.37777777777777777,neutral
VRVSYVLV,66,47,26,19,113,45,0.4755244755244755,neutral
SGYRVCYF,30,15,16,14,45,30,0.2,neutral
CRLFDHFH,31,20,16,18,51,34,0.20987654320987653,neutral
FFSFFYLG,13,4,0,1,17,1,0.3404255319148936,neutral
LFFSSSSY,5,1,0,2,6,2,0.1111111111111111,neutral
CNLSYFRF,42,35,15,10,77,25,0.48598130841121495,neutral
GIYLGLYC,25,19,6,4,44,10,0.4594594594594595,neutral
RNDYFDGY,43,29,30,28,72,58,0.13725490196078433,neutral
GHLCVFFR,23,7,3,4,30,7,0.38333333333333336,neutral
FIHIGDFC,6,2,0,0,8,0,0.21052631578947367,neutral
VHYVLYDD,4,1,2,7,5,9,-0.11428571428571428,neutral
VCNGNCCI,28,17,12,5,45,17,0.37333333333333335,neutral
DVVHCCVN,73,57,38,37,130,75,0.34375,neutral
ILFFCFGD,4,3,1,1,7,2,0.13513513513513514,neutral
YCGYFHYV,19,9,8,9,28,17,0.1896551724137931,neutral
CHCRVSGI,12,10,8,10,22,18,0.07692307692307693,neutral
HFYCVCLY,27,14,4,3,41,7,0.4788732394366197,neutral
RFCGVHCF,34,23,14,23,57,37,0.22988505747126436,neutral
IVRGLNFH,29,17,22,13,46,35,0.14473684210526316,neutral
SCGVGGVR,3,1,2,5,4,7,-0.08823529411764706,neutral
FILFFCDD,11,12,6,3,23,9,0.2641509433962264,neutral
FFYYYCNC,17,14,2,1,31,3,0.45901639344262296,neutral
VCFCYVVG,28,15,5,5,43,10,0.4520547945205479,neutral
FFDFFFGY,14,10,0,0,24,0,0.4444444444444444,neutral
ISLICCGV,41,25,28,23,66,51,0.15625,neutral
FCFDLYYY,45,31,9,6,76,15,0.5754716981132075,neutral
CGFYFFHL,15,16,3,6,31,9,0.36065573770491804,neutral
GLRGRDFG,40,28,16,21,68,37,0.3163265306122449,neutral
RCYLHVNL,61,47,34,49,108,83,0.18115942028985507,neutral
CSCVLCLG,14,6,2,4,20,6,0.28,neutral
GFCLFFGV,32,20,4,14,52,18,0.4146341463414634,neutral
FICNCDGD,29,23,14,19,52,33,0.23170731707317074,neutral
IVSDSGYV,3,1,1,1,4,2,0.058823529411764705,neutral
CSCINDLY,76,57,37,33,133,70,0.38650306748466257,neutral
FSCFIGGG,22,6,11,10,28,21,0.1206896551724138,neutral
CFYSVFSF,29,14,4,3,43,7,0.4931506849315068,neutral
RVCSVVFH,58,43,37,29,101,66,0.26717557251908397,neutral
FCVRCRCR,25,19,7,8,44,15,0.3918918918918919,neutral
FYHYRNVN,29,12,10,13,41,23,0.2535211267605634,neutral
YDDCDSRY,9,12,1,5,21,6,0.29411764705882354,neutral
FGRDSYCC,32,29,13,11,61,24,0.4065934065934066,neutral
FVYDCFFR,29,22,21,11,51,32,0.2345679012345679,neutral
CFVFFHFG,18,16,1,3,34,4,0.46875,neutral
CFCDFDNR,41,28,13,18,69,31,0.3838383838383838,neutral
CYGDYVVL,43,25,16,13,68,29,0.3979591836734694,neutral
VLGGYCVL,35,28,12,19,63,31,0.34408602150537637,neutral
INLYGYLI,3,2,1,1,5,2,0.08571428571428572,neutral
YCLDYNIF,17,6,7,11,23,18,0.09433962264150944,neutral
LICFFGFY,28,16,6,5,44,11,0.44594594594594594,neutral
INLCFVDF,23,13,3,5,36,8,0.42424242424242425,neutral
YNCIYCGG,21,12,2,4,33,6,0.42857142857142855,neutral
VFFVLVHC,27,15,3,1,42,4,0.5277777777777778,neutral
GIVVCIRN,19,15,3,1,34,4,0.46875,neutral
IYDYVCGL,15,5,6,7,20,13,0.14,neutral
YFNGLFCG,57,40,28,37,97,65,0.25196850393700787,neutral
FLYLIVGV,11,7,0,3,18,3,0.3125,neutral
FFNFCVVD,31,15,16,19,46,35,0.14473684210526316,neutral
LFFCVCVC,29,14,2,4,43,6,0.5068493150684932,neutral
LLCRRVYH,7,6,7,9,13,16,-0.06976744186046512,neutral
SYDGIGII,43,45,12,19,88,31,0.4830508474576271,neutral
GGGHDVRY,27,14,16,13,41,29,0.16901408450704225,neutral
VFCFSFIV,0,5,0,0,5,0,0.14285714285714285,neutral
SHFCVVVC,11,8,1,4,19,5,0.2857142857142857,neutral
FDYCYHSR,30,22,10,12,52,22,0.36585365853658536,neutral
VFCCYVYC,37,18,5,6,55,11,0.5176470588235295,neutral
CVCCCVVC,20,12,7,8,32,15,0.27419354838709675,neutral
FHCLGRYL,10,5,1,3,15,4,0.24444444444444444,neutral
YCCRRVVL,44,37,12,19,81,31,0.45045045045045046,neutral
CFSSYFCV,42,28,19,21,70,40,0.3,neutral
CCNSYCRR,26,16,8,15,42,23,0.2638888888888889,neutral
GRCIYFGL,30,12,9,9,42,18,0.3333333333333333,neutral
YCFFVFDC,40,26,10,16,66,26,0.4166666666666667,neutral
HDGSYDNF,28,17,5,11,45,16,0.38666666666666666,neutral
CVNVLYHL,29,22,9,10,51,19,0.3950617283950617,neutral
LLFHDNSF,38,32,24,18,70,42,0.28,neutral
YYRVRYYD,22,12,9,18,34,27,0.109375,neutral
CCIRSNCG,24,13,13,14,37,27,0.14925373134328357,neutral
FFIVYDVF,19,9,7,8,28,15,0.22413793103448276,neutral
FRFCNHGC,26,8,8,15,34,23,0.171875,neutral
INVVYFFG,42,28,3,10,70,13,0.57,neutral
RCDYCIHD,26,18,4,8,44,12,0.43243243243243246,neutral
LHVVLRHV,11,8,12,9,19,21,-0.04081632653061224,neutral
FFDLRNVH,24,10,17,12,34,29,0.078125,neutral
GYGFCRGG,43,24,18,20,67,38,0.29896907216494845,neutral
CFCSRFSG,45,28,19,26,73,45,0.27184466019417475,neutral
RICFYLVD,33,15,7,5,48,12,0.46153846153846156,neutral
FCDLCSDG,52,33,21,23,85,44,0.3565217391304348,neutral
VNCILYVD,9,10,3,5,19,8,0.22448979591836735,neutral
CDHFLRFG,72,54,38,48,126,86,0.2564102564102564,neutral
GIFFYGIS,2,1,2,0,3,2,0.030303030303030304,neutral
CNGVHYFH,17,16,9,13,33,22,0.1746031746031746,neutral
CICVGYGV,13,10,7,6,23,13,0.18867924528301888,neutral
ICCDCSRF,46,36,10,15,82,25,0.5089285714285714,neutral
VYDCGFFF,50,31,33,41,81,74,0.06306306306306306,neutral
FYFCFGIY,8,0,0,0,8,0,0.21052631578947367,neutral
CHCCCSSS,44,25,10,14,69,24,0.45454545454545453,neutral
GFCFLGGL,28,16,5,11,44,16,0.3783783783783784,neutral
VYDFHCSG,29,17,16,11,46,27,0.25,neutral
HHCVFHCS,14,8,4,7,22,11,0.21153846153846154,neutral
FFVVFYFF,16,6,1,1,22,2,0.38461538461538464,neutral
DICFFINS,20,11,7,8,31,15,0.26229508196721313,neutral
IFFFNVCL,24,14,2,2,38,4,0.5,neutral
YIVSFRCC,24,22,4,5,46,9,0.4868421052631579,neutral
GRRIISYR,3,0,3,1,3,4,-0.030303030303030304,neutral
FCNFCGCC,32,23,6,0,55,6,0.5764705882352941,neutral
HNFVCCVC,18,18,3,4,36,7,0.4393939393939394,neutral
CNVCVCLD,30,27,18,11,57,29,0.3218390804597701,neutral
GNCCDYGG,20,13,17,17,33,34,-0.015873015873015872,neutral
VCGSFIHY,33,22,7,12,55,19,0.4235294117647059,neutral
CCFGFFCI,23,15,5,4,38,9,0.4264705882352941,neutral
YFGINVID,2,2,1,2,4,3,0.029411764705882353,neutral
LCHGSYSC,2,3,1,2,5,3,0.05714285714285714,neutral
LYHHDSFF,28,18,6,13,46,19,0.35526315789473684,neutral
DCFYGDNI,29,23,5,6,52,11,0.5,neutral
VLYYCDVH,27,18,6,15,45,21,0.32,neutral
FCHCCCFR,48,37,14,10,85,24,0.5304347826086957,neutral
IFHFYVCI,10,8,0,0,18,0,0.375,neutral
CNSCILYF,44,29,6,9,73,15,0.5631067961165048,neutral
CRGGIYGG,27,13,12,15,40,27,0.18571428571428572,neutral
CSCCCCGV,42,25,7,11,67,18,0.5051546391752577,neutral
VCRFGIDR,123,105,80,77,228,157,0.2751937984496124,neutral
FSVYFYCC,29,21,1,4,50,5,0.5625,neutral
DYVYSSGF,27,13,3,7,40,10,0.42857142857142855,neutral
CCVIGVIY,20,13,2,5,33,7,0.4126984126984127,neutral
LCNHFGRR,53,48,32,42,101,74,0.20610687022900764,neutral
CYVCLHCH,23,16,4,6,39,10,0.42028985507246375,neutral
RHLCGVCR,80,75,54,65,155,119,0.1945945945945946,neutral
CILYCNGV,97,87,43,59,184,102,0.38317757009345793,neutral
GIVYFLCV,5,6,0,0,11,0,0.2682926829268293,neutral
VCCGHFGF,38,31,20,18,69,38,0.31313131313131315,neutral
CFGIGRYS,10,9,2,3,19,5,0.2857142857142857,neutral
GGCFDDRY,54,35,11,21,89,32,0.4789915966386555,neutral
CCSVGGIG,38,24,33,30,62,63,-0.010869565217391304,neutral
FFFCGVYG,65,50,15,20,115,35,0.5517241379310345,neutral
GCFDGHVG,29,33,32,32,62,64,-0.021739130434782608,neutral
CCSICFVV,34,21,4,7,55,11,0.5176470588235295,neutral
FIYDRGYY,21,5,5,3,26,8,0.32142857142857145,neutral
CCSNLGYR,42,29,13,23,71,36,0.3465346534653465,neutral
LCFDFLCD,33,23,21,14,56,35,0.2441860465116279,neutral
YYLNYVRG,49,36,9,11,85,20,0.5652173913043478,neutral
IFFDRCVG,31,14,12,12,45,24,0.28,neutral
CICCRVCF,19,7,1,1,26,2,0.42857142857142855,neutral
VHFFCGCV,10,7,2,3,17,5,0.2553191489361702,neutral
FNFLFVCV,5,8,1,0,13,1,0.27906976744186046,neutral
FFCFHFCY,27,17,4,3,44,7,0.5,neutral
LYRFLRYC,19,14,0,0,33,0,0.5238095238095238,neutral
GIGDCDDV,19,12,17,15,31,32,-0.01639344262295082,neutral
CCYICRRV,41,24,6,6,65,12,0.5578947368421052,neutral
NGLRVYFR,23,8,14,10,31,24,0.11475409836065574,neutral
FYCVFVYV,53,42,13,13,95,26,0.552,neutral
RSFYGCHY,14,9,2,5,23,7,0.3018867924528302,neutral
YFLFNGCR,26,18,13,6,44,19,0.33783783783783783,neutral
GRRIISDD,4,0,5,1,4,6,-0.058823529411764705,neutral
ICCFVVCC,27,12,2,2,39,4,0.5072463768115942,neutral
FCDFCFDG,22,15,13,14,37,27,0.14925373134328357,neutral
GYIYCVGC,28,19,7,9,47,16,0.4025974025974026,neutral
NCYIHYFC,29,25,9,11,54,20,0.40476190476190477,neutral
VLDSCHFD,16,7,5,4,23,9,0.2641509433962264,neutral
FHVFLDFG,51,32,13,23,83,36,0.415929203539823,neutral
FNFIISFC,16,11,1,4,27,5,0.38596491228070173,neutral
HCLNCFGY,32,21,7,10,53,17,0.43373493975903615,neutral
HHGDYCVC,32,18,6,6,50,12,0.475,neutral
FDVYVDNI,27,18,8,6,45,14,0.41333333333333333,neutral
FCVRCYDC,20,10,4,3,30,7,0.38333333333333336,neutral
DCVCVFGY,40,25,11,14,65,25,0.42105263157894735,neutral
RGYCGGNI,27,34,24,41,61,65,-0.04395604395604396,neutral
FYCYCGCL,21,7,7,3,28,10,0.3103448275862069,neutral
SFCCGGHF,26,23,15,17,49,32,0.21518987341772153,neutral
HLVDFCIN,107,90,56,38,197,94,0.45374449339207046,neutral
FGGVHDVG,39,34,27,22,73,49,0.23300970873786409,neutral
CFFCFSRV,38,19,7,6,57,13,0.5057471264367817,neutral
CIRSCFIS,1,1,3,1,2,4,-0.0625,neutral
VHRHFCCG,22,15,12,14,37,26,0.16417910447761194,neutral
SSLGCLYC,79,63,44,59,142,103,0.22674418604651161,neutral
VCYVNLRI,32,20,27,26,52,53,-0.012195121951219513,neutral
RCSVDDIG,33,20,22,38,53,60,-0.08433734939759036,neutral
DFFCFFLF,21,9,0,2,30,2,0.4666666666666667,neutral
VCGVDCFG,48,35,25,31,83,56,0.23893805309734514,neutral
LFIGFFGF,23,18,0,2,41,2,0.5492957746478874,neutral
RDYFLNNR,43,33,20,24,76,44,0.3018867924528302,neutral
CCFIFHCR,30,12,4,3,42,7,0.4861111111111111,neutral
VSVDSLYF,25,17,15,13,42,28,0.19444444444444445,neutral
LYGHFIFF,32,20,8,3,52,11,0.5,neutral
CFSILFGN,33,21,13,18,54,31,0.27380952380952384,neutral
VCVDLSSG,42,27,31,38,69,69,0,neutral
VSYSSVCV,22,12,11,16,34,27,0.109375,neutral
SNHILDIY,8,6,2,7,14,9,0.11363636363636363,neutral
FSSGGVFV,49,31,19,20,80,39,0.37272727272727274,neutral
CGCGSCCG,42,27,13,17,69,30,0.3939393939393939,neutral
VLYVVSHG,41,23,9,5,64,14,0.5319148936170213,neutral
FDFGVRLN,27,28,13,10,55,23,0.3764705882352941,neutral
FVLVCYLS,17,9,2,1,26,3,0.4107142857142857,neutral
YFSNIVYY,39,24,15,9,63,24,0.41935483870967744,neutral
FCRHFYNS,52,35,12,15,87,27,0.5128205128205128,neutral
LINNCSLR,44,25,13,29,69,42,0.2727272727272727,neutral
FFCCGFHL,18,16,3,0,34,3,0.484375,neutral
SYGCGIGD,50,34,25,33,84,58,0.22807017543859648,neutral
SIFYSILC,21,13,2,5,34,7,0.421875,neutral
YVLGHYFG,21,19,13,9,40,22,0.2571428571428571,neutral
NICSCVIH,13,11,8,14,24,22,0.037037037037037035,neutral
RFVFGGVL,20,12,18,20,32,38,-0.0967741935483871,neutral
VISGVRYG,28,17,13,23,45,36,0.12,neutral
FYVHGHCC,8,4,2,3,12,5,0.16666666666666666,neutral
CFIVGFYL,15,12,2,4,27,6,0.3684210526315789,neutral
YFGILCVC,18,17,2,2,35,4,0.47692307692307695,neutral
VLIGCCFC,39,27,8,12,66,20,0.4791666666666667,neutral
FFLSVRFY,9,8,0,0,17,0,0.3617021276595745,neutral
FCLGYHCH,15,10,4,12,25,16,0.16363636363636364,neutral
IDCFVNLH,19,8,13,4,27,17,0.17543859649122806,neutral
HLISRGLG,22,19,9,20,41,29,0.16901408450704225,neutral
DNIFGHVV,40,26,16,17,66,33,0.34375,neutral
GCGGCSLY,10,16,6,6,26,12,0.25,neutral
VFSCVRHC,17,6,6,10,23,16,0.1320754716981132,neutral
IFLGNVVF,16,7,7,4,23,11,0.22641509433962265,neutral
CVCGYCFY,23,15,3,3,38,6,0.47058823529411764,neutral
YCSGFHCG,35,21,10,12,56,22,0.3953488372093023,neutral
YYLCVVCG,32,18,3,7,50,10,0.5,neutral
VCCCCYHF,18,5,0,2,23,2,0.39622641509433965,neutral
ICFFFFFR,32,13,3,1,45,4,0.5466666666666666,neutral
GFCCCCDL,14,10,6,1,24,7,0.3148148148148148,neutral
LFCLSSSS,12,9,6,9,21,15,0.11764705882352941,neutral
YLCGGICV,11,13,12,11,24,23,0.018518518518518517,neutral
LINLLGCG,65,50,35,49,115,84,0.21379310344827587,neutral
RRSLYNLY,19,12,7,9,31,16,0.2459016393442623,neutral
DCFHGNGI,43,25,27,19,68,46,0.22448979591836735,neutral
FLIFCIIH,6,4,0,0,10,0,0.25,neutral
RYVRYNLC,24,12,20,20,36,40,-0.06060606060606061,neutral
FCNGLCLH,40,23,22,16,63,38,0.26881720430107525,neutral
FSYFRCFC,25,22,5,11,47,16,0.4025974025974026,neutral
NNLYGFDV,27,24,8,8,51,16,0.43209876543209874,neutral
FLSYIDCL,13,6,6,5,19,11,0.16326530612244897,neutral
CCVFGRDI,66,49,41,59,115,100,0.10344827586206896,neutral
FLLFVCFL,19,16,2,4,35,6,0.4461538461538462,neutral
RLCDCRGF,24,19,11,17,43,28,0.2054794520547945,neutral
VVRYSFYG,36,34,22,12,70,34,0.36,neutral
NCDDCYLR,34,29,18,18,63,36,0.2903225806451613,neutral
FFCLHCSD,73,54,26,32,127,58,0.4394904458598726,neutral
FCIYCFHL,3,2,0,1,5,1,0.11428571428571428,neutral
FIYFFDCL,11,13,1,0,24,1,0.42592592592592593,neutral
HFHDNIHF,42,24,8,9,66,17,0.5104166666666666,neutral
VFDRRGFC,3,4,4,6,7,10,-0.08108108108108109,neutral
INLIFVRI,30,20,3,2,50,5,0.5625,neutral
LICRVVHF,41,28,14,18,69,32,0.37373737373737376,neutral
YLNRRHCI,38,32,42,33,70,75,-0.05,neutral
VIICVYGR,4,0,1,0,4,1,0.08823529411764706,neutral
CCCYLNGD,75,60,26,38,135,64,0.4303030303030303,neutral
FDFYDCYC,40,23,9,13,63,22,0.44086021505376344,neutral
HVFGDIYC,9,8,3,5,17,8,0.19148936170212766,neutral
RRFDSRHR,6,0,3,5,6,8,-0.05555555555555555,neutral
GCCCIVVL,21,7,0,1,28,1,0.46551724137931033,neutral
HYFIIVYH,37,18,13,13,55,26,0.3411764705882353,neutral
FHSYRFLH,24,22,9,18,46,27,0.25,neutral
CFHIHCYD,21,10,8,12,31,20,0.18032786885245902,neutral
VFCCDFII,10,6,3,6,16,9,0.15217391304347827,neutral
CCRYLSIV,21,17,5,10,38,15,0.3382352941176471,neutral
CCGIGIFF,47,36,15,14,83,29,0.4778761061946903,neutral
VCCGIYFC,6,2,0,1,8,1,0.18421052631578946,neutral
GVVGYSGY,25,32,12,13,57,25,0.367816091954023,neutral
DYGCIVGG,31,16,19,19,47,38,0.11688311688311688,neutral
LCRCHFID,28,21,8,6,49,14,0.4430379746835443,neutral
LCVLCDIY,15,11,3,3,26,6,0.35714285714285715,neutral
YGCHCGDH,45,30,17,16,75,33,0.4,neutral
NYIYGLGC,66,53,12,29,119,41,0.5234899328859061,neutral
FFRLVVYH,30,15,6,6,45,12,0.44,neutral
FGYCCFVY,30,29,5,5,59,10,0.550561797752809,neutral
VSRFSYDV,15,13,12,17,28,29,-0.017241379310344827,neutral
FGYDCGDG,55,45,33,37,100,70,0.23076923076923078,neutral
RSYFVYIL,24,14,3,3,38,6,0.47058823529411764,neutral
CFILFCGS,12,2,1,2,14,3,0.25,neutral
YFDLSVCN,41,24,12,7,65,19,0.4842105263157895,neutral
VFSYCGGH,23,11,6,4,34,10,0.375,neutral
CCRGHNYH,6,3,2,6,9,8,0.02564102564102564,neutral
FYSCINDV,49,30,14,15,79,29,0.45871559633027525,neutral
IDFIVILF,2,4,0,0,6,0,0.16666666666666666,neutral
ICLGFRGG,5,4,3,3,9,6,0.07692307692307693,neutral
FCFFHNVD,30,19,7,15,49,22,0.34177215189873417,neutral
NRGLCGFN,22,21,14,17,43,31,0.1643835616438356,neutral
CDNLVGSL,55,38,47,40,93,87,0.04878048780487805,neutral
YSGRGFRR,49,36,30,49,85,79,0.05217391304347826,neutral
YFVLYVNG,23,11,1,1,34,2,0.5,neutral
YCLRGLHR,7,4,0,1,11,1,0.24390243902439024,neutral
LYCFCFRV,23,13,3,0,36,3,0.5,neutral
VCHYIVDV,35,25,17,22,60,39,0.23333333333333334,neutral
HFDNDYCG,20,16,8,11,36,19,0.25757575757575757,neutral
DLCFIYFG,3,1,2,2,4,4,0,neutral
YLLGVNYC,19,19,6,3,38,9,0.4264705882352941,neutral
CCFFCFLF,4,5,0,0,9,0,0.23076923076923078,neutral
FSDFIICF,13,7,4,4,20,8,0.24,neutral
CFVYDYNY,50,34,13,16,84,29,0.4824561403508772,neutral
YYCFVSVL,26,13,1,3,39,4,0.5072463768115942,neutral
VCVLFYCL,7,7,1,2,14,3,0.25,neutral
RYISVVLH,35,21,10,7,56,17,0.45348837209302323,neutral
CNLCRYLR,27,20,4,3,47,7,0.5194805194805194,neutral
GGYCCFLY,11,5,5,6,16,11,0.10869565217391304,neutral
RVVFCGYF,20,9,4,4,29,8,0.3559322033898305,neutral
LILGCILF,19,8,2,1,27,3,0.42105263157894735,neutral
CCCCYIIG,56,40,14,10,96,24,0.5714285714285714,neutral
GCIIYSYL,72,57,24,17,129,41,0.5534591194968553,neutral
FFFHCGDF,42,32,24,11,74,35,0.375,neutral
NFDRCNFG,46,29,25,23,75,48,0.2571428571428571,neutral
IVFCVSGY,22,19,9,11,41,20,0.29577464788732394,neutral
SVGLNFGG,1,0,2,2,1,4,-0.0967741935483871,neutral
RHGDYRNY,41,33,17,26,74,43,0.2980769230769231,neutral
DYRDGCLI,76,57,21,21,133,42,0.558282208588957,neutral
FNHCHVYR,19,6,3,11,25,14,0.2,neutral
YVDRRFFG,19,8,5,7,27,12,0.2631578947368421,neutral
FHLFCFDH,55,50,23,19,105,42,0.4666666666666667,neutral
CHCNCLLR,26,14,6,4,40,10,0.42857142857142855,neutral
FVCCSFRD,40,29,19,15,69,34,0.35353535353535354,neutral
NRFYIDLC,31,17,18,16,48,34,0.1794871794871795,neutral
VCFCSDGG,45,27,33,23,72,56,0.1568627450980392,neutral
NVFIVCVC,23,14,2,2,37,4,0.4925373134328358,neutral
VLFVLCGI,30,19,4,3,49,7,0.5316455696202531,neutral
FICVVDDF,34,22,12,11,56,23,0.38372093023255816,neutral
DDNSISGL,20,6,15,12,26,27,-0.017857142857142856,neutral
RRICDGCC,21,16,13,14,37,27,0.14925373134328357,neutral
FVCVFIRV,22,14,2,3,36,5,0.4696969696969697,neutral
FCGCFFCF,13,5,1,1,18,2,0.3333333333333333,neutral
FCCNGCVI,21,12,4,4,33,8,0.3968253968253968,neutral
HNFCGNVN,55,36,43,61,91,104,-0.10743801652892562,neutral
YFDIIVRC,31,17,7,2,48,9,0.5,neutral
LICRVFSI,45,32,14,14,77,28,0.45794392523364486,neutral
CHVNNNYF,16,13,8,7,29,15,0.23728813559322035,neutral
FFVCFCRF,14,12,0,0,26,0,0.4642857142857143,neutral
GCRCIRSI,74,55,43,40,129,83,0.2893081761006289,neutral
FDIYGYGG,9,9,3,1,18,4,0.2916666666666667,neutral
HIRVRGCF,22,20,23,21,42,44,-0.027777777777777776,neutral
YYCSCHHD,33,18,5,7,51,12,0.48148148148148145,neutral
VFYIDNHC,35,23,13,14,58,27,0.3522727272727273,neutral
RFNGDGVH,31,20,26,33,51,59,-0.09876543209876543,neutral
CFFYGILC,23,19,0,1,42,1,0.5694444444444444,neutral
CYFNSCHV,26,11,15,13,37,28,0.13432835820895522,neutral
YIYFDRRV,25,13,4,3,38,7,0.45588235294117646,neutral
LYFCSFFG,33,14,3,4,47,7,0.5194805194805194,neutral
VGLNNDYC,10,5,6,9,15,15,0,neutral
FFCSYICY,15,13,1,3,28,4,0.41379310344827586,neutral
FRCRYGCF,30,18,2,4,48,6,0.5384615384615384,neutral
CLIGIISC,29,23,3,10,52,13,0.47560975609756095,neutral
CIDHIHFL,35,19,16,13,54,29,0.2976190476190476,neutral
GSDFHGNC,48,36,54,37,84,91,-0.06140350877192982,neutral
LSFHIILH,31,18,3,1,49,4,0.569620253164557,neutral
FVSFCNFH,37,21,26,15,58,41,0.19318181818181818,neutral
FSLFSHGL,16,17,1,7,33,8,0.3968253968253968,neutral
FLNCYNRN,25,15,5,12,40,17,0.32857142857142857,neutral
VCFGNYGF,1,3,0,1,4,1,0.08823529411764706,neutral
GDCVDFVN,72,65,63,52,137,115,0.1317365269461078,neutral
IRSCRGFR,48,34,23,29,82,52,0.26785714285714285,neutral
VFGFVLHR,35,24,16,29,59,45,0.15730337078651685,neutral
SDISFDFI,32,15,10,11,47,21,0.33766233766233766,neutral
CVRGIFCC,29,10,4,6,39,10,0.42028985507246375,neutral
CYCFFGCI,34,16,3,6,50,9,0.5125,neutral
CCCSCIGI,49,35,16,12,84,28,0.49122807017543857,neutral
FCCLLDVR,2,2,0,1,4,1,0.08823529411764706,neutral
CDYCCIFF,24,6,2,2,30,4,0.43333333333333335,neutral
VCCHSVHV,36,17,20,19,53,39,0.1686746987951807,neutral
HIYNLISI,15,10,3,10,25,13,0.21818181818181817,neutral
FSDLCIFR,9,2,1,5,11,6,0.12195121951219512,neutral
FCFYDCGV,13,10,3,6,23,9,0.2641509433962264,neutral
SYDSHNRV,16,13,5,2,29,7,0.3728813559322034,neutral
ISCFDCCL,37,34,16,15,71,31,0.39603960396039606,neutral
VNFGSFFC,6,9,5,3,15,8,0.15555555555555556,neutral
IYLVNCYD,5,3,4,3,8,7,0.02631578947368421,neutral
GFGDCFGS,45,26,15,17,71,32,0.38613861386138615,neutral
NFCFCRYF,11,9,2,3,20,5,0.3,neutral
YRCCVIGV,29,27,22,15,56,37,0.22093023255813954,neutral
DFDIVRLS,37,32,33,35,69,68,0.010101010101010102,neutral
RHCFCDCS,13,5,3,11,18,14,0.08333333333333333,neutral
FSCVFVFR,59,46,15,14,105,29,0.562962962962963,neutral
FHCHSCSG,10,11,4,4,21,8,0.2549019607843137,neutral
SNSCVNSF,86,76,71,76,162,147,0.078125,neutral
GCFLRRGG,3,0,1,3,3,4,-0.030303030303030304,neutral
VFRILDGV,35,24,22,16,59,38,0.23595505617977527,neutral
IHFFIFFC,9,7,0,0,16,0,0.34782608695652173,neutral
FYFLGIIG,20,11,1,1,31,2,0.47540983606557374,neutral
CYRVCLRY,29,22,10,3,51,13,0.4691358024691358,neutral
VCHCCHDF,18,5,2,2,23,4,0.3584905660377358,neutral
VCDLCVFY,42,32,15,18,74,33,0.3942307692307692,neutral
LLDFVGCV,28,18,12,21,46,33,0.17105263157894737,neutral
RCCLHGGY,72,53,23,42,125,65,0.3870967741935484,neutral
NLLRNVLI,59,44,58,54,103,112,-0.06766917293233082,neutral
NICNSCFN,20,12,13,14,32,27,0.08064516129032258,neutral
LRCDFSCF,8,6,2,3,14,5,0.20454545454545456,neutral
LCYYVYCD,14,6,2,4,20,6,0.28,neutral
VHSYCRYN,59,40,15,17,99,32,0.5193798449612403,neutral
GRRISISF,30,13,14,17,43,31,0.1643835616438356,neutral
VGDLCLGG,45,40,28,38,85,66,0.16521739130434782,neutral
VGDVCGVS,19,26,21,16,45,37,0.10666666666666667,neutral
CYIGFVHY,39,21,13,9,60,22,0.4222222222222222,neutral
CSFHLVRS,1,1,2,3,2,5,-0.09375,neutral
LFGLRYRD,8,8,6,3,16,9,0.15217391304347827,neutral
FVVCLCRR,24,15,1,1,39,2,0.5362318840579711,neutral
VFVLDVRV,34,27,17,13,61,30,0.34065934065934067,neutral
ICFYLHCL,10,5,1,0,15,1,0.3111111111111111,neutral
CLGSGLLC,16,7,5,6,23,11,0.22641509433962265,neutral
RDFDLVHI,34,25,10,25,59,35,0.2696629213483146,neutral
FVFFVSGC,14,7,3,1,21,4,0.3333333333333333,neutral
CCGCYIVV,30,19,5,5,49,10,0.4936708860759494,neutral
NCISYGHS,32,18,21,19,50,40,0.125,neutral
LGCCVVGG,30,17,18,26,47,44,0.03896103896103896,neutral
CCSGCDVV,16,15,4,4,31,8,0.3770491803278688,neutral
CFYIGCLF,32,35,8,7,67,15,0.5360824742268041,neutral
ISNCSCFF,51,37,21,18,88,39,0.4152542372881356,neutral
GCCHCCGN,32,17,3,7,49,10,0.4936708860759494,neutral
ICLGGNFR,88,77,36,38,165,74,0.4666666666666667,neutral
FFCCCLGV,37,19,3,4,56,7,0.5697674418604651,neutral
GLVCRFVC,21,14,7,6,35,13,0.3384615384615385,neutral
CCIRGGCL,21,15,13,9,36,22,0.21212121212121213,neutral
FFYFDYFG,2,2,1,1,4,2,0.058823529411764705,neutral
VYLFDICD,44,31,15,28,75,43,0.3047619047619048,neutral
ICSLCINL,28,18,12,6,46,18,0.3684210526315789,neutral
NGSCRHLL,27,27,33,23,54,56,-0.023809523809523808,neutral
IVRGVYCD,65,61,59,46,126,105,0.1346153846153846,neutral
GYSLSCCH,19,12,9,6,31,15,0.26229508196721313,neutral
CDGGRCSL,2,1,0,2,3,2,0.030303030303030304,neutral
CCVSCFVH,19,15,2,5,34,7,0.421875,neutral
FSGICFNG,22,13,5,14,35,19,0.24615384615384617,neutral
GCICLYCS,51,37,13,8,88,21,0.5677966101694916,neutral
YICLIVVC,11,7,2,0,18,2,0.3333333333333333,neutral
IRYDSCGL,3,2,1,0,5,1,0.11428571428571428,neutral
LVRVGYIV,49,41,25,25,90,50,0.3333333333333333,neutral
DIRFSIYI,5,7,1,1,12,2,0.23809523809523808,neutral
FFGYGNYH,7,7,1,0,14,1,0.29545454545454547,neutral
HFGSGGHL,2,0,3,2,2,5,-0.09375,neutral
CSVHGRVY,8,3,4,6,11,10,0.024390243902439025,neutral
LLFCLVCV,5,3,0,2,8,2,0.15789473684210525,neutral
CRHFVCCY,41,30,17,18,71,35,0.3564356435643564,neutral
RCYVCNRR,24,17,18,24,41,42,-0.014084507042253521,neutral
CRSYICIF,18,10,2,2,28,4,0.41379310344827586,neutral
RDCFHIVF,69,59,26,28,128,54,0.46835443037974683,neutral
VRFFSVRY,10,6,5,1,16,6,0.21739130434782608,neutral
FCIGYCVD,35,19,11,17,54,28,0.30952380952380953,neutral
VYGYLFGG,56,38,23,25,94,48,0.3709677419354839,neutral
VFDCLRHR,39,30,22,28,69,50,0.1919191919191919,neutral
CISCSCGF,23,7,2,2,30,4,0.43333333333333335,neutral
VCVCSYGV,30,32,14,18,62,32,0.32608695652173914,neutral
ICYSCFHG,16,8,4,4,24,8,0.2962962962962963,neutral
VDCLFVGS,44,29,9,23,73,32,0.39805825242718446,neutral
FVFVGRCD,9,9,3,0,18,3,0.3125,neutral
FIRGCDFR,34,24,12,15,58,27,0.3522727272727273,neutral
VCFVCSYG,13,4,7,3,17,10,0.14893617021276595,neutral
ILYIYFCV,27,15,2,2,42,4,0.5277777777777778,neutral
FFCCYFIR,21,22,1,4,43,5,0.5205479452054794,neutral
LFSCFDIV,38,21,20,26,59,46,0.14606741573033707,neutral
SIFIYVSI,31,12,1,4,43,5,0.5205479452054794,neutral
GLYFDHHH,20,9,4,4,29,8,0.3559322033898305,neutral
FFRFYDIR,35,28,17,18,63,35,0.3010752688172043,neutral
INCDICVD,38,32,23,25,70,48,0.22,neutral
LCHFIVFC,20,12,0,1,32,1,0.5,neutral
CLCCSDNF,24,16,4,10,40,14,0.37142857142857144,neutral
DGGYFGLG,21,15,14,14,36,28,0.12121212121212122,neutral
FLCFDRGV,38,25,8,17,63,25,0.40860215053763443,neutral
FCCVFFFH,48,32,9,16,80,25,0.5,neutral
GVCDCGCS,3,7,3,6,10,9,0.025,neutral
VVIHIIGS,40,27,6,6,67,12,0.5670103092783505,neutral
VFCLYCGG,27,17,6,8,44,14,0.40540540540540543,neutral
CVVGSFSC,1,0,3,1,1,4,-0.0967741935483871,neutral
CYVVNCNF,54,37,14,20,91,34,0.47107438016528924,neutral
SYCGNDCV,51,39,25,43,90,68,0.18333333333333332,neutral
FYLFDCRC,50,34,15,19,84,34,0.43859649122807015,neutral
GVFGGFVH,22,21,16,21,43,37,0.0821917808219178,neutral
LLGSHFCG,34,18,13,13,52,26,0.3170731707317073,neutral
HHLDFFFG,34,18,12,10,52,22,0.36585365853658536,neutral
DRVCIVHF,48,45,19,20,93,39,0.43902439024390244,neutral
RSSDVFFH,26,18,26,16,44,42,0.02702702702702703,neutral
NGCLCIVI,29,11,8,3,40,11,0.4142857142857143,neutral
VYRGFDVI,44,35,9,12,79,21,0.5321100917431193,neutral
DFCYCCHD,58,46,22,30,104,52,0.3880597014925373,neutral
YNCFCGCC,34,26,3,16,60,19,0.45555555555555555,neutral
HFGCCCGV,47,30,15,11,77,26,0.4766355140186916,neutral
NYIICFLG,17,3,0,1,20,1,0.38,neutral
FGLNFGCF,59,43,18,17,102,35,0.5075757575757576,neutral
CFFCCIVH,3,3,0,1,6,1,0.1388888888888889,neutral
RLVDGRYL,41,23,29,29,64,58,0.06382978723404255,neutral
VVCFGFFL,33,26,9,1,59,10,0.550561797752809,neutral
RNFGHDFH,20,7,10,15,27,25,0.03508771929824561,neutral
VNFVCCCI,20,16,6,1,36,7,0.4393939393939394,neutral
GVFIDVGI,24,20,15,20,44,35,0.12162162162162163,neutral
DDGRRRFF,51,37,46,45,88,91,-0.025423728813559324,neutral
DNVVNCLL,22,9,9,7,31,16,0.2459016393442623,neutral
FLLCGYSY,32,20,12,12,52,24,0.34146341463414637,neutral
SDDCGGFY,20,12,3,8,32,11,0.3387096774193548,neutral
FLVFDVRL,6,3,0,0,9,0,0.23076923076923078,neutral
CVNCFCGF,6,6,1,0,12,1,0.2619047619047619,neutral
CGRCRFVG,47,35,11,24,82,35,0.41964285714285715,neutral
RCVCFYRH,57,38,15,22,95,37,0.464,neutral
HFSCLGCD,71,52,33,44,123,77,0.3006535947712418,neutral
FYHGDGGF,4,0,1,0,4,1,0.08823529411764706,neutral
FRVLCIGD,31,18,7,18,49,25,0.3037974683544304,neutral
GYFCCSCR,23,14,5,5,37,10,0.40298507462686567,neutral
YFISFFGC,3,4,3,0,7,3,0.10810810810810811,neutral
LFNSCGVF,45,31,20,13,76,33,0.4056603773584906,neutral
GFSCFFSC,60,43,33,46,103,79,0.18045112781954886,neutral
INIVHYCV,17,9,11,11,26,22,0.07142857142857142,neutral
FVHCNCRF,26,26,31,25,52,56,-0.04878048780487805,neutral
VYDCIVSL,4,1,1,2,5,3,0.05714285714285714,neutral
SFVGLRSS,45,37,36,35,82,71,0.09821428571428571,neutral
GRNCHGLF,53,36,36,33,89,69,0.16806722689075632,neutral
CLGSVLHY,25,6,1,6,31,7,0.39344262295081966,neutral
FVFFIDGC,24,14,6,9,38,15,0.3382352941176471,neutral
FGDNGCDI,21,14,7,14,35,21,0.2153846153846154,neutral
CCILRDFR,45,29,14,29,74,43,0.2980769230769231,neutral
GNDHRFGF,85,66,65,58,151,123,0.15469613259668508,neutral
FFFGFSCG,62,44,14,30,106,44,0.45588235294117646,neutral
CISCVYGI,27,25,12,16,52,28,0.2926829268292683,neutral
CFDCLFDG,39,24,9,16,63,25,0.40860215053763443,neutral
LCDDYLCR,21,11,4,9,32,13,0.3064516129032258,neutral
VCYYGLCV,43,29,12,12,72,24,0.47058823529411764,neutral
IFINFIFF,11,9,0,1,20,1,0.38,neutral
RNGFHCHY,9,6,0,1,15,1,0.3111111111111111,neutral
LCCDFCHG,11,6,5,5,17,10,0.14893617021276595,neutral
CGVVGNFF,32,38,22,28,70,50,0.2,neutral
CNCGCYYL,12,4,4,6,16,10,0.13043478260869565,neutral
SFYGVCCH,40,26,13,14,66,27,0.40625,neutral
CVVCVYCS,25,16,4,0,41,4,0.5211267605633803,neutral
CIRGGFYH,24,8,8,13,32,21,0.1774193548387097,neutral
YIVVCFYN,27,22,4,2,49,6,0.5443037974683544,neutral
GLCNCIVF,31,18,17,10,49,27,0.27848101265822783,neutral
IYIVRGFV,27,14,2,2,41,4,0.5211267605633803,neutral
CFCDGYVV,3,1,1,0,4,1,0.08823529411764706,neutral
CFVLDVYD,36,23,10,17,59,27,0.3595505617977528,neutral
IVVYRCSG,20,15,5,9,35,14,0.3230769230769231,neutral
FGGGCFLG,28,14,9,9,42,18,0.3333333333333333,neutral
FSFLIDYR,57,39,21,27,96,48,0.38095238095238093,neutral
GLYCFFHR,65,46,18,28,111,46,0.46099290780141844,neutral
CCVFGFLG,29,17,3,2,46,5,0.5394736842105263,neutral
RNLSFYGY,37,22,9,5,59,14,0.5056179775280899,neutral
FVHVNVND,39,21,22,30,60,52,0.08888888888888889,neutral
VRFHCYRF,14,5,3,2,19,5,0.2857142857142857,neutral
ISVRGSRG,0,1,2,2,1,4,-0.0967741935483871,neutral
DCDFRRYR,35,26,14,18,61,32,0.31868131868131866,neutral
RINVRGCN,83,67,75,81,150,156,-0.03333333333333333,neutral
GFYYGGYC,12,7,3,2,19,5,0.2857142857142857,neutral
CGRDSGVS,64,50,39,44,114,83,0.2152777777777778,neutral
FCCNYING,18,10,10,10,28,20,0.13793103448275862,neutral
VCFDSCND,5,3,3,2,8,5,0.07894736842105263,neutral
GVNVYCYI,7,12,4,6,19,10,0.1836734693877551,neutral
CVSCNVVG,1,1,2,1,2,3,-0.03125,neutral
RNFRYGHC,78,59,52,56,137,108,0.17365269461077845,neutral
LSCCDCCC,27,10,6,12,37,18,0.2835820895522388,neutral
YCCCLGHN,58,42,15,14,100,29,0.5461538461538461,neutral
IIISVCDI,18,11,5,9,29,14,0.2542372881355932,neutral
HVNCFCDV,30,20,12,23,50,35,0.1875,neutral
YYDRCGCG,35,29,15,14,64,29,0.3723404255319149,neutral
SHYDCYRV,41,41,21,14,82,35,0.41964285714285715,neutral
FSNVGFCC,56,46,25,13,102,38,0.48484848484848486,neutral
FRCYVVCY,11,3,0,0,14,0,0.3181818181818182,neutral
LGDGGGFH,17,10,6,11,27,17,0.17543859649122806,neutral
FFCFYSSY,18,17,3,6,35,9,0.4,neutral
YFVGYLSV,58,43,18,21,101,39,0.4732824427480916,neutral
YDCCCCFF,21,8,3,4,29,7,0.3728813559322034,neutral
VCCRIVRG,25,15,19,10,40,29,0.15714285714285714,neutral
VFCVICRC,30,17,2,3,47,5,0.5454545454545454,neutral
FCNCCCLD,18,10,5,4,28,9,0.3275862068965517,neutral
SVCILRDV,25,13,12,24,38,36,0.029411764705882353,neutral
SCYHSYRV,7,9,0,5,16,5,0.2391304347826087,neutral
GCCLCFCL,17,10,1,2,27,3,0.42105263157894735,neutral
GSFRCFFC,40,21,19,18,61,37,0.26373626373626374,neutral
ICSGYFSV,24,10,2,6,34,8,0.40625,neutral
FVSDIIFS,25,10,13,26,35,39,-0.06153846153846154,neutral
RRRSCRVF,20,7,7,8,27,15,0.21052631578947367,neutral
VFRCVSIH,10,10,7,7,20,14,0.12,neutral
YLHFNYGV,26,22,4,7,48,11,0.47435897435897434,neutral
HFCVGCIN,71,59,18,24,130,42,0.55,neutral
FCICGCSS,44,33,13,16,77,29,0.4485981308411215,neutral
FDDINGVV,22,12,6,12,34,18,0.25,neutral
INCSCDLF,29,12,11,11,41,22,0.2676056338028169,neutral
FNCVGLFR,40,23,14,3,63,17,0.4946236559139785,neutral
FFCDVCFC,21,15,6,10,36,16,0.30303030303030304,neutral
FFVVGYCH,24,15,6,8,39,14,0.36231884057971014,neutral
YYCINVCN,47,29,12,18,76,30,0.4339622641509434,neutral
FLCCGGLL,12,11,2,5,23,7,0.3018867924528302,neutral
YYIRLCNR,37,29,15,19,66,34,0.3333333333333333,neutral
VCICLIRN,36,23,10,7,59,17,0.47191011235955055,neutral
CRFVIFSG,51,43,10,28,94,38,0.45161290322580644,neutral
FCSHIFVC,28,16,15,12,44,27,0.22972972972972974,neutral
LHGGGYDY,22,7,2,6,29,8,0.3559322033898305,neutral
FLRCSNNC,40,21,32,35,61,67,-0.06593406593406594,neutral
VFVIGRLH,34,22,14,9,56,23,0.38372093023255816,neutral
VYCCSRNL,33,27,13,14,60,27,0.36666666666666664,neutral
FLCRGLLS,51,43,29,33,94,62,0.25806451612903225,neutral
YYCGHRLG,16,4,1,3,20,4,0.32,neutral
FCSIGFIL,47,33,18,14,80,32,0.43636363636363634,neutral
VYFHHHLI,3,1,2,0,4,2,0.058823529411764705,neutral
CFCVNCCI,11,12,2,1,23,3,0.37735849056603776,neutral
LCSFHYCC,28,15,4,9,43,13,0.410958904109589,neutral
LIYRFDFV,16,8,4,3,24,7,0.3148148148148148,neutral
FLGCDFLC,34,23,19,21,57,40,0.19540229885057472,neutral
ILVCLRCC,34,22,4,5,56,9,0.5465116279069767,neutral
FFYCVIVC,3,2,1,1,5,2,0.08571428571428572,neutral
VCVGLYGV,22,20,8,13,42,21,0.2916666666666667,neutral
FFVFVYNS,1,2,1,1,3,2,0.030303030303030304,neutral
FCVHGLDD,45,34,7,12,79,19,0.5504587155963303,neutral
SFVCGCCH,28,22,12,6,50,18,0.4,neutral
SRCFDILH,13,3,3,6,16,9,0.15217391304347827,neutral
FYGYCIRC,33,18,9,15,51,24,0.3333333333333333,neutral
FFVSFGNN,22,12,7,5,34,12,0.34375,neutral
VSLLRGFG,55,39,33,28,94,61,0.2661290322580645,neutral
SCLVGVCD,25,18,21,15,43,36,0.0958904109589041,neutral
DHFFYGCY,40,36,20,23,76,43,0.3113207547169811,neutral
RCCGFSDI,28,26,16,29,54,45,0.10714285714285714,neutral
RYYGVYDR,26,17,5,3,43,8,0.4794520547945205,neutral
RDCYDSFR,13,3,7,2,16,9,0.15217391304347827,neutral
FYRYLDFL,17,11,3,2,28,5,0.39655172413793105,neutral
GIIGCCSC,14,7,4,5,21,9,0.23529411764705882,neutral
HFCINHYG,24,23,8,9,47,17,0.38961038961038963,neutral
VDGLDYDH,78,59,60,54,137,114,0.1377245508982036,neutral
NYRDLVRS,1,3,1,1,4,2,0.058823529411764705,neutral
FFVDCLRC,6,5,2,1,11,3,0.1951219512195122,neutral
FFICVFVS,3,6,1,2,9,3,0.15384615384615385,neutral
CDICCYLR,8,5,1,3,13,4,0.20930232558139536,neutral
RYCIYVHC,5,3,2,0,8,2,0.15789473684210525,neutral
GCDCCRFG,43,25,6,13,68,19,0.5,neutral
FVLCSRYL,29,19,11,14,48,25,0.2948717948717949,neutral
IINSYSSH,53,36,34,50,89,84,0.04201680672268908,neutral
SFIRGRDV,38,24,23,29,62,52,0.10869565217391304,neutral
LCFRHNRC,15,7,11,9,22,20,0.038461538461538464,neutral
SLCCVYSL,14,13,5,3,27,8,0.3333333333333333,neutral
CFVCHSLV,49,34,19,20,83,39,0.3893805309734513,neutral
LCVFGGIG,38,27,20,14,65,34,0.3263157894736842,neutral
LLCCFNDV,27,11,10,12,38,22,0.23529411764705882,neutral
RYRNDVNF,28,25,19,15,53,34,0.2289156626506024,neutral
IIGYIVIR,18,14,2,5,32,7,0.4032258064516129,neutral
FVFFFIYF,14,16,0,0,30,0,0.5,neutral
DCVLYSNS,25,12,8,13,37,21,0.23880597014925373,neutral
VVYSFCCL,33,15,10,7,48,17,0.3974358974358974,neutral
LCIISGSR,59,47,67,51,106,118,-0.08823529411764706,neutral
VVCGVNYL,12,1,0,0,13,0,0.3023255813953488,neutral
GDNFGFCL,28,18,9,4,46,13,0.4342105263157895,neutral
CFDFRFIC,7,8,6,2,15,8,0.15555555555555556,neutral
NFVGLYGL,2,3,3,2,5,5,0,neutral
GIGIDGGG,0,1,1,3,1,4,-0.0967741935483871,neutral
FSLFFFYG,10,9,0,0,19,0,0.3877551020408163,neutral
CSCVHSDL,25,16,9,15,41,24,0.23943661971830985,neutral
YRFCYGGV,41,29,12,8,70,20,0.5,neutral
GFCFIFVC,29,17,3,1,46,4,0.5526315789473685,neutral
RYVIIGGS,5,2,3,3,7,6,0.02702702702702703,neutral
DYNFDGCG,8,4,3,7,12,10,0.047619047619047616,neutral
VDRYYCCD,31,24,9,8,55,17,0.4470588235294118,neutral
CCCFCGDC,6,0,0,1,6,1,0.1388888888888889,neutral
FINFFIGC,27,14,2,5,41,7,0.4788732394366197,neutral
VSCSYSFV,31,21,4,9,52,13,0.47560975609756095,neutral
HSYLGCGI,14,16,5,5,30,10,0.3333333333333333,neutral
CYFLIGLV,29,14,4,3,43,7,0.4931506849315068,neutral
GFSVLVFI,29,12,3,1,41,4,0.5211267605633803,neutral
FDSVRYFV,25,13,4,6,38,10,0.4117647058823529,neutral
SRRFCDYG,13,10,10,6,23,16,0.1320754716981132,neutral
CFVGYVRH,37,21,22,24,58,46,0.13636363636363635,neutral
HYVFFCCG,36,20,3,8,56,11,0.5232558139534884,neutral
NSGNSDVV,6,2,0,2,8,2,0.15789473684210525,neutral
GLFYVHGS,57,44,32,27,101,59,0.32061068702290074,neutral
VFISGFCG,6,6,1,2,12,3,0.21428571428571427,neutral
FFSGHVVH,9,2,7,1,11,8,0.07317073170731707,neutral
SNDVGRFH,39,20,25,21,59,46,0.14606741573033707,neutral
CHDRFICF,50,37,34,35,87,69,0.15384615384615385,neutral
FCYRHGRF,51,34,20,17,85,37,0.41739130434782606,neutral
NIFCFCLS,23,5,5,5,28,10,0.3103448275862069,neutral
CFVIFRFN,12,3,2,2,15,4,0.24444444444444444,neutral
RYFVYVSC,23,15,3,1,38,4,0.5,neutral
CLYFHCFG,7,5,1,0,12,1,0.2619047619047619,neutral
SYCNRHVL,8,1,3,8,9,11,-0.05128205128205128,neutral
DLGVHYYG,38,31,30,17,69,47,0.2222222222222222,neutral
GDGVNLSC,0,1,0,4,1,4,-0.0967741935483871,neutral
VCLFIHLL,17,11,0,0,28,0,0.4827586206896552,neutral
HNGRDVVR,11,12,7,16,23,23,0,neutral
CICDCYFD,47,31,28,16,78,44,0.3148148148148148,neutral
NCLIIHCF,10,9,1,2,19,3,0.32653061224489793,neutral
CNCCYCSS,22,9,9,6,31,15,0.26229508196721313,neutral
FGVVYIFF,22,7,1,4,29,5,0.4067796610169492,neutral
IRYYVCVL,5,9,0,0,14,0,0.3181818181818182,neutral
VSSSCGYF,49,43,14,11,92,25,0.5491803278688525,neutral
VYRDLIRN,36,24,34,36,60,70,-0.1111111111111111,neutral
YVLSGNVV,29,19,19,21,48,40,0.10256410256410256,neutral
VYFGCYGC,33,17,13,12,50,25,0.3125,neutral
FFRDVFVV,2,2,2,0,4,2,0.058823529411764705,neutral
VYRCDCIH,43,30,21,25,73,46,0.2621359223300971,neutral
ILYCIVDV,9,9,2,5,18,7,0.22916666666666666,neutral
FDNVSNLD,62,49,34,46,111,80,0.2198581560283688,neutral
FFFCNCRG,16,6,2,8,22,10,0.23076923076923078,neutral
CFFHSSDC,14,11,9,10,25,19,0.10909090909090909,neutral
SFYILSIH,29,20,3,4,49,7,0.5316455696202531,neutral
CCCVYLCY,14,9,5,4,23,9,0.2641509433962264,neutral
VFIGVGVR,20,12,7,11,32,18,0.22580645161290322,neutral
CHCCSVSD,21,19,7,3,40,10,0.42857142857142855,neutral
YYCSGVIN,4,3,1,4,7,5,0.05405405405405406,neutral
GLLVNVIV,36,18,27,25,54,52,0.023809523809523808,neutral
RYFCYGVI,36,23,14,14,59,28,0.34831460674157305,neutral
CIVVNNGD,31,36,32,44,67,76,-0.09278350515463918,neutral
VFSDLGRY,38,22,4,12,60,16,0.4888888888888889,neutral
VDYDCVVR,15,12,8,7,27,15,0.21052631578947367,neutral
NRCCGVVF,26,11,9,12,37,21,0.23880597014925373,neutral
FFLLVISY,20,11,0,0,31,0,0.5081967213114754,neutral
CCSCHGGY,44,26,7,11,70,18,0.52,neutral
YFCCFNIR,25,20,4,5,45,9,0.48,neutral
NFCCVSFC,70,52,25,17,122,42,0.5263157894736842,neutral
FCVNCCYY,31,13,1,3,44,4,0.5405405405405406,neutral
VICCYCNG,63,56,33,21,119,54,0.436241610738255,neutral
YCCVVIHL,33,18,3,2,51,5,0.5679012345679012,neutral
LYNIGFNV,36,23,4,5,59,9,0.5617977528089888,neutral
CLGFHLCI,33,17,23,27,50,50,0,neutral
YRLCVGFC,37,26,18,10,63,28,0.3763440860215054,neutral
FFICRCVV,43,32,4,11,75,15,0.5714285714285714,neutral
YIRSVFRN,44,31,31,24,75,55,0.19047619047619047,neutral
FINGFRCG,24,23,16,23,47,39,0.1038961038961039,neutral
FYILGVRF,28,18,3,1,46,4,0.5526315789473685,neutral
VNLYCCDG,25,16,13,5,41,18,0.323943661971831,neutral
YHCGIGRH,26,12,13,11,38,24,0.20588235294117646,neutral
VRFFHHHL,89,75,28,41,164,69,0.4896907216494845,neutral
VHCHGCFY,26,15,2,4,41,6,0.49295774647887325,neutral
GCLCLSLV,59,45,14,19,104,33,0.5298507462686567,neutral
FIGCGILL,15,6,6,9,21,15,0.11764705882352941,neutral
IYSCCYSY,7,5,0,0,12,0,0.2857142857142857,neutral
DIFCCVSG,46,31,13,23,77,36,0.38317757009345793,neutral
YSCNSDFI,32,17,3,7,49,10,0.4936708860759494,neutral
IIFCFVIH,33,14,11,9,47,20,0.35064935064935066,neutral
ICSYVRCG,8,1,3,1,9,4,0.1282051282051282,neutral
GYDNGSIY,30,18,9,16,48,25,0.2948717948717949,neutral
VCNFHNHD,46,41,25,24,87,49,0.3247863247863248,neutral
FRFFCGIG,48,30,7,12,78,19,0.5462962962962963,neutral
SILCYCFH,27,18,2,9,45,11,0.4533333333333333,neutral
FNLRFCVR,40,27,19,9,67,28,0.4020618556701031,neutral
FFIRFGSG,27,11,1,13,38,14,0.35294117647058826,neutral
SSCFYFRS,26,8,8,10,34,18,0.25,neutral
FVCDNCCG,54,45,30,27,99,57,0.32558139534883723,neutral
YSVCVDRV,81,68,84,86,149,170,-0.11731843575418995,neutral
FVNGYSLY,30,11,6,6,41,12,0.4084507042253521,neutral
YRCHDVRR,36,28,23,30,64,53,0.11702127659574468,neutral
CSHVNVDH,51,45,62,45,96,107,-0.0873015873015873,neutral
GDCCICIG,38,20,12,16,58,28,0.3409090909090909,neutral
SIVFYCIL,38,21,5,5,59,10,0.550561797752809,neutral
SGHIIFCG,57,45,56,54,102,110,-0.06060606060606061,neutral
FSFVVGRC,6,1,3,1,7,4,0.08108108108108109,neutral
RVFDSNFH,8,2,0,2,10,2,0.2,neutral
RYHDICGG,37,19,23,21,56,44,0.13953488372093023,neutral
VLNNDNCL,46,27,35,40,73,75,-0.019417475728155338,neutral
CISRCGFD,27,21,13,10,48,23,0.32051282051282054,neutral
IGRYFFRV,46,31,11,20,77,31,0.42990654205607476,neutral
FCVFCYYC,9,6,0,1,15,1,0.3111111111111111,neutral
LCCIRNCF,39,25,9,13,64,22,0.44680851063829785,neutral
IVFCLFHN,31,12,2,3,43,5,0.5205479452054794,neutral
NSFVSNGR,26,16,23,26,42,49,-0.09722222222222222,neutral
CFNFIFLI,15,5,1,0,20,1,0.38,neutral
DCYCVVFV,18,18,2,2,36,4,0.48484848484848486,neutral
LFHCYRNG,28,12,2,3,40,5,0.5,neutral
RDCVYFCH,36,24,10,12,60,22,0.4222222222222222,neutral
CGGFFVGV,28,20,17,22,48,39,0.11538461538461539,neutral
VGRISLDD,19,13,16,20,32,36,-0.06451612903225806,neutral
CFSFRGHL,10,5,4,2,15,6,0.2,neutral
GSGFDDFV,48,29,18,32,77,50,0.2523364485981308,neutral
CDFLDVLL,36,31,23,19,67,42,0.25773195876288657,neutral
GHVYFFNV,19,10,9,4,29,13,0.2711864406779661,neutral
LCVIVLNF,28,17,6,1,45,7,0.5066666666666667,neutral
VSDVSCHY,39,27,11,8,66,19,0.4895833333333333,neutral
IHCNFFCV,22,10,7,4,32,11,0.3387096774193548,neutral
FIIFRGFH,48,31,18,19,79,37,0.3853211009174312,neutral
YCGFSDNY,27,15,4,4,42,8,0.4722222222222222,neutral
FHFYIFIC,31,24,5,2,55,7,0.5647058823529412,neutral
FCFVCRNF,28,21,3,11,49,14,0.4430379746835443,neutral
CIFCRSIN,56,40,9,21,96,30,0.5238095238095238,neutral
RCCSLCVH,43,26,9,12,69,21,0.48484848484848486,neutral
VRFDCGVG,40,36,30,20,76,50,0.24528301886792453,neutral
YYGVRGVF,19,12,2,2,31,4,0.4426229508196721,neutral
LYLRNCLV,41,29,18,16,70,34,0.36,neutral
FIYFCFIY,11,4,1,0,15,1,0.3111111111111111,neutral
CFYYCCFV,12,14,2,2,26,4,0.39285714285714285,neutral
HCIRYVCV,36,21,24,20,57,44,0.14942528735632185,neutral
LIYYCYNC,31,16,9,3,47,12,0.45454545454545453,neutral
SYGCHFRV,30,18,18,28,48,46,0.02564102564102564,neutral
FDCLCSVR,44,25,17,32,69,49,0.20202020202020202,neutral
LSNSCCDC,37,25,33,37,62,70,-0.08695652173913043,neutral
CFDFFVDV,28,16,6,11,44,17,0.36486486486486486,neutral
CIFCHCNR,20,12,1,5,32,6,0.41935483870967744,neutral
CFFLCFRF,22,15,1,0,37,1,0.5373134328358209,neutral
ICFSLGCD,51,33,14,29,84,43,0.35964912280701755,neutral
FFYCLGLC,37,28,14,22,65,36,0.30526315789473685,neutral
LHFFRVSY,22,10,8,12,32,20,0.1935483870967742,neutral
GSCFYVRV,30,18,28,22,48,50,-0.02564102564102564,neutral
CNRGSGGS,56,41,34,33,97,67,0.23622047244094488,neutral
SLVRFNGY,25,22,8,12,47,20,0.35064935064935066,neutral
LLSDFFCH,28,18,17,9,46,26,0.2631578947368421,neutral
GCYCVDYV,18,9,6,6,27,12,0.2631578947368421,neutral
RLYVYYGS,76,57,29,29,133,58,0.4601226993865031,neutral
LFGFYVVF,13,5,2,1,18,3,0.3125,neutral
SCFVDIRY,27,14,4,5,41,9,0.4507042253521127,neutral
FYHHCYGN,36,21,5,11,57,16,0.47126436781609193,neutral
FNGCDCYD,15,14,4,12,29,16,0.22033898305084745,neutral
ICVFVLSD,28,15,1,1,43,2,0.5616438356164384,neutral
DVVLCGVC,59,40,27,42,99,69,0.23255813953488372,neutral
VCSVGGGF,30,20,24,17,50,41,0.1125,neutral
FDFIYFHV,13,5,5,4,18,9,0.1875,neutral
FIFGSGVI,44,28,16,20,72,36,0.35294117647058826,neutral
FCLFGLYH,9,4,0,0,13,0,0.3023255813953488,neutral
RGLRGFDS,1,2,2,0,3,2,0.030303030303030304,neutral
LFVVCSGY,57,42,25,27,99,52,0.3643410852713178,neutral
NSSCVVDG,19,9,17,17,28,34,-0.10344827586206896,neutral
RYYCYYGG,30,16,6,8,46,14,0.42105263157894735,neutral
FLVRDRNG,23,5,11,10,28,21,0.1206896551724138,neutral
GIGCFFGF,41,28,14,21,69,35,0.3434343434343434,neutral
GNCCICLR,22,10,6,5,32,11,0.3387096774193548,neutral
RFCCVYYL,26,15,2,2,41,4,0.5211267605633803,neutral
FFFDDYVR,6,4,2,7,10,9,0.025,neutral
LYLIHYVC,13,5,9,12,18,21,-0.0625,neutral
CSYVFRVL,28,15,10,14,43,24,0.2602739726027397,neutral
FRGCIFDD,41,27,15,20,68,35,0.336734693877551,neutral
IFGCFDSN,22,14,8,8,36,16,0.30303030303030304,neutral
FRYHDRGH,27,15,3,9,42,12,0.4166666666666667,neutral
LFVFFDGC,48,33,12,9,81,21,0.5405405405405406,neutral
FSVCYVLG,21,30,18,11,51,29,0.2716049382716049,neutral
FDFLCCCV,26,17,1,6,43,7,0.4931506849315068,neutral
YFCSCDRL,35,17,17,21,52,38,0.17073170731707318,neutral
NHCISFFG,23,16,8,8,39,16,0.3333333333333333,neutral
CCCFCCFV,14,5,0,2,19,2,0.3469387755102041,neutral
RRVVFDCY,45,33,22,15,78,37,0.37962962962962965,neutral
FYCCVLCH,34,31,9,7,65,16,0.5157894736842106,neutral
FGIGGYCG,45,26,14,17,71,31,0.39603960396039606,neutral
FFVRCYDR,21,16,7,5,37,12,0.373134328358209,neutral
LSIFCYCV,15,6,6,3,21,9,0.23529411764705882,neutral
NCFCDYSF,32,22,8,18,54,26,0.3333333333333333,neutral
SDFFRGGG,51,41,31,38,92,69,0.1885245901639344,neutral
VYGDVYIF,42,26,27,20,68,47,0.21428571428571427,neutral
YCDFGNFH,24,12,5,5,36,10,0.3939393939393939,neutral
IFCCVVHD,36,24,15,11,60,26,0.37777777777777777,neutral
FYYYFVGS,33,26,13,8,59,21,0.42696629213483145,neutral
LILNGNFF,33,19,11,12,52,23,0.35365853658536583,neutral
SLVCNRFR,33,28,21,14,61,35,0.2857142857142857,neutral
DVGCLFVH,5,1,0,3,6,3,0.08333333333333333,neutral
CFCRFNLF,9,3,3,2,12,5,0.16666666666666666,neutral
FIHSVCHN,53,36,49,52,89,101,-0.10084033613445378,neutral
GDLRVCRF,29,22,30,31,51,61,-0.12345679012345678,neutral
FVCCIFLV,40,23,4,6,63,10,0.5698924731182796,neutral
VFNRIGVY,2,1,4,0,3,4,-0.030303030303030304,neutral
RYYIVRLG,14,5,1,2,19,3,0.32653061224489793,neutral
GFIVYCDV,22,11,10,8,33,18,0.23809523809523808,neutral
RYVGCFGR,4,1,1,0,5,1,0.11428571428571428,neutral
VVGICHHC,50,35,49,42,85,91,-0.05217391304347826,neutral
GYLIYNGH,50,38,23,26,88,49,0.3305084745762712,neutral
GSCCRCFC,22,16,5,4,38,9,0.4264705882352941,neutral
DCNSLRLR,54,38,29,43,92,72,0.16393442622950818,neutral
FCCFVFGL,18,14,3,0,32,3,0.46774193548387094,neutral
YRSSHSGI,45,40,46,43,85,89,-0.034782608695652174,neutral
FRRLSIGH,4,3,4,1,7,5,0.05405405405405406,neutral
CVFFSVCD,19,9,2,7,28,9,0.3275862068965517,neutral
SCFVCDCV,66,49,20,32,115,52,0.43448275862068964,neutral
YDCCCYRN,49,33,8,10,82,18,0.5714285714285714,neutral
CNLYCNRF,32,14,5,9,46,14,0.42105263157894735,neutral
VCYLGCFF,3,2,0,0,5,0,0.14285714285714285,neutral
CFCLYVSI,20,21,1,2,41,3,0.5352112676056338,neutral
FDGYVSIS,55,39,22,17,94,39,0.4435483870967742,neutral
FSCLHGDL,4,0,2,3,4,5,-0.029411764705882353,neutral
FFCGYVVG,9,11,2,6,20,8,0.24,neutral
FNHSCCCN,39,24,21,8,63,29,0.3655913978494624,neutral
VFFFICCC,4,4,0,2,8,2,0.15789473684210525,neutral
FLRFCVDR,54,56,33,39,110,72,0.2714285714285714,neutral
YILFCHFG,39,35,5,12,74,17,0.5480769230769231,neutral
FCLNDYCG,43,26,13,14,69,27,0.42424242424242425,neutral
VDYVCIHC,47,42,31,28,89,59,0.25210084033613445,neutral
FYFLYVCC,18,8,1,4,26,5,0.375,neutral
VLYIRLRH,10,7,0,1,17,1,0.3404255319148936,neutral
ISCFCYDI,30,13,4,10,43,14,0.3972602739726027,neutral
YYVFCGFF,28,22,5,7,50,12,0.475,neutral
GCCFLCFH,21,7,4,6,28,10,0.3103448275862069,neutral
DCGCNSSV,36,21,34,33,57,67,-0.11494252873563218,neutral
FFCFVILL,7,4,1,0,11,1,0.24390243902439024,neutral
FYFYYVGI,6,4,0,1,10,1,0.225,neutral
FFIVVYLI,10,7,0,0,17,0,0.3617021276595745,neutral
LVVICVCF,30,20,2,5,50,7,0.5375,neutral
CHISCNDD,13,8,16,11,21,27,-0.11764705882352941,neutral
VIVVLSNR,23,7,4,6,30,10,0.3333333333333333,neutral
FDVGVYVL,33,24,23,15,57,38,0.21839080459770116,neutral
LFSFGYSD,41,23,17,13,64,30,0.3617021276595745,neutral
HIVDYGCL,18,11,3,5,29,8,0.3559322033898305,neutral
LFINCFGF,29,22,10,10,51,20,0.38271604938271603,neutral
FNIFCIRN,36,19,5,14,55,19,0.4235294117647059,neutral
GFNFNGHS,11,10,12,6,21,18,0.058823529411764705,neutral
DNHFVYGC,65,48,33,42,113,75,0.26573426573426573,neutral
DHYCYCIV,47,30,21,11,77,32,0.4205607476635514,neutral
FFSHVVGV,34,21,20,19,55,39,0.18823529411764706,neutral
VYVFYFFG,5,2,0,2,7,2,0.13513513513513514,neutral
DSGDFSYC,82,68,34,24,150,58,0.5111111111111111,neutral
VNFFHCSI,7,3,2,4,10,6,0.1,neutral
RFILLGFL,30,13,2,1,43,3,0.547945205479452,neutral
DVIGFDHC,42,23,8,14,65,22,0.45263157894736844,neutral
FYHRLVGD,1,2,1,1,3,2,0.030303030303030304,neutral
FICLRCGH,29,21,15,10,50,25,0.3125,neutral
FFILCCVR,22,16,3,0,38,3,0.5147058823529411,neutral
CVVGYYLC,50,32,19,21,82,40,0.375,neutral
CFDNCIGR,42,27,23,27,69,50,0.1919191919191919,neutral
CFYSFCGC,15,7,0,4,22,4,0.34615384615384615,neutral
GGCVIYGH,104,89,88,98,193,186,0.03139013452914798,neutral
LDYSVVVH,41,23,24,22,64,46,0.19148936170212766,neutral
FICLFFVL,13,4,0,2,17,2,0.3191489361702128,neutral
GLLDFCYC,40,32,22,22,72,44,0.27450980392156865,neutral
CGCGSNGV,52,44,45,57,96,102,-0.047619047619047616,neutral
FGVINCCC,8,8,4,3,16,7,0.1956521739130435,neutral
FCISRYSC,43,28,13,16,71,29,0.4158415841584158,neutral
LHCHGCLD,2,6,2,4,8,6,0.05263157894736842,neutral
FVFCLVCI,35,18,3,3,53,6,0.5662650602409639,neutral
CYCSRIHY,10,9,4,2,19,6,0.2653061224489796,neutral
FCRIRSYG,18,17,14,13,35,27,0.12307692307692308,neutral
LIGLYYFV,20,9,3,1,29,4,0.423728813559322,neutral
SICGLYLC,8,7,6,6,15,12,0.06666666666666667,neutral
FVSGVHDF,39,26,12,14,65,26,0.4105263157894737,neutral
VLRDCGFG,35,29,14,22,64,36,0.2978723404255319,neutral
CCHGCLDC,22,5,4,4,27,8,0.3333333333333333,neutral
FFCRSYYF,29,20,4,4,49,8,0.5189873417721519,neutral
LCVYLFVL,15,5,3,1,20,4,0.32,neutral
VYYFVIIF,24,13,1,1,37,2,0.5223880597014925,neutral
GDSRCLSH,1,1,0,4,2,4,-0.0625,neutral
FCYFYISV,29,13,14,4,42,18,0.3333333333333333,neutral
VSCGLCYS,62,51,23,27,113,50,0.4405594405594406,neutral
DGLCGDRF,33,26,14,33,59,47,0.1348314606741573,neutral
IYCCSCGF,2,8,0,2,10,2,0.2,neutral
CDCGLNSY,41,33,13,25,74,38,0.34615384615384615,neutral
FYCGINVH,12,7,10,6,19,16,0.061224489795918366,neutral
FFFFVFLN,14,16,2,2,30,4,0.43333333333333335,neutral
VFCRDVGL,40,28,20,32,68,52,0.16326530612244897,neutral
FLFVVNCH,32,17,3,8,49,11,0.4810126582278481,neutral
YFNYSGNI,24,10,3,3,34,6,0.4375,neutral
CYIICNVH,23,8,5,4,31,9,0.36065573770491804,neutral
VYNVYGFR,33,27,10,11,60,21,0.43333333333333335,neutral
VCYSCNYC,38,22,7,10,60,17,0.4777777777777778,neutral
HFGLYCSF,43,36,11,20,79,31,0.44036697247706424,neutral
VYHHSGSD,74,59,38,53,133,91,0.25766871165644173,neutral
HYCCCSVC,49,32,10,17,81,27,0.4864864864864865,neutral
FSCCYIGD,30,13,4,10,43,14,0.3972602739726027,neutral
YCVFSCRF,43,25,8,8,68,16,0.5306122448979592,neutral
CRYVHGNF,47,28,26,27,75,53,0.20952380952380953,neutral
CCCISIHH,17,12,4,2,29,6,0.3898305084745763,neutral
VVFVYCCI,60,42,14,17,102,31,0.5378787878787878,neutral
FGRVYLSL,30,23,13,9,53,22,0.37349397590361444,neutral
FVLGDGIV,6,4,3,5,10,8,0.05,neutral
FYLCFYVH,19,11,3,2,30,5,0.4166666666666667,neutral
CYVCSSGG,45,30,16,21,75,37,0.3619047619047619,neutral
IDCDDLCN,33,17,8,17,50,25,0.3125,neutral
IYLIIDFD,44,27,16,8,71,24,0.46534653465346537,neutral
YDLCFDVD,33,18,15,10,51,25,0.32098765432098764,neutral
FCYNVLFF,14,4,0,0,18,0,0.375,neutral
HSFCCGVC,26,18,10,8,44,18,0.35135135135135137,neutral
GVVCVVYN,21,11,3,4,32,7,0.4032258064516129,neutral
NVFGLGVC,35,19,29,23,54,52,0.023809523809523808,neutral
VGFGSGCG,4,1,0,0,5,0,0.14285714285714285,neutral
CCYLVVLD,35,21,2,6,56,8,0.5581395348837209,neutral
NYHCGFVV,46,31,12,13,77,25,0.48598130841121495,neutral
VCSLNDDV,29,15,18,24,44,42,0.02702702702702703,neutral
NVIDICND,38,33,23,30,71,53,0.1782178217821782,neutral
NIYIRYGD,35,24,11,5,59,16,0.48314606741573035,neutral
GFSFSYNL,41,24,7,7,65,14,0.5368421052631579,neutral
CSFRYCSY,37,24,9,11,61,20,0.45054945054945056,neutral
LYGCGSIV,41,25,15,10,66,25,0.4270833333333333,neutral
YILCDHGD,28,22,9,15,50,24,0.325,neutral
ICSGGCVF,31,14,13,10,45,23,0.29333333333333333,neutral
CVFGIRVG,30,26,14,33,56,47,0.10465116279069768,neutral
CYLIIVCC,6,4,0,0,10,0,0.25,neutral
FLYDDGIR,52,34,22,32,86,54,0.27586206896551724,neutral
FCVIRVHF,24,21,0,2,45,2,0.5733333333333334,neutral
GRRIISHN,2,1,4,2,3,6,-0.09090909090909091,neutral
FFLDGVFF,18,7,8,4,25,12,0.23636363636363636,neutral
DYNVSCYH,43,24,14,19,67,33,0.35051546391752575,neutral
DFHFCRCC,19,6,5,4,25,9,0.2909090909090909,neutral
GFVVYGGI,18,17,3,8,35,11,0.36923076923076925,neutral
ICHNFYYI,26,13,5,10,39,15,0.34782608695652173,neutral
NIDISRYV,5,2,2,1,7,3,0.10810810810810811,neutral
NLVFGSGH,69,53,65,74,122,139,-0.1118421052631579,neutral
HLFGGDDN,42,25,34,44,67,78,-0.1134020618556701,neutral
RSGGGVCS,22,12,15,27,34,42,-0.125,neutral
HVLCVSGC,38,23,21,19,61,40,0.23076923076923078,neutral
GCGDCDFF,43,26,5,14,69,19,0.5050505050505051,neutral
CSCDHICV,8,2,0,2,10,2,0.2,neutral
FDFFYFCH,43,24,6,9,67,15,0.5360824742268041,neutral
VSLFFHRF,69,51,16,22,120,38,0.5466666666666666,neutral
VIGYRLFF,25,16,15,14,41,29,0.16901408450704225,neutral
RGGNGYFR,25,21,5,13,46,18,0.3684210526315789,neutral
LHSGVNRF,6,9,8,10,15,18,-0.06666666666666667,neutral
FDVNFIIC,49,41,15,11,90,26,0.5333333333333333,neutral
ILGGVGFR,51,55,37,33,106,70,0.2647058823529412,neutral
LVCFFCIR,27,21,3,1,48,4,0.5641025641025641,neutral
FRVCCFCN,31,18,2,3,49,5,0.5569620253164557,neutral
FNGLRLCF,73,54,36,25,127,61,0.42038216560509556,neutral
VLLGRDNI,26,11,19,26,37,45,-0.11940298507462686,neutral
CCLFRCNC,25,18,3,5,43,8,0.4794520547945205,neutral
FYVDCFIV,45,26,20,16,71,36,0.3465346534653465,neutral
NYIHLGYF,32,25,15,6,57,21,0.41379310344827586,neutral
VFCYRYRN,4,1,1,2,5,3,0.05714285714285714,neutral
CFIFFRGC,8,5,0,1,13,1,0.27906976744186046,neutral
FIGFFVLF,54,37,14,12,91,26,0.5371900826446281,neutral
SGCYFYCV,33,21,17,14,54,31,0.27380952380952384,neutral
RFIRICGF,33,15,4,7,48,11,0.47435897435897434,neutral
VFCGICYN,14,5,2,2,19,4,0.30612244897959184,neutral
VVCYVCFV,52,39,45,54,91,99,-0.06611570247933884,neutral
FYYHFCYF,41,31,8,8,72,16,0.5490196078431373,neutral
RLCCNYDD,41,22,19,20,63,39,0.25806451612903225,neutral
FGFLNCSC,35,27,26,23,62,49,0.14130434782608695,neutral
CLLYCCYS,82,63,28,24,145,52,0.5314285714285715,neutral
FFRCSFIV,70,54,21,22,124,43,0.525974025974026,neutral
RYHGDCGN,27,12,16,15,39,31,0.11594202898550725,neutral
YYLYGGFL,21,10,13,6,31,19,0.19672131147540983,neutral
ILICFCHL,30,14,1,5,44,6,0.5135135135135135,neutral
FHRFIYVD,42,23,21,22,65,43,0.23157894736842105,neutral
GYVFRHGY,10,4,2,0,14,2,0.2727272727272727,neutral
FIYCHFLH,6,1,4,3,7,7,0,neutral
CCVCLCHF,53,39,18,15,92,33,0.48360655737704916,neutral
FNYGCGLL,58,46,24,16,104,40,0.47761194029850745,neutral
FVFFGNIS,113,101,59,52,214,111,0.42213114754098363,neutral
RVFDCVDY,21,11,7,2,32,9,0.3709677419354839,neutral
FVYCSGVD,14,5,7,7,19,14,0.10204081632653061,neutral
INFGHYVR,6,3,1,2,9,3,0.15384615384615385,neutral
DVFFLHLH,8,4,2,2,12,4,0.19047619047619047,neutral
FISLYILG,16,10,3,0,26,3,0.4107142857142857,neutral
FCDHVDCR,40,25,27,13,65,40,0.2631578947368421,neutral
IVVCFIGD,9,11,0,2,20,2,0.36,neutral
YDLFLSGL,15,14,7,8,29,15,0.23728813559322035,neutral
LCGLFFIV,16,6,4,1,22,5,0.3269230769230769,neutral
LFDHYIDH,12,13,5,7,25,12,0.23636363636363636,neutral
CCRFINDD,28,20,15,15,48,30,0.23076923076923078,neutral
CSFGSSGD,19,16,14,22,35,36,-0.015384615384615385,neutral
YSVVDCVV,30,22,20,18,52,38,0.17073170731707318,neutral
IHIFYGYY,27,13,4,4,40,8,0.45714285714285713,neutral
HYGCSNGG,33,25,27,30,58,57,0.011363636363636364,neutral
RYVFLHHH,60,41,22,28,101,50,0.3893129770992366,neutral
LIIYCLNC,27,24,4,5,51,9,0.5185185185185185,neutral
CNHCCGLV,28,32,10,3,60,13,0.5222222222222223,neutral
CYFGHRHD,59,47,18,28,106,46,0.4411764705882353,neutral
LLFSGIGC,48,33,16,18,81,34,0.42342342342342343,neutral
GCCDFFIC,31,21,24,21,52,45,0.08536585365853659,neutral
CYICRSCR,20,15,4,3,35,7,0.4307692307692308,neutral
VYGYVRGF,23,8,7,6,31,13,0.29508196721311475,neutral
IHDYGDSY,20,16,4,5,36,9,0.4090909090909091,neutral
ILYCGVRV,40,28,22,22,68,44,0.24489795918367346,neutral
NIDFDVCS,65,47,28,29,112,57,0.3873239436619718,neutral
CGDFCHGG,18,14,15,23,32,38,-0.0967741935483871,neutral
HYGFGIVG,10,1,1,2,11,3,0.1951219512195122,neutral
FCCCCLGI,42,33,14,8,75,22,0.5047619047619047,neutral
YVYFHCDC,12,7,5,8,19,13,0.12244897959183673,neutral
VIHRFFNH,39,31,19,14,70,33,0.37,neutral
CYGCRVCH,21,15,10,2,36,12,0.36363636363636365,neutral
NYYCIYGD,44,31,11,11,75,22,0.5047619047619047,neutral
HVLIYHFY,21,26,5,9,47,14,0.42857142857142855,neutral
LSCYCGYH,18,13,3,2,31,5,0.4262295081967213,neutral
CFSNVYGS,55,37,30,25,92,55,0.30327868852459017,neutral
GRRIIIYG,11,7,7,2,18,9,0.1875,neutral
CSDGIYVN,23,9,15,19,32,34,-0.03225806451612903,neutral
YLVDFYDV,24,21,5,5,45,10,0.4666666666666667,neutral
FSYRYFFC,20,16,4,9,36,13,0.3484848484848485,neutral
FFVFLDFL,27,13,2,4,40,6,0.4857142857142857,neutral
VYFYRHIG,19,16,6,5,35,11,0.36923076923076925,neutral
IICSYVGC,1,3,2,1,4,3,0.029411764705882353,neutral
HYIFYCDC,28,14,3,3,42,6,0.5,neutral
RYLHGSVH,41,27,19,24,68,43,0.25510204081632654,neutral
FFLYFFCF,24,8,1,1,32,2,0.4838709677419355,neutral
HVFHSICD,42,27,14,15,69,29,0.40404040404040403,neutral
NVVSCGGY,41,24,21,25,65,46,0.2,neutral
IFVNGGFV,57,38,26,27,95,53,0.336,neutral
FVCLCIFY,14,8,1,0,22,1,0.40384615384615385,neutral
FCCFYLSD,57,40,10,16,97,26,0.5590551181102362,neutral
LFCLYYVF,3,6,0,0,9,0,0.23076923076923078,neutral
GNNFSYGC,30,18,21,20,48,41,0.08974358974358974,neutral
FYLRVIGF,24,13,1,0,37,1,0.5373134328358209,neutral
YCFSCIIY,17,6,0,0,23,0,0.4339622641509434,neutral
CCFCSVVS,47,28,17,13,75,30,0.42857142857142855,neutral
VLFSDYSY,42,29,16,14,71,30,0.40594059405940597,neutral
HYVDGCYC,17,9,2,2,26,4,0.39285714285714285,neutral
GNIHRYGH,32,17,24,17,49,41,0.10126582278481013,neutral
FVFFSISD,30,11,8,2,41,10,0.43661971830985913,neutral
LNVGSGFC,3,3,3,3,6,6,0,neutral
CNGLGIVC,51,33,37,48,84,85,-0.008771929824561403,neutral
FYLCLFLH,25,8,3,1,33,4,0.4603174603174603,neutral
FYRYVRRV,25,14,16,19,39,35,0.057971014492753624,neutral
IYDFYCVD,15,5,7,2,20,9,0.22,neutral
CHCFDNFG,30,23,22,19,53,41,0.14457831325301204,neutral
NIFFCIFR,10,5,1,3,15,4,0.24444444444444444,neutral
SYRNSNCV,19,17,15,21,36,36,0,neutral
SFVFVFDD,28,18,20,15,46,35,0.14473684210526316,neutral
CYNFCCCS,9,4,1,3,13,4,0.20930232558139536,neutral
FIYVIGDF,4,2,1,0,6,1,0.1388888888888889,neutral
IGFLDNGF,66,48,21,27,114,48,0.4583333333333333,neutral
CCIFYFLV,25,18,1,1,43,2,0.5616438356164384,neutral
CHVRLSVY,62,50,16,16,112,32,0.5633802816901409,neutral
FCYFFSCV,54,46,21,12,100,33,0.5153846153846153,neutral
FRLFVFNC,4,1,0,0,5,0,0.14285714285714285,neutral
VHNFNYLF,2,2,0,1,4,1,0.08823529411764706,neutral
LIYSGVID,41,23,11,13,64,24,0.425531914893617,neutral
FFYRYYCH,41,39,17,22,80,39,0.37272727272727274,neutral
GCVVSDLD,29,21,24,18,50,42,0.1,neutral
VNLICNGL,37,25,27,31,62,58,0.043478260869565216,neutral
CCVGVCSF,31,14,10,8,45,18,0.36,neutral
FDNCCCFG,56,46,34,16,102,50,0.3939393939393939,neutral
VRSGNRDR,42,31,38,36,73,74,-0.009708737864077669,neutral
FYLCRRIL,34,17,6,3,51,9,0.5185185185185185,neutral
VVINSLIL,19,9,14,21,28,35,-0.1206896551724138,neutral
FYIFYHCR,24,16,3,6,40,9,0.44285714285714284,neutral
CDYSFCHR,45,26,17,9,71,26,0.44554455445544555,neutral
FLFSSVVR,44,28,12,14,72,26,0.45098039215686275,neutral
LRIIICYI,25,15,2,2,40,4,0.5142857142857142,neutral
FFFCCCYF,17,16,0,1,33,1,0.5079365079365079,neutral
CDGFNGII,42,26,20,15,68,35,0.336734693877551,neutral
LCCGLRHC,37,19,8,11,56,19,0.43023255813953487,neutral
CISGICRC,1,2,3,3,3,6,-0.09090909090909091,neutral
SYYCDVND,27,17,9,14,44,23,0.28378378378378377,neutral
CGLGGLCI,3,1,0,2,4,2,0.058823529411764705,neutral
GDDDVLCC,80,62,49,68,142,117,0.14534883720930233,neutral
CFDNCGYC,27,23,10,12,50,22,0.35,neutral
VCIYVNFC,9,3,0,1,12,1,0.2619047619047619,neutral
RVRYSFDC,33,22,18,11,55,29,0.3058823529411765,neutral
CRFGNCCY,32,13,2,2,45,4,0.5466666666666666,neutral
FCVIYRLF,10,14,0,0,24,0,0.4444444444444444,neutral
FDYFVYDG,3,8,1,2,11,3,0.1951219512195122,neutral
SCLGYGGS,8,2,8,4,10,12,-0.05,neutral
GCLRNDVG,51,42,42,46,93,88,0.04065040650406504,neutral
YYRDNSGH,33,21,27,26,54,53,0.011904761904761904,neutral
NVYDSCND,49,37,26,29,86,55,0.2672413793103448,neutral
IHSSYCFV,64,46,17,24,110,41,0.4928571428571429,neutral
CFHGVFFD,80,69,72,87,149,159,-0.055865921787709494,neutral
FYSVDGRG,38,22,33,35,60,68,-0.08888888888888889,neutral
FLFYHLRG,42,32,14,11,74,25,0.47115384615384615,neutral
VHNYVSVR,21,11,6,6,32,12,0.3225806451612903,neutral
RVDHYGHF,54,37,13,24,91,37,0.4462809917355372,neutral
YHDVGLFN,50,37,9,19,87,28,0.5042735042735043,neutral
FNNVGFCR,25,13,3,5,38,8,0.4411764705882353,neutral
CFLLYDIC,32,21,12,15,53,27,0.3132530120481928,neutral
GNHIVYVL,12,8,8,8,20,16,0.08,neutral
CFIYVCSF,12,9,4,2,21,6,0.29411764705882354,neutral
VNFRGICD,26,25,16,15,51,31,0.24691358024691357,neutral
LCVCHSFN,9,6,7,6,15,13,0.044444444444444446,neutral
FFSDCFVD,29,19,10,12,48,22,0.3333333333333333,neutral
CCISGLGR,55,39,42,48,94,90,0.03225806451612903,neutral
FNGHLLRL,19,11,11,13,30,24,0.1,neutral
HHCGDCGG,29,21,25,24,50,49,0.0125,neutral
VVFYCFCI,28,17,3,2,45,5,0.5333333333333333,neutral
CCDGDLSL,100,91,74,85,191,159,0.14479638009049775,neutral
SVGILVSV,85,67,70,79,152,149,0.016483516483516484,neutral
CFCLNGFI,27,15,5,10,42,15,0.375,neutral
LFGHRVYD,16,12,4,6,28,10,0.3103448275862069,neutral
FYFSCFLF,25,8,0,1,33,1,0.5079365079365079,neutral
IYRYFHYN,15,3,2,4,18,6,0.25,neutral
IFHYIGCD,28,26,11,20,54,31,0.27380952380952384,neutral
FCCCVNLF,23,9,6,3,32,9,0.3709677419354839,neutral
SYFFYVCG,48,31,15,12,79,27,0.47706422018348627,neutral
ICFICIHG,20,12,1,4,32,5,0.43548387096774194,neutral
LNHLFYNS,39,23,10,14,62,24,0.41304347826086957,neutral
FGLDGRGF,41,28,22,26,69,48,0.21212121212121213,neutral
NHNLFFRL,65,77,26,28,142,54,0.5116279069767442,neutral
CVIFSFIV,30,13,2,2,43,4,0.5342465753424658,neutral
FGRDFSIC,43,26,18,21,69,39,0.30303030303030304,neutral
CNLDLFCD,43,25,10,17,68,27,0.41836734693877553,neutral
CCHVFLNY,6,7,3,2,13,5,0.18604651162790697,neutral
LNDFLGFC,27,15,8,13,42,21,0.2916666666666667,neutral
FLFCFCIL,20,9,0,2,29,2,0.4576271186440678,neutral
NRDDHSGF,44,25,31,32,69,63,0.06060606060606061,neutral
CFFIRDYN,11,2,2,1,13,3,0.23255813953488372,neutral
CDVLCDVV,64,56,39,42,120,81,0.26,neutral
ICSICIYC,29,16,2,2,45,4,0.5466666666666666,neutral
SGHNGGFH,37,34,27,35,71,62,0.0891089108910891,neutral
VHGNLGRN,10,2,8,9,12,17,-0.11904761904761904,neutral
YCGYRCGL,47,35,17,16,82,33,0.4375,neutral
HIYGVGGI,40,28,18,14,68,32,0.3673469387755102,neutral
LDGFVCCL,44,39,46,38,83,84,-0.008849557522123894,neutral
CFINCFCR,3,1,2,0,4,2,0.058823529411764705,neutral
FCCFFCLF,25,22,3,3,47,6,0.5324675324675324,neutral
FYIISFCF,13,4,1,1,17,2,0.3191489361702128,neutral
FHLYCVFH,40,33,6,9,73,15,0.5631067961165048,neutral
VSHVRRDG,37,18,20,27,55,47,0.09411764705882353,neutral
FVFYGIFH,19,13,3,4,32,7,0.4032258064516129,neutral
LFFVCFRG,32,21,2,6,53,8,0.54216867469879515,neutral
IFFRSFIG,20,12,8,6,32,14,0.2903225806451613,neutral
GYVGFDYL,22,27,11,14,49,25,0.3037974683544304,neutral
FCVRVYIG,16,7,1,2,23,3,0.37735849056603776,neutral
FCLSSIGF,57,38,29,34,95,63,0.256,neutral
CRSFYIFC,34,20,1,7,54,8,0.5476190476190477,neutral
VGCGCVSG,14,4,8,8,18,16,0.041666666666666664,neutral
FLFYGDLL,37,19,18,17,56,35,0.2441860465116279,neutral
YGLLCVIF,28,12,2,1,40,3,0.5285714285714286,neutral
DFSFNGCY,42,26,10,8,68,18,0.5102040816326531,neutral
HLFNCFLY,32,14,16,15,46,31,0.19736842105263158,neutral
LILDGFRN,17,15,6,5,32,11,0.3387096774193548,neutral
FGICSSSI,35,16,12,16,51,28,0.2839506172839506,neutral
YYVVRCFF,13,8,0,0,21,0,0.4117647058823529,neutral
CHCDGGHR,2,1,2,5,3,7,-0.12121212121212122,neutral
RVCRVDCV,17,13,10,18,30,28,0.03333333333333333,neutral
RHLCFRCR,54,40,12,22,94,34,0.4838709677419355,neutral
FYVGCDNY,41,24,11,9,65,20,0.47368421052631576,neutral
CLHCINGF,16,10,5,2,26,7,0.3392857142857143,neutral
CCGVCDVC,15,6,2,4,21,6,0.29411764705882354,neutral
IVYFVFYI,17,7,2,0,24,2,0.4074074074074074,neutral
DILHFLRD,19,14,4,4,33,8,0.3968253968253968,neutral
GVGVCNGR,7,5,6,5,12,11,0.023809523809523808,neutral
ICSYIGCI,20,24,14,16,44,30,0.1891891891891892,neutral
VILRLCIL,25,17,3,1,42,4,0.5277777777777778,neutral
LFNVGILY,32,18,8,7,50,15,0.4375,neutral
FCVIYLLV,17,6,0,0,23,0,0.4339622641509434,neutral
YLYNCNSL,32,23,10,8,55,18,0.43529411764705883,neutral
CGLCVYRF,34,19,8,2,53,10,0.5180722891566265,neutral
SVLVGCCG,30,14,25,22,44,47,-0.04054054054054054,neutral
VCYSIFCC,33,23,6,5,56,11,0.5232558139534884,neutral
GYSFVVFN,27,18,9,3,45,12,0.44,neutral
VHRFNVHH,70,53,50,55,123,105,0.11764705882352941,neutral
CGCIRCDY,50,31,9,15,81,24,0.5135135135135135,neutral
FNYCGYFF,12,5,1,0,17,1,0.3404255319148936,neutral
RYCCISGC,46,33,18,7,79,25,0.4954128440366973,neutral
SDDIFDCN,49,36,24,30,85,54,0.26956521739130435,neutral
CCCHCVGR,15,9,1,1,24,2,0.4074074074074074,neutral
FLYCIVCY,30,16,7,1,46,8,0.5,neutral
LNLFHLYD,7,3,5,5,10,10,0,neutral
YIFFLFSS,29,20,3,6,49,9,0.5063291139240507,neutral
GCLVGNYF,21,12,5,3,33,8,0.3968253968253968,neutral
FLDFLFFF,21,12,0,0,33,0,0.5238095238095238,neutral
CHNCVLDS,22,12,11,9,34,20,0.21875,neutral
VYVVGIRS,1,1,0,3,2,3,-0.03125,neutral
FNFCDNLC,24,18,5,5,42,10,0.4444444444444444,neutral
IYLFVIYS,11,5,2,2,16,4,0.2608695652173913,neutral
CRSIVIHN,2,1,1,1,3,2,0.030303030303030304,neutral
ILDCVIYI,20,19,13,10,39,23,0.2318840579710145,neutral
FHCISCRL,33,27,9,16,60,25,0.3888888888888889,neutral
CVCVFRCC,28,20,5,4,48,9,0.5,neutral
LHVCFLGD,55,41,20,23,96,43,0.42063492063492064,neutral
CHHCLCCH,31,17,2,7,48,9,0.5,neutral
CGDFFIDV,17,8,2,5,25,7,0.32727272727272727,neutral
YCSFVCID,46,37,30,31,83,61,0.19469026548672566,neutral
VYDLISGI,4,1,0,1,5,1,0.11428571428571428,neutral
FRCNNGFF,29,20,5,8,49,13,0.45569620253164556,neutral
SCYLFFSL,34,25,5,5,59,10,0.550561797752809,neutral
LIIFGFGI,15,12,1,2,27,3,0.42105263157894735,neutral
GICGFIGG,30,17,14,17,47,31,0.2077922077922078,neutral
FFDCVVFV,61,53,16,15,114,31,0.5763888888888888,neutral
GILFVGFF,17,16,3,1,33,4,0.4603174603174603,neutral
FFIIFFCF,11,10,1,1,21,2,0.37254901960784315,neutral
FFYCSRGR,26,22,21,18,48,39,0.11538461538461539,neutral
FNCCYHCI,25,17,3,6,42,9,0.4583333333333333,neutral
YIYCCSCG,24,11,4,7,35,11,0.36923076923076925,neutral
GIGDFVGG,4,2,4,2,6,6,0,neutral
CFFVDVCD,29,19,17,19,48,36,0.15384615384615385,neutral
VCLVDGCN,17,8,9,6,25,15,0.18181818181818182,neutral
VCNSFRFG,31,28,21,22,59,43,0.1797752808988764,neutral
VCHRHCGD,23,8,18,11,31,29,0.03278688524590164,neutral
CLGCFGHF,30,14,9,4,44,13,0.4189189189189189,neutral
CRCSGCNH,36,31,9,10,67,19,0.4948453608247423,neutral
SCLDIRGI,1,0,2,3,1,5,-0.12903225806451613,neutral
FFCLLFYN,39,26,13,23,65,36,0.30526315789473685,neutral
FFLFSSFF,20,12,2,3,32,5,0.43548387096774194,neutral
FFYRFDRS,40,25,12,8,65,20,0.47368421052631576,neutral
SIDYFHDN,16,7,8,16,23,24,-0.018867924528301886,neutral
GCRSGLCC,41,33,32,47,74,79,-0.04807692307692308,neutral
CYDGNSCF,29,14,2,8,43,10,0.4520547945205479,neutral
RYDYGYCD,5,1,0,1,6,1,0.1388888888888889,neutral
RDHRSVDG,21,9,12,15,30,27,0.05,neutral
RCHSCNHN,29,15,16,18,44,34,0.13513513513513514,neutral
RCDCCCRL,31,18,7,6,49,13,0.45569620253164556,neutral
FCILSCCL,61,42,14,19,103,33,0.5263157894736842,neutral
VCVCFSVS,35,24,10,10,59,20,0.43820224719101125,neutral
YYYFVRGH,36,20,9,15,56,24,0.37209302325581395,neutral
YFICHIYD,38,20,23,23,58,46,0.13636363636363635,neutral
GDHFNFNV,70,51,36,39,121,75,0.304635761589404,neutral
FVCFLRVI,30,12,1,1,42,2,0.5555555555555556,neutral
HCISVFRC,30,12,23,16,42,39,0.041666666666666664,neutral
VCVYYVFH,16,12,5,1,28,6,0.3793103448275862,neutral
CYVHRIYD,39,25,6,13,64,19,0.4787234042553192,neutral
CGLRGCIN,41,28,40,34,69,74,-0.050505050505050504,neutral
FLGRHCVD,20,18,17,12,38,29,0.1323529411764706,neutral
INVFCVLH,20,15,6,8,35,14,0.3230769230769231,neutral
CFCYDVFY,36,19,8,11,55,19,0.4235294117647059,neutral
FCVDVCLN,47,30,19,10,77,29,0.4485981308411215,neutral
GLFRICGC,25,12,14,22,37,36,0.014925373134328358,neutral
IICFDIFD,22,27,7,18,49,25,0.3037974683544304,neutral
HLVFFDGI,34,25,4,10,59,14,0.5056179775280899,neutral
GFYVCFGN,10,1,1,4,11,5,0.14634146341463414,neutral
YLCDNVYI,17,14,4,12,31,16,0.2459016393442623,neutral
YDGCVSFV,56,38,24,37,94,61,0.2661290322580645,neutral
IIVFSFLV,25,18,3,2,43,5,0.5205479452054794,neutral
CHCNDVDV,38,19,24,15,57,39,0.20689655172413793,neutral
DRDHSCYY,27,8,6,5,35,11,0.36923076923076925,neutral
HCVGCCDC,22,8,8,10,30,18,0.2,neutral
DYYCVCDV,51,56,20,17,107,37,0.5109489051094891,neutral
CGVCSRLG,19,9,14,13,28,27,0.017241379310344827,neutral
VSVIISIC,20,14,2,4,34,6,0.4375,neutral
HIVCRGYV,33,25,5,14,58,19,0.4431818181818182,neutral
LVCFSSCV,29,18,11,6,47,17,0.38961038961038963,neutral
SVRFYRIC,12,9,0,5,21,5,0.3137254901960784,neutral
CCVFCSFI,11,9,0,0,20,0,0.4,neutral
NYSLFRVG,44,25,20,25,69,45,0.24242424242424243,neutral
FFCLVNYF,23,14,2,3,37,5,0.47761194029850745,neutral
DVFFFGCG,23,17,13,14,40,27,0.18571428571428572,neutral
CYFYYCCV,27,12,2,5,39,7,0.463768115942029,neutral
IYLVGHDL,0,3,2,1,3,3,0,neutral
GNLFIINH,22,16,8,10,38,18,0.29411764705882354,neutral
LNLVVSHF,31,18,14,13,49,27,0.27848101265822783,neutral
FCYCGCLR,38,25,6,4,63,10,0.5698924731182796,neutral
FDLVCDFS,62,44,22,26,106,48,0.4264705882352941,neutral
GCVCDHGI,23,16,8,11,39,19,0.2898550724637681,neutral
NYDIIFGC,33,14,13,13,47,26,0.2727272727272727,neutral
CCFFVIVC,28,11,5,2,39,7,0.463768115942029,neutral
CLVFCVGF,29,15,0,2,44,2,0.5675675675675675,neutral
VLCHCIHC,29,10,7,6,39,13,0.37681159420289856,neutral
NCHSDHLV,22,23,26,20,45,46,-0.013333333333333334,neutral
FCNFCDHG,25,14,4,1,39,5,0.4927536231884058,neutral
CCGGGRCC,2,0,1,4,2,5,-0.09375,neutral
NVCHGCVC,78,60,34,27,138,61,0.4583333333333333,neutral
FCVLYDFY,35,26,8,18,61,26,0.38461538461538464,neutral
LGIYICDH,8,3,4,5,11,9,0.04878048780487805,neutral
CCCDCDDG,76,57,66,68,133,134,-0.006134969325153374,neutral
FVCVDVSF,45,26,18,25,71,43,0.27722772277227725,neutral
CGFDGFGC,13,8,1,1,21,2,0.37254901960784315,neutral
FCFCVYHH,14,12,1,1,26,2,0.42857142857142855,neutral
CCYCVNVR,34,18,6,6,52,12,0.4878048780487805,neutral
LHCCISCR,36,28,9,9,64,18,0.48936170212765956,neutral
HYVNSCCD,7,3,3,6,10,9,0.025,neutral
FNCDCDGC,62,47,47,40,109,87,0.15827338129496402,neutral
FCDRDVYR,46,28,22,34,74,56,0.17307692307692307,neutral
VCSYVGLC,57,45,31,26,102,57,0.3409090909090909,neutral
SCCYFDVV,33,17,9,7,50,16,0.425,neutral
GFSFCILF,32,15,2,2,47,4,0.5584415584415584,neutral
DGGHDSFN,33,21,12,20,54,32,0.2619047619047619,neutral
FDHCFGLV,11,10,13,7,21,20,0.0196078431372549,neutral
CNICCGRH,21,21,10,11,42,21,0.2916666666666667,neutral
CDFYVDLR,17,5,2,3,22,5,0.3269230769230769,neutral
LYVCGSCY,10,3,3,4,13,7,0.13953488372093023,neutral
HFCVSFGS,46,28,10,18,74,28,0.4423076923076923,neutral
FVFFVNLF,25,12,0,0,37,0,0.5522388059701493,neutral
GCGNCLLC,2,3,1,1,5,2,0.08571428571428572,neutral
YFCFDFDF,54,40,19,23,94,42,0.41935483870967744,neutral
ICFFICFL,26,22,6,5,48,11,0.47435897435897434,neutral
FYCVCGSF,55,37,14,19,92,33,0.48360655737704916,neutral
YVFVFHRF,15,5,0,0,20,0,0.4,neutral
YYIGRRFV,9,2,1,1,11,2,0.21951219512195122,neutral
GHCYSLCD,22,18,6,11,40,17,0.32857142857142857,neutral
VFDCFFHV,21,11,12,18,32,30,0.03225806451612903,neutral
CRRIISHD,1,0,3,1,1,4,-0.0967741935483871,neutral
LFFGIFVI,25,7,0,0,32,0,0.5161290322580645,neutral
CYYISFHV,40,25,3,8,65,11,0.5684210526315789,neutral
FSCFNYFV,34,20,13,9,54,22,0.38095238095238093,neutral
LFGGYSFD,30,25,7,8,55,15,0.47058823529411764,neutral
CYHCVSFL,47,34,2,15,81,17,0.5765765765765766,neutral
CSLRYRFN,48,37,22,29,85,51,0.2956521739130435,neutral
NNCGGCLV,95,78,84,76,173,160,0.06403940886699508,neutral
LDCCFCVR,27,19,5,5,46,10,0.47368421052631576,neutral
FSYCRIRF,24,21,3,2,45,5,0.5333333333333333,neutral
RILIYIRL,14,10,0,0,24,0,0.4444444444444444,neutral
GDCSLGGY,50,38,22,31,88,53,0.2966101694915254,neutral
DFDYSSIY,18,13,5,0,31,5,0.4262295081967213,neutral
SFIYSSYF,16,10,9,9,26,18,0.14285714285714285,neutral
CCFVFGYG,68,51,30,33,119,63,0.37583892617449666,neutral
VVYFRYYH,18,13,0,2,31,2,0.47540983606557374,neutral
CCHFRFLL,7,3,0,2,10,2,0.2,neutral
YFGGLYIV,40,31,20,30,71,50,0.2079207920792079,neutral
FHCVHDIG,28,20,25,19,48,44,0.05128205128205128,neutral
CCLCDFDH,42,26,14,21,68,35,0.336734693877551,neutral
CHCNYDFC,52,35,11,23,87,34,0.452991452991453,neutral
VCSNFCCV,32,23,8,11,55,19,0.4235294117647059,neutral
GGCFFLIH,15,9,2,8,24,10,0.25925925925925924,neutral
FGCCIIHS,42,30,31,37,72,68,0.0392156862745098,neutral
CDVHSGFV,19,16,11,15,35,26,0.13846153846153847,neutral
GLCNFICD,12,7,4,2,19,6,0.2653061224489796,neutral
LYDVYYIV,21,14,7,5,35,12,0.35384615384615387,neutral
DVGDHIFD,80,62,36,48,142,84,0.3372093023255814,neutral
CFRYGFLH,2,3,4,2,5,6,-0.02857142857142857,neutral
LCISHFNF,21,12,3,8,33,11,0.3492063492063492,neutral
IFDCFLLN,12,6,5,1,18,6,0.25,neutral
FIICGCCG,19,12,5,6,31,11,0.32786885245901637,neutral
FFCCNICG,14,4,2,3,18,5,0.2708333333333333,neutral
GHDLLYGD,18,9,13,12,27,25,0.03508771929824561,neutral
VNDFVSFH,44,25,15,5,69,20,0.494949494949495,neutral
CHHFGIYL,61,44,43,51,105,94,0.08148148148148149,neutral
IYSFFDLG,23,13,11,9,36,20,0.24242424242424243,neutral
RNFVGLYH,55,42,54,58,97,112,-0.11811023622047244,neutral
HFCFHCFN,12,9,3,5,21,8,0.2549019607843137,neutral
YCRCCLFR,11,1,1,2,12,3,0.21428571428571427,neutral
CFFIYFFS,19,14,1,2,33,3,0.47619047619047616,neutral
CFGCCYGH,38,20,5,7,58,12,0.5227272727272727,neutral
CYRCCCVH,27,11,2,5,38,7,0.45588235294117646,neutral
LLYDCFGG,5,3,3,1,8,4,0.10526315789473684,neutral
DFVYSVFF,53,36,16,18,89,34,0.46218487394957986,neutral
FFLFCFHC,12,4,1,0,16,1,0.32608695652173914,neutral
FCVFHCRH,32,14,12,14,46,26,0.2631578947368421,neutral
CVGFSYLV,23,8,6,13,31,19,0.19672131147540983,neutral
YCIFCVCN,27,14,1,5,41,6,0.49295774647887325,neutral
IVCFGDCI,26,24,17,10,50,27,0.2875,neutral
DYGYCNCG,84,74,32,33,158,65,0.4946808510638298,neutral
FDCFSDVF,29,13,5,12,42,17,0.3472222222222222,neutral
FCFGSRRL,34,31,42,34,65,76,-0.11578947368421053,neutral
LGLCCSDC,21,15,15,8,36,23,0.19696969696969696,neutral
GCISCLRD,37,20,18,10,57,28,0.3333333333333333,neutral
RFCRRGCL,5,2,2,2,7,4,0.08108108108108109,neutral
FICIRRFH,20,8,1,2,28,3,0.43103448275862066,neutral
VYDHFDDC,29,17,7,13,46,20,0.34210526315789475,neutral
FNCCDNYR,39,23,17,13,62,30,0.34782608695652173,neutral
GGLCGFVF,31,24,17,18,55,35,0.23529411764705882,neutral
SIHHGNYV,9,7,8,9,16,17,-0.021739130434782608,neutral
FIVYHRCC,39,24,4,6,63,10,0.5698924731182796,neutral
NCFYHGCG,49,35,31,22,84,53,0.2719298245614035,neutral
FCFCGFGI,46,29,10,6,75,16,0.5619047619047619,neutral
FYCSRVHI,28,15,10,15,43,25,0.2465753424657534,neutral
VGSRHYCV,0,1,4,1,1,5,-0.12903225806451613,neutral
GYFYFHFC,1,2,1,1,3,2,0.030303030303030304,neutral
FCLRDCVG,35,19,12,20,54,32,0.2619047619047619,neutral
CVRVRGVR,28,15,12,25,43,37,0.0821917808219178,neutral
VRFGLCCD,61,49,38,50,110,88,0.15714285714285714,neutral
CCGIDGIL,51,36,28,21,87,49,0.3247863247863248,neutral
VYSRSLHY,26,20,6,11,46,17,0.3815789473684211,neutral
DLLICLLI,38,20,8,4,58,12,0.5227272727272727,neutral
YNNGYVCV,38,20,14,21,58,35,0.26136363636363635,neutral
VCIIYFDV,22,21,3,2,43,5,0.5205479452054794,neutral
YGFDSGDD,11,9,12,13,20,25,-0.1,neutral
YRYGILGR,18,6,4,11,24,15,0.16666666666666666,neutral
FFVFGDFV,19,14,7,8,33,15,0.2857142857142857,neutral
CCHHVFFD,2,10,2,2,12,4,0.19047619047619047,neutral
GLYGRNNI,15,19,17,10,34,27,0.109375,neutral
LICVGYFC,20,17,3,1,37,4,0.4925373134328358,neutral
VLFFCCFF,2,7,0,1,9,1,0.20512820512820512,neutral
RSRNCCNY,43,29,38,35,72,73,-0.00980392156862745,neutral
FFLHFICG,21,17,1,0,38,1,0.5441176470588235,neutral
YFCCFIYF,3,4,2,0,7,2,0.13513513513513514,neutral
CIDFVNDS,27,16,7,13,43,20,0.3150684931506849,neutral
ICCIFSCD,24,21,12,11,45,23,0.29333333333333333,neutral
FNYVCFVY,40,21,5,5,61,10,0.5604395604395604,neutral
FCFCDVCF,32,13,7,2,45,9,0.48,neutral
CSCCCCII,20,15,4,6,35,10,0.38461538461538464,neutral
DCSRRCGC,30,17,14,15,47,29,0.23376623376623376,neutral
CFRYRGGR,30,22,22,23,52,45,0.08536585365853659,neutral
RDFRYGIY,33,14,9,13,47,22,0.3246753246753247,neutral
LGLRRYGY,52,34,12,22,86,34,0.4482758620689655,neutral
LFFFCGYY,48,37,8,12,85,20,0.5652173913043478,neutral
GVCGCLRC,38,28,13,22,66,35,0.3229166666666667,neutral
VFLDCNSY,18,13,5,5,31,10,0.3442622950819672,neutral
CFNIRRVG,37,19,26,26,56,52,0.046511627906976744,neutral
VFDVDGDD,6,3,0,1,9,1,0.20512820512820512,neutral
LFLYIVSV,6,3,3,1,9,4,0.1282051282051282,neutral
YCFVYFCC,30,16,5,2,46,7,0.5131578947368421,neutral
FVCFDFGF,29,18,8,10,47,18,0.37662337662337664,neutral
GNYSFVRL,27,17,12,13,44,25,0.25675675675675674,neutral
LHGVCSSV,3,1,1,6,4,7,-0.08823529411764706,neutral
DIRVRCDF,87,69,49,50,156,99,0.3064516129032258,neutral
RSDCCDHC,35,16,25,17,51,42,0.1111111111111111,neutral
SCDYYDVH,45,37,17,26,82,43,0.3482142857142857,neutral
NVFFCYNV,32,26,11,18,58,29,0.32954545454545453,neutral
FYCILRFF,18,5,0,0,23,0,0.4339622641509434,neutral
FRDRNVSG,2,0,3,1,2,4,-0.0625,neutral
FIDFSHYV,33,15,4,5,48,9,0.5,neutral
VYGFNCVI,40,22,7,17,62,24,0.41304347826086957,neutral
FNLSDGFR,36,33,20,20,69,40,0.29292929292929293,neutral
CCSFLRSF,29,19,21,23,48,44,0.05128205128205128,neutral
FVFRGGLR,30,24,9,12,54,21,0.39285714285714285,neutral
CNCCFFGF,19,15,0,5,34,5,0.453125,neutral
LYCFFVCR,26,20,2,2,46,4,0.5526315789473685,neutral
GIDDFIDC,36,21,14,8,57,22,0.40229885057471265,neutral
GIVCYFIH,9,8,0,1,17,1,0.3404255319148936,neutral
RYGIFNVR,29,21,15,15,50,30,0.25,neutral
GCGGCCGD,63,53,20,31,116,51,0.4452054794520548,neutral
VSFDLCIS,21,17,14,13,38,27,0.16176470588235295,neutral
VLVCCLGD,51,35,26,14,86,40,0.39655172413793105,neutral
FLIRSCGI,22,7,7,14,29,21,0.13559322033898305,neutral
NVCVFVNY,35,19,2,9,54,11,0.5119047619047619,neutral
VFFRGDYV,38,23,8,7,61,15,0.5054945054945055,neutral
ICIYIFDC,28,20,5,2,48,7,0.5256410256410257,neutral
LVIVCDNI,72,57,23,32,129,55,0.46540880503144655,neutral
CCCGHGGF,34,17,5,9,51,14,0.4567901234567901,neutral
YCVYRLHS,35,23,19,18,58,37,0.23863636363636365,neutral
IFCYFVIC,12,2,0,1,14,1,0.29545454545454547,neutral
VIIFHGIH,57,41,11,18,98,29,0.5390625,neutral
CCINHLCI,15,6,2,7,21,9,0.23529411764705882,neutral
HYVGNYVS,18,9,10,11,27,21,0.10526315789473684,neutral
FVCLDIFR,56,39,11,17,95,28,0.536,neutral
CIVLGNYF,22,10,11,8,32,19,0.20967741935483872,neutral
VFGFVICN,32,18,13,14,50,27,0.2875,neutral
CFVYVHNI,26,15,13,11,41,24,0.23943661971830985,neutral
VFFRGRYG,47,30,7,16,77,23,0.5046728971962616,neutral
LIRFNLGL,61,46,37,40,107,77,0.21897810218978103,neutral
SDCVFIRF,31,17,3,4,48,7,0.5256410256410257,neutral
CDHNFDYL,55,40,5,23,95,28,0.536,neutral
LCCFCIVH,52,37,12,17,89,29,0.5042016806722689,neutral
VRGGFGSS,29,25,14,15,54,29,0.2976190476190476,neutral
FCSYCGCD,84,65,28,44,149,72,0.4301675977653631,neutral
FYCRGFFV,22,18,8,5,40,13,0.38571428571428573,neutral
NDFFCCIF,21,13,4,8,34,12,0.34375,neutral
IDVYCHSF,20,11,3,11,31,14,0.2786885245901639,neutral
FGFFIGHL,45,32,16,17,77,33,0.411214953271028,neutral
LYGFFIVR,13,11,2,0,24,2,0.4074074074074074,neutral
CVCGVHSI,2,5,3,2,7,5,0.05405405405405406,neutral
IYFFVVDI,45,26,10,10,71,20,0.504950495049505,neutral
RIFYHNLC,8,1,1,1,9,2,0.1794871794871795,neutral
ILCCCHFR,35,24,8,12,59,20,0.43820224719101125,neutral
NFCLCNHY,36,24,12,14,60,26,0.37777777777777777,neutral
FYYGFGNR,15,7,2,2,22,4,0.34615384615384615,neutral
GLFSVCCC,47,39,18,21,86,39,0.4051724137931034,neutral
FCISFFVV,33,17,2,2,50,4,0.575,neutral
FCSFGCND,11,7,5,4,18,9,0.1875,neutral
FSHHFDDR,51,39,24,33,90,57,0.275,neutral
YIFCVFRF,26,22,2,1,48,3,0.5769230769230769,neutral
VYHDCYDL,36,19,17,22,55,39,0.18823529411764706,neutral
HCFFFHFV,22,7,2,0,29,2,0.4576271186440678,neutral
RGICGCGF,33,22,15,14,55,29,0.3058823529411765,neutral
GYVVCCIV,30,17,2,1,47,3,0.5714285714285714,neutral
ISGDRIYC,32,22,9,24,54,33,0.25,neutral
LCVGCGVY,23,13,3,4,36,7,0.4393939393939394,neutral
YFGCILGV,27,9,8,12,36,20,0.24242424242424243,neutral
VVHFFCCV,30,12,9,7,42,16,0.3611111111111111,neutral
CFVGDCCC,6,4,1,3,10,4,0.15,neutral
DSCFNCIN,16,10,6,11,26,17,0.16071428571428573,neutral
GHGIFDFC,1,2,1,1,3,2,0.030303030303030304,neutral
CFHFHIVF,24,6,1,0,30,1,0.48333333333333334,neutral
YFYYDYIC,17,5,3,1,22,4,0.34615384615384615,neutral
CGCSCDLF,34,16,6,13,50,19,0.3875,neutral
YRVISCRL,64,45,32,28,109,60,0.35251798561151076,neutral
CNHFSSCI,14,9,8,5,23,13,0.18867924528301888,neutral
GIYGVRIG,24,15,14,18,39,32,0.10144927536231885,neutral
FDYLCFDL,31,15,11,7,46,18,0.3684210526315789,neutral
LCYCGVRL,31,27,19,16,58,35,0.26136363636363635,neutral
VFHDFIGS,43,28,27,20,71,47,0.2376237623762376,neutral
VCRRHYCV,0,1,1,4,1,5,-0.12903225806451613,neutral
HRYLFCVR,4,10,5,0,14,5,0.20454545454545456,neutral
IGFYCCCY,21,20,2,1,41,3,0.5352112676056338,neutral
FICFVRIG,25,12,2,0,37,2,0.5223880597014925,neutral
FGVCCGCI,30,20,5,7,50,12,0.475,neutral
YFNGYIRN,19,16,14,8,35,22,0.2,neutral
SFVFLLLI,7,4,0,0,11,0,0.2682926829268293,neutral
FVCLIFRY,17,8,1,0,25,1,0.43636363636363634,neutral
FYCNGGVI,22,12,11,7,34,18,0.25,neutral
DCLLSCVC,23,12,6,11,35,17,0.27692307692307694,neutral
YNVVRNGV,36,17,30,22,53,52,0.012048192771084338,neutral
FIVGCVYL,23,17,2,5,40,7,0.4714285714285714,neutral
CDYVLRHH,18,6,6,12,24,18,0.1111111111111111,neutral
YSGGVYLD,30,27,5,15,57,20,0.42528735632183906,neutral
LVDLCVRC,27,14,9,13,41,22,0.2676056338028169,neutral
IFFGGVCC,25,18,12,13,43,25,0.2465753424657534,neutral
YIYCSSLF,33,16,12,9,49,21,0.35443037974683544,neutral
VDGCFFFG,15,4,3,6,19,9,0.20408163265306123,neutral
FYFCCYRI,23,12,3,1,35,4,0.47692307692307695,neutral
GVFLCIVL,23,14,0,0,37,0,0.5522388059701493,neutral
CYYCDIIH,12,9,4,4,21,8,0.2549019607843137,neutral
NVVGVFGL,35,19,18,26,54,44,0.11904761904761904,neutral
FVCFCLGF,6,4,0,0,10,0,0.25,neutral
YNVRDFVV,28,25,9,3,53,12,0.4939759036144578,neutral
IFFCYILL,29,20,2,3,49,5,0.5569620253164557,neutral
SVVFVFVG,29,20,4,6,49,10,0.4936708860759494,neutral
CSCGVSGS,0,1,4,0,1,4,-0.0967741935483871,neutral
CVFYNLGG,35,29,12,15,64,27,0.39361702127659576,neutral
CFFNCYSG,17,13,4,5,30,9,0.35,neutral
CSDIVYVG,19,8,6,10,27,16,0.19298245614035087,neutral
FYDFRYFI,36,30,17,19,66,36,0.3125,neutral
CCGDHHID,1,0,2,2,1,4,-0.0967741935483871,neutral
HRICVRCS,54,38,24,27,92,51,0.3360655737704918,neutral
VYRGSFLG,56,40,24,23,96,47,0.3888888888888889,neutral
GDDGDCYI,32,22,8,9,54,17,0.44047619047619047,neutral
VYFFFVYC,20,15,1,1,35,2,0.5076923076923077,neutral
VVIVSCNL,84,69,28,26,153,54,0.5409836065573771,neutral
INLGCCFV,37,26,21,26,63,47,0.17204301075268819,neutral
VYCFVLVF,34,15,3,1,49,4,0.569620253164557,neutral
FCCVSYGC,12,11,6,8,23,14,0.16981132075471697,neutral
CRCCVCCG,41,48,10,13,89,23,0.5546218487394958,neutral
VFFCSYCC,37,31,8,7,68,15,0.5408163265306123,neutral
CVYDGICF,37,19,18,16,56,34,0.2558139534883721,neutral
IYVGIRRY,42,26,10,13,68,23,0.45918367346938777,neutral
YDLNVFIC,18,19,11,6,37,17,0.29850746268656714,neutral
GYHDYCRR,33,23,6,8,56,14,0.4883720930232558,neutral
GFFIIFII,9,4,3,1,13,4,0.20930232558139536,neutral
CRHNCNVF,101,82,51,63,183,114,0.323943661971831,neutral
FGCCHFSI,48,31,29,14,79,43,0.3302752293577982,neutral
FGLVVDYL,90,71,40,56,161,96,0.3403141361256545,neutral
NVYCSCFR,11,9,7,7,20,14,0.12,neutral
SYIVIFYV,20,7,0,1,27,1,0.45614035087719296,neutral
ICNFGVIV,60,45,45,45,105,90,0.1111111111111111,neutral
YIGHRFDL,19,14,8,11,33,19,0.2222222222222222,neutral
GFVFHVLC,48,31,10,8,79,18,0.5596330275229358,neutral
CVLSCLLL,1,2,1,1,3,2,0.030303030303030304,neutral
IFLVCIVH,19,12,2,1,31,3,0.45901639344262296,neutral
SLFYRFCR,33,29,13,12,62,25,0.40217391304347827,neutral
VIYFFIFH,26,16,0,3,42,3,0.5416666666666666,neutral
IHCNILGI,26,22,18,25,48,43,0.0641025641025641,neutral
SGGGYIFL,13,3,5,2,16,7,0.1956521739130435,neutral
VRGLNFIY,26,16,8,10,42,18,0.3333333333333333,neutral
CRRLNFCC,29,19,17,23,48,40,0.10256410256410256,neutral
YSLCFISF,28,17,1,5,45,6,0.52,neutral
DRCGSFIF,41,34,14,14,75,28,0.44761904761904764,neutral
FCIYVCYV,13,9,1,0,22,1,0.40384615384615385,neutral
LSLFRGCF,38,27,12,12,65,24,0.43157894736842106,neutral
VCCNGGYG,28,23,12,14,51,26,0.30864197530864196,neutral
DIVLGGCG,41,25,23,17,66,40,0.2708333333333333,neutral
FCFGCSCG,25,25,6,7,50,13,0.4625,neutral
YCIIFDCC,24,15,3,8,39,11,0.4057971014492754,neutral
FRDYSLGC,95,85,63,67,180,130,0.23809523809523808,neutral
HCFYVFLG,17,15,4,0,32,4,0.45161290322580644,neutral
RVGCHSFH,31,13,15,20,44,35,0.12162162162162163,neutral
LNFCRCGG,30,15,15,13,45,28,0.22666666666666666,neutral
FHYDIHHV,14,8,2,3,22,5,0.3269230769230769,neutral
VCVVYYFV,19,10,1,2,29,3,0.4406779661016949,neutral
CFCVILIC,15,6,1,3,21,4,0.3333333333333333,neutral
FFYFICLN,28,16,2,2,44,4,0.5405405405405406,neutral
YCDDLLDD,39,26,7,7,65,14,0.5368421052631579,neutral
FDNHLGRH,41,30,23,28,71,51,0.19801980198019803,neutral
CFVVICVV,27,15,1,1,42,2,0.5555555555555556,neutral
DHYNYVFC,26,12,10,17,38,27,0.16176470588235295,neutral
SSFLVVVL,29,17,2,4,46,6,0.5263157894736842,neutral
HFVSCDCF,60,49,28,22,109,50,0.4244604316546763,neutral
FNVRNLSY,10,8,4,3,18,7,0.22916666666666666,neutral
FNDCFCGI,37,42,30,30,79,60,0.1743119266055046,neutral
SSYRYVGR,34,22,11,13,56,24,0.37209302325581395,neutral
GISVSIDI,40,35,25,28,75,53,0.20952380952380953,neutral
CLIVVIRC,4,1,0,0,5,0,0.14285714285714285,neutral
FLGFRCFV,37,19,1,10,56,11,0.5232558139534884,neutral
CFDIRYRC,34,27,8,9,61,17,0.4835164835164835,neutral
FRGSCGHF,31,15,21,26,46,47,-0.013157894736842105,neutral
FIDFFFFF,13,15,1,0,28,1,0.46551724137931033,neutral
NSCGIFGL,19,10,8,8,29,16,0.22033898305084745,neutral
CYVIYSFY,13,8,0,3,21,3,0.35294117647058826,neutral
SYYYFSNY,3,14,0,0,17,0,0.3617021276595745,neutral
RLIFGNIV,30,11,8,16,41,24,0.23943661971830985,neutral
FYFNIIFC,8,6,1,0,14,1,0.29545454545454547,neutral
FYVIYYRG,22,15,2,3,37,5,0.47761194029850745,neutral
FCFNSCFG,12,11,3,8,23,11,0.22641509433962265,neutral
HINRCIYC,25,22,22,18,47,40,0.09090909090909091,neutral
GLFVCSGC,100,85,51,67,185,118,0.3116279069767442,neutral
CIRVDFCC,55,39,16,18,94,34,0.4838709677419355,neutral
FFISNICD,21,18,10,10,39,20,0.2753623188405797,neutral
FNHCDLVF,35,18,11,11,53,22,0.37349397590361444,neutral
CCCDLYGS,47,31,27,20,78,47,0.28703703703703703,neutral
FFCLIYVY,15,11,1,0,26,1,0.44642857142857145,neutral
CNYCLGGV,37,27,11,8,64,19,0.4787234042553192,neutral
FFSGYNGN,40,24,11,9,64,20,0.46808510638297873,neutral
FFLGISVG,27,12,2,2,39,4,0.5072463768115942,neutral
YYFFYGFH,82,67,30,44,149,74,0.41899441340782123,neutral
FSFLVFDR,4,3,3,1,7,4,0.08108108108108109,neutral
FFNFFYFF,5,3,0,0,8,0,0.21052631578947367,neutral
GCGVLSIF,10,3,3,6,13,9,0.09302325581395349,neutral
FCRGYCGC,4,0,0,1,4,1,0.08823529411764706,neutral
RHFIYIFR,37,23,4,7,60,11,0.5444444444444444,neutral
LHLHIRVV,4,6,1,1,10,2,0.2,neutral
CNCCISVY,67,48,20,14,115,34,0.5586206896551724,neutral
YYIRCFNV,41,31,8,14,72,22,0.49019607843137253,neutral
SHVLICCS,55,57,23,20,112,43,0.4859154929577465,neutral
HFFSCCSY,42,25,9,20,67,29,0.3917525773195876,neutral
RFVFCDYN,34,26,21,17,60,38,0.24444444444444444,neutral
FCGGHILR,6,2,4,5,8,9,-0.02631578947368421,neutral
IVSYDCNH,20,9,9,10,29,19,0.1694915254237288,neutral
CFSVNSGD,3,3,1,4,6,5,0.027777777777777776,neutral
FFLFSDVC,23,24,15,19,47,34,0.16883116883116883,neutral
YFFNDFYG,29,16,19,13,45,32,0.17333333333333334,neutral
LCVNDVGI,29,14,14,13,43,27,0.2191780821917808,neutral
FFFLHGYY,56,44,11,16,100,27,0.5615384615384615,neutral
NIINIGCG,19,6,10,19,25,29,-0.07272727272727272,neutral
FYRHVDCI,28,16,6,6,44,12,0.43243243243243246,neutral
FCGNHVLG,24,16,9,10,40,19,0.3,neutral
CHVLFVGI,44,33,30,42,77,72,0.04672897196261682,neutral
LDYSIFVD,43,32,36,31,75,67,0.0761904761904762,neutral
IFHGCVSY,3,3,0,1,6,1,0.1388888888888889,neutral
LIIYCHIF,28,23,5,4,51,9,0.5185185185185185,neutral
SYCIFFGS,42,24,6,11,66,17,0.5104166666666666,neutral
FNLIFFVR,31,17,3,7,48,10,0.48717948717948717,neutral
HFVIGNHI,1,1,0,3,2,3,-0.03125,neutral
LYDRCGSL,15,7,5,8,22,13,0.17307692307692307,neutral
CVVDSFCV,23,23,15,14,46,29,0.2236842105263158,neutral
ILYVIVIC,22,15,3,2,37,5,0.47761194029850745,neutral
CCHDLGIR,33,19,15,30,52,45,0.08536585365853659,neutral
CFCDCDRL,23,9,5,5,32,10,0.3548387096774194,neutral
RCYFVNFI,30,22,3,5,52,8,0.5365853658536586,neutral
FYCIFYGF,27,15,1,3,42,4,0.5277777777777778,neutral
FFYFVYYN,49,38,16,16,87,32,0.4700854700854701,neutral
VCVVYVHL,20,13,1,2,33,3,0.47619047619047616,neutral
FSICYCLR,51,41,13,25,92,38,0.4426229508196721,neutral
YHFGVDRG,17,7,9,8,24,17,0.12962962962962962,neutral
FCNGCDVC,22,30,17,21,52,38,0.17073170731707318,neutral
LYDVVVSN,43,33,15,15,76,30,0.4339622641509434,neutral
NCIDFGCC,13,3,3,2,16,5,0.2391304347826087,neutral
DCFCNFRS,21,21,15,21,42,36,0.08333333333333333,neutral
CFILGFGG,84,67,47,47,151,94,0.3149171270718232,neutral
VSVLCGVF,18,8,8,7,26,15,0.19642857142857142,neutral
HDGIFGHS,44,35,27,33,79,60,0.1743119266055046,neutral
FSCSSLHV,29,27,13,25,56,38,0.20930232558139536,neutral
SSSCYRYI,3,2,0,0,5,0,0.14285714285714285,neutral
RRSVISLF,26,15,20,17,41,37,0.056338028169014086,neutral
ISFFSSGC,38,26,14,17,64,31,0.35106382978723405,neutral
GVYVHLGG,120,112,61,54,232,115,0.44656488549618323,neutral
VHHYCICF,36,23,6,2,59,8,0.5730337078651685,neutral
YYGDGRCN,1,1,3,2,2,5,-0.09375,neutral
FLVRHRFC,46,30,9,20,76,29,0.44339622641509435,neutral
YYCLGVIH,28,19,12,9,47,21,0.33766233766233766,neutral
CDGCCLYG,53,42,14,25,95,39,0.448,neutral
FRYYCYLS,28,22,13,16,50,29,0.2625,neutral
VLIVFLLV,7,3,0,1,10,1,0.225,neutral
DSNCYHGC,23,7,20,14,30,34,-0.06666666666666667,neutral
IIDVSVCC,10,3,2,0,13,2,0.2558139534883721,neutral
LYYRNCCF,61,46,33,36,107,69,0.2773722627737226,neutral
HVHLVGFI,39,21,19,27,60,46,0.15555555555555556,neutral
FCFVGFCN,53,36,28,21,89,49,0.33613445378151263,neutral
VCFYCFFL,32,17,6,3,49,9,0.5063291139240507,neutral
YDDYFHGF,49,31,12,15,80,27,0.4818181818181818,neutral
FFFGLVGV,46,28,12,9,74,21,0.5096153846153846,neutral
GNIHFVCH,4,6,7,5,10,12,-0.05,neutral
FFLHSLRC,16,7,1,2,23,3,0.37735849056603776,neutral
VRYCIFSH,54,39,17,28,93,45,0.3902439024390244,neutral
YRFCDNCF,52,36,15,12,88,27,0.5169491525423728,neutral
FIVYFYFY,32,15,3,3,47,6,0.5324675324675324,neutral
CCICGGFV,24,20,5,4,44,9,0.47297297297297297,neutral
CIIFVFRV,3,4,0,2,7,2,0.13513513513513514,neutral
VSHCGCYH,31,14,17,16,45,33,0.16,neutral
FCVCFGFI,32,28,11,15,60,26,0.37777777777777777,neutral
IFCLGYFF,18,14,0,2,32,2,0.4838709677419355,neutral
GCVLCFFL,21,8,1,0,29,1,0.4745762711864407,neutral
VIHFDYGV,26,17,10,8,43,18,0.3424657534246575,neutral
LYRDRVFV,40,23,17,23,63,40,0.24731182795698925,neutral
GLYHGFIV,23,16,16,11,39,27,0.17391304347826086,neutral
FRLFFLRF,13,8,0,0,21,0,0.4117647058823529,neutral
FCFVYNHV,16,3,3,4,19,7,0.24489795918367346,neutral
YSCDFVFR,11,8,5,7,19,12,0.14285714285714285,neutral
FFYCFCRF,5,4,0,0,9,0,0.23076923076923078,neutral
FFGFGFCH,8,6,7,8,14,15,-0.022727272727272728,neutral
FFVFGCGL,31,22,10,7,53,17,0.43373493975903615,neutral
YDSYCIRH,39,24,12,11,63,23,0.43010752688172044,neutral
CCFDHFVL,44,25,15,22,69,37,0.32323232323232326,neutral
FHFLDVHF,65,46,18,21,111,39,0.5106382978723404,neutral
LFSFDYRH,12,7,1,4,19,5,0.2857142857142857,neutral
CGDVRSYG,13,3,9,5,16,14,0.043478260869565216,neutral
DYCCVVYH,33,29,17,16,62,33,0.31521739130434784,neutral
FCHVCLIS,51,34,13,17,85,30,0.4782608695652174,neutral
GFSRFDGV,20,9,11,6,29,17,0.2033898305084746,neutral
FCNSCRLR,35,16,10,16,51,26,0.30864197530864196,neutral
DIYNLISG,27,13,9,13,40,22,0.2571428571428571,neutral
FSIVCVFV,17,10,0,2,27,2,0.43859649122807015,neutral
RLVLCVLD,39,26,2,15,65,17,0.5052631578947369,neutral
FDDLNCHI,47,29,8,8,76,16,0.5660377358490566,neutral
SDLCCLGV,11,6,6,10,17,16,0.02127659574468085,neutral
IGNLCVIH,33,24,28,29,57,57,0,neutral
RLGVCVFC,27,25,4,5,52,9,0.524390243902439,neutral
FFGVRDVL,40,28,14,18,68,32,0.3673469387755102,neutral
FSFYCCDN,22,14,6,12,36,18,0.2727272727272727,neutral
LFCIGCYR,18,14,2,1,32,3,0.46774193548387094,neutral
IFCNLGRV,3,9,3,4,12,7,0.11904761904761904,neutral
SFGNCSCG,55,39,35,31,94,66,0.22580645161290322,neutral
GYHYCVFS,10,8,5,5,18,10,0.16666666666666666,neutral
IGVGFCYV,61,42,18,25,103,43,0.45112781954887216,neutral
IFLDNCSG,37,26,26,27,63,53,0.10752688172043011,neutral
VHGCFVCC,36,24,13,18,60,31,0.32222222222222224,neutral
LFRFLFDD,39,29,24,17,68,41,0.2755102040816326,neutral
CCGYCCCH,30,14,2,3,44,5,0.527027027027027,neutral
CFFFVHVF,31,22,4,4,53,8,0.54216867469879515,neutral
DCFCVFRC,29,21,7,10,50,17,0.4125,neutral
HFCCYYGG,38,27,15,25,65,40,0.2631578947368421,neutral
VLVCFYCR,24,8,0,2,32,2,0.4838709677419355,neutral
DYRCLGCV,12,5,6,4,17,10,0.14893617021276595,neutral
HRFRFLCL,70,52,46,54,122,100,0.14473684210526316,neutral
CCFRLRCV,75,56,15,24,131,39,0.5714285714285714,neutral
CGLFYVVV,19,7,1,4,26,5,0.375,neutral
NCRFCIGG,52,36,30,32,88,62,0.22033898305084745,neutral
VHFVIVCG,14,10,1,1,24,2,0.4074074074074074,neutral
NYVGCICF,55,44,23,26,99,49,0.3875968992248062,neutral
IVDSCLFC,1,2,2,2,3,4,-0.030303030303030304,neutral
FSSSFRYY,53,34,11,14,87,25,0.5299145299145299,neutral
FDGFNCCG,38,29,18,19,67,37,0.30927835051546393,neutral
GRSFHYFF,2,2,0,1,4,1,0.08823529411764706,neutral
GGFSFSFF,9,3,3,9,12,12,0,neutral
DVFRVCGY,17,7,2,5,24,7,0.3148148148148148,neutral
CVFSCYCH,28,24,3,6,52,9,0.524390243902439,neutral
VLCGCNLC,23,10,6,4,33,10,0.36507936507936506,neutral
LILNCSVY,38,27,24,16,65,40,0.2631578947368421,neutral
VVVGRGFY,29,20,7,9,49,16,0.4177215189873418,neutral
FHYICLVI,16,14,4,1,30,5,0.4166666666666667,neutral
HDCRCCDY,22,14,7,6,36,13,0.3484848484848485,neutral
FCLVSVRH,42,26,9,14,68,23,0.45918367346938777,neutral
IILVSYYY,23,16,3,0,39,3,0.5217391304347826,neutral
IYDCFFCV,54,39,18,15,93,33,0.4878048780487805,neutral
ICYCLNGG,35,20,3,16,55,19,0.4235294117647059,neutral
CNNFFVLR,54,43,14,25,97,39,0.4566929133858268,neutral
GHVVGINY,19,13,14,12,32,26,0.0967741935483871,neutral
FYDYGFDD,36,21,7,2,57,9,0.5517241379310345,neutral
CIYYFYGF,19,12,1,2,31,3,0.45901639344262296,neutral
FCHIVCHV,75,57,24,17,132,41,0.5617283950617284,neutral
FLCLGVNV,33,16,25,24,49,49,0,neutral
CDSVCCVV,46,31,23,26,77,49,0.2616822429906542,neutral
ISCGVIFR,22,18,4,9,40,13,0.38571428571428573,neutral
SCYFDFYH,51,34,13,11,85,24,0.5304347826086957,neutral
YSYSVFVV,25,20,14,17,45,31,0.18666666666666668,neutral
FFCSLRCH,13,8,6,9,21,15,0.11764705882352941,neutral
FFFCDNIH,30,17,19,13,47,32,0.19480519480519481,neutral
NCVVGFYL,1,4,0,1,5,1,0.11428571428571428,neutral
ICLSFLLV,28,22,3,3,50,6,0.55,neutral
GLFVCYSG,17,5,3,6,22,9,0.25,neutral
GGYCSRFG,16,8,11,11,24,22,0.037037037037037035,neutral
GHCFIYDV,19,8,3,7,27,10,0.2982456140350877,neutral
GYVDVGYF,4,10,2,5,14,7,0.1590909090909091,neutral
YFIFVSGC,24,13,20,21,37,41,-0.05970149253731343,neutral
LLFFDNCC,17,10,10,12,27,22,0.08771929824561403,neutral
IICCRHYY,4,4,1,1,8,2,0.15789473684210525,neutral
CVGYFNLH,25,13,13,16,38,29,0.1323529411764706,neutral
FFFFRCLR,4,1,0,0,5,0,0.14285714285714285,neutral
CSCFCCYD,3,2,1,1,5,2,0.08571428571428572,neutral
LFLFRYVS,20,18,8,9,38,17,0.3088235294117647,neutral
CNVFNFHI,12,8,3,3,20,6,0.28,neutral
VDHSRDHD,7,8,0,3,15,3,0.26666666666666666,neutral
SCHGVCFH,32,29,14,15,61,29,0.3516483516483517,neutral
CYVFDFVS,0,4,1,0,4,1,0.08823529411764706,neutral
FSGCRVCC,5,4,2,2,9,4,0.1282051282051282,neutral
VCFCYHCF,32,29,9,4,61,13,0.5274725274725275,neutral
IYIICYDY,33,15,3,2,48,5,0.5512820512820513,neutral
FSFCVRFI,35,25,37,28,60,65,-0.05555555555555555,neutral
DFICYVVN,35,21,21,27,56,48,0.09302325581395349,neutral
CCSVHSIV,25,9,11,8,34,19,0.234375,neutral
YFCSCGGS,31,38,17,22,69,39,0.30303030303030304,neutral
GDIRYGCF,31,15,5,8,46,13,0.4342105263157895,neutral
FHVDVFLH,49,41,11,20,90,31,0.49166666666666664,neutral
LNSHVGFR,74,62,35,34,136,69,0.4036144578313253,neutral
FDIVVLCI,31,22,6,3,53,9,0.5301204819277109,neutral
DHSLYCDV,30,29,10,8,59,18,0.4606741573033708,neutral
LFFGNGVV,21,15,8,5,36,13,0.3484848484848485,neutral
FFDFLCFG,13,11,1,1,24,2,0.4074074074074074,neutral
FCVNRCLV,28,13,10,14,41,24,0.23943661971830985,neutral
CCVCCLFG,25,13,5,2,38,7,0.45588235294117646,neutral
YCYCYVRH,27,13,8,9,40,17,0.32857142857142857,neutral
CLVVRRLL,87,68,37,38,155,75,0.43243243243243246,neutral
VNLYCCVL,35,26,19,9,61,28,0.3626373626373626,neutral
FYGVYLFH,44,25,5,7,69,12,0.5757575757575758,neutral
FHNLYCGV,37,21,10,6,58,16,0.4772727272727273,neutral
GFCCRFNF,46,28,14,10,74,24,0.4807692307692308,neutral
FLYCCICY,12,6,2,3,18,5,0.2708333333333333,neutral
CFVDFFYG,34,27,10,14,61,24,0.4065934065934066,neutral
DCNCGGLG,29,16,19,11,45,30,0.2,neutral
IFYCCGRG,55,38,17,12,93,29,0.5203252032520326,neutral
LDRFFFGF,33,33,12,9,66,21,0.46875,neutral
CDFIYCRI,24,14,7,8,38,15,0.3382352941176471,neutral
FCFCVFCH,27,17,8,1,44,9,0.47297297297297297,neutral
YYVCGFFV,11,6,1,5,17,6,0.23404255319148937,neutral
IFVGDYIV,44,34,12,20,78,32,0.42592592592592593,neutral
VYCDRFVD,22,15,2,7,37,9,0.417910447761194,neutral
LFYYSYHH,22,5,11,11,27,22,0.08771929824561403,neutral
VSSGYFYI,5,3,0,1,8,1,0.18421052631578946,neutral
CYLHDCND,67,56,22,24,123,46,0.5032679738562091,neutral
ILRVIGCY,26,14,2,6,40,8,0.45714285714285713,neutral
VSLVVRGF,30,33,26,16,63,42,0.22580645161290322,neutral
VLYRCHSV,36,25,17,19,61,36,0.27472527472527475,neutral
LYYCDFHG,32,20,12,17,52,29,0.2804878048780488,neutral
NRSVFVGY,45,30,22,19,75,41,0.3238095238095238,neutral
FINLRHGI,22,20,18,5,42,23,0.2638888888888889,neutral
CSCVRCDV,19,8,12,6,27,18,0.15789473684210525,neutral
CCRFVCCN,13,8,0,5,21,5,0.3137254901960784,neutral
LVYVHSDV,25,12,16,5,37,21,0.23880597014925373,neutral
YSCYFFVN,7,3,6,6,10,12,-0.05,neutral
FGVFFYGN,19,11,8,8,30,16,0.23333333333333334,neutral
FGLNCFRH,26,11,8,9,37,17,0.29850746268656714,neutral
CYCDCVCC,31,25,11,9,56,20,0.4186046511627907,neutral
ICICCYRG,47,43,10,14,90,24,0.55,neutral
FNRGHFYR,30,25,7,10,55,17,0.4470588235294118,neutral
FFVILSRI,21,13,1,1,34,2,0.5,neutral
YHIYCDRC,20,6,5,3,26,8,0.32142857142857145,neutral
CRLRHVSC,29,23,28,25,52,53,-0.012195121951219513,neutral
FCVGGYCD,26,18,8,5,44,13,0.4189189189189189,neutral
FYVSLIGS,26,10,20,14,36,34,0.030303030303030304,neutral
VCCVNCCR,19,16,2,2,35,4,0.47692307692307695,neutral
LGDCSCDC,12,5,6,10,17,16,0.02127659574468085,neutral
DLHDICRV,37,27,30,39,64,69,-0.05319148936170213,neutral
HICRYYDL,20,8,3,3,28,6,0.3793103448275862,neutral
FCSSDFLG,17,7,2,1,24,3,0.3888888888888889,neutral
CLVSFSCC,12,12,4,4,24,8,0.2962962962962963,neutral
HCICRYYS,33,27,16,17,60,33,0.3,neutral
CCYVLFNC,46,31,8,13,77,21,0.5233644859813084,neutral
CYFILCCG,11,8,1,0,19,1,0.3673469387755102,neutral
CGLFDLFL,17,9,3,13,26,16,0.17857142857142858,neutral
CDFHCVVV,72,55,30,39,127,69,0.36942675159235666,neutral
GHFCFGHI,5,7,6,3,12,9,0.07142857142857142,neutral
FNGCSHVR,30,40,30,21,70,51,0.19,neutral
YCCFVCNY,37,24,6,8,61,14,0.5164835164835165,neutral
NYYVCRDV,38,26,9,6,64,15,0.5212765957446809,neutral
FYNSFCYF,25,19,7,7,44,14,0.40540540540540543,neutral
GSDIFFHG,12,8,3,2,20,5,0.3,neutral
VISCYLSL,9,8,2,3,17,5,0.2553191489361702,neutral
FHLVVRDC,46,34,15,12,80,27,0.4818181818181818,neutral
LCSSNDLC,57,44,36,38,101,74,0.20610687022900764,neutral
NLYYGDIV,26,24,8,10,50,18,0.4,neutral
IVHVCHSR,6,1,0,6,7,6,0.02702702702702703,neutral
IFLCCYLI,15,4,0,1,19,1,0.3673469387755102,neutral
IGVSNNYY,39,26,7,9,65,16,0.5157894736842106,neutral
LDNLYDRC,38,24,31,31,62,62,0,neutral
CYGIRGHV,26,13,11,21,39,32,0.10144927536231885,neutral
NCIHVCLG,26,14,5,6,40,11,0.4142857142857143,neutral
CFCFHFCG,14,9,2,2,23,4,0.3584905660377358,neutral
CCFSFCLF,2,5,1,0,7,1,0.16216216216216217,neutral
GVCFCGGS,21,16,12,7,37,19,0.26865671641791045,neutral
IFYFVGSF,25,9,3,2,34,5,0.453125,neutral
FNNYSRVH,31,23,16,25,54,41,0.15476190476190477,neutral
CNHLCFVC,16,7,1,3,23,4,0.3584905660377358,neutral
IYIVCVHS,27,21,2,6,48,8,0.5128205128205128,neutral
IVCFGVSV,2,7,4,4,9,8,0.02564102564102564,neutral
RGNCHDYI,12,11,3,6,23,9,0.2641509433962264,neutral
FFCDYRVC,34,22,11,17,56,28,0.32558139534883723,neutral
ICVFDGGS,59,46,57,61,105,118,-0.0962962962962963,neutral
FFGVLDLH,32,15,24,20,47,44,0.03896103896103896,neutral
IYDIFFDC,45,32,9,13,77,22,0.514018691588785,neutral
VYRFRGDL,58,44,40,39,102,79,0.17424242424242425,neutral
DNLNYYVC,23,16,4,2,39,6,0.4782608695652174,neutral
CLIFYDHL,86,69,28,34,155,62,0.5027027027027027,neutral
FYLLCVIF,6,4,0,1,10,1,0.225,neutral
ICLFVLHL,39,30,4,9,69,13,0.5656565656565656,neutral
FFFNNSGI,4,1,1,3,5,4,0.02857142857142857,neutral
CLFFGYGI,18,13,8,2,31,10,0.3442622950819672,neutral
RFCVRCVF,18,13,0,1,31,1,0.4918032786885246,neutral
VLVVDFFG,5,5,1,1,10,2,0.2,neutral
ICLHCVGR,20,13,3,5,33,8,0.3968253968253968,neutral
CFLVSCGS,36,29,19,25,65,44,0.22105263157894736,neutral
HGDHSCGI,2,0,0,5,2,5,-0.09375,neutral
CRCVRCGI,43,25,15,14,68,29,0.3979591836734694,neutral
FVVIHVRC,19,7,1,1,26,2,0.42857142857142855,neutral
CVSDVDVF,35,16,9,19,51,28,0.2839506172839506,neutral
IYVCFCFF,34,21,3,5,55,8,0.5529411764705883,neutral
DYSGVSSY,23,11,5,8,34,13,0.328125,neutral
VLVFRVIF,21,12,0,3,33,3,0.47619047619047616,neutral
IFDYVHYN,5,2,2,1,7,3,0.10810810810810811,neutral
VFVICLHC,22,7,3,0,29,3,0.4406779661016949,neutral
FLSVCSDV,54,38,14,25,92,39,0.4344262295081967,neutral
GCHNFFRR,28,19,11,13,47,24,0.2987012987012987,neutral
DSCDCIGD,50,33,44,48,83,92,-0.07964601769911504,neutral
GRRIVSLL,9,4,5,4,13,9,0.09302325581395349,neutral
GCVDGCYG,30,18,13,6,48,19,0.3717948717948718,neutral
FGFDVGYL,4,11,1,6,15,7,0.17777777777777778,neutral
FVSRFCVC,40,29,26,21,69,47,0.2222222222222222,neutral
NIGRVYLF,42,31,7,13,73,20,0.5145631067961165,neutral
SDCVFVSG,51,38,37,48,89,85,0.03361344537815126,neutral
DNLRGHGF,64,53,44,43,117,87,0.20408163265306123,neutral
VCFGCYDD,49,54,23,20,103,43,0.45112781954887216,neutral
FSLYVNVG,79,66,14,31,145,45,0.5714285714285714,neutral
DYCVRGFH,39,27,5,11,66,16,0.5208333333333334,neutral
NYHIFYGY,16,13,1,10,29,11,0.3050847457627119,neutral
CSYSYNFG,33,23,5,5,56,10,0.5348837209302325,neutral
FYIGGIVG,75,56,38,46,131,84,0.2919254658385093,neutral
GCLCHCDF,30,13,4,7,43,11,0.4383561643835616,neutral
FLCCCCGC,14,14,1,7,28,8,0.3448275862068966,neutral
GCNDDCCC,36,26,34,33,62,67,-0.05434782608695652,neutral
YVGRGHHR,63,50,32,35,113,67,0.32167832167832167,neutral
FVLVGVFD,22,13,2,2,35,4,0.47692307692307695,neutral
FCGFLNVC,31,21,19,25,52,44,0.0975609756097561,neutral
SYYCGINL,35,19,10,12,54,22,0.38095238095238093,neutral
CGDHGCFC,23,8,5,8,31,13,0.29508196721311475,neutral
LCYGDVYG,1,5,1,1,6,2,0.1111111111111111,neutral
IFSGSYDS,13,4,4,2,17,6,0.23404255319148937,neutral
VYFGLVRH,52,36,24,31,88,55,0.2796610169491525,neutral
LFFSNIFL,46,35,14,18,81,32,0.44144144144144143,neutral
VCGDCSGC,25,25,20,18,50,38,0.15,neutral
YLGVSLFG,54,51,29,22,105,51,0.4,neutral
GCCLFGYH,29,23,12,26,52,38,0.17073170731707318,neutral
YFCCYFFY,30,24,3,8,54,11,0.5119047619047619,neutral
GCHVHVYS,40,25,27,23,65,50,0.15789473684210525,neutral
YCVVGFHC,51,37,30,29,88,59,0.2457627118644068,neutral
YVSNNFRI,51,33,44,51,84,95,-0.09649122807017543,neutral
DHFFGDFF,36,31,14,18,67,32,0.36082474226804123,neutral
FVVVGGYD,59,42,20,32,101,52,0.37404580152671757,neutral
CFGFGVLF,34,18,20,15,52,35,0.2073170731707317,neutral
LHGHGDCI,30,18,11,26,48,37,0.14102564102564102,neutral
VCDCHFGL,46,28,26,15,74,41,0.3173076923076923,neutral
SFYCCCGL,8,9,2,1,17,3,0.2978723404255319,neutral
SVRIGRDF,33,15,16,19,48,35,0.16666666666666666,neutral
RSCVRCGY,19,13,11,17,32,28,0.06451612903225806,neutral
RYCGVCIG,36,18,19,17,54,36,0.21428571428571427,neutral
LHCCGNHG,126,110,61,72,236,133,0.38721804511278196,neutral
VVCNFFCN,19,15,10,11,34,21,0.203125,neutral
CIYNCDSS,28,17,12,9,45,21,0.32,neutral
CFRDDRYY,25,20,5,8,45,13,0.4266666666666667,neutral
FDVCDLFD,4,1,3,2,5,5,0,neutral
YCDCRCRS,27,13,9,6,40,15,0.35714285714285715,neutral
FFIVLVFS,47,38,13,13,85,26,0.5130434782608696,neutral
GGYGFCDC,45,37,7,15,82,22,0.5357142857142857,neutral
SFLCCSVI,8,6,3,9,14,12,0.045454545454545456,neutral
VSHCSCLL,51,35,24,15,86,39,0.4051724137931034,neutral
CYYCRFDH,18,12,5,7,30,12,0.3,neutral
FYNICFGY,12,5,2,5,17,7,0.2127659574468085,neutral
LGYNVLIF,40,23,10,11,63,21,0.45161290322580644,neutral
GFVFVCCC,31,17,2,3,48,5,0.5512820512820513,neutral
FCLCLHFS,18,6,2,2,24,4,0.37037037037037035,neutral
LGCLYRCS,31,25,8,8,56,16,0.46511627906976744,neutral
GYLGICLI,25,13,1,8,38,9,0.4264705882352941,neutral
HNNYDHRY,44,26,12,16,70,28,0.42,neutral
SCGCYCFH,48,39,26,20,87,46,0.3504273504273504,neutral
LYNYLFLN,6,7,2,4,13,6,0.16279069767441862,neutral
VRFFCFCV,14,7,0,2,21,2,0.37254901960784315,neutral
YGINIFRS,39,24,23,23,63,46,0.1827956989247312,neutral
IFDSSSDC,39,33,25,26,72,51,0.20588235294117646,neutral
FFCLRVGS,12,7,5,3,19,8,0.22448979591836735,neutral
IDDGGYSC,12,2,4,4,14,8,0.13636363636363635,neutral
VSSYLCIN,19,5,3,3,24,6,0.3333333333333333,neutral
SCLVNHGL,20,10,8,5,30,13,0.2833333333333333,neutral
NVIRNYLG,31,13,12,18,44,30,0.1891891891891892,neutral
HGDFLGGF,111,99,35,43,210,78,0.55,neutral
HFVLGYIS,43,25,16,22,68,38,0.30612244897959184,neutral
GVSRYLSY,42,33,14,21,75,35,0.38095238095238093,neutral
YFFCYRRS,33,26,12,16,59,28,0.34831460674157305,neutral
HFLICVNN,73,54,16,26,127,42,0.5414012738853503,neutral
LFGGFCLG,11,4,4,8,15,12,0.06666666666666667,neutral
GYFCGDNF,0,5,1,1,5,2,0.08571428571428572,neutral
LFFFYSFC,32,21,4,3,53,7,0.5542168674698795,neutral
VILNDRCF,8,6,4,5,14,9,0.11363636363636363,neutral
HRFGIGCG,41,41,33,28,82,61,0.1875,neutral
SDHRYYDG,9,5,7,2,14,9,0.11363636363636363,neutral
FCCYRIDD,17,12,9,5,29,14,0.2542372881355932,neutral
CCFLFSYN,65,51,27,26,116,53,0.4315068493150685,neutral
SLRIISGV,1,2,2,2,3,4,-0.030303030303030304,neutral
NHRFLGHG,18,10,13,7,28,20,0.13793103448275862,neutral
FFICNINV,43,47,15,12,90,27,0.525,neutral
GHDYSFHV,60,44,18,31,104,49,0.41044776119402987,neutral
FFCNGGDD,33,22,20,20,55,40,0.17647058823529413,neutral
NFRRFFVG,2,2,2,1,4,3,0.029411764705882353,neutral
GCHFSGNF,16,11,3,5,27,8,0.3333333333333333,neutral
DVCYRFSD,49,32,10,7,81,17,0.5765765765765766,neutral
LYDGCHYV,31,24,5,13,55,18,0.43529411764705883,neutral
GFVCVYGC,72,55,41,24,127,65,0.39490445859872614,neutral
YFSYGVVC,6,4,0,2,10,2,0.2,neutral
DCCRILDC,36,21,17,32,57,49,0.09195402298850575,neutral
CDVFIYDD,5,1,3,2,6,5,0.027777777777777776,neutral
ILIFYHLR,18,4,0,0,22,0,0.4230769230769231,neutral
SCYVDCLF,20,15,8,11,35,19,0.24615384615384617,neutral
YYRLVLYH,54,35,20,24,89,44,0.37815126050420167,neutral
LFLFCIIC,25,19,0,3,44,3,0.5540540540540541,neutral
LGLGVNSF,10,8,6,5,18,11,0.14583333333333334,neutral
FFYLVIGL,8,9,2,0,17,2,0.3191489361702128,neutral
CNIDFYNG,39,34,17,24,73,41,0.3106796116504854,neutral
CVLYVRLG,28,17,3,1,45,4,0.5466666666666666,neutral
FCGGSSGI,63,45,39,48,108,87,0.15217391304347827,neutral
VVYFCGLV,37,26,9,9,63,18,0.4838709677419355,neutral
RCDYSYDG,34,19,9,18,53,27,0.3132530120481928,neutral
LFCRFSCC,15,13,3,1,28,4,0.41379310344827586,neutral
FFYLFHYR,11,9,2,2,20,4,0.32,neutral
LINCSRCF,6,3,0,2,9,2,0.1794871794871795,neutral
SNFFVLYN,17,2,6,5,19,11,0.16326530612244897,neutral
VCRRVIHS,1,1,1,2,2,3,-0.03125,neutral
VLHRYNSF,16,11,3,6,27,9,0.3157894736842105,neutral
LYYRHCSG,36,21,7,8,57,15,0.4827586206896552,neutral
VRFYCIGG,12,8,6,4,20,10,0.2,neutral
FCYCCFGV,22,7,3,3,29,6,0.3898305084745763,neutral
RRYCCHVD,57,40,43,48,97,91,0.047244094488188976,neutral
DDCHRFFH,38,20,20,14,58,34,0.2727272727272727,neutral
DCYCNHYG,14,10,14,17,24,31,-0.12962962962962962,neutral
FLGVSLIG,41,32,27,21,73,48,0.24271844660194175,neutral
DLDGCGFV,25,20,9,19,45,28,0.22666666666666666,neutral
FLLLVGCC,42,33,8,10,75,18,0.5428571428571428,neutral
YNIGDCDD,37,36,29,32,73,61,0.11650485436893204,neutral
CVSFCCRG,64,51,20,19,115,39,0.5241379310344828,neutral
VVVCRVYG,13,8,2,0,21,2,0.37254901960784315,neutral
YGFGRCYH,6,1,1,3,7,4,0.08108108108108109,neutral
CYSFCLLR,16,5,3,4,21,7,0.27450980392156865,neutral
YFVVRISF,12,11,0,1,23,1,0.41509433962264153,neutral
FDSFDVFR,50,38,14,12,88,26,0.5254237288135594,neutral
CYVSCYGD,41,25,13,11,66,24,0.4375,neutral
SVGFCFDL,36,20,12,15,56,27,0.3372093023255814,neutral
FFCGIVVR,42,26,13,12,68,25,0.4387755102040816,neutral
FFYFVCFR,38,28,8,3,66,11,0.5729166666666666,neutral
CFFYFGSF,33,27,9,3,60,12,0.5333333333333333,neutral
IFGDDFVG,18,8,2,2,26,4,0.39285714285714285,neutral
GFFIDIRG,99,92,69,78,191,147,0.19909502262443438,neutral
HFIDCYNI,24,17,5,10,41,15,0.36619718309859156,neutral
FCSIYCGD,26,28,9,11,54,20,0.40476190476190477,neutral
FHNFLVGC,7,12,7,7,19,14,0.10204081632653061,neutral
FFFYVGRC,4,1,0,0,5,0,0.14285714285714285,neutral
CYYVSLGL,22,17,17,5,39,22,0.2463768115942029,neutral
CCFCVNIF,27,8,3,6,35,9,0.4,neutral
GDFCVCFF,28,14,4,19,42,23,0.2638888888888889,neutral
YDYHRYFH,14,11,4,1,25,5,0.36363636363636365,neutral
NCVYLSVF,50,31,11,14,81,25,0.5045045045045045,neutral
IVIDIFDD,31,16,17,11,47,28,0.24675324675324675,neutral
VDHLCCGN,21,5,3,8,26,11,0.26785714285714285,neutral
IHYDHFVC,49,40,25,20,89,45,0.3697478991596639,neutral
FCGCLCLL,12,7,1,1,19,2,0.3469387755102041,neutral
VINFSLHH,13,13,8,9,26,17,0.16071428571428573,neutral
FFVLHGGY,86,67,38,44,153,82,0.3879781420765027,neutral
DIFHIRGC,29,21,17,19,50,36,0.175,neutral
SCFYVGVD,24,11,13,14,35,27,0.12307692307692308,neutral
SRGYSDCS,20,12,9,7,32,16,0.25806451612903225,neutral
IFGYLDFV,60,41,21,21,101,42,0.45038167938931295,neutral
INDFCHFC,49,33,23,17,82,40,0.375,neutral
YNRIYYVI,13,9,1,3,22,4,0.34615384615384615,neutral
FCCCFDIL,3,6,3,0,9,3,0.15384615384615385,neutral
FCHCCVDR,16,10,3,3,26,6,0.35714285714285715,neutral
CNCVDIRN,20,21,16,23,41,39,0.028169014084507043,neutral
YYNVVHHC,34,31,6,10,65,16,0.5157894736842106,neutral
FSRFFCGV,54,52,29,46,106,75,0.22794117647058823,neutral
VGVNVGRY,7,6,3,4,13,7,0.13953488372093023,neutral
GGCNVNIG,0,3,1,4,3,5,-0.06060606060606061,neutral
VYLIGHVN,13,5,1,6,18,7,0.22916666666666666,neutral
ICDDGGGG,1,1,0,3,2,3,-0.03125,neutral
RFICCRHD,8,6,3,4,14,7,0.1590909090909091,neutral
SFVLNDLH,51,39,22,28,90,50,0.3333333333333333,neutral
YVCCLHCV,34,21,7,6,55,13,0.49411764705882355,neutral
SYGGCNGC,58,39,42,53,97,95,0.015748031496062992,neutral
ICCCCDYD,37,23,10,13,60,23,0.4111111111111111,neutral
HNCCSDHF,1,3,1,1,4,2,0.058823529411764705,neutral
IVSRVSFR,40,28,14,18,68,32,0.3673469387755102,neutral
DCNDGVYD,28,20,15,17,48,32,0.20512820512820512,neutral
LIFDCCSY,17,7,5,8,24,13,0.2037037037037037,neutral
VYFIYCYL,21,20,0,2,41,2,0.5492957746478874,neutral
YRIRDNFI,26,14,11,13,40,24,0.22857142857142856,neutral
FVDSLVDV,18,19,10,15,37,25,0.1791044776119403,neutral
FNCCVLYY,18,17,6,6,35,12,0.35384615384615387,neutral
SVYIHFGD,26,13,4,8,39,12,0.391304347826087,neutral
FCHYCCDR,32,23,7,17,55,24,0.36470588235294116,neutral
NFRINDCN,9,4,6,6,13,12,0.023255813953488372,neutral
ICCCVCGR,33,24,7,16,57,23,0.39080459770114945,neutral
RRDGNIGH,34,22,34,24,56,58,-0.023255813953488372,neutral
FCDGGNVC,36,31,39,30,67,69,-0.020618556701030927,neutral
FCCYFYYG,10,5,0,2,15,2,0.28888888888888886,neutral
SYCFVNVF,40,36,16,22,76,38,0.3584905660377358,neutral
GVGCIGDR,38,19,36,31,57,67,-0.11494252873563218,neutral
CIVNFGHV,16,5,4,6,21,10,0.21568627450980393,neutral
FHCDCFHR,32,14,4,7,46,11,0.4605263157894737,neutral
GFFCNVLC,33,23,27,20,56,47,0.10465116279069768,neutral
CFCGVCRR,11,10,4,5,21,9,0.23529411764705882,neutral
IFNGIVCR,46,27,27,23,73,50,0.22330097087378642,neutral
FFFYICFY,31,12,2,0,43,2,0.5616438356164384,neutral
FVFFRFFV,29,10,0,0,39,0,0.5652173913043478,neutral
FSVRVYSR,52,49,16,18,101,34,0.5114503816793893,neutral
YSFCDYLD,31,22,8,11,53,19,0.40963855421686746,neutral
CVCHFSVY,9,6,3,2,15,5,0.2222222222222222,neutral
YCSNHNLH,18,9,12,14,27,26,0.017543859649122806,neutral
NVFYFGFC,20,9,4,2,29,6,0.3898305084745763,neutral
HDGSFGFS,45,33,20,22,78,42,0.3333333333333333,neutral
FCRGISRI,0,1,1,3,1,4,-0.0967741935483871,neutral
DYVFGCYH,11,5,1,3,16,4,0.2608695652173913,neutral
FFFFVSGV,2,15,0,0,17,0,0.3617021276595745,neutral
FFFRVFDC,62,48,16,19,110,35,0.5357142857142857,neutral
LFNVGSLG,24,12,9,17,36,26,0.15151515151515152,neutral
HYGIDDID,52,37,52,39,89,91,-0.01680672268907563,neutral
CFCFDHRD,34,25,19,19,59,38,0.23595505617977527,neutral
VVGGLVVR,47,34,32,33,81,65,0.14414414414414414,neutral
ISCSCGGG,36,24,27,27,60,54,0.06666666666666667,neutral
VLFVHCFC,35,19,7,4,54,11,0.5119047619047619,neutral
GYVRGDGY,31,26,18,18,57,36,0.2413793103448276,neutral
VCFGDSFR,33,18,14,25,51,39,0.14814814814814814,neutral
HCCCSNDI,80,61,28,40,141,68,0.4269005847953216,neutral
CFDYHVYC,16,13,6,3,29,9,0.3389830508474576,neutral
FDNNCSIL,19,17,5,8,36,13,0.3484848484848485,neutral
FYCYLIFF,22,22,4,6,44,10,0.4594594594594595,neutral
FFNGCVDG,28,14,8,17,42,25,0.2361111111111111,neutral
RINVCHSD,50,31,34,34,81,68,0.11711711711711711,neutral
RCCGFYIL,17,8,2,3,25,5,0.36363636363636365,neutral
GYGLGCHN,42,27,20,31,69,51,0.18181818181818182,neutral
INYCRCRG,22,10,8,9,32,17,0.24193548387096775,neutral
DCLIFYHI,31,21,11,7,52,18,0.4146341463414634,neutral
YSIYNCLI,35,18,16,14,53,30,0.27710843373493976,neutral
FVHCNDLG,4,4,2,2,8,4,0.10526315789473684,neutral
FYYRVFHV,20,14,0,3,34,3,0.484375,neutral
HFCCYGDC,31,23,10,9,54,19,0.4166666666666667,neutral
YSFCRNLL,26,22,13,12,48,25,0.2948717948717949,neutral
YLGCGCYR,15,9,4,4,24,8,0.2962962962962963,neutral
NVGFHCYG,19,12,8,2,31,10,0.3442622950819672,neutral
FCFSLINV,13,7,8,7,20,15,0.1,neutral
IVSFCHGR,99,83,46,62,182,108,0.3490566037735849,neutral
VNCFYRGD,9,3,2,4,12,6,0.14285714285714285,neutral
HYVLFCCH,20,16,2,1,36,3,0.5,neutral
FYHFDYYV,13,3,2,1,16,3,0.2826086956521739,neutral
VDLRFCVR,26,16,9,7,42,16,0.3611111111111111,neutral
VFYGYCVV,26,13,6,15,39,21,0.2608695652173913,neutral
YINVINFR,44,25,16,16,69,32,0.37373737373737376,neutral
FDVFNSRH,32,22,16,12,54,28,0.30952380952380953,neutral
FYVIFYFC,23,11,0,2,34,2,0.5,neutral
RLLRLGND,1,0,3,1,1,4,-0.0967741935483871,neutral
VFGSIFVI,22,16,18,10,38,28,0.14705882352941177,neutral
YDFGYGVN,29,16,4,6,45,10,0.4666666666666667,neutral
GFGCNFHV,21,19,8,11,40,19,0.3,neutral
VYDGYVFI,37,23,16,19,60,35,0.2777777777777778,neutral
DFVNLGLR,15,8,10,14,23,24,-0.018867924528301886,neutral
VLSCCCGN,57,58,19,26,115,45,0.4827586206896552,neutral
RFDHNRDC,0,1,3,1,1,4,-0.0967741935483871,neutral
FCHCVDRY,33,22,15,25,55,40,0.17647058823529413,neutral
SCFYYGVC,45,28,17,10,73,27,0.44660194174757284,neutral
LRCFYDRF,35,27,16,19,62,35,0.29347826086956524,neutral
FFVHSYVH,30,13,6,10,43,16,0.3698630136986301,neutral
LVFVRCDV,50,39,30,32,89,62,0.226890756302521,neutral
HVHCVSGG,26,22,10,12,48,22,0.3333333333333333,neutral
CYCCYSCI,42,29,8,9,71,17,0.5346534653465347,neutral
LYGCFGHS,29,12,6,13,41,19,0.30985915492957744,neutral
LFCFCCDI,21,5,1,2,26,3,0.4107142857142857,neutral
FCGFCCLN,39,27,5,6,66,11,0.5729166666666666,neutral
LYDLVDCR,34,30,16,12,64,28,0.3829787234042553,neutral
CCLCVRIR,37,22,4,6,59,10,0.550561797752809,neutral
CYIDCICC,45,30,9,7,75,16,0.5619047619047619,neutral
GGSGLYGI,40,31,18,21,71,39,0.31683168316831684,neutral
FIYCFFFC,15,16,0,0,31,0,0.5081967213114754,neutral
FHFRFGGC,22,14,7,7,36,14,0.3333333333333333,neutral
VCCFGGRD,41,31,38,31,72,69,0.029411764705882353,neutral
CSFIRGGY,30,27,8,15,57,23,0.39080459770114945,neutral
FFSNGFRS,3,0,1,1,3,2,0.030303030303030304,neutral
GNFGSIFD,16,14,3,7,30,10,0.3333333333333333,neutral
SLYFNDVD,23,15,6,8,38,14,0.35294117647058826,neutral
GYFGLFVR,12,5,4,4,17,8,0.19148936170212766,neutral
VVFIYHIC,32,26,5,4,58,9,0.5568181818181818,neutral
VNFGIINF,28,24,17,22,52,39,0.15853658536585366,neutral
DVGVFGRY,50,31,12,16,81,28,0.4774774774774775,neutral
LCSCVDDV,35,27,28,29,62,57,0.05434782608695652,neutral
YIGFGFVC,47,28,11,18,75,29,0.4380952380952381,neutral
FVGYCFVY,41,26,10,8,67,18,0.5051546391752577,neutral
LYLDNVHS,15,9,12,9,24,21,0.05555555555555555,neutral
FVGLGGRD,17,8,6,17,25,23,0.03636363636363636,neutral
DSILFSDC,23,29,5,11,52,16,0.43902439024390244,neutral
VCNFCNHY,55,43,12,25,98,37,0.4765625,neutral
LHVVDFIR,8,3,1,0,11,1,0.24390243902439024,neutral
IILCSVGH,66,48,41,59,114,100,0.09722222222222222,neutral
DYCCGNVV,19,11,8,7,30,15,0.25,neutral
ILNFNGLF,26,8,4,4,34,8,0.40625,neutral
GNFRVGDG,45,27,19,22,72,41,0.30392156862745096,neutral
FCFFVCIN,29,13,0,2,42,2,0.5555555555555556,neutral
RGCNGNYF,46,35,24,22,81,46,0.3153153153153153,neutral
NYFHVYYI,29,14,2,8,43,10,0.4520547945205479,neutral
INCGYFDY,26,27,9,9,53,18,0.42168674698795183,neutral
VCLCSCVF,59,43,12,15,102,27,0.5681818181818182,neutral
YYHGVCIC,2,3,0,2,5,2,0.08571428571428572,neutral
CLGGYVLV,29,15,16,14,44,30,0.1891891891891892,neutral
YFFNVYSG,42,29,20,27,71,47,0.2376237623762376,neutral
HFGFRFSC,83,70,51,62,153,113,0.2185792349726776,neutral
VCDGVFLH,8,4,0,3,12,3,0.21428571428571427,neutral
HNSRDIRF,43,33,35,35,76,70,0.05660377358490566,neutral
RVRCLCSI,5,4,3,2,9,5,0.10256410256410256,neutral
VFGGCHFY,39,20,14,12,59,26,0.3707865168539326,neutral
FCYGVRNL,30,12,5,8,42,13,0.4027777777777778,neutral
CCCCNFIF,36,18,9,7,54,16,0.4523809523809524,neutral
FLSCDVFR,19,11,16,9,30,25,0.08333333333333333,neutral
GVIRFFGR,25,9,8,10,34,18,0.25,neutral
CYGVHYLI,21,9,13,15,30,28,0.03333333333333333,neutral
IRHDLCGG,36,22,31,19,58,50,0.09090909090909091,neutral
GFSCGCLR,52,54,25,20,106,45,0.4485294117647059,neutral
HCGCLFGV,16,11,6,3,27,9,0.3157894736842105,neutral
FCRLRFCY,40,26,14,10,66,24,0.4375,neutral
CDGCDYSF,18,12,5,7,30,12,0.3,neutral
VFYGCDCV,44,26,15,14,70,29,0.41,neutral
VGVCDGDF,74,64,26,29,138,55,0.49404761904761907,neutral
YRCILVYG,56,42,20,20,98,40,0.453125,neutral
CNCSLDSV,42,23,12,26,65,38,0.28421052631578947,neutral
DFIGRILL,35,23,16,19,58,35,0.26136363636363635,neutral
CCHYIIHI,36,23,5,6,59,11,0.5393258426966292,neutral
CCVNNCGR,38,36,22,28,74,50,0.23076923076923078,neutral
YYFGCLHR,25,17,4,6,42,10,0.4444444444444444,neutral
HFNYGIRS,24,6,2,8,30,10,0.3333333333333333,neutral
GCDSCCNC,19,12,9,4,31,13,0.29508196721311475,neutral
RFDDYYLC,37,20,11,22,57,33,0.27586206896551724,neutral
CVYLVCLV,3,2,0,1,5,1,0.11428571428571428,neutral
YIFGCHLC,64,47,18,25,111,43,0.48226950354609927,neutral
FCSFDGVD,29,30,16,32,59,48,0.12359550561797752,neutral
CSFCGLRY,10,6,8,2,16,10,0.13043478260869565,neutral
RFGLCYVD,21,8,8,7,29,15,0.23728813559322035,neutral
SYFCYVGN,20,6,4,8,26,12,0.25,neutral
CNCCCILI,4,7,1,1,11,2,0.21951219512195122,neutral
CIFDCFDG,27,16,13,9,43,22,0.2876712328767123,neutral
CGDCYCFY,24,11,2,5,35,7,0.4307692307692308,neutral
YLSGDGCV,19,12,20,4,31,24,0.11475409836065574,neutral
CLISDSDH,45,27,35,34,72,69,0.029411764705882353,neutral
VFFFGVSG,27,12,6,8,39,14,0.36231884057971014,neutral
CRFYSCYY,45,27,12,12,72,24,0.47058823529411764,neutral
CYSGFISY,34,20,6,16,54,22,0.38095238095238093,neutral
HGDICISC,26,11,13,25,37,38,-0.014925373134328358,neutral
VLFCSHRI,46,30,29,20,76,49,0.25471698113207547,neutral
SFYSCSLC,51,40,24,28,91,52,0.32231404958677684,neutral
IVCLIFVL,25,12,0,0,37,0,0.5522388059701493,neutral
SVYCYILN,30,21,4,2,51,6,0.5555555555555556,neutral
ILCGYVFN,31,14,28,13,45,41,0.05333333333333334,neutral
SDCSIHFG,45,31,21,21,76,42,0.32075471698113206,neutral
FSNDFDNC,60,44,37,44,104,81,0.17164179104477612,neutral
YISGLNYY,21,10,6,7,31,13,0.29508196721311475,neutral
LGCSVVFY,0,6,1,2,6,3,0.08333333333333333,neutral
FFGLIVFL,28,11,3,3,39,6,0.4782608695652174,neutral
SVYHFCCY,31,14,7,3,45,10,0.4666666666666667,neutral
FIYSRLNV,16,12,9,16,28,25,0.05172413793103448,neutral
LFFCIFVD,12,4,0,0,16,0,0.34782608695652173,neutral
NLCVFVIH,22,9,5,11,31,16,0.2459016393442623,neutral
FNGVGCCV,37,18,22,15,55,37,0.21176470588235294,neutral
HDHDNRHS,2,1,4,1,3,5,-0.06060606060606061,neutral
GFIVFFND,36,21,7,5,57,12,0.5172413793103449,neutral
FDVRYVRL,20,7,18,11,27,29,-0.03508771929824561,neutral
GDLYNGYY,30,11,2,4,41,6,0.49295774647887325,neutral
CFDCDGCG,4,0,3,5,4,8,-0.11764705882352941,neutral
FFVYLYIR,15,9,2,0,24,2,0.4074074074074074,neutral
FIFFHGCY,44,47,25,16,91,41,0.4132231404958678,neutral
RICSYYGG,37,23,17,13,60,30,0.3333333333333333,neutral
CIYYLRFL,21,14,0,1,35,1,0.5230769230769231,neutral
IFSVLVSV,25,15,6,4,40,10,0.42857142857142855,neutral
FLDRCYVV,60,44,39,41,104,80,0.1791044776119403,neutral
GLRFGSYC,28,12,7,4,40,11,0.4142857142857143,neutral
SSCHVYCC,82,63,27,25,145,52,0.5314285714285715,neutral
ICYNLNFI,23,24,17,17,47,34,0.16883116883116883,neutral
DFLFIHSG,30,20,8,18,50,26,0.3,neutral
VCHRGLIY,19,4,9,7,23,16,0.1320754716981132,neutral
YFDFRILR,61,49,19,20,110,39,0.5071428571428571,neutral
VGYCNNRC,20,10,13,14,30,27,0.05,neutral
FFYVIFNC,30,12,2,4,42,6,0.5,neutral
GIFILYGF,4,3,1,0,7,1,0.16216216216216217,neutral
FCGICGIV,69,50,19,24,119,43,0.5100671140939598,neutral
GNFCYCHF,16,9,9,6,25,15,0.18181818181818182,neutral
HLCFSDYF,156,137,60,70,293,130,0.5046439628482973,neutral
CVDFCSDL,21,9,8,8,30,16,0.23333333333333334,neutral
CNGCIHFN,15,7,1,2,22,3,0.36538461538461536,neutral
NIHGDDHG,10,4,3,7,14,10,0.09090909090909091,neutral
CYISGCGC,3,2,1,1,5,2,0.08571428571428572,neutral
FCYIICRV,21,14,1,3,35,4,0.47692307692307695,neutral
VRLGCDFF,16,11,7,5,27,12,0.2631578947368421,neutral
LFFFCHRR,26,18,3,1,44,4,0.5405405405405406,neutral
FCCLFFFF,12,14,0,0,26,0,0.4642857142857143,neutral
SLGIHFCR,12,14,9,13,26,22,0.07142857142857142,neutral
RRFVFDHD,50,31,33,28,81,61,0.18018018018018017,neutral
IVISCVRI,21,20,10,9,41,19,0.30985915492957744,neutral
IIVGHRLY,26,19,5,10,45,15,0.4,neutral
FCICGGRV,30,19,18,21,49,39,0.12658227848101267,neutral
VVCYGCVC,1,3,0,1,4,1,0.08823529411764706,neutral
CCFCCYYY,40,22,10,2,62,12,0.5434782608695652,neutral
RFCHCCGL,48,34,21,19,82,40,0.375,neutral
GDLSYVLH,35,25,15,18,60,33,0.3,neutral
SFYHLYGI,18,12,9,2,30,11,0.31666666666666665,neutral
FGCIFFFV,24,12,3,3,36,6,0.45454545454545453,neutral
IFFFSSVF,26,15,5,7,41,12,0.4084507042253521,neutral
CFLDRGVN,35,16,17,28,51,45,0.07407407407407407,neutral
CFIFVFFV,19,0,0,1,19,1,0.3673469387755102,neutral
YVVILVVR,8,4,0,0,12,0,0.2857142857142857,neutral
GIRFGICY,19,7,4,6,26,10,0.2857142857142857,neutral
CGFIFYFY,30,18,6,3,48,9,0.5,neutral
FRDFVFGN,43,25,21,24,68,45,0.23469387755102042,neutral
VCFGIHNH,6,2,5,4,8,9,-0.02631578947368421,neutral
YCDCSVGF,20,12,17,14,32,31,0.016129032258064516,neutral
LCDVCCRD,31,31,8,20,62,28,0.3695652173913043,neutral
VVFCYYCG,17,8,0,5,25,5,0.36363636363636365,neutral
VCCCYCVH,35,23,14,8,58,22,0.4090909090909091,neutral
YCYVRGDV,22,19,8,8,41,16,0.352112676056338,neutral
CCGDGGCC,36,23,23,23,59,46,0.14606741573033707,neutral
FDYSGSCV,20,16,4,12,36,16,0.30303030303030304,neutral
LGCIYSGG,39,24,23,16,63,39,0.25806451612903225,neutral
VCIVNIYR,26,10,4,7,36,11,0.3787878787878788,neutral
FYHFCYDI,48,29,16,21,77,37,0.37383177570093457,neutral
VGYSGFRR,36,19,28,34,55,62,-0.08235294117647059,neutral
HDVVYSCI,24,19,19,15,43,34,0.1232876712328767,neutral
RHYSCRYC,23,12,8,14,35,22,0.2,neutral
FRVFVCSD,25,21,9,5,46,14,0.42105263157894735,neutral
YLYVGDCV,9,5,6,4,14,10,0.09090909090909091,neutral
SHILCCCV,40,22,8,18,62,26,0.391304347826087,neutral
ILCVSRNC,49,45,47,47,94,94,0,neutral
CIGLDCRV,31,20,22,25,51,47,0.04938271604938271,neutral
ICVLSCVC,37,30,21,21,67,42,0.25773195876288657,neutral
IFVCDFFG,42,26,11,9,68,20,0.4897959183673469,neutral
RYYCGCVG,10,20,7,9,30,16,0.23333333333333334,neutral
YFVFFCGV,18,7,1,2,25,3,0.4,neutral
FCYCDCIH,31,12,7,4,43,11,0.4383561643835616,neutral
CVFFLGYL,2,4,3,3,6,6,0,neutral
FYGCHGHL,14,9,7,4,23,11,0.22641509433962265,neutral
SFDDGRVD,2,1,2,0,3,2,0.030303030303030304,neutral
FCGHCYNS,14,10,11,12,24,23,0.018518518518518517,neutral
LFSDFYGV,28,17,13,16,45,29,0.21333333333333335,neutral
VIFRGRCF,51,41,25,34,92,59,0.27049180327868855,neutral
RVRFYCFC,13,11,3,0,24,3,0.3888888888888889,neutral
GYFDCCRL,16,20,14,6,36,20,0.24242424242424243,neutral
SVFFVFGG,71,59,35,26,130,61,0.43125,neutral
FSYYVDCD,30,23,8,10,53,18,0.42168674698795183,neutral
FSIGVSLV,5,2,5,3,7,8,-0.02702702702702703,neutral
VCICVFCL,19,12,3,4,31,7,0.39344262295081966,neutral
FFVGLCSR,15,4,4,6,19,10,0.1836734693877551,neutral
FGCYVRGC,59,43,21,38,102,59,0.32575757575757575,neutral
GSNVLHYC,44,33,27,36,77,63,0.1308411214953271,neutral
CCLGRVNY,39,32,16,21,71,37,0.33663366336633666,neutral
VFLSSHHL,40,26,31,18,66,49,0.17708333333333334,neutral
SFYSDSLI,15,17,12,17,32,29,0.04838709677419355,neutral
CLFCGISF,21,14,4,13,35,17,0.27692307692307694,neutral
IYRVHRIY,26,8,4,9,34,13,0.328125,neutral
SSCVCRYD,67,48,21,29,115,50,0.4482758620689655,neutral
VVDIFLVY,47,29,10,8,76,18,0.5471698113207547,neutral
CVFIYGVD,29,21,20,16,50,36,0.175,neutral
RRFLVCID,33,21,14,13,54,27,0.32142857142857145,neutral
FCIFCFRL,15,8,0,1,23,1,0.41509433962264153,neutral
NNDRHFGF,42,27,22,21,69,43,0.26262626262626265,neutral
FFDICDDY,16,24,4,7,40,11,0.4142857142857143,neutral
FDFCCRFH,21,8,6,5,29,11,0.3050847457627119,neutral
YVYGRVHV,37,18,25,33,55,58,-0.03529411764705882,neutral
CSCVVIVC,31,15,6,3,46,9,0.4868421052631579,neutral
FFCSDVGY,36,20,7,9,56,16,0.46511627906976744,neutral
ICFGNICG,32,17,22,20,49,42,0.08860759493670886,neutral
LFCFFFCL,28,12,0,0,40,0,0.5714285714285714,neutral
HFHIGYIS,48,34,40,43,82,83,-0.008928571428571428,neutral
YHINCVLL,44,26,14,11,70,25,0.45,neutral
YYFFVYYG,26,15,1,1,41,2,0.5492957746478874,neutral
FVFCYVHH,16,6,6,7,22,13,0.17307692307692307,neutral
YLVYFSSR,20,13,3,5,33,8,0.3968253968253968,neutral
CFSFSIFS,26,12,8,9,38,17,0.3088235294117647,neutral
LSYGGFRD,23,12,13,6,35,19,0.24615384615384617,neutral
LCNLGGFL,36,27,9,25,63,34,0.3118279569892473,neutral
DRLNSYDI,22,16,7,9,38,16,0.3235294117647059,neutral
IFGLHCFR,10,2,2,3,12,5,0.16666666666666666,neutral
FFCFICGG,31,24,7,6,55,13,0.49411764705882355,neutral
VVSRFCSC,23,9,14,17,32,31,0.016129032258064516,neutral
YCIFDIHR,44,27,11,19,71,30,0.40594059405940597,neutral
LCFGSVHR,10,8,0,3,18,3,0.3125,neutral
VRNCRVCY,28,15,26,25,43,51,-0.1095890410958904,neutral
CDRFSHLF,39,22,11,15,61,26,0.38461538461538464,neutral
RCYSYIRC,31,23,18,24,54,42,0.14285714285714285,neutral
NGNFDCDC,35,20,27,27,55,54,0.011764705882352941,neutral
LISVRFFR,27,21,2,7,48,9,0.5,neutral
FYCFRDHS,13,11,6,5,24,11,0.24074074074074073,neutral
VLFFYHCF,27,18,0,2,45,2,0.5733333333333334,neutral
GCCGHDIY,34,19,7,13,53,20,0.39759036144578314,neutral
LFNCYSFS,38,25,9,15,63,24,0.41935483870967744,neutral
FYVLHIGV,12,4,1,1,16,2,0.30434782608695654,neutral
CNCIIRCN,30,13,8,6,43,14,0.3972602739726027,neutral
VFFFVGLL,17,17,0,1,34,1,0.515625,neutral
FSSGCNFR,40,21,26,23,61,49,0.13186813186813187,neutral
HRFSCVSG,22,15,25,16,37,41,-0.05970149253731343,neutral
YRVDLCLG,4,2,3,0,6,3,0.08333333333333333,neutral
IYCLCICG,39,21,3,7,60,10,0.5555555555555556,neutral
FCHLDCID,11,10,6,5,21,11,0.19607843137254902,neutral
DGCLGYVV,46,31,13,11,77,24,0.4953271028037383,neutral
YGVHRILY,17,9,2,6,26,8,0.32142857142857145,neutral
YYFIRCVR,62,43,20,18,105,38,0.4962962962962963,neutral
FFIFILFF,10,9,2,7,19,9,0.20408163265306123,neutral
NYYLDFGG,15,9,6,3,24,9,0.2777777777777778,neutral
GLRIFYDS,37,18,14,17,55,31,0.2823529411764706,neutral
FVCCFCLH,24,12,9,8,36,17,0.2878787878787879,neutral
FYDISHFF,48,32,22,23,80,45,0.3181818181818182,neutral
GDVGLSCF,43,34,16,12,77,28,0.45794392523364486,neutral
SVFCCSRR,41,29,21,17,70,38,0.32,neutral
RICCCCCV,11,8,5,3,19,8,0.22448979591836735,neutral
HCRCVDVS,44,26,21,27,70,48,0.22,neutral
CFLILSCG,29,24,5,7,53,12,0.4939759036144578,neutral
FFICNFYC,28,17,4,5,45,9,0.48,neutral
HFCFFCVC,11,8,2,2,19,4,0.30612244897959184,neutral
IGICNFVI,4,5,3,6,9,9,0,neutral
YGCRFVLL,21,17,4,9,38,13,0.36764705882352944,neutral
FYLYCNYF,12,6,1,1,18,2,0.3333333333333333,neutral
FIRCCVCY,49,30,10,11,79,21,0.5321100917431193,neutral
FFYFFISN,13,11,3,0,24,3,0.3888888888888889,neutral
YLGFFVFH,2,2,0,1,4,1,0.08823529411764706,neutral
CCFVCFGY,35,21,3,5,56,8,0.5581395348837209,neutral
YLDGCSCC,36,18,14,15,54,29,0.2976190476190476,neutral
FVDFFFVF,14,18,0,1,32,1,0.5,neutral
FGICDCLL,3,2,2,1,5,3,0.05714285714285714,neutral
FYFFCRFF,22,12,1,0,34,1,0.515625,neutral
LVIHVYGD,5,8,5,4,13,9,0.09302325581395349,neutral
CDFDCSHL,21,13,8,2,34,10,0.375,neutral
DCYYIRVN,20,19,8,9,39,17,0.3188405797101449,neutral
VRGSGSFY,19,10,10,12,29,22,0.11864406779661017,neutral
YSCCVVCG,44,35,17,20,79,37,0.3853211009174312,neutral
FRCCCGNF,29,20,3,6,49,9,0.5063291139240507,neutral
GYCCGRFC,4,4,2,1,8,3,0.13157894736842105,neutral
FFVCVVFF,22,14,2,2,36,4,0.48484848484848486,neutral
RCFVRYFC,40,26,16,17,66,33,0.34375,neutral
YIIRFFLC,13,15,0,0,28,0,0.4827586206896552,neutral
ISFRVFRV,22,11,8,11,33,19,0.2222222222222222,neutral
SSGNGFLC,20,14,16,18,34,34,0,neutral
GCGVDGCC,18,10,12,23,28,35,-0.1206896551724138,neutral
GVGFSCFH,32,15,12,14,47,26,0.2727272727272727,neutral
VCVRIGVV,19,10,9,7,29,16,0.22033898305084745,neutral
SVCCHFGL,114,107,32,51,221,83,0.549800796812749,neutral
VIFYRCCG,54,41,17,11,95,28,0.536,neutral
CHVSCIGV,56,48,42,40,104,82,0.16417910447761194,neutral
GFRFCYDI,51,32,18,27,83,45,0.336283185840708,neutral
IHYICNRG,32,13,24,25,45,49,-0.05333333333333334,neutral
FFYDGGVV,59,52,31,34,111,65,0.3262411347517731,neutral
CCSCSCIH,35,20,6,10,55,16,0.4588235294117647,neutral
CCFRVGDF,70,51,31,37,121,68,0.3509933774834437,neutral
CFYFVFYF,33,17,2,7,50,9,0.5125,neutral
VFCDGHIH,35,18,23,19,53,42,0.13253012048192772,neutral
CSFNGINC,38,27,40,36,65,76,-0.11578947368421053,neutral
NFRFSLGV,5,4,1,1,9,2,0.1794871794871795,neutral
HNCFGSYC,22,11,13,17,33,30,0.047619047619047616,neutral
CIVSLGYC,27,21,12,15,48,27,0.2692307692307692,neutral
FFGGVCSF,48,36,14,19,84,33,0.4473684210526316,neutral
YCSDGHIH,21,14,16,11,35,27,0.12307692307692308,neutral
CYCGSIGF,39,25,15,9,64,24,0.425531914893617,neutral
IFFSRINC,21,11,15,14,32,29,0.04838709677419355,neutral
FFVSVYFY,28,16,0,5,44,5,0.527027027027027,neutral
GCLCGDGC,19,16,5,8,35,13,0.3384615384615385,neutral
CGCCDDRI,76,57,64,73,133,137,-0.024539877300613498,neutral
FRIDYNFC,28,17,6,10,45,16,0.38666666666666666,neutral
YIFVCGFR,43,25,8,14,68,22,0.46938775510204084,neutral
RFHFVCCV,36,22,10,10,58,20,0.4318181818181818,neutral
FFYCVISY,12,8,3,3,20,6,0.28,neutral
YIICGYVG,67,57,14,22,124,36,0.5714285714285714,neutral
DIICCCVR,42,31,10,13,73,23,0.4854368932038835,neutral
RIVFRVDL,28,15,5,8,43,13,0.410958904109589,neutral
IFFGCCSN,31,15,13,13,46,26,0.2631578947368421,neutral
CNGHDCGF,34,19,22,23,53,45,0.0963855421686747,neutral
CFCCFRRH,29,12,5,8,41,13,0.39436619718309857,neutral
LFYRFCCF,25,14,3,1,39,4,0.5072463768115942,neutral
CRFFGYLV,30,25,12,16,55,28,0.3176470588235294,neutral
YSIRFHGD,65,48,20,22,113,42,0.4965034965034965,neutral
LYVGYFCN,33,23,10,15,56,25,0.36046511627906974,neutral
FFCCRYCS,46,27,9,5,73,14,0.5728155339805825,neutral
CSCCIVCG,24,12,7,7,36,14,0.3333333333333333,neutral
IDYCIRHF,12,9,3,7,21,10,0.21568627450980393,neutral
CICCIDYG,27,9,5,17,36,22,0.21212121212121213,neutral
FHVCCCHC,30,20,7,5,50,12,0.475,neutral
FSHVLFNY,40,21,9,2,61,11,0.5494505494505495,neutral
VCSNCSVG,25,9,10,9,34,19,0.234375,neutral
CCCGCCNV,47,30,7,14,77,21,0.5233644859813084,neutral
HCGGICVC,19,18,15,9,37,24,0.19402985074626866,neutral
VYCRDVCF,3,2,0,0,5,0,0.14285714285714285,neutral
FFCVCIFD,29,21,1,5,50,6,0.55,neutral
YICYLYSH,31,17,6,9,48,15,0.4230769230769231,neutral
NFVSCFRD,16,9,7,9,25,16,0.16363636363636364,neutral
LSGYGHII,56,44,17,22,100,39,0.46923076923076923,neutral
FRLGYVRG,21,14,22,15,35,37,-0.03076923076923077,neutral
RSDDLYSD,10,12,16,9,22,25,-0.057692307692307696,neutral
GHCVYCFG,58,40,10,20,98,30,0.53125,neutral
YLRSGCCN,51,32,31,33,83,64,0.168141592920354,neutral
RGDLLVCR,25,8,20,15,33,35,-0.031746031746031744,neutral
YSFVVGRL,30,14,25,15,44,40,0.05405405405405406,neutral
LFFCYNIL,12,15,2,1,27,3,0.42105263157894735,neutral
LDFLDFLY,27,21,7,4,48,11,0.47435897435897434,neutral
GLRHYFRS,34,33,27,43,67,70,-0.030927835051546393,neutral
LVCGICFF,14,8,0,0,22,0,0.4230769230769231,neutral
IFLDYFLI,17,10,0,1,27,1,0.45614035087719296,neutral
CYCDGYIH,30,13,4,11,43,15,0.3835616438356164,neutral
FCFVCLSG,10,2,1,0,12,1,0.2619047619047619,neutral
FIFCHGCH,5,1,2,1,6,3,0.08333333333333333,neutral
CCDGHCCC,63,44,18,18,107,36,0.5182481751824818,neutral
SCYGVSGY,25,9,3,4,34,7,0.421875,neutral
CYVCSFVG,22,8,2,3,30,5,0.4166666666666667,neutral
FDCFIRHC,55,50,25,35,105,60,0.3333333333333333,neutral
FDVVGRCH,0,1,1,4,1,5,-0.12903225806451613,neutral
VVNSCCGG,20,13,10,22,33,32,0.015873015873015872,neutral
LDRCGSFI,53,38,27,28,91,55,0.2975206611570248,neutral
CDVCNSCR,46,34,26,24,80,50,0.2727272727272727,neutral
LFVLCCRC,10,2,0,0,12,0,0.2857142857142857,neutral
FIFSYYGC,19,10,5,5,29,10,0.3220338983050847,neutral
CINFVGVI,29,18,6,19,47,25,0.2857142857142857,neutral
SILDSFCF,19,16,6,16,35,22,0.2,neutral
CNCVCCFF,33,15,5,10,48,15,0.4230769230769231,neutral
CFGCSDCY,21,26,11,12,47,23,0.3116883116883117,neutral
RCVGRILS,1,0,2,2,1,4,-0.0967741935483871,neutral
CNIRCVYI,20,7,4,8,27,12,0.2631578947368421,neutral
YIDLVDGY,46,37,12,17,83,29,0.4778761061946903,neutral
GNDGGDCL,24,24,20,31,48,51,-0.038461538461538464,neutral
NYRFYCCC,19,15,7,7,34,14,0.3125,neutral
CVIFLGGN,41,26,24,18,67,42,0.25773195876288657,neutral
CSYHCNCF,32,24,5,10,56,15,0.47674418604651164,neutral
SNHCNCLY,41,39,28,19,80,47,0.3,neutral
IFGCGSCG,29,19,16,10,48,26,0.28205128205128205,neutral
GSFDVIVF,18,16,11,8,34,19,0.234375,neutral
RFCCCYGC,47,31,7,9,78,16,0.5740740740740741,neutral
DFYSFGHD,13,8,2,9,21,11,0.19607843137254902,neutral
GVYFCFRC,19,14,0,0,33,0,0.5238095238095238,neutral
DYVYGRFC,19,18,7,5,37,12,0.373134328358209,neutral
DIYGGVLR,28,24,22,18,52,40,0.14634146341463414,neutral
FFCCFHDI,24,10,6,5,34,11,0.359375,neutral
GHCVCCND,17,19,8,6,36,14,0.3333333333333333,neutral
YLVISGII,33,16,9,2,49,11,0.4810126582278481,neutral
GYNIRGIG,24,11,15,9,35,24,0.16923076923076924,neutral
FLFCVGGI,21,6,9,14,27,23,0.07017543859649122,neutral
CSFGCCFF,11,3,0,0,14,0,0.3181818181818182,neutral
HYYVCFVV,27,22,2,6,49,8,0.5189873417721519,neutral
YNRCFYIR,33,25,6,4,58,10,0.5454545454545454,neutral
YFFCFHCF,20,14,0,2,34,2,0.5,neutral
SFNYLSSL,10,14,7,10,24,17,0.12962962962962962,neutral
RCYIRFVC,25,16,6,2,41,8,0.4647887323943662,neutral
VIVNCISV,65,56,60,68,121,128,-0.046357615894039736,neutral
CVDCFGCC,46,30,14,17,76,31,0.42452830188679247,neutral
YHVYDCRH,5,3,2,0,8,2,0.15789473684210525,neutral
FVIVLGIV,33,15,4,3,48,7,0.5256410256410257,neutral
RLYRRHVG,1,3,1,0,4,1,0.08823529411764706,neutral
LVFGLFRS,31,18,7,18,49,25,0.3037974683544304,neutral
FRCYGDGY,62,43,21,17,105,38,0.4962962962962963,neutral
CRCYVHCG,10,13,1,3,23,4,0.3584905660377358,neutral
FDRCNSFN,53,35,23,41,88,64,0.2033898305084746,neutral
CFHGIVVF,9,2,2,2,11,4,0.17073170731707318,neutral
FCCRYCLR,1,1,0,3,2,3,-0.03125,neutral
ICYCRNVV,62,43,27,21,105,48,0.4222222222222222,neutral
DFHGVSVC,50,35,38,31,85,69,0.1391304347826087,neutral
CFHNGICH,6,5,6,4,11,10,0.024390243902439025,neutral
VGRVLCFG,15,7,10,9,22,19,0.057692307692307696,neutral
FCSYLYID,41,23,21,21,64,42,0.23404255319148937,neutral
YGFCIGLC,33,26,21,31,59,52,0.07865168539325842,neutral
DVYVVFVY,18,6,0,1,24,1,0.42592592592592593,neutral
HIRLHFRR,38,25,28,28,63,56,0.07526881720430108,neutral
SRCYDFYL,32,19,7,7,51,14,0.4567901234567901,neutral
RCCFCGSF,23,10,6,10,33,16,0.2698412698412698,neutral
SLVIYGNV,20,9,10,12,29,22,0.11864406779661017,neutral
DRLVLVGV,74,56,74,65,130,139,-0.05625,neutral
CCFHSSGG,3,4,0,0,7,0,0.1891891891891892,neutral
VIYIYGLG,37,24,7,8,61,15,0.5054945054945055,neutral
NCCGHGVC,27,19,6,11,46,17,0.3815789473684211,neutral
RNFCNFDS,16,12,15,17,28,32,-0.06896551724137931,neutral
VCDSGCGN,2,0,2,1,2,3,-0.03125,neutral
FIHGGVRF,28,20,8,17,48,25,0.2948717948717949,neutral
LFVVLYCS,15,5,2,2,20,4,0.32,neutral
CCLICCFR,14,8,1,4,22,5,0.3269230769230769,neutral
DCCCFFCV,27,17,4,3,44,7,0.5,neutral
LVFVYYHF,8,5,1,1,13,2,0.2558139534883721,neutral
LCHYYGRD,29,23,13,5,52,18,0.4146341463414634,neutral
LFVICGRG,4,1,1,0,5,1,0.11428571428571428,neutral
CCHNGLRC,38,28,21,23,66,44,0.22916666666666666,neutral
FCYCSFLC,24,10,3,3,34,6,0.4375,neutral
RDYGVVYD,35,23,21,19,58,40,0.20454545454545456,neutral
FCDYFVIS,46,29,10,13,75,23,0.49523809523809526,neutral
FVFGVDLC,54,35,27,40,89,67,0.18487394957983194,neutral
FFGHCHDL,23,12,7,8,35,15,0.3076923076923077,neutral
CHRCISRR,1,0,3,1,1,4,-0.0967741935483871,neutral
FNLYVFYF,12,9,0,1,21,1,0.39215686274509803,neutral
SGVFIVCR,64,49,29,34,113,63,0.34965034965034963,neutral
FCDVISYV,55,41,14,21,96,35,0.48412698412698413,neutral
LCGCNGYH,62,47,20,37,109,57,0.37410071942446044,neutral
YLYGLGSY,34,22,9,12,56,21,0.4069767441860465,neutral
FLGNNDLV,57,38,26,27,95,53,0.336,neutral
HIRLRDCN,5,3,5,2,8,7,0.02631578947368421,neutral
CCFIVGCY,24,6,6,3,30,9,0.35,neutral
IHCCGFHG,33,24,12,14,57,26,0.3563218390804598,neutral
CICVCGCD,9,6,6,6,15,12,0.06666666666666667,neutral
VFGSCFDY,42,31,14,11,73,25,0.46601941747572817,neutral
CGDLCGGC,64,46,27,37,110,64,0.32857142857142857,neutral
VRFCGCVG,51,34,11,15,85,26,0.5130434782608696,neutral
CVFYICRV,21,18,1,2,39,3,0.5217391304347826,neutral
VLFVHLHV,49,30,8,9,79,17,0.5688073394495413,neutral
IYNGVIIL,40,23,19,19,63,38,0.26881720430107525,neutral
GFFYYFGV,9,3,1,2,12,3,0.21428571428571427,neutral
ILVSNDDF,66,54,22,15,120,37,0.5533333333333333,neutral
SYYCLRRD,12,12,6,12,24,18,0.1111111111111111,neutral
LLDCLLSG,37,27,25,29,64,54,0.10638297872340426,neutral
FSGVFSYG,60,46,20,27,106,47,0.4338235294117647,neutral
DFSFICVL,31,27,9,11,58,20,0.4318181818181818,neutral
IFRFFVCY,3,4,0,1,7,1,0.16216216216216217,neutral
FCHDLRYD,26,17,10,11,43,21,0.3013698630136986,neutral
IGVLCDLG,33,14,6,7,47,13,0.44155844155844154,neutral
LILGIVGF,12,8,2,0,20,2,0.36,neutral
FGICSHCG,0,3,0,2,3,2,0.030303030303030304,neutral
FCIVFDFF,23,11,6,8,34,14,0.3125,neutral
YGDCLGVG,20,12,12,10,32,22,0.16129032258064516,neutral
YDRYGFDG,22,12,3,4,34,7,0.421875,neutral
FCCCFYFV,13,6,0,0,19,0,0.3877551020408163,neutral
CCCVGFHH,44,27,14,7,71,21,0.49504950495049505,neutral
FCDYFYFG,22,15,5,4,37,9,0.417910447761194,neutral
HSFHCVCL,54,35,30,37,89,67,0.18487394957983194,neutral
HSHYFNFG,18,8,4,3,26,7,0.3392857142857143,neutral
FCVGGSGC,2,0,1,2,2,3,-0.03125,neutral
CIVLYGVV,23,16,6,3,39,9,0.43478260869565216,neutral
GHCISFDG,68,56,34,33,124,67,0.37012987012987014,neutral
IFDIDSCC,45,28,13,16,73,29,0.42718446601941745,neutral
FCDVIDNI,18,12,5,2,30,7,0.38333333333333336,neutral
YISVGGFD,59,41,28,31,100,59,0.3153846153846154,neutral
FYHLGIYC,25,14,5,3,39,8,0.4492753623188406,neutral
FYNLGLFG,17,10,4,5,27,9,0.3157894736842105,neutral
IHGFIIFI,23,11,5,5,34,10,0.375,neutral
ICCVLSNC,60,43,27,23,103,50,0.39849624060150374,neutral
YCFCDGSI,33,17,24,8,50,32,0.225,neutral
CILVLNCV,30,16,3,4,46,7,0.5131578947368421,neutral
VCICYRCI,40,23,6,5,63,11,0.5591397849462365,neutral
FYCDICGF,23,12,2,3,35,5,0.46153846153846156,neutral
VYDCCCFD,18,10,8,7,28,15,0.22413793103448276,neutral
FHFVSCCV,11,6,10,5,17,15,0.0425531914893617,neutral
FFGFGFNH,8,2,2,4,10,6,0.1,neutral
NSCGFYNC,24,21,18,21,45,39,0.08,neutral
FCVVYCCV,22,24,2,2,46,4,0.5526315789473685,neutral
FYFIFRVH,4,5,1,0,9,1,0.20512820512820512,neutral
DCYSIVIR,21,8,8,4,29,12,0.288135593220339,neutral
IYVINCCC,12,3,1,4,15,5,0.2222222222222222,neutral
IICCVYGR,25,14,11,11,39,22,0.2463768115942029,neutral
ICCCDNCR,46,41,16,24,87,40,0.4017094017094017,neutral
SYCNHVDF,29,15,6,3,44,9,0.47297297297297297,neutral
YGVCGGSC,27,20,28,20,47,48,-0.012987012987012988,neutral
SVCGYHDF,36,28,9,7,64,16,0.5106382978723404,neutral
CNYDRFFC,32,13,8,2,45,10,0.4666666666666667,neutral
ICLFVCSF,18,16,3,2,34,5,0.453125,neutral
VGYCGRFR,25,15,11,6,40,17,0.32857142857142857,neutral
RRHCDYGC,89,71,73,68,160,141,0.1,neutral
SFIIFFVC,28,17,2,3,45,5,0.5333333333333333,neutral
FYRYYDIV,21,15,6,6,36,12,0.36363636363636365,neutral
FIHVSVGI,34,16,18,18,50,36,0.175,neutral
CILCIHGD,33,26,7,9,59,16,0.48314606741573035,neutral
CLVCIRGG,40,24,14,19,64,33,0.32978723404255317,neutral
FGFFRVLG,21,15,8,12,36,20,0.24242424242424243,neutral
FYRFRVNI,28,14,6,14,42,20,0.3055555555555556,neutral
DVVGDLHY,39,22,11,7,61,18,0.4725274725274725,neutral
YFIYGGGF,16,15,13,4,31,17,0.22950819672131148,neutral
LGLLFSIS,2,1,4,2,3,6,-0.09090909090909091,neutral
FCHLFCFS,46,32,12,14,78,26,0.48148148148148145,neutral
YYGSGSVL,73,59,22,37,132,59,0.4506172839506173,neutral
FCFSCSRC,10,8,3,9,18,12,0.125,neutral
FFFCDGVC,16,7,10,9,23,19,0.07547169811320754,neutral
CSSGFFYS,32,22,11,14,54,25,0.34523809523809523,neutral
HYYGICDH,37,28,18,18,65,36,0.30526315789473685,neutral
VIGFNLCC,28,17,14,21,45,35,0.13333333333333333,neutral
FFCNCYVC,20,10,8,15,30,23,0.11666666666666667,neutral
FYCCDGIC,25,8,9,5,33,14,0.30158730158730157,neutral
HRRIISVN,1,1,3,0,2,3,-0.03125,neutral
FVCNCLDL,64,50,21,25,114,46,0.4722222222222222,neutral
YGYVFVCL,12,6,0,1,18,1,0.3541666666666667,neutral
VSYCDGCI,42,30,14,18,72,32,0.39215686274509803,neutral
INHIVRYG,17,12,6,10,29,16,0.22033898305084745,neutral
CLIFVGHC,42,31,4,15,73,19,0.5242718446601942,neutral
FSLCYICH,35,33,6,9,68,15,0.5408163265306123,neutral
VNCSNVYY,57,39,10,16,96,26,0.5555555555555556,neutral
VIVHNDFV,58,49,20,24,107,44,0.45985401459854014,neutral
DGVRLVVI,15,11,6,5,26,11,0.26785714285714285,neutral
SVGDVYHV,16,19,15,19,35,34,0.015384615384615385,neutral
IRVLFFSS,4,6,0,1,10,1,0.225,neutral
SDYYSLCN,25,16,9,20,41,29,0.16901408450704225,neutral
CLNGLVFV,67,51,34,35,118,69,0.3310810810810811,neutral
YIHFHCGD,31,24,6,8,55,14,0.4823529411764706,neutral
GFCDGYCV,16,11,6,4,27,10,0.2982456140350877,neutral
DGSDHSDF,35,17,24,37,52,61,-0.10975609756097561,neutral
DLRGFVSG,12,9,9,10,21,19,0.0392156862745098,neutral
IYFCVYVR,24,18,2,0,42,2,0.5555555555555556,neutral
LYCVFVGL,20,11,1,3,31,4,0.4426229508196721,neutral
CCVCVRHV,52,33,12,23,85,35,0.43478260869565216,neutral
SCCNDCVS,20,9,24,12,29,36,-0.11864406779661017,neutral
CFYGGFFI,49,30,11,12,79,23,0.5137614678899083,neutral
GYGIDDCF,45,32,13,20,77,33,0.411214953271028,neutral
DCYVSIGI,37,29,22,15,66,37,0.3020833333333333,neutral
IFVLGFCD,32,22,18,15,54,33,0.25,neutral
CSCCGHVH,3,2,1,1,5,2,0.08571428571428572,neutral
VVFCIGLC,19,9,2,4,28,6,0.3793103448275862,neutral
ICGSFSCV,46,39,21,30,85,51,0.2956521739130435,neutral
VYLVHRCL,29,16,10,8,45,18,0.36,neutral
FCFCDYCV,35,37,10,14,72,24,0.47058823529411764,neutral
ICCSGVGI,30,12,10,21,42,31,0.1527777777777778,neutral
YVFFFRCC,19,14,1,3,33,4,0.4603174603174603,neutral
FNLCRVSF,31,13,12,10,44,22,0.2972972972972973,neutral
FIVDLNLY,34,17,19,11,51,30,0.25925925925925924,neutral
LYIRCSHV,26,12,25,20,38,45,-0.10294117647058823,neutral
FLLVSDCY,26,10,2,15,36,17,0.2878787878787879,neutral
FCCHGDCG,7,6,2,5,13,7,0.13953488372093023,neutral
FCNYSIFD,49,34,14,17,83,31,0.46017699115044247,neutral
FFCSYRCD,27,18,5,7,45,12,0.44,neutral
LVSCGVVG,47,39,39,38,86,77,0.07758620689655173,neutral
NGNFFFVC,15,3,3,7,18,10,0.16666666666666666,neutral
CLYCYCCF,15,13,2,3,28,5,0.39655172413793105,neutral
FFFSFFYC,16,8,0,0,24,0,0.4444444444444444,neutral
SCCGYICH,8,4,6,3,12,9,0.07142857142857142,neutral
HSYHYDGV,51,32,23,21,83,44,0.34513274336283184,neutral
CYYCDCGV,19,13,5,6,32,11,0.3387096774193548,neutral
FGLSDGGF,44,31,12,9,75,21,0.5142857142857142,neutral
CRRIIGSG,9,3,6,4,12,10,0.047619047619047616,neutral
GVDNRVRY,11,13,11,18,24,29,-0.09259259259259259,neutral
FFCFICNF,28,17,0,2,45,2,0.5733333333333334,neutral
CFDGIFRF,48,37,19,14,85,33,0.45217391304347826,neutral
ICHILHVF,22,20,5,5,42,10,0.4444444444444444,neutral
SFFYRCVF,51,33,17,13,84,30,0.47368421052631576,neutral
FYYCLFSC,27,16,3,2,43,5,0.5205479452054794,neutral
FFCNSCCH,21,9,4,6,30,10,0.3333333333333333,neutral
VVVFVCFR,25,9,1,1,34,2,0.5,neutral
YHHYSVLI,39,22,11,9,61,20,0.45054945054945056,neutral
CYLFVRRY,18,15,0,2,33,2,0.49206349206349204,neutral
RCYDGGGG,9,7,1,3,16,4,0.2608695652173913,neutral
GNGVNFSR,31,12,25,25,43,50,-0.0958904109589041,neutral
FNVSSFIV,23,6,11,9,29,20,0.15254237288135594,neutral
HCYFDVCF,67,65,33,20,132,53,0.4876543209876543,neutral
LCVLDVHD,34,27,16,11,61,27,0.37362637362637363,neutral
FCSYISCV,77,62,26,45,139,71,0.40236686390532544,neutral
DSCFIRGL,16,16,10,16,32,26,0.0967741935483871,neutral
FIRFVRCV,32,19,12,9,51,21,0.37037037037037035,neutral
NRVFLVLG,37,21,5,5,58,10,0.5454545454545454,neutral
LHGFSSHL,44,36,24,28,80,52,0.2545454545454545,neutral
LFFCLVRG,23,18,1,1,41,2,0.5492957746478874,neutral
FCCFICRC,19,14,2,3,33,5,0.4444444444444444,neutral
GFYVHVSS,57,41,19,18,98,37,0.4765625,neutral
IVFHCIGR,45,28,11,17,73,28,0.4368932038834951,neutral
CICVHFLG,30,16,2,4,46,6,0.5263157894736842,neutral
FYDHVGGH,37,26,16,12,63,28,0.3763440860215054,neutral
GYLYFLVY,18,9,0,1,27,1,0.45614035087719296,neutral
FFDSHGRY,2,3,1,2,5,3,0.05714285714285714,neutral
CFCNCCVD,48,37,12,9,85,21,0.5565217391304348,neutral
CSGCIHLR,28,25,12,7,53,19,0.40963855421686746,neutral
YCGGRHLL,56,41,43,42,97,85,0.09448818897637795,neutral
FYRCGDRD,45,39,20,30,84,50,0.2982456140350877,neutral
VYLNCLVV,52,35,39,38,87,77,0.08547008547008547,neutral
HCFFIYFY,28,21,4,4,49,8,0.5189873417721519,neutral
NFLIRVGF,73,54,17,20,127,37,0.5732484076433121,neutral
IVLCVSDY,7,0,0,0,7,0,0.1891891891891892,neutral
VCCCGLDS,30,17,14,18,47,32,0.19480519480519481,neutral
DNFRFNRC,8,3,6,4,11,10,0.024390243902439025,neutral
FFYFGSIV,39,24,13,15,63,28,0.3763440860215054,neutral
GYCCHDRG,29,12,15,20,41,35,0.08450704225352113,neutral
YFNFFSCV,22,13,5,15,35,20,0.23076923076923078,neutral
GNRYFFFF,24,19,1,1,43,2,0.5616438356164384,neutral
GCCLHSGC,13,4,2,7,17,9,0.1702127659574468,neutral
LCICVVHV,23,17,0,2,40,2,0.5428571428571428,neutral
VFCCFSVV,20,8,7,6,28,13,0.25862068965517243,neutral
FSGYCLGI,50,32,11,22,82,33,0.4375,neutral
FFNFHYIL,34,21,5,4,55,9,0.5411764705882353,neutral
FSFLVCVY,10,2,0,1,12,1,0.2619047619047619,neutral
LVFRHYLH,25,25,8,12,50,20,0.375,neutral
HYFRYFSN,36,17,1,6,53,7,0.5542168674698795,neutral
LNSCLLSY,23,14,9,7,37,16,0.31343283582089554,neutral
IFYRCFRF,7,3,0,0,10,0,0.25,neutral
YYYFVHSF,14,11,1,4,25,5,0.36363636363636365,neutral
VCDDGLCN,19,10,20,13,29,33,-0.06779661016949153,neutral
LFRIGSFH,35,19,10,5,54,15,0.4642857142857143,neutral
FVGFDVGS,36,29,23,25,65,48,0.17894736842105263,neutral
CSYHVDGF,53,34,18,25,87,43,0.37606837606837606,neutral
DVDRSGSG,40,26,27,25,66,52,0.14583333333333334,neutral
IGSFISLC,50,35,24,38,85,62,0.2,neutral
NCGRFCNS,7,4,3,3,11,6,0.12195121951219512,neutral
VCYGRGVY,76,59,26,18,135,44,0.5515151515151515,neutral
RCGSDIYR,42,29,21,25,71,46,0.24752475247524752,neutral
SSGVGIFR,21,10,9,12,31,21,0.16393442622950818,neutral
CCFRNNCF,20,18,4,6,38,10,0.4117647058823529,neutral
FDNVFGLL,41,26,18,19,67,37,0.30927835051546393,neutral
CDGCIFRG,17,12,3,3,29,6,0.3898305084745763,neutral
LCCNCRSC,37,27,12,7,64,19,0.4787234042553192,neutral
FYCVLSCS,28,18,3,10,46,13,0.4342105263157895,neutral
RCGFCLHS,23,14,9,7,37,16,0.31343283582089554,neutral
RYFLIHGV,43,24,7,20,67,27,0.41237113402061853,neutral
RFGFSFRD,29,19,15,16,48,31,0.21794871794871795,neutral
IVYYSNYF,17,5,7,7,22,14,0.15384615384615385,neutral
FRLCVGHV,6,7,0,2,13,2,0.2558139534883721,neutral
FCYHYVNR,18,17,5,8,35,13,0.3384615384615385,neutral
FGFSFVCG,38,20,11,18,58,29,0.32954545454545453,neutral
FDCCCFDC,30,20,10,10,50,20,0.375,neutral
CYNFCDGG,32,16,13,20,48,33,0.19230769230769232,neutral
GNDCIGCV,37,21,25,28,58,53,0.056818181818181816,neutral
VGSCCVHR,22,24,22,28,46,50,-0.05263157894736842,neutral
HRYCCCRG,18,14,3,5,32,8,0.3870967741935484,neutral
FFLSNHHG,44,27,20,22,71,42,0.2871287128712871,neutral
VLDRGFFS,21,16,7,6,37,13,0.3582089552238806,neutral
VVISGDRY,9,4,6,5,13,11,0.046511627906976744,neutral
DHSDCFGV,15,10,5,15,25,20,0.09090909090909091,neutral
FICISSVI,28,17,9,7,45,16,0.38666666666666666,neutral
GLCGVYHH,18,18,11,6,36,17,0.2878787878787879,neutral
FLSNCVDG,45,34,25,30,79,55,0.22018348623853212,neutral
YFCFIFVV,14,9,3,1,23,4,0.3584905660377358,neutral
FFFVYVVY,38,19,6,9,57,15,0.4827586206896552,neutral
HHVLGNYV,56,39,18,16,95,34,0.488,neutral
IGGGYVFV,27,16,9,7,43,16,0.3698630136986301,neutral
SFIFLVNC,25,13,2,2,38,4,0.5,neutral
CCYVHSHG,16,13,7,14,29,21,0.13559322033898305,neutral
ICGFICGC,43,28,15,19,71,34,0.36633663366336633,neutral
FFLGGGVD,27,12,15,15,39,30,0.13043478260869565,neutral
FFNRVNCI,63,44,32,24,107,56,0.3722627737226277,neutral
CYFCCCLD,24,10,3,5,34,8,0.40625,neutral
CCFGGYVC,23,22,7,6,45,13,0.4266666666666667,neutral
FFILCYCF,26,11,0,0,37,0,0.5522388059701493,neutral
FGVSFICS,17,2,5,5,19,10,0.1836734693877551,neutral
GVCLLFCR,16,8,0,0,24,0,0.4444444444444444,neutral
CHFCGGHC,45,27,9,20,72,29,0.4215686274509804,neutral
FYSGNVCG,30,18,15,18,48,33,0.19230769230769232,neutral
FFVCCCDD,44,28,13,19,72,32,0.39215686274509803,neutral
CFVRCLDY,57,59,16,19,116,35,0.5547945205479452,neutral
VRNVIFNF,11,5,3,7,16,10,0.13043478260869565,neutral
IYYYNGSC,39,21,7,4,60,11,0.5444444444444444,neutral
CFVVDNVF,71,56,32,26,127,58,0.4394904458598726,neutral
FFLFNSFL,20,17,3,3,37,6,0.4626865671641791,neutral
INYFLGDG,12,9,5,11,21,16,0.09803921568627451,neutral
SYDGGRDF,47,41,27,16,88,43,0.3813559322033898,neutral
NYRCVVSN,59,42,57,56,101,113,-0.0916030534351145,neutral
GIHLHYVS,8,3,5,8,11,13,-0.04878048780487805,neutral
CHYCDFCD,61,54,19,26,115,45,0.4827586206896552,neutral
SVCGVDIG,36,19,27,37,55,64,-0.10588235294117647,neutral
NCRFGLNF,23,19,18,24,42,42,0,neutral
CIRCFFCG,21,15,1,3,36,4,0.48484848484848486,neutral
SCVYSLVS,11,6,4,2,17,6,0.23404255319148937,neutral
FCGIVFCG,49,36,16,15,85,31,0.46956521739130436,neutral
DNFCDCGG,35,22,22,25,57,47,0.11494252873563218,neutral
YFFRVSVI,9,2,0,0,11,0,0.2682926829268293,neutral
CNISDSCC,41,29,27,32,70,59,0.11,neutral
FFHHNSVC,30,17,7,14,47,21,0.33766233766233766,neutral
FFLHCDCL,24,11,4,4,35,8,0.4153846153846154,neutral
CFLGGSFN,42,23,4,12,65,16,0.5157894736842106,neutral
YSCDYHND,44,25,10,14,69,24,0.45454545454545453,neutral
FGFDHCDL,47,37,24,18,84,42,0.3684210526315789,neutral
CCCGDSCY,36,33,18,25,69,43,0.26262626262626265,neutral
VGCDCVRY,17,17,9,11,34,20,0.21875,neutral
YGLCGGHC,70,64,34,48,134,82,0.3170731707317073,neutral
CHYCLRSF,19,7,8,6,26,14,0.21428571428571427,neutral
YCYVHCDG,57,43,22,15,100,37,0.4846153846153846,neutral
RCDGYCCF,36,17,10,14,53,24,0.3493975903614458,neutral
GDHCLCDG,66,55,30,40,121,70,0.33774834437086093,neutral
GHFNFFIC,55,42,22,36,97,58,0.30708661417322836,neutral
CYLGRDNC,35,19,25,35,54,60,-0.07142857142857142,neutral
YCIRRNCH,50,32,33,42,82,75,0.0625,neutral
SCCCLIHV,24,13,3,7,37,10,0.40298507462686567,neutral
HIDLFFVR,45,40,17,12,85,29,0.48695652173913045,neutral
VRNGFGVG,51,38,21,30,89,51,0.31932773109243695,neutral
SCCCICCL,33,21,10,9,54,19,0.4166666666666667,neutral
RYLRSSIS,66,56,44,29,122,73,0.3223684210526316,neutral
CHNGYHVV,33,22,24,21,55,45,0.11764705882352941,neutral
FCHGLYGI,22,6,6,10,28,16,0.20689655172413793,neutral
VYGFIGGV,63,53,22,17,116,39,0.5273972602739726,neutral
LLYRRYYV,7,4,3,0,11,3,0.1951219512195122,neutral
DFIVVDHY,62,46,16,21,108,37,0.5144927536231884,neutral
LFGHIFGV,36,23,22,18,59,40,0.21348314606741572,neutral
FVDGFIDD,81,65,25,23,146,48,0.5568181818181818,neutral
HLCYFDGI,39,32,6,12,71,18,0.5247524752475248,neutral
FVVCRCCF,10,5,1,1,15,2,0.28888888888888886,neutral
NHIFVSFF,7,3,1,1,10,2,0.2,neutral
CGCCGFDC,23,11,10,17,34,27,0.109375,neutral
GIFCCGYR,10,1,2,2,11,4,0.17073170731707318,neutral
RIFFDGYC,49,36,14,16,85,30,0.4782608695652174,neutral
YYNIRYHI,40,23,12,3,63,15,0.5161290322580645,neutral
DYLHLCGR,31,20,8,12,51,20,0.38271604938271603,neutral
NLSIGFRD,15,4,8,9,19,17,0.04081632653061224,neutral
FICVCGHV,30,13,9,14,43,23,0.273972602739726,neutral
CDVIFYNF,38,37,16,22,75,38,0.3523809523809524,neutral
LCVCFFCC,10,6,0,0,16,0,0.34782608695652173,neutral
YYFFFCCV,16,9,2,2,25,4,0.38181818181818183,neutral
FNISVDIL,42,43,15,14,85,29,0.48695652173913045,neutral
IIVVCVIG,8,3,2,0,11,2,0.21951219512195122,neutral
CGIHHRFV,26,13,4,20,39,24,0.21739130434782608,neutral
IHYYDVCG,31,21,7,14,52,21,0.3780487804878049,neutral
FHCNNNSC,96,78,87,100,174,187,-0.06372549019607843,neutral
YIGIRCSY,66,52,28,27,118,55,0.42567567567567566,neutral
FNYFGCCC,49,32,18,13,81,31,0.45045045045045046,neutral
FLNIVFIV,22,9,1,2,31,3,0.45901639344262296,neutral
FYFGYGYN,49,36,8,13,85,21,0.5565217391304348,neutral
FNCGDSFC,26,14,7,8,40,15,0.35714285714285715,neutral
CHFRYFVR,18,11,5,3,29,8,0.3559322033898305,neutral
FCDCVRFV,14,5,3,3,19,6,0.2653061224489796,neutral
IYYCVNSD,26,18,8,2,44,10,0.4594594594594595,neutral
GLIRGGGG,42,25,15,18,67,33,0.35051546391752575,neutral
FILVYFFS,16,11,1,5,27,6,0.3684210526315789,neutral
IGRHYSVC,15,10,17,14,25,31,-0.10909090909090909,neutral
YSDSSGIS,33,34,16,22,67,38,0.29896907216494845,neutral
CNICDIHS,40,33,28,31,73,59,0.13592233009708737,neutral
VNGFHVFC,15,8,0,5,23,5,0.33962264150943394,neutral
HNGLFIYC,28,19,12,14,47,26,0.2727272727272727,neutral
RHLIVGCR,30,21,24,24,51,48,0.037037037037037035,neutral
SIDGVFDS,3,2,1,0,5,1,0.11428571428571428,neutral
IYGFIRCV,6,10,1,4,16,5,0.2391304347826087,neutral
CHICCDVV,56,42,21,22,98,43,0.4296875,neutral
GFDSIDHY,25,11,4,4,36,8,0.42424242424242425,neutral
CGFFCRYN,18,9,1,2,27,3,0.42105263157894735,neutral
NYNVFCGV,27,22,6,14,49,20,0.3670886075949367,neutral
GGGLNVGY,75,62,61,62,137,123,0.08383233532934131,neutral
FNICNYFI,29,21,11,13,50,24,0.325,neutral
FDVSFFVC,35,25,6,8,60,14,0.5111111111111111,neutral
FHIFCHRR,12,8,6,7,20,13,0.14,neutral
YCINNVFH,43,25,22,19,68,41,0.2755102040816326,neutral
GLFFRISL,31,17,1,3,48,4,0.5641025641025641,neutral
FVHCSYGL,40,21,9,13,61,22,0.42857142857142855,neutral
GIGSCIGC,12,13,17,14,25,31,-0.10909090909090909,neutral
RLFCICSV,24,15,16,16,39,32,0.10144927536231885,neutral
IYGHISGI,65,47,34,31,112,65,0.33098591549295775,neutral
YSSCGHIL,30,20,22,20,50,42,0.1,neutral
LFFLGDYH,25,13,15,14,38,29,0.1323529411764706,neutral
YCYYRCGC,42,24,10,6,66,16,0.5208333333333334,neutral
FCGVFFNS,47,28,16,20,75,36,0.37142857142857144,neutral
CDRCFYLR,14,8,0,2,22,2,0.38461538461538464,neutral
DIVDHHRY,16,8,7,5,24,12,0.2222222222222222,neutral
IFVSGFFH,6,5,3,4,11,7,0.0975609756097561,neutral
GYFGSDYR,3,5,2,1,8,3,0.13157894736842105,neutral
FCRIDCFR,42,35,19,18,77,37,0.37383177570093457,neutral
FVCSLSCY,30,15,8,17,45,25,0.26666666666666666,neutral
CNDCCVRR,24,14,13,18,38,31,0.10294117647058823,neutral
FFCNIVIN,14,5,1,1,19,2,0.3469387755102041,neutral
FGVSYFYG,38,26,20,24,64,44,0.2127659574468085,neutral
RDLSISYG,19,10,10,10,29,20,0.15254237288135594,neutral
DLFVRCCC,25,10,6,8,35,14,0.3230769230769231,neutral
CCDIYNLC,1,2,1,1,3,2,0.030303030303030304,neutral
YFFLRFYI,23,13,1,1,36,2,0.5151515151515151,neutral
SFIVFFCH,30,13,7,7,43,14,0.3972602739726027,neutral
CLDNIRLC,48,29,20,25,77,45,0.29906542056074764,neutral
ICYFSRCF,10,8,1,1,18,2,0.3333333333333333,neutral
CCGIGNVV,10,9,12,10,19,22,-0.061224489795918366,neutral
FYSNFGGY,19,13,2,5,32,7,0.4032258064516129,neutral
FVRICGGY,24,10,6,2,34,8,0.40625,neutral
FRFCFCGC,22,18,9,4,40,13,0.38571428571428573,neutral
RCCCICLG,48,41,9,13,89,22,0.5630252100840336,neutral
SNFDDSYS,50,34,22,37,84,59,0.21929824561403508,neutral
HFDYHDIY,15,11,3,5,26,8,0.32142857142857145,neutral
CCYFYIGY,29,17,3,1,46,4,0.5526315789473685,neutral
LCVSGNYY,33,18,14,12,51,26,0.30864197530864196,neutral
FSGCYDHH,15,10,4,8,25,12,0.23636363636363636,neutral
FYHGYRVC,43,29,18,19,72,37,0.3431372549019608,neutral
GIGNDGCG,45,42,32,47,87,79,0.06837606837606838,neutral
NLNCFCSG,12,8,3,3,20,6,0.28,neutral
FFLFIFGF,16,6,0,1,22,1,0.40384615384615385,neutral
VLFCHICR,45,35,20,29,80,49,0.2818181818181818,neutral
FYDCDDFY,5,3,0,0,8,0,0.21052631578947367,neutral
NCFSNGIV,55,36,48,33,91,81,0.08264462809917356,neutral
CCDIVLSY,64,49,33,24,113,57,0.3916083916083916,neutral
FLVIVHDI,14,11,1,2,25,3,0.4,neutral
HCFGVRNL,31,21,28,33,52,61,-0.10975609756097561,neutral
FHRCLNDI,9,8,5,10,17,15,0.0425531914893617,neutral
FHSLCFCC,40,32,16,6,72,22,0.49019607843137253,neutral
CFIGFLGV,22,21,15,14,43,29,0.1917808219178082,neutral
IYVFLFYS,77,58,32,37,135,69,0.4,neutral
FCCLCHIL,41,22,6,4,63,10,0.5698924731182796,neutral
CFFRGCIC,30,18,6,7,48,13,0.44871794871794873,neutral
YICFFHFH,17,13,4,15,30,19,0.18333333333333332,neutral
IYIFIGFL,27,21,5,2,48,7,0.5256410256410257,neutral
YFFNRHSR,18,13,5,8,31,13,0.29508196721311475,neutral
LYGFGVFC,22,10,15,11,32,26,0.0967741935483871,neutral
HCYSVRLH,6,10,9,11,16,20,-0.08695652173913043,neutral
LYDNFDFI,17,11,6,7,28,13,0.25862068965517243,neutral
ILLFILYV,11,9,2,0,20,2,0.36,neutral
FICCVGYV,14,7,5,7,21,12,0.17647058823529413,neutral
FYVVRFVI,22,6,3,2,28,5,0.39655172413793105,neutral
YINICVVS,42,25,12,13,67,25,0.4329896907216495,neutral
GYCNFHVV,24,24,8,9,48,17,0.3974358974358974,neutral
GYVDVFNG,5,2,3,2,7,5,0.05405405405405406,neutral
HSYCYLHV,31,19,13,19,50,32,0.225,neutral
FCCRYCRC,4,6,1,3,10,4,0.15,neutral
HCCVCGCY,30,13,9,9,43,18,0.3424657534246575,neutral
FGFSLFDI,44,25,11,26,69,37,0.32323232323232326,neutral
RNCFYIDS,38,37,21,27,75,48,0.2571428571428571,neutral
SLHFFHCC,27,17,13,12,44,25,0.25675675675675674,neutral
CLDCCSFH,14,5,5,3,19,8,0.22448979591836735,neutral
CIYFVFLY,10,7,0,0,17,0,0.3617021276595745,neutral
YFFGIIVD,6,7,2,0,13,2,0.2558139534883721,neutral
ICDYGSCH,86,71,44,49,157,93,0.3422459893048128,neutral
CGCYGIGR,56,39,16,22,95,38,0.456,neutral
YVCCVVIH,27,11,3,3,38,6,0.47058823529411764,neutral
VDCFGDCN,35,18,8,11,53,19,0.40963855421686746,neutral
RGFCCRSI,26,9,13,11,35,24,0.16923076923076924,neutral
YLDSIIVF,10,10,4,5,20,9,0.22,neutral
HRFYVCFG,40,22,6,9,62,15,0.5108695652173914,neutral
HFVGFHRS,23,9,10,14,32,24,0.12903225806451613,neutral
VYSIRYFN,17,13,9,9,30,18,0.2,neutral
CVRFSFDI,58,41,28,26,99,54,0.3488372093023256,neutral
LDFLCCLN,59,41,22,22,100,44,0.4307692307692308,neutral
IVCFCFFV,4,2,1,0,6,1,0.1388888888888889,neutral
ICLVYCIS,22,9,0,6,31,6,0.4098360655737705,neutral
IYFDLVLC,17,12,4,7,29,11,0.3050847457627119,neutral
YVYNGVNS,14,12,7,13,26,20,0.10714285714285714,neutral
GVGIFYRC,54,35,27,43,89,70,0.15966386554621848,neutral
RCFDCSGL,15,8,7,3,23,10,0.24528301886792453,neutral
NYGFCYHC,55,37,20,19,92,39,0.4344262295081967,neutral
CVCVRSHG,41,25,15,22,66,37,0.3020833333333333,neutral
CGRDVFRD,39,25,28,31,64,59,0.05319148936170213,neutral
CVVCGCRF,48,37,11,8,85,19,0.5739130434782609,neutral
ISGGFRDG,86,71,53,69,157,122,0.18716577540106952,neutral
CNYICDYD,36,18,18,12,54,30,0.2857142857142857,neutral
DFNCHCVY,27,17,8,11,44,19,0.33783783783783783,neutral
RIGFVFLG,42,31,5,11,73,16,0.5533980582524272,neutral
LCCSRFCF,50,33,9,12,83,21,0.5486725663716814,neutral
SFDFFFGL,26,14,6,8,40,14,0.37142857142857144,neutral
GHNYDDYF,19,10,5,9,29,14,0.2542372881355932,neutral
CDCVGGVR,9,6,10,7,15,17,-0.044444444444444446,neutral
VFCVCDRS,19,14,10,10,33,20,0.20634920634920634,neutral
GYFYCFVH,12,6,4,1,18,5,0.2708333333333333,neutral
FCYVNLCC,47,31,8,13,78,21,0.5277777777777778,neutral
VCVRCYGC,27,14,9,10,41,19,0.30985915492957744,neutral
CGGVFGCV,37,20,15,17,57,32,0.28735632183908044,neutral
FCVVRNIH,61,46,52,46,107,98,0.06569343065693431,neutral
CCRFCYSH,2,2,0,1,4,1,0.08823529411764706,neutral
HCNCDIFR,19,13,9,6,32,15,0.27419354838709675,neutral
VRRSYHCC,35,25,30,35,60,65,-0.05555555555555555,neutral
FRYYRVSV,48,41,30,30,89,60,0.24369747899159663,neutral
VICCLSGF,38,24,14,15,62,29,0.358695652173913,neutral
LVLNLLGN,32,20,9,10,52,19,0.4024390243902439,neutral
SRLVRNIY,18,16,12,9,34,21,0.203125,neutral
HVLFHGVC,49,32,19,21,81,40,0.36936936936936937,neutral
NNLSVVDL,25,29,30,33,54,63,-0.10714285714285714,neutral
CIYVVISV,33,17,4,6,50,10,0.5,neutral
FFCVLYFR,8,0,1,1,8,2,0.15789473684210525,neutral
YCGCCFVR,10,7,4,5,17,9,0.1702127659574468,neutral
DDLFFGGG,9,4,2,1,13,3,0.23255813953488372,neutral
FFSFSFCG,14,6,1,4,20,5,0.3,neutral
FFLFCFHH,24,22,4,1,46,5,0.5394736842105263,neutral
DIGCVYRV,10,6,10,9,16,19,-0.06521739130434782,neutral
FCYFHISH,24,12,4,10,36,14,0.3333333333333333,neutral
LCYNCGHV,32,21,17,16,53,33,0.24096385542168675,neutral
GLFDYFDC,41,27,19,23,68,42,0.2653061224489796,neutral
FIRCFGIR,18,12,9,8,30,17,0.21666666666666667,neutral
FCYCCYVC,19,14,4,4,33,8,0.3968253968253968,neutral
LFRCYSNS,18,13,10,8,31,18,0.21311475409836064,neutral
CLFCRGFF,15,10,1,0,25,1,0.43636363636363634,neutral
LLYRFCFC,16,7,1,1,23,2,0.39622641509433965,neutral
LYFLRYYV,15,18,2,1,33,3,0.47619047619047616,neutral
FCYYVCFN,30,16,8,14,46,22,0.3157894736842105,neutral
CFVGHDDV,20,8,9,12,28,21,0.1206896551724138,neutral
FLFLYLFS,20,6,5,3,26,8,0.32142857142857145,neutral
SCHYFGHG,26,19,15,21,45,36,0.12,neutral
VYDRYSSC,23,9,5,2,32,7,0.4032258064516129,neutral
LCCRGVSG,3,3,0,0,6,0,0.16666666666666666,neutral
FICCLYLH,10,9,1,0,19,1,0.3673469387755102,neutral
FFFNGFHV,31,19,16,11,50,27,0.2875,neutral
YCLCYDIC,38,19,12,11,57,23,0.39080459770114945,neutral
CRGFRVLY,54,41,20,19,95,39,0.448,neutral
FDINYIDD,2,4,0,1,6,1,0.1388888888888889,neutral
FHNCFLRL,78,61,44,46,139,90,0.28994082840236685,neutral
LYCSFSFH,18,8,1,3,26,4,0.39285714285714285,neutral
VFSLCVCC,35,19,9,6,54,15,0.4642857142857143,neutral
IICFNYSL,27,15,6,5,42,11,0.4305555555555556,neutral
VCFYILVL,17,12,0,4,29,4,0.423728813559322,neutral
FVCFVCLH,30,17,4,2,47,6,0.5324675324675324,neutral
CFVIYSIH,42,31,8,7,73,15,0.5631067961165048,neutral
LCGGFNYL,20,5,4,5,25,9,0.2909090909090909,neutral
CHGCDYVC,44,29,21,21,73,42,0.30097087378640774,neutral
IHVFRLLH,19,6,10,12,25,22,0.05454545454545454,neutral
CSVVCCRH,25,11,7,5,36,12,0.36363636363636365,neutral
CGYDIFRG,43,28,22,13,71,35,0.3564356435643564,neutral
NYGVFVRF,4,2,1,2,6,3,0.08333333333333333,neutral
VGNSLRCY,30,21,25,18,51,43,0.09876543209876543,neutral
GIRFRFLS,49,34,26,38,83,64,0.168141592920354,neutral
DGIVFICC,21,9,3,0,30,3,0.45,neutral
CDICVRYS,46,28,7,9,74,16,0.5576923076923077,neutral
CIDGVDFF,30,31,20,21,61,41,0.21978021978021978,neutral
CYCNLCDC,27,10,6,6,37,12,0.373134328358209,neutral
YINNRNVN,36,21,30,35,57,65,-0.09195402298850575,neutral
FVCVLLCD,28,27,1,8,55,9,0.5411764705882353,neutral
DCYYRCYG,16,6,3,8,22,11,0.21153846153846154,neutral
LCDSGCLY,37,30,15,15,67,30,0.38144329896907214,neutral
IVDISFGS,41,24,39,29,65,68,-0.031578947368421054,neutral
YHLDDVGH,15,6,7,11,21,18,0.058823529411764705,neutral
CCDIGDIV,25,10,2,9,35,11,0.36923076923076925,neutral
ICCFGFCY,7,1,2,1,8,3,0.13157894736842105,neutral
NGFYLDRH,10,10,2,7,20,9,0.22,neutral
GFDSLCDC,7,6,1,4,13,5,0.18604651162790697,neutral
RRHFNIDR,16,6,4,6,22,10,0.23076923076923078,neutral
VNNGDYLD,46,31,22,32,77,54,0.21495327102803738,neutral
FCCYGNRV,16,20,12,7,36,19,0.25757575757575757,neutral
CRDLGRFV,14,11,4,5,25,9,0.2909090909090909,neutral
CFLFCVVV,31,23,4,2,54,6,0.5714285714285714,neutral
LLICSSFS,40,23,10,11,63,21,0.45161290322580644,neutral
DYVDYYIL,44,31,17,21,75,38,0.3523809523809524,neutral
IYFRCHFG,39,21,10,9,60,19,0.45555555555555555,neutral
SIVIGRVR,44,25,15,15,69,30,0.3939393939393939,neutral
YCDDRCYH,29,16,14,15,45,29,0.21333333333333335,neutral
VFVHGVFC,61,58,28,31,119,59,0.40268456375838924,neutral
LFCCCIHC,12,6,6,9,18,15,0.0625,neutral
SVCSCDVV,43,25,28,31,68,59,0.09183673469387756,neutral
LCCRSFDR,27,15,13,11,42,24,0.25,neutral
SYFSLVCS,31,21,19,13,52,32,0.24390243902439024,neutral
SVYICCCF,33,25,2,7,58,9,0.5568181818181818,neutral
IVYHNSIR,66,55,35,38,121,73,0.31788079470198677,neutral
GDIDFLSI,45,39,26,29,84,55,0.2543859649122807,neutral
CLCVDGLS,35,17,21,24,52,45,0.08536585365853659,neutral
GFNSGCII,37,21,28,32,58,60,-0.022727272727272728,neutral
FIFGSHYR,16,13,5,2,29,7,0.3728813559322034,neutral
FCCIGCRV,32,25,8,8,57,16,0.47126436781609193,neutral
FRVVGHRG,2,1,2,1,3,3,0,neutral
SHIVILYG,16,9,5,4,25,9,0.2909090909090909,neutral
FYFCGGRI,5,1,0,0,6,0,0.16666666666666666,neutral
CLVRCFSC,58,40,20,30,98,50,0.375,neutral
LFRISNCR,36,22,20,32,58,52,0.06818181818181818,neutral
DCNFLYCD,18,14,9,7,32,16,0.25806451612903225,neutral
NFCCSIVV,60,45,39,56,105,95,0.07407407407407407,neutral
HFNYLVID,24,15,11,5,39,16,0.3333333333333333,neutral
VHLVCCVD,27,20,9,17,47,26,0.2727272727272727,neutral
YIFDFFFC,19,14,5,1,33,6,0.42857142857142855,neutral
CVCYLFCC,45,26,13,2,71,15,0.5544554455445545,neutral
FVVCHVNI,33,24,11,15,57,26,0.3563218390804598,neutral
FGCFCFCD,23,5,5,14,28,19,0.15517241379310345,neutral
LLCGCVCI,21,28,8,6,49,14,0.4430379746835443,neutral
FFLFLFIV,3,4,0,0,7,0,0.1891891891891892,neutral
IFIYGLGI,44,41,11,20,85,31,0.46956521739130436,neutral
VYSYISVH,48,36,26,29,84,55,0.2543859649122807,neutral
CCNVFFVC,53,36,15,14,89,29,0.5042016806722689,neutral
HGGGVNRG,6,9,2,1,15,3,0.26666666666666666,neutral
FCGFFDYD,18,7,1,1,25,2,0.41818181818181815,neutral
CICYDSGF,28,21,7,8,49,15,0.43037974683544306,neutral
VHCCHGFD,50,40,29,15,90,44,0.38333333333333336,neutral
HRGVLCHF,23,12,8,6,35,14,0.3230769230769231,neutral
LVCCHCFS,13,4,1,2,17,3,0.2978723404255319,neutral
CVRGDNGF,11,5,5,5,16,10,0.13043478260869565,neutral
YDLCCDRC,11,8,1,6,19,7,0.24489795918367346,neutral
DVYFVFHR,17,7,2,0,24,2,0.4074074074074074,neutral
GHNFCCFY,33,16,13,17,49,30,0.24050632911392406,neutral
YISSRSDN,26,15,16,27,41,43,-0.028169014084507043,neutral
FCVGRDSI,0,2,2,2,2,4,-0.0625,neutral
YLVFFYGI,11,8,1,3,19,4,0.30612244897959184,neutral
GYCCCLIC,3,2,0,0,5,0,0.14285714285714285,neutral
CDGLSCLD,48,32,24,41,80,65,0.13636363636363635,neutral
FFCFICSF,9,4,1,1,13,2,0.2558139534883721,neutral
FCYHCYFH,45,33,7,12,78,19,0.5462962962962963,neutral
CHHICVVG,53,40,25,17,93,42,0.4146341463414634,neutral
VVGDRFCL,1,1,3,0,2,3,-0.03125,neutral
RLHVDIHC,51,42,38,33,93,71,0.17886178861788618,neutral
FVFDSFIR,22,15,5,7,37,12,0.373134328358209,neutral
CRFVGCLG,51,47,19,20,98,39,0.4609375,neutral
HICFFRCD,19,14,9,7,33,16,0.2698412698412698,neutral
CRCCSFVR,31,32,12,14,63,26,0.3978494623655914,neutral
YFVFCICI,23,7,0,2,30,2,0.4666666666666667,neutral
HHGGFCGL,9,8,15,5,17,20,-0.06382978723404255,neutral
FNFSGVGF,10,9,1,2,19,3,0.32653061224489793,neutral
YHRFLVHC,3,1,4,2,4,6,-0.058823529411764705,neutral
FLCDNVVD,9,5,6,6,14,12,0.045454545454545456,neutral
SDHICVVH,27,13,14,26,40,40,0,neutral
RHCVFCGC,38,29,27,22,67,49,0.18556701030927836,neutral
FFCCRGCY,20,18,2,3,38,5,0.4852941176470588,neutral
IIFNLFVY,30,15,1,1,45,2,0.5733333333333334,neutral
LNVLGHSC,33,19,14,28,52,42,0.12195121951219512,neutral
CVFFRCLR,29,11,2,0,40,2,0.5428571428571428,neutral
SVRLGRVH,34,24,27,22,58,49,0.10227272727272728,neutral
IYLSICYG,27,13,2,7,40,9,0.44285714285714284,neutral
HRLNRDFG,33,16,23,11,49,34,0.189873417721519,neutral
IIVICVYH,5,0,0,0,5,0,0.14285714285714285,neutral
LFGCRLSG,68,59,42,45,127,87,0.25477707006369427,neutral
LNCYYGCH,36,28,18,15,64,33,0.32978723404255317,neutral
CSSVVCIH,19,14,23,16,33,39,-0.09523809523809523,neutral
YFVVCGND,28,23,11,10,51,21,0.37037037037037035,neutral
LLCYDFFY,33,22,11,16,55,27,0.32941176470588235,neutral
CCYCGYCY,22,8,2,10,30,12,0.3,neutral
HYGGHYNN,25,23,18,16,48,34,0.1794871794871795,neutral
VLLLHCHF,36,17,5,3,53,8,0.54216867469879515,neutral
CCICYFYG,16,14,3,7,30,10,0.3333333333333333,neutral
ICNFCICD,9,11,1,0,20,1,0.38,neutral
FCNCCFVV,34,20,4,9,54,13,0.4880952380952381,neutral
FDDLYFVH,3,4,3,2,7,5,0.05405405405405406,neutral
LCCLLYDI,28,9,1,7,37,8,0.43283582089552236,neutral
GRIYYHCR,73,58,14,25,131,39,0.5714285714285714,neutral
FYVFFIDN,14,10,1,3,24,4,0.37037037037037035,neutral
HVSFCCGC,56,39,18,6,95,24,0.568,neutral
YCCIVCSV,36,29,8,10,65,18,0.49473684210526314,neutral
DLSGFCDV,41,32,12,20,73,32,0.39805825242718446,neutral
YVFGFCCC,42,27,3,13,69,16,0.5353535353535354,neutral
LRCGFIDF,76,57,30,25,133,55,0.4785276073619632,neutral
FICLCVCR,13,7,0,0,20,0,0.4,neutral
YCDCVIDH,13,19,8,8,32,16,0.25806451612903225,neutral
SFYRCDDY,18,7,6,4,25,10,0.2727272727272727,neutral
VLCGCDIR,28,17,21,26,45,47,-0.02666666666666667,neutral
CCFRCCHY,31,12,3,1,43,4,0.5342465753424658,neutral
FSSRRHHD,35,23,35,33,58,68,-0.11363636363636363,neutral
CCCCYCRY,3,1,0,1,4,1,0.08823529411764706,neutral
FCNCSFFF,65,47,15,19,112,34,0.5492957746478874,neutral
VLCCGCCS,2,6,2,4,8,6,0.05263157894736842,neutral
LYHIRYLF,4,2,0,0,6,0,0.16666666666666666,neutral
FFYVFFCV,29,19,2,3,48,5,0.5512820512820513,neutral
NYCDHIFF,16,7,12,15,23,27,-0.07547169811320754,neutral
CLIFGNVI,32,21,4,11,53,15,0.4578313253012048,neutral
VRVCSFIV,14,9,10,4,23,14,0.16981132075471697,neutral
VSVILIVR,17,6,1,0,23,1,0.41509433962264153,neutral
SFCDGDCF,15,6,1,3,21,4,0.3333333333333333,neutral
DCINYNLI,14,2,10,6,16,16,0,neutral
VGVCCGGF,27,21,12,15,48,27,0.2692307692307692,neutral
ISVCNFNR,24,18,11,12,42,23,0.2638888888888889,neutral
CHCCVRHF,38,34,8,20,72,28,0.43137254901960786,neutral
LYYSFVSC,26,20,13,16,46,29,0.2236842105263158,neutral
CHFGDFCV,32,19,11,11,51,22,0.35802469135802467,neutral
FFGYRFVL,42,30,9,9,72,18,0.5294117647058824,neutral
CILFLVIG,19,13,1,4,32,5,0.43548387096774194,neutral
VGFHRLHF,24,21,16,16,45,32,0.17333333333333334,neutral
ISNGFHNI,25,7,9,16,32,25,0.11290322580645161,neutral
FSHFGFSR,26,17,7,6,43,13,0.410958904109589,neutral
FNYLSYGI,28,11,10,7,39,17,0.3188405797101449,neutral
FCYSCFDY,38,36,16,22,74,38,0.34615384615384615,neutral
FGLLNVSH,27,14,19,18,41,37,0.056338028169014086,neutral
YYLVFGCH,25,16,4,9,41,13,0.39436619718309857,neutral
CFICCLLR,11,6,1,0,17,1,0.3404255319148936,neutral
SGFFVCSD,39,23,21,17,62,38,0.2608695652173913,neutral
ISVCYSVF,33,23,9,15,56,24,0.37209302325581395,neutral
IYILFCHV,14,12,1,1,26,2,0.42857142857142855,neutral
GDLFYGDG,39,26,14,15,65,29,0.37894736842105264,neutral
CCGLYCCY,13,9,2,2,22,4,0.34615384615384615,neutral
CRLDSYLL,70,58,24,36,128,60,0.43037974683544306,neutral
FLFNSVRY,43,26,8,10,69,18,0.5151515151515151,neutral
YSIGFLRR,68,51,36,34,119,70,0.3288590604026846,neutral
CFRHCFNY,19,22,4,5,41,9,0.4507042253521127,neutral
CDYSGNGR,50,41,47,51,91,98,-0.05785123966942149,neutral
LCGLHSCD,15,14,7,13,29,20,0.15254237288135594,neutral
NCGGGRCR,14,8,9,15,22,24,-0.038461538461538464,neutral
LFFVCCNV,20,18,7,4,38,11,0.39705882352941174,neutral
IVSRCVFD,5,3,4,5,8,9,-0.02631578947368421,neutral
YVLDVYGC,22,13,6,8,35,14,0.3230769230769231,neutral
FSGLRYDS,24,14,19,15,38,34,0.058823529411764705,neutral
NDFGFGIF,7,7,3,3,14,6,0.18181818181818182,neutral
FVVCRLNL,29,19,9,8,48,17,0.3974358974358974,neutral
FHYHCIIV,31,23,4,5,54,9,0.5357142857142857,neutral
FGNFDFLY,77,64,27,22,141,49,0.5380116959064327,neutral
YCVFVIRV,4,2,2,5,6,7,-0.027777777777777776,neutral
GDYFRFFV,25,13,5,7,38,12,0.38235294117647056,neutral
HYDDSRDV,4,5,10,4,9,14,-0.1282051282051282,neutral
YINCRFRG,26,10,17,21,36,38,-0.030303030303030304,neutral
LFLFGYRV,24,11,4,5,35,9,0.4,neutral
VCLFSGFV,25,21,11,22,46,33,0.17105263157894737,neutral
NCSYLCGD,24,10,14,11,34,25,0.140625,neutral
FIFSVSVR,6,2,0,0,8,0,0.21052631578947367,neutral
YIFNYIFI,14,15,0,0,29,0,0.4915254237288136,neutral
LVSNYLCV,0,5,0,1,5,1,0.11428571428571428,neutral
HCRYHCLS,37,23,21,17,60,38,0.24444444444444444,neutral
CSSLYFRV,29,18,23,29,47,52,-0.06493506493506493,neutral
CIDIDNLR,60,41,44,59,101,103,-0.015267175572519083,neutral
YICGCFSL,13,10,5,3,23,8,0.2830188679245283,neutral
CYFIFVVC,18,11,2,1,29,3,0.4406779661016949,neutral
CLFNLISI,59,42,27,41,101,68,0.25190839694656486,neutral
FCCYSYFH,31,21,5,5,52,10,0.5121951219512195,neutral
DICVCSYC,26,19,5,7,45,12,0.44,neutral
LGCCNCGI,22,13,4,3,35,7,0.4307692307692308,neutral
VCCIFVLL,11,9,0,0,20,0,0.4,neutral
RCDYDLSY,5,3,2,2,8,4,0.10526315789473684,neutral
VCIVLDRG,3,1,0,3,4,3,0.029411764705882353,neutral
IFGFGLRN,22,15,16,17,37,33,0.05970149253731343,neutral
CCGICCIN,44,28,12,5,72,17,0.5392156862745098,neutral
CVHDYGDL,28,18,5,5,46,10,0.47368421052631576,neutral
VHLCLGNH,54,39,39,41,93,80,0.10569105691056911,neutral
IHNSCHFS,42,34,22,24,76,46,0.2830188679245283,neutral
CSLHNLID,48,30,27,24,78,51,0.25,neutral
DNDYYVFY,8,5,4,1,13,5,0.18604651162790697,neutral
VYYLCLYF,22,13,4,0,35,4,0.47692307692307695,neutral
RRCGGCGC,24,9,7,14,33,21,0.19047619047619047,neutral
IVVICCNI,18,7,4,2,25,6,0.34545454545454546,neutral
FGGCFCLD,48,33,22,25,81,47,0.3063063063063063,neutral
FIRVDHHL,15,6,7,8,21,15,0.11764705882352941,neutral
FFFILSFF,9,9,0,0,18,0,0.375,neutral
CLSLCIDC,14,14,4,5,28,9,0.3275862068965517,neutral
CFNFNFHS,36,20,6,15,56,21,0.4069767441860465,neutral
YCFGIHRL,38,23,14,14,61,28,0.3626373626373626,neutral
ILHFFCFV,19,6,2,1,25,3,0.4,neutral
NYCLDVRC,29,21,6,14,50,20,0.375,neutral
YVRFGCLD,40,28,7,12,68,19,0.5,neutral
SGFGRGHR,37,33,30,29,70,59,0.11,neutral
IGFVYVFG,38,22,18,20,60,38,0.24444444444444444,neutral
GYRFRCCC,29,19,10,8,48,18,0.38461538461538464,neutral
NVFCLIRY,0,1,2,3,1,5,-0.12903225806451613,neutral
HCDCGCFH,50,34,15,19,84,34,0.43859649122807015,neutral
LRDCVYRD,29,15,18,20,44,38,0.08108108108108109,neutral
GVRGIILV,0,2,2,3,2,5,-0.09375,neutral
RRLYVRFH,55,36,23,30,91,53,0.3140495867768595,neutral
VHCCHVLL,9,4,2,0,13,2,0.2558139534883721,neutral
VLIYFNFY,35,16,9,10,51,19,0.3950617283950617,neutral
LFVFFFYD,27,23,3,1,50,4,0.575,neutral
HCGVVNFL,52,40,34,22,92,56,0.29508196721311475,neutral
NVNFRLSC,62,43,49,59,105,108,-0.022222222222222223,neutral
YYLFNCCD,37,20,17,20,57,37,0.22988505747126436,neutral
YRLCFFRV,6,6,0,0,12,0,0.2857142857142857,neutral
LCDGSFGI,28,23,13,13,51,26,0.30864197530864196,neutral
LYLNHFDH,48,30,14,21,78,35,0.39814814814814814,neutral
VCFFFFIC,21,11,6,3,32,9,0.3709677419354839,neutral
VHGLCSIR,50,40,50,54,90,104,-0.11666666666666667,neutral
LFCIHDCF,24,16,8,11,40,19,0.3,neutral
GFGNHFCH,43,27,17,24,70,41,0.29,neutral
VRIVVGNV,51,36,39,37,87,76,0.09401709401709402,neutral
YLLCHRSD,59,41,20,25,100,45,0.4230769230769231,neutral
HLYYDCIL,16,11,9,11,27,20,0.12280701754385964,neutral
GCRIINCG,1,5,3,2,6,5,0.027777777777777776,neutral
SHRFGFIV,41,24,35,40,65,75,-0.10526315789473684,neutral
VGLFFGCC,30,22,16,14,52,30,0.2682926829268293,neutral
CVSFDFSG,42,33,15,18,75,33,0.4,neutral
IVFFCFCL,22,6,4,2,28,6,0.3793103448275862,neutral
VCCHSNDF,34,23,10,17,57,27,0.3448275862068966,neutral
YYYGDFYS,8,6,3,4,14,7,0.1590909090909091,neutral
CICFFGFR,33,17,14,3,50,17,0.4125,neutral
RYCCSDGV,1,4,0,0,5,0,0.14285714285714285,neutral
DGVICFFF,20,11,2,0,31,2,0.47540983606557374,neutral
FFCDCCDL,25,15,4,3,40,7,0.4714285714285714,neutral
DSHSIRSF,46,27,40,42,73,82,-0.08737864077669903,neutral
CLVSYYYG,11,11,1,8,22,9,0.25,neutral
NSCSCDGF,67,57,38,29,124,67,0.37012987012987014,neutral
CSHISHYY,44,27,9,11,71,20,0.504950495049505,neutral
YFVCICIH,5,2,0,0,7,0,0.1891891891891892,neutral
VCRNHFLV,56,37,47,58,93,105,-0.0975609756097561,neutral
GYLIYVFH,19,12,2,3,31,5,0.4262295081967213,neutral
RHYCCVHC,31,16,13,13,47,26,0.2727272727272727,neutral
LYCLRSNV,40,33,39,37,73,76,-0.02912621359223301,neutral
YIVFVISD,31,14,5,3,45,8,0.49333333333333335,neutral
CFRVYCVV,20,11,0,3,31,3,0.45901639344262296,neutral
SRDCYGNI,31,20,21,27,51,48,0.037037037037037035,neutral
FLFFILFY,13,16,0,1,29,1,0.4745762711864407,neutral
GYNCCNYY,26,18,4,7,44,11,0.44594594594594594,neutral
VIHFVIDD,27,15,8,14,42,22,0.2777777777777778,neutral
CGLIDYFL,31,26,10,10,57,20,0.42528735632183906,neutral
FHVICCYN,13,10,1,4,23,5,0.33962264150943394,neutral
NCCYGFRD,76,57,43,55,133,98,0.2147239263803681,neutral
FHFSCNFC,5,0,0,0,5,0,0.14285714285714285,neutral
IVDNCIND,5,3,4,3,8,7,0.02631578947368421,neutral
YVNIVYDL,34,19,14,11,53,25,0.3373493975903614,neutral
FDCFCHCY,12,4,6,5,16,11,0.10869565217391304,neutral
GDCFSCII,8,4,3,5,12,8,0.09523809523809523,neutral
LCFGFIGC,50,37,35,38,87,73,0.11965811965811966,neutral
FFRFVCLN,20,15,2,1,35,3,0.49230769230769234,neutral
CNSRYFCV,21,9,7,15,30,22,0.13333333333333333,neutral
CIVSYFLD,30,16,4,5,46,9,0.4868421052631579,neutral
IYDFCFSS,29,17,10,18,46,28,0.23684210526315788,neutral
YCYCDFRC,12,4,0,3,16,3,0.2826086956521739,neutral
IGLSICLI,18,5,2,6,23,8,0.2830188679245283,neutral
VCCNFLCD,32,20,9,23,52,32,0.24390243902439024,neutral
GHHIDYSF,43,30,8,7,73,15,0.5631067961165048,neutral
CVGCLGCY,20,19,5,6,39,11,0.4057971014492754,neutral
DVYFCLVG,2,4,0,1,6,1,0.1388888888888889,neutral
HFFCCDCG,34,19,17,12,53,29,0.2891566265060241,neutral
SICNDFYL,23,22,16,13,45,29,0.21333333333333335,neutral
CFSCRSGF,39,20,13,32,59,45,0.15730337078651685,neutral
GGYHFVDH,34,18,15,20,52,35,0.2073170731707317,neutral
CFNGCFLS,20,6,5,10,26,15,0.19642857142857142,neutral
DFVFVGYV,53,40,26,18,93,44,0.3983739837398374,neutral
GIYDSCDY,14,10,1,3,24,4,0.37037037037037035,neutral
YCVLHRHN,5,0,2,1,5,3,0.05714285714285714,neutral
LIVGLIIV,3,6,0,0,9,0,0.23076923076923078,neutral
FDCCGYDY,49,42,17,17,91,34,0.47107438016528924,neutral
FFFCSICD,5,1,0,1,6,1,0.1388888888888889,neutral
CNFCYLIH,15,15,6,8,30,14,0.26666666666666666,neutral
CCFFGGFR,24,16,9,11,40,20,0.2857142857142857,neutral
VFDYYVCF,15,10,3,5,25,8,0.3090909090909091,neutral
LRVRCILH,5,1,2,5,6,7,-0.027777777777777776,neutral
FFHFGVFF,15,10,0,0,25,0,0.45454545454545453,neutral
FYVNCIGI,35,26,21,19,61,40,0.23076923076923078,neutral
FFICYFRF,27,8,0,0,35,0,0.5384615384615384,neutral
HCYLCHCC,28,19,5,9,47,14,0.42857142857142855,neutral
YYFGYCFR,43,24,10,13,67,23,0.4536082474226804,neutral
CFFLSCYV,22,11,7,6,33,13,0.31746031746031744,neutral
CHCYCGHS,34,25,6,10,59,16,0.48314606741573035,neutral
SCYLLCGC,59,44,17,19,103,36,0.5037593984962406,neutral
SCFNSNSR,42,23,26,40,65,66,-0.010526315789473684,neutral
GSFCFSDN,44,25,26,28,69,54,0.15151515151515152,neutral
CNFGHCYC,7,7,5,3,14,8,0.13636363636363635,neutral
FNFSYFRH,48,35,9,13,83,22,0.5398230088495575,neutral
DFGLLCRR,18,23,12,10,41,22,0.2676056338028169,neutral
CICFLIRF,12,13,0,1,25,1,0.43636363636363634,neutral
FVNRGCCN,36,24,36,28,60,64,-0.044444444444444446,neutral
IRVNHCVR,21,12,15,21,33,36,-0.047619047619047616,neutral
FIIFCYRI,4,4,0,0,8,0,0.21052631578947367,neutral
FSCCRLYF,39,20,6,5,59,11,0.5393258426966292,neutral
VRCVCNLR,45,32,16,26,77,42,0.32710280373831774,neutral
CYHVLNRC,51,38,23,26,89,49,0.33613445378151263,neutral
RCFFVFLI,23,16,2,2,39,4,0.5072463768115942,neutral
GICCCNHI,15,13,3,11,28,14,0.2413793103448276,neutral
GCRGYRVD,52,37,24,16,89,40,0.4117647058823529,neutral
HVRIVSHV,29,11,12,19,40,31,0.12857142857142856,neutral
NCYDVYCD,26,11,2,8,37,10,0.40298507462686567,neutral
CSRFVGGV,21,9,15,17,30,32,-0.03333333333333333,neutral
RICCCFDY,41,28,5,16,69,21,0.48484848484848486,neutral
YNYVFGFR,29,25,14,16,54,30,0.2857142857142857,neutral
CHYRFVLV,33,28,6,7,61,13,0.5274725274725275,neutral
CVSNIICG,29,21,21,23,50,44,0.075,neutral
CNSHIYSV,19,15,14,20,34,34,0,neutral
CISYYDCV,24,10,4,4,34,8,0.40625,neutral
SSYNYVIS,11,6,5,8,17,13,0.0851063829787234,neutral
ICDFCFCR,37,19,5,5,56,10,0.5348837209302325,neutral
YVGNYFRV,2,0,1,2,2,3,-0.03125,neutral
CCYLNVGH,12,4,7,4,16,11,0.10869565217391304,neutral
DCCRVCSY,22,15,3,3,37,6,0.4626865671641791,neutral
CSNIHYVH,19,10,10,12,29,22,0.11864406779661017,neutral
GYVIVLVL,24,8,2,1,32,3,0.46774193548387094,neutral
YILGSHCG,12,2,4,6,14,10,0.09090909090909091,neutral
FCCYYVYD,24,15,10,6,39,16,0.3333333333333333,neutral
FCDLCDDS,54,41,26,31,95,57,0.304,neutral
YGGIVGLG,17,8,11,11,25,22,0.05454545454545454,neutral
CVILFFDC,6,5,1,1,11,2,0.21951219512195122,neutral
GCSYINLD,23,21,5,7,44,12,0.43243243243243246,neutral
IHFGVHGI,43,29,28,30,72,58,0.13725490196078433,neutral
LLRVFGNL,50,33,26,26,83,52,0.2743362831858407,neutral
DVNCDHVR,33,17,23,23,50,46,0.05,neutral
FSRGCLCH,50,33,33,45,83,78,0.04424778761061947,neutral
FFYFYCRY,11,7,1,0,18,1,0.3541666666666667,neutral
CYVFGSGC,24,15,7,12,39,19,0.2898550724637681,neutral
NLRHCGYD,29,13,18,12,42,30,0.16666666666666666,neutral
FSGFGGYV,68,53,31,30,121,61,0.3973509933774834,neutral
DYNRDYSV,3,1,4,3,4,7,-0.08823529411764706,neutral
FVVFGLCH,38,22,14,9,60,23,0.4111111111111111,neutral
FCVVVSYH,34,25,6,2,59,8,0.5730337078651685,neutral
FGSCCRDL,39,24,29,31,63,60,0.03225806451612903,neutral
FYFYYNYV,33,32,7,7,65,14,0.5368421052631579,neutral
FVCGSGCL,53,39,24,39,92,63,0.23770491803278687,neutral
FFIFCDCL,13,14,2,3,27,5,0.38596491228070173,neutral
NCHRFFFR,61,46,23,25,107,48,0.4306569343065693,neutral
GLCYFCGF,25,14,5,6,39,11,0.4057971014492754,neutral
VFCFFVCG,15,13,2,2,28,4,0.41379310344827586,neutral
HFLCHCFI,38,23,12,14,61,26,0.38461538461538464,neutral
GFDFVGDF,35,21,6,8,56,14,0.4883720930232558,neutral
DFFSGGSV,18,8,15,13,26,28,-0.03571428571428571,neutral
GCVNRSYY,30,16,9,11,46,20,0.34210526315789475,neutral
VSGCCIRL,44,39,20,21,83,41,0.37168141592920356,neutral
HYHYVVRV,37,28,17,24,65,41,0.25263157894736843,neutral
FYYYLHGR,34,21,12,17,55,29,0.3058823529411765,neutral
HYCHFHVC,61,55,27,27,116,54,0.4246575342465753,neutral
FYCHNCVC,29,17,8,7,46,15,0.40789473684210525,neutral
LCVDDSCG,42,28,39,40,70,79,-0.09,neutral
YFRFLYDC,26,26,14,16,52,30,0.2682926829268293,neutral
FCCCRIVY,11,7,0,1,18,1,0.3541666666666667,neutral
FSRHSVFF,4,4,1,0,8,1,0.18421052631578946,neutral
VILFIIFN,30,13,3,1,43,4,0.5342465753424658,neutral
NHRLDGIC,16,17,16,18,33,34,-0.015873015873015872,neutral
RNHCFSGC,21,20,19,22,41,41,0,neutral
FCYFCGLV,26,21,3,3,47,6,0.5324675324675324,neutral
IFCFDFCF,22,11,0,3,33,3,0.47619047619047616,neutral
RCYCIRSS,42,34,17,10,76,27,0.46226415094339623,neutral
SGHGFVCH,37,18,20,22,55,42,0.15294117647058825,neutral
VSDVRDSG,41,28,26,19,69,45,0.24242424242424243,neutral
RFIRHCCG,53,51,33,39,104,72,0.23880597014925373,neutral
LFSCGGFY,51,42,17,20,93,37,0.45528455284552843,neutral
LISFGFGC,37,24,5,10,61,15,0.5054945054945055,neutral
VFCSHHDC,17,8,5,5,25,10,0.2727272727272727,neutral
VIDGLIGL,16,16,9,16,32,25,0.11290322580645161,neutral
NCYCRLYH,18,12,10,11,30,21,0.15,neutral
LVDCLVVR,40,31,14,17,71,31,0.39603960396039606,neutral
LHRLCFCV,41,31,11,10,72,21,0.5,neutral
LDDYGDCV,23,8,6,7,31,13,0.29508196721311475,neutral
LCIGYSYI,31,26,7,12,57,19,0.4367816091954023,neutral
GLRGHGGG,8,5,6,3,13,9,0.09302325581395349,neutral
FHFFSRSC,21,7,19,14,28,33,-0.08620689655172414,neutral
IILGCVRV,3,1,2,1,4,3,0.029411764705882353,neutral
CFFFGIFF,13,6,0,0,19,0,0.3877551020408163,neutral
NYGRCYYY,35,29,18,17,64,35,0.30851063829787234,neutral
CFDCVLNF,24,17,5,6,41,11,0.4225352112676056,neutral
VYNGCCVY,28,18,7,9,46,16,0.39473684210526316,neutral
ICVCRLLH,31,18,12,13,49,25,0.3037974683544304,neutral
CSSYVNSS,14,9,5,9,23,14,0.16981132075471697,neutral
FIFIHFLC,2,4,0,0,6,0,0.16666666666666666,neutral
FLNVGCYF,65,51,26,28,116,54,0.4246575342465753,neutral
CFFCFFHL,23,14,0,2,37,2,0.5223880597014925,neutral
LRLVVHLI,25,15,2,2,40,4,0.5142857142857142,neutral
FFGDHFSD,36,28,14,12,64,26,0.40425531914893614,neutral
CYYSCSRD,5,0,1,0,5,1,0.11428571428571428,neutral
CYHGNNNR,94,79,82,78,173,160,0.06403940886699508,neutral
CVISCGFF,33,23,7,16,56,23,0.38372093023255816,neutral
FYYLCNGV,29,12,15,15,41,30,0.15492957746478872,neutral
DCDCIIGD,47,40,22,34,87,56,0.26495726495726496,neutral
CRRRDYFV,26,12,9,8,38,17,0.3088235294117647,neutral
CSIFVCRG,5,6,6,7,11,13,-0.04878048780487805,neutral
CISYCSVY,64,49,24,16,113,40,0.5104895104895105,neutral
ILCYCFVC,13,13,3,0,26,3,0.4107142857142857,neutral
FFCLGGYH,24,9,11,11,33,22,0.1746031746031746,neutral
YYFSDGCC,29,19,9,9,48,18,0.38461538461538464,neutral
CHCGCLSY,37,22,6,6,59,12,0.5280898876404494,neutral
FYVCLCFR,13,10,1,0,23,1,0.41509433962264153,neutral
CCLCSYCG,31,13,4,4,44,8,0.4864864864864865,neutral
YCNFDFDS,32,22,16,26,54,42,0.14285714285714285,neutral
FCDHNHCG,22,12,18,10,34,28,0.09375,neutral
CFCYIGCI,39,33,8,10,72,18,0.5294117647058824,neutral
GCYNLYVC,55,40,39,48,95,87,0.064,neutral
FFFNVYFC,26,16,3,3,42,6,0.5,neutral
LRYDSFHG,57,40,24,11,97,35,0.4881889763779528,neutral
CDYLCFSY,11,7,4,4,18,8,0.20833333333333334,neutral
YGCHGGLV,17,23,6,11,40,17,0.32857142857142857,neutral
FLCCGCFD,24,19,4,5,43,9,0.4657534246575342,neutral
CHLCSCIG,28,23,2,10,51,12,0.48148148148148145,neutral
VISRICVN,51,40,41,45,91,86,0.04132231404958678,neutral
YCCRCRSF,58,39,13,15,97,28,0.5433070866141733,neutral
ILIFFCFG,9,12,1,2,21,3,0.35294117647058826,neutral
VLLLYIGC,13,9,1,0,22,1,0.40384615384615385,neutral
FNVISCGV,46,35,36,33,81,69,0.10810810810810811,neutral
CFVYVCGG,17,9,5,11,26,16,0.17857142857142858,neutral
YNGCFINV,28,12,15,13,40,28,0.17142857142857143,neutral
VRHVCYVV,43,26,40,41,69,81,-0.12121212121212122,neutral
VICGCHHD,8,3,5,6,11,11,0,neutral
CCVRGFCC,21,16,3,4,37,7,0.44776119402985076,neutral
IFLGSGVD,11,8,4,4,19,8,0.22448979591836735,neutral
VSYVVYRV,5,3,3,0,8,3,0.13157894736842105,neutral
CLDVRYCF,33,30,9,15,63,24,0.41935483870967744,neutral
FVVFRCFV,26,18,1,2,44,3,0.5540540540540541,neutral
NLCYCCYN,38,23,7,15,61,22,0.42857142857142855,neutral
VCYRCCCC,32,22,4,6,54,10,0.5238095238095238,neutral
YGFVYGYF,41,22,17,14,63,31,0.34408602150537637,neutral
CFCFVFHL,32,17,4,1,49,5,0.5569620253164557,neutral
DGGFCRFN,60,41,34,31,101,65,0.2748091603053435,neutral
LCVCGILL,39,22,11,5,61,16,0.4945054945054945,neutral
CSRHFRHY,40,22,15,26,62,41,0.22826086956521738,neutral
FISDGCDV,20,8,10,15,28,25,0.05172413793103448,neutral
HRVHRLLF,19,11,14,17,30,31,-0.016666666666666666,neutral
CGVFRFVF,19,8,4,5,27,9,0.3157894736842105,neutral
GFFFCCDF,25,9,3,10,34,13,0.328125,neutral
YYICYHYV,48,39,6,15,87,21,0.5641025641025641,neutral
SYCLGYSV,13,2,3,3,15,6,0.2,neutral
CRSCGNSG,29,12,3,4,41,7,0.4788732394366197,neutral
CNFSLGDV,58,44,43,44,102,87,0.11363636363636363,neutral
GNDVYVCG,20,6,11,12,26,23,0.05357142857142857,neutral
RSLGCCLG,20,15,17,18,35,35,0,neutral
CCRFRHLF,34,24,8,11,58,19,0.4431818181818182,neutral
YHIVSHHR,32,22,10,22,54,32,0.2619047619047619,neutral
CLFLCICF,15,13,1,0,28,1,0.46551724137931033,neutral
GLLHHCSG,17,15,15,18,32,33,-0.016129032258064516,neutral
LCCYCVRV,40,21,10,7,61,17,0.4835164835164835,neutral
HCGIGVLC,37,29,28,21,66,49,0.17708333333333334,neutral
NFNVFVGC,10,10,4,11,20,15,0.1,neutral
GVCGLVVH,71,55,34,30,126,64,0.3974358974358974,neutral
FRSLIGVF,50,37,24,23,87,47,0.3418803418803419,neutral
ICRIIIVI,10,6,1,0,16,1,0.32608695652173914,neutral
FCVFSGDV,14,16,8,12,30,20,0.16666666666666666,neutral
GYHGDFLS,4,1,0,2,5,2,0.08571428571428572,neutral
CNCIGFRN,10,9,5,4,19,9,0.20408163265306123,neutral
LCCGRDGI,14,11,7,9,25,16,0.16363636363636364,neutral
CCDLYSCF,34,26,16,16,60,32,0.3111111111111111,neutral
FDNRCFGG,52,33,29,24,85,53,0.2782608695652174,neutral
IFCCCFLC,29,20,6,4,49,10,0.4936708860759494,neutral
NHCHCIFS,13,7,2,4,20,6,0.28,neutral
SFCYLISH,25,9,10,13,34,23,0.171875,neutral
CSFIFNGC,54,44,25,16,98,41,0.4453125,neutral
CFLYINVI,18,14,1,1,32,2,0.4838709677419355,neutral
FYLRVCDH,12,10,8,6,22,14,0.15384615384615385,neutral
YVNLRLIY,27,16,6,3,43,9,0.4657534246575342,neutral
LLYLCFFY,30,20,3,2,50,5,0.5625,neutral
FFCFNFVC,35,29,4,7,64,11,0.5638297872340425,neutral
CYVYDFYF,42,36,8,8,78,16,0.5740740740740741,neutral
FSCYYDGC,24,9,8,10,33,18,0.23809523809523808,neutral
VYYVYCDL,28,26,6,8,54,14,0.47619047619047616,neutral
CGCHLCHD,18,13,2,1,31,3,0.45901639344262296,neutral
NCFGYFCF,36,20,8,14,56,22,0.3953488372093023,neutral
FFVGVLGL,20,13,7,3,33,10,0.36507936507936506,neutral
LLGILIHV,8,9,1,0,17,1,0.3404255319148936,neutral
CGNNSVFR,52,38,28,34,90,62,0.23333333333333334,neutral
HSVICGYL,58,47,45,35,105,80,0.18518518518518517,neutral
CFCYGRVN,14,6,2,5,20,7,0.26,neutral
YFGFSRNG,28,12,7,9,40,16,0.34285714285714286,neutral
RHSFGCIY,9,4,2,3,13,5,0.18604651162790697,neutral
FFVSYIDI,27,22,4,12,49,16,0.4177215189873418,neutral
HCVRVGFH,27,14,12,3,41,15,0.36619718309859156,neutral
YICRGVLD,34,25,13,23,59,36,0.25842696629213485,neutral
SYLGLCNG,95,83,53,67,178,120,0.27884615384615385,neutral
FCFFVVLR,11,12,1,0,23,1,0.41509433962264153,neutral
DLCGCSGV,43,26,34,28,69,62,0.0707070707070707,neutral
CGLGVYVL,111,95,82,97,206,179,0.11440677966101695,neutral
VFFLVYVF,24,10,1,1,34,2,0.5,neutral
IRFYFSHL,12,8,0,3,20,3,0.34,neutral
NCRNCVFH,50,32,33,43,82,76,0.05357142857142857,neutral
SSRYVCIY,65,47,52,53,112,105,0.04929577464788732,neutral
GIDNCRDF,31,19,16,14,50,30,0.25,neutral
CCYFRRNC,6,7,4,5,13,9,0.09302325581395349,neutral
LYRFVICG,5,1,2,2,6,4,0.05555555555555555,neutral
GNFFIRYC,25,9,3,7,34,10,0.375,neutral
FYRICYVH,24,14,5,4,38,9,0.4264705882352941,neutral
IRYHCRFS,34,20,13,13,54,26,0.3333333333333333,neutral
CFFVCHCL,7,3,3,3,10,6,0.1,neutral
FYFNNGRF,5,3,1,1,8,2,0.15789473684210525,neutral
NSSCGVCF,21,13,9,10,34,19,0.234375,neutral
FIYVGYVS,39,39,15,12,78,27,0.4722222222222222,neutral
GVCGGGSG,51,43,33,34,94,67,0.21774193548387097,neutral
SYCRHCGS,33,17,10,9,50,19,0.3875,neutral
IICCCLFD,19,8,3,2,27,5,0.38596491228070173,neutral
FVCVSICY,28,14,1,1,42,2,0.5555555555555556,neutral
IFGVCGFD,41,24,30,20,65,50,0.15789473684210525,neutral
DCFLDHFR,58,40,20,33,98,53,0.3515625,neutral
IIFFVVNL,24,17,3,2,41,5,0.5070422535211268,neutral
FCHYYYCL,31,14,8,4,45,12,0.44,neutral
YIDCRYVV,59,44,29,25,103,54,0.3684210526315789,neutral
SFDHSGFL,36,23,16,21,59,37,0.24719101123595505,neutral
CGNGHLSY,74,55,46,42,129,88,0.2578616352201258,neutral
NRVGCGRY,15,13,17,11,28,28,0,neutral
SSHVGGVG,30,16,19,23,46,42,0.05263157894736842,neutral
FCIYYNCL,24,12,6,3,36,9,0.4090909090909091,neutral
CIGDIFCF,26,12,12,15,38,27,0.16176470588235295,neutral
SFFYVNCL,37,18,19,21,55,40,0.17647058823529413,neutral
LCFFGYIG,36,23,3,5,59,8,0.5730337078651685,neutral
ISFFGGCC,69,56,24,22,125,46,0.5096774193548387,neutral
ICCFDGRN,29,17,6,16,46,22,0.3157894736842105,neutral
RCRLRHCV,90,72,73,85,162,158,0.020833333333333332,neutral
CVGVGVFL,114,97,58,77,211,135,0.3153526970954357,neutral
LVYHHGVD,89,74,39,51,163,90,0.37823834196891193,neutral
FDCYFYGS,24,9,11,13,33,24,0.14285714285714285,neutral
LCFCVVSC,63,48,23,19,111,42,0.48936170212765956,neutral
CIHNICCS,33,19,8,13,52,21,0.3780487804878049,neutral
LVCFGHFI,28,19,2,2,47,4,0.5584415584415584,neutral
YICGHFDC,37,29,7,6,66,13,0.5520833333333334,neutral
GICNNFNN,22,9,14,15,31,29,0.03278688524590164,neutral
GHYRCRCY,14,15,3,3,29,6,0.3898305084745763,neutral
VCIVGCCF,30,21,15,6,51,21,0.37037037037037035,neutral
RFGGGNCG,3,6,3,4,9,7,0.05128205128205128,neutral
VFFCCCRI,32,18,4,1,50,5,0.5625,neutral
VVGRVGFR,33,30,25,12,63,37,0.27956989247311825,neutral
VSVYVGVY,42,30,10,11,72,21,0.5,neutral
HSRCNCCG,41,35,14,12,76,26,0.4716981132075472,neutral
DCCYHCFH,26,23,6,14,49,20,0.3670886075949367,neutral
LFHLIYCL,30,13,3,1,43,4,0.5342465753424658,neutral
YDRYVCIN,11,6,4,5,17,9,0.1702127659574468,neutral
YRVFDFHV,48,31,13,13,79,26,0.48623853211009177,neutral
FICHFSVC,48,36,22,28,84,50,0.2982456140350877,neutral
VHCYSYGL,10,11,5,3,21,8,0.2549019607843137,neutral
SVFRSFSL,42,23,16,35,65,51,0.14736842105263157,neutral
GCGGYDLI,25,11,7,11,36,18,0.2727272727272727,neutral
HVLLDSVC,47,31,26,36,78,62,0.14814814814814814,neutral
FFFCCHSS,21,13,6,3,34,9,0.390625,neutral
CCSFFFYF,21,22,0,2,43,2,0.5616438356164384,neutral
GFSCCDVF,36,19,6,11,55,17,0.4470588235294118,neutral
FIFRVINH,23,17,15,5,40,20,0.2857142857142857,neutral
LLRCRVVD,28,20,16,14,48,30,0.23076923076923078,neutral
GCCLYVSC,18,15,5,8,33,13,0.31746031746031744,neutral
GVSNFYDG,29,17,17,16,46,33,0.17105263157894737,neutral
FCFYHCFR,11,5,2,4,16,6,0.21739130434782608,neutral
RSFCCRIV,52,38,23,39,90,62,0.23333333333333334,neutral
CIVNHCLL,47,30,25,20,77,45,0.29906542056074764,neutral
NFDCGYVL,25,27,7,9,52,16,0.43902439024390244,neutral
FCIGGNFV,53,37,15,18,90,33,0.475,neutral
HRCSCVVR,46,39,25,29,85,54,0.26956521739130435,neutral
CFCVFCCD,45,31,10,11,76,21,0.5188679245283019,neutral
FCVSHVCI,20,12,5,4,32,9,0.3709677419354839,neutral
CCDFSSRY,7,4,3,5,11,8,0.07317073170731707,neutral
FVFHCVDS,73,58,43,39,131,82,0.30434782608695654,neutral
VFCCLNGI,18,7,1,10,25,11,0.2545454545454545,neutral
IIFDRIFY,11,10,3,2,21,5,0.3137254901960784,neutral
GLNCGLVY,37,25,11,10,62,21,0.44565217391304346,neutral
CFCYGFIR,24,14,4,5,38,9,0.4264705882352941,neutral
FCIVYFFV,19,26,3,3,45,6,0.52,neutral
FCSGIIGG,105,87,89,87,192,176,0.07207207207207207,neutral
LCCSGCCV,20,22,2,8,42,10,0.4444444444444444,neutral
HSYCGHDI,29,32,9,12,61,21,0.43956043956043955,neutral
YFGCFLSR,42,30,22,21,72,43,0.28431372549019607,neutral
CYCSYSCI,37,26,4,9,63,13,0.5376344086021505,neutral
FLILGYFF,30,12,0,1,42,1,0.5694444444444444,neutral
HGHFVVCC,27,14,29,20,41,49,-0.11267605633802817,neutral
FYYFFILH,23,15,10,5,38,15,0.3382352941176471,neutral
CLIYNYVN,48,41,34,34,89,68,0.17647058823529413,neutral
VRRRCFDS,14,6,2,8,20,10,0.2,neutral
CYDGGRCC,30,22,20,23,52,43,0.10975609756097561,neutral
FFLDVIYG,20,10,2,2,30,4,0.43333333333333335,neutral
YVVFRGVL,21,12,12,7,33,19,0.2222222222222222,neutral
FFCICFSV,13,5,0,2,18,2,0.3333333333333333,neutral
VHHFVHLG,12,5,5,4,17,9,0.1702127659574468,neutral
CDVGFNGI,18,4,5,12,22,17,0.09615384615384616,neutral
FCYVYFHR,29,14,6,5,43,11,0.4383561643835616,neutral
FCVHVDFS,43,41,16,15,84,31,0.4649122807017544,neutral
FRHHFIFC,0,2,3,0,2,3,-0.03125,neutral
FFCHYNIG,23,13,2,5,36,7,0.4393939393939394,neutral
FRFIILVF,14,8,0,2,22,2,0.38461538461538464,neutral
FCFVLIYV,28,17,1,4,45,5,0.5333333333333333,neutral
CCYFDGFV,6,4,4,5,10,9,0.025,neutral
FFCYFCFV,14,6,1,1,20,2,0.36,neutral
IFVYFVVF,5,7,4,3,12,7,0.11904761904761904,neutral
LDFGCFVG,62,45,27,25,107,52,0.40145985401459855,neutral
RLFCFFIS,26,18,5,2,44,7,0.5,neutral
FCHDFICF,67,48,22,27,115,49,0.45517241379310347,neutral
FCILGYSS,50,47,34,31,97,65,0.25196850393700787,neutral
SCGGCFGL,57,45,28,25,102,53,0.3712121212121212,neutral
YCFHCNYI,27,23,8,8,50,16,0.425,neutral
SVGDHNFN,32,17,30,28,49,58,-0.11392405063291139,neutral
FVCCLSYD,35,22,12,14,57,26,0.3563218390804598,neutral
GCDSFCFG,24,23,23,12,47,35,0.15584415584415584,neutral
FFCCDYSD,22,9,3,6,31,9,0.36065573770491804,neutral
YCYSRRYS,39,24,12,9,63,21,0.45161290322580644,neutral
FCYYRIGC,26,15,8,5,41,13,0.39436619718309857,neutral
FLFVCIFG,20,14,0,0,34,0,0.53125,neutral
NLDLHVLH,6,1,2,4,7,6,0.02702702702702703,neutral
YVRYVCSV,26,14,10,8,40,18,0.3142857142857143,neutral
IFCFCCFC,22,15,4,2,37,6,0.4626865671641791,neutral
CCGVYYNG,23,8,12,11,31,23,0.13114754098360656,neutral
DCLLCGRC,45,31,14,20,76,34,0.39622641509433965,neutral
ICGICCID,41,28,12,13,69,25,0.4444444444444444,neutral
VINGGDRY,41,27,31,38,68,69,-0.01020408163265306,neutral
RFSYRFVC,29,16,22,18,45,40,0.06666666666666667,neutral
ICCCCDDV,35,21,20,24,56,44,0.13953488372093023,neutral
RIVGFFLY,37,23,5,4,60,9,0.5666666666666667,neutral
FYIDDFFL,32,20,17,20,52,37,0.18292682926829268,neutral
DCCCCVGF,41,28,14,11,69,25,0.4444444444444444,neutral
NRCIYCGR,43,24,20,23,67,43,0.24742268041237114,neutral
LFLVRFDC,32,15,8,5,47,13,0.44155844155844154,neutral
VVRCFLSR,37,29,18,30,66,48,0.1875,neutral
CRCVVVCN,83,73,28,24,156,52,0.5591397849462365,neutral
GFRHHYVH,35,18,11,13,53,24,0.3493975903614458,neutral
LCVYDFCD,56,46,19,27,102,46,0.42424242424242425,neutral
CNCHGRCV,31,16,10,8,47,18,0.37662337662337664,neutral
FSCFVRCN,8,8,5,5,16,10,0.13043478260869565,neutral
CVRFLLGN,30,18,16,11,48,27,0.2692307692307692,neutral
DFIDGVCF,7,5,5,4,12,9,0.07142857142857142,neutral
FFYDHVHL,28,11,12,19,39,31,0.11594202898550725,neutral
VLSRISVD,8,2,4,9,10,13,-0.075,neutral
GCIFSYCG,29,18,11,17,47,28,0.24675324675324675,neutral
SCVVLFYG,33,24,3,19,57,22,0.40229885057471265,neutral
FRCSDIFC,29,20,3,4,49,7,0.5316455696202531,neutral
FSFHHDHC,30,22,11,10,52,21,0.3780487804878049,neutral
FFGICCVI,9,6,3,1,15,4,0.24444444444444444,neutral
CFVCVVNS,2,3,1,0,5,1,0.11428571428571428,neutral
GSFSVIFG,34,25,15,29,59,44,0.16853932584269662,neutral
YLFVHCRI,9,4,0,1,13,1,0.27906976744186046,neutral
YICGVLDI,59,40,21,28,99,49,0.3875968992248062,neutral
NSVFCCCL,39,20,2,13,59,15,0.4943820224719101,neutral
CCDCRVCD,41,24,10,22,65,32,0.3473684210526316,neutral
VLYFRDGF,45,30,8,18,75,26,0.4666666666666667,neutral
FGLGGFFC,10,9,6,8,19,14,0.10204081632653061,neutral
CIYGHFRF,17,15,4,8,32,12,0.3225806451612903,neutral
VCRFYCVH,25,16,4,9,41,13,0.39436619718309857,neutral
GNYDYVYF,50,36,15,18,86,33,0.45689655172413796,neutral
NLNISCFG,41,37,26,19,78,45,0.3055555555555556,neutral
GYHVFFGL,63,46,27,29,109,56,0.381294964028777,neutral
FLFCYILR,20,10,0,1,30,1,0.48333333333333334,neutral
GFCDVFRY,29,16,8,8,45,16,0.38666666666666666,neutral
NVLVFLRF,6,4,0,0,10,0,0.25,neutral
YGLSLVNL,14,15,10,13,29,23,0.1016949152542373,neutral
FIGYDIDH,20,7,5,10,27,15,0.21052631578947367,neutral
RCCLSFVH,13,7,7,14,20,21,-0.02,neutral
CCVSVHCI,27,11,9,7,38,16,0.3235294117647059,neutral
FFVVYCCF,10,4,1,0,14,1,0.29545454545454547,neutral
YCLSNCLG,40,24,6,9,64,15,0.5212765957446809,neutral
VSCRNFCR,41,43,17,32,84,49,0.30701754385964913,neutral
CFLVGICH,39,26,17,16,65,33,0.3368421052631579,neutral
DFLCVSYC,7,6,2,3,13,5,0.18604651162790697,neutral
NCFRILYF,40,35,8,11,75,19,0.5333333333333333,neutral
VIRCYFRH,47,42,19,12,89,31,0.48739495798319327,neutral
FRFVGFLV,12,8,0,0,20,0,0.4,neutral
FYHVHVFG,25,14,5,3,39,8,0.4492753623188406,neutral
CHRCGSGF,0,2,1,2,2,3,-0.03125,neutral
CRRVFYVH,13,2,4,2,15,6,0.2,neutral
GCSCDCLG,18,8,5,3,26,8,0.32142857142857145,neutral
ILCRFRGL,42,27,24,27,69,51,0.18181818181818182,neutral
FFCCHYLC,36,18,8,6,54,14,0.47619047619047616,neutral
VLCVGDSI,46,50,35,29,96,64,0.25396825396825395,neutral
YYFIHDYC,33,19,10,11,52,21,0.3780487804878049,neutral
GYRGIGRV,4,5,3,4,9,7,0.05128205128205128,neutral
VCSFCCHR,23,14,5,5,37,10,0.40298507462686567,neutral
YSLFHIRR,36,27,13,21,63,34,0.3118279569892473,neutral
GHISCDFD,26,12,20,18,38,38,0,neutral
FGSCCIYL,3,4,2,1,7,3,0.10810810810810811,neutral
CYYFNSFY,12,3,6,4,15,10,0.1111111111111111,neutral
HSHCSGYV,39,27,19,18,66,37,0.3020833333333333,neutral
RVGFGIGD,13,6,5,8,19,13,0.12244897959183673,neutral
FIIVRCIV,29,13,1,1,42,2,0.5555555555555556,neutral
NFFSYSFC,11,10,3,2,21,5,0.3137254901960784,neutral
FSRCICYC,25,13,9,7,38,16,0.3235294117647059,neutral
VYSGIIFR,20,13,5,5,33,10,0.36507936507936506,neutral
RICCLVGF,25,17,3,7,42,10,0.4444444444444444,neutral
FCFYICFS,44,29,5,12,73,17,0.5436893203883495,neutral
NFVYGVRD,6,5,0,4,11,4,0.17073170731707318,neutral
SGGRNDVY,50,31,45,41,81,86,-0.04504504504504504,neutral
NLCYLNIL,16,13,8,2,29,10,0.3220338983050847,neutral
VCCGYFIN,8,10,3,3,18,6,0.25,neutral
VICCSFHC,3,2,0,2,5,2,0.08571428571428572,neutral
LLCFCCDL,15,7,1,5,22,6,0.3076923076923077,neutral
LDCYVCGC,78,59,39,54,137,93,0.2634730538922156,neutral
FFSDIFCL,9,5,3,2,14,5,0.20454545454545456,neutral
CNGSGVLV,11,6,7,16,17,23,-0.1276595744680851,neutral
CGCCVHIR,29,12,4,8,41,12,0.4084507042253521,neutral
YCHCFGVI,5,0,2,2,5,4,0.02857142857142857,neutral
CRGVGSIC,17,11,11,17,28,28,0,neutral
DSFFVFGD,73,54,24,28,127,52,0.47770700636942676,neutral
CYDFCGVF,7,5,2,2,12,4,0.19047619047619047,neutral
YLFYLHLF,34,18,12,6,52,18,0.4146341463414634,neutral
FISNIDLG,39,26,23,31,65,54,0.11578947368421053,neutral
GGFNVRSG,36,21,31,34,57,65,-0.09195402298850575,neutral
FSSGIFLY,22,13,15,10,35,25,0.15384615384615385,neutral
FLVCCLDY,49,41,12,13,90,25,0.5416666666666666,neutral
IYGYVGFS,21,14,3,10,35,13,0.3384615384615385,neutral
FCYYVYSH,13,8,2,4,21,6,0.29411764705882354,neutral
VYCFGCGS,20,6,6,4,26,10,0.2857142857142857,neutral
YRCSVFHG,24,11,14,23,35,37,-0.03076923076923077,neutral
VCNDSFDD,38,21,26,31,59,57,0.02247191011235955,neutral
FGDGCYVR,55,36,26,27,91,53,0.3140495867768595,neutral
LVSGLRFV,30,20,11,10,50,21,0.3625,neutral
ICVYSLCY,31,25,5,4,56,9,0.5465116279069767,neutral
SFCRVDLC,56,63,28,38,119,66,0.35570469798657717,neutral
DCHFGRYG,19,11,8,16,30,24,0.1,neutral
VCVCRINL,37,23,13,18,60,31,0.32222222222222224,neutral
RCGGCVNC,28,16,15,17,44,32,0.16216216216216217,neutral
LLGLCSCV,17,5,7,7,22,14,0.15384615384615385,neutral
FGRGGNGD,26,10,18,17,36,35,0.015151515151515152,neutral
YCVFHFFF,25,19,4,1,44,5,0.527027027027027,neutral
YILSCCYC,18,11,1,1,29,2,0.4576271186440678,neutral
VLNDINGC,22,23,20,22,45,42,0.04,neutral
VFVDCHIH,30,24,21,22,54,43,0.13095238095238096,neutral
FCYFHICF,15,3,0,0,18,0,0.375,neutral
YFFYRDFF,13,3,2,6,16,8,0.17391304347826086,neutral
FCVVCGVC,37,22,13,13,59,26,0.3707865168539326,neutral
ICVCVGVV,33,16,7,8,49,15,0.43037974683544306,neutral
VVCCCSFR,32,15,4,3,47,7,0.5194805194805194,neutral
CILHVRGD,64,50,41,53,114,94,0.1388888888888889,neutral
SVLYYFGC,34,19,9,6,53,15,0.4578313253012048,neutral
LSCVCYHV,21,16,11,10,37,21,0.23880597014925373,neutral
FFYFFFGC,17,6,0,0,23,0,0.4339622641509434,neutral
FCFFIIDC,24,21,2,1,45,3,0.56,neutral
GFVYCFGG,37,22,11,12,59,23,0.4044943820224719,neutral
IHCFRNGG,25,14,21,22,39,43,-0.057971014492753624,neutral
YVCIYGVR,36,22,6,8,58,14,0.5,neutral
FHRLCRVR,39,27,42,32,66,74,-0.08333333333333333,neutral
IHVYSGVL,32,25,16,10,57,26,0.3563218390804598,neutral
HSVVYIIN,24,14,2,10,38,12,0.38235294117647056,neutral
NILSFRRD,32,26,19,21,58,40,0.20454545454545456,neutral
NFYYLHCC,37,19,6,11,56,17,0.45348837209302323,neutral
YCYFIIIH,23,7,4,3,30,7,0.38333333333333336,neutral
LYFNVVFF,17,9,0,0,26,0,0.4642857142857143,neutral
FNLCVDIV,37,29,14,11,66,25,0.4270833333333333,neutral
FFYGCGVS,7,7,1,4,14,5,0.20454545454545456,neutral
SRYCGILL,28,19,11,20,47,31,0.2077922077922078,neutral
GFGSHFGF,20,9,4,8,29,12,0.288135593220339,neutral
VVSIGNIR,4,4,4,5,8,9,-0.02631578947368421,neutral
RGIDHFIF,33,20,17,20,53,37,0.1927710843373494,neutral
FVCIHVHS,21,16,2,12,37,14,0.34328358208955223,neutral
SFLNIRLI,85,66,49,56,151,105,0.2541436464088398,neutral
RIGHHGGF,36,28,33,35,64,68,-0.0425531914893617,neutral
HVCCIFSG,44,34,18,23,78,41,0.3425925925925926,neutral
FIGFFCVS,32,24,9,9,56,18,0.4418604651162791,neutral
FYLICLNY,11,3,0,0,14,0,0.3181818181818182,neutral
SFGGRFNL,37,19,21,25,56,46,0.11627906976744186,neutral
FDYRYILI,13,19,1,3,32,4,0.45161290322580644,neutral
FGCRYVFG,9,12,5,10,21,15,0.11764705882352941,neutral
SNLIILCN,24,17,1,4,41,5,0.5070422535211268,neutral
IYVDLVNY,3,6,2,2,9,4,0.1282051282051282,neutral
CCSHRGYL,39,25,16,26,64,42,0.23404255319148937,neutral
IYVRGCLS,63,45,20,29,108,49,0.427536231884058,neutral
GRRLIGCC,3,3,1,4,6,5,0.027777777777777776,neutral
CHFRGSVS,4,3,1,3,7,4,0.08108108108108109,neutral
IFVHFGDF,19,11,6,7,30,13,0.2833333333333333,neutral
VVRLDLCY,58,39,26,26,97,52,0.3543307086614173,neutral
FCCVICVY,18,7,1,1,25,2,0.41818181818181815,neutral
CCVISCCV,24,14,9,8,38,17,0.3088235294117647,neutral
RGRYRNCS,41,26,28,28,67,56,0.1134020618556701,neutral
YYVICCYC,26,15,3,3,41,6,0.49295774647887325,neutral
FFCYHVVI,34,24,6,4,58,10,0.5454545454545454,neutral
LRDYNDGF,13,11,3,2,24,5,0.35185185185185186,neutral
CGVDGGDG,4,2,2,2,6,4,0.05555555555555555,neutral
NLFNYYCF,18,16,13,12,34,25,0.140625,neutral
INILHYDH,42,36,13,10,78,23,0.5092592592592593,neutral
FFFCFFRF,26,12,0,0,38,0,0.5588235294117647,neutral
FNCYCGFV,25,22,11,12,47,23,0.3116883116883117,neutral
ILVYIFRV,8,3,2,1,11,3,0.1951219512195122,neutral
IFCGCYDF,37,26,15,17,63,32,0.3333333333333333,neutral
IGVSRSCF,48,36,50,47,84,97,-0.11403508771929824,neutral
LFGDDYGF,36,24,16,17,60,33,0.3,neutral
GSFGLSLC,24,15,20,21,39,41,-0.028985507246376812,neutral
LFGFVCCC,41,25,8,5,66,13,0.5520833333333334,neutral
FFLLFFIV,5,4,0,0,9,0,0.23076923076923078,neutral
IYHDYVCI,41,29,21,22,70,43,0.27,neutral
FDYCGILF,35,23,23,25,58,48,0.11363636363636363,neutral
VHFVFYII,30,18,2,1,48,3,0.5769230769230769,neutral
IYNNILFC,19,8,6,10,27,16,0.19298245614035087,neutral
GCDVCSLF,29,14,13,5,43,18,0.3424657534246575,neutral
LCHIYVCF,21,19,0,2,40,2,0.5428571428571428,neutral
HFVGYFVF,31,16,3,5,47,8,0.5064935064935064,neutral
SYIFDFRI,10,7,1,2,17,3,0.2978723404255319,neutral
FGGYLSFV,36,29,11,8,65,19,0.4842105263157895,neutral
VCCDGFLD,25,12,3,2,37,5,0.47761194029850745,neutral
FNHVSSNV,33,19,25,31,52,56,-0.04878048780487805,neutral
NVLHYCLV,11,12,5,9,23,14,0.16981132075471697,neutral
FDCHIFVC,3,3,0,0,6,0,0.16666666666666666,neutral
YFCFVVHG,31,26,8,6,57,14,0.4942528735632184,neutral
FFLSCDCG,1,1,2,1,2,3,-0.03125,neutral
GCNIYGVC,31,24,10,9,55,19,0.4235294117647059,neutral
FCVFNFYC,40,21,8,7,61,15,0.5054945054945055,neutral
CFFSHSRH,37,27,23,30,64,53,0.11702127659574468,neutral
FFDHYVLC,1,8,2,0,9,2,0.1794871794871795,neutral
NGRDHFCD,21,21,27,24,42,51,-0.125,neutral
IRGLFDFI,37,19,6,9,56,15,0.47674418604651164,neutral
NNGVSHCG,37,18,27,33,55,60,-0.058823529411764705,neutral
DHRFGCCF,55,37,16,13,92,29,0.5163934426229508,neutral
VYLSCGRF,18,10,8,6,28,14,0.2413793103448276,neutral
IDVYRYDY,33,25,7,8,58,15,0.48863636363636365,neutral
HRCFCVHV,18,6,7,5,24,12,0.2222222222222222,neutral
CGLCHVFH,12,6,2,6,18,8,0.20833333333333334,neutral
YFNGVICV,20,11,3,6,31,9,0.36065573770491804,neutral
YDSVDIFI,57,39,18,18,96,36,0.47619047619047616,neutral
FFFCLLGH,24,14,0,0,38,0,0.5588235294117647,neutral
DCISSGYG,14,18,6,8,32,14,0.2903225806451613,neutral
FCYLSSCD,34,17,5,10,51,15,0.4444444444444444,neutral
NVYHRDIG,36,18,27,19,54,46,0.09523809523809523,neutral
VCYVYLVC,10,5,0,0,15,0,0.3333333333333333,neutral
YYNFGNRV,19,10,6,4,29,10,0.3220338983050847,neutral
IFCVRHFV,41,28,6,8,69,14,0.5555555555555556,neutral
FNVYFCYH,30,22,11,8,52,19,0.4024390243902439,neutral
LRYCGRGG,14,11,12,4,25,16,0.16363636363636364,neutral
YYHGYLFH,22,25,25,31,47,56,-0.11688311688311688,neutral
FGNIGVCF,10,8,6,3,18,9,0.1875,neutral
CCFGLRIC,56,44,16,28,100,44,0.4307692307692308,neutral
IFLFVNLC,11,9,1,2,20,3,0.34,neutral
FHVDCDIG,23,8,10,11,31,21,0.16393442622950818,neutral
GCGCYFGC,33,26,11,14,59,25,0.38202247191011235,neutral
HHCCVCVC,65,50,19,16,115,35,0.5517241379310345,neutral
CYYCCLNL,21,12,1,2,33,3,0.47619047619047616,neutral
LVLVYCDD,31,13,5,9,44,14,0.40540540540540543,neutral
CDHCVNYV,2,1,0,2,3,2,0.030303030303030304,neutral
NLIGFLYL,28,16,3,5,44,8,0.4864864864864865,neutral
FCFCCNRF,10,12,6,2,22,8,0.2692307692307692,neutral
LRCFDVRI,71,64,55,68,135,123,0.07272727272727272,neutral
FNCYRGFI,5,4,3,1,9,4,0.1282051282051282,neutral
HCCVIYYF,37,21,7,11,58,18,0.45454545454545453,neutral
DLRFVGCR,51,32,46,49,83,95,-0.10619469026548672,neutral
SSGYGCHC,3,5,1,1,8,2,0.15789473684210525,neutral
YSICDCYC,38,24,10,12,62,22,0.43478260869565216,neutral
CSGLCCVL,37,31,5,7,68,12,0.5714285714285714,neutral
LVINICFH,18,2,0,0,20,0,0.4,neutral
IYFYFVYC,13,6,1,1,19,2,0.3469387755102041,neutral
FLHVGCCC,45,29,20,9,74,29,0.4326923076923077,neutral
LCVSDSCC,34,26,32,24,60,56,0.044444444444444446,neutral
FCDLRSVF,31,12,8,12,43,20,0.3150684931506849,neutral
CCVFSNCY,14,9,3,2,23,5,0.33962264150943394,neutral
SDCLLIYF,54,38,10,15,92,25,0.5491803278688525,neutral
CYGHIGFL,48,34,15,20,82,35,0.41964285714285715,neutral
IYCRVVSF,25,19,11,12,44,23,0.28378378378378377,neutral
CYIGCISV,34,23,11,20,57,31,0.2988505747126437,neutral
FVFCLYNL,11,8,1,0,19,1,0.3673469387755102,neutral
FIFGFFHI,27,11,3,2,38,5,0.4852941176470588,neutral
HFDYDDLC,5,0,0,0,5,0,0.14285714285714285,neutral
SGGVFGCC,92,73,56,50,165,106,0.30256410256410254,neutral
CFYFVLCC,9,3,0,2,12,2,0.23809523809523808,neutral
VFYYCHSY,27,24,6,11,51,17,0.41975308641975306,neutral
RYGIGSDC,7,2,4,5,9,9,0,neutral
FHYHSFFV,32,28,15,15,60,30,0.3333333333333333,neutral
SGVLCHYN,55,36,54,40,91,94,-0.024793388429752067,neutral
VCFRDLHV,38,24,21,24,62,45,0.18478260869565216,neutral
VFFCCFIG,31,14,1,1,45,2,0.5733333333333334,neutral
ISFSCCVR,28,11,8,14,39,22,0.2463768115942029,neutral
CCDVVRCV,81,65,54,67,146,121,0.14204545454545456,neutral
DFVYSSIF,47,29,14,13,76,27,0.46226415094339623,neutral
CFVSIRGG,16,6,13,5,22,18,0.07692307692307693,neutral
CHDLYYCS,44,33,15,15,77,30,0.4392523364485981,neutral
YLYIVCFV,2,3,0,0,5,0,0.14285714285714285,neutral
HICGFISC,50,32,35,32,82,67,0.13392857142857142,neutral
GDLVLGCR,8,4,5,5,12,10,0.047619047619047616,neutral
LIGVFYCS,56,46,23,25,102,48,0.4090909090909091,neutral
FIHSCRYG,54,37,36,27,91,63,0.23140495867768596,neutral
ICHGYNGL,2,1,1,1,3,2,0.030303030303030304,neutral
NDIRILFF,29,15,0,3,44,3,0.5540540540540541,neutral
VFDDGFCC,19,15,5,5,34,10,0.375,neutral
YLSLFGIS,42,32,25,23,74,48,0.25,neutral
DCCVGFYC,14,14,4,4,28,8,0.3448275862068966,neutral
HHYIGGSY,28,16,6,5,44,11,0.44594594594594594,neutral
FLCCYCFI,16,8,3,3,24,6,0.3333333333333333,neutral
CYHHCGSC,42,32,14,12,74,26,0.46153846153846156,neutral
CFSIVFDH,39,24,12,14,63,26,0.3978494623655914,neutral
HHCSFCIC,15,7,5,6,22,11,0.21153846153846154,neutral
FRRGGVLR,33,30,10,22,63,32,0.3333333333333333,neutral
RLFFRFGH,24,10,13,17,34,30,0.0625,neutral
SRLSSYCF,27,13,13,16,40,29,0.15714285714285714,neutral
CCLYDRGY,15,11,6,4,26,10,0.2857142857142857,neutral
SCYRVCCD,33,24,13,15,57,28,0.3333333333333333,neutral
CIGFDFSS,26,11,8,13,37,21,0.23880597014925373,neutral
CFFFSNHV,14,4,1,0,18,1,0.3541666666666667,neutral
GGFCFCDG,32,13,12,11,45,23,0.29333333333333333,neutral
CCVFCNDH,8,5,2,5,13,7,0.13953488372093023,neutral
LIRSNYRD,61,48,27,30,109,57,0.37410071942446044,neutral
FFYLFCLC,16,4,0,0,20,0,0.4,neutral
HVLGLCCN,36,20,20,18,56,38,0.20930232558139536,neutral
FYDGVIFC,11,4,2,5,15,7,0.17777777777777778,neutral
FCSLLDIC,63,46,31,26,109,57,0.37410071942446044,neutral
FCYVGVIF,26,12,0,3,38,3,0.5147058823529411,neutral
NFVGIFYY,9,7,0,1,16,1,0.32608695652173914,neutral
FCNLHLRF,30,16,19,24,46,43,0.039473684210526314,neutral
ICHVYHDF,48,29,11,16,77,27,0.4672897196261682,neutral
LGCVCCRD,1,5,0,2,6,2,0.1111111111111111,neutral
VYDGFRGY,43,28,8,7,71,15,0.5544554455445545,neutral
FYCFRFGV,36,19,6,11,55,17,0.4470588235294118,neutral
DFICHVII,21,11,3,6,32,9,0.3709677419354839,neutral
FNDLYRSY,39,25,5,9,64,14,0.5319148936170213,neutral
HCIYRFCS,3,0,2,0,3,2,0.030303030303030304,neutral
YLGVSYHG,17,3,3,4,20,7,0.26,neutral
FFVRCRGI,15,13,17,13,28,30,-0.034482758620689655,neutral
FRISSSSS,10,8,14,6,18,20,-0.041666666666666664,neutral
SFGCCIYS,39,23,21,26,62,47,0.16304347826086957,neutral
FCRSIYGV,40,29,15,20,69,35,0.3434343434343434,neutral
DFCFFYCH,16,5,4,5,21,9,0.23529411764705882,neutral
VSGGCLDL,52,45,46,45,97,91,0.047244094488188976,neutral
HNCCVYCY,34,25,6,5,59,11,0.5393258426966292,neutral
VCYFHICG,57,38,13,10,95,23,0.576,neutral
FRRNDVCY,21,7,6,8,28,14,0.2413793103448276,neutral
GGSIDVSS,24,23,23,31,47,54,-0.09090909090909091,neutral
LCNHIFHF,51,36,25,27,87,52,0.29914529914529914,neutral
RCGCIGCG,23,20,9,10,43,19,0.3287671232876712,neutral
FDVHFCIY,34,16,5,9,50,14,0.45,neutral
YFFVHCDI,46,34,16,12,80,28,0.4727272727272727,neutral
VYDCVGCL,26,16,11,9,42,20,0.3055555555555556,neutral
VHVICVDL,36,27,11,11,63,22,0.44086021505376344,neutral
ISCFDFDC,25,12,10,9,37,19,0.26865671641791045,neutral
LDCCNDGV,41,35,28,47,76,75,0.009433962264150943,neutral
LCGIFRCG,60,46,19,26,106,45,0.4485294117647059,neutral
FNYRHFYV,30,18,8,6,48,14,0.4358974358974359,neutral
ISVGFGRR,28,18,15,23,46,38,0.10526315789473684,neutral
CFVNGFRD,41,35,21,21,76,42,0.32075471698113206,neutral
VCSNYIVH,45,30,52,35,75,87,-0.11428571428571428,neutral
YFRYGVCL,99,81,34,33,180,67,0.5380952380952381,neutral
VFRLGCHF,27,15,12,12,42,24,0.25,neutral
IYFDVGHY,28,17,9,17,45,26,0.25333333333333335,neutral
DNGCCHGI,32,23,16,25,55,41,0.16470588235294117,neutral
FCDLGFCL,19,10,11,17,29,28,0.01694915254237288,neutral
VFGFYVGF,13,6,1,1,19,2,0.3469387755102041,neutral
VGRYFCYL,15,16,8,7,31,15,0.26229508196721313,neutral
FGCFNYYI,23,12,15,23,35,38,-0.046153846153846156,neutral
ICHVNFFR,53,35,31,34,88,65,0.19491525423728814,neutral
LYCVDIGC,40,26,13,9,66,22,0.4583333333333333,neutral
FCGGFGVC,38,25,12,6,63,18,0.4838709677419355,neutral
CCDFCLLH,23,13,11,6,36,17,0.2878787878787879,neutral
CFYNVSIC,39,25,9,14,64,23,0.43617021276595747,neutral
CRFICICG,30,13,1,4,43,5,0.5205479452054794,neutral
FYDVIIVI,19,9,0,0,28,0,0.4827586206896552,neutral
CCVNFRCC,3,2,0,0,5,0,0.14285714285714285,neutral
FYIRYRSF,27,15,10,7,42,17,0.3472222222222222,neutral
GGNRYVYG,76,63,48,50,139,98,0.24260355029585798,neutral
FVDFHLYH,37,19,23,19,56,42,0.16279069767441862,neutral
FCYIIFCH,27,18,1,8,45,9,0.48,neutral
DYIFNVVI,50,49,36,33,99,69,0.23255813953488372,neutral
GCINSILD,38,19,14,16,57,30,0.3103448275862069,neutral
YFNDGFGI,80,62,33,24,142,57,0.4941860465116279,neutral
VNYFCNRF,17,6,0,3,23,3,0.37735849056603776,neutral
YFSYGSLH,24,9,11,6,33,17,0.25396825396825395,neutral
FLHVVCHS,21,14,4,7,35,11,0.36923076923076925,neutral
HFYGVFVC,36,24,11,9,60,20,0.4444444444444444,neutral
ISIYVGDR,39,35,36,29,74,65,0.08653846153846154,neutral
GCNFIRRN,41,29,9,10,70,19,0.51,neutral
YGYCSGRV,13,10,8,11,23,19,0.07547169811320754,neutral
VFDIFFVI,28,11,0,0,39,0,0.5652173913043478,neutral
FIFDHLIL,96,78,51,52,174,103,0.3480392156862745,neutral
NYDVNFSC,43,30,11,10,73,21,0.5048543689320388,neutral
VCYVGCDI,33,20,10,9,53,19,0.40963855421686746,neutral
CCLRRFRI,55,38,19,23,93,42,0.4146341463414634,neutral
IFLGDHGY,35,23,18,23,58,41,0.19318181818181818,neutral
FFDCGNIG,14,8,3,2,22,5,0.3269230769230769,neutral
YYCCDNIY,21,16,5,6,37,11,0.3880597014925373,neutral
ILCFLHDI,2,3,4,1,5,5,0,neutral
IFIVHFYS,18,11,2,2,29,4,0.423728813559322,neutral
VFCVILVR,14,17,1,0,31,1,0.4918032786885246,neutral
VCYVVNRG,62,43,61,54,105,115,-0.07407407407407407,neutral
HFFFYGIN,42,25,12,10,67,22,0.4639175257731959,neutral
CCCCNVCG,31,26,11,12,57,23,0.39080459770114945,neutral
FRNGGCLR,26,21,18,12,47,30,0.22077922077922077,neutral
RVCCNRCV,55,37,34,34,92,68,0.19672131147540983,neutral
YRRYICLC,47,37,15,12,84,27,0.5,neutral
FFCCVNHF,22,11,2,3,33,5,0.4444444444444444,neutral
INYHIYCC,47,32,20,15,79,35,0.4036697247706422,neutral
VIRVIDNN,14,9,5,15,23,20,0.05660377358490566,neutral
VISFGILV,3,3,2,2,6,4,0.05555555555555555,neutral
IIGCFGLC,46,33,18,20,79,38,0.3761467889908257,neutral
FCYFVIDR,74,56,26,18,130,44,0.5375,neutral
SLIGLYVR,41,28,30,38,69,68,0.010101010101010102,neutral
LNIRDNCC,29,23,21,35,52,56,-0.04878048780487805,neutral
YDYHCRCC,13,14,6,3,27,9,0.3157894736842105,neutral
YNFHLFCC,49,41,17,11,90,28,0.5166666666666667,neutral
CFRDCVVS,38,19,23,30,57,53,0.04597701149425287,neutral
SHYSYVCH,9,6,1,1,15,2,0.28888888888888886,neutral
YFFLGYRH,30,11,6,7,41,13,0.39436619718309857,neutral
FLLFYDGF,12,6,7,9,18,16,0.041666666666666664,neutral
HICSFCDL,33,29,9,15,62,24,0.41304347826086957,neutral
ILLCVLVV,4,2,0,1,6,1,0.1388888888888889,neutral
FFVNSRVN,10,8,13,9,18,22,-0.08333333333333333,neutral
RLCGVYHG,46,36,38,31,82,69,0.11607142857142858,neutral
LFCLCFDF,11,5,2,0,16,2,0.30434782608695654,neutral
CSGGCNGC,19,19,18,9,38,27,0.16176470588235295,neutral
FFCICNCV,25,24,9,4,49,13,0.45569620253164556,neutral
FFFCSHFY,44,32,9,12,76,21,0.5188679245283019,neutral
CFGNRCDC,35,21,29,22,56,51,0.05813953488372093,neutral
FFYFSVSG,46,28,10,10,74,20,0.5192307692307693,neutral
RFFGRDLD,46,32,39,33,78,72,0.05555555555555555,neutral
GDHCCFSV,12,4,3,2,16,5,0.2391304347826087,neutral
DHYICYIR,51,42,14,10,93,24,0.5609756097560976,neutral
FYSGLRVI,22,9,9,8,31,17,0.22950819672131148,neutral
CVCDRGLS,6,8,0,3,14,3,0.25,neutral
FVFSYISH,32,26,18,25,58,43,0.17045454545454544,neutral
FYNLCNIC,46,36,19,23,82,42,0.35714285714285715,neutral
VVRCGGCD,61,46,52,67,107,119,-0.08759124087591241,neutral
YCVVLIGI,23,10,1,0,33,1,0.5079365079365079,neutral
RVCIGILD,31,26,14,19,57,33,0.27586206896551724,neutral
FLLFLYGR,39,22,5,4,61,9,0.5714285714285714,neutral
HCCDRHVL,13,11,14,8,24,22,0.037037037037037035,neutral
FFVGGGYR,32,22,7,6,54,13,0.4880952380952381,neutral
FFSRVLRV,0,1,3,1,1,4,-0.0967741935483871,neutral
FGFLYVFF,22,22,4,3,44,7,0.5,neutral
FLCYVRVY,7,4,0,1,11,1,0.24390243902439024,neutral
CCCVDCLC,50,42,10,13,92,23,0.5655737704918032,neutral
CDRFRGGH,2,0,3,1,2,4,-0.0625,neutral
GFFFFNRG,5,0,0,1,5,1,0.11428571428571428,neutral
CYGCNHSI,71,53,26,28,124,54,0.45454545454545453,neutral
YSSFYHCN,48,29,8,13,77,21,0.5233644859813084,neutral
ISNFYCLC,54,47,20,37,101,57,0.33587786259541985,neutral
VDLSDFFN,20,12,5,6,32,11,0.3387096774193548,neutral
FHHFLVGC,10,3,2,3,13,5,0.18604651162790697,neutral
GGFCILGS,3,0,1,1,3,2,0.030303030303030304,neutral
FHSFFFDR,21,11,10,11,32,21,0.1774193548387097,neutral
YFFVILDG,45,28,8,16,73,24,0.47572815533980584,neutral
SCFFDVVD,32,16,14,20,48,34,0.1794871794871795,neutral
YCVLCGGI,34,20,10,19,54,29,0.2976190476190476,neutral
FRLCCLNS,58,41,25,26,99,51,0.37209302325581395,neutral
SICGCHHV,10,9,3,3,19,6,0.2653061224489796,neutral
RIHRCFVF,25,8,11,5,33,16,0.2698412698412698,neutral
VRYFRDCG,32,18,14,22,50,36,0.175,neutral
FYCNCVFC,28,19,9,8,47,17,0.38961038961038963,neutral
FICHDCGC,61,43,16,23,104,39,0.48507462686567165,neutral
LYRCYGIV,11,10,10,11,21,21,0,neutral
NCDGHGCC,62,52,56,68,114,124,-0.06944444444444445,neutral
CFVDFYDD,30,17,2,7,47,9,0.4935064935064935,neutral
CHCSGSCC,8,12,3,1,20,4,0.32,neutral
LCYCVCLC,9,9,1,1,18,2,0.3333333333333333,neutral
CYGSYVIS,37,36,10,14,73,24,0.47572815533980584,neutral
FCFYRLFC,26,17,1,1,43,2,0.5616438356164384,neutral
RSLSCVFC,31,33,20,20,64,40,0.2553191489361702,neutral
YYCCHDLV,39,32,14,13,71,27,0.43564356435643564,neutral
SDFRCYCG,50,34,33,39,84,72,0.10526315789473684,neutral
GICCCSFY,17,12,6,6,29,12,0.288135593220339,neutral
FFVSHYNH,8,6,1,3,14,4,0.22727272727272727,neutral
DCCHCHSD,82,67,49,46,149,95,0.3016759776536313,neutral
CGHCCDFY,54,36,8,15,90,23,0.5583333333333333,neutral
YFIRGCFC,49,45,18,15,94,33,0.49193548387096775,neutral
FFFFGCRV,16,9,1,1,25,2,0.41818181818181815,neutral
CCIFGLNV,21,15,19,16,36,35,0.015151515151515152,neutral
VIRLFCFN,21,18,3,2,39,5,0.4927536231884058,neutral
VYYDGFLC,36,25,39,32,61,71,-0.10989010989010989,neutral
FCSFLVGV,5,3,5,4,8,9,-0.02631578947368421,neutral
YFFFRLCI,15,13,0,0,28,0,0.4827586206896552,neutral
VICLVCSF,2,3,0,0,5,0,0.14285714285714285,neutral
YFLCDFGI,34,22,7,17,56,24,0.37209302325581395,neutral
YISLVGHF,5,2,0,1,7,1,0.16216216216216217,neutral
IDFVYYVH,12,9,6,16,21,22,-0.0196078431372549,neutral
NCCIFYGL,66,48,15,29,114,44,0.4861111111111111,neutral
FGLHGIGI,35,25,15,23,60,38,0.24444444444444444,neutral
CFIYYYDL,51,38,12,17,89,29,0.5042016806722689,neutral
LCFVVGCH,59,43,21,12,102,33,0.5227272727272727,neutral
VVRFVLFL,23,9,0,0,32,0,0.5161290322580645,neutral
FVCFYGCV,39,32,10,14,71,24,0.46534653465346537,neutral
LFSCYFGH,40,26,23,26,66,49,0.17708333333333334,neutral
GGRYCCGG,34,18,19,26,52,45,0.08536585365853659,neutral
VYCIGLLC,32,23,5,8,55,13,0.49411764705882355,neutral
SYRVYFRD,19,13,3,4,32,7,0.4032258064516129,neutral
FFCCRCIL,36,18,4,2,54,6,0.5714285714285714,neutral
FVILCSNF,54,36,8,13,90,21,0.575,neutral
GVYCVCRL,34,21,6,8,55,14,0.4823529411764706,neutral
FYIDCIFH,10,6,5,9,16,14,0.043478260869565216,neutral
CLVSHYVV,17,11,8,6,28,14,0.2413793103448276,neutral
CIYFCDRS,42,23,16,22,65,38,0.28421052631578947,neutral
FFVHNYHN,23,19,6,11,42,17,0.3472222222222222,neutral
RCCSRFCG,18,16,6,13,34,19,0.234375,neutral
SIVDVGCD,6,3,4,2,9,6,0.07692307692307693,neutral
FVHCGVRY,35,20,8,9,55,17,0.4470588235294118,neutral
FVFFVNFF,9,7,1,0,16,1,0.32608695652173914,neutral
IFCGYHSG,63,52,31,19,115,50,0.4482758620689655,neutral
CRHCCSVH,84,75,28,30,159,58,0.5343915343915344,neutral
FGFFIVVF,7,3,0,0,10,0,0.25,neutral
CGICHLGS,7,13,9,10,20,19,0.02,neutral
VYFSGLFL,43,24,9,8,67,17,0.5154639175257731,neutral
GIGFYRFD,42,29,8,8,71,16,0.5445544554455446,neutral
VRRGYGHG,33,25,21,20,58,41,0.19318181818181818,neutral
LFDFHLVH,24,21,16,23,45,39,0.08,neutral
CRCYGCDG,16,9,2,5,25,7,0.32727272727272727,neutral
GFYFRFRY,32,16,4,0,48,4,0.5641025641025641,neutral
IFGDNFHI,23,20,6,11,43,17,0.3561643835616438,neutral
FSYCVGLD,42,28,20,21,70,41,0.29,neutral
HVFRCYIG,24,11,14,11,35,25,0.15384615384615385,neutral
VVCLCRYN,13,4,7,5,17,12,0.10638297872340426,neutral
NLNGDYVS,4,2,3,3,6,6,0,neutral
RFRCVFCD,30,30,12,15,60,27,0.36666666666666664,neutral
CNILSDLR,30,14,16,21,44,37,0.0945945945945946,neutral
SLRCVHFR,5,1,1,0,6,1,0.1388888888888889,neutral
FCFLCFGL,16,5,2,0,21,2,0.37254901960784315,neutral
GSHCGHLY,67,48,29,27,115,56,0.4068965517241379,neutral
YFGCIFLC,41,26,6,5,67,11,0.5773195876288659,neutral
LRVRSDNF,34,30,25,41,64,66,-0.02127659574468085,neutral
FCNSHGLF,40,25,12,5,65,17,0.5052631578947369,neutral
HLIGCIRC,47,33,36,28,80,64,0.14545454545454545,neutral
LNIDFGYF,11,9,1,1,20,2,0.36,neutral
CCVHNIDC,58,41,27,34,99,61,0.29457364341085274,neutral
CYLGYCDY,27,12,3,8,39,11,0.4057971014492754,neutral
FIGCHCYH,78,59,41,40,137,81,0.33532934131736525,neutral
GHISRYFS,14,10,5,6,24,11,0.24074074074074073,neutral
YFGCGFVR,24,19,2,7,43,9,0.4657534246575342,neutral
FCGVSCHH,18,6,5,4,24,9,0.2777777777777778,neutral
CCFFFCND,5,8,2,1,13,3,0.23255813953488372,neutral
YFDFCLDN,47,37,9,12,84,21,0.5526315789473685,neutral
LCFDYGGS,26,14,11,19,40,30,0.14285714285714285,neutral
VVFVDVRV,13,11,9,3,24,12,0.2222222222222222,neutral
VFFYCGVC,24,10,1,1,34,2,0.5,neutral
YCGIFFGG,24,18,12,8,42,20,0.3055555555555556,neutral
FCFGDRRV,29,10,20,19,39,39,0,neutral
VFCGCYCD,35,21,12,17,56,29,0.313953488372093,neutral
SHVFNGDG,2,2,1,1,4,2,0.058823529411764705,neutral
FICGCIYV,45,26,6,10,71,16,0.5445544554455446,neutral
VYSYYDSR,3,6,1,3,9,4,0.1282051282051282,neutral
VIIRNCIS,32,19,27,34,51,61,-0.12345679012345678,neutral
VGLFFNIR,24,19,8,13,43,21,0.3013698630136986,neutral
GIFRCLDR,49,41,46,58,90,104,-0.11666666666666667,neutral
HRRRFHHR,31,22,17,21,53,38,0.18072289156626506,neutral
CYCVCCDD,24,18,9,5,42,14,0.3888888888888889,neutral
GGLLYIGY,12,8,7,6,20,13,0.14,neutral
ICCFVLYI,17,4,2,4,21,6,0.29411764705882354,neutral
INCYLYGG,24,12,11,5,36,16,0.30303030303030304,neutral
RCRRCDCF,19,11,3,5,30,8,0.36666666666666664,neutral
FRFVVFLN,17,24,0,1,41,1,0.5633802816901409,neutral
CVSCRIGC,1,0,3,1,1,4,-0.0967741935483871,neutral
CCVRGCGG,44,30,18,25,74,43,0.2980769230769231,neutral
NCGDISDC,2,1,3,3,3,6,-0.09090909090909091,neutral
CSLYGCSS,18,8,9,7,26,16,0.17857142857142858,neutral
IYCYFGDS,37,25,13,20,62,33,0.31521739130434784,neutral
FFVIIVFF,19,12,1,1,31,2,0.47540983606557374,neutral
LSNFSCCH,9,5,5,3,14,8,0.13636363636363635,neutral
FVDILSFF,21,9,8,2,30,10,0.3333333333333333,neutral
FRLCRIYR,26,24,10,13,50,23,0.3375,neutral
GCLCCGDD,21,9,5,10,30,15,0.25,neutral
FVIYCFYN,27,17,3,5,44,8,0.4864864864864865,neutral
VLLIFLFC,35,26,2,8,61,10,0.5604395604395604,neutral
LIFLVGGF,19,11,3,0,30,3,0.45,neutral
FLVSIGIV,43,33,9,8,76,17,0.5566037735849056,neutral
FFVCGGIG,45,45,21,20,90,41,0.4083333333333333,neutral
FLCVHRYV,18,10,5,9,28,14,0.2413793103448276,neutral
VGCGYISD,6,2,3,3,8,6,0.05263157894736842,neutral
YYGCLLIF,46,33,5,14,79,19,0.5504587155963303,neutral
VRLHYLGV,60,45,57,57,105,114,-0.06666666666666667,neutral
CLRIVYSY,5,2,0,0,7,0,0.1891891891891892,neutral
VYSHIFGR,31,27,5,10,58,15,0.48863636363636365,neutral
CCCNHFVV,18,8,1,3,26,4,0.39285714285714285,neutral
VRLFFDHR,30,20,10,8,50,18,0.4,neutral
NHCCSVCR,18,13,5,7,31,12,0.3114754098360656,neutral
LYSFCIGR,33,20,8,8,53,16,0.4457831325301205,neutral
YCVYGGGN,20,11,3,8,31,11,0.32786885245901637,neutral
CGGRCNSF,29,20,24,27,49,51,-0.02531645569620253,neutral
FCFFFIFR,22,15,1,3,37,4,0.4925373134328358,neutral
FLNCLCHH,46,27,22,22,73,44,0.2815533980582524,neutral
FLRCCGNC,14,11,7,8,25,15,0.18181818181818182,neutral
CIFNNDRD,34,24,15,18,58,33,0.2840909090909091,neutral
CVFVISYI,9,2,0,0,11,0,0.2682926829268293,neutral
SNYVCRCL,19,11,7,7,30,14,0.26666666666666666,neutral
FHGFGCGR,53,56,26,26,109,52,0.41007194244604317,neutral
CFCFCCYF,35,18,5,4,53,9,0.5301204819277109,neutral
FCHFFVFC,25,10,3,4,35,7,0.4307692307692308,neutral
YYYRYYDR,29,17,9,12,46,21,0.32894736842105265,neutral
CFICNILV,35,16,4,3,51,7,0.5432098765432098,neutral
LCCCDSND,17,8,4,12,25,16,0.16363636363636364,neutral
VLDGCIVN,38,21,38,28,59,66,-0.07865168539325842,neutral
NCIRCISC,58,39,21,24,97,45,0.4094488188976378,neutral
GNLYHLLD,26,13,3,5,39,8,0.4492753623188406,neutral
FIRSDFVC,58,40,21,11,98,32,0.515625,neutral
CCHLFFGF,28,22,1,4,50,5,0.5625,neutral
NNFDRFSD,36,31,29,36,67,65,0.020618556701030927,neutral
VYGFYNRS,33,21,17,15,54,32,0.2619047619047619,neutral
FYIYVVCH,4,2,0,1,6,1,0.1388888888888889,neutral
NNCCVCVY,23,15,10,7,38,17,0.3088235294117647,neutral
SSVCLFVD,18,16,5,10,34,15,0.296875,neutral
CVFLLVRH,11,6,1,2,17,3,0.2978723404255319,neutral
VLYGDGGG,30,27,15,17,57,32,0.28735632183908044,neutral
CDGGLLCG,48,36,30,36,84,66,0.15789473684210525,neutral
CDICVRFV,23,18,0,2,41,2,0.5492957746478874,neutral
GGYLLNRH,59,51,26,33,110,59,0.36428571428571427,neutral
NYFSISCS,32,20,20,14,52,34,0.21951219512195122,neutral
YHFCFHCG,13,9,5,4,22,9,0.25,neutral
CRCFLIFF,22,15,1,2,37,3,0.5074626865671642,neutral
VFGCLFCY,24,10,11,4,34,15,0.296875,neutral
FFFDLFVD,26,11,4,2,37,6,0.4626865671641791,neutral
CFIFVLRI,16,8,1,1,24,2,0.4074074074074074,neutral
VNFFGIRL,49,30,20,28,79,48,0.28440366972477066,neutral
YCYSSGCD,14,13,11,11,27,22,0.08771929824561403,neutral
FYSFFLVR,10,10,0,1,20,1,0.38,neutral
SYDGRYGC,19,19,15,19,38,34,0.058823529411764705,neutral
DHLISDDV,58,48,48,41,106,89,0.125,neutral
DFVGFFRF,23,11,8,5,34,13,0.328125,neutral
VLIGVLRV,50,37,16,20,87,36,0.4358974358974359,neutral
YCLLCHVC,6,7,2,0,13,2,0.2558139534883721,neutral
SFGSCFFC,12,5,3,6,17,9,0.1702127659574468,neutral
FCVYLFIR,13,7,0,0,20,0,0.4,neutral
YFGYFNSV,27,19,7,10,46,17,0.3815789473684211,neutral
LYCGCGYV,31,23,12,12,54,24,0.35714285714285715,neutral
YIVFSYGF,31,13,1,5,44,6,0.5135135135135135,neutral
NLSRIICV,15,19,14,16,34,30,0.0625,neutral
IFIFDYCS,18,11,6,4,29,10,0.3220338983050847,neutral
SGYDFIVI,76,72,62,52,148,114,0.19101123595505617,neutral
FYCCYLFV,9,4,0,1,13,1,0.27906976744186046,neutral
CNFCFGCF,49,30,13,15,79,28,0.46788990825688076,neutral
SRYFGYVG,5,1,3,1,6,4,0.05555555555555555,neutral
FNNCNCFV,36,20,11,18,56,29,0.313953488372093,neutral
HRYCCNCH,9,9,3,3,18,6,0.25,neutral
FCFGGLLH,3,2,4,3,5,7,-0.05714285714285714,neutral
DCGCNFDI,34,17,11,15,51,26,0.30864197530864196,neutral
DRVLDYCG,33,23,19,17,56,36,0.23255813953488372,neutral
FFSDCGCF,49,36,15,28,85,43,0.3652173913043478,neutral
FVDCSGIS,54,39,44,56,93,100,-0.056910569105691054,neutral
GYVLVDFC,30,25,28,12,55,40,0.17647058823529413,neutral
LFFLCGFY,17,7,4,3,24,7,0.3148148148148148,neutral
VDYFYISC,29,11,9,13,40,22,0.2571428571428571,neutral
FCIFIRCY,14,10,3,1,24,4,0.37037037037037035,neutral
RCCCVHLL,19,13,2,7,32,9,0.3709677419354839,neutral
NYVRVLLV,12,8,0,1,20,1,0.38,neutral
GDVYHFLR,41,22,9,9,63,18,0.4838709677419355,neutral
RRVDGHHY,30,16,12,22,46,34,0.15789473684210525,neutral
FDFFHDLR,43,39,17,16,82,33,0.4375,neutral
FSIVRDRV,25,19,22,31,44,53,-0.12162162162162163,neutral
FCYCCDNF,12,18,6,2,30,8,0.36666666666666664,neutral
IVFCCRYF,36,27,5,5,63,10,0.5698924731182796,neutral
VSRFHRVF,23,7,10,17,30,27,0.05,neutral
FHHLHGGL,15,5,10,13,20,23,-0.06,neutral
LYFVGCYL,26,15,8,8,41,16,0.352112676056338,neutral
GVFCVCCG,28,14,9,16,42,25,0.2361111111111111,neutral
DIFCGYFD,25,7,13,16,32,29,0.04838709677419355,neutral
ILVIFFHG,10,2,1,1,12,2,0.23809523809523808,neutral
GCNCFFVF,15,6,1,0,21,1,0.39215686274509803,neutral
DGGFVGIG,27,9,12,20,36,32,0.06060606060606061,neutral
CGLFHFDG,53,36,18,18,89,36,0.44537815126050423,neutral
VCGNLRFF,5,2,6,2,7,8,-0.02702702702702703,neutral
VGLFVDSG,26,17,10,11,43,21,0.3013698630136986,neutral
FRFNYVFH,19,17,5,5,36,10,0.3939393939393939,neutral
SFLHIIFR,6,3,0,0,9,0,0.23076923076923078,neutral
FFCFSSCD,117,100,54,52,217,106,0.4493927125506073,neutral
FCGVVDCY,13,10,7,10,23,17,0.11320754716981132,neutral
FISGVVLL,41,23,31,28,64,59,0.05319148936170213,neutral
SVLNHGFG,33,18,22,16,51,38,0.16049382716049382,neutral
YSCNVFGS,18,18,15,17,36,32,0.06060606060606061,neutral
CGCFFDHH,33,25,13,17,58,30,0.3181818181818182,neutral
YYCGFDFF,63,53,28,23,116,51,0.4452054794520548,neutral
FRVCYFFH,30,14,7,6,44,13,0.4189189189189189,neutral
FFIYDIHF,22,15,8,2,37,10,0.40298507462686567,neutral
GFDCRHHF,21,6,2,4,27,6,0.3684210526315789,neutral
LDHFICCH,25,19,17,11,44,28,0.21621621621621623,neutral
FHCDISHY,9,4,1,0,13,1,0.27906976744186046,neutral
VLIHGCVF,24,15,3,10,39,13,0.37681159420289856,neutral
YILNRGCH,23,6,5,5,29,10,0.3220338983050847,neutral
FDVFLHNF,12,6,7,4,18,11,0.14583333333333334,neutral
VYNILLCD,16,9,10,8,25,18,0.12727272727272726,neutral
GFCSIFRV,72,55,69,74,127,143,-0.10191082802547771,neutral
VVFVLFCY,0,12,1,0,12,1,0.2619047619047619,neutral
FDLIHGIF,28,15,13,20,43,33,0.136986301369863,neutral
CFLFILIS,6,3,0,0,9,0,0.23076923076923078,neutral
FRRCFDHS,44,28,42,27,72,69,0.029411764705882353,neutral
FCCCYCGC,29,18,8,8,47,16,0.4025974025974026,neutral
GHCSDCIV,17,14,10,19,31,29,0.03278688524590164,neutral
LYGGDRDF,43,32,12,10,75,22,0.5047619047619047,neutral
GRFSCCGI,30,27,31,28,57,59,-0.022988505747126436,neutral
FYVVCCLV,29,13,0,8,42,8,0.4722222222222222,neutral
YYGVHFRG,47,34,15,15,81,30,0.4594594594594595,neutral
CLHCVHFH,36,33,6,9,69,15,0.5454545454545454,neutral
RGVFDCFF,20,8,0,0,28,0,0.4827586206896552,neutral
LCGHILCH,3,3,5,0,6,5,0.027777777777777776,neutral
LFLIVFDV,16,14,1,3,30,4,0.43333333333333335,neutral
VYIYGVYS,30,20,12,7,50,19,0.3875,neutral
LSDCSGVF,25,9,8,8,34,16,0.28125,neutral
YNGFDSYF,26,10,3,7,36,10,0.3939393939393939,neutral
CFLSRVLI,54,35,27,34,89,61,0.23529411764705882,neutral
YFHIVNVI,5,2,1,3,7,4,0.08108108108108109,neutral
SGFFLCGL,41,22,8,19,63,27,0.3870967741935484,neutral
IICYFGCG,16,5,3,1,21,4,0.3333333333333333,neutral
VFYDYVRF,19,11,6,5,30,11,0.31666666666666665,neutral
ICCCYVSN,20,13,5,3,33,8,0.3968253968253968,neutral
FCCLSYCG,41,31,6,17,72,23,0.4803921568627451,neutral
LNVCVSFD,68,51,18,17,119,35,0.5637583892617449,neutral
LFHHIFLG,13,5,6,10,18,16,0.041666666666666664,neutral
GCLGVLIS,52,45,44,61,97,105,-0.06299212598425197,neutral
CGCLCDYR,10,7,5,5,17,10,0.14893617021276595,neutral
FVSFYRCC,35,24,11,8,59,19,0.449438202247191,neutral
FFLYGYRD,32,16,16,9,48,25,0.2948717948717949,neutral
VYVYNYCF,34,16,15,17,50,32,0.225,neutral
FDRHFDGL,43,24,14,11,67,25,0.4329896907216495,neutral
SLCHLDFH,38,24,10,14,62,24,0.41304347826086957,neutral
LRGLVDFN,15,3,7,12,18,19,-0.020833333333333332,neutral
HILGLLCC,50,33,13,15,83,28,0.48672566371681414,neutral
SVNFDCVF,42,23,15,12,65,27,0.4,neutral
YGYVVIRG,18,9,10,13,27,23,0.07017543859649122,neutral
IFRSDYSS,51,32,25,23,83,48,0.30973451327433627,neutral
FVIFLDSH,32,18,10,5,50,15,0.4375,neutral
YFDCGSGS,43,31,23,31,74,54,0.19230769230769232,neutral
GYFYSCDH,28,26,13,10,54,23,0.36904761904761907,neutral
YYVHVGFC,20,6,5,7,26,12,0.25,neutral
FVFFRGSL,65,53,30,40,118,70,0.32432432432432434,neutral
DDSGFHIC,36,27,6,14,63,20,0.46236559139784944,neutral
LICYCGCG,79,66,29,36,145,65,0.45714285714285713,neutral
LNNVFRVL,20,11,11,21,31,32,-0.01639344262295082,neutral
VVIRLILV,14,3,0,0,17,0,0.3617021276595745,neutral
VIVLYCGY,26,11,2,2,37,4,0.4925373134328358,neutral
IVFFYFFR,21,5,0,0,26,0,0.4642857142857143,neutral
VFHDRLCC,32,16,8,6,48,14,0.4358974358974359,neutral
YRDCGFCL,55,36,24,32,91,56,0.2892561983471074,neutral
YYVFGVFC,6,9,0,0,15,0,0.3333333333333333,neutral
YGLCDCYL,36,23,14,17,59,31,0.3146067415730337,neutral
YDHFFRCF,33,26,16,12,59,28,0.34831460674157305,neutral
YCYFVICI,4,2,0,0,6,0,0.16666666666666666,neutral
HCDSNLIC,7,6,7,4,13,11,0.046511627906976744,neutral
HLFYCGFC,52,39,12,13,91,25,0.5454545454545454,neutral
FSYCFLYY,20,15,2,2,35,4,0.47692307692307695,neutral
GCGYDNSD,31,15,22,22,46,44,0.02631578947368421,neutral
IFFLCDSH,31,12,11,9,43,20,0.3150684931506849,neutral
VCHYVVYC,14,12,2,0,26,2,0.42857142857142855,neutral
CFGCVSRR,39,27,12,27,66,39,0.28125,neutral
FHHSFVRF,29,10,16,12,39,28,0.15942028985507245,neutral
YRLCCYCI,15,12,2,1,27,3,0.42105263157894735,neutral
CIGVLIYF,19,6,1,0,25,1,0.43636363636363634,neutral
YYCFVDFV,39,23,6,9,62,15,0.5108695652173914,neutral
HYLFDSDI,41,32,14,11,73,25,0.46601941747572817,neutral
FFICGNCV,17,12,9,6,29,15,0.23728813559322035,neutral
GCFGFCDC,18,8,4,6,26,10,0.2857142857142857,neutral
RDCCFFRG,40,30,20,32,70,52,0.18,neutral
VIFGNLLC,69,51,35,33,120,68,0.3466666666666667,neutral
FCCSGVCC,35,18,4,13,53,17,0.43373493975903615,neutral
NCYYFIYC,22,11,1,2,33,3,0.47619047619047616,neutral
IVCFINFY,14,3,1,1,17,2,0.3191489361702128,neutral
IFSYNCHI,4,7,1,6,11,7,0.0975609756097561,neutral
HRGLGDGF,17,11,12,7,28,19,0.15517241379310345,neutral
IGVGICGC,35,25,18,28,60,46,0.15555555555555556,neutral
YCRDYCSC,7,9,4,8,16,12,0.08695652173913043,neutral
NCFCGLLS,15,5,8,8,20,16,0.08,neutral
CYCCNHYS,25,15,4,6,40,10,0.42857142857142855,neutral
HILFDFHI,18,12,3,8,30,11,0.31666666666666665,neutral
FFCVCNRH,25,13,11,11,38,22,0.23529411764705882,neutral
CFRCGLYN,29,19,10,8,48,18,0.38461538461538464,neutral
GCIYGSGF,32,21,10,11,53,21,0.3855421686746988,neutral
IDIGDFGD,28,17,12,22,45,34,0.14666666666666667,neutral
RHYDFLSV,26,21,17,16,47,33,0.18181818181818182,neutral
NVIYVFVH,26,13,1,4,39,5,0.4927536231884058,neutral
CFYGYYGH,57,43,30,26,100,56,0.3384615384615385,neutral
FFFLVCVG,29,12,1,1,41,2,0.5492957746478874,neutral
YCNHVVII,41,35,13,24,76,37,0.36792452830188677,neutral
NVDFHCVV,26,26,8,18,52,26,0.3170731707317073,neutral
DCIFRGCF,20,17,6,14,37,20,0.2537313432835821,neutral
FCLCDVCY,36,18,2,8,54,10,0.5238095238095238,neutral
LSNFICIV,10,7,3,6,17,9,0.1702127659574468,neutral
CGDVDFFC,52,39,8,15,91,23,0.5619834710743802,neutral
YGGGFHFR,28,24,12,17,52,29,0.2804878048780488,neutral
DLIICCSV,38,20,7,8,58,15,0.48863636363636365,neutral
IGGYGICR,27,26,10,7,53,17,0.43373493975903615,neutral
FIFCVRHV,36,27,4,10,63,14,0.5268817204301075,neutral
CSGVLFHL,23,14,10,13,37,23,0.208955223880597,neutral
YSFDVFFY,26,12,18,6,38,24,0.20588235294117646,neutral
LSGNFGCG,25,9,7,14,34,21,0.203125,neutral
YGCVCGRF,39,31,15,11,70,26,0.44,neutral
IDFSYHII,21,19,9,5,40,14,0.37142857142857144,neutral
FCCCVSVR,8,6,1,3,14,4,0.22727272727272727,neutral
FFNCVYDF,15,8,4,9,23,13,0.18867924528301888,neutral
CCCFNGYL,28,12,4,2,40,6,0.4857142857142857,neutral
GLCLNRIG,34,38,43,40,72,83,-0.10784313725490197,neutral
FVHFDCYF,45,32,7,13,77,20,0.5327102803738317,neutral
CVSIVSFV,37,20,16,22,57,38,0.21839080459770116,neutral
RFCICYCF,23,22,2,3,45,5,0.5333333333333333,neutral
CYCGYVLG,19,13,9,11,32,20,0.1935483870967742,neutral
HNICLFDF,31,22,13,13,53,26,0.3253012048192771,neutral
CCSFVHFN,55,47,18,27,102,45,0.4318181818181818,neutral
NRLGGVFS,0,6,1,1,6,2,0.1111111111111111,neutral
VCFFDFGL,15,6,7,8,21,15,0.11764705882352941,neutral
NNGFYVDI,59,50,19,26,109,45,0.460431654676259,neutral
LFYIHFDF,26,9,1,3,35,4,0.47692307692307695,neutral
NCDGCYLI,37,22,12,14,59,26,0.3707865168539326,neutral
GCYCCFCV,33,22,1,8,55,9,0.5411764705882353,neutral
LLLGCGSC,29,15,17,19,44,36,0.10810810810810811,neutral
VFCRCGFY,59,44,9,21,103,30,0.5488721804511278,neutral
DGYFFLRI,40,21,11,20,61,31,0.32967032967032966,neutral
LDNDGGGG,41,25,37,32,66,69,-0.03125,neutral
CHCIRSHG,37,29,11,20,66,31,0.3645833333333333,neutral
LVINSFDL,27,18,13,8,45,21,0.32,neutral
FFCFFNFY,5,4,6,7,9,13,-0.10256410256410256,neutral
VIFDCGIH,49,39,19,22,88,41,0.3983050847457627,neutral
NFCYFFVC,9,14,2,0,23,2,0.39622641509433965,neutral
ILLGHLII,28,16,11,15,44,26,0.24324324324324326,neutral
YYVGDIFC,73,56,37,31,129,68,0.3836477987421384,neutral
DLSFRIHY,20,11,8,8,31,16,0.2459016393442623,neutral
CFCSYGSI,30,19,8,17,49,25,0.3037974683544304,neutral
GIHHYYGN,32,15,3,11,47,14,0.42857142857142855,neutral
FFVCCCVH,37,26,5,13,63,18,0.4838709677419355,neutral
LSFSISGL,2,6,4,1,8,5,0.07894736842105263,neutral
CLGVLCLD,12,12,7,10,24,17,0.12962962962962962,neutral
CCGCDHLI,27,14,11,8,41,19,0.30985915492957744,neutral
CFHVCSVF,63,44,29,34,107,63,0.32116788321167883,neutral
DFVYYVFC,30,17,2,4,47,6,0.5324675324675324,neutral
ILCCHIGF,44,26,13,16,70,29,0.41,neutral
CFCYNFNL,6,2,0,1,8,1,0.18421052631578946,neutral
VFVLICCN,21,15,2,6,36,8,0.42424242424242425,neutral
CFVVVCRH,10,11,0,2,21,2,0.37254901960784315,neutral
CICRCCNV,39,20,5,9,59,14,0.5056179775280899,neutral
NFIYGVCV,48,32,12,24,80,36,0.4,neutral
GFFVYVCF,5,1,0,1,6,1,0.1388888888888889,neutral
VVLGVGCS,47,38,35,39,85,74,0.09565217391304348,neutral
FCRFVYDN,35,24,7,7,59,14,0.5056179775280899,neutral
CGCFGDCD,48,30,24,31,78,55,0.21296296296296297,neutral
HFSVCSCG,29,30,10,13,59,23,0.4044943820224719,neutral
FYVFGLCY,20,17,5,1,37,6,0.4626865671641791,neutral
DICVCFRR,17,8,5,6,25,11,0.2545454545454545,neutral
INDLFGVF,19,16,2,6,35,8,0.4153846153846154,neutral
SCYGFFRG,39,27,22,15,66,37,0.3020833333333333,neutral
IYCIGYYL,4,3,0,1,7,1,0.16216216216216217,neutral
YNVCVSCV,21,11,12,18,32,30,0.03225806451612903,neutral
HFVDFDYC,39,24,6,12,63,18,0.4838709677419355,neutral
FFNFFFVC,19,13,0,0,32,0,0.5161290322580645,neutral
CGLCCCCS,29,21,4,7,50,11,0.4875,neutral
VIHLRRCV,41,34,21,24,75,45,0.2857142857142857,neutral
DCDFRCNR,20,10,18,16,30,34,-0.06666666666666667,neutral
VFYCGDVI,3,0,0,3,3,3,0,neutral
NCSFYYSR,20,7,3,3,27,6,0.3684210526315789,neutral
FYFCLDCD,43,25,11,8,68,19,0.5,neutral
YFDFCDVF,50,37,21,13,87,34,0.452991452991453,neutral
LSYVGFFC,59,46,17,24,105,41,0.4740740740740741,neutral
GCRIIIDV,7,6,1,0,13,1,0.27906976744186046,neutral
RNYRIFHC,10,9,11,2,19,13,0.12244897959183673,neutral
HYDFVVRF,29,30,9,9,59,18,0.4606741573033708,neutral
YFCVYGRC,4,5,1,2,9,3,0.15384615384615385,neutral
SFGVCGFC,39,36,18,19,75,37,0.3619047619047619,neutral
VSISYLII,9,6,4,0,15,4,0.24444444444444444,neutral
CVGHIVFR,13,11,6,9,24,15,0.16666666666666666,neutral
FIYSVFFF,29,16,0,3,45,3,0.56,neutral
CCISFYRV,34,15,6,9,49,15,0.43037974683544306,neutral
CYFDCRNN,30,16,13,21,46,34,0.15789473684210525,neutral
RFVCFFYF,25,16,1,2,41,3,0.5352112676056338,neutral
FCCFGGCH,13,12,6,4,25,10,0.2727272727272727,neutral
LRCYSIFR,33,18,12,8,51,20,0.38271604938271603,neutral
VRDLRHYF,44,25,22,18,69,40,0.29292929292929293,neutral
VVHRLSNG,33,18,13,16,51,29,0.2716049382716049,neutral
VIYHDDDV,12,6,10,3,18,13,0.10416666666666667,neutral
YFHFSFVG,16,13,10,5,29,15,0.23728813559322035,neutral
YISSGYFH,33,18,6,5,51,11,0.49382716049382713,neutral
DHYCCCHC,38,28,13,19,66,32,0.3541666666666667,neutral
SLIYSGLS,33,14,13,11,47,24,0.2987012987012987,neutral
VVVDCIVF,6,4,2,3,10,5,0.125,neutral
SSCFCFYN,27,29,8,18,56,26,0.3488372093023256,neutral
HGLLVCFR,52,38,17,12,90,29,0.5083333333333333,neutral
SIRCSIFH,23,11,10,8,34,18,0.25,neutral
CCLCFYGN,25,21,5,4,46,9,0.4868421052631579,neutral
CFGFHFVY,41,29,23,19,70,42,0.28,neutral
RCGDYYFG,40,33,8,7,73,15,0.5631067961165048,neutral
CSYCCCCS,22,13,4,6,35,10,0.38461538461538464,neutral
FYGLFCCI,17,5,0,3,22,3,0.36538461538461536,neutral
FYFSICLV,11,2,0,2,13,2,0.2558139534883721,neutral
GFRGISLV,0,1,4,0,1,4,-0.0967741935483871,neutral
FCVFYHIC,20,17,3,4,37,7,0.44776119402985076,neutral
GGYFVYGG,32,33,12,9,65,21,0.4631578947368421,neutral
IFCCCCNF,21,13,3,8,34,11,0.359375,neutral
SCLRCYVD,34,25,14,12,59,26,0.3707865168539326,neutral
YFCCHRSL,2,3,1,1,5,2,0.08571428571428572,neutral
ICDVFCHC,51,43,26,27,94,53,0.33064516129032256,neutral
FICLYVIC,16,8,0,0,24,0,0.4444444444444444,neutral
IYDVLCIY,44,26,10,12,70,22,0.48,neutral
FRYFHSCC,14,17,5,3,31,8,0.3770491803278688,neutral
DCYRHFLL,12,0,2,0,12,2,0.23809523809523808,neutral
FFCFCSIF,12,13,0,0,25,0,0.45454545454545453,neutral
SDVFVCCH,17,11,4,8,28,12,0.27586206896551724,neutral
INCGIRFH,54,40,42,35,94,77,0.13709677419354838,neutral
GLFYGFYC,16,26,7,7,42,14,0.3888888888888889,neutral
FHYGFSVH,18,8,5,21,26,26,0,neutral
IDCFDSCY,39,27,10,11,66,21,0.46875,neutral
CYGFFNIH,15,4,8,6,19,14,0.10204081632653061,neutral
GCICCCSY,7,1,0,1,8,1,0.18421052631578946,neutral
CDIFCVLV,6,5,0,0,11,0,0.2682926829268293,neutral
FYNCHNVR,35,21,18,20,56,38,0.20930232558139536,neutral
CCVNVVIF,22,17,3,3,39,6,0.4782608695652174,neutral
FGCVHICV,63,46,27,43,109,70,0.2805755395683453,neutral
FFGYSVIS,38,24,15,16,62,31,0.33695652173913043,neutral
GCVFVICY,7,3,0,1,10,1,0.225,neutral
FFLYCDSL,35,28,12,8,63,20,0.46236559139784944,neutral
LCLCIFVY,25,18,2,3,43,5,0.5205479452054794,neutral
GCHGFRYH,38,39,10,11,77,21,0.5233644859813084,neutral
CFFIHCCR,28,15,4,7,43,11,0.4383561643835616,neutral
FRGLFYID,34,23,11,10,57,21,0.41379310344827586,neutral
RYHLRDFH,18,18,8,10,36,18,0.2727272727272727,neutral
DCCCGVYG,17,11,7,12,28,19,0.15517241379310345,neutral
FIYFIIYF,19,8,0,0,27,0,0.47368421052631576,neutral
CCYNRGCH,17,6,3,2,23,5,0.33962264150943394,neutral
DCVCNCGH,39,25,10,11,64,21,0.4574468085106383,neutral
CFICFCYL,37,23,7,5,60,12,0.5333333333333333,neutral
CHLCGDCV,25,17,14,9,42,23,0.2638888888888889,neutral
YLDIVSDF,29,29,10,19,58,29,0.32954545454545453,neutral
HFSVHGLR,17,9,3,10,26,13,0.23214285714285715,neutral
HCCLHDHL,3,1,4,4,4,8,-0.11764705882352941,neutral
VGCSGDFF,26,20,7,7,46,14,0.42105263157894735,neutral
YFDFVFNF,40,21,4,7,61,11,0.5494505494505495,neutral
CGYFYLLF,5,3,0,1,8,1,0.18421052631578946,neutral
NNLCFYGD,22,18,8,4,40,12,0.4,neutral
LHCGLCRI,33,17,8,4,50,12,0.475,neutral
LHCCLCDV,69,62,20,22,131,42,0.5527950310559007,neutral
FSFGCIYF,12,1,1,2,13,3,0.23255813953488372,neutral
VFIVFCIY,24,17,1,2,41,3,0.5352112676056338,neutral
FYHCSFFS,14,4,7,10,18,17,0.020833333333333332,neutral
FCYYFIIL,24,10,2,1,34,3,0.484375,neutral
GLSFHHGL,49,33,19,25,82,44,0.3392857142857143,neutral
YCHCHDVR,25,15,7,12,40,19,0.3,neutral
YFCVLCVS,10,7,0,2,17,2,0.3191489361702128,neutral
FFIDLIRL,28,9,2,3,37,5,0.47761194029850745,neutral
HNFCVCVI,0,7,1,2,7,3,0.10810810810810811,neutral
FCFFGYVD,40,31,17,9,71,26,0.44554455445544555,neutral
DHYYILCS,66,47,32,39,113,71,0.2937062937062937,neutral
FCGFHGFF,1,2,2,0,3,2,0.030303030303030304,neutral
YLIGYHID,6,8,2,7,14,9,0.11363636363636363,neutral
FLRNHSVG,55,37,33,39,92,72,0.16393442622950818,neutral
LFCFVRRD,41,30,12,12,71,24,0.46534653465346537,neutral
CVHDYFCC,5,3,1,1,8,2,0.15789473684210525,neutral
VFFCFYVY,23,11,3,1,34,4,0.46875,neutral
CSDYCGIY,36,18,10,12,54,22,0.38095238095238093,neutral
CFGNFGRG,30,11,18,21,41,39,0.028169014084507043,neutral
VFVCCCHF,19,10,1,4,29,5,0.4067796610169492,neutral
FVCYDLFY,22,6,4,3,28,7,0.3620689655172414,neutral
LLFVCFDL,25,10,4,4,35,8,0.4153846153846154,neutral
FYFIVFFL,15,8,0,0,23,0,0.4339622641509434,neutral
RFSDVGFI,15,13,6,9,28,15,0.22413793103448276,neutral
CVGGNFLR,26,14,21,21,40,42,-0.02857142857142857,neutral
CNFCSGRC,35,32,10,6,67,16,0.5257731958762887,neutral
DLVCDYYV,15,10,5,2,25,7,0.32727272727272727,neutral
LYFCDSLR,27,11,8,6,38,14,0.35294117647058826,neutral
YDGRRVIY,26,23,10,17,49,27,0.27848101265822783,neutral
FFGNICGD,29,25,7,8,54,15,0.4642857142857143,neutral
CYCDCYHH,3,2,0,1,5,1,0.11428571428571428,neutral
FRYVLVYF,18,11,0,0,29,0,0.4915254237288136,neutral
SFFSFGVL,15,13,5,11,28,16,0.20689655172413793,neutral
CFFCFFNG,28,12,4,7,40,11,0.4142857142857143,neutral
GYGVRYDG,35,20,24,22,55,46,0.10588235294117647,neutral
VIVCIYCI,30,21,6,7,51,13,0.4691358024691358,neutral
LYIVFGRF,18,7,1,1,25,2,0.41818181818181815,neutral
CYRSICFV,32,15,4,8,47,12,0.45454545454545453,neutral
LFCYNGFH,25,20,13,6,45,19,0.3466666666666667,neutral
HYDLVHVV,27,11,13,13,38,26,0.17647058823529413,neutral
IDNYVCGY,6,2,1,2,8,3,0.13157894736842105,neutral
CIRYGGVC,12,9,11,7,21,18,0.058823529411764705,neutral
FFDFYCIN,9,6,4,2,15,6,0.2,neutral
IGYCISIS,29,15,15,10,44,25,0.25675675675675674,neutral
FLVVCNLC,13,3,3,0,16,3,0.2826086956521739,neutral
FRVCNLFH,22,3,14,16,25,30,-0.09090909090909091,neutral
CYSFHYLL,32,13,5,11,45,16,0.38666666666666666,neutral
GLSLFNFS,43,29,22,16,72,38,0.3333333333333333,neutral
LVVHLDCF,90,71,43,46,161,89,0.3769633507853403,neutral
FFDCDFCF,28,22,12,12,50,24,0.325,neutral
FCRYDIFV,21,23,12,3,44,15,0.3918918918918919,neutral
FHFVRHVC,29,16,10,13,45,23,0.29333333333333333,neutral
YFFFDDLN,21,12,5,11,33,16,0.2698412698412698,neutral
LIRDFLIR,52,38,34,29,90,63,0.225,neutral
CCFCYCFG,17,9,4,1,26,5,0.375,neutral
IFYICFCL,35,20,2,4,55,6,0.5764705882352941,neutral
YFLGFCFF,18,11,0,2,29,2,0.4576271186440678,neutral
YYLYCFND,19,14,6,3,33,9,0.38095238095238093,neutral
FIVFCICL,18,12,0,2,30,2,0.4666666666666667,neutral
YGRHGNCG,43,24,27,30,67,57,0.10309278350515463,neutral
FGNFCLVD,4,0,4,3,4,7,-0.08823529411764706,neutral
FRGCFCCI,16,13,6,5,29,11,0.3050847457627119,neutral
FISVLRDY,13,10,1,5,23,6,0.32075471698113206,neutral
ICSVVYDI,40,25,11,11,65,22,0.45263157894736844,neutral
RCLFHFGY,40,23,16,13,63,29,0.3655913978494624,neutral
GFVYLLVN,13,10,3,2,23,5,0.33962264150943394,neutral
LDRLHVGF,17,16,7,11,33,18,0.23809523809523808,neutral
CIRCFGGS,29,21,6,11,50,17,0.4125,neutral
DCCFLFYV,45,29,13,8,74,21,0.5096153846153846,neutral
FLLIGDIC,24,9,13,9,33,22,0.1746031746031746,neutral
RFNFYCGG,11,1,1,2,12,3,0.21428571428571427,neutral
FFVFCISS,35,20,4,4,55,8,0.5529411764705883,neutral
DRHFVVIV,34,20,9,5,54,14,0.47619047619047616,neutral
VYYCCNCD,29,15,6,8,44,14,0.40540540540540543,neutral
GYDCDSHY,9,3,4,6,12,10,0.047619047619047616,neutral
DFVFVRYG,16,12,6,8,28,14,0.2413793103448276,neutral
HVVYIHCG,30,23,8,9,53,17,0.43373493975903615,neutral
FFVFYLCV,17,10,0,0,27,0,0.47368421052631576,neutral
FNFVFRDG,41,26,29,19,67,48,0.1958762886597938,neutral
DYVFFYCL,21,11,2,1,32,3,0.46774193548387094,neutral
VGFFVNFL,40,26,10,14,66,24,0.4375,neutral
IFRVDGGD,16,6,15,8,22,23,-0.019230769230769232,neutral
FCDHHFCD,50,38,14,17,88,31,0.4830508474576271,neutral
CDFVVDII,3,3,1,2,6,3,0.08333333333333333,neutral
RCGGFCGC,42,29,16,23,71,39,0.31683168316831684,neutral
VFGYSCDL,74,58,33,21,132,54,0.48148148148148145,neutral
YDFICDDV,57,52,14,22,109,36,0.5251798561151079,neutral
FFVFCIDY,31,15,3,5,46,8,0.5,neutral
RLSYVVLV,34,23,1,7,57,8,0.5632183908045977,neutral
RGVCRFFR,12,11,10,6,23,16,0.1320754716981132,neutral
IYCYHFDR,47,36,13,16,83,29,0.4778761061946903,neutral
YVISCVGC,45,29,24,20,74,44,0.28846153846153844,neutral
CSNLLVGY,19,14,12,12,33,24,0.14285714285714285,neutral
FHRCFCDF,51,36,24,35,87,59,0.23931623931623933,neutral
ISDDYCGL,36,19,10,10,55,20,0.4117647058823529,neutral
FIYCCIHG,29,14,7,5,43,12,0.4246575342465753,neutral
GYYNSNVH,21,5,9,18,26,27,-0.017857142857142856,neutral
YLFSDFCF,15,7,3,5,22,8,0.2692307692307692,neutral
SYGIFYIR,36,23,7,4,59,11,0.5393258426966292,neutral
RFGRYDFS,30,21,23,33,51,56,-0.06172839506172839,neutral
CFGVHNFD,27,19,9,13,46,22,0.3157894736842105,neutral
YFLSVGID,19,12,15,12,31,27,0.06557377049180328,neutral
FISHHCCV,43,36,14,14,79,28,0.46788990825688076,neutral
SCCFFLFY,12,10,1,0,22,1,0.40384615384615385,neutral
DIYHDFSG,53,37,27,26,90,53,0.30833333333333335,neutral
CGFVCDGL,40,30,16,18,70,34,0.36,neutral
LRGSFVHR,4,1,2,2,5,4,0.02857142857142857,neutral
GRCCYFVG,31,20,3,6,51,9,0.5185185185185185,neutral
HDHFVFCY,21,12,7,23,33,30,0.047619047619047616,neutral
CCVRCCLI,41,25,7,7,66,14,0.5416666666666666,neutral
IHFFGFLY,33,15,5,4,48,9,0.5,neutral
VVCSCIDN,44,26,14,20,70,34,0.36,neutral
RYCCVICL,10,7,0,1,17,1,0.3404255319148936,neutral
SYVICCLR,11,6,0,0,17,0,0.3617021276595745,neutral
NCFGVIFG,38,28,32,29,66,61,0.052083333333333336,neutral
ICCVNLGY,13,13,10,12,26,22,0.07142857142857142,neutral
LSYYNVCC,20,14,6,8,34,14,0.3125,neutral
VGYCGFYR,13,8,5,3,21,8,0.2549019607843137,neutral
FLGNYVLR,30,19,6,19,49,25,0.3037974683544304,neutral
CCSYRIHG,60,44,22,30,104,52,0.3880597014925373,neutral
GFCLLRCY,39,25,10,5,64,15,0.5212765957446809,neutral
GRFLNYFH,38,36,20,37,74,57,0.16346153846153846,neutral
FSFCVFHV,44,29,7,12,73,19,0.5242718446601942,neutral
FILNGCYH,31,23,12,12,54,24,0.35714285714285715,neutral
YCVHVRDV,27,8,7,12,35,19,0.24615384615384617,neutral
FNGILFCH,13,5,2,2,18,4,0.2916666666666667,neutral
HDNFFGGY,7,3,5,0,10,5,0.125,neutral
CYDFLLHD,24,17,13,15,41,28,0.18309859154929578,neutral
IDRCVRHF,11,3,3,8,14,11,0.06818181818181818,neutral
FHVNFVFC,56,43,9,18,99,27,0.5581395348837209,neutral
GYLLYGGR,32,19,5,7,51,12,0.48148148148148145,neutral
VVFCDFCY,10,3,7,2,13,9,0.09302325581395349,neutral
CFGVSCFG,13,13,5,8,26,13,0.23214285714285715,neutral
ICGVNYSR,29,26,33,30,55,63,-0.09411764705882353,neutral
FVLFFCDY,6,11,2,2,17,4,0.2765957446808511,neutral
FCCFYYDF,25,15,0,3,40,3,0.5285714285714286,neutral
VVCVLLSH,13,11,2,3,24,5,0.35185185185185186,neutral
HFISVICR,20,11,5,6,31,11,0.32786885245901637,neutral
LFCGCHFG,24,17,12,18,41,30,0.15492957746478872,neutral
FCHCDISG,18,14,8,6,32,14,0.2903225806451613,neutral
FLFGCVSD,13,4,3,5,17,8,0.19148936170212766,neutral
VVVGLCGC,17,15,12,15,32,27,0.08064516129032258,neutral
CIFLLICS,13,8,3,0,21,3,0.35294117647058826,neutral
CFFGLRGI,38,25,13,12,63,25,0.40860215053763443,neutral
FFVNCDFC,31,21,13,11,52,24,0.34146341463414637,neutral
YSCVICII,25,7,2,0,32,2,0.4838709677419355,neutral
LCYCYGSL,13,12,1,2,25,3,0.4,neutral
RLISRIHY,3,8,1,2,11,3,0.1951219512195122,neutral
CVYSFVRD,42,26,13,13,68,26,0.42857142857142855,neutral
YYGVHCDS,1,0,2,2,1,4,-0.0967741935483871,neutral
RDCCCRVD,21,12,3,7,33,10,0.36507936507936506,neutral
YFGGCIVH,8,9,5,9,17,14,0.06382978723404255,neutral
FFCVVVNV,25,16,3,4,41,7,0.4788732394366197,neutral
RICRLCDH,45,27,20,20,72,40,0.3137254901960784,neutral
CFHCNYRV,46,33,13,10,79,23,0.5137614678899083,neutral
FFSCIGRN,18,8,6,13,26,19,0.125,neutral
SRLCFGNF,20,17,15,18,37,33,0.05970149253731343,neutral
YCFICFFY,23,23,2,5,46,7,0.5131578947368421,neutral
VLGRGVGY,2,2,0,1,4,1,0.08823529411764706,neutral
YLCCLVRD,34,27,10,11,61,21,0.43956043956043955,neutral
IFLFIVVS,2,4,0,1,6,1,0.1388888888888889,neutral
CCFCFSGG,25,19,8,6,44,14,0.40540540540540543,neutral
FFNCDLGC,15,9,6,4,24,10,0.25925925925925924,neutral
YLFIRDDD,34,28,12,17,62,29,0.358695652173913,neutral
CVICRRLC,31,14,4,6,45,10,0.4666666666666667,neutral
FRCSDVCL,35,20,14,21,55,35,0.23529411764705882,neutral
VLVCGISL,27,22,10,19,49,29,0.25316455696202533,neutral
CVICYCFY,12,4,0,0,16,0,0.34782608695652173,neutral
VIFIRFVD,30,17,4,1,47,5,0.5454545454545454,neutral
YYCIYCVC,13,11,1,0,24,1,0.42592592592592593,neutral
NFFSCLFN,25,11,7,10,36,17,0.2878787878787879,neutral
IFFVYFGR,18,9,0,0,27,0,0.47368421052631576,neutral
CVCYCFCC,53,37,12,11,90,23,0.5583333333333333,neutral
SYFCYRCI,43,25,6,10,68,16,0.5306122448979592,neutral
YVFRRISI,37,22,28,22,59,50,0.10112359550561797,neutral
CCCRCDGS,32,34,10,20,66,30,0.375,neutral
VRGCGDYG,84,73,30,31,157,61,0.5133689839572193,neutral
HFLFFSCG,30,17,13,11,47,24,0.2987012987012987,neutral
HFGFGGFG,30,20,10,13,50,23,0.3375,neutral
FSCGFNCF,44,44,15,23,88,38,0.423728813559322,neutral
FCCVLGVG,32,24,9,17,56,26,0.3488372093023256,neutral
FVHFLCDY,43,29,12,18,72,30,0.4117647058823529,neutral
IHDCYCGC,108,89,39,36,197,75,0.5374449339207048,neutral
DSLILCSD,51,46,33,35,97,68,0.2283464566929134,neutral
CVFRGCYY,59,40,22,14,99,36,0.4883720930232558,neutral
FYLVCICN,30,28,4,7,58,11,0.5340909090909091,neutral
DCDFYDFY,43,30,4,10,73,14,0.5728155339805825,neutral
FIGVNLVC,0,2,1,4,2,5,-0.09375,neutral
CSCCRRGD,2,0,2,1,2,3,-0.03125,neutral
HCSLYCYS,57,44,17,24,101,41,0.4580152671755725,neutral
GCRIIDVC,0,1,3,1,1,4,-0.0967741935483871,neutral
CFVVCCIF,6,0,0,0,6,0,0.16666666666666666,neutral
CIRYDCFY,21,7,10,6,28,16,0.20689655172413793,neutral
FFCFYFSI,7,5,0,1,12,1,0.2619047619047619,neutral
GFVRCNFS,33,20,25,27,53,52,0.012048192771084338,neutral
CYFCVCGV,0,8,0,0,8,0,0.21052631578947367,neutral
RCVVRLDG,38,20,35,30,58,65,-0.07954545454545454,neutral
VCFGFDGH,3,1,3,0,4,3,0.029411764705882353,neutral
FFVIFIRY,7,4,0,1,11,1,0.24390243902439024,neutral
CCGGSSFG,33,20,17,16,53,33,0.24096385542168675,neutral
NVILVFVC,56,52,13,17,108,30,0.5652173913043478,neutral
VFSGCYSG,116,98,42,40,214,82,0.5409836065573771,neutral
LCFYYGCC,38,34,5,9,72,14,0.5686274509803921,neutral
LIFCIVIH,5,5,0,0,10,0,0.25,neutral
CCVGYCIH,31,25,21,12,56,33,0.26744186046511625,neutral
DRLLNFRL,26,17,21,17,43,38,0.0684931506849315,neutral
GLLSINVD,35,36,35,38,71,73,-0.019801980198019802,neutral
FSFNCVIL,59,40,27,13,99,40,0.4573643410852713,neutral
SYGVYSCI,79,70,30,26,149,56,0.5195530726256983,neutral
YCVGSCFV,24,19,8,9,43,17,0.3561643835616438,neutral
IFGHCIGF,31,20,4,18,51,22,0.35802469135802467,neutral
LFRVYFFR,43,24,5,6,67,11,0.5773195876288659,neutral
CCVFGIVD,68,51,28,39,119,67,0.348993288590604,neutral
IIGIVSRF,21,20,9,14,41,23,0.2535211267605634,neutral
DFCLICRL,13,13,3,7,26,10,0.2857142857142857,neutral
LCNFGLLF,11,12,9,7,23,16,0.1320754716981132,neutral
YFRFFHIV,38,27,7,6,65,13,0.5473684210526316,neutral
FDYCCSVG,34,16,10,8,50,18,0.4,neutral
YRFVFIGR,35,21,5,3,56,8,0.5581395348837209,neutral
FINFCHVV,11,10,4,7,21,11,0.19607843137254902,neutral
RVYCCNSG,44,30,19,16,74,35,0.375,neutral
NLLCCYVN,20,13,6,5,33,11,0.3492063492063492,neutral
FDDDDVSI,49,32,17,21,81,38,0.38738738738738737,neutral
LFLCCFLS,19,9,0,1,28,1,0.46551724137931033,neutral
FRLDFCVH,18,22,10,5,40,15,0.35714285714285715,neutral
NFFCRFVY,14,14,1,4,28,5,0.39655172413793105,neutral
VCFVGVVF,25,18,0,2,43,2,0.5616438356164384,neutral
FDFLLNYH,45,34,20,13,79,33,0.42201834862385323,neutral
HIYHNFVV,3,0,0,2,3,2,0.030303030303030304,neutral
FFLCSHFY,24,11,8,9,35,17,0.27692307692307694,neutral
FCGVSFVV,10,6,8,10,16,18,-0.043478260869565216,neutral
LSCSCYLY,28,13,4,6,41,10,0.43661971830985913,neutral
FCCCNNDF,48,35,14,19,83,33,0.4424778761061947,neutral
ICNIIFLC,19,9,2,4,28,6,0.3793103448275862,neutral
CSSYFCHS,20,8,7,13,28,20,0.13793103448275862,neutral
IGVDGNHF,24,11,21,13,35,34,0.015384615384615385,neutral
FVFYDRCS,66,47,36,26,113,62,0.35664335664335667,neutral
CIFLCCNF,21,12,5,3,33,8,0.3968253968253968,neutral
FLYCNGCR,42,32,10,19,74,29,0.4326923076923077,neutral
DVCYGVFV,26,13,6,10,39,16,0.3333333333333333,neutral
FRIRNVID,29,25,33,27,54,60,-0.07142857142857142,neutral
VYYCNSFC,23,10,14,13,33,27,0.09523809523809523,neutral
LDFSGFVC,45,27,13,16,72,29,0.4215686274509804,neutral
FYCCYHVY,48,31,11,6,79,17,0.5688073394495413,neutral
RHYVCGYV,47,30,20,21,77,41,0.3364485981308411,neutral
CRRIISSL,3,2,4,2,5,6,-0.02857142857142857,neutral
IYGFDCFH,40,30,13,9,70,22,0.48,neutral
VIGSFCFN,58,40,23,27,98,50,0.375,neutral
LYYGIVNR,34,23,9,9,57,18,0.4482758620689655,neutral
FYVFSVCY,5,5,1,0,10,1,0.225,neutral
FCCGNVDF,43,29,10,12,72,22,0.49019607843137253,neutral
IVIVISLI,10,5,1,2,15,3,0.26666666666666666,neutral
VRFFGNVR,58,39,24,28,97,52,0.3543307086614173,neutral
VHFHRLFY,35,21,7,8,56,15,0.47674418604651164,neutral
IYICGNCN,31,26,11,14,57,25,0.367816091954023,neutral
FCHRFCDI,25,11,14,8,36,22,0.21212121212121213,neutral
FVRVCYCN,14,6,6,13,20,19,0.02,neutral
IGLFDSIG,5,0,0,2,5,2,0.08571428571428572,neutral
CFYYIFNY,12,4,0,1,16,1,0.32608695652173914,neutral
FFCYVLFY,26,13,0,2,39,2,0.5362318840579711,neutral
FLFSFDCF,36,25,7,22,61,29,0.3516483516483517,neutral
VCSCSSCI,7,9,1,6,16,7,0.1956521739130435,neutral
CSVFGGCC,33,14,9,16,47,25,0.2857142857142857,neutral
RYRGFLDG,35,20,7,16,55,23,0.3764705882352941,neutral
CLVNHCGL,52,36,23,23,88,46,0.3559322033898305,neutral
HCNFCCGN,35,21,11,11,56,22,0.3953488372093023,neutral
NYIGLNLY,30,17,6,11,47,17,0.38961038961038963,neutral
FRYCGICL,22,8,6,9,30,15,0.25,neutral
VFCFVICL,30,16,2,1,46,3,0.5657894736842105,neutral
LSVYHCVR,53,43,19,21,96,40,0.4444444444444444,neutral
LVDIGHFG,43,30,22,22,73,44,0.2815533980582524,neutral
VGSCCDSG,29,21,24,27,50,51,-0.0125,neutral
LDCIYVSH,21,12,7,10,33,17,0.25396825396825395,neutral
CHVYVVNV,23,14,6,9,37,15,0.3283582089552239,neutral
LCRVHFLY,39,21,5,7,60,12,0.5333333333333333,neutral
LCYRYCYC,10,6,0,2,16,2,0.30434782608695654,neutral
CIGGCLYG,13,5,4,4,18,8,0.20833333333333334,neutral
SIDRLVGG,10,7,8,6,17,14,0.06382978723404255,neutral
VFVCVDCY,23,26,10,7,49,17,0.4050632911392405,neutral
LFGFFIRV,18,12,0,0,30,0,0.5,neutral
HHFDVDVF,42,28,19,23,70,42,0.28,neutral
CGIIRRID,19,6,8,18,25,26,-0.01818181818181818,neutral
FFRFFFCY,18,16,0,0,34,0,0.53125,neutral
FDDFIVCG,30,21,16,15,51,31,0.24691358024691357,neutral
FYCHCRFC,31,25,10,8,56,18,0.4418604651162791,neutral
VYISVVCC,23,20,3,3,43,6,0.5068493150684932,neutral
LCSRVGGG,18,15,11,15,33,26,0.1111111111111111,neutral
FGDVGVCL,28,16,12,14,44,26,0.24324324324324326,neutral
FFVDFYLV,25,26,2,3,51,5,0.5679012345679012,neutral
FCIFRICF,26,8,1,0,34,1,0.515625,neutral
CFLVRFFR,12,7,0,0,19,0,0.3877551020408163,neutral
FVVCHDSR,68,50,56,55,118,111,0.0472972972972973,neutral
SFSDCGGG,21,10,12,10,31,22,0.14754098360655737,neutral
NFVCSFVL,40,23,7,11,63,18,0.4838709677419355,neutral
FLCGDYDN,19,27,10,11,46,21,0.32894736842105265,neutral
VRCGNDFH,62,50,39,39,112,78,0.23943661971830985,neutral
YVFCFYYN,21,12,2,2,33,4,0.4603174603174603,neutral
FHCICFHC,5,0,0,0,5,0,0.14285714285714285,neutral
FCFFRLRI,15,6,0,0,21,0,0.4117647058823529,neutral
FGCGCYLV,33,26,7,12,59,19,0.449438202247191,neutral
FFDFDRIH,14,9,6,8,23,14,0.16981132075471697,neutral
GCCFYFGG,32,14,8,17,46,25,0.27631578947368424,neutral
CYVFDYNG,5,2,3,0,7,3,0.10810810810810811,neutral
CSGRCGYC,39,23,8,6,62,14,0.5217391304347826,neutral
ILCLNYIH,34,29,4,8,63,12,0.5483870967741935,neutral
FCRDICHG,28,20,22,23,48,45,0.038461538461538464,neutral
DFCYFLCF,25,11,0,0,36,0,0.5454545454545454,neutral
LCIHNYVS,5,2,6,3,7,9,-0.05405405405405406,neutral
IDGLCGIF,49,30,23,20,79,43,0.3302752293577982,neutral
FCCIDFSV,32,21,15,13,53,28,0.30120481927710846,neutral
YGNHDIIG,46,29,27,25,75,52,0.21904761904761905,neutral
FYGLLSLR,31,12,11,12,43,23,0.273972602739726,neutral
FCYGVLVF,23,24,2,4,47,6,0.5324675324675324,neutral
RFCSGCFL,22,10,2,5,32,7,0.4032258064516129,neutral
CFRFVCRD,38,26,13,27,64,40,0.2553191489361702,neutral
FRLIFCVV,6,0,0,0,6,0,0.16666666666666666,neutral
YSSNYSNY,22,21,4,6,43,10,0.4520547945205479,neutral
CVCICNGR,86,71,22,37,157,59,0.5240641711229946,neutral
DYYLHDSL,10,8,3,6,18,9,0.1875,neutral
LSLFCRYI,46,38,15,13,84,28,0.49122807017543857,neutral
FRYCGIYY,48,37,18,23,85,41,0.3826086956521739,neutral
LLDCNFCC,52,35,20,21,87,41,0.39316239316239315,neutral
FDLCFYSG,53,40,21,28,93,49,0.35772357723577236,neutral
LFYCVLIN,32,14,2,5,46,7,0.5131578947368421,neutral
FFFLCGGY,7,4,1,1,11,2,0.21951219512195122,neutral
NIFGGCVC,30,22,13,13,52,26,0.3170731707317073,neutral
VSSYDFVF,33,31,12,14,64,26,0.40425531914893614,neutral
CHFCFIGS,25,14,5,8,39,13,0.37681159420289856,neutral
LHGVNGYH,7,6,6,8,13,14,-0.023255813953488372,neutral
SYGLNGIF,30,15,7,4,45,11,0.4533333333333333,neutral
YFSNSSCV,33,20,15,13,53,28,0.30120481927710846,neutral
GCCVILIS,6,2,0,0,8,0,0.21052631578947367,neutral
FNVVIVYV,3,4,1,2,7,3,0.10810810810810811,neutral
IFGFYSVH,16,9,6,6,25,12,0.23636363636363636,neutral
YVCGNCSV,38,25,20,29,63,49,0.15053763440860216,neutral
DFCVRDYI,42,26,6,10,68,16,0.5306122448979592,neutral
VHFCVVNR,36,23,16,12,59,28,0.34831460674157305,neutral
VYLFFSVL,25,22,3,1,47,4,0.5584415584415584,neutral
SRFNDCCY,18,14,7,7,32,14,0.2903225806451613,neutral
GHCFVILV,2,4,3,3,6,6,0,neutral
CYNYCVLC,26,15,2,6,41,8,0.4647887323943662,neutral
FICGSHNH,14,2,3,0,16,3,0.2826086956521739,neutral
CVSFFVFF,19,15,2,1,34,3,0.484375,neutral
VRYLGDLL,8,2,1,1,10,2,0.2,neutral
IFSYLVHR,20,10,7,9,30,16,0.23333333333333334,neutral
SYCVFCFD,23,13,8,4,36,12,0.36363636363636365,neutral
IYLYSDFH,24,20,5,4,44,9,0.47297297297297297,neutral
YFRIHLFY,25,17,1,0,42,1,0.5694444444444444,neutral
HCVCGSSC,1,3,0,1,4,1,0.08823529411764706,neutral
SCDNVFCL,53,37,13,20,90,33,0.475,neutral
GGRFCIIC,6,1,1,2,7,3,0.10810810810810811,neutral
FFNFRFFI,20,17,1,0,37,1,0.5373134328358209,neutral
FLGDCDIN,56,49,16,30,105,46,0.43703703703703706,neutral
ICSCCVRC,11,4,3,2,15,5,0.2222222222222222,neutral
YYCYIHGI,33,16,3,10,49,13,0.45569620253164556,neutral
FRVISSGY,35,23,5,8,58,13,0.5113636363636364,neutral
CDYCHYRI,53,47,11,14,100,25,0.5769230769230769,neutral
FDGGVRFC,10,11,8,3,21,11,0.19607843137254902,neutral
CIVISDIS,1,1,2,1,2,3,-0.03125,neutral
SYYGRYFY,15,8,6,8,23,14,0.16981132075471697,neutral
GRLSYCCC,41,23,15,10,64,25,0.4148936170212766,neutral
YIYGHFCL,34,22,15,26,56,41,0.1744186046511628,neutral
FLLGCYRD,18,17,4,5,35,9,0.4,neutral
CYGLSGIF,22,4,7,11,26,18,0.14285714285714285,neutral
SHLLFHSL,14,9,6,3,23,9,0.2641509433962264,neutral
NYHGDFIL,7,1,3,3,8,6,0.05263157894736842,neutral
LFFRISRC,20,18,6,10,38,16,0.3235294117647059,neutral
YCHIVVDD,7,7,1,7,14,8,0.13636363636363635,neutral
FCFFSFYF,6,4,0,0,10,0,0.25,neutral
LRRIGRVR,44,47,26,31,91,57,0.2809917355371901,neutral
CIRGLHGG,35,20,16,19,55,35,0.23529411764705882,neutral
NCFCVRYF,28,26,3,9,54,12,0.5,neutral
FNGHVGVL,23,14,23,18,37,41,-0.05970149253731343,neutral
YCGRVGCL,2,2,0,1,4,1,0.08823529411764706,neutral
IICIVRIV,15,7,1,1,22,2,0.38461538461538464,neutral
CSFLFYFR,10,4,0,0,14,0,0.3181818181818182,neutral
VCGSFNSF,38,23,19,17,61,36,0.27472527472527475,neutral
CDISYGDF,37,22,13,15,59,28,0.34831460674157305,neutral
YCYFLSVF,12,11,1,2,23,3,0.37735849056603776,neutral
GYVCLFVF,16,7,2,3,23,5,0.33962264150943394,neutral
YNCILCCS,47,32,13,13,79,26,0.48623853211009177,neutral
FCIHLVYS,27,14,8,13,41,21,0.28169014084507044,neutral
DIVGSFDI,33,18,22,14,51,36,0.18518518518518517,neutral
IYNCIVSC,44,36,28,29,80,57,0.20909090909090908,neutral
DNVLLCYV,42,25,16,8,67,24,0.44329896907216493,neutral
LYCFCFCR,23,9,3,0,32,3,0.46774193548387094,neutral
FGHCVCRD,27,15,9,16,42,25,0.2361111111111111,neutral
VVLVDVSV,60,42,41,47,102,88,0.10606060606060606,neutral
FFRVFFIC,37,19,2,6,56,8,0.5581395348837209,neutral
LFGHFLVS,42,38,27,43,80,70,0.09090909090909091,neutral
IFVGIFRV,22,10,2,2,32,4,0.45161290322580644,neutral
CSCHCSVG,26,8,7,9,34,16,0.28125,neutral
FVCFYDYN,18,14,6,3,32,9,0.3709677419354839,neutral
NVRFFNGF,58,48,20,21,106,41,0.47794117647058826,neutral
FIDCGCCF,9,2,2,1,11,3,0.1951219512195122,neutral
VCLFCCDY,39,22,7,6,61,13,0.5274725274725275,neutral
CDGGFFYG,34,18,13,9,52,22,0.36585365853658536,neutral
FVYLCSLY,20,11,1,5,31,6,0.4098360655737705,neutral
IVHVDIVG,18,12,16,11,30,27,0.05,neutral
FGGCIFCC,33,14,6,4,47,10,0.4805194805194805,neutral
GCFRLFDI,31,17,15,4,48,19,0.3717948717948718,neutral
YCFLDRHC,20,19,6,12,39,18,0.30434782608695654,neutral
INHLFLVG,45,26,45,36,71,81,-0.09900990099009901,neutral
DRIRFCDC,22,22,18,29,44,47,-0.04054054054054054,neutral
VFLCFGVC,26,15,2,2,41,4,0.5211267605633803,neutral
GFVCVVGF,26,10,5,5,36,10,0.3939393939393939,neutral
YCSCSVLL,62,50,17,24,112,41,0.5,neutral
FRFIYFVR,32,18,0,4,50,4,0.575,neutral
NIVCLFHF,25,19,4,2,44,6,0.5135135135135135,neutral
IIGSNGVR,31,19,22,23,50,45,0.0625,neutral
SNFCLHVI,34,16,9,12,50,21,0.3625,neutral
VILDYVCC,18,21,8,10,39,18,0.30434782608695654,neutral
LRGFIDLY,54,36,18,14,90,32,0.48333333333333334,neutral
CDFNGYYL,45,32,20,18,77,38,0.3644859813084112,neutral
VCDGCIII,4,0,1,0,4,1,0.08823529411764706,neutral
IDIGSNCY,21,8,5,6,29,11,0.3050847457627119,neutral
CFYDRVCL,49,31,21,32,80,53,0.24545454545454545,neutral
IIICICYR,6,3,0,2,9,2,0.1794871794871795,neutral
SNHVRFGY,23,16,12,14,39,26,0.18840579710144928,neutral
SYCLHFRH,28,19,9,3,47,12,0.45454545454545453,neutral
DLYRYNYN,17,10,2,1,27,3,0.42105263157894735,neutral
HNCYHYVF,27,21,11,9,48,20,0.358974358974359,neutral
CSYVCCFG,12,8,2,3,20,5,0.3,neutral
CVYIDFYF,5,3,0,0,8,0,0.21052631578947367,neutral
CVRCFVDC,90,75,25,31,165,56,0.558974358974359,neutral
HFCHSSSY,11,11,2,5,22,7,0.28846153846153844,neutral
SSRILCDV,69,54,53,55,123,108,0.09803921568627451,neutral
CNIVCNCF,66,52,25,28,118,53,0.4391891891891892,neutral
VRYYGNFR,38,24,2,8,62,10,0.5652173913043478,neutral
VCNDRNYY,3,3,0,1,6,1,0.1388888888888889,neutral
SVIFFVCV,6,5,0,0,11,0,0.2682926829268293,neutral
VSFCCCYH,39,22,21,19,61,40,0.23076923076923078,neutral
DHIDDNFR,43,30,20,25,73,45,0.27184466019417475,neutral
YGHCFILN,3,4,0,2,7,2,0.13513513513513514,neutral
YCRCFVVV,46,29,7,8,75,15,0.5714285714285714,neutral
NDVSDFCL,24,23,11,9,47,20,0.35064935064935066,neutral
CFIVRFRS,21,10,3,1,31,4,0.4426229508196721,neutral
DICFYIFH,26,13,3,5,39,8,0.4492753623188406,neutral
RFGVCYFD,47,41,26,25,88,51,0.3135593220338983,neutral
VRCRNCFC,34,34,10,16,68,26,0.42857142857142855,neutral
VHVLFDVL,20,17,7,9,37,16,0.31343283582089554,neutral
FGGHCCNL,35,27,16,17,62,33,0.31521739130434784,neutral
FGCYYVCG,67,50,35,24,117,59,0.3945578231292517,neutral
CVIGRLFV,40,23,26,27,63,53,0.10752688172043011,neutral
IYSLGVGC,24,15,14,13,39,27,0.17391304347826086,neutral
GLRNCYIN,44,25,42,35,69,77,-0.08080808080808081,neutral
CDGVSLFV,33,23,15,17,56,32,0.27906976744186046,neutral
IDFFGHFD,63,53,21,24,116,45,0.4863013698630137,neutral
VICNHNFR,42,30,23,15,72,38,0.3333333333333333,neutral
LLFNYGVS,38,27,24,21,65,45,0.21052631578947367,neutral
RIRINDHV,33,27,20,24,60,44,0.17777777777777778,neutral
FCVVNFNF,20,6,4,3,26,7,0.3392857142857143,neutral
IHGHYFVR,23,18,4,3,41,7,0.4788732394366197,neutral
FCISCHVR,46,32,12,17,78,29,0.4537037037037037,neutral
CLLCLGFS,25,26,7,10,51,17,0.41975308641975306,neutral
SCICLVRH,36,21,7,16,57,23,0.39080459770114945,neutral
ICIISGYD,14,5,6,8,19,14,0.10204081632653061,neutral
CCFRCFNL,24,12,1,7,36,8,0.42424242424242425,neutral
ICFYFYHN,18,12,2,1,30,3,0.45,neutral
DYRFRLYL,24,11,3,4,35,7,0.4307692307692308,neutral
VFCYDLFS,36,21,9,8,57,17,0.45977011494252873,neutral
RFVVYHIV,28,13,2,2,41,4,0.5211267605633803,neutral
LCHLSIHG,15,10,15,9,25,24,0.01818181818181818,neutral
SCGFCFRL,23,10,5,7,33,12,0.3333333333333333,neutral
LYNVDRGC,48,40,47,52,88,99,-0.09322033898305085,neutral
CFCDLCGC,36,18,5,4,54,9,0.5357142857142857,neutral
FGVGGGGY,28,9,7,13,37,20,0.2537313432835821,neutral
IVYRVFSC,17,15,6,3,32,9,0.3709677419354839,neutral
FYCVFNIS,60,45,20,19,105,39,0.4888888888888889,neutral
VFCDGVRF,45,31,10,17,76,27,0.46226415094339623,neutral
FCFYDIYC,9,7,0,5,16,5,0.2391304347826087,neutral
FNCLCCVL,29,12,4,6,41,10,0.43661971830985913,neutral
CIISYRFC,61,44,10,19,105,29,0.562962962962963,neutral
CCGIINID,31,24,19,23,55,42,0.15294117647058825,neutral
CDCFLGNC,17,13,7,5,30,12,0.3,neutral
CFVVFRVV,23,14,1,0,37,1,0.5373134328358209,neutral
RHCCRCGS,69,56,31,26,125,57,0.43870967741935485,neutral
GFRFRILG,39,24,36,26,63,62,0.010752688172043012,neutral
SGFYYCDV,15,8,1,6,23,7,0.3018867924528302,neutral
CYGFYRLV,46,31,18,16,77,34,0.40186915887850466,neutral
FCYFSFHL,30,15,3,2,45,5,0.5333333333333333,neutral
FNYFCLRC,27,18,6,6,45,12,0.44,neutral
HRLFDGVL,18,16,18,17,34,35,-0.015625,neutral
SICFVNVR,1,0,3,1,1,4,-0.0967741935483871,neutral
FCVLSCIV,17,11,7,8,28,15,0.22413793103448276,neutral
FCCHRIFI,51,34,12,9,85,21,0.5565217391304348,neutral
NCGLYNCC,15,8,6,4,23,10,0.24528301886792453,neutral
CYFCSGIG,22,14,11,13,36,24,0.18181818181818182,neutral
CNDVSFRH,24,12,13,18,36,31,0.07575757575757576,neutral
CFFGCDGS,43,27,30,31,70,61,0.09,neutral
YNYVGVCH,31,21,15,6,52,21,0.3780487804878049,neutral
GCHCGDLG,57,44,19,20,101,39,0.4732824427480916,neutral
YCSFDFRI,26,18,6,7,44,13,0.4189189189189189,neutral
CCGFRVGS,29,11,24,21,40,45,-0.07142857142857142,neutral
LRIRHGHV,7,5,8,6,12,14,-0.047619047619047616,neutral
FIDGGGGF,58,39,17,24,97,41,0.4409448818897638,neutral
DIRCGLCY,10,5,3,3,15,6,0.2,neutral
YGRCGYSL,17,16,16,17,33,33,0,neutral
YIFCYYCF,10,2,0,1,12,1,0.2619047619047619,neutral
NCHGRVSN,35,23,20,39,58,59,-0.011363636363636364,neutral
LSSSGIFD,26,9,5,12,35,17,0.27692307692307694,neutral
CCCGYCGR,19,11,1,5,30,6,0.4,neutral
YFRHVVLC,45,26,10,9,71,19,0.5148514851485149,neutral
CCCVFGDF,24,12,6,3,36,9,0.4090909090909091,neutral
DHLYVFLR,44,29,13,16,73,29,0.42718446601941745,neutral
IHGRYGLL,58,45,41,31,103,72,0.23308270676691728,neutral
CCIFDCGG,0,2,1,2,2,3,-0.03125,neutral
VFGCCGVL,27,22,17,18,49,35,0.17721518987341772,neutral
SVIFVCYD,8,3,0,3,11,3,0.1951219512195122,neutral
LSLFVSYD,10,4,0,1,14,1,0.29545454545454547,neutral
DNLIIICV,25,18,1,2,43,3,0.547945205479452,neutral
YFSCFSVG,20,19,16,12,39,28,0.15942028985507245,neutral
NYSLGDDC,45,27,25,24,72,49,0.22549019607843138,neutral
FVFVLVFI,16,17,1,2,33,3,0.47619047619047616,neutral
LGGIDCIL,1,0,3,1,1,4,-0.0967741935483871,neutral
SVCGIYLG,1,1,2,1,2,3,-0.03125,neutral
INHNNVVN,43,34,43,47,77,90,-0.12149532710280374,neutral
FYVFDGLY,48,29,20,16,77,36,0.38317757009345793,neutral
VDDYGGLS,24,22,5,20,46,25,0.27631578947368424,neutral
YHDCVRCF,30,15,8,4,45,12,0.44,neutral
RFVFHCRL,4,4,1,2,8,3,0.13157894736842105,neutral
FDSVYYRF,12,4,2,5,16,7,0.1956521739130435,neutral
DLDFCCVS,10,3,5,8,13,13,0,neutral
LFCVVLLC,30,20,3,5,50,8,0.525,neutral
IFFGFVSC,25,25,7,8,50,15,0.4375,neutral
SCRFHCHH,25,20,12,19,45,31,0.18666666666666668,neutral
FNRGFYFC,51,34,17,20,85,37,0.41739130434782606,neutral
SSFFFVRY,32,20,7,3,52,10,0.5121951219512195,neutral
YSHVCIIH,9,5,1,2,14,3,0.25,neutral
CIFRFLLR,25,12,0,0,37,0,0.5522388059701493,neutral
CFHLHNSR,42,25,35,36,67,71,-0.041237113402061855,neutral
HFVFCGGC,7,2,3,2,9,5,0.10256410256410256,neutral
CVFDRGCC,22,25,25,9,47,34,0.16883116883116883,neutral
FGDCVFRL,28,15,8,14,43,22,0.2876712328767123,neutral
DVNVGGCD,74,57,63,64,131,127,0.024844720496894408,neutral
GIDFLGRC,20,8,10,12,28,22,0.10344827586206896,neutral
NDYFCYCH,19,10,15,7,29,22,0.11864406779661017,neutral
FFFHIFRG,3,4,0,0,7,0,0.1891891891891892,neutral
VCDFFRLF,30,17,2,1,47,3,0.5714285714285714,neutral
VFCFYDHD,56,41,23,23,97,46,0.4015748031496063,neutral
IHFFSFIV,11,9,0,0,20,0,0.4,neutral
YFNRDCCC,32,18,9,15,50,24,0.325,neutral
FVCFIYFC,27,9,1,0,36,1,0.5303030303030303,neutral
YNFFLFVD,51,37,26,25,88,51,0.3135593220338983,neutral
FCFCFFCV,40,21,4,6,61,10,0.5604395604395604,neutral
DFICFGDC,58,51,30,33,109,63,0.33093525179856115,neutral
SISDDFLI,50,34,35,28,84,63,0.18421052631578946,neutral
LFVFDCGC,39,29,13,24,68,37,0.3163265306122449,neutral
ICDFINCD,51,37,9,13,88,22,0.559322033898305,neutral
RCVCVLLD,32,14,10,4,46,14,0.42105263157894735,neutral
CCGGCGFS,43,27,13,24,70,37,0.33,neutral
FCCIIRYH,17,10,0,1,27,1,0.45614035087719296,neutral
DSCLNVYH,41,29,13,23,70,36,0.34,neutral
FLYSCIVH,30,12,18,15,42,33,0.125,neutral
IFSDFLRL,36,25,19,27,61,46,0.16483516483516483,neutral
HRDFVCCL,35,37,18,25,72,43,0.28431372549019607,neutral
VCVCCICL,18,8,1,3,26,4,0.39285714285714285,neutral
ILCLDVVV,14,4,10,6,18,16,0.041666666666666664,neutral
VFLFFFIR,13,10,0,1,23,1,0.41509433962264153,neutral
RCFGLCSY,10,8,8,11,18,19,-0.020833333333333332,neutral
FRLDYSFF,35,27,10,20,62,30,0.34782608695652173,neutral
CCFFFFHY,25,12,2,7,37,9,0.417910447761194,neutral
FLRHHGHF,46,28,13,10,74,23,0.49038461538461536,neutral
FFCFCCFV,4,4,0,0,8,0,0.21052631578947367,neutral
FNLVCLGG,37,29,14,8,66,22,0.4583333333333333,neutral
CYFYFIFV,15,8,0,1,23,1,0.41509433962264153,neutral
LSCVGVCN,36,25,30,29,61,59,0.02197802197802198,neutral
GLVRCFHN,41,23,27,29,64,56,0.0851063829787234,neutral
FCINYVVG,30,27,16,18,57,34,0.26436781609195403,neutral
ILNCNYVR,20,11,14,14,31,28,0.04918032786885246,neutral
RNDGCFFV,32,18,13,12,50,25,0.3125,neutral
YYVRCGDV,10,8,2,2,18,4,0.2916666666666667,neutral
CHSLCVYH,23,10,3,1,33,4,0.4603174603174603,neutral
FFVRFDCC,36,25,9,6,61,15,0.5054945054945055,neutral
VCGNFCIN,9,10,3,9,19,12,0.14285714285714285,neutral
CNVDFYDG,27,8,10,8,35,18,0.26153846153846155,neutral
FFGDDCCS,0,1,1,3,1,4,-0.0967741935483871,neutral
ISCGFIDY,39,21,13,10,60,23,0.4111111111111111,neutral
GFIVFCGS,45,30,18,17,75,35,0.38095238095238093,neutral
RFDFLVFD,25,17,4,4,42,8,0.4722222222222222,neutral
VCGCGCGH,72,64,21,21,136,42,0.5662650602409639,neutral
IFSYGLYS,147,134,66,63,281,129,0.4887459807073955,neutral
CSVCCFVC,14,16,0,2,30,2,0.4666666666666667,neutral
VLDCFYVF,43,30,14,14,73,28,0.4368932038834951,neutral
CCFGGYGV,39,26,25,22,65,47,0.18947368421052632,neutral
CVFVSCCN,29,14,3,12,43,15,0.3835616438356164,neutral
RFVHSCFY,71,53,27,12,124,39,0.551948051948052,neutral
CLGIFCYG,15,5,6,3,20,9,0.22,neutral
FVDFDDLC,28,17,12,8,45,20,0.3333333333333333,neutral
GLVSLDHV,16,10,8,16,26,24,0.03571428571428571,neutral
FFLFIYVR,21,6,1,1,27,2,0.43859649122807015,neutral
FCCSNYGF,45,43,16,21,88,37,0.4322033898305085,neutral
VFGCFVVC,11,4,3,1,15,4,0.24444444444444444,neutral
GYCVSYDD,39,35,15,14,74,29,0.4326923076923077,neutral
CYSFFSCN,22,17,10,12,39,22,0.2463768115942029,neutral
LGYYISVC,42,26,12,11,68,23,0.45918367346938777,neutral
GGFSVVFF,51,33,8,12,84,20,0.5614035087719298,neutral
LVYCFDVS,16,5,2,9,21,11,0.19607843137254902,neutral
DDFCCGCV,41,34,20,22,75,42,0.3142857142857143,neutral
CDHIIVRC,11,9,11,15,20,26,-0.12,neutral
CFCCICNI,22,12,1,4,34,5,0.453125,neutral
YCLRVLHF,5,2,6,4,7,10,-0.08108108108108109,neutral
LFGDCSYC,19,9,3,2,28,5,0.39655172413793105,neutral
SVYCVIFF,21,6,1,0,27,1,0.45614035087719296,neutral
FFCNCVLL,48,35,9,9,83,18,0.5752212389380531,neutral
NCYDFGHF,37,20,11,13,57,24,0.3793103448275862,neutral
FLCLVVYF,20,7,0,0,27,0,0.47368421052631576,neutral
YGIGSSLG,45,38,26,32,83,58,0.22123893805309736,neutral
IGYCLGDG,27,20,13,15,47,28,0.24675324675324675,neutral
FCDGCVYS,25,19,5,6,44,11,0.44594594594594594,neutral
RGGRHSVH,22,12,21,17,34,38,-0.0625,neutral
LFSSNDGH,56,37,54,47,93,101,-0.06504065040650407,neutral
RDFDIVRN,14,9,10,10,23,20,0.05660377358490566,neutral
CFVRGIYF,7,14,3,1,21,4,0.3333333333333333,neutral
FCGCFVDG,48,36,19,31,84,50,0.2982456140350877,neutral
YDRRFNLV,3,0,1,1,3,2,0.030303030303030304,neutral
CYVHNVFV,25,15,7,6,40,13,0.38571428571428573,neutral
CFDHCVCF,52,34,10,17,86,27,0.5086206896551724,neutral
VYLCFLCV,3,4,2,3,7,5,0.05405405405405406,neutral
CICHSGCS,35,30,8,10,65,18,0.49473684210526314,neutral
FVCIVFNV,19,9,1,0,28,1,0.46551724137931033,neutral
NIDVRHGY,18,5,12,8,23,20,0.05660377358490566,neutral
CVRFFRCI,13,6,5,8,19,13,0.12244897959183673,neutral
VFFCHLLC,29,11,4,4,40,8,0.45714285714285713,neutral
CVGIRGLF,6,8,5,4,14,9,0.11363636363636363,neutral
IFVSNSHG,36,22,20,21,58,41,0.19318181818181818,neutral
FYLYFICF,22,7,0,1,29,1,0.4745762711864407,neutral
NFLLVVYV,42,32,7,8,74,15,0.5673076923076923,neutral
FYLFVIFS,6,1,0,1,7,1,0.16216216216216217,neutral
CCVFFYVS,6,6,2,1,12,3,0.21428571428571427,neutral
CGYRCCYC,22,7,2,6,29,8,0.3559322033898305,neutral
RDVCSYGC,6,2,3,4,8,7,0.02631578947368421,neutral
HIHCFFDL,33,20,26,23,53,49,0.04819277108433735,neutral
DNVCYYVC,14,16,2,13,30,15,0.25,neutral
YCHSNGCG,42,28,19,26,70,45,0.25,neutral
YCFFYYCV,26,20,2,3,46,5,0.5394736842105263,neutral
CVFDGLVC,28,21,15,17,49,32,0.21518987341772153,neutral
YSFRSLFC,32,21,17,23,53,40,0.1566265060240964,neutral
RCLNVYGR,2,5,0,0,7,0,0.1891891891891892,neutral
YSCLYVIY,29,15,1,4,44,5,0.527027027027027,neutral
IIGCGLLC,32,16,22,22,48,44,0.05128205128205128,neutral
VCVHNGYF,26,16,2,4,42,6,0.5,neutral
GYCSCCYV,46,33,11,14,79,25,0.4954128440366973,neutral
VCNFSFGI,36,21,24,33,57,57,0,neutral
DDDLYCFD,61,42,24,21,103,45,0.43609022556390975,neutral
GVFIYCYL,36,18,4,3,54,7,0.5595238095238095,neutral
LFDLFGYG,39,31,18,14,70,32,0.38,neutral
CRGLHLNY,0,3,1,3,3,4,-0.030303030303030304,neutral
YCLDHIDS,18,14,4,11,32,15,0.27419354838709675,neutral
CINYFFCR,24,10,6,8,34,14,0.3125,neutral
SGVVVDDY,36,19,25,22,55,47,0.09411764705882353,neutral
FFYLDFGG,62,44,29,20,106,49,0.41911764705882354,neutral
FLFFFISH,6,4,1,0,10,1,0.225,neutral
NLLDCRIV,31,18,24,23,49,47,0.02531645569620253,neutral
LYCFCVDC,8,3,1,2,11,3,0.1951219512195122,neutral
RICVFVCY,19,4,0,1,23,1,0.41509433962264153,neutral
SYVSRHLC,32,17,19,12,49,31,0.22784810126582278,neutral
VDGYFGVG,56,40,19,26,96,45,0.40476190476190477,neutral
FNNVGRSY,77,61,50,38,138,88,0.2976190476190476,neutral
YVHFCFYF,27,19,0,3,46,3,0.5657894736842105,neutral
SILCYSYG,32,28,35,21,60,56,0.044444444444444446,neutral
CFYYNVDI,37,28,18,13,65,31,0.35789473684210527,neutral
CHCCRYNV,0,14,4,3,14,7,0.1590909090909091,neutral
VYLFSYLN,3,1,0,1,4,1,0.08823529411764706,neutral
SVRGLCVS,27,10,17,23,37,40,-0.04477611940298507,neutral
SSCCYDSG,37,25,12,15,62,27,0.3804347826086957,neutral
FGDYSRLG,84,66,33,40,150,73,0.42777777777777776,neutral
ICCCFYGL,65,47,16,15,112,31,0.5704225352112676,neutral
LCVLLVVS,23,8,1,1,31,2,0.47540983606557374,neutral
HNGGSIVF,37,20,27,38,57,65,-0.09195402298850575,neutral
FCILNVSV,24,10,9,12,34,21,0.203125,neutral
FYLLIVRR,24,17,0,2,41,2,0.5492957746478874,neutral
YFGDGVLG,47,35,17,17,82,34,0.42857142857142855,neutral
NNHYDHSC,33,17,26,28,50,54,-0.05,neutral
FFIVYHYG,19,17,3,9,36,12,0.36363636363636365,neutral
VFCGCFYL,18,7,6,8,25,14,0.2,neutral
GVYVYVRL,24,16,0,0,40,0,0.5714285714285714,neutral
VFLSIFIN,17,14,0,1,31,1,0.4918032786885246,neutral
YVCLCSYL,22,3,5,4,25,9,0.2909090909090909,neutral
FICIRICG,3,2,0,0,5,0,0.14285714285714285,neutral
CHISGFIC,26,13,14,24,39,38,0.014492753623188406,neutral
LLLRSCIL,36,26,17,5,62,22,0.43478260869565216,neutral
FDVFIFIC,44,30,6,8,74,14,0.5769230769230769,neutral
VFSHINGY,22,12,4,6,34,10,0.375,neutral
YDRDLIGR,22,9,14,14,31,28,0.04918032786885246,neutral
ICGVRFLL,40,26,6,12,66,18,0.5,neutral
FFYSVYFI,5,8,1,1,13,2,0.2558139534883721,neutral
FDYCCHCG,21,10,1,6,31,7,0.39344262295081966,neutral
FRGHDCYN,39,26,24,25,65,49,0.16842105263157894,neutral
LVLCNFSG,43,35,28,28,78,56,0.2037037037037037,neutral
FFCFIVLV,20,14,9,11,34,20,0.21875,neutral
GFGNRSVF,34,16,22,25,50,47,0.0375,neutral
CDFRDNSH,2,1,2,0,3,2,0.030303030303030304,neutral
YSGGFRSV,15,13,15,20,28,35,-0.1206896551724138,neutral
CVFYVDGC,44,36,22,31,80,53,0.24545454545454545,neutral
IVVYYHIH,13,9,1,3,22,4,0.34615384615384615,neutral
CVYCCGIC,39,23,4,8,62,12,0.5434782608695652,neutral
DFYHGFGC,24,20,10,10,44,20,0.32432432432432434,neutral
FSCGLCRF,32,21,11,10,53,21,0.3855421686746988,neutral
IIVLFCCF,24,10,3,1,34,4,0.46875,neutral
VCHFYVSV,23,11,18,13,34,31,0.046875,neutral
RSSGVDSG,9,7,4,1,16,5,0.2391304347826087,neutral
VIFRDSSY,39,28,13,10,67,23,0.4536082474226804,neutral
SCCFCRFR,17,10,6,5,27,11,0.2807017543859649,neutral
IVLCVIRS,33,26,6,5,59,11,0.5393258426966292,neutral
FCIHCCVG,15,6,1,3,21,4,0.3333333333333333,neutral
YHFVHFDY,39,23,10,8,62,18,0.4782608695652174,neutral
YDNFIFGV,1,0,2,3,1,5,-0.12903225806451613,neutral
VIYRIFFY,16,17,2,0,33,2,0.49206349206349204,neutral
SCDFSYCY,12,1,2,3,13,5,0.18604651162790697,neutral
VCHCDCCL,12,10,6,7,22,13,0.17307692307692307,neutral
CYLCFGGR,26,15,5,11,41,16,0.352112676056338,neutral
FCIHHCHD,17,14,17,8,31,25,0.09836065573770492,neutral
GHRFGYGH,24,12,10,12,36,22,0.21212121212121213,neutral
SSVYCGFS,17,13,6,11,30,17,0.21666666666666667,neutral
CYFYFFRF,28,13,1,1,41,2,0.5492957746478874,neutral
VFSFDGLV,35,19,13,11,54,24,0.35714285714285715,neutral
VLVFNLSI,22,16,10,8,38,18,0.29411764705882354,neutral
IIFHVFFV,18,9,0,0,27,0,0.47368421052631576,neutral
RIHFVLLF,14,8,0,0,22,0,0.4230769230769231,neutral
IVVCIGGD,25,25,24,24,50,48,0.025,neutral
VDNVGGFL,28,21,24,32,49,56,-0.08860759493670886,neutral
LCYFCIDS,24,12,6,4,36,10,0.3939393939393939,neutral
FLIGGNSY,38,20,8,10,58,18,0.45454545454545453,neutral
CFVCGNDG,15,9,7,10,24,17,0.12962962962962962,neutral
YHHVVRSF,24,7,20,15,31,35,-0.06557377049180328,neutral
GSCLVCRR,31,23,14,26,54,40,0.16666666666666666,neutral
IYGGGFFD,49,30,19,22,79,41,0.3486238532110092,neutral
RFFYFLVC,13,6,0,0,19,0,0.3877551020408163,neutral
DHDIDYIS,61,53,44,55,114,99,0.10416666666666667,neutral
VGCCRCVH,4,6,3,1,10,4,0.15,neutral
LRRCCDSC,34,22,13,15,56,28,0.32558139534883723,neutral
IFFRRFCY,30,15,2,4,45,6,0.52,neutral
LCVCVIVF,1,2,2,2,3,4,-0.030303030303030304,neutral
IRYVCNCN,11,11,4,3,22,7,0.28846153846153844,neutral
VCHFYDCS,29,24,15,12,53,27,0.3132530120481928,neutral
LDVFVDCF,46,31,24,30,77,54,0.21495327102803738,neutral
FHGCFYYR,45,37,9,14,82,23,0.5267857142857143,neutral
LYICDVCI,39,25,12,20,64,32,0.3404255319148936,neutral
CHGLFVGF,12,13,7,5,25,12,0.23636363636363636,neutral
YLVSVYFY,21,19,1,0,40,1,0.5571428571428572,neutral
NLGCCCGY,14,10,5,3,24,8,0.2962962962962963,neutral
CYDSGGLG,12,7,5,7,19,12,0.14285714285714285,neutral
CFYSVVNS,46,33,30,24,79,54,0.22935779816513763,neutral
DRRIIIFG,8,4,0,0,12,0,0.2857142857142857,neutral
LCSCHNCN,66,49,24,12,115,36,0.5448275862068965,neutral
IIIFVSDV,5,2,0,1,7,1,0.16216216216216217,neutral
IFGYSGGI,48,36,9,12,84,21,0.5526315789473685,neutral
VLCFYCSV,10,5,2,0,15,2,0.28888888888888886,neutral
VIVCHCFD,11,7,5,4,18,9,0.1875,neutral
FSFFNCCL,38,28,24,25,66,49,0.17708333333333334,neutral
FYRHGYSN,0,3,1,1,3,2,0.030303030303030304,neutral
LLVNRDYV,30,12,14,15,42,29,0.18055555555555555,neutral
VRCCIYIV,19,11,1,3,30,4,0.43333333333333335,neutral
VRVRLRCH,44,26,21,32,70,53,0.17,neutral
VHFCILGI,53,37,12,13,90,25,0.5416666666666666,neutral
CYFSINHI,83,77,26,37,160,63,0.5105263157894737,neutral
DVCYNGSD,38,33,39,45,71,84,-0.12871287128712872,neutral
YFFCCIHF,4,1,0,0,5,0,0.14285714285714285,neutral
DFGRRRFV,1,0,1,4,1,5,-0.12903225806451613,neutral
FIVCFFFC,23,15,3,4,38,7,0.45588235294117646,neutral
RYRLCDCY,18,13,2,9,31,11,0.32786885245901637,neutral
CYFCFILS,25,16,2,2,41,4,0.5211267605633803,neutral
ICGVGLSF,54,37,23,25,91,48,0.35537190082644626,neutral
HFFCGGRL,77,58,45,37,135,82,0.3212121212121212,neutral
RYDYCDYS,13,10,6,1,23,7,0.3018867924528302,neutral
FSISCRGY,44,25,9,13,69,22,0.47474747474747475,neutral
YRCRVCDG,5,4,0,2,9,2,0.1794871794871795,neutral
YNLYLDFI,21,14,1,4,35,5,0.46153846153846156,neutral
CVHFGNVN,14,11,11,12,25,23,0.03636363636363636,neutral
RSHLGCLD,47,38,36,38,85,74,0.09565217391304348,neutral
FFCHYSFL,38,26,9,4,64,13,0.5425531914893617,neutral
CCSLGLHY,54,36,20,10,90,30,0.5,neutral
FNYFFVCF,10,4,0,1,14,1,0.29545454545454547,neutral
IFICLFFG,30,15,3,4,45,7,0.5066666666666667,neutral
LFRYCFDL,19,8,18,13,27,31,-0.07017543859649122,neutral
FFFFFSLH,20,12,1,0,32,1,0.5,neutral
YFCVCYRD,51,32,10,13,83,23,0.5309734513274337,neutral
YCLNGNFV,25,15,5,12,40,17,0.32857142857142857,neutral
YCFYGLRL,57,42,18,20,99,38,0.4728682170542636,neutral
CFCVDCDG,54,37,25,24,91,49,0.34710743801652894,neutral
CLYCLCYF,40,22,9,5,62,14,0.5217391304347826,neutral
GCDCYRNV,22,10,12,9,32,21,0.1774193548387097,neutral
DFILCINS,31,13,18,10,44,28,0.21621621621621623,neutral
NHFLNGFN,10,6,2,3,16,5,0.2391304347826087,neutral
YSLYHLFH,32,25,11,20,57,31,0.2988505747126437,neutral
FFLCLLVV,16,12,1,2,28,3,0.43103448275862066,neutral
IDVVGRCH,0,1,1,3,1,4,-0.0967741935483871,neutral
YCFRCGDY,34,22,6,5,56,11,0.5232558139534884,neutral
ICVFFCFC,35,27,7,3,62,10,0.5652173913043478,neutral
FCRYSVGV,2,2,2,4,4,6,-0.058823529411764705,neutral
FFCFNHHG,18,3,3,3,21,6,0.29411764705882354,neutral
ICGLRCCF,31,14,2,5,45,7,0.5066666666666667,neutral
RVRHVFDG,29,10,19,16,39,35,0.057971014492753624,neutral
CYFRFVGF,20,16,9,6,36,15,0.3181818181818182,neutral
SIYNGIRD,30,25,31,28,55,59,-0.047058823529411764,neutral
FFVFGVSG,1,1,1,2,2,3,-0.03125,neutral
HFRCCHCG,38,21,12,10,59,22,0.4157303370786517,neutral
CHDSLVDS,27,18,25,20,45,45,0,neutral
ICFCCRCL,24,15,3,8,39,11,0.4057971014492754,neutral
YCGGFCFC,16,8,6,6,24,12,0.2222222222222222,neutral
SCCFVICY,1,20,2,3,21,5,0.3137254901960784,neutral
FGFHGFVI,20,14,10,10,34,20,0.21875,neutral
VVDGCLYG,37,31,16,15,68,31,0.37755102040816324,neutral
IISCSGFN,15,7,5,3,22,8,0.2692307692307692,neutral
YCHGFSGG,42,38,16,13,80,29,0.4636363636363636,neutral
VLCLGVGF,1,5,1,4,6,5,0.027777777777777776,neutral
YDRFGYCG,42,24,4,8,66,12,0.5625,neutral
NVYDVRFD,31,21,10,6,52,16,0.43902439024390244,neutral
LFGCVVCS,52,36,54,40,88,94,-0.05084745762711865,neutral
HYGCIGGV,41,31,25,22,72,47,0.24509803921568626,neutral
HHILYCFH,15,3,4,5,18,9,0.1875,neutral
NLRYLGFC,27,20,16,11,47,27,0.2597402597402597,neutral
CSLCGNCI,21,11,6,3,32,9,0.3709677419354839,neutral
LFHIFCFG,16,17,2,2,33,4,0.4603174603174603,neutral
CLFNYGVC,37,22,10,7,59,17,0.47191011235955055,neutral
ILRRRVFN,23,16,18,25,39,43,-0.057971014492753624,neutral
LLHCRDDI,27,22,11,5,49,16,0.4177215189873418,neutral
IVCVNGCG,64,47,43,55,111,98,0.09219858156028368,neutral
CVGGYLGY,47,34,11,16,81,27,0.4864864864864865,neutral
ILHNRGCC,50,48,51,43,98,94,0.03125,neutral
VYFISGCL,20,13,9,10,33,19,0.2222222222222222,neutral
SFVFVVCF,19,7,0,0,26,0,0.4642857142857143,neutral
FFVGLFVC,11,8,1,0,19,1,0.3673469387755102,neutral
YRCVYGYI,24,14,2,9,38,11,0.39705882352941174,neutral
LCGVCNRH,26,11,11,12,37,23,0.208955223880597,neutral
CSFVSGGF,45,37,12,17,82,29,0.4732142857142857,neutral
FCGFSFVV,50,47,27,33,97,60,0.29133858267716534,neutral
FDCNRLDF,6,5,2,2,11,4,0.17073170731707318,neutral
YLIRRCFC,4,1,0,0,5,0,0.14285714285714285,neutral
CCVYCVFS,28,16,4,13,44,17,0.36486486486486486,neutral
VNSVYSGG,22,11,10,14,33,24,0.14285714285714285,neutral
YGDCICDI,27,11,5,12,38,17,0.3088235294117647,neutral
RVYFFIGV,30,16,4,1,46,5,0.5394736842105263,neutral
IFSLVRDY,66,52,18,19,118,37,0.5472972972972973,neutral
VVYFSICS,32,19,6,12,51,18,0.4074074074074074,neutral
CGLVCSCD,43,31,15,17,74,32,0.40384615384615385,neutral
LIYCDICV,6,8,3,2,14,5,0.20454545454545456,neutral
CDFCCFLH,45,32,6,12,77,18,0.5514018691588785,neutral
HYSFRHYH,42,26,13,18,68,31,0.37755102040816324,neutral
NCCVYDFC,15,14,9,5,29,14,0.2542372881355932,neutral
YSSHLLVV,2,3,0,2,5,2,0.08571428571428572,neutral
SSYVRFFS,77,58,31,30,135,61,0.4484848484848485,neutral
ISDYFFSG,74,56,40,34,130,74,0.35,neutral
FCHDYDGL,36,21,9,14,57,23,0.39080459770114945,neutral
CYIYFVFV,31,12,1,4,43,5,0.5205479452054794,neutral
GFINCSCS,7,8,5,11,15,16,-0.022222222222222223,neutral
